0.98475885	0.94753194
0.97913384	0.9389663
0.9815345	0.969454
0.97867185	0.95085114
0.9711306	0.9557506
0.96671623	0.9528689
0.9660162	0.9575829
0.9204365	0.9594702
0.9169857	0.9576753
0.97273695	0.958791
0.9678239	0.9507401
0.96729976	0.96778387
0.9625857	0.97688717
0.95717025	0.95157415
0.9567584	0.91575116
0.95506525	0.9623234
0.9587224	0.97569853
0.9628274	0.9604928
0.96516895	0.97431386
0.965028	0.9534885
0.96044964	0.96790415
0.95940584	0.96513784
0.9641978	0.95201516
0.96673447	0.9671237
0.96428216	0.948963
0.9639143	0.9558026
0.9609435	0.9650977
0.9634581	0.9560007
0.9619322	0.9431405
0.9394443	0.9543998
0.94107175	0.97102934
0.92025524	0.9684537
0.9198095	0.94487447
0.92782474	0.96694195
0.9091032	0.95105445
0.918169	0.9630641
0.9190747	0.9586391
0.9288066	0.9579482
0.93582726	0.95533615
0.9421087	0.95644677
0.94109637	0.9714858
0.9430611	0.9763982
0.9442358	0.98015416
0.9461635	0.96494484
0.94731563	0.94821185
0.93816537	0.9710429
0.93833137	0.96328336
0.92160225	0.9571867
0.9302073	0.97432274
0.94651407	0.9671786
0.9590061	0.9712475
0.9595197	0.9703262
0.94445455	0.9263421
0.93186986	0.9663633
0.9213591	0.9662519
0.92326283	0.9716203
0.92728776	0.9538298
0.91672677	0.9670595
0.9067362	0.97703713
0.914875	0.9623632
0.92395604	0.9630007
0.9497357	0.94835335
0.96160644	0.9500594
0.9723685	0.9756766
0.98088527	0.96163
0.97395515	0.97074705
0.96541613	0.9711497
0.9632326	0.97861654
0.9624737	0.95747423
0.9638971	0.96352726
0.9672683	0.9305801
0.97380966	0.9643276
0.9675014	0.94665265
0.9561393	0.9585328
0.94515616	0.9371253
0.9711909	0.9634992
0.96626383	0.9522222
0.93643755	0.96668583
0.92362064	0.97275746
0.8948879	0.98051083
0.9034983	0.9538913
0.9041829	0.9497512
0.9040528	0.9674424
0.89317	0.98196644
0.89764017	0.9624888
0.9521528	0.95984566
0.95020795	0.96173257
0.9561885	0.9126889
0.9598989	0.95319426
0.9537343	0.9804777
0.9525659	0.9747868
0.9319998	0.9770609
0.91690993	0.9114464
0.92120117	0.97359264
0.9307961	0.9544463
0.94703525	0.96630406
0.9657287	0.96256554
0.96617013	0.9770198
0.964958	0.94498664
0.9632122	0.9598081
0.9637159	0.9586393
0.96400183	0.96721536
0.9638063	0.95744514
0.9649144	0.92749643
0.9634302	0.9430183
0.95941114	0.9579836
0.95751756	0.9746514
0.957638	0.96489024
0.95461595	0.9483567
0.9538605	0.96435606
0.95634174	0.9497253
0.96443635	0.9721235
0.96415	0.9688665
0.96230423	0.97289956
0.96049875	0.96176314
0.9479215	0.95950997
0.9539319	0.946955
0.96033293	0.96207744
0.97282106	0.9736055
0.9790629	0.9516826
0.9697054	0.9633967
0.9654358	0.9593782
0.97121304	0.96396786
0.9767967	0.95802504
0.9209622	0.96287084
0.9138423	0.9470374
0.8775506	0.95351905
0.8824028	0.97219515
0.87853676	0.9431336
0.91647553	0.9698963
0.92248785	0.9686926
0.97641623	0.97144896
0.9771315	0.92448425
0.96472806	0.9561346
0.9663091	0.96566087
0.9634818	0.9593491
0.96555394	0.9741544
0.9858702	0.95696187
0.9865807	0.95050514
0.9860666	0.9770775
0.9856741	0.9659424
0.9833374	0.9541373
0.98208386	0.95244604
0.98053044	0.9552881
0.9793831	0.9518805
0.97947437	0.97002864
0.9819343	0.9737917
0.9776905	0.9473587
0.9756086	0.9695849
0.9676298	0.96774507
0.961233	0.9639585
0.96677077	0.97551316
0.9671276	0.9725174
0.9696351	0.9172794
0.9707299	0.94769436
0.97243464	0.94567174
0.97299725	0.9783777
0.9705723	0.9561382
0.9623328	0.96326095
0.9453759	0.9700977
0.93868494	0.9501399
0.93163127	0.96467996
0.9462205	0.94341713
0.9486243	0.9642072
0.9734303	0.95788085
0.97343546	0.92260396
0.95257634	0.94075733
0.9374644	0.949015
0.93629587	0.9549369
0.9226645	0.95946014
0.9083677	0.9654551
0.90218395	0.9525168
0.8934219	0.9704538
0.8944154	0.9441781
0.904895	0.9644284
0.9153055	0.9376037
0.91540486	0.9667126
0.9115097	0.9586472
0.91545045	0.92478824
0.90428305	0.97357994
0.8992202	0.94262254
0.89027935	0.94978637
0.89029676	0.96549463
0.88612676	0.9613106
0.8919799	0.9670454
0.8850394	0.9813501
0.88127583	0.9471578
0.8754984	0.95235986
0.87879395	0.96723175
0.8832613	0.9104941
0.8786839	0.94263715
0.8780549	0.9527644
0.88107836	0.9398421
0.8801045	0.951578
0.8856856	0.9457297
0.8968915	0.97546536
0.9157735	0.962076
0.9001823	0.9389456
0.90051514	0.94945025
0.90289295	0.94302565
0.8900111	0.9540752
0.8835562	0.95384943
0.895402	0.9459873
0.9189344	0.9487751
0.9452996	0.94934535
0.95613706	0.9799171
0.9682212	0.9356979
0.97716683	0.9711444
0.9659537	0.93782717
0.95718783	0.9686923
0.95492035	0.97201794
0.95504355	0.9692694
0.9546078	0.9466253
0.960243	0.9665297
0.96465325	0.9587483
0.9522986	0.9671483
0.93995076	0.98018146
0.96342075	0.95188504
0.96569854	0.94851595
0.9379615	0.98074096
0.8962269	0.9697498
0.8430429	0.9300824
0.8301507	0.9591191
0.83215016	0.94512254
0.8228266	0.93798035
0.8269545	0.97477984
0.82584035	0.95837784
0.83942103	0.9350781
0.8458593	0.94322246
0.8661382	0.96831185
0.8882339	0.97134256
0.8906343	0.9741655
0.8803352	0.9578499
0.866703	0.9304155
0.85024655	0.9609638
0.8304686	0.9700015
0.8027766	0.9571958
0.83086085	0.9594584
0.8745449	0.9249446
0.903877	0.94634545
0.90793556	0.9451804
0.9070111	0.9772304
0.9064971	0.9552303
0.9131105	0.9403801
0.91564804	0.9674559
0.91500294	0.9634814
0.915725	0.96669024
0.9132559	0.965919
0.91186076	0.9656165
0.91064537	0.9570309
0.9030198	0.96081126
0.90657026	0.9668687
0.89694273	0.9652361
0.9044981	0.9592385
0.9049407	0.9555681
0.90760976	0.9426244
0.8911338	0.9510197
0.85791475	0.96759546
0.84023017	0.9696299
0.8509429	0.9636348
0.858377	0.9622446
0.88021225	0.9579502
0.8930439	0.97262836
0.87457865	0.97938055
0.8676184	0.95263463
0.8850676	0.9781411
0.91649354	0.9755252
0.84405714	0.96031624
0.84418964	0.94240946
0.8569371	0.9446053
0.88375473	0.9372077
0.9228403	0.9581739
0.9285606	0.9462553
0.9305791	0.9680689
0.95944965	0.9532601
0.94802046	0.9401346
0.9347238	0.93854684
0.9149872	0.95976996
0.90097606	0.9670604
0.88545007	0.9641382
0.95252573	0.9554299
0.9236226	0.9601297
0.9211245	0.96356666
0.92553914	0.9556287
0.93222034	0.9597915
0.9380823	0.9494002
0.9194825	0.9656568
0.9067732	0.9416719
0.91916376	0.9534973
0.9376077	0.9673051
0.9427199	0.9480758
0.94306785	0.9746772
0.9219823	0.9627979
0.91025335	0.9773943
0.94825214	0.9565794
0.9514618	0.9595819
0.9396547	0.9796678
0.9362064	0.9455459
0.93733287	0.9668985
0.9394189	0.94753283
0.93921304	0.9520866
0.93896246	0.95434386
0.9401276	0.9726332
0.93495476	0.9679447
0.9174527	0.9485091
0.9077513	0.97037524
0.8989755	0.952512
0.89452046	0.9621851
0.89972353	0.9656644
0.9127549	0.94995373
0.91730964	0.9595927
0.9139197	0.961651
0.91811633	0.953982
0.9081564	0.9697869
0.9001195	0.93131286
0.8909439	0.96147627
0.8921046	0.95382535
0.88246185	0.95574903
0.8797249	0.97020966
0.87768954	0.9085738
0.8761093	0.9607685
0.92706305	0.94491005
0.9401644	0.9745873
0.9366894	0.9714863
0.8905152	0.96040374
0.9149106	0.95397097
0.92409414	0.9618388
0.9284181	0.9597087
0.9399269	0.9637938
0.9477872	0.9452564
0.958209	0.94949687
0.947081	0.9387146
0.91982186	0.95597196
0.90370643	0.9711441
0.90162367	0.9620843
0.9108914	0.97282726
0.87748927	0.96115667
0.88459325	0.9579077
0.9067393	0.9391088
0.9392266	0.9542204
0.96145415	0.95471734
0.97395015	0.972839
0.9690965	0.9531859
0.96820873	0.9567986
0.9703055	0.96204674
0.9749435	0.9561607
0.9724955	0.9703706
0.9681837	0.9757463
0.9726539	0.9722378
0.98088086	0.9744698
0.9779666	0.9548617
0.95930153	0.9398384
0.92079186	0.9624534
0.8955955	0.9686361
0.8734154	0.95649546
0.877029	0.96973544
0.87863076	0.95786285
0.87925124	0.95488566
0.8673226	0.9682793
0.8579232	0.9575714
0.83273584	0.95295584
0.8300419	0.9725713
0.81822115	0.9328566
0.81327385	0.9567926
0.81139094	0.97653246
0.82798207	0.9285748
0.8317554	0.9552613
0.84129333	0.95500135
0.84425795	0.9699981
0.85382795	0.9269155
0.8533277	0.96671355
0.8563442	0.97363883
0.896226	0.96981806
0.90221703	0.96070015
0.8983439	0.9610181
0.8968901	0.97640747
0.8959426	0.9644775
0.88939214	0.9573742
0.89191055	0.9670762
0.8933437	0.9703013
0.89748025	0.96515894
0.8941979	0.9490844
0.89958483	0.9566567
0.8898079	0.9623211
0.8903923	0.9800668
0.9031485	0.946653
0.91026026	0.97053915
0.97187036	0.9252058
0.972124	0.9120294
0.9708316	0.8923177
0.9705377	0.92213064
0.96989226	0.9401797
0.9699045	0.91680497
0.9697557	0.94587487
0.9699049	0.9482128
0.9689976	0.9481266
0.9678552	0.9624062
0.9691607	0.91617763
0.9693466	0.8701606
0.9703473	0.8724743
0.9712752	0.86974967
0.97239995	0.8915466
0.9733748	0.94796336
0.9747886	0.9200679
0.974624	0.9302642
0.97183996	0.9576924
0.9811666	0.9323366
0.98095715	0.8489618
0.9811308	0.948894
0.98043054	0.90299
0.97984034	0.96246046
0.9797608	0.94500834
0.9796853	0.8888734
0.9804585	0.95064175
0.9809005	0.9299421
0.9807838	0.9002779
0.98061806	0.9000221
0.98036057	0.92116237
0.980136	0.95123774
0.9803653	0.8860953
0.9809386	0.8843365
0.9811272	0.9083158
0.98074615	0.94940007
0.9808026	0.88646406
0.9805194	0.9653433
0.97925836	0.9439678
0.977573	0.9301284
0.9768979	0.93243337
0.9731886	0.9240636
0.9693187	0.86935204
0.9678312	0.93704087
0.966394	0.92164063
0.9668792	0.89961433
0.96548325	0.9218752
0.9630741	0.8343736
0.96014047	0.9120749
0.96014047	0.94197106
0.96014047	0.88547385
0.9562781	0.964549
0.9542451	0.93074185
0.9479903	0.9371812
0.9443954	0.94882536
0.9412821	0.95701927
0.93554574	0.88209283
0.93134904	0.91766745
0.92788947	0.91550916
0.9231961	0.85776234
0.92021954	0.8648382
0.9178485	0.9266714
0.91588867	0.89478105
0.91427255	0.9235322
0.9133685	0.9309994
0.91225743	0.9052549
0.91036123	0.96855557
0.90570885	0.9015561
0.90241444	0.94625294
0.8994751	0.9175478
0.8983954	0.93079907
0.89329165	0.895354
0.89065814	0.92554265
0.8896344	0.9610944
0.8894719	0.8941066
0.8875249	0.9275556
0.88456154	0.84906316
0.88252705	0.9571976
0.8817584	0.87767136
0.87767106	0.90689874
0.8742081	0.8849525
0.8736325	0.9151697
0.87498164	0.94009876
0.87696046	0.9541064
0.8728137	0.9427539
0.8731955	0.9199461
0.87298316	0.8837529
0.87430114	0.94783634
0.87403214	0.93958056
0.87592304	0.9496427
0.87656265	0.9311829
0.88059026	0.9118566
0.87597126	0.9442008
0.87520206	0.9333441
0.87521696	0.9406113
0.87950695	0.9302496
0.875519	0.89685327
0.8792615	0.90674776
0.8777524	0.9223666
0.8779938	0.9198482
0.8786486	0.9339072
0.8795712	0.93686664
0.88062036	0.90875804
0.88323075	0.8972618
0.8832943	0.9152071
0.8826102	0.9340216
0.8816426	0.93216467
0.8831922	0.91424775
0.8799828	0.8897721
0.8810774	0.90919715
0.8793789	0.9441625
0.87828785	0.8614895
0.8741929	0.9397776
0.87408423	0.9267171
0.8730137	0.8920035
0.8715262	0.8840337
0.870244	0.9211177
0.86844504	0.87364805
0.8683241	0.90594643
0.8681523	0.94501036
0.8669833	0.93682784
0.86692214	0.933696
0.86998576	0.9408094
0.8698929	0.89811176
0.8695197	0.93135095
0.86732537	0.8555146
0.8629711	0.93585026
0.858517	0.9653793
0.85763454	0.8905012
0.8588591	0.9014938
0.856196	0.91840905
0.8530271	0.92927974
0.851936	0.9188362
0.8492403	0.9488103
0.8464409	0.9270077
0.842996	0.9236925
0.8424305	0.8604397
0.84402573	0.90641075
0.8360493	0.9483739
0.8335626	0.89957196
0.8328042	0.9575518
0.83208734	0.900995
0.83119994	0.937028
0.83112115	0.94725114
0.83078444	0.9110336
0.83085155	0.90015215
0.83336025	0.91268265
0.8338669	0.8896766
0.83276784	0.96142644
0.8311775	0.9177518
0.82996476	0.94732547
0.82834697	0.9118901
0.82792	0.90765285
0.8260416	0.93220145
0.8242825	0.92070585
0.8223498	0.9584374
0.8207097	0.9025028
0.8197093	0.9487239
0.81871843	0.9284982
0.8195436	0.84699893
0.8188444	0.9604256
0.8222118	0.9602675
0.8170344	0.9294242
0.8158644	0.9270847
0.81778246	0.861567
0.81417525	0.96766883
0.8140789	0.87115365
0.81431484	0.813824
0.81370866	0.9291164
0.8141857	0.96819377
0.81315875	0.8830761
0.81158954	0.9212307
0.81115127	0.9398241
0.81239986	0.95590764
0.8122106	0.9016354
0.81162	0.9583204
0.8097302	0.9181659
0.809965	0.9362798
0.8118961	0.9466669
0.81238616	0.8700867
0.8122804	0.8977638
0.8119848	0.92429787
0.8134115	0.8161454
0.8100466	0.87724185
0.8109865	0.9689985
0.813325	0.94611305
0.8162444	0.9673954
0.8243992	0.9377486
0.82772094	0.84892994
0.82999945	0.93167335
0.83443856	0.90307647
0.8382563	0.93853945
0.8351537	0.97106963
0.842916	0.92865527
0.8365247	0.9050947
0.84226006	0.8853467
0.84286356	0.8738548
0.8409628	0.8779442
0.8322773	0.9422411
0.842437	0.91345775
0.8379347	0.853506
0.83754873	0.8598605
0.83614796	0.93112487
0.8353667	0.8762486
0.8324582	0.9543747
0.8210795	0.9568203
0.8282324	0.9161607
0.83292556	0.88123447
0.8371275	0.95916796
0.83996725	0.91793805
0.84145576	0.9721701
0.8370568	0.9253944
0.8417139	0.8184562
0.84228545	0.873182
0.84332734	0.84435666
0.8454252	0.94527084
0.84317493	0.855108
0.8501128	0.9748638
0.84994125	0.9155288
0.8496553	0.8950327
0.84942544	0.9398112
0.84977543	0.91013587
0.8569313	0.93792576
0.85200566	0.86968863
0.84557533	0.899083
0.8509692	0.89909315
0.8519377	0.89854425
0.8524495	0.89648086
0.85847247	0.9418041
0.853993	0.85783345
0.8478544	0.9095035
0.85359865	0.9130678
0.8535416	0.9487938
0.85381967	0.93282014
0.8531256	0.9289863
0.8547352	0.9031381
0.8567039	0.9308728
0.8578689	0.94548684
0.8577933	0.89231235
0.8533972	0.90881664
0.85237914	0.9435099
0.8514138	0.9242317
0.8497652	0.94148904
0.85000175	0.8645817
0.8567062	0.9397507
0.8515519	0.88122594
0.8525744	0.93750256
0.8541042	0.90782744
0.8544359	0.8866349
0.8557445	0.9393521
0.856231	0.9456775
0.8609643	0.90183645
0.8563815	0.8937857
0.8613687	0.93475604
0.8607429	0.91495943
0.857896	0.88771564
0.865491	0.923644
0.8810832	0.9219284
0.8931299	0.92227834
0.89561987	0.9605057
0.8957475	0.9327129
0.8988107	0.9429865
0.899646	0.9316856
0.9094959	0.90900016
0.90528446	0.92644924
0.90829134	0.941382
0.90620494	0.91273147
0.90180033	0.88648957
0.90294635	0.9387806
0.89723456	0.9135298
0.9020641	0.9325008
0.8993855	0.8991008
0.8993637	0.92247456
0.8988868	0.8495247
0.9022661	0.941673
0.90113443	0.9595631
0.9001457	0.9543252
0.9001808	0.90909296
0.9007965	0.9132226
0.90166587	0.87008953
0.8978316	0.92467356
0.8933888	0.90671635
0.89909357	0.8783412
0.90008736	0.9507191
0.9014553	0.89667577
0.90049636	0.88318163
0.8945013	0.9428888
0.8960139	0.88762593
0.89462984	0.9165713
0.8887445	0.9190188
0.8940583	0.95166516
0.8916198	0.9283486
0.8972819	0.9127953
0.8944031	0.9153655
0.8878366	0.93455315
0.89209366	0.90077794
0.88821614	0.8458718
0.89293486	0.90365624
0.89039636	0.9475971
0.8923745	0.9508163
0.8878159	0.9366922
0.8861467	0.9259091
0.8923214	0.9376508
0.8915079	0.93714017
0.89290726	0.9273433
0.89213747	0.907469
0.89250106	0.9475528
0.89274454	0.9174266
0.88658154	0.8920385
0.88832694	0.9143037
0.89375556	0.87890637
0.8931789	0.9029379
0.8933389	0.93912536
0.89242166	0.8906508
0.88633573	0.8959991
0.8870986	0.9236455
0.8880141	0.94306266
0.88875186	0.94803894
0.89210534	0.92895985
0.89216727	0.9263345
0.8922514	0.89161927
0.8935395	0.93078244
0.8936918	0.8965166
0.8936895	0.96126705
0.8920244	0.94033504
0.8936115	0.8739395
0.89289874	0.9259262
0.89223105	0.92336
0.89332974	0.8521856
0.89383036	0.90943426
0.89151275	0.8881179
0.89266855	0.937158
0.89115524	0.9100157
0.89337176	0.9405274
0.89354193	0.87437814
0.89409155	0.9340247
0.89369607	0.9454952
0.89391875	0.94024515
0.8961164	0.92831796
0.8971962	0.9539355
0.8983426	0.94726425
0.89992595	0.86888206
0.9031411	0.8975048
0.8971453	0.92920125
0.8970377	0.8807515
0.89731157	0.92071766
0.89723605	0.9079769
0.8963168	0.8823888
0.8949873	0.8896493
0.89452755	0.9755037
0.89458793	0.90265095
0.89349085	0.9449951
0.8933019	0.93271625
0.8931479	0.9070383
0.89303964	0.94446015
0.89354044	0.87611586
0.89832526	0.87173116
0.89276576	0.9372397
0.8966433	0.92772335
0.8994278	0.9037601
0.89835393	0.8814554
0.8972828	0.94862723
0.8979261	0.9742161
0.8965141	0.9427381
0.89522094	0.9425187
0.89042825	0.86285686
0.894603	0.9335031
0.89456177	0.92733353
0.8935509	0.9003698
0.89390635	0.9160544
0.892908	0.968677
0.88790214	0.9215306
0.89221203	0.885235
0.8925555	0.8944836
0.89223945	0.885138
0.88811994	0.91845614
0.892097	0.92711884
0.8934032	0.8840572
0.89563847	0.91937524
0.89648825	0.9224362
0.8967523	0.91152483
0.8958103	0.9658733
0.8911393	0.8669447
0.89844483	0.9239151
0.8981442	0.89749354
0.89843124	0.92396045
0.9004498	0.94173485
0.9019796	0.93611455
0.9031969	0.9048326
0.9077452	0.9050285
0.9073209	0.8801979
0.90777177	0.87376696
0.9036237	0.8744696
0.9045636	0.94420624
0.90428865	0.8868015
0.90461665	0.95525193
0.9087609	0.92986816
0.9049445	0.93032014
0.90562326	0.8838048
0.91058415	0.8917445
0.9067792	0.8870954
0.90765864	0.90971506
0.90818495	0.9444254
0.9076322	0.91610956
0.9090233	0.9057208
0.9090245	0.94740236
0.91266996	0.9143409
0.91435385	0.95151
0.91051304	0.95679665
0.88228804	0.9384041
0.88301075	0.92480874
0.87942594	0.94276214
0.87566704	0.93039286
0.88238615	0.9144676
0.89470965	0.9378643
0.8914938	0.9398786
0.8885289	0.9177279
0.89019305	0.9244699
0.8988917	0.9217501
0.88699365	0.92742187
0.8808301	0.9307458
0.8751244	0.927438
0.86844575	0.91870224
0.8579139	0.916102
0.86128813	0.9164647
0.86129797	0.92498165
0.8501 	    0.82025
0.8528864	0.9067352
0.85961795	0.9197533
0.8587099	0.94617474
0.860191	0.9176387
0.850211	0.9138755
0.8547089	0.93060344
0.85485053	0.9247478
0.86371434	0.9343001
0.8572333	0.91616774
0.85848635	0.92512655
0.8631722	0.9276865
0.864205	0.93377423
0.8681198	0.9215475
0.8646187	0.9287931
0.85754603	0.93967944
0.8542741	0.9196317
0.85419595	0.92898715
0.8571366	0.92032987
0.85307646	0.9290227
0.84750944	0.88554096
0.85094625	0.91670287
0.85317415	0.9422859
0.8453691	0.91435087
0.8443038	0.92621475
0.84200686	0.9205652
0.84521157	0.92786324
0.8422019	0.91391927
0.84875065	0.92587554
0.84464085	0.9219137
0.8445459	0.92778087
0.8399942	0.91203326
0.84342974	0.9195322
0.83714813	0.9361623
0.8368508	0.94565195
0.83663076	0.9173408
0.8331979	0.9302434
0.838432	0.93399847
0.8346236	0.9155286
0.83850616	0.9347286
0.8448453	0.913168
0.8406792	0.9257292
0.840323	0.9204418
0.8409389	0.9305692
0.845364	0.9280657
0.8416935	0.91128415
0.83490574	0.92635345
0.827278	0.90531117
0.8323778	0.9194686
0.8346183	0.9300084
0.82340336	0.91753024
0.8202433	0.9315268
0.8273559	0.9338543
0.82981384	0.9336393
0.8229273	0.92494804
0.82291114	0.9226423
0.8247984	0.9473916
0.8301982	0.9189466
0.8301372	0.9173143
0.8287838	0.9026383
0.83172035	0.9247916
0.8307795	0.90974206
0.828084	0.9183122
0.838633	0.9483994
0.8352252	0.9312028
0.8270215	0.91936135
0.82565194	0.9576019
0.8271211	0.91056526
0.8237755	0.9148721
0.82240754	0.908924
0.8269282	0.9103556
0.8324647	0.92089
0.83035654	0.9630135
0.82268476	0.91883403
0.8283413	0.92644536
0.8269432	0.92856425
0.8177161	0.9073385
0.81435245	0.9236958
0.8117603	0.9615503
0.8103587	0.9167952
0.8125321	0.9131777
0.81357574	0.8862666
0.81901366	0.9248388
0.82155126	0.9095785
0.8273915	0.9029409
0.82661307	0.8994733
0.83215284	0.9378122
0.82289386	0.91266936
0.83064353	0.936241
0.83119714	0.92380714
0.83280647	0.9152737
0.8335489	0.926898
0.8359576	0.92045057
0.8499387	0.9178513
0.85735613	0.91723204
0.86164004	0.93077683
0.85089004	0.9038971
0.84397125	0.92461824
0.8435355	0.9184589
0.8494052	0.92816716
0.84921676	0.91346884
0.8441533	0.90201515
0.8474393	0.9360015
0.8455511	0.9079053
0.84339416	0.93132776
0.8350572	0.9319591
0.84128755	0.90930134
0.83588177	0.92828166
0.843956	0.9200312
0.8471932	0.9189401
0.8383657	0.9170866
0.84013706	0.9250963
0.8506251	0.9271672
0.8359905	0.92437595
0.8399617	0.9116476
0.83132625	0.91927046
0.8299691	0.92439014
0.83208805	0.9297833
0.83248556	0.93468255
0.8289381	0.9171319
0.830478	0.92226815
0.8334393	0.9239054
0.8302113	0.92106134
0.83192146	0.9024309
0.8304831	0.9332083
0.8320883	0.92151356
0.8305983	0.9018876
0.82348245	0.9319201
0.82462955	0.9072974
0.8143719	0.93881404
0.83639467	0.92393315
0.83580184	0.94844764
0.8476538	0.9116582
0.83882844	0.93503565
0.83598584	0.92413974
0.8376584	0.92811006
0.84292096	0.93148196
0.84138954	0.8996508
0.8478216	0.9333921
0.8479271	0.9287136
0.8378288	0.9216123
0.8451044	0.9160633
0.8516806	0.9258081
0.84710383	0.93420845
0.8532411	0.9324894
0.852337	0.900396
0.84720236	0.9382856
0.8503439	0.9213487
0.8508398	0.9247833
0.84741324	0.92001486
0.84183943	0.9291518
0.84237534	0.92708236
0.8386037	0.9087622
0.84114057	0.9359913
0.84688675	0.94065696
0.8426351	0.9217848
0.8490744	0.9246656
0.85406816	0.93487
0.85545015	0.9183986
0.84744185	0.9126644
0.8570746	0.9247858
0.85476625	0.9065196
0.85293615	0.9186596
0.84626985	0.92752516
0.85078955	0.9353405
0.8447394	0.94792104
0.84241	0.9212955
0.8484742	0.9302561
0.84655374	0.9192217
0.8454465	0.9189321
0.8388408	0.92038554
0.8360216	0.92126274
0.83507544	0.9239493
0.83408225	0.9356074
0.8401107	0.89664406
0.8469826	0.9189747
0.8412213	0.93289
0.83726144	0.9262912
0.8360483	0.9275895
0.83152735	0.9362698
0.83519584	0.9157338
0.8308913	0.9506927
0.83396673	0.9221696
0.8377128	0.93967825
0.83282566	0.91228354
0.83503497	0.9362016
0.83252245	0.8972537
0.8349511	0.9259457
0.8337107	0.9214737
0.8377798	0.90768987
0.8409433	0.9240597
0.84183276	0.9549343
0.8425965	0.9306265
0.8467067	0.9243267
0.84507227	0.9283141
0.8382252	0.92149484
0.83996385	0.91919273
0.83973986	0.9329331
0.8363266	0.93591744
0.83759075	0.9203342
0.8281771	0.9386926
0.8399935	0.91164076
0.8325962	0.9069427
0.83165383	0.91554046
0.8326549	0.9300188
0.82752365	0.9220118
0.8216018	0.93487436
0.8277311	0.9316357
0.83078	0.9215516
0.8198817	0.90072525
0.83047986	0.9458096
0.83517015	0.92858505
0.83133477	0.9264712
0.83455575	0.9192204
0.8386485	0.9336277
0.844937	0.9496704
0.8463118	0.912124
0.8502315	0.9171786
0.84161514	0.9214675
0.8461793	0.9037166
0.8406492	0.9300089
0.84596634	0.92976224
0.8516194	0.91863024
0.85589546	0.9012324
0.8562438	0.9304608
0.85059714	0.9376104
0.84786993	0.92876834
0.8492499	0.9197439
0.8552311	0.9262267
0.8513899	0.9306337
0.8513209	0.927618
0.84856117	0.9178542
0.8448925	0.90572214
0.8427136	0.9302342
0.846016	0.91398144
0.8383512	0.92226547
0.8359613	0.92114365
0.84498936	0.92202586
0.8480114	0.90714604
0.8501088	0.91054803
0.8532542	0.9281689
0.8559315	0.9241322
0.85306954	0.9312129
0.85301465	0.9492949
0.8512903	0.91782874
0.84978396	0.912714
0.8561711	0.9390466
0.86289895	0.93242824
0.86666185	0.90470934
0.8716637	0.92964995
0.87315786	0.91959
0.871873	0.91529053
0.86646545	0.9261402
0.87150663	0.9145081
0.87157375	0.9145115
0.87940997	0.92554986
0.8770916	0.9117794
0.8782126	0.9319858
0.88254833	0.92931616
0.88121736	0.9199942
0.8779648	0.92392236
0.8760801	0.96016294
0.87297785	0.92252547
0.8710708	0.9288898
0.86980593	0.91307783
0.87044257	0.9233852
0.8688656	0.9277627
0.8803613	0.91680264
0.8725936	0.91383934
0.8762433	0.9160384
0.87624365	0.9270867
0.8686861	0.92179966
0.87124336	0.9122653
0.8745871	0.93792826
0.87483114	0.9281881
0.87821615	0.9176423
0.8831634	0.9336466
0.88301903	0.93733925
0.87957674	0.9191039
0.877394	0.9488678
0.8713093	0.9366558
0.8725031	0.9210475
0.87431616	0.9266432
0.87941414	0.9268446
0.8843002	0.920734
0.8794972	0.93235826
0.8781456	0.91087747
0.87733084	0.93057615
0.8748655	0.9260181
0.87738323	0.92379695
0.87719274	0.9144306
0.8777282	0.93496275
0.8825542	0.9176827
0.8800764	0.919475
0.877055	0.92044157
0.8753845	0.91889274
0.87718844	0.9350441
0.876585	0.93181735
0.8778738	0.9157219
0.87595534	0.9243173
0.8803316	0.92947865
0.8862418	0.92050314
0.8907231	0.91165996
0.89071816	0.9237875
0.89945745	0.94089633
0.9053667	0.94572926
0.90901047	0.9136862
0.9124727	0.92969537
0.9153641	0.90515184
0.9182712	0.9195765
0.9216791	0.93139607
0.92500734	0.9299328
0.9272287	0.9231765
0.9316451	0.9267881
0.93386346	0.91331476
0.93228835	0.93050236
0.9342823	0.9181749
0.93525416	0.9309993
0.93883765	0.9373683
0.9426594	0.917934
0.9420501	0.9242481
0.943671	0.94328606
0.94163835	0.947732
0.94170153	0.92033356
0.9438953	0.9070522
0.9441228	0.91792053
0.94542795	0.9292417
0.94461864	0.9362201
0.94420904	0.926972
0.9465037	0.9247686
0.9489164	0.9356161
0.9469886	0.934182
0.9465806	0.9219576
0.94837725	0.9212341
0.9485616	0.92574173
0.94828624	0.91982275
0.95119697	0.9247723
0.95204127	0.93686044
0.95376796	0.94246453
0.95451975	0.91814315
0.9548879	0.9217356
0.95567393	0.91743
0.9527349	0.94067323
0.95669657	0.92811805
0.9573551	0.92690456
0.9581964	0.9182315
0.9568015	0.9309925
0.957746	0.917311
0.9574301	0.9180836
0.9576884	0.9296688
0.95607	0.95876455
0.9589012	0.95391476
0.9595275	0.9162012
0.9596226	0.8995726
0.96292776	0.929976
0.9597352	0.9426615
0.9537442	0.9235087
0.94805056	0.907344
0.93983114	0.92080057
0.934877	0.9294259
0.9244799	0.92005986
0.9135517	0.9282121
0.9055971	0.91269815
0.8977584	0.92246306
0.8915754	0.9592879
0.88099027	0.92587614
0.87143594	0.93751526
0.8657905	0.9232108
0.85677093	0.9336444
0.85982406	0.9161344
0.85627484	0.9484694
0.8490724	0.93126446
0.85589725	0.9215189
0.85482544	0.91928995
0.8616915	0.937696
0.8641742	0.9128131
0.8726184	0.91408604
0.87152815	0.924899
0.86588436	0.9618975
0.86146075	0.93465644
0.86219925	0.9199478
0.85912657	0.93331546
0.86292017	0.9197083
0.85536724	0.9281601
0.8566573	0.9117712
0.8562521	0.9627236
0.86435753	0.93328696
0.8638052	0.9351943
0.8629074	0.9396595
0.86910677	0.8940705
0.86913526	0.93601793
0.87077993	0.91575456
0.8678164	0.9162227
0.8660152	0.9255142
0.8637394	0.9238112
0.86368376	0.9048903
0.8600679	0.91290104
0.85464334	0.92661613
0.8530136	0.94137526
0.8531097	0.97128284
0.86036074	0.9382976
0.8629047	0.9360194
0.86318433	0.9401164
