TensorFlow version: 1.13.1
Found 192 images belonging to 1 classes.
98.76373 	 60.398193
102.40581 	 93.530304
106.77063 	 82.4819
108.25316 	 92.23978
112.45128 	 73.70705
120.41824 	 62.39117
122.16777 	 76.0648
123.94912 	 73.11296
133.48425 	 64.311134
131.6903 	 72.91307
134.20049 	 84.19287
134.89488 	 64.86038
136.22374 	 73.01951
132.53018 	 75.04178
133.14758 	 78.34599
129.21504 	 70.13458
130.61052 	 75.0063
124.59134 	 88.27496
124.237274 	 97.54312
120.619896 	 89.632614
111.753555 	 113.9718
106.75326 	 116.72278
95.900894 	 107.577194
93.43768 	 127.81738
89.343925 	 140.13011
89.30908 	 150.60077
85.024475 	 141.1643
83.70988 	 169.15268
76.18521 	 152.33339
74.64648 	 161.65263
75.7735 	 160.49846
73.56937 	 161.40587
69.93126 	 181.01048
69.3529 	 208.32306
68.61502 	 216.38376
67.08878 	 262.2492
65.27771 	 212.82385
66.304535 	 262.0731
63.024284 	 241.99066
62.40417 	 295.62024
62.79995 	 217.51419
66.440636 	 208.71771
66.3647 	 222.3711
69.47876 	 215.6058
67.666885 	 177.36447
67.929924 	 202.56746
65.30551 	 278.87735
66.02269 	 223.14435
63.15084 	 239.56601
62.197586 	 261.3892
61.285152 	 218.74687
59.890266 	 272.88327
61.396317 	 202.48328
63.1999 	 257.3532
64.81188 	 273.54523
66.8136 	 232.16162
64.52762 	 227.67636
70.38429 	 194.75023
69.30156 	 239.89203
68.495865 	 210.83562
70.04869 	 308.82812
70.66991 	 241.142
72.991486 	 248.74654
78.51547 	 239.95923
59.890266  -  136.22374 ,  60.398193  -  308.82812
TensorFlow version: 1.13.1
Found 192 images belonging to 1 classes.
44.793587 	 103.75972
43.715355 	 131.11737
46.011974 	 124.25078
47.747257 	 124.47569
50.352406 	 147.3718
53.972664 	 108.066925
53.176014 	 124.1056
56.816 	 136.26363
60.015057 	 121.58574
60.8247 	 135.2745
65.27425 	 117.28797
64.34387 	 57.421783
68.04506 	 89.56215
68.03833 	 113.12958
68.094574 	 103.34406
67.58311 	 93.617874
70.87491 	 80.62486
70.966965 	 115.3268
71.3253 	 138.62665
69.790955 	 114.0373
70.669785 	 118.56635
71.62095 	 114.21487
66.26911 	 103.996994
66.209 	 98.258835
65.43114 	 97.07593
63.972893 	 52.11249
62.80342 	 99.492615
63.659103 	 75.94643
61.68106 	 89.92499
61.6421 	 83.84424
59.556534 	 74.37044
60.795666 	 70.85363
60.035583 	 73.98514
60.002937 	 65.91762
61.602207 	 63.25493
60.633316 	 67.304985
60.01672 	 57.42269
60.137356 	 72.82196
59.07879 	 55.482677
57.660282 	 81.753494
57.100826 	 58.445557
58.01485 	 52.198334
57.71721 	 54.240906
57.348297 	 56.771137
56.796776 	 61.400402
56.56939 	 62.315285
55.079906 	 73.01377
54.118393 	 62.49795
53.236996 	 52.08822
53.36661 	 53.64194
53.044167 	 56.33742
53.09593 	 65.63439
54.395866 	 52.064777
54.44583 	 73.10042
54.0001 	 64.8986
54.49369 	 56.88895
52.967464 	 54.10323
53.802807 	 58.621353
54.23696 	 54.515144
54.024597 	 71.51904
54.80761 	 89.29529
54.40798 	 54.564415
54.893536 	 65.01864
56.093132 	 71.020294
43.715355  -  71.62095 ,  52.064777  -  147.3718
