48.397278 	 93.14307
50.631554 	 97.90169
51.97379 	 97.68533
53.96045 	 102.37336
53.123486 	 103.01291
55.725418 	 101.56015
47.643288 	 90.77345
47.684143 	 92.043564
49.519535 	 82.80038
56.03681 	 78.41385
55.22413 	 85.810974
55.651203 	 85.065605
53.357803 	 83.2392
45.765423 	 85.71753
41.20984 	 87.864944
38.95705 	 94.31116
33.44423 	 92.11192
31.48872 	 93.84651
32.84314 	 95.05148
30.688725 	 98.71812
27.160328 	 99.47341
22.606983 	 98.98401
17.885582 	 103.159454
15.470723 	 104.81551
13.411321 	 104.14421
12.045466 	 104.91315
10.523329 	 106.250854
8.828824 	 107.424644
7.8924885 	 102.34239
6.4085875 	 107.716675
6.02824 	 106.511795
6.5456667 	 106.623955
6.0894217 	 105.796646
7.257305 	 103.86626
7.6296573 	 102.108826
7.6023965 	 101.355286
8.330133 	 98.50258
6.178342 	 102.64734
6.815076 	 98.439804
4.355727 	 100.504974
5.13316 	 96.489334
4.9800425 	 98.02747
5.6032915 	 96.97703
6.8195605 	 93.28541
6.4502835 	 94.36821
4.0448146 	 100.11059
2.0311458 	 107.43419
5.601042 	 90.55646
12.257765 	 75.51414
16.18568 	 68.8984
23.090542 	 57.629093
20.818302 	 53.412266
21.247047 	 58.74067
18.476505 	 64.8755
13.220743 	 77.20149
8.924502 	 91.28242
8.215286 	 93.47631
7.793607 	 98.3721
8.214872 	 101.236404
9.861953 	 97.97504
14.826639 	 90.62865
17.274216 	 90.42434
16.14497 	 86.90022
18.15041 	 84.56755
15.023538 	 86.391884
15.094215 	 90.071976
13.710702 	 88.99231
18.095823 	 83.09314
19.263521 	 78.87884
19.526096 	 80.38295
19.94432 	 79.33293
20.838085 	 76.03488
19.213676 	 75.507996
14.499008 	 81.80151
14.819735 	 79.05458
16.411213 	 72.40999
11.188864 	 85.009735
12.796303 	 84.377426
10.756598 	 87.68811
14.836173 	 93.144226
17.252525 	 96.21188
17.899002 	 96.635666
12.868907 	 96.69269
10.573324 	 96.88965
9.391324 	 101.90852
10.068764 	 102.74015
9.932961 	 103.81436
12.666552 	 105.76878
13.649811 	 107.491455
16.77564 	 103.22493
14.698045 	 102.51564
13.879327 	 101.34485
14.183775 	 100.36044
9.468993 	 103.177826
5.246052 	 104.2876
4.470356 	 107.35661
2.9919896 	 109.553894
1.6739788 	 108.98711
1.9301848 	 109.92438
2.0928035 	 109.40701
1.7171715 	 110.48189
1.0722314 	 109.328094
1.0829364 	 110.62895
0.994599 	 108.82158
0.8403687 	 110.237076
1.0322123 	 109.44658
1.245148 	 108.85503
1.1154504 	 109.80174
1.678549 	 108.97989
1.8801712 	 107.321014
3.1448536 	 109.41502
5.066781 	 108.64043
6.4957304 	 106.29398
7.5597982 	 105.17626
10.409736 	 102.88037
17.079243 	 101.528206
23.560822 	 98.06502
27.197502 	 88.3765
29.93699 	 92.98823
33.23313 	 87.613235
43.990566 	 77.44415
51.61615 	 84.517395
50.845947 	 84.70796
45.845257 	 82.74516
46.001205 	 80.374886
49.141743 	 79.595
50.24156 	 80.56869
55.661438 	 84.419075
47.286377 	 82.53525
45.43568 	 84.56159
47.093575 	 86.6187
39.236755 	 85.96094
36.594566 	 82.21754
34.845814 	 81.66217
37.665794 	 84.657196
39.899727 	 86.627426
40.928253 	 90.94748
32.973297 	 86.12184
35.949753 	 88.480064
36.198807 	 88.38432
39.095055 	 89.735115
38.90891 	 94.59846
38.803814 	 92.5161
33.520065 	 97.24926
30.28085 	 100.56294
26.840162 	 94.19226
29.45411 	 97.39338
31.809788 	 94.579346
38.11387 	 93.689804
39.656204 	 92.36151
35.71742 	 97.3569
38.172104 	 88.82661
38.22439 	 86.91935
35.049603 	 85.27585
37.95861 	 89.44653
41.962395 	 88.25476
44.884735 	 87.8349
46.201645 	 88.84703
35.71742 	 47.61662
40.47927 	 94.317535
37.52514 	 101.86551
29.28101 	 102.01436
24.232471 	 98.27237
28.71502 	 85.84535
8.716791 	 96.06213
16.338362 	 85.73671
29.787983 	 80.08334
29.793995 	 87.250755
34.011406 	 82.938736
39.755466 	 82.34003
35.815228 	 85.63106
31.985786 	 87.55818
29.80386 	 90.455246
25.41371 	 94.20953
20.7675 	 96.48815
18.859062 	 96.73355
15.784687 	 98.47251
13.740305 	 100.071335
11.898605 	 101.16371
8.785069 	 102.50263
7.250737 	 104.898476
7.5858936 	 105.30475
7.2867794 	 105.64571
8.945525 	 105.838974
7.867134 	 107.63497
8.29886 	 106.7991
8.250378 	 106.34782
8.819941 	 107.13776
8.240676 	 105.949745
8.135954 	 105.5052
7.8861895 	 105.10661
8.526868 	 104.70654
5.8156605 	 101.63348
6.247852 	 97.7493
6.603671 	 98.571365
5.0692654 	 100.662506
16.126108 	 69.68852
12.918858 	 78.9245
6.6213927 	 90.87448
9.735089 	 95.4485
10.627331 	 96.87291
10.176189 	 100.05095
14.03933 	 95.09398
14.701083 	 93.66997
11.8373995 	 91.286896
11.237746 	 86.509544
11.762802 	 88.89621
13.279415 	 82.706696
11.893961 	 88.193634
11.792875 	 84.31496
12.682972 	 80.08242
14.245734 	 75.18361
11.988289 	 77.53877
13.617453 	 73.255585
13.436032 	 72.04149
13.74823 	 71.267654
11.268696 	 75.47843
13.284695 	 72.100655
13.135168 	 72.20647
10.032869 	 80.70947
9.666966 	 86.14441
10.306825 	 84.91502
7.382567 	 94.42421
8.923556 	 92.529724
8.814951 	 95.14285
8.086436 	 95.322876
6.8289146 	 97.51453
8.272229 	 97.58542
7.9024343 	 100.49686
8.370342 	 103.823166
8.768449 	 103.26066
9.881887 	 105.79063
12.594126 	 103.38106
11.411446 	 101.2238
10.814482 	 102.03879
9.08486 	 101.65167
5.9241667 	 102.26991
3.7275095 	 104.18239
3.8868632 	 104.88314
2.0997326 	 103.543915
1.8606579 	 107.14702
1.9638457 	 108.88982
2.1070542 	 107.998955
0.7277768 	 109.34424
0.78037745 	 105.96419
0.7439461 	 108.09036
0.41951472 	 109.85426
0.32162398 	 109.74893
0.62776196 	 108.40326
0.5743183 	 107.7063
0.4866368 	 109.35769
1.4624143 	 107.14519
2.3588457 	 105.59915
2.0005813 	 108.642395
2.562841 	 109.0883
3.8854313 	 106.13878
6.8877172 	 103.717285
8.55745 	 103.70134
13.097 	 96.93208
20.880598 	 93.2012
25.632387 	 89.198296
21.449635 	 88.01672
32.289284 	 75.12045
37.295464 	 68.75977
38.390724 	 81.27249
35.629005 	 80.00505
37.408722 	 79.85965
34.670982 	 74.00696
34.58186 	 71.493996
38.43735 	 76.470436
36.950912 	 79.67289
39.24771 	 86.995384
38.690132 	 88.26993
38.579903 	 92.85073
33.94195 	 88.13025
34.293 	 87.04006
35.202614 	 86.72688
37.686195 	 84.95943
42.311165 	 87.95188
42.192436 	 90.254684
43.108852 	 93.05888
38.96203 	 89.33172
38.200436 	 89.532394
30.043373 	 90.53018
24.677723 	 93.05526
23.522598 	 93.85141
19.609526 	 95.92302
20.34295 	 95.94981
24.617546 	 96.46022
30.393715 	 94.48093
34.160805 	 91.695885
35.639915 	 92.758125
34.180557 	 94.13582
25.780277 	 95.17599
27.677391 	 87.82785
29.970217 	 85.16916
31.478563 	 83.207275
31.144192 	 85.477936
33.677185 	 84.492645
36.88128 	 83.9253
36.67278 	 84.99421
36.126266 	 83.1243
40.906097 	 81.2135
43.301136 	 82.95453
37.042763 	 86.671906
35.93152 	 87.568375
31.38501 	 92.66527
27.673717 	 94.00139
23.914513 	 93.249405
24.90285 	 94.90279
22.084885 	 97.87448
17.95322 	 97.96239
15.988432 	 97.17273
9.699522 	 102.09581
8.587162 	 102.387314
8.751445 	 102.92084
8.555136 	 104.862015
8.85669 	 106.79512
10.75053 	 93.673096
44.192833 	 48.951214
54.547417 	 32.57492
32.32214 	 59.743816
2.1423576 	 103.94304
2.7050576 	 102.35276
17.053051 	 90.35511
19.085968 	 89.83371
34.24871 	 68.943825
13.211491 	 80.643295
16.82825 	 70.42359
21.356266 	 59.89222
24.595104 	 55.988396
21.287046 	 59.182858
15.708478 	 68.07461
12.9194355 	 78.690704
8.2000885 	 88.36456
5.8284225 	 99.32567
8.359609 	 105.2787
10.918137 	 97.91632
14.647047 	 89.06711
15.4377 	 85.087296
17.68697 	 77.36792
13.8187065 	 71.854294
15.186615 	 73.688156
15.914791 	 76.58921
15.851323 	 76.376175
16.03788 	 75.521034
16.245035 	 77.97043
16.394424 	 77.39659
16.6773 	 70.67436
14.382896 	 73.03381
14.991852 	 72.12966
14.068522 	 75.31432
12.90501 	 76.07348
11.746319 	 82.06892
12.231921 	 89.71378
13.124887 	 94.53577
12.765928 	 99.283844
11.532446 	 101.33301
10.489009 	 103.10623
8.113385 	 106.10463
7.392021 	 103.89752
6.012857 	 103.778275
5.4109077 	 107.88077
7.0760374 	 106.72461
6.691369 	 107.04831
6.978645 	 108.89699
6.8663645 	 109.90069
7.3780723 	 109.633575
4.718052 	 109.554474
3.7396145 	 109.994354
3.3565366 	 110.42904
2.7715318 	 110.75034
0.9076581 	 110.75636
1.4099768 	 111.29022
1.1251078 	 111.26904
1.4845539 	 110.9262
1.8174882 	 110.68681
2.005181 	 109.5528
2.0079772 	 110.6256
2.6125731 	 106.708694
3.1815798 	 102.94922
2.8363626 	 104.02632
2.9899614 	 103.53145
2.1898713 	 103.60649
2.1844313 	 103.3291
1.4088507 	 106.910545
0.8460818 	 108.72822
17.320171 	 73.49614
15.455618 	 74.07852
16.888119 	 72.85669
16.28658 	 71.121666
15.605034 	 72.89824
15.503609 	 74.47449
16.882135 	 70.72176
15.946663 	 66.68533
17.244839 	 72.18291
16.777042 	 74.346985
15.21896 	 75.6651
16.48109 	 70.72753
16.106451 	 71.17341
16.523878 	 74.10225
16.5842 	 71.75213
16.18653 	 70.65548
15.696842 	 68.72803
15.915958 	 68.114845
16.255274 	 66.67354
16.02147 	 67.2899
17.782677 	 65.20615
16.252087 	 64.18381
16.2618 	 66.817
14.514906 	 69.149414
16.816898 	 60.5737
15.6521 	 67.97391
16.557573 	 70.274765
16.659061 	 67.68216
17.055946 	 67.413536
17.413513 	 66.79863
16.677662 	 67.68248
16.217903 	 67.02971
15.553267 	 69.5488
16.326366 	 69.93877
15.695505 	 66.60892
14.413832 	 70.16809
14.699395 	 67.6539
16.250864 	 69.93178
14.2864 	 67.91746
15.988556 	 66.231125
17.542953 	 67.339615
16.798199 	 67.52158
16.431606 	 67.74918
15.654871 	 69.95877
16.530293 	 69.20658
16.393553 	 68.849945
14.994886 	 70.947174
16.017097 	 69.72021
15.771687 	 69.63777
14.778154 	 74.01728
16.480465 	 68.84685
17.054405 	 72.80203
16.90714 	 72.36445
15.610398 	 69.11307
15.715436 	 71.74739
14.298721 	 73.81397
14.734411 	 70.74724
12.847305 	 73.00156
14.316467 	 70.37203
12.504202 	 78.56175
14.49479 	 74.24597
13.574635 	 83.44798
12.999622 	 79.05313
13.2458725 	 83.77399
14.595188 	 80.9079
13.478083 	 84.38875
14.854767 	 80.92368
15.094549 	 83.688156
13.8105545 	 80.67894
13.4567375 	 86.804
13.326756 	 86.233795
13.472331 	 88.22482
12.597836 	 85.8226
13.886057 	 73.87733
13.096073 	 86.3376
12.7652 	 89.025665
14.630791 	 85.22806
14.522692 	 89.21449
14.157185 	 87.52103
14.159945 	 91.00983
15.119871 	 88.44426
13.504612 	 91.6154
16.30531 	 90.66638
17.530746 	 90.86879
17.485535 	 89.674194
16.558764 	 91.937
15.844961 	 91.59823
17.637466 	 90.847
17.618607 	 91.79428
16.558167 	 91.63428
15.740454 	 95.22867
18.229984 	 92.71662
16.29935 	 98.36016
17.572346 	 96.41196
16.510757 	 95.60426
16.138361 	 95.30315
15.892819 	 96.80372
15.86858 	 98.038086
15.914606 	 96.035446
17.31109 	 99.40976
16.390137 	 98.912254
15.356746 	 95.32928
16.19722 	 92.97949
15.484051 	 99.00765
15.381192 	 96.0681
15.856599 	 101.14928
15.099267 	 99.7702
15.862888 	 96.793175
15.197433 	 99.9637
16.209991 	 90.67619
16.23098 	 101.37634
14.831683 	 99.69477
15.663832 	 100.79851
14.319432 	 100.719696
14.860065 	 102.151726
14.745981 	 100.39014
15.556786 	 101.468544
13.677948 	 103.29939
14.203735 	 103.11213
13.323458 	 97.71672
14.022642 	 101.717
13.391603 	 104.51453
14.312168 	 105.43088
13.096493 	 104.5448
13.57836 	 103.69389
12.222134 	 101.58067
11.935585 	 102.39575
12.385207 	 102.236404
12.001008 	 102.54138
12.097643 	 103.535614
11.480494 	 103.292755
12.410718 	 92.22134
11.855749 	 101.73401
12.147968 	 100.096
12.171818 	 98.80145
11.589494 	 101.002396
10.986867 	 99.10127
11.748652 	 97.571
11.051903 	 95.44311
10.877381 	 99.050705
11.912878 	 100.02074
10.235467 	 100.24864
12.120094 	 97.26647
10.589115 	 97.97313
11.554282 	 97.03002
10.316093 	 100.29379
9.873129 	 98.98305
10.374582 	 96.48439
9.406788 	 101.79663
8.520054 	 98.55725
9.255139 	 95.30581
8.63933 	 102.84885
9.757481 	 102.79448
9.42374 	 98.4367
9.458109 	 101.42291
9.777789 	 102.94501
9.042847 	 100.80682
8.7292385 	 101.20589
8.633603 	 104.92403
8.331851 	 103.0427
8.095739 	 100.6366
8.682915 	 102.57739
8.255478 	 103.95408
8.4146 	 102.456635
8.064032 	 104.813
8.837842 	 98.58212
9.607632 	 104.358116
9.784923 	 103.08861
9.33621 	 102.89839
9.277218 	 101.29822
9.614296 	 102.90733
9.351307 	 98.31302
9.380875 	 103.62283
8.490845 	 99.3669
9.182156 	 103.0848
9.026888 	 100.939476
8.5837345 	 103.56572
8.752859 	 103.0191
8.97917 	 102.48961
9.012878 	 103.93538
9.831823 	 103.32385
9.184914 	 94.28439
8.963469 	 98.868225
8.866845 	 101.938705
9.187287 	 102.46004
9.175722 	 102.28746
9.433383 	 104.56496
8.613831 	 104.262634
9.057823 	 103.77231
7.0989757 	 102.81105
7.384513 	 107.1376
7.7641964 	 107.14465
7.404523 	 108.39622
7.0720463 	 107.24306
6.956406 	 109.75375
7.5248013 	 106.56912
7.0158467 	 106.10588
7.595845 	 108.48823
7.500405 	 109.417725
8.124591 	 106.85219
7.7855506 	 107.22442
7.693301 	 105.0947
7.840924 	 107.06749
8.37554 	 108.948166
7.461759 	 102.8669
7.3600636 	 105.67177
7.4363756 	 103.44546
7.371257 	 108.79593
7.5433884 	 100.28041
7.770413 	 107.97177
8.786574 	 106.451645
6.937194 	 103.985886
7.6162786 	 106.79119
6.171585 	 108.637085
6.8254642 	 106.39009
5.9113812 	 106.931076
6.5752683 	 107.075096
5.552017 	 108.38838
5.721015 	 107.762856
5.3884096 	 108.743515
5.0983896 	 107.00749
5.197076 	 105.36623
4.9978085 	 108.77423
5.491551 	 108.605515
4.127228 	 108.30646
6.0182004 	 107.43169
4.099255 	 107.22648
5.360201 	 103.86206
4.468033 	 106.47586
4.9229016 	 107.79605
4.2206526 	 106.99608
4.811414 	 104.62123
4.1067657 	 108.94838
4.6261387 	 105.73054
4.471496 	 109.69891
4.4244933 	 105.49376
4.098001 	 109.466354
4.4573865 	 108.45894
4.9023266 	 107.65294
4.0992346 	 108.99791
4.807048 	 97.54351
4.8015504 	 107.909676
4.5574107 	 108.34828
4.116012 	 105.8197
4.1536894 	 107.9298
3.2791314 	 108.44436
4.1622105 	 107.086334
4.45044 	 107.87621
4.458187 	 108.94132
4.2686267 	 109.76272
3.8849595 	 106.6656
3.6396904 	 101.62257
3.702169 	 109.865326
3.9750211 	 109.07828
2.8939664 	 107.66492
2.7330117 	 101.15799
2.4682212 	 99.0966
2.6534348 	 107.68358
1.9585514 	 108.660545
1.6884385 	 106.95877
1.2252516 	 101.380325
0.9454707 	 97.140305
0.96680224 	 110.72534
1.305181 	 101.3785
1.0592926 	 104.42125
1.175885 	 109.88902
1.46202 	 109.59422
1.128641 	 101.51849
1.1427184 	 102.519424
1.3024716 	 103.59717
0.91215986 	 108.17499
1.6121755 	 109.604294
1.6573622 	 109.90901
1.5038245 	 110.059364
1.5667412 	 106.1265
1.7551847 	 110.3633
1.3181831 	 99.734375
1.649132 	 109.99275
1.4855192 	 109.884155
1.7860458 	 107.42659
1.8354722 	 110.05017
1.9138601 	 109.53163
1.6949553 	 108.61243
1.6351517 	 105.320984
1.9783283 	 97.19524
1.963845 	 108.45691
2.5935283 	 106.39551
2.1804547 	 105.55288
2.4626892 	 106.229836
1.9049361 	 106.17958
2.6733832 	 108.902336
2.4411669 	 104.75363
2.2622566 	 108.271576
1.9730735 	 105.32048
2.3851714 	 109.745544
2.224768 	 104.29001
2.6354933 	 108.44435
2.080926 	 98.73184
2.4235005 	 101.86159
2.2818103 	 105.62491
2.0212107 	 104.94142
2.262834 	 106.64584
1.8563777 	 108.99378
2.0418494 	 103.66678
2.1897016 	 106.119934
2.178673 	 109.59413
2.1438189 	 102.65046
2.1200583 	 108.11667
1.7660594 	 102.33497
2.055099 	 109.21824
1.9058411 	 107.058014
2.0731819 	 109.365265
1.8500926 	 102.849594
2.2314215 	 104.10132
2.2350833 	 107.36084
2.7074318 	 106.341965
1.7863017 	 103.00781
2.7664793 	 105.738174
2.6953816 	 102.372246
2.7126634 	 107.276276
2.881067 	 107.5047
2.8987763 	 106.397736
3.5142453 	 107.20561
3.0244656 	 102.27371
4.031777 	 99.64533
3.4878483 	 103.022385
4.333713 	 103.48195
3.6712296 	 95.86107
3.8750582 	 101.72092
4.34922 	 98.18663
3.459111 	 101.42232
4.385346 	 99.752975
3.196031 	 89.194336
4.10602 	 100.87818
2.9785707 	 100.773254
3.5579464 	 99.38546
3.1074224 	 96.573944
2.581442 	 104.04285
3.4682498 	 100.82749
3.7689085 	 102.266846
3.4692798 	 101.78349
2.8493998 	 96.868484
3.2945704 	 103.67848
3.1247537 	 102.511
3.1496446 	 96.43071
2.993132 	 101.248245
3.5829139 	 98.246704
3.0179443 	 102.15711
2.4454823 	 103.37561
3.0369334 	 102.573395
2.876976 	 94.03589
3.374297 	 102.86643
2.8208401 	 100.23123
3.470079 	 98.76898
3.012856 	 98.5522
3.1606262 	 95.73509
3.1848505 	 101.06355
2.6861467 	 97.83429
2.82393 	 103.78774
2.9600239 	 100.50961
3.5784369 	 98.544235
3.6666856 	 99.194725
3.6332653 	 102.31384
3.3432002 	 96.73853
3.5262346 	 99.36182
2.508433 	 103.37397
3.66545 	 102.50181
2.4187994 	 102.95163
3.6417096 	 102.21919
2.2284732 	 103.98029
2.7757733 	 101.05478
2.8019056 	 97.431015
2.5610924 	 100.21363
3.0105314 	 97.93352
2.8507059 	 101.69064
2.8560243 	 96.14141
2.6701083 	 102.43324
2.8601747 	 99.36488
1.9299487 	 98.532684
2.665874 	 93.48337
1.9705002 	 101.74933
2.302379 	 101.21135
1.4178338 	 98.27574
1.6503024 	 105.468094
1.1131855 	 105.410385
1.9405141 	 102.16402
1.3518293 	 104.02639
1.0986118 	 105.59338
1.1420482 	 102.7399
1.3812466 	 105.82631
0.89949393 	 106.1026
1.1821586 	 105.9843
1.7107011 	 104.875534
1.4026561 	 107.15158
0.75743926 	 105.22207
0.6879587 	 102.6263
0.6824376 	 104.51687
0.63786125 	 105.718376
0.8565472 	 106.96953
0.5858297 	 107.177414
0.78750455 	 106.89584
0.8296317 	 106.79996
1.2212405 	 105.35861
1.0244254 	 107.53608
0.7348151 	 108.86978
1.0446899 	 103.49422
0.7839042 	 108.37824
0.7913574 	 100.499756
0.7323795 	 101.51726
42.063507 	 77.00789
45.00055 	 76.80242
45.433895 	 75.44136
45.473045 	 76.204605
44.952007 	 81.10727
42.134117 	 82.17479
37.60102 	 86.51526
36.3931 	 86.09227
35.99161 	 86.63985
40.352654 	 85.17676
45.65483 	 88.28693
45.879013 	 87.941925
47.66243 	 90.50528
45.841934 	 91.160904
47.765564 	 92.87782
46.874413 	 89.88177
45.38872 	 86.93974
45.44432 	 85.2335
44.351852 	 85.95479
43.824677 	 88.025925
43.15407 	 86.60104
43.191498 	 82.25151
42.72356 	 87.948105
41.18971 	 86.555595
40.288242 	 88.572296
39.564964 	 86.231735
38.775772 	 90.06965
36.659927 	 90.370804
38.97087 	 90.81426
39.54953 	 92.93039
43.60872 	 95.47061
43.653984 	 95.300415
42.99649 	 97.260925
45.686462 	 95.60281
43.203148 	 97.26804
49.767815 	 89.63664
47.541576 	 87.83637
47.509285 	 88.06029
47.63816 	 86.63251
48.20932 	 87.999725
46.206703 	 88.38602
46.596207 	 86.62597
45.440838 	 88.03682
47.67608 	 88.87957
46.280968 	 86.35361
44.295868 	 86.833015
46.21027 	 88.27555
48.24739 	 87.72313
48.047626 	 91.03518
48.556458 	 88.56467
45.743546 	 88.41466
45.745018 	 88.09749
44.132862 	 89.66625
43.366974 	 87.896545
42.853523 	 86.08157
43.69299 	 87.095116
45.441017 	 89.066025
45.514683 	 92.436584
45.23677 	 92.48645
45.246567 	 92.3936
46.691605 	 93.140686
48.783466 	 94.38371
48.18837 	 92.25549
49.209576 	 90.335655
51.848816 	 92.80046
50.818787 	 92.76428
49.043053 	 94.681274
49.493317 	 92.50061
46.92118 	 94.06407
45.57124 	 93.18309
45.038673 	 93.049164
45.185516 	 92.30702
43.320164 	 90.516525
43.850193 	 92.26428
43.27716 	 90.97739
41.22131 	 89.95726
39.906036 	 91.247246
40.22032 	 91.66447
38.730316 	 92.51543
42.327477 	 88.9187
41.79818 	 89.06819
42.312508 	 91.74671
40.854263 	 90.61863
40.669243 	 88.40137
38.984962 	 91.06906
39.136597 	 90.562
38.996445 	 90.4187
37.92697 	 90.06572
38.716736 	 90.06596
39.683365 	 91.86014
38.04631 	 91.19317
42.671112 	 93.15794
42.22126 	 87.92952
43.772457 	 91.0981
42.09609 	 84.19455
43.243607 	 88.70532
43.82244 	 89.650314
45.19783 	 88.47001
43.93676 	 90.01405
44.123528 	 91.06361
42.298916 	 90.93022
43.543694 	 91.70488
43.459705 	 94.32428
44.27002 	 87.52077
42.733685 	 92.467026
44.216667 	 92.9413
39.833828 	 89.29413
37.10447 	 79.51171
42.926197 	 81.017914
45.441425 	 79.8692
47.303837 	 78.22963
50.42225 	 74.164856
50.84881 	 74.84808
49.983215 	 72.82979
50.681984 	 76.41205
52.485065 	 76.272484
50.546978 	 77.55531
50.56944 	 81.74632
48.21046 	 81.5149
51.693714 	 86.331436
49.498463 	 83.428764
50.01101 	 85.67867
47.71221 	 86.03505
45.354538 	 86.61993
44.54726 	 87.93576
45.624382 	 87.91984
44.1428 	 92.51845
45.311974 	 91.74218
45.083706 	 91.48424
47.31578 	 92.36803
47.40614 	 89.37494
48.995567 	 84.99372
47.343307 	 89.65181
45.680374 	 89.42787
48.328957 	 89.010796
47.610737 	 89.06911
48.60384 	 88.160126
44.673443 	 88.58577
43.423943 	 87.666145
43.075996 	 87.08502
43.913208 	 88.49758
45.510757 	 90.174805
43.96435 	 88.57117
47.107285 	 82.96811
39.874054 	 65.152145
43.379604 	 49.72011
40.067215 	 46.515717
47.46005 	 47.082714
47.041496 	 49.842087
44.076927 	 51.190254
45.68574 	 57.440063
46.003544 	 71.13526
44.4289 	 77.24292
45.329163 	 80.80937
48.628334 	 86.103516
43.469738 	 88.32399
42.86448 	 89.83748
43.036343 	 90.43672
42.1015 	 92.77855
45.75181 	 94.4073
46.991314 	 95.841225
48.41651 	 95.19478
47.524193 	 96.67453
49.525703 	 99.36412
48.073105 	 100.738266
47.599335 	 101.51061
49.54386 	 101.446846
50.79679 	 101.9469
51.75055 	 103.26672
53.946804 	 101.59274
53.633625 	 101.22937
52.1772 	 98.06643
51.93686 	 100.12939
51.239582 	 99.37109
54.174553 	 99.71681
55.098633 	 101.89709
53.182026 	 100.36287
56.037643 	 99.59001
54.251026 	 102.25659
57.53797 	 104.1163
53.992645 	 101.92247
53.063774 	 101.769485
56.306274 	 102.48839
56.80896 	 99.647125
54.520164 	 101.41223
58.576942 	 102.60585
57.845985 	 101.80122
56.99228 	 99.5777
55.58254 	 99.151505
53.507256 	 94.99738
52.913857 	 99.58125
53.024273 	 100.38615
51.357784 	 100.61783
51.56893 	 103.09708
52.93132 	 100.01573
48.829437 	 99.49707
49.755875 	 98.51033
54.39155 	 98.63402
49.68088 	 101.302826
50.70308 	 103.95661
50.96646 	 103.15789
50.757927 	 101.9488
52.358086 	 100.86282
49.838318 	 103.80795
48.876404 	 104.86029
46.54557 	 107.01277
44.47142 	 105.465775
46.00158 	 106.116684
44.244423 	 104.83653
45.867954 	 106.74256
42.988472 	 102.90833
43.014587 	 106.42234
44.576595 	 105.846634
42.593075 	 104.033195
42.111374 	 103.29087
40.164684 	 104.69353
40.332207 	 105.03958
37.007336 	 105.3918
35.542007 	 104.28743
36.436157 	 104.769875
33.992783 	 104.90257
33.864147 	 103.32274
35.030327 	 102.520065
32.801723 	 102.15103
35.796383 	 102.28228
36.64875 	 103.07144
36.01381 	 101.72397
34.65059 	 95.85011
35.15638 	 96.92886
35.808235 	 98.44333
36.185997 	 96.51676
37.25773 	 90.13925
35.427505 	 93.89665
38.44708 	 88.83928
38.31256 	 94.754486
38.327927 	 96.08905
42.15149 	 95.76582
40.08969 	 93.858734
41.71482 	 91.67483
43.49758 	 91.06116
42.460854 	 89.1048
40.695114 	 92.78829
41.13878 	 92.58768
38.58436 	 93.98588
36.326157 	 93.828995
35.78343 	 91.31288
36.72792 	 92.63878
38.519764 	 91.28295
36.17875 	 89.44397
36.386593 	 84.7163
33.6162 	 83.90682
31.851685 	 82.57759
34.250496 	 81.227234
33.48938 	 82.5009
33.12567 	 81.373215
32.685463 	 76.82549
32.05396 	 81.93793
34.08819 	 83.41141
33.645798 	 83.651855
33.1072 	 81.19773
34.819267 	 80.923935
35.44113 	 80.71263
34.433697 	 78.857376
38.47988 	 79.855965
41.3024 	 80.152374
40.810387 	 83.31979
43.080826 	 81.42679
41.268356 	 82.17168
38.26349 	 80.739395
39.999985 	 84.9975
41.36957 	 91.83241
43.07129 	 92.052505
44.03936 	 95.40175
42.93275 	 97.950226
43.366386 	 98.37093
42.208733 	 96.33565
42.30333 	 99.77742
39.98659 	 95.234406
40.49919 	 97.32175
43.658707 	 100.78996
43.696774 	 97.19169
42.89804 	 97.22476
42.260204 	 100.961075
43.498695 	 99.64966
43.53358 	 99.96703
40.438576 	 101.86172
40.74569 	 99.69416
37.84391 	 99.78491
37.122894 	 98.89608
38.885895 	 98.21217
37.93872 	 98.569916
33.40432 	 97.27338
34.631668 	 97.38243
33.869354 	 97.398094
33.288754 	 98.509575
33.208374 	 96.45286
34.379093 	 97.29552
31.65988 	 97.5244
32.94302 	 99.88556
31.279951 	 99.82464
34.115566 	 99.76933
32.984756 	 99.301216
33.879723 	 99.348816
34.69052 	 99.93035
35.002132 	 100.52044
36.46852 	 101.42744
37.69703 	 99.178116
37.304047 	 99.577385
39.934998 	 96.90262
38.235878 	 96.62518
41.10712 	 95.32336
41.386177 	 93.82772
41.90049 	 92.74385
43.28939 	 85.825645
41.813644 	 89.315125
42.72656 	 88.616486
41.56913 	 88.33087
43.283882 	 83.31024
44.629852 	 83.487885
43.455765 	 80.46995
43.905174 	 78.36403
44.260754 	 80.07915
42.18946 	 77.620476
44.164455 	 76.63342
44.00147 	 74.92414
44.99491 	 73.19783
45.336533 	 73.257545
47.02649 	 67.854324
45.231075 	 70.79082
44.7417 	 66.60011
46.0447 	 67.03424
44.498207 	 67.73544
42.652756 	 62.606956
41.681473 	 62.44783
41.080273 	 61.872993
38.887993 	 58.80629
40.9043 	 59.09284
37.838017 	 56.86547
38.90534 	 58.25007
39.2267 	 55.820465
36.26425 	 53.048897
33.625957 	 48.574272
33.69795 	 47.23445
34.382923 	 44.639755
30.720932 	 41.301903
28.164902 	 38.218956
28.13916 	 37.718803
29.426218 	 39.16286
27.581799 	 36.206955
28.099686 	 34.701557
28.4625 	 35.89267
27.302467 	 34.89176
28.949038 	 36.70102
30.497713 	 35.963924
30.08215 	 36.51709
33.901543 	 42.554016
33.252098 	 41.59902
32.79396 	 41.18199
31.87824 	 40.91369
32.902122 	 40.70043
32.558037 	 40.171898
33.594437 	 43.018745
33.11736 	 41.621662
35.004646 	 44.07804
35.535503 	 45.18577
37.371387 	 45.716713
36.52298 	 47.047356
36.361168 	 46.33934
33.871017 	 42.718212
32.626865 	 44.87948
33.169598 	 43.897865
33.261616 	 45.559082
33.35614 	 45.61049
33.92992 	 47.753902
33.864487 	 49.976074
33.345226 	 50.098717
34.923447 	 53.809753
32.57515 	 55.76383
31.601223 	 58.847725
31.061478 	 59.99045
31.51027 	 63.63187
31.826908 	 66.94659
33.74521 	 70.2992
33.655067 	 73.956375
35.226654 	 76.564865
37.147995 	 80.79143
38.635544 	 79.989006
40.535667 	 88.83415
43.514244 	 93.75011
44.50803 	 96.273285
46.15773 	 99.9308
46.013603 	 102.24943
45.689857 	 103.80318
43.788727 	 104.1415
42.27974 	 100.897446
42.46634 	 101.3249
43.350136 	 105.32638
44.06772 	 104.110374
43.06785 	 103.08235
42.391533 	 98.253784
42.464928 	 102.7408
41.83979 	 104.722336
40.946342 	 103.77518
39.586517 	 103.91525
39.837524 	 106.18235
38.292603 	 103.34129
36.50695 	 106.63095
35.841995 	 102.76044
33.96435 	 104.155334
31.248743 	 103.14738
31.282688 	 103.04089
29.15152 	 102.499146
29.861357 	 100.26866
31.605238 	 102.159744
32.87748 	 95.59738
32.13247 	 101.58226
31.890518 	 99.50237
30.842041 	 100.37685
32.064957 	 94.89947
