TensorFlow version: 1.13.1
Found 192 images belonging to 1 classes.
21.355715 	 40.847435
20.360119 	 46.46386
21.70045 	 49.506813
23.13733 	 57.407715
25.040606 	 61.0401
29.33118 	 56.591843
24.610857 	 44.84948
26.50786 	 43.232693
25.541931 	 36.246613
27.084927 	 31.119404
25.80094 	 45.6994
22.71156 	 46.149574
26.160774 	 52.046894
23.053596 	 54.950127
22.321178 	 59.92965
20.689205 	 61.820694
19.908588 	 61.311172
20.877003 	 61.15499
20.058926 	 60.554993
20.272556 	 65.2995
20.558266 	 68.90319
20.242125 	 71.2271
18.385332 	 81.6111
18.995333 	 85.42167
19.212578 	 85.18706
17.541138 	 83.64736
17.067991 	 86.530426
15.509529 	 86.05177
15.807972 	 85.04419
12.512694 	 89.71466
11.248964 	 91.5013
10.387239 	 92.78547
9.269359 	 92.80849
10.002554 	 88.991005
10.679306 	 84.94847
10.637188 	 84.86456
12.393095 	 79.90048
9.025751 	 84.552765
11.365632 	 82.547485
11.42832 	 81.81035
16.00217 	 73.55832
14.321738 	 76.532936
13.433208 	 77.43889
15.057479 	 74.99476
13.105597 	 79.01535
9.64876 	 86.22461
6.7237077 	 92.10593
13.159658 	 76.13267
25.077507 	 59.098217
33.638702 	 43.75578
48.152313 	 29.328978
50.267475 	 22.098064
42.445602 	 26.281685
33.016052 	 38.8614
25.849762 	 52.74684
17.432125 	 66.00958
15.775555 	 73.13282
14.351727 	 78.91647
13.329544 	 78.80995
16.26707 	 73.82599
20.107481 	 61.01596
25.891193 	 55.604874
27.375004 	 50.63428
31.970299 	 41.71111
6.7237077  -  50.267475 ,  22.098064  -  92.80849
TensorFlow version: 1.13.1
Found 192 images belonging to 1 classes.
41.3356 	 27.03307
39.578285 	 29.91758
39.81466 	 30.232658
40.72358 	 23.961315
39.460823 	 20.906128
36.685417 	 20.814768
36.032295 	 15.527955
35.70028 	 10.768094
36.558064 	 13.45838
35.90544 	 17.296564
33.673866 	 21.408066
47.80368 	 8.130133
45.025246 	 23.450148
29.451529 	 41.255936
19.47063 	 54.82646
15.499298 	 65.20863
13.115327 	 60.072617
9.928419 	 61.73899
9.090731 	 68.60365
8.661076 	 71.898186
7.8347473 	 77.65079
7.4651585 	 82.43456
10.588518 	 81.20589
12.0208435 	 80.25013
12.181211 	 82.39569
14.504408 	 77.37294
14.700196 	 76.900894
14.119151 	 74.33844
13.385649 	 76.52743
9.883814 	 84.87146
6.8191147 	 90.21532
5.804275 	 93.90222
5.681549 	 97.98322
7.319743 	 95.916016
8.142566 	 97.99668
9.2727165 	 96.32847
10.884279 	 95.41842
10.887642 	 94.71691
9.856292 	 95.13187
10.598504 	 94.03439
7.9146423 	 97.135376
9.487016 	 95.30098
10.169794 	 92.0591
8.72008 	 96.116
9.735966 	 94.68695
9.693403 	 91.9218
9.2573395 	 96.22465
11.795905 	 94.64056
12.841737 	 89.75377
13.646448 	 88.39699
17.452948 	 86.88103
20.888975 	 80.39868
21.659771 	 67.918785
23.189606 	 53.37941
19.952866 	 34.94632
23.199873 	 14.683992
17.299206 	 13.208716
20.804043 	 20.819437
20.217823 	 22.458141
20.174135 	 15.290442
16.100449 	 9.020931
14.15583 	 6.1995606
17.089254 	 9.593415
15.232113 	 7.16862
5.681549  -  47.80368 ,  6.1995606  -  97.99668
TensorFlow version: 1.13.1
Found 192 images belonging to 1 classes.
18.56823 	 16.820591
18.059956 	 16.93346
16.971603 	 14.587795
13.604904 	 9.602436
14.36166 	 9.298043
17.733765 	 10.589034
19.926603 	 11.915035
21.357477 	 15.728154
20.54623 	 18.631758
25.50481 	 23.231459
26.666592 	 30.528896
27.478584 	 37.911137
27.595192 	 43.646084
26.958315 	 54.722748
25.827618 	 57.34214
21.87447 	 60.73976
20.794088 	 63.108566
20.771027 	 57.203342
23.07705 	 58.03916
26.3551 	 52.93873
27.652672 	 56.391632
28.86745 	 54.792637
21.88446 	 63.763515
24.809628 	 55.656433
26.76324 	 43.222157
25.700508 	 47.088852
25.166756 	 48.06675
25.312866 	 47.905296
24.145866 	 47.6911
24.812366 	 49.732445
32.24591 	 32.857803
51.12433 	 60.669594
60.38011 	 65.447815
65.57951 	 76.31386
62.05721 	 79.933624
46.31169 	 71.670364
47.34014 	 96.81955
38.24208 	 81.45561
34.420853 	 70.62019
46.479053 	 69.433044
46.69408 	 64.05145
53.136925 	 56.988667
57.01291 	 64.48361
61.790268 	 66.785095
65.9031 	 68.80334
68.1267 	 72.46318
67.37773 	 79.09705
64.84489 	 79.362076
69.67111 	 84.87244
71.91605 	 88.3063
76.222115 	 92.236664
84.17266 	 98.126114
90.98279 	 98.69178
89.14693 	 98.98743
93.06288 	 99.51013
90.80124 	 99.80302
92.54654 	 101.32486
93.62376 	 100.46321
95.918015 	 102.59522
98.40045 	 104.10873
95.93172 	 105.58232
94.00668 	 105.1246
90.41008 	 105.82974
89.79578 	 106.62677
13.604904  -  98.40045 ,  9.298043  -  106.62677
TensorFlow version: 1.13.1
Found 192 images belonging to 1 classes.
90.37175 	 107.650696
87.72069 	 108.67963
88.1212 	 108.005486
89.13454 	 108.29225
47.657124 	 93.41623
61.19435 	 95.45555
71.46149 	 96.22356
79.67499 	 93.51085
81.22273 	 96.874954
83.41475 	 98.55893
77.62018 	 95.06109
67.33215 	 95.52409
62.840168 	 98.13462
57.11324 	 99.19336
54.78614 	 96.00981
45.13933 	 94.737305
48.65947 	 96.79973
42.793755 	 95.24273
43.538795 	 93.14902
36.293922 	 90.23708
38.965775 	 91.085175
31.026487 	 90.69554
26.624353 	 91.25914
29.53688 	 90.51761
33.14612 	 96.49237
25.258171 	 95.162476
24.400578 	 95.32236
39.116585 	 101.99141
55.35614 	 97.83111
62.787827 	 94.39896
72.578384 	 94.60582
70.169975 	 91.95827
73.60779 	 91.6837
77.04497 	 95.48868
79.18523 	 96.62349
82.58889 	 97.431366
87.759544 	 99.35564
91.02017 	 102.123695
88.582756 	 103.1781
90.283005 	 105.84568
86.128136 	 101.023926
84.29869 	 100.87376
84.72705 	 101.91783
85.97691 	 102.61169
91.26105 	 104.68786
95.09593 	 108.41074
99.43391 	 108.791435
98.99971 	 109.7283
101.84512 	 110.54631
101.94566 	 110.26199
102.38586 	 109.43391
100.28125 	 109.96022
98.52425 	 110.058685
101.15573 	 109.78044
99.66771 	 109.81819
103.13524 	 110.579765
100.09474 	 111.05766
101.67391 	 111.24042
100.26103 	 109.95535
99.75479 	 109.485535
98.65076 	 107.174484
100.82367 	 106.80403
101.047104 	 106.320526
96.04116 	 103.9745
24.400578  -  103.13524 ,  90.23708  -  111.24042
TensorFlow version: 1.13.1
Found 192 images belonging to 1 classes.
94.397964 	 99.16265
91.39563 	 98.13342
83.7287 	 93.99732
74.46666 	 81.76493
59.587513 	 73.269325
47.63282 	 74.28488
26.423512 	 50.941772
23.328157 	 30.03449
33.87763 	 39.441544
34.050846 	 38.253735
29.982918 	 35.76662
23.431885 	 35.63019
17.789469 	 35.555428
24.871479 	 31.701324
24.680649 	 30.619646
26.722328 	 29.68189
25.719574 	 26.27274
27.203304 	 27.236086
20.817104 	 29.078028
20.403458 	 31.57247
20.748241 	 35.45967
21.721085 	 35.853127
25.371311 	 36.475544
31.65081 	 36.731995
29.30066 	 38.425488
36.892456 	 45.49843
40.61328 	 53.307228
46.963264 	 63.528072
57.752487 	 74.407845
62.061443 	 79.98706
64.058205 	 84.555725
66.90097 	 81.28432
59.25845 	 74.48591
59.942787 	 64.73424
55.931313 	 61.389534
54.5951 	 63.068535
59.008984 	 67.25664
66.65259 	 76.92526
51.581703 	 58.439743
41.66127 	 58.907246
43.676414 	 60.902916
46.752335 	 63.85695
45.039566 	 59.606403
47.134087 	 58.75802
49.2662 	 60.282833
47.202446 	 56.841667
49.962498 	 56.1918
53.47307 	 54.570675
62.696953 	 60.295387
62.9356 	 64.452576
69.19714 	 68.88808
71.86856 	 73.54962
70.63784 	 78.98654
69.48083 	 80.12886
72.15802 	 83.38565
74.96117 	 85.88333
74.8976 	 89.401505
79.945206 	 94.67613
85.78078 	 96.999054
84.16987 	 96.84966
89.18591 	 96.17044
89.47795 	 98.45174
71.2706 	 97.58168
30.725655 	 97.38947
17.789469  -  94.397964 ,  26.27274  -  99.16265
TensorFlow version: 1.13.1
Found 192 images belonging to 1 classes.
22.664137 	 104.33867
37.572357 	 106.67218
73.608055 	 107.251785
67.079994 	 100.211334
54.792847 	 81.794785
63.432663 	 88.32454
51.609966 	 95.41101
60.931282 	 94.050446
47.194336 	 91.633835
33.74504 	 86.61829
26.379723 	 83.74553
28.995354 	 84.956184
40.044525 	 91.00069
53.748154 	 91.30368
66.94041 	 93.45537
82.58924 	 96.67878
85.401886 	 94.41942
76.20366 	 93.84426
59.99677 	 93.87442
50.12706 	 91.2215
38.735832 	 97.06868
32.482697 	 101.04071
30.181202 	 98.67252
34.396423 	 95.37348
33.40811 	 95.62444
30.18313 	 95.712906
26.929737 	 93.34462
23.701073 	 94.27113
18.71849 	 97.22372
21.252216 	 99.03712
18.261559 	 102.676926
26.193577 	 103.151566
34.400963 	 105.20854
44.09726 	 103.73279
60.675217 	 105.449265
72.796646 	 102.912025
78.22002 	 103.80654
81.8723 	 103.75565
86.007355 	 104.34209
88.29921 	 106.20972
85.843994 	 106.70981
87.42633 	 107.22241
91.22659 	 106.884445
91.72417 	 108.007484
91.18943 	 107.01761
96.11791 	 106.286865
99.925766 	 107.4681
99.13673 	 106.00598
100.02405 	 108.15331
98.09767 	 108.48793
97.85388 	 109.316895
100.39267 	 109.16214
101.20507 	 110.51723
101.22615 	 110.13161
100.73238 	 110.48996
101.10753 	 109.6552
98.12506 	 110.2089
98.481125 	 110.116104
98.05423 	 109.56064
91.846176 	 108.52666
90.53085 	 109.36353
90.83019 	 109.20446
90.265 	 108.79613
90.35362 	 109.392365
18.261559  -  101.22615 ,  81.794785  -  110.51723
TensorFlow version: 1.13.1
Found 192 images belonging to 1 classes.
92.0395 	 109.21011
94.970146 	 110.12433
97.55439 	 110.98204
27.571503 	 91.97879
27.166847 	 89.339836
28.404018 	 90.51546
26.851326 	 88.210434
25.694172 	 89.27724
25.09674 	 85.76732
24.840702 	 89.84319
27.043812 	 87.96489
23.710293 	 81.365776
27.471966 	 91.45479
26.483086 	 91.81029
22.99352 	 91.40901
23.276134 	 87.084145
23.708809 	 89.2192
23.824196 	 89.34262
22.050419 	 90.51767
22.167091 	 91.26587
22.388355 	 93.74434
20.432606 	 88.32384
20.922962 	 86.3648
18.256035 	 91.849174
17.626358 	 93.80429
20.375307 	 90.5567
20.992516 	 90.36661
17.232605 	 91.099976
21.013767 	 87.94192
19.557354 	 86.22933
20.465399 	 91.6736
18.718355 	 89.04061
21.843407 	 93.68355
21.516632 	 91.96458
21.560722 	 94.59073
20.14354 	 93.7713
22.0475 	 92.462
20.653906 	 94.2142
21.971207 	 91.70441
21.836037 	 91.33278
23.086697 	 87.94292
24.338787 	 95.56175
20.27319 	 88.8918
20.970898 	 92.80426
24.914055 	 96.09513
21.87569 	 90.16936
23.636173 	 89.3598
24.487818 	 93.74591
24.620422 	 90.052864
26.076775 	 95.20662
27.978928 	 95.29166
27.425816 	 90.975494
29.540222 	 95.12019
28.144453 	 94.00223
28.03312 	 95.48483
28.193432 	 99.80751
29.974457 	 97.472824
31.41484 	 94.67085
29.503181 	 91.99245
31.284586 	 97.03024
30.369675 	 93.743286
34.81814 	 92.81787
33.938004 	 90.54989
36.690018 	 99.36719
17.232605  -  97.55439 ,  81.365776  -  110.98204
TensorFlow version: 1.13.1
Found 192 images belonging to 1 classes.
36.47988 	 101.61783
37.59059 	 101.864426
37.520065 	 97.879974
38.64322 	 102.92711
42.68241 	 102.30275
39.027927 	 101.19452
39.631306 	 98.30992
46.20971 	 102.32858
43.61287 	 98.395996
48.082718 	 103.88953
51.095802 	 101.697556
52.011158 	 102.37298
49.00016 	 100.5764
45.718872 	 88.88734
53.48822 	 99.66695
52.80845 	 100.70944
54.796272 	 98.275665
57.485786 	 103.987625
60.773228 	 99.93787
61.13289 	 102.29453
62.385136 	 100.14663
62.482628 	 98.13311
66.36068 	 101.35347
63.059753 	 96.896545
65.51829 	 96.1064
70.57146 	 102.33645
68.57091 	 98.87631
69.15813 	 99.99937
72.593 	 102.31557
75.49733 	 102.434784
73.59233 	 100.91475
76.53648 	 98.23275
78.34198 	 103.02007
79.12776 	 100.97941
76.15567 	 99.68826
77.78582 	 99.72268
79.11699 	 100.10782
79.81619 	 101.703804
81.088715 	 101.16809
78.23663 	 102.658875
82.735245 	 104.66312
75.951996 	 97.45443
69.47787 	 90.078476
79.791245 	 103.36627
80.201805 	 98.68584
83.20265 	 103.630844
79.95996 	 99.80643
80.263374 	 101.371414
81.721405 	 102.097855
76.12045 	 92.95805
79.70555 	 102.19042
82.15195 	 102.24747
84.84719 	 104.67139
84.709366 	 101.94112
84.78375 	 104.744385
84.36549 	 100.87651
85.831215 	 103.60953
87.88419 	 102.95453
85.53859 	 103.37059
84.85275 	 100.59346
88.22447 	 102.28612
86.9669 	 101.32892
91.3828 	 105.737076
90.76494 	 103.29569
36.47988  -  91.3828 ,  88.88734  -  105.737076
TensorFlow version: 1.13.1
Found 192 images belonging to 1 classes.
84.71543 	 98.30051
84.93635 	 97.90215
83.87247 	 97.16585
85.54576 	 100.829865
86.66728 	 101.85931
85.940674 	 99.74187
85.59363 	 102.50638
79.99167 	 94.734055
85.436516 	 103.429276
82.21964 	 100.31066
84.64426 	 101.54376
85.88086 	 102.5414
83.44093 	 102.61667
85.33494 	 103.474304
80.068405 	 96.57898
82.831436 	 101.468475
85.46182 	 103.35676
83.03855 	 102.17786
80.12678 	 98.238365
81.60716 	 99.0748
80.079544 	 98.46692
82.16739 	 98.58745
86.45456 	 102.59543
78.2471 	 94.94471
84.72322 	 103.590645
82.516815 	 98.629196
82.5721 	 95.13017
87.71083 	 101.44188
90.56227 	 103.96701
86.37927 	 98.108475
88.2795 	 101.592926
89.894806 	 104.03391
90.89673 	 103.938126
89.38199 	 100.93462
91.47217 	 104.03603
87.965965 	 100.801346
88.37354 	 98.53804
90.87793 	 102.00102
92.05167 	 104.25659
90.901764 	 103.81117
91.98968 	 105.13025
88.36264 	 101.4344
91.230255 	 103.13341
90.747604 	 104.2642
89.64459 	 103.1017
88.49025 	 101.494835
89.86481 	 102.427704
86.78648 	 98.36424
88.771255 	 103.038734
89.74828 	 102.665985
90.02614 	 105.63426
89.99445 	 102.73046
92.410934 	 105.58346
92.232185 	 104.927795
89.43407 	 101.829384
90.49759 	 103.551445
91.55284 	 103.36241
77.07681 	 86.75281
88.55093 	 100.458824
89.92237 	 102.47944
92.2785 	 104.64284
92.69282 	 104.53253
95.40804 	 104.98787
95.15701 	 105.20956
77.07681  -  95.40804 ,  86.75281  -  105.63426
TensorFlow version: 1.13.1
Found 192 images belonging to 1 classes.
87.822586 	 98.66464
88.634445 	 97.58364
92.69884 	 100.958694
89.5834 	 98.421616
93.81159 	 102.3719
92.18322 	 100.85082
92.87842 	 103.71481
90.86439 	 98.76875
93.59752 	 99.37449
94.7529 	 101.94336
94.71957 	 102.59735
89.53749 	 96.21867
90.45304 	 98.73978
90.83582 	 96.121666
93.21683 	 99.73869
94.830185 	 101.93245
88.09875 	 96.08009
91.742874 	 99.26799
86.31053 	 92.4471
92.80456 	 101.091736
82.552216 	 90.658806
91.41281 	 99.38435
93.61365 	 101.53475
87.336494 	 95.90579
90.77308 	 99.4466
93.21147 	 102.025024
90.35852 	 99.40516
92.468 	 101.574646
88.00621 	 94.98415
95.31848 	 104.490776
94.309875 	 102.70932
94.33827 	 102.211105
93.52157 	 101.817085
89.67207 	 97.0513
96.24083 	 104.79412
94.85193 	 103.49832
94.390884 	 103.55192
92.47518 	 102.88484
91.54205 	 103.05936
90.246796 	 99.09242
90.69171 	 100.82286
90.58386 	 101.80347
87.27187 	 97.2005
87.616455 	 97.83858
94.360886 	 103.09146
88.138565 	 96.5199
91.9099 	 102.24695
84.2381 	 93.01827
92.42856 	 102.01529
91.31239 	 103.13609
91.101295 	 102.34508
93.03531 	 103.48292
84.68182 	 93.706024
91.685165 	 103.16249
93.12445 	 104.13365
89.06459 	 97.7169
89.818726 	 98.82033
94.05484 	 102.83761
90.944824 	 99.61072
91.1635 	 99.36731
94.21312 	 105.12784
95.84073 	 105.00015
91.077515 	 100.86067
81.46654 	 88.99495
81.46654  -  96.24083 ,  88.99495  -  105.12784
TensorFlow version: 1.13.1
Found 192 images belonging to 1 classes.
100.1043 	 105.17679
98.76888 	 105.78052
101.15459 	 107.32178
92.87608 	 98.33356
94.15428 	 99.070656
100.79385 	 106.435196
102.380356 	 107.70955
101.41034 	 105.54991
89.07648 	 93.518036
90.72789 	 94.25429
104.52013 	 108.70909
97.29143 	 99.74236
96.210175 	 100.158394
98.022224 	 101.83269
102.41875 	 105.79522
95.83206 	 100.07672
95.12462 	 98.58191
93.465485 	 97.1367
100.29224 	 105.8759
103.238846 	 107.62807
103.53163 	 107.96805
100.57277 	 104.129776
95.46437 	 99.68271
104.625336 	 109.26445
97.563416 	 102.11191
102.453735 	 107.833374
104.20671 	 109.60881
97.29742 	 103.395966
102.28832 	 108.535065
102.2464 	 107.328125
101.10329 	 106.969696
97.72397 	 105.35525
95.11294 	 100.73666
95.98273 	 102.448204
94.63438 	 101.204926
98.28743 	 103.91397
100.870575 	 106.206085
97.78606 	 103.22245
101.145615 	 106.46417
100.38353 	 107.19157
98.67697 	 104.83153
95.59235 	 102.27342
101.04045 	 107.68258
95.11949 	 101.878914
97.55684 	 104.90301
94.77093 	 100.256775
93.57723 	 100.28952
95.96238 	 102.695114
95.96703 	 103.1082
99.21605 	 106.222595
97.948135 	 106.01361
96.1955 	 104.49785
96.28964 	 103.27597
101.37793 	 108.11064
96.56907 	 105.13597
99.59436 	 106.94731
90.15804 	 98.42795
99.11693 	 107.77922
94.19 	 102.549515
99.7182 	 108.97701
93.90501 	 102.41472
89.986046 	 99.94699
95.09802 	 106.06663
94.10606 	 104.3423
89.07648  -  104.625336 ,  93.518036  -  109.60881
TensorFlow version: 1.13.1
Found 192 images belonging to 1 classes.
92.39673 	 102.69304
97.11316 	 108.547
89.61017 	 100.60674
98.12639 	 108.72213
98.05498 	 107.62452
95.18471 	 105.94719
94.47427 	 106.22626
91.28754 	 102.47569
88.00374 	 99.26659
89.87243 	 102.64199
91.82485 	 104.89737
85.60988 	 98.85159
87.18372 	 102.35417
85.74631 	 98.8221
88.52157 	 102.98205
87.834335 	 101.738815
78.08606 	 92.73723
88.609634 	 103.835205
89.734436 	 106.42665
83.931984 	 99.72578
86.475655 	 101.74881
88.75377 	 105.764275
89.61333 	 105.90997
88.79973 	 106.36714
90.39462 	 106.26259
82.86754 	 99.87172
89.66183 	 106.000084
89.03564 	 108.15714
82.95843 	 99.46689
86.82178 	 104.92156
84.257965 	 102.58829
91.25592 	 106.75644
89.94851 	 106.98158
90.25839 	 107.15587
85.34895 	 98.438614
88.626114 	 105.3932
87.878784 	 105.214355
86.12198 	 101.890366
88.185 	 104.57184
85.47945 	 98.35695
90.87015 	 106.03468
85.935616 	 99.5418
92.52533 	 108.40698
87.07181 	 103.23236
84.23542 	 100.16457
84.6019 	 101.02582
90.3853 	 106.53266
89.78826 	 104.88757
89.54228 	 103.29912
92.32752 	 107.15311
90.20575 	 107.14581
90.19635 	 106.71737
89.7761 	 106.66431
90.84584 	 108.07148
88.702774 	 105.667915
87.833115 	 103.106544
87.7287 	 104.286255
88.7285 	 105.11067
90.93244 	 106.92575
87.42139 	 102.56204
92.94609 	 108.09032
88.72761 	 102.87431
85.65587 	 100.64035
77.57945 	 90.36302
77.57945  -  98.12639 ,  90.36302  -  108.72213
TensorFlow version: 1.13.1
Found 192 images belonging to 1 classes.
83.551735 	 105.14128
84.14259 	 104.13739
83.47989 	 100.04241
88.38532 	 107.58527
88.09138 	 105.8654
85.52511 	 103.93341
85.69362 	 105.42708
85.46454 	 102.80402
83.660866 	 101.84888
87.16551 	 104.62567
85.87582 	 102.685356
86.02813 	 105.05894
88.274414 	 107.44781
89.578156 	 108.64118
86.621086 	 101.946045
88.454605 	 101.577866
88.84358 	 103.8132
89.02992 	 106.20029
89.23129 	 102.80094
88.18404 	 104.153336
90.2471 	 102.03743
88.126465 	 103.40399
89.37814 	 104.032936
90.18898 	 104.914085
92.71539 	 105.810486
88.15195 	 103.68565
91.0004 	 106.64223
84.40401 	 99.60527
43.542625 	 47.14541
46.040955 	 47.997932
44.703606 	 47.316093
41.05837 	 45.7898
47.531796 	 44.611588
48.44944 	 47.956337
52.43409 	 53.59253
54.100357 	 56.569164
52.834442 	 56.093628
51.02468 	 50.48379
55.49327 	 52.252724
54.689926 	 51.69995
56.952957 	 53.889904
57.439125 	 58.830795
55.868217 	 56.49032
54.362705 	 57.482056
50.772667 	 57.74275
51.19796 	 56.97937
52.791763 	 55.681793
51.660015 	 58.09075
53.529533 	 61.029877
51.836327 	 61.39058
52.667336 	 61.91281
50.818466 	 63.28206
52.538795 	 66.7787
52.366203 	 67.48257
52.332344 	 69.60199
51.03023 	 69.66826
51.883972 	 73.25432
54.953285 	 71.230576
54.652756 	 68.77583
59.1654 	 68.34531
59.548954 	 71.24599
59.94015 	 69.421646
61.355186 	 68.04648
62.956078 	 70.08818
41.05837  -  92.71539 ,  44.611588  -  108.64118
TensorFlow version: 1.13.1
Found 192 images belonging to 1 classes.
68.35447 	 71.1976
66.56012 	 70.42755
66.92998 	 70.73691
65.3879 	 68.82716
65.14517 	 69.95601
65.33354 	 70.443756
65.0088 	 71.1037
67.639175 	 71.76941
67.30331 	 71.024536
66.77259 	 70.893326
64.04567 	 70.87484
62.69492 	 71.84248
63.356308 	 67.769135
67.698135 	 66.78518
66.19818 	 68.515076
65.89847 	 71.00053
64.836815 	 68.96515
63.208763 	 69.501785
62.82653 	 71.95416
60.822857 	 70.43714
61.883232 	 68.43446
61.483658 	 66.81944
65.687744 	 65.94813
66.36457 	 68.114426
65.038216 	 68.011444
66.132996 	 66.306854
66.0551 	 67.808556
63.096924 	 66.29035
64.91605 	 66.1803
63.36579 	 62.9345
65.11276 	 64.463196
66.46823 	 65.68969
66.625755 	 66.436905
68.05716 	 68.192764
68.79137 	 69.34784
68.514015 	 72.4611
68.08053 	 73.290634
69.24213 	 73.29048
67.22449 	 70.92697
69.06151 	 73.17038
65.82916 	 74.65106
70.135 	 76.097336
71.76944 	 77.606155
72.92117 	 75.31867
70.76492 	 74.54701
70.11 	 74.24263
71.40111 	 73.54981
74.13405 	 74.574486
69.439804 	 73.59323
74.802216 	 75.69625
77.42735 	 73.56172
74.3429 	 73.54663
77.66089 	 76.32318
74.98285 	 73.73841
77.90668 	 73.11939
76.758026 	 73.950775
79.00811 	 72.03312
73.706154 	 69.3467
75.744385 	 66.25896
77.055435 	 67.59044
75.72977 	 64.980194
76.28495 	 64.406006
76.64527 	 65.67432
76.798904 	 65.38649
60.822857  -  79.00811 ,  62.9345  -  77.606155
TensorFlow version: 1.13.1
Found 192 images belonging to 1 classes.
80.88752 	 67.5957
78.643616 	 68.85477
82.29533 	 69.03389
82.18968 	 69.03099
81.37825 	 70.48657
79.70267 	 68.746704
82.70955 	 71.7063
77.80637 	 73.679085
66.762344 	 75.14059
66.74029 	 72.81717
67.13037 	 68.277176
65.28099 	 64.37687
57.378136 	 57.599712
56.93192 	 49.70728
55.46626 	 48.103897
59.220264 	 44.86286
59.697018 	 45.86886
60.067963 	 49.61541
62.45871 	 48.88654
63.603153 	 51.74446
67.36455 	 53.17607
68.85704 	 55.257404
68.226974 	 55.872353
71.44771 	 58.476974
70.943436 	 63.141426
72.65902 	 66.23337
73.62985 	 65.65056
78.84227 	 65.40501
78.300674 	 67.551476
76.71102 	 66.704666
78.12483 	 65.19696
78.39664 	 64.819084
75.35332 	 64.00175
73.90634 	 63.595734
73.145645 	 64.06775
73.99702 	 63.09643
71.132324 	 62.23343
72.35411 	 61.761642
70.65105 	 63.918274
68.31124 	 64.939514
70.38585 	 64.75878
73.7572 	 63.95664
73.466385 	 65.1163
71.29497 	 63.354694
71.030334 	 60.83794
52.367996 	 64.49766
38.64438 	 58.978203
35.578293 	 57.83255
39.173813 	 53.13985
39.772095 	 45.44622
43.35855 	 52.62042
48.04026 	 59.01148
60.333603 	 57.860405
65.2752 	 63.296753
70.32971 	 64.03963
74.182175 	 62.806774
76.77373 	 64.679565
75.29982 	 65.814995
78.98883 	 68.838745
77.75813 	 68.36423
80.91167 	 65.37799
81.89389 	 62.937004
83.49873 	 64.272675
83.871445 	 61.640724
35.578293  -  83.871445 ,  44.86286  -  75.14059
TensorFlow version: 1.13.1
Found 192 images belonging to 1 classes.
76.9039 	 34.691734
80.57161 	 36.231842
80.17153 	 36.046585
79.95671 	 35.461174
80.65379 	 34.093864
83.00168 	 33.740826
83.98588 	 33.396057
78.3473 	 32.53899
79.8933 	 33.11073
74.3802 	 32.632336
81.496765 	 35.589252
76.92296 	 32.132294
82.3622 	 32.97578
80.26401 	 33.038456
77.39854 	 31.76567
75.94988 	 31.488441
85.61824 	 33.0531
83.899475 	 35.176323
84.49642 	 33.69596
85.54231 	 33.780178
86.08105 	 34.139385
77.86681 	 33.23634
86.40777 	 32.6921
83.608215 	 32.03403
84.03352 	 31.048012
82.45317 	 32.402138
81.75328 	 34.20295
68.32886 	 31.884365
80.33118 	 34.83808
83.15431 	 34.783554
86.402855 	 35.76217
80.89078 	 34.62145
81.87666 	 36.300705
85.46069 	 36.605934
79.046906 	 34.380547
78.06045 	 35.212425
82.03471 	 37.013706
85.657074 	 38.124573
86.036026 	 37.969925
86.88171 	 39.79184
82.13581 	 36.576187
86.91615 	 39.40281
89.70013 	 41.54509
90.24452 	 41.681767
89.92923 	 42.67836
86.59219 	 42.628044
88.20868 	 41.10952
88.98729 	 43.64841
79.63986 	 37.971687
89.10617 	 41.340855
90.496445 	 44.743263
90.41872 	 44.451206
84.141174 	 42.101467
91.20781 	 42.948685
87.137474 	 42.70868
86.11187 	 43.08403
87.95877 	 43.408363
89.73298 	 44.60212
88.28708 	 46.21961
82.91364 	 43.277596
88.133316 	 45.485615
83.62513 	 43.798637
84.528 	 41.408104
84.23132 	 44.593864
68.32886  -  91.20781 ,  31.048012  -  46.21961
TensorFlow version: 1.13.1
Found 192 images belonging to 1 classes.
87.269646 	 76.80408
81.82839 	 75.79199
81.34317 	 76.500244
78.14676 	 73.71644
75.86257 	 72.16538
73.67088 	 69.48674
74.777756 	 69.30989
73.43556 	 68.15236
77.68169 	 69.955734
76.75424 	 68.03694
72.614265 	 67.06071
72.34674 	 65.799446
73.29724 	 63.016953
69.63086 	 63.844604
70.32679 	 63.47094
73.03223 	 65.590485
72.87353 	 68.718765
74.59929 	 69.4594
72.51882 	 69.70088
72.30604 	 69.713196
73.67136 	 67.31813
71.752945 	 64.51056
68.293846 	 63.42564
67.88956 	 63.47307
67.34575 	 66.91663
66.35533 	 67.26399
66.86385 	 67.3172
66.43094 	 67.51943
67.86102 	 67.07092
66.5215 	 64.87935
67.282745 	 67.314926
67.928185 	 67.37384
68.34955 	 68.12244
69.257614 	 66.86072
66.737885 	 66.01211
65.47514 	 64.63842
65.35367 	 62.749817
66.57044 	 62.315247
68.0085 	 60.738117
65.7072 	 60.231102
65.12227 	 60.748543
64.717384 	 62.92572
68.79875 	 66.04916
72.7718 	 67.968376
73.36397 	 67.40449
74.70006 	 67.53172
77.16954 	 68.750755
79.21522 	 68.00104
77.526245 	 70.149345
78.91075 	 69.42038
78.74109 	 70.3051
77.54231 	 70.406235
78.60855 	 68.39397
78.446106 	 68.8723
77.79881 	 68.89212
76.77017 	 66.54431
78.84774 	 67.18111
79.24929 	 67.74931
81.21719 	 70.52194
80.31995 	 69.43039
81.43403 	 70.23024
79.82141 	 70.303085
79.97278 	 69.81703
77.87201 	 69.41483
64.717384  -  87.269646 ,  60.231102  -  76.80408
TensorFlow version: 1.13.1
Found 192 images belonging to 1 classes.
76.80983 	 69.36856
77.10147 	 69.93141
80.64839 	 71.56206
79.22917 	 69.79634
78.67279 	 70.544365
77.83214 	 71.15504
78.90248 	 73.83362
80.87094 	 72.33533
81.11388 	 74.65545
80.539185 	 73.5215
78.352234 	 73.0454
77.02315 	 73.490005
79.9763 	 71.960075
79.777405 	 72.52084
79.7925 	 73.85141
79.685455 	 71.93742
76.79725 	 72.50761
78.16867 	 68.71334
71.91834 	 67.32263
74.34164 	 68.567856
74.04373 	 67.09158
74.414734 	 65.35153
73.25429 	 63.103104
70.16811 	 62.781685
69.344345 	 62.314827
71.58648 	 62.55269
66.6136 	 60.104847
67.950966 	 56.9043
65.39995 	 56.922585
64.93681 	 54.48305
65.02189 	 53.041126
60.16208 	 51.462784
62.296783 	 49.23652
59.59273 	 49.477768
58.27959 	 46.590652
60.522003 	 45.047333
58.538048 	 41.493477
54.35467 	 40.106678
53.52453 	 38.857136
52.206474 	 37.25149
52.089172 	 35.9812
50.393925 	 36.39585
46.721313 	 36.198612
47.374443 	 34.259712
44.466595 	 33.87926
43.977913 	 31.52527
42.037262 	 31.823868
40.637268 	 31.22433
40.358948 	 28.360151
37.03026 	 27.905697
34.250565 	 27.244112
32.246265 	 26.160007
31.923485 	 26.819885
26.688433 	 27.661396
24.399403 	 27.105402
22.546461 	 28.020357
23.739697 	 27.480743
20.321865 	 26.727076
18.902876 	 26.480827
19.061256 	 25.53598
19.455185 	 25.996622
20.111504 	 24.589378
18.507648 	 25.138596
18.028484 	 23.93209
18.028484  -  81.11388 ,  23.93209  -  74.65545
TensorFlow version: 1.13.1
Found 192 images belonging to 1 classes.
19.820251 	 21.420158
18.842987 	 21.715626
17.591759 	 21.6747
17.514544 	 22.329609
17.491076 	 22.058786
14.466191 	 21.158968
17.864668 	 21.732868
16.842297 	 20.693905
17.833988 	 22.020752
18.372398 	 21.724411
18.332933 	 22.35305
20.842695 	 23.893553
19.254978 	 23.311447
17.669102 	 24.983496
19.834723 	 24.6826
18.100922 	 25.366693
19.5914 	 26.66943
20.505186 	 27.44516
23.346416 	 28.923208
26.76127 	 31.659283
29.321106 	 32.924408
32.560875 	 34.858643
36.222504 	 38.636196
37.916065 	 41.510178
40.869637 	 44.154095
46.69133 	 45.85018
47.919853 	 47.846493
52.161472 	 51.671303
56.188683 	 52.97429
58.540512 	 53.052704
60.519104 	 55.48286
63.777817 	 55.00992
66.58167 	 55.476097
73.8977 	 58.50905
76.78899 	 60.387184
81.46062 	 61.676308
82.198616 	 63.226204
82.794014 	 64.71584
84.776596 	 69.00127
83.51576 	 67.96286
84.74629 	 68.20911
83.57857 	 66.74698
82.595985 	 68.51596
85.433365 	 68.102486
83.78257 	 68.94971
80.193954 	 65.872925
86.92874 	 69.23276
84.67034 	 69.17084
82.427505 	 67.50076
87.49362 	 70.96457
87.15129 	 72.14609
89.40329 	 72.59723
87.83774 	 77.35367
82.97843 	 72.34537
83.771385 	 75.41435
83.56093 	 76.039314
84.16677 	 76.70499
80.42189 	 77.09883
79.31682 	 72.1712
82.51522 	 73.366554
80.57293 	 71.00555
80.47885 	 70.59205
78.17668 	 74.92806
79.0264 	 72.67154
14.466191  -  89.40329 ,  20.693905  -  77.35367
