18.453037 	 110.27774
18.820711 	 110.48808
20.924812 	 103.73821
19.71725 	 108.91159
19.434189 	 108.81389
20.152534 	 105.09464
22.251907 	 101.559784
16.848864 	 106.60542
23.530504 	 105.62111
28.759247 	 102.19552
32.394024 	 105.06604
33.85695 	 105.561646
36.395714 	 99.32994
30.036808 	 103.53869
26.524605 	 101.41977
21.992414 	 108.02191
19.761246 	 108.37532
15.166445 	 106.44671
12.909304 	 99.557175
10.928022 	 108.42468
10.961422 	 109.05783
7.8977394 	 97.673325
7.262303 	 110.18588
5.822382 	 108.87342
5.292989 	 109.76254
5.19752 	 110.451096
4.1165843 	 109.3449
2.9501944 	 109.99751
2.5841336 	 94.36351
1.7202337 	 105.330826
1.3245621 	 108.28055
1.3852592 	 109.74882
1.549545 	 106.39371
2.3331013 	 107.5028
2.274828 	 110.37217
2.0760646 	 109.35739
2.290233 	 107.87135
1.6816598 	 102.72327
2.3968165 	 107.36864
1.0023444 	 106.88509
1.9658735 	 103.68569
1.4828126 	 103.46924
1.3683187 	 100.739914
1.6653103 	 106.11555
1.7893071 	 104.96878
1.0487031 	 101.844086
0.37605 	 109.101326
2.2001874 	 105.948784
3.9931521 	 95.12276
4.948622 	 103.08472
6.3965826 	 95.42306
6.7118278 	 101.76953
5.8140197 	 104.72364
5.2462063 	 101.60533
3.323262 	 99.67108
1.609468 	 105.28825
1.6981646 	 107.56998
2.4540865 	 99.773445
1.5716186 	 109.07188
2.7831721 	 109.28403
2.3924124 	 107.61905
3.4131885 	 108.94182
2.2270958 	 107.74103
2.553985 	 108.591034
2.1063166 	 107.62329
1.9926732 	 109.67583
4.125382 	 108.502594
5.561297 	 108.39339
5.9968705 	 107.94763
6.6927757 	 104.27333
7.4757595 	 106.378204
8.798545 	 107.24527
6.0833983 	 104.62929
4.266107 	 106.436874
3.7430859 	 107.54053
4.518905 	 105.74562
1.7507175 	 106.34126
3.582518 	 106.7258
6.579019 	 104.77107
7.4848537 	 108.30278
9.473944 	 98.61161
12.510058 	 108.595665
9.165755 	 107.58577
5.90368 	 106.49946
5.702694 	 110.57065
5.331615 	 107.52411
4.211141 	 106.70663
4.3341246 	 108.0576
4.187747 	 110.74899
6.899414 	 108.74075
6.285645 	 97.10394
5.776059 	 106.54496
6.109974 	 106.31369
5.406389 	 105.297195
2.1627188 	 97.1244
1.874353 	 111.15805
0.56690025 	 110.16731
0.3088932 	 103.297134
0.41529197 	 109.21767
0.5022912 	 105.38504
0.5539659 	 112.08073
0.3623765 	 108.281815
0.30584496 	 110.55533
0.19853847 	 111.36075
0.11678834 	 111.88328
0.39956808 	 111.08331
0.13415849 	 108.76705
0.22060518 	 110.51103
0.65744317 	 108.67343
0.8785395 	 96.98503
1.4865507 	 111.529205
1.9986508 	 111.59477
2.1066518 	 106.13762
2.512248 	 104.70979
3.898624 	 109.337685
8.092167 	 106.35887
11.377668 	 109.2159
12.416412 	 105.70634
9.465164 	 107.05713
7.98325 	 109.57831
15.722424 	 106.118034
18.89088 	 102.268456
18.671719 	 107.219215
17.22033 	 106.33369
17.621687 	 108.22151
17.85474 	 108.554565
22.478897 	 105.158485
20.85062 	 104.424515
26.344471 	 108.595215
25.276299 	 110.00511
25.825922 	 106.81755
18.044191 	 106.44157
15.991531 	 107.460625
17.440914 	 108.11769
18.197748 	 109.78109
21.034452 	 106.06458
20.724823 	 105.46129
17.089275 	 105.18139
16.906258 	 108.582855
18.48668 	 104.16806
19.47522 	 109.30722
18.903818 	 100.89389
19.844803 	 107.58856
16.774797 	 108.293396
14.484487 	 108.36989
13.957599 	 108.04593
13.540504 	 109.24469
19.87437 	 105.43036
25.571419 	 96.90999
25.60017 	 105.23976
18.59706 	 107.42776
24.22439 	 106.65019
22.209755 	 101.45303
21.508858 	 107.33061
24.676989 	 107.71644
28.68623 	 102.50984
32.159077 	 99.1127
31.168552 	 105.68687
18.59706 	 68.80811
21.483763 	 105.86081
19.202787 	 109.31848
14.668264 	 107.26631
12.334787 	 107.755905
15.341574 	 101.86757
2.9788368 	 107.90445
6.916935 	 103.51085
15.665134 	 104.36487
14.645127 	 104.384834
18.627638 	 102.45834
24.000618 	 101.53401
20.055164 	 105.0567
18.475143 	 105.84581
16.326103 	 106.33165
14.359425 	 107.89988
8.191456 	 109.56055
7.932549 	 110.51152
6.7312374 	 108.88481
6.6532288 	 109.45221
5.1221666 	 108.83321
3.9964895 	 110.94974
3.499423 	 107.02776
4.0196657 	 110.21353
3.8473096 	 108.69971
4.398774 	 110.50465
3.967285 	 109.65091
4.0714426 	 110.85748
3.6519992 	 111.13019
4.625103 	 110.42832
4.4111195 	 107.14293
4.491557 	 110.77043
4.521208 	 108.95648
4.358819 	 106.777405
3.6136131 	 104.76129
2.3953304 	 105.55603
2.7404125 	 104.153305
1.849567 	 108.56995
5.595515 	 99.09738
5.4289293 	 100.881424
3.818884 	 105.77521
5.8209953 	 107.716644
4.8522954 	 107.04787
4.9244666 	 109.09323
5.438803 	 107.5396
6.555989 	 108.02365
4.983554 	 107.27547
4.790871 	 99.78038
5.4217606 	 106.991615
5.9098215 	 97.34732
4.7709446 	 105.90729
4.360191 	 106.81285
4.896899 	 92.90819
5.670399 	 101.72194
5.505477 	 99.98514
6.0758934 	 100.695465
6.3877964 	 102.826515
5.9820457 	 101.21004
5.08237 	 102.25877
3.5491233 	 104.74485
3.19409 	 106.54765
3.3948011 	 100.84694
3.941412 	 102.54782
7.4759436 	 105.86016
8.868477 	 109.297295
10.033077 	 107.81291
10.245206 	 108.324585
6.783315 	 106.92603
6.5748577 	 107.964935
5.724577 	 106.96239
5.2239113 	 110.21889
5.1405125 	 109.87323
5.0123215 	 109.56752
5.6260357 	 109.174774
8.766462 	 107.3436
9.3333235 	 109.3367
8.135468 	 109.90558
7.676751 	 103.01221
5.3869424 	 107.21916
2.8673565 	 106.45224
2.160839 	 106.9981
0.5598602 	 94.93796
0.47304237 	 104.72211
0.6473588 	 111.07364
0.89084077 	 108.40335
0.24640265 	 111.58542
0.16648637 	 103.776085
0.35333836 	 108.645966
0.18644673 	 109.85456
0.27975702 	 112.06917
0.30485305 	 106.31429
0.052842535 	 109.669846
0.39434168 	 110.99134
0.6519878 	 107.76834
0.7929094 	 106.12481
0.5621249 	 111.668526
0.8185699 	 111.79567
0.8938309 	 108.820175
2.4864304 	 108.85692
3.2994998 	 107.36276
6.2666097 	 105.37539
11.739286 	 107.40113
13.05006 	 106.06087
6.645728 	 107.55072
8.116116 	 102.66908
15.798956 	 101.90633
12.1057205 	 103.41535
14.529764 	 102.20735
14.621889 	 104.59082
12.521013 	 102.665054
13.109584 	 100.74057
19.951023 	 103.00084
17.942963 	 104.69086
17.18991 	 101.34798
16.62172 	 107.20442
15.249806 	 106.90644
9.523929 	 103.88904
9.858964 	 105.44612
9.616737 	 102.842354
11.247488 	 106.33354
12.518989 	 101.99044
12.927356 	 104.58102
12.89567 	 106.935394
13.682821 	 108.31938
15.067893 	 105.34686
11.205887 	 106.97332
9.706272 	 106.7025
9.092461 	 104.74027
5.9729156 	 107.92802
7.7934895 	 107.99202
9.427342 	 109.13897
13.41214 	 104.34439
15.833937 	 105.89601
17.118805 	 106.71799
14.056828 	 104.82331
9.073576 	 101.718796
12.823534 	 103.10176
10.547356 	 102.95116
10.890953 	 98.61575
12.252349 	 102.677124
16.43366 	 105.30534
16.883715 	 106.89091
16.889332 	 104.5654
16.080315 	 103.01665
17.754501 	 101.47064
21.214287 	 104.49054
20.350021 	 103.40009
18.15863 	 105.65587
16.417175 	 108.4872
13.471237 	 108.85669
9.121723 	 109.38165
7.797344 	 108.247406
6.6417813 	 108.92458
5.782397 	 102.76468
4.751438 	 106.09325
3.1266108 	 109.550674
2.500075 	 109.25971
3.941906 	 109.88016
3.9281652 	 108.96176
3.748333 	 110.676895
5.683419 	 103.41076
29.129917 	 65.807755
38.92736 	 51.362778
19.602869 	 75.701324
0.8878001 	 102.3069
1.0084317 	 97.64375
7.7925277 	 102.13724
8.431739 	 106.25119
16.67223 	 84.5507
4.323417 	 102.20302
4.9770813 	 102.644455
6.6728754 	 98.74428
6.3901854 	 99.382645
5.9375424 	 100.15999
3.6295488 	 98.74356
3.4016867 	 102.43727
2.2034595 	 105.21996
2.8721404 	 107.84364
4.262117 	 110.13901
4.5342627 	 109.57673
5.383031 	 106.05386
5.4512587 	 108.10301
4.9282355 	 102.99119
2.187212 	 106.0022
2.516495 	 108.26099
3.9680371 	 103.74346
4.450678 	 106.083786
4.265391 	 108.32973
4.93036 	 107.157814
5.3979487 	 106.189896
3.993539 	 103.43907
3.4131913 	 98.87021
3.2389083 	 104.52696
3.7550006 	 107.33058
3.1483412 	 108.59624
3.7551951 	 110.07356
3.7458234 	 109.22438
4.6948833 	 106.34203
5.2338114 	 105.77624
4.4686775 	 109.16266
4.0441117 	 106.30315
3.087541 	 110.98683
2.2579246 	 107.058304
1.8292689 	 103.532104
2.3230388 	 110.270355
2.8184626 	 109.7155
3.017313 	 108.47932
3.6574187 	 107.73775
4.031657 	 104.73762
3.8866334 	 107.32466
2.1037855 	 111.74597
1.6773059 	 111.19089
1.0960346 	 108.25827
1.2214574 	 109.05765
0.21409678 	 110.97876
0.37675622 	 107.65686
0.3281254 	 110.95281
0.5491355 	 111.2157
0.65788925 	 110.1435
0.6076629 	 107.442566
0.4506505 	 110.33254
0.75647897 	 108.73163
0.52039915 	 100.00519
0.277792 	 109.72861
0.26645082 	 109.841446
0.19049078 	 110.09361
0.23141305 	 101.826065
0.26374453 	 110.71801
0.121499516 	 105.742294
4.865931 	 97.686005
4.7709937 	 97.331924
4.6181755 	 91.191284
4.79757 	 90.24708
4.7994547 	 91.8522
4.8239126 	 98.05325
5.2494454 	 92.57185
5.1516266 	 76.02257
5.948038 	 100.358765
4.5787015 	 100.222984
5.164295 	 104.4122
5.0776725 	 95.53974
5.2592754 	 97.459854
5.1865387 	 97.47421
4.8738585 	 99.5507
4.9022527 	 100.73021
4.9521055 	 98.33801
4.3158684 	 90.23597
4.261406 	 86.90027
3.6316872 	 99.400246
4.515456 	 96.00923
3.1118054 	 88.53766
3.5699148 	 98.246185
3.573935 	 99.15947
3.4754992 	 76.32142
2.8088245 	 89.1482
2.9195228 	 99.82994
3.9431062 	 89.15805
3.362804 	 95.52719
3.5679016 	 100.32761
3.6608918 	 97.41554
3.2796373 	 94.50157
3.4336777 	 94.176834
2.9257655 	 101.92839
2.9806657 	 95.74034
2.8102105 	 93.693596
3.0408125 	 84.14467
3.2356832 	 99.528824
2.9581265 	 91.506134
3.4411898 	 93.69441
3.5818458 	 100.155975
3.4619389 	 83.723366
3.9129481 	 88.255005
3.9012487 	 91.77852
3.8759246 	 95.34018
4.302865 	 99.84396
3.1463478 	 95.77254
2.7507076 	 90.06906
3.463767 	 91.40331
3.1673236 	 97.21751
3.2961032 	 89.06586
2.9498918 	 102.45154
3.6435995 	 96.235535
3.072988 	 83.00901
3.3239524 	 88.75266
2.8783503 	 100.86093
3.0581608 	 94.832985
2.863758 	 89.91841
3.7631555 	 87.53288
3.3574326 	 100.61076
3.5000947 	 97.69325
3.9428964 	 102.33595
3.4579527 	 87.86522
3.8072143 	 101.62506
3.4012704 	 96.19003
3.4571757 	 97.34297
3.506137 	 90.15398
3.7827232 	 92.86518
3.9489045 	 91.23127
3.4050639 	 105.49447
3.5853603 	 97.64113
2.9585197 	 101.97551
3.7890482 	 96.977234
3.5700216 	 65.72884
3.775119 	 87.837296
3.5323265 	 98.29292
3.5552802 	 84.545074
3.344754 	 98.07619
3.6158485 	 97.51701
4.2095957 	 97.40683
4.184387 	 99.33009
4.010291 	 97.352005
4.566394 	 93.72536
5.2252045 	 94.55022
4.6883993 	 89.15596
4.9194784 	 102.465
4.4191523 	 99.78809
5.262992 	 95.4868
5.4182286 	 106.7038
5.587028 	 100.48923
4.3016224 	 102.29698
5.527606 	 96.104935
4.723622 	 108.741486
5.4128923 	 104.17326
5.2712994 	 94.59378
5.020588 	 95.33445
4.7678537 	 92.87746
4.7993746 	 100.02073
5.408178 	 95.678085
3.99692 	 106.48146
5.0766873 	 105.87363
4.4511604 	 95.23363
4.562624 	 88.46428
4.3259053 	 105.513245
4.5507083 	 89.70357
4.6258116 	 105.039734
4.33799 	 95.688354
4.540866 	 96.47362
4.3316894 	 98.83389
4.2736483 	 86.08601
4.154683 	 98.03395
4.0602036 	 102.643234
3.957975 	 106.021774
3.6392415 	 92.84806
3.605949 	 106.08238
3.726135 	 100.88866
3.9826446 	 98.10156
3.741424 	 107.059746
3.6313944 	 103.379
3.369399 	 81.94281
3.5443134 	 97.9167
3.3032966 	 101.70317
3.8516045 	 103.80325
3.1436987 	 99.56265
3.8598166 	 100.30513
4.097433 	 103.15468
3.9996264 	 98.88759
4.0840974 	 99.797646
3.8710496 	 106.27911
4.36662 	 105.76637
3.3231592 	 108.72802
4.266454 	 86.43599
3.1632404 	 108.22916
3.6472092 	 98.17574
2.6281958 	 96.98787
3.2667143 	 104.334465
3.133011 	 94.70993
3.6018827 	 100.75691
3.161222 	 89.34854
3.8071551 	 97.10885
3.4787655 	 106.58136
3.1142156 	 105.104546
4.0752735 	 95.93005
3.2173471 	 89.31475
3.5727196 	 101.44075
2.706623 	 99.17299
3.2047596 	 97.219666
2.4973588 	 92.056274
2.865484 	 103.430084
2.3527408 	 97.20079
3.349653 	 84.28369
2.420181 	 106.347694
2.9034896 	 107.09447
2.816742 	 87.72041
3.4170957 	 92.27754
3.154583 	 101.77276
3.0138679 	 89.65866
3.4841542 	 93.10115
2.5408878 	 109.412285
3.2741163 	 101.44689
2.50109 	 95.39844
3.317317 	 100.82291
2.451608 	 102.28833
3.0913472 	 104.14418
2.812765 	 108.27124
3.0517082 	 95.03847
3.0834963 	 105.90904
3.0781207 	 103.956696
3.2672057 	 104.13344
3.1990366 	 94.52429
3.222587 	 101.66863
3.173345 	 89.621475
3.4791179 	 103.37189
3.0080914 	 97.86696
2.7551317 	 105.95622
3.4148202 	 100.73141
3.438058 	 108.26523
3.4097302 	 104.43576
3.1231208 	 97.11203
3.745094 	 107.6075
3.4305267 	 102.875595
3.4481597 	 79.35245
2.8652544 	 96.215225
2.82609 	 97.72623
3.0082955 	 98.6757
3.4521525 	 98.08256
3.6351182 	 107.19539
3.354752 	 102.320694
4.2265444 	 100.74696
4.159497 	 89.80982
4.4764104 	 106.177505
4.3903117 	 103.85483
4.264934 	 107.531906
4.072092 	 102.36301
4.195659 	 109.59618
3.493279 	 102.67671
4.1118855 	 98.72832
3.6462831 	 109.226166
4.179066 	 106.99774
4.0079217 	 98.50312
4.162427 	 101.97723
4.213099 	 97.69037
4.409051 	 98.94382
4.2927985 	 106.80685
3.8839707 	 84.87273
3.563836 	 101.24166
3.9225447 	 95.89641
4.1692553 	 104.540245
4.301177 	 89.2461
4.846119 	 106.28894
4.502966 	 102.56427
3.9774854 	 96.02063
3.9326854 	 103.54277
3.2586246 	 109.98384
3.4111016 	 103.168076
3.3797467 	 103.56296
3.1724286 	 100.58647
2.732491 	 107.034
2.5374408 	 104.62197
2.875496 	 106.73807
2.1148324 	 106.4659
2.626182 	 99.6604
2.1437123 	 106.19334
2.52337 	 106.996765
1.9715433 	 104.47255
2.7903876 	 101.975494
1.9860519 	 105.19219
2.3360643 	 94.00959
2.1011984 	 95.66686
2.3408504 	 107.17337
1.9565423 	 103.49603
2.552794 	 95.91701
2.0848947 	 107.7307
2.0648293 	 99.1932
2.2973318 	 105.6302
2.0571952 	 98.52351
1.8727851 	 107.54825
1.5649356 	 106.57951
1.6958122 	 104.78293
1.4392204 	 106.99814
1.8792615 	 76.38193
1.6651673 	 101.060715
1.7510592 	 104.8922
1.213407 	 102.77585
1.5227878 	 94.6582
1.173698 	 103.222015
1.4950317 	 96.7639
1.8119253 	 98.7193
1.8505297 	 104.23274
1.3761668 	 108.620964
1.5877787 	 99.78398
1.5053368 	 91.195244
1.483415 	 106.392
2.0104656 	 106.07904
1.3217996 	 105.010956
1.251447 	 85.43086
1.2191188 	 83.49223
1.1835966 	 104.89914
0.6070035 	 106.17813
0.6703924 	 98.53593
0.4009156 	 87.92386
0.44492 	 78.62924
0.5297089 	 109.03175
0.5284019 	 86.427505
0.34168917 	 99.82064
0.52052474 	 104.84636
0.5685818 	 106.95027
0.37408537 	 95.12471
0.5257669 	 91.359375
0.4243002 	 93.9258
0.33451432 	 101.076065
0.48628086 	 103.9791
0.71848065 	 105.76234
0.4520481 	 106.990875
0.5453529 	 98.60533
0.6503382 	 108.02492
0.715087 	 93.18477
0.8380265 	 106.110954
0.5187863 	 110.03804
0.7089556 	 104.4333
0.86612046 	 109.92761
0.71643984 	 104.58363
0.7384835 	 108.5876
0.49125156 	 91.5108
0.7435902 	 88.953415
0.7272186 	 104.061714
0.8593521 	 97.72429
0.9490359 	 98.93945
1.398233 	 100.92864
0.7345538 	 99.45013
1.3913251 	 105.51474
1.1843185 	 89.86377
0.7214813 	 105.876434
0.8010181 	 97.05807
0.820476 	 109.47176
1.0017056 	 92.08064
0.85914516 	 104.5258
0.88967127 	 83.26787
0.83657146 	 90.167786
0.747741 	 97.050186
0.6683527 	 96.20404
0.91385925 	 99.50779
0.6296277 	 105.76184
0.93673414 	 89.23811
0.6896471 	 100.86869
0.7789047 	 107.31144
0.7854833 	 93.01837
1.1229591 	 102.71182
0.7177809 	 90.09941
0.96660626 	 107.7742
0.9648846 	 104.01112
0.74118555 	 108.02099
0.70654005 	 94.447365
0.8523865 	 98.51408
0.85372144 	 99.86269
0.9216578 	 107.04811
0.71319145 	 90.45065
0.59828126 	 108.32776
0.8605983 	 98.011475
0.5753167 	 111.017334
0.88703305 	 108.734375
0.77281487 	 104.89351
0.90953076 	 107.37393
0.6945071 	 89.52664
1.1293695 	 97.35246
0.9979887 	 99.21156
0.88525385 	 106.2144
1.0184922 	 86.178375
0.7990718 	 102.37041
0.9755933 	 91.96522
0.8286204 	 99.941444
1.278498 	 99.19627
0.7557433 	 78.31595
0.8059545 	 100.89993
0.6590391 	 101.75949
0.9415093 	 96.99298
0.7556844 	 91.28777
0.59488726 	 107.36015
0.49568075 	 99.86505
0.5847264 	 106.57841
0.57505125 	 103.8607
0.355799 	 94.245636
0.56281996 	 108.137314
0.2604036 	 106.49504
0.4766049 	 92.91284
0.5773778 	 102.14426
0.5005559 	 100.706154
0.57520086 	 104.610825
0.57236826 	 105.87634
0.6455315 	 104.444725
0.34525424 	 83.707504
0.4049185 	 107.80917
0.4539923 	 101.77198
0.29699224 	 99.71769
0.4686306 	 93.96419
0.3727861 	 95.49005
0.27934408 	 103.17928
0.35020036 	 94.9162
0.2560493 	 109.69887
0.35634524 	 99.08641
0.34798256 	 101.33237
0.3254514 	 100.353645
0.39777973 	 106.50533
0.65388316 	 92.4684
0.61444587 	 99.30763
0.2601956 	 105.87851
0.505603 	 106.08147
0.1872058 	 101.01987
0.54179764 	 105.45547
0.25072166 	 107.49017
0.37110347 	 100.84981
0.29951745 	 94.61479
0.15374659 	 102.35075
0.19895557 	 104.12178
0.21690771 	 104.71348
0.13898027 	 98.44448
0.30429012 	 106.31893
0.22310734 	 97.022736
0.41237462 	 95.96132
0.2148151 	 86.312935
0.21747418 	 101.20787
0.22521278 	 99.11426
0.37674645 	 91.56023
0.29382017 	 108.25966
0.2399706 	 103.24786
0.25272593 	 99.51526
0.2035172 	 97.45332
0.08871642 	 101.53586
0.13836497 	 96.32512
0.2755463 	 104.79593
0.2541961 	 105.90263
0.3833413 	 102.419876
0.18600209 	 104.45866
0.46673352 	 106.84476
0.042678062 	 100.58015
0.2341479 	 79.566055
0.045700718 	 89.74016
0.10166124 	 98.57144
0.15273042 	 104.316956
0.13531858 	 105.69222
0.120778136 	 104.76083
0.23882331 	 103.507904
0.21895322 	 94.242096
0.11974953 	 106.681984
0.17768466 	 106.28054
0.24933168 	 94.272575
0.12103386 	 102.8244
0.20197833 	 82.44397
0.124971524 	 86.50557
35.121277 	 91.44221
38.73919 	 92.71535
39.39335 	 89.12665
41.382446 	 90.47397
39.093704 	 92.39299
34.34973 	 95.28061
30.484455 	 98.99863
28.171041 	 99.850555
28.561077 	 98.80884
33.405243 	 98.08591
35.358612 	 97.5982
38.007385 	 99.89387
37.824486 	 103.75034
36.68789 	 102.37115
38.299553 	 102.53627
37.76129 	 97.661674
38.090477 	 99.45851
39.113007 	 97.45474
39.436653 	 97.93744
36.749363 	 100.482315
37.006546 	 98.768036
37.537216 	 99.19963
37.055763 	 92.7756
34.507324 	 100.20828
33.450775 	 96.74702
34.82808 	 99.688286
32.682198 	 87.48226
30.469006 	 100.31574
29.708515 	 99.288055
31.143171 	 99.82097
31.929459 	 101.44606
34.54148 	 103.39749
35.172752 	 99.73601
34.001423 	 104.819984
35.815582 	 100.869606
34.907066 	 105.37845
39.23519 	 105.40661
37.016197 	 103.31285
36.77346 	 105.43071
37.03715 	 105.04826
37.758022 	 105.974525
34.65777 	 107.49247
35.60784 	 105.95298
34.75583 	 105.68332
35.447315 	 102.73936
36.176804 	 102.44621
34.602886 	 105.23874
35.86386 	 105.41177
38.732033 	 106.51094
39.564625 	 107.73949
37.891163 	 104.96926
34.91343 	 104.06166
37.45379 	 104.552475
35.69371 	 105.765076
34.05504 	 104.37341
35.07751 	 104.56386
36.823364 	 104.06081
38.301743 	 105.99454
37.149582 	 107.999756
35.62327 	 107.170715
37.03746 	 106.796555
38.994057 	 108.427216
38.98461 	 107.49101
40.386593 	 106.9226
40.034542 	 99.46739
42.39325 	 106.62467
42.45704 	 107.83746
39.32413 	 108.87164
39.872543 	 107.21335
38.61593 	 108.756744
37.907204 	 107.69479
36.214195 	 107.859474
35.36671 	 107.655945
33.429634 	 103.46565
35.97702 	 107.91606
34.50157 	 107.05766
31.51278 	 101.8
31.579664 	 106.10086
31.721594 	 106.72005
30.46841 	 107.87663
32.557495 	 106.94695
33.464638 	 104.54105
31.790764 	 107.69269
32.79824 	 106.37839
31.752552 	 106.02907
29.734535 	 107.160355
29.977352 	 105.27522
29.279217 	 106.06445
29.498428 	 105.15904
29.516983 	 98.04959
30.79018 	 107.95746
29.64642 	 106.9825
32.356937 	 107.09129
34.181488 	 102.341324
33.134323 	 105.83421
33.40014 	 91.53287
33.80969 	 104.9108
35.563705 	 104.434555
34.46814 	 101.161606
36.50591 	 104.5177
37.573006 	 104.39017
36.063065 	 107.128944
37.4703 	 103.90171
36.498177 	 106.72411
35.022163 	 92.69086
36.14844 	 107.63742
34.520927 	 106.49211
32.487366 	 105.00169
31.449648 	 98.158226
36.09426 	 97.44415
41.508102 	 96.66725
43.27263 	 96.828995
47.82775 	 92.51198
49.063477 	 93.95325
51.418053 	 92.09248
50.677086 	 94.66644
49.567215 	 97.8012
49.118324 	 98.78337
49.21773 	 102.52507
46.047203 	 98.71298
46.809128 	 102.25634
43.360046 	 100.66745
43.951836 	 104.92881
42.213684 	 103.89402
36.77011 	 105.95676
37.870644 	 106.96579
37.13943 	 106.74054
38.053032 	 107.780685
36.715813 	 104.93469
37.197796 	 107.74806
37.756157 	 107.665985
36.913177 	 105.33037
38.926342 	 95.99069
37.858982 	 105.86849
37.772324 	 107.89965
38.503895 	 105.3427
39.00924 	 107.862015
39.085 	 107.57016
35.88463 	 108.45543
36.180573 	 107.92976
35.281574 	 105.62857
35.206345 	 105.90251
37.517036 	 108.645874
37.409462 	 107.83023
42.137524 	 101.94475
36.913406 	 87.24155
43.99636 	 70.59042
43.739227 	 68.583855
51.354996 	 61.190678
50.013157 	 66.9596
45.56883 	 72.097466
43.069035 	 74.42861
41.891342 	 91.20776
41.95964 	 96.36734
40.666573 	 99.33777
43.587494 	 102.633736
39.34056 	 103.52199
37.349113 	 103.72647
35.506897 	 106.66427
37.50132 	 106.37636
40.537228 	 108.90371
39.87053 	 106.926796
42.593216 	 107.948326
41.05611 	 106.368706
39.639725 	 107.96186
38.46133 	 107.97022
39.520275 	 108.80598
39.62506 	 106.06445
42.242874 	 108.90101
44.21541 	 109.51392
43.50539 	 105.0686
44.79883 	 106.30798
42.877556 	 105.5392
42.431602 	 106.9223
42.907974 	 101.3674
43.92608 	 106.702995
44.67737 	 109.09793
44.085144 	 106.77653
45.353203 	 104.55377
41.93409 	 107.11369
44.785034 	 107.562675
43.425156 	 106.996735
43.27686 	 105.66046
43.78454 	 108.748
45.822037 	 98.11859
45.10484 	 108.17639
47.64585 	 108.13045
47.746704 	 106.72114
47.03824 	 105.05195
43.773407 	 105.26703
42.338314 	 99.91531
41.486122 	 105.38206
40.64982 	 106.0068
40.47757 	 103.91139
39.48739 	 107.97376
40.120384 	 104.88022
38.247673 	 105.42473
38.548462 	 104.86411
41.234287 	 94.162704
37.575493 	 105.929535
38.91885 	 108.02176
39.24487 	 107.7842
41.109634 	 105.57172
39.757965 	 100.287964
37.926693 	 107.723755
36.913826 	 108.99553
34.18579 	 109.924515
32.779182 	 109.07439
32.675495 	 107.05545
32.19628 	 107.3531
33.577538 	 109.47284
30.545078 	 103.19275
32.213745 	 109.83354
32.268463 	 110.06386
31.92218 	 108.92503
30.721136 	 107.48572
29.0606 	 108.682205
29.075142 	 109.94843
25.879269 	 108.87686
24.647305 	 108.17734
25.295975 	 109.89712
23.05972 	 108.22566
22.850079 	 107.75508
22.596226 	 107.86797
20.856335 	 106.02486
22.67433 	 107.639984
23.917938 	 108.35651
22.415512 	 103.531204
22.490372 	 101.00087
22.798487 	 105.62521
22.394255 	 106.15639
22.494 	 107.673615
25.339733 	 96.89537
23.9125 	 104.057785
24.695377 	 98.63016
26.330387 	 106.10446
25.920895 	 105.48827
28.376211 	 102.82341
28.73089 	 104.51328
29.867641 	 104.799805
31.003029 	 99.96263
30.716345 	 95.41514
29.411243 	 105.60872
29.59712 	 103.81885
26.991352 	 105.02219
25.340782 	 104.45877
24.884995 	 102.97858
25.866364 	 104.41385
26.786484 	 103.55248
27.902554 	 101.12486
28.766827 	 95.75182
26.488846 	 93.42635
25.610107 	 92.88502
26.451508 	 91.672
26.052643 	 92.53128
24.98723 	 92.05434
25.912823 	 88.04968
26.68348 	 91.9785
26.461287 	 91.348564
26.079248 	 92.230774
25.50973 	 89.71846
26.060741 	 89.07745
27.37137 	 90.0077
27.481049 	 86.71629
28.76355 	 89.997406
31.940826 	 88.962204
33.622807 	 93.23366
33.02955 	 89.86806
31.955946 	 93.13173
31.122356 	 92.688095
30.38987 	 91.65674
29.392902 	 99.148865
32.558575 	 100.263535
32.23922 	 103.729675
28.884897 	 104.31706
29.735119 	 105.35884
29.486301 	 102.69635
27.584194 	 108.36523
27.640236 	 100.433975
27.359365 	 105.28987
29.167343 	 108.56494
29.29868 	 105.60751
27.78178 	 103.15571
28.70279 	 109.49952
28.615538 	 107.58157
28.211262 	 109.258194
26.95573 	 107.7794
26.529095 	 109.391525
24.112637 	 108.00523
23.948689 	 107.610085
26.79199 	 103.42803
24.500797 	 108.24144
24.004974 	 109.72733
24.986351 	 109.351295
23.306316 	 103.51326
23.91628 	 110.38469
24.719715 	 105.25994
24.47813 	 106.552986
23.719524 	 108.680176
22.934631 	 109.83221
22.97547 	 109.491486
24.578945 	 107.24496
23.430386 	 108.08675
23.597118 	 108.07895
24.925129 	 108.362915
24.138569 	 108.497055
25.700375 	 108.77637
26.64721 	 107.4189
26.756256 	 107.97035
27.943691 	 96.96734
27.365686 	 108.59596
30.366032 	 107.52701
30.465145 	 107.54515
31.602304 	 105.52403
32.47437 	 97.83354
31.74938 	 105.784775
30.4469 	 104.22288
30.71267 	 103.40082
31.532433 	 102.458176
33.175777 	 101.87786
32.350105 	 97.928894
33.72003 	 92.2163
33.534103 	 97.71758
33.20249 	 97.41614
35.558975 	 98.37504
36.154358 	 100.80737
36.667816 	 99.77995
37.432976 	 99.46981
38.163475 	 89.12269
38.906017 	 98.32744
38.40503 	 95.226425
40.57914 	 94.62979
38.762764 	 95.86744
37.00159 	 92.85266
36.527702 	 92.18422
39.425674 	 89.40785
38.024246 	 86.527664
39.497444 	 88.87691
40.57628 	 81.87841
40.356144 	 88.52916
41.262074 	 84.95564
41.621704 	 83.76987
40.91008 	 81.17738
40.33381 	 77.57926
42.22068 	 73.49881
39.81363 	 70.5336
39.193733 	 72.060936
38.550865 	 67.5094
40.12983 	 72.89906
39.23613 	 72.6962
41.149277 	 68.624016
42.966057 	 71.022194
40.27964 	 70.179184
43.281357 	 71.971176
41.94227 	 69.792816
43.102028 	 72.38519
36.010033 	 70.15842
35.287422 	 66.974884
33.55507 	 70.56938
32.402534 	 69.5322
33.22069 	 70.04936
33.54505 	 69.170166
32.39924 	 71.51853
31.670444 	 70.40819
32.85495 	 72.595
31.387917 	 75.41351
33.08619 	 75.40369
32.201088 	 69.82109
32.163933 	 74.734406
29.822147 	 72.30911
29.618866 	 73.207565
28.76583 	 68.26472
30.118202 	 74.92255
27.90106 	 75.377304
29.127607 	 74.76697
28.823647 	 75.63208
28.415361 	 74.41542
28.54556 	 76.13443
27.971401 	 74.383606
26.831657 	 81.52962
26.729706 	 80.5384
25.88982 	 76.8398
25.764091 	 84.24826
26.01852 	 85.60592
27.283863 	 89.19386
27.550692 	 90.503265
29.912556 	 91.66336
30.295841 	 89.127495
30.002708 	 99.067184
31.99803 	 103.289185
32.583965 	 105.60405
31.963896 	 105.58931
31.230587 	 109.40398
30.875637 	 108.38638
29.925987 	 110.22766
27.680515 	 100.51192
28.812365 	 104.955246
28.50692 	 109.58565
28.542835 	 110.46154
28.596529 	 106.40634
28.772121 	 98.12915
27.258244 	 106.615036
27.684786 	 106.91079
27.427715 	 105.349754
25.889744 	 110.348175
25.830257 	 110.16168
24.655727 	 106.437645
23.100767 	 108.286674
21.697844 	 103.98938
20.012262 	 107.16263
18.806993 	 109.57048
18.704182 	 107.681046
19.6425 	 104.24835
20.93737 	 109.22329
22.428028 	 95.68736
21.660797 	 106.67515
20.947006 	 105.28107
19.318209 	 106.24095
21.592682 	 95.83327
