TensorFlow version: 1.13.1
Found 939 images belonging to 1 classes.
argN = 196
argN = 196
0.39673054 	 0.5395742
0.5239269 	 0.59684026
0.48403275 	 0.8047566
0.32567838 	 0.6010082
0.3173863 	 0.6578904
0.35269856 	 0.5925839
0.33649966 	 0.6754618
0.35145643 	 0.6670508
0.3644721 	 0.6780521
0.30890083 	 0.55149007
0.32008472 	 0.7112297
0.31246215 	 0.7993473
0.17837216 	 0.8326212
0.23701021 	 0.58981353
0.40806806 	 0.6701677
0.313364 	 0.7077616
0.31886038 	 0.71111816
0.44875604 	 0.5282835
0.3455861 	 0.57329226
0.4410318 	 0.5957659
0.46920618 	 0.6454315
0.47223493 	 0.5248953
0.5091268 	 0.75445604
0.4528205 	 0.7423344
0.36165923 	 0.7562232
0.30573896 	 0.68981284
0.28493783 	 0.61305445
0.32836115 	 0.51429135
0.184798 	 0.90874875
0.15825045 	 0.7217813
0.39796823 	 0.52810407
0.42930374 	 0.6432921
0.45644403 	 0.7491976
0.5476715 	 0.6385203
0.6382332 	 0.5458693
0.66798115 	 0.63032436
0.56752557 	 0.6549505
0.49273345 	 0.5811071
0.3827934 	 0.55472356
0.56438565 	 0.622488
0.44181108 	 0.5707216
0.5716476 	 0.6270269
0.6680469 	 0.66471213
0.5057171 	 0.50687754
0.3713563 	 0.5811087
0.3621836 	 0.49349108
0.36020947 	 0.5530072
0.3154314 	 0.6273856
0.33750975 	 0.6856699
0.3502923 	 0.6620592
0.27228862 	 0.8867758
0.40652278 	 0.7062176
0.3036902 	 0.54854137
0.27354547 	 0.6916702
0.3248161 	 0.6205053
0.44637522 	 0.5508192
0.39159015 	 0.7436943
0.43530035 	 0.5323452
0.5256939 	 0.7233884
0.4315147 	 0.595164
0.57436997 	 0.44517297
0.42573965 	 0.65331656
0.31464368 	 0.4818156
0.41182896 	 0.78219694
0.27232915 	 0.50865626
0.33970112 	 0.6613877
0.33532283 	 0.5355274
0.27227655 	 0.7082948
0.14096004 	 0.7561814
0.1345372 	 0.54216146
0.17773537 	 0.6236877
0.22334383 	 0.86933446
0.28822964 	 0.5603827
0.4111674 	 0.60826725
0.6209632 	 0.69344515
0.4229733 	 0.6857698
0.49614292 	 0.7846715
0.4851214 	 0.56234
0.5961691 	 0.7044447
0.5369073 	 0.4703324
0.5092137 	 0.6475273
0.35822496 	 0.7574149
0.26909816 	 0.5945145
0.41684458 	 0.73191553
0.5242125 	 0.47843435
0.278713 	 0.5604665
0.33405212 	 0.7459686
0.38629484 	 0.71083176
0.39575443 	 0.7836557
0.5683108 	 0.8169093
0.32317328 	 0.47628084
0.26472732 	 0.6470306
0.27291307 	 0.71767324
0.4104829 	 0.63117903
0.33891308 	 0.5206679
0.4400203 	 0.6421335
0.34299415 	 0.6232136
0.38356143 	 0.6216613
0.5565389 	 0.7363462
0.55781806 	 0.47399038
0.56755143 	 0.5703092
0.35490745 	 0.83392066
0.32397845 	 0.90866905
0.28975043 	 0.73508114
0.29509833 	 0.7386673
0.32929468 	 0.67037785
0.2593531 	 0.62113744
0.27377647 	 0.69975454
0.28569365 	 0.7094869
0.20104894 	 0.722722
0.22236733 	 0.89556426
0.24843802 	 0.81950754
0.5157495 	 0.5717705
0.43870896 	 0.45414352
0.5514182 	 0.41275266
0.44957703 	 0.5018172
0.44067964 	 0.5131878
0.45543596 	 0.50528866
0.45643595 	 0.5354423
0.43985444 	 0.6610352
0.4250268 	 0.44599658
0.3570146 	 0.449763
0.349463 	 0.5047112
0.36886936 	 0.35989094
0.45748147 	 0.46700597
0.37511098 	 0.50559676
0.38471213 	 0.57340777
0.34256607 	 0.78168154
0.29319125 	 0.5726005
0.33999017 	 0.56867296
0.3306998 	 0.7589839
0.3542332 	 0.5686301
0.33165702 	 0.68736786
0.34961414 	 0.76416504
0.25836545 	 0.67431194
0.2933495 	 0.7281662
0.28383118 	 0.6383914
0.2999886 	 0.7168542
0.3322126 	 0.604345
0.30844244 	 0.6424181
0.3207691 	 0.7017632
0.3120408 	 0.7127601
0.39725146 	 0.51271135
0.3432513 	 0.6729654
0.39577326 	 0.68058145
0.29985103 	 0.66698563
0.3563734 	 0.6158689
0.30450332 	 0.5710568
0.31051162 	 0.68056566
0.3398041 	 0.5436935
0.44091916 	 0.80367875
0.34271124 	 0.6360053
0.3529342 	 0.6701028
0.31991065 	 0.61453706
0.3675179 	 0.5818311
0.33856967 	 0.827753
0.32227698 	 0.7852782
0.32614803 	 0.63791287
0.32493025 	 0.6226972
0.3306133 	 0.8224704
0.3088211 	 0.89975184
0.29484096 	 0.7171871
0.281157 	 0.70948666
0.35077807 	 0.7217382
0.35846904 	 0.7172263
0.33647406 	 0.88031584
0.24532248 	 0.7317901
0.3163394 	 0.78621393
0.33335793 	 0.9466866
0.30222014 	 0.48823842
0.33789358 	 0.7676736
0.29993922 	 0.61119
0.3041821 	 0.7216356
0.33046663 	 0.6472678
0.34028035 	 0.72062147
0.27679488 	 0.79113317
0.3492499 	 0.81035
0.31269494 	 0.72560775
0.2693441 	 0.5730182
0.25553584 	 0.49438933
0.28811824 	 0.7054989
0.2236723 	 0.5761476
0.34919596 	 0.62809664
0.2942568 	 0.6960133
0.3272347 	 0.7178924
0.28174728 	 0.8734733
0.22827291 	 0.59415585
0.22842944 	 0.9705027
0.22890592 	 0.7753548
0.14606895 	 0.72579324
0.20010497 	 0.54781044
0.1961147 	 0.6982346
0.2280768 	 0.8429094
0.17091228 	 0.7937007
0.2455323 	 0.7290894
0.19157021 	 0.86696875
0.22277331 	 0.8852578
0.1999946 	 0.5123356
0.27866668 	 0.74318635
0.23018599 	 0.6396948
0.25633767 	 0.77838075
0.23147324 	 0.47734356
0.1702914 	 0.6211105
0.23275523 	 0.89358455
0.23403902 	 0.7625878
0.20007417 	 0.52408224
0.12968697 	 0.9515303
0.38603017 	 0.7820875
0.4182263 	 0.7917702
0.4642555 	 0.9684457
0.35822263 	 0.7190125
0.39146954 	 0.889916
0.35851118 	 0.5695803
0.4114177 	 0.55288523
0.35243163 	 0.8596955
0.38127023 	 1.1826621
0.3665609 	 0.57578397
0.34627357 	 0.8390582
0.4768086 	 1.0087352
0.42615688 	 0.6312686
0.4703471 	 0.63164544
0.48026875 	 0.8659809
0.51959634 	 0.6694676
0.54518646 	 0.8512028
0.56032526 	 0.67269593
0.58802557 	 0.6316708
0.53005904 	 0.7993644
0.5527432 	 0.80815816
0.5815611 	 1.0657039
0.5602061 	 0.68858665
0.5654204 	 0.7175572
0.64325446 	 0.6245201
0.6367457 	 0.7379917
0.69182426 	 0.50445896
0.5063782 	 1.025472
0.68772095 	 0.85472983
0.5656635 	 1.1152382
0.5942941 	 0.84291464
0.5564961 	 0.8170198
0.5876612 	 0.64205736
0.5238642 	 0.8148416
0.521864 	 0.7509016
0.47052753 	 0.51122594
0.511182 	 0.79811245
0.4875554 	 0.7678062
0.51666605 	 0.74470913
0.4626439 	 0.70152795
0.4533293 	 0.8191044
0.42865512 	 0.75844526
0.3778832 	 0.8910336
0.34212396 	 0.7102995
0.35957518 	 0.8076036
0.35769284 	 1.0579227
0.3306764 	 1.0391394
0.44130516 	 0.53335106
0.54951173 	 0.90459174
0.4698932 	 0.6103063
0.43080992 	 0.7977896
0.45908183 	 0.79205984
0.48385936 	 0.78233
0.48220554 	 0.80440193
0.49678254 	 0.7151931
0.5076639 	 0.8661552
0.54554904 	 0.8122857
0.46979338 	 0.71502656
0.5242438 	 0.63426864
0.46336135 	 0.5752608
0.5650468 	 0.5558885
0.5038049 	 0.77643114
0.6056177 	 0.7728389
0.5259977 	 0.6324664
0.47761664 	 0.7750475
0.51432365 	 0.62021255
0.44717163 	 0.7434591
0.40934733 	 0.6261681
0.3591383 	 0.63960624
0.26121494 	 0.6764963
0.21586184 	 0.6550915
0.25547072 	 1.3317484
0.2573103 	 0.9884506
0.2313948 	 0.8643378
0.23506099 	 0.69050187
0.28181878 	 1.0031857
0.22895545 	 1.1518975
0.27289304 	 0.94922733
0.32661495 	 0.89583606
0.31171873 	 1.0139159
0.36827135 	 0.5752086
0.3963419 	 0.682335
0.2842426 	 0.4835982
0.3305566 	 0.85299164
0.31440824 	 0.91474766
0.32578653 	 0.44008395
0.32609618 	 0.6332038
0.49610347 	 0.49687326
0.4763935 	 0.7367841
0.502178 	 0.7015059
0.51783913 	 0.56641406
0.5020618 	 0.57855123
0.54999065 	 0.7674083
0.40953043 	 0.53949827
0.39255118 	 0.6433198
0.4896362 	 0.67082995
0.45087573 	 0.8323905
0.39124897 	 0.7713717
0.51851714 	 0.64221776
0.47804087 	 1.010605
0.4940371 	 0.74871373
0.3930567 	 0.8315167
0.40806141 	 0.8172665
0.33625737 	 0.7396333
0.5480855 	 0.7431628
0.6792501 	 0.50913495
Summary
0.12968697  -  0.69182426 ,  0.35989094  -  1.3317484
accuracy:  95.8
equal predictions:  0
TensorFlow version: 1.13.1
Found 939 images belonging to 1 classes.
argN = 196
argN = 196
0.29599562 	 0.6109197
0.36934647 	 0.6674112
0.32035944 	 0.9214207
0.43042678 	 0.7786354
0.40843818 	 0.48783603
0.2635338 	 0.9287651
0.25887486 	 1.1247437
0.15726689 	 0.5844244
0.13116567 	 1.2792876
0.12807724 	 1.1677796
0.120483495 	 0.91444653
0.28631616 	 0.6629355
0.31967026 	 0.46059492
0.2888265 	 0.6667694
0.3762878 	 0.73594123
0.39861587 	 0.63048947
0.43878123 	 0.75036126
0.29108143 	 0.55708325
0.4690625 	 0.7956821
0.46669728 	 0.6259545
0.31400305 	 0.89186996
0.19403362 	 0.3591971
0.23750962 	 0.7250524
0.2309001 	 0.45268974
0.2752738 	 0.5845779
0.2800232 	 0.7742764
0.42187136 	 0.52845395
0.5633007 	 0.5960729
0.3416928 	 0.51171976
0.36002353 	 0.7072977
0.3796845 	 0.46922106
0.37314606 	 0.41151005
0.23177868 	 0.60459965
0.32713017 	 0.7159143
0.36136678 	 0.895539
0.39615178 	 0.72527236
0.497012 	 0.5507241
0.391417 	 0.66776925
0.37361422 	 0.51159906
0.41514412 	 0.6834758
0.4105807 	 0.5631766
0.16972733 	 0.91050786
0.18431605 	 1.1220329
0.14070863 	 1.3638551
0.15163668 	 0.83210796
0.33932424 	 0.7418788
0.24351926 	 0.38559794
0.3353174 	 0.5411851
0.28385055 	 0.28931728
0.377962 	 0.90784645
0.34948438 	 0.50920415
0.28766355 	 0.5665279
0.39344177 	 0.5492375
0.37929815 	 0.55300736
0.49672154 	 0.5420745
0.50537086 	 0.4031655
0.33300877 	 0.8708991
0.12410266 	 1.2791816
0.094810076 	 1.114843
0.122906275 	 0.74422926
0.23159774 	 0.7010646
0.31732237 	 0.72863734
0.30660322 	 0.6294662
0.3957114 	 0.46968123
0.32267886 	 0.61149454
0.43704984 	 0.75749093
0.39032635 	 0.621207
0.40909398 	 0.6614149
0.42065868 	 0.67470354
0.4304077 	 0.82150495
0.5126014 	 0.7786769
0.56734526 	 0.61420006
0.5236585 	 0.5908544
0.3656995 	 0.72318196
0.28425115 	 0.8797466
0.101343386 	 0.58503234
0.16759127 	 0.84868157
0.28894657 	 1.229592
0.2673294 	 0.76840156
0.28605762 	 0.77738595
0.35279533 	 0.6514611
0.4501885 	 0.8392362
0.46700272 	 0.8458063
0.48628002 	 0.4548134
0.42233354 	 0.74622875
0.37750354 	 1.0500773
0.26684716 	 0.911105
0.2976136 	 0.93730265
0.3041304 	 0.69862646
0.17705972 	 0.6541511
0.19385496 	 1.2561843
0.33987403 	 0.7512923
0.30728477 	 0.6185654
0.42662123 	 0.5183092
0.41099164 	 0.6004818
0.37414542 	 0.53817767
0.38621607 	 0.742093
0.4357696 	 0.65909207
0.40387034 	 0.6991763
0.46434265 	 0.9297237
0.39372328 	 0.81138784
0.37695414 	 0.58801764
0.52411556 	 0.45097193
0.55729693 	 0.6658577
0.43488473 	 0.67419976
0.6445794 	 0.82371974
0.53146046 	 0.577932
0.6304364 	 0.61231047
0.547963 	 0.59785044
0.55123323 	 0.4739359
0.50996256 	 0.6519099
0.42821628 	 0.76432043
0.42959845 	 0.56238586
0.47225368 	 0.8113912
0.4664283 	 0.7490351
0.46563372 	 0.74098206
0.49301192 	 0.45328352
0.4035868 	 0.6499027
0.3547572 	 0.61402327
0.26631817 	 0.65714496
0.35574216 	 0.7022574
0.42202523 	 0.77026075
0.4594211 	 0.76854706
0.3689878 	 0.6929635
0.3510107 	 0.6890135
0.36621052 	 0.6310721
0.37794355 	 0.39039195
0.38752913 	 0.6604837
0.33843255 	 0.45942923
0.4025051 	 0.6733392
0.32991806 	 0.88408434
0.33463115 	 0.825843
0.30080235 	 0.6581185
0.280684 	 0.75729793
0.2429647 	 0.6413162
0.2391341 	 0.7419847
0.29885897 	 0.87664986
0.2729173 	 1.0920938
0.279526 	 0.7800405
0.3019898 	 0.5594726
0.27929425 	 1.0429922
0.35108134 	 0.7179054
0.3023016 	 0.7869419
0.33404762 	 0.64767647
0.26363334 	 0.9755182
0.29280263 	 1.0255262
0.25248954 	 0.5900463
0.2752628 	 0.72057015
0.3529067 	 0.59452033
0.3265171 	 0.46467698
0.3272079 	 0.47605428
0.33118114 	 1.0298983
0.3479899 	 0.675289
0.36715126 	 0.92222124
0.2830205 	 0.6953207
0.36331177 	 0.58982545
0.3571221 	 0.6319078
0.46759573 	 0.6178363
0.36049628 	 0.990828
0.39782074 	 0.8937977
0.36524105 	 0.8715589
0.39766815 	 0.9184065
0.35451025 	 0.97492707
0.28772458 	 0.9349886
0.36532256 	 0.54282385
0.30477595 	 0.719563
0.3425612 	 0.8405952
0.3191198 	 0.729873
0.29082388 	 0.39577335
0.32836008 	 0.65515536
0.32279927 	 0.51046735
0.35639518 	 0.4577403
0.29349226 	 0.7095177
0.3263941 	 0.8519464
0.24778405 	 0.5966351
0.21413845 	 0.8156958
0.25226375 	 0.83067673
0.30007854 	 0.5012804
0.2077084 	 0.97544914
0.18757625 	 0.71878755
0.2136877 	 0.41365153
0.19386972 	 0.77590424
0.14189464 	 0.6756753
0.18475348 	 0.8977052
0.16092172 	 0.20179322
0.17234392 	 0.4158581
0.1853634 	 1.0868592
0.19208851 	 0.35803932
0.1655927 	 0.68185425
0.22461073 	 0.534303
0.19137134 	 0.31942528
0.24271235 	 1.01679
0.21184178 	 0.40258068
0.2064551 	 0.4683739
0.15074864 	 0.81998026
0.23225902 	 0.81131536
0.23415977 	 0.45297015
0.17250447 	 0.83294654
0.47251236 	 0.84867334
0.4219797 	 0.561992
0.36148193 	 0.88795197
0.3288604 	 0.57076234
0.5105732 	 0.74101794
0.49950472 	 0.7133162
0.46636704 	 0.6440672
0.42123917 	 0.699612
0.38992715 	 1.3555176
0.35824737 	 0.65311015
0.47376475 	 0.96099114
0.4710076 	 0.66084206
0.3837544 	 0.7321909
0.45302394 	 0.7038049
0.3132779 	 0.6183033
0.32300246 	 0.65894413
0.30284938 	 0.84495205
0.2750464 	 0.56219727
0.26521358 	 0.73338926
0.2820043 	 0.553344
0.16213225 	 0.62228113
0.17469174 	 0.73871946
0.20551836 	 0.6051592
0.1783473 	 0.8387824
0.2278802 	 1.4081187
0.20727593 	 0.9693823
0.15877573 	 0.92750937
0.22433172 	 0.95258296
0.14620249 	 0.59373164
0.21607266 	 1.1527141
0.2578931 	 0.92020565
0.35690156 	 0.4877512
0.35569045 	 0.5201974
0.30622306 	 0.6036631
0.3467653 	 0.7024518
0.48288774 	 0.6307336
0.4435877 	 0.85481334
0.4354192 	 0.649885
0.35664806 	 0.8680519
0.34037486 	 1.0145808
0.37887484 	 0.5269436
0.30911946 	 0.66142404
0.33743432 	 0.5841823
0.30952877 	 0.7669144
0.31825572 	 0.74549806
0.5158045 	 0.6611556
0.40697935 	 0.6114117
0.34136218 	 1.1087487
0.34670395 	 1.0877573
0.42800364 	 0.7913096
0.39438134 	 0.45883793
0.39639452 	 0.7587382
0.3089355 	 0.49077636
0.32806197 	 0.73280245
0.29824933 	 1.0369182
0.3066408 	 0.51611227
0.32761887 	 1.0823438
0.28429282 	 0.5107488
0.1956586 	 0.46029663
0.26213554 	 0.5457898
0.2588252 	 0.5777108
0.3932471 	 0.6366657
0.4302416 	 0.65301234
0.42327297 	 0.7617321
0.50455916 	 0.7960133
0.42064804 	 0.77498394
0.53949916 	 0.7792409
0.5712651 	 0.7194667
0.62254065 	 0.6748041
0.52897906 	 0.6833188
0.5150311 	 0.874802
0.41544235 	 0.6058449
0.35652682 	 0.59542125
0.42207494 	 0.8189355
0.39319375 	 0.80779207
0.36452696 	 0.7383098
0.32909635 	 0.96694726
0.2673824 	 0.70620644
0.3270465 	 1.2497132
0.39547342 	 0.8908531
0.3354941 	 0.49164292
0.3289335 	 1.0467352
0.3802838 	 0.58586615
0.3673324 	 0.44125587
0.36971372 	 1.0739999
0.35636327 	 0.57730657
0.33093223 	 0.622253
0.40158308 	 0.6986434
0.42972723 	 0.6760892
0.37851483 	 0.60799146
0.43850905 	 0.62575257
0.37790078 	 0.57544637
0.5342297 	 0.59390324
0.401949 	 0.7197333
0.38242364 	 0.57097524
0.4260744 	 0.5708859
0.45748532 	 0.6501848
0.4862019 	 0.7314129
0.59387213 	 0.65499675
0.43281442 	 0.49218082
0.38712656 	 0.57263774
0.4220524 	 0.74397814
0.3549764 	 0.57544714
0.3700738 	 0.8298629
0.38038424 	 0.80757177
0.40487078 	 0.5125541
0.35643658 	 0.82109165
0.37818322 	 0.5419356
0.3889199 	 0.52702683
0.41510883 	 0.6670874
0.53742003 	 0.70426095
0.44203955 	 0.79451716
0.46525142 	 0.6957156
0.5139393 	 0.6415231
0.4315825 	 0.9021712
Summary
0.094810076  -  0.6445794 ,  0.20179322  -  1.4081187
accuracy:  98.1
equal predictions:  0
TensorFlow version: 1.13.1
Found 939 images belonging to 1 classes.
argN = 196
argN = 196
0.36357898 	 0.7563023
0.38451067 	 0.52235705
0.38790795 	 0.58243984
0.44598198 	 0.70410436
0.62692094 	 0.82294405
0.69307554 	 0.33560666
0.41723946 	 0.9739315
0.44039184 	 0.6766178
0.45957172 	 0.5662145
0.45003816 	 0.5672116
0.46909195 	 0.5408438
0.57025105 	 0.67320096
0.2957876 	 0.7064895
0.31893367 	 0.57168436
0.38196662 	 0.68491894
0.37538502 	 0.6322016
0.37895024 	 0.5856795
0.5236423 	 0.6413026
0.45582572 	 0.54047066
0.48324832 	 0.59729266
0.42259815 	 0.5150384
0.43082404 	 0.657095
0.39860842 	 0.7950759
0.4977261 	 0.50022614
0.56465966 	 0.6648468
0.3418324 	 0.72999287
0.2702515 	 0.593049
0.27977133 	 0.3157331
0.25084767 	 0.7419159
0.30384526 	 0.71984017
0.47263628 	 1.0142993
0.59135056 	 0.6989318
0.5468037 	 0.47938636
0.23089483 	 0.22927625
0.16157101 	 0.79111016
0.16065334 	 0.82992727
0.2942532 	 0.9219287
0.334819 	 0.792583
0.35371995 	 0.52070946
0.46942624 	 0.648825
0.4293118 	 0.7382598
0.45862803 	 0.6239182
0.5553372 	 0.56092846
0.4728703 	 0.7369507
0.43058398 	 0.7067942
0.4266561 	 0.6069732
0.28242075 	 0.6787409
0.5542439 	 0.5678202
0.3539999 	 0.640034
0.2748599 	 1.1056749
0.42860425 	 0.78308153
0.3799007 	 0.7648121
0.27174354 	 0.62863094
0.46201095 	 0.7882779
0.45523965 	 0.9328105
0.35228035 	 0.87290704
0.30974802 	 0.80817705
0.41009814 	 0.7084196
0.47441253 	 0.52300906
0.47989246 	 0.4722965
0.28801766 	 0.727692
0.51315683 	 0.56489754
0.3235024 	 0.63671863
0.41156852 	 0.74254394
0.3376374 	 0.72260994
0.273278 	 0.7119699
0.2726947 	 0.40065077
0.30507967 	 1.1082015
0.28240472 	 0.42156574
0.1780066 	 0.35339648
0.33692017 	 0.60491437
0.34244382 	 0.7420481
0.48823094 	 0.5541346
0.53660816 	 0.72840095
0.6363309 	 0.64039636
0.61005485 	 0.63659126
0.35135266 	 0.69668096
0.19293661 	 0.5781684
0.45329016 	 0.49778974
0.58314687 	 0.6889003
0.34936255 	 0.69898397
0.28083286 	 0.57304466
0.23812424 	 0.6537068
0.49904358 	 0.63234454
0.3787892 	 0.7200398
0.2731922 	 0.8648887
0.10645979 	 0.7198498
0.26863092 	 0.8796817
0.33395705 	 0.6856408
0.27283892 	 0.7160881
0.2913451 	 0.67944175
0.33232036 	 0.54853123
0.34059167 	 0.69522345
0.3833795 	 0.6107282
0.4366321 	 0.727647
0.3225341 	 0.71780276
0.316633 	 0.7654358
0.33544108 	 0.72609836
0.42811155 	 0.6743056
0.47031313 	 0.70355725
0.5448511 	 0.7861438
0.45340565 	 0.5742697
0.207984 	 0.63130593
0.19152032 	 0.58681476
0.1862649 	 0.6855488
0.15173906 	 0.26488277
0.39444962 	 0.7216773
0.40593493 	 0.5357004
0.4351076 	 0.44746754
0.40100005 	 0.5304041
0.36107364 	 0.54674554
0.33756322 	 0.69168615
0.34185058 	 0.4116619
0.36965767 	 0.6094703
0.27103296 	 0.73235166
0.385511 	 0.60285264
0.33928296 	 0.8580062
0.32696104 	 0.6525946
0.28540587 	 0.4699709
0.3927114 	 0.6848354
0.36775747 	 0.5499202
0.2895894 	 0.52007425
0.42197543 	 0.65900934
0.3837447 	 0.54716027
0.34830853 	 0.73118734
0.31754956 	 0.6755094
0.42259115 	 0.68053305
0.39958227 	 0.6656705
0.3668776 	 0.7058545
0.34689078 	 0.59010255
0.31770253 	 0.5030622
0.38690853 	 0.601824
0.3168281 	 0.7843815
0.3049066 	 0.5868443
0.2897459 	 0.6195374
0.29880345 	 0.56483245
0.269462 	 0.7445536
0.2543449 	 0.57351667
0.24578018 	 0.67535025
0.2414516 	 0.9343319
0.23187698 	 1.0569091
0.2678335 	 0.4592739
0.27120265 	 0.584421
0.24818519 	 0.42341962
0.28288636 	 0.7250577
0.27832025 	 0.74605596
0.31160223 	 0.6947764
0.33189073 	 0.5848447
0.3659953 	 0.5709469
0.35608387 	 0.82066107
0.4060718 	 0.88494945
0.35551164 	 0.80195534
0.37834027 	 0.6408338
0.50872296 	 0.5354625
0.45372328 	 0.64808595
0.42164397 	 0.6839315
0.49493036 	 0.5182899
0.53277826 	 0.7520567
0.4567811 	 0.48897898
0.44071057 	 0.86226225
0.4970747 	 0.6429803
0.44892904 	 0.6439974
0.40572026 	 0.7170263
0.341574 	 0.5906929
0.26643434 	 0.67842233
0.3931412 	 0.8044443
0.3442338 	 0.72604907
0.38797018 	 0.7121089
0.27157858 	 0.7295211
0.31633908 	 0.6194281
0.32092348 	 0.8284715
0.33949378 	 0.69748855
0.19404723 	 0.5814368
0.24157317 	 0.9407809
0.23367679 	 0.39890343
0.26097876 	 0.6742134
0.21943511 	 0.5402915
0.10460643 	 0.62652135
0.21419309 	 0.93281335
0.17264564 	 0.7970891
0.23045298 	 0.6901467
0.1907638 	 0.9610382
0.19774975 	 0.59364897
0.19039859 	 0.8224292
0.21045446 	 0.5699816
0.19161396 	 1.047199
0.21874784 	 0.76810586
0.26298028 	 0.8421492
0.21685871 	 0.7475554
0.18985738 	 0.6340639
0.22348207 	 0.7799326
0.1555282 	 0.84555554
0.18235734 	 0.91336745
0.18369968 	 0.77319473
0.17938049 	 0.7866387
0.18062408 	 0.6807045
0.13869378 	 0.6871333
0.552372 	 0.56706053
0.58026177 	 0.65269953
0.5987443 	 0.57608443
0.5044552 	 0.65944594
0.6218069 	 0.70360726
0.5790984 	 0.504772
0.54394114 	 0.7688919
0.4410461 	 0.8956372
0.41675404 	 0.5738304
0.5292066 	 0.8755165
0.48607358 	 0.56304836
0.41078964 	 0.7495279
0.4982926 	 0.67632973
0.54615176 	 0.5683853
0.5127896 	 0.6033096
0.50929046 	 0.85319424
0.5574639 	 0.40022048
0.54758716 	 0.51540226
0.58006096 	 0.5054013
0.58395207 	 0.6831564
0.5575 	 0.6561182
0.51952606 	 0.45961362
0.4999017 	 0.7666405
0.54452085 	 0.6337798
0.45157936 	 0.6616103
0.40893966 	 0.8088025
0.5506579 	 0.5476783
0.5929669 	 0.64193255
0.65600437 	 0.78775966
0.51023835 	 0.72284555
0.59121835 	 0.58310896
0.63733673 	 0.6767536
0.6259737 	 0.72748387
0.5439707 	 0.60747594
0.56611574 	 0.46705568
0.5862927 	 1.0029879
0.75874025 	 0.6171261
0.69446963 	 0.66009325
0.66307545 	 0.64665496
0.67806643 	 0.4714538
0.5744678 	 0.65179914
0.43935266 	 0.5867562
0.33329636 	 0.6563196
0.4684617 	 0.5512745
0.31907946 	 0.47125784
0.49769974 	 0.74546415
0.43908873 	 0.5690143
0.40334266 	 0.59064627
0.48673156 	 0.650084
0.45307532 	 1.1379064
0.4683258 	 0.8014484
0.49626 	 0.68562734
0.37537435 	 1.096593
0.42792326 	 0.40329555
0.41521886 	 0.5520777
0.39935333 	 0.5631533
0.41300982 	 0.6246008
0.4631501 	 0.76702917
0.37377885 	 0.5115214
0.5243601 	 0.73269874
0.5699205 	 0.9026863
0.45578435 	 0.69369906
0.38629958 	 0.85521513
0.41413552 	 0.7050233
0.4369716 	 0.68034357
0.45918882 	 0.80609846
0.48233926 	 0.57151186
0.3784419 	 0.51549387
0.4576559 	 0.52506006
0.5322577 	 0.6671064
0.5813565 	 0.637901
0.56613743 	 0.5666306
0.5245414 	 0.60951567
0.56299895 	 0.8331168
0.5620591 	 0.56073713
0.5640998 	 0.53143847
0.53119797 	 0.52528447
0.5601846 	 0.682762
0.5614794 	 0.698269
0.59775203 	 0.80311173
0.4743523 	 0.44533697
0.45490095 	 0.3381453
0.5103972 	 0.5652469
0.46907708 	 0.5206312
0.43042162 	 0.5929825
0.29558268 	 0.44958505
0.27636135 	 0.67688
0.24822462 	 0.5705277
0.23394276 	 0.65378356
0.262792 	 0.7082603
0.27760208 	 0.6907329
0.26622438 	 0.647769
0.20426202 	 0.76085055
0.29718658 	 0.697645
0.37634373 	 0.5520069
0.2644188 	 0.6476078
0.35313296 	 0.53589416
0.39075178 	 0.48826504
0.36070433 	 0.51113844
0.31719795 	 0.92638826
0.4693077 	 0.7204471
0.41130948 	 0.6322815
0.5556314 	 0.6754907
0.62341815 	 0.8441196
0.55772394 	 0.9080378
0.6542066 	 0.5843344
0.7767639 	 0.6705894
0.74174154 	 0.63742894
0.7407417 	 0.4818432
0.8361047 	 0.5622513
0.8279274 	 0.7216486
0.6610827 	 0.59352463
0.67099106 	 0.8228685
0.72686535 	 0.7156355
0.6242284 	 0.7438058
0.69836485 	 0.60690176
Summary
0.10460643  -  0.8361047 ,  0.22927625  -  1.1379064
accuracy:  89.8
equal predictions:  0
TensorFlow version: 1.13.1
Found 939 images belonging to 1 classes.
argN = 196
argN = 196
0.42888665 	 0.640193
0.5871852 	 0.80826783
0.49742967 	 0.62953997
0.45634243 	 0.68583876
0.45817497 	 0.59360147
0.41920522 	 0.6454637
0.48371395 	 0.79442096
0.23493041 	 0.77994406
0.39094624 	 0.58494824
0.48311517 	 0.5729017
0.42806154 	 0.53386563
0.347317 	 0.6697252
0.49078122 	 0.7728089
0.49432415 	 0.6211874
0.4794758 	 0.85208064
0.5099219 	 0.66396916
0.4257172 	 0.8950561
0.6316663 	 0.5652383
0.4266709 	 0.7045071
0.4282621 	 0.8592593
0.44917962 	 0.84848034
0.44668087 	 0.6121385
0.50424707 	 0.5639202
0.5497553 	 0.82359654
0.5297825 	 0.6135586
0.45778185 	 0.47158924
0.43293718 	 0.6036243
0.364156 	 0.55057234
0.47217214 	 0.74182224
0.5848216 	 0.54413486
0.42230752 	 0.5931919
0.40540427 	 0.63401973
0.34404698 	 0.70236194
0.2547138 	 0.6685245
0.4468391 	 0.6910034
0.36600158 	 0.79325765
0.28995734 	 0.7782334
0.3854169 	 0.7341969
0.32408676 	 0.7013022
0.29905912 	 0.6119706
0.36437953 	 0.64571285
0.58957577 	 0.76248735
0.6526292 	 0.59084094
0.5292727 	 0.849352
0.4584882 	 0.60075647
0.3876772 	 0.53834534
0.29485977 	 0.7769213
0.48146558 	 1.009955
0.25308892 	 0.7240192
0.27710646 	 0.7698184
0.22066349 	 0.8017635
0.31082073 	 0.7036495
0.24557778 	 0.6509299
0.37690964 	 0.61667144
0.4172751 	 0.78915906
0.43118486 	 0.5832602
0.37884682 	 0.75897574
0.37279743 	 0.5015461
0.4680625 	 0.734519
0.50892097 	 0.78593016
0.44273698 	 0.58336765
0.30227152 	 0.56942356
0.45735282 	 0.6106103
0.5376782 	 0.46043932
0.38186482 	 0.63808525
0.3106122 	 0.8516196
0.34300745 	 0.7290407
0.2021508 	 0.92106414
0.242326 	 0.9526902
0.4385258 	 0.5793822
0.3470149 	 0.5336694
0.42423144 	 0.71512353
0.4664646 	 0.6605502
0.5013794 	 0.65656096
0.38701466 	 0.64181274
0.44265905 	 0.6234306
0.46190453 	 0.75916153
0.36538973 	 0.7691769
0.64394295 	 0.6480562
0.66995436 	 0.70819837
0.5896867 	 0.6278847
0.7473663 	 0.63281465
0.5902538 	 0.6283715
0.43235895 	 0.7159814
0.43987498 	 0.5973479
0.4892736 	 0.46826097
0.48446748 	 0.6712158
0.42283356 	 0.7128161
0.37835845 	 0.7157591
0.34963614 	 0.6949055
0.4637346 	 0.5555757
0.38063833 	 0.6181802
0.37783685 	 0.61181
0.41690117 	 0.72732496
0.4076884 	 0.74127597
0.33232027 	 0.71140367
0.46109813 	 0.6676862
0.5213453 	 0.679976
0.4317872 	 0.6379105
0.43815345 	 0.48140094
0.34939197 	 0.5875751
0.40517026 	 0.6730663
0.534785 	 0.7266406
0.48722178 	 0.5270648
0.39271697 	 0.66093993
0.41401783 	 0.61239606
0.4231561 	 0.6532481
0.40761754 	 0.8278501
0.30176666 	 0.6537345
0.5006375 	 0.6096999
0.32851008 	 0.6619435
0.4601663 	 0.63977826
0.4268554 	 0.6203909
0.43048194 	 0.5940902
0.4216936 	 0.5955481
0.4063191 	 0.59186137
0.36219046 	 0.6725832
0.48859766 	 0.77884936
0.35097006 	 0.64286906
0.39406 	 0.70137995
0.44900975 	 0.6639252
0.40407327 	 0.6205554
0.40676734 	 0.6505333
0.40996322 	 0.64912564
0.42690262 	 0.7376311
0.44994628 	 0.5525265
0.34982234 	 0.6582962
0.36520472 	 0.723117
0.3833114 	 0.6133438
0.43277508 	 0.82633466
0.42985126 	 0.63983566
0.39802572 	 0.4748659
0.32475424 	 0.6955018
0.39700747 	 0.6192931
0.38834405 	 0.6761824
0.43984446 	 0.7005328
0.42213076 	 0.7714837
0.42393795 	 0.74480605
0.40718594 	 0.7256228
0.47064137 	 0.75921404
0.47273564 	 0.5914582
0.51419544 	 0.89501894
0.39073583 	 0.81235784
0.464104 	 0.65201604
0.43240938 	 0.6588983
0.4868581 	 0.7303713
0.43118772 	 0.71628195
0.38202173 	 0.6807928
0.4891697 	 0.738511
0.36002403 	 0.6191013
0.44691682 	 0.63970095
0.40715718 	 0.61129177
0.4120615 	 0.77471614
0.52749336 	 0.658017
0.4139548 	 0.73986834
0.40309182 	 0.73179704
0.40378225 	 0.7008749
0.4004587 	 0.77452
0.41099542 	 0.67782694
0.428005 	 0.72191614
0.45063755 	 0.69578075
0.35184538 	 0.6549287
0.34874 	 0.5570643
0.33753154 	 0.6181814
0.3867656 	 0.7422842
0.3631191 	 0.7672812
0.39336053 	 0.64138645
0.41135716 	 0.6813831
0.39069548 	 0.88403815
0.4237804 	 0.58580816
0.38351026 	 0.6326809
0.4381623 	 0.6336302
0.3843142 	 0.78500545
0.4134252 	 0.6950676
0.32640097 	 0.8239253
0.3907805 	 0.7095085
0.36818022 	 0.8016016
0.3227517 	 0.85505813
0.36539248 	 0.7581295
0.36736777 	 0.5721547
0.34330508 	 0.7147912
0.3393957 	 0.8160367
0.4009061 	 0.8508112
0.36138996 	 0.8047539
0.32167214 	 1.0083333
0.3333812 	 0.63276416
0.29366237 	 0.9488629
0.3677665 	 0.8424812
0.35777143 	 0.9187395
0.3973467 	 0.905334
0.4196045 	 0.67209566
0.41916227 	 0.64049387
0.37513763 	 0.74511474
0.3061396 	 0.8221173
0.5552257 	 0.7639296
0.5516484 	 0.7150615
0.46829838 	 0.61271036
0.47162485 	 0.5289721
0.5284589 	 0.4293913
0.5461073 	 0.5715871
0.69720197 	 0.7893329
0.55950916 	 0.6850645
0.79017526 	 0.51250637
0.74684983 	 0.5132163
0.5809623 	 0.6102755
0.45927277 	 0.5809043
0.5541506 	 0.68710786
0.5767371 	 0.6803346
0.53344077 	 0.60656005
0.4862492 	 0.5680506
0.5341806 	 0.95321083
0.5899161 	 0.618254
0.6516036 	 0.5912479
0.6005893 	 0.6126341
0.7312657 	 0.64450115
0.72119033 	 0.7330239
0.60672426 	 0.8572555
0.57159483 	 0.7115366
0.5829608 	 0.6952665
0.513974 	 0.5054165
0.5876406 	 0.7209053
0.7110678 	 0.6475318
0.66748327 	 0.69754255
0.6580828 	 0.65971744
0.61166924 	 0.7265415
0.6317504 	 0.54326385
0.56854653 	 0.65719235
0.5926989 	 0.6868473
0.6052569 	 0.62126195
0.5588896 	 0.65198255
0.52630407 	 0.5808636
0.72946525 	 0.6419262
0.83407956 	 0.602392
0.76409453 	 0.55831814
0.79114026 	 0.755458
0.7852942 	 0.7687979
0.630343 	 0.7432033
0.7188022 	 0.68443185
0.63204527 	 0.56372136
0.6332908 	 0.6246722
0.58054316 	 0.82822365
0.6379421 	 0.72935796
0.5902843 	 0.84488577
0.6662559 	 0.5963311
0.72330457 	 0.6701487
0.54338515 	 0.6884695
0.6502889 	 0.4981643
0.635812 	 0.73536783
0.65048707 	 0.46349666
0.5880454 	 0.67411935
0.6220143 	 0.6392594
0.58928 	 0.684055
0.6351647 	 0.71487874
0.63056964 	 0.5787712
0.6436568 	 0.67287904
0.52090126 	 0.6982146
0.50213563 	 0.65222865
0.5301456 	 0.6250456
0.47896537 	 0.6973852
0.47778326 	 0.7675721
0.5327523 	 0.5698693
0.46388388 	 0.6995559
0.43632638 	 0.7126401
0.45581502 	 0.4884496
0.5763875 	 0.70324534
0.62546843 	 0.5580945
0.56494796 	 0.66886824
0.5519357 	 0.7168328
0.5172998 	 0.6434357
0.58256704 	 0.7036487
0.59271955 	 0.6267226
0.59254974 	 0.51927626
0.60707873 	 0.5364286
0.6232917 	 0.8322773
0.45411745 	 0.6024207
0.52595973 	 0.5962437
0.4543756 	 0.672382
0.5151549 	 0.5730906
0.5025877 	 0.57763636
0.51246834 	 0.6358205
0.49976033 	 0.6365125
0.475382 	 0.6769155
0.39343163 	 0.6558129
0.3262759 	 0.77663636
0.5108835 	 0.53624475
0.4649022 	 0.56096554
0.31793907 	 0.65931493
0.4099459 	 0.61889803
0.52379775 	 0.5237058
0.30518723 	 0.7243431
0.40952668 	 0.72511125
0.39745083 	 0.68207115
0.47823656 	 0.531663
0.44789252 	 0.7855534
0.44515017 	 0.6414514
0.3745731 	 0.6636156
0.4922674 	 0.64738834
0.44616178 	 0.58748746
0.4902136 	 0.74340457
0.42061955 	 0.6883827
0.5779569 	 0.6997555
0.62908345 	 0.6484687
0.5803652 	 0.4962463
0.5424812 	 0.5796614
0.67446214 	 0.5928281
0.7690736 	 0.69703054
0.7224079 	 0.69234794
0.64187527 	 0.5411995
0.6725443 	 0.70105994
0.73450744 	 0.50094986
0.5602589 	 0.556283
0.6565444 	 0.7053744
0.5936169 	 0.71422935
Summary
0.2021508  -  0.83407956 ,  0.4293913  -  1.009955
accuracy:  87.9
equal predictions:  0
