TensorFlow version: 1.13.1
Found 939 images belonging to 1 classes.
argN = 196
argN = 196
0.1398149 	 2.7306
0.19585258 	 2.2502437
0.19838117 	 2.2845325
0.11350174 	 3.13689
0.108249575 	 2.9513514
0.069074675 	 2.556268
0.06752818 	 3.6514757
0.057051033 	 2.5869226
0.10813521 	 2.884118
0.13619316 	 2.1046202
0.19249126 	 2.285885
0.17763606 	 2.4986553
0.16634463 	 4.810275
0.16727683 	 4.5847707
0.29651794 	 2.4267852
0.31330863 	 2.6352327
0.32680765 	 3.4855368
0.24741863 	 3.021216
0.16388941 	 2.2676816
0.031103607 	 3.3369448
0.01096649 	 3.1255803
0.25303903 	 2.3513849
0.3035235 	 1.975451
0.06146371 	 2.8273318
0.14641397 	 2.4695497
0.2291384 	 2.5052967
0.35903996 	 2.26681
0.22325724 	 2.7963045
0.25579783 	 1.4224448
0.20675907 	 2.5296535
0.45071858 	 2.0949047
0.32540417 	 1.7460551
0.30735737 	 2.5238926
0.36653554 	 1.099558
0.31510565 	 2.5190613
0.030096885 	 3.080373
0.20754136 	 1.8378074
0.1706074 	 2.159513
0.090912156 	 1.636759
0.046030287 	 2.3795946
0.04206996 	 3.8856604
0.051072165 	 2.1092126
0.107669905 	 2.680607
0.10733673 	 2.4911032
0.11745525 	 3.245011
0.12950805 	 1.6888037
0.09110468 	 3.4721215
0.08029366 	 3.2252753
0.07481767 	 3.065484
0.031089589 	 2.244676
0.039848763 	 3.099359
0.06332472 	 3.58942
0.07853345 	 1.9537843
-9.5367386e-07 	 2.6113303
-9.5367386e-07 	 3.2719517
0.10736049 	 2.9532862
0.37201047 	 2.2497973
0.3070162 	 1.9241976
0.24986126 	 2.2385418
0.04606262 	 1.817632
0.09197243 	 2.3602328
0.09976109 	 2.5528438
0.14766887 	 2.502076
0.13287078 	 2.7609854
0.18504253 	 2.5280375
0.3210233 	 3.885077
0.22108854 	 2.1873765
0.28855133 	 2.5327947
0.22404203 	 2.276776
0.26574913 	 2.1452591
0.32781062 	 2.1582968
0.23731388 	 2.7829623
0.24233793 	 2.7863543
0.09463172 	 1.4482768
-9.5367386e-07 	 1.575984
0.09561652 	 2.3393009
0.03739436 	 3.1543612
0.037564594 	 3.6950727
0.07192729 	 2.1041963
0.031451996 	 2.3450046
0.05772963 	 2.857646
0.057771686 	 2.8727858
0.051729772 	 2.758027
0.02583706 	 4.456015
0.020617696 	 2.6083982
0.009852868 	 2.0839753
2.8551032e-05 	 3.3127444
0.0043594954 	 3.1794293
0.020659983 	 2.3461297
0.03462135 	 3.0807495
0.031089589 	 2.9653242
0.015551587 	 2.1278992
0.040667493 	 2.6564782
0.032084633 	 3.4978395
0.023549547 	 2.13093
0.010258784 	 2.0961413
0.020655055 	 1.9035003
0.020748341 	 2.4401906
0.010120891 	 3.6670063
0.008314208 	 1.088785
0.01771213 	 2.022549
0.004690724 	 1.2662488
0.0051136003 	 2.611786
0.010249871 	 1.885084
0.0051301955 	 2.985608
0.02354668 	 3.2069163
0.010256254 	 1.1158623
0.010255472 	 2.080961
0.015385118 	 1.5929794
0.025840178 	 2.0088148
0.010354416 	 2.1304948
0.02583498 	 1.6599749
0.021576058 	 2.657904
0.025837976 	 1.7102896
0.031069236 	 1.6568613
0.048548236 	 2.1472085
0.031089896 	 3.006383
0.031040339 	 2.5768719
0.05008588 	 2.827771
0.062754266 	 1.8720115
0.031089835 	 3.4888885
0.0363892 	 2.0605538
0.03636676 	 0.95516735
0.02688977 	 1.311151
0.03101716 	 1.7604083
0.010255712 	 2.2041426
0.010261373 	 2.3846629
0.020460602 	 2.2011495
0.015945228 	 1.3502818
0.010319005 	 1.8858814
0.008417169 	 1.7265742
0.012650117 	 2.107534
0.00511408 	 2.0039914
0.005067231 	 1.1990496
0.01645366 	 2.3721259
0.01824228 	 1.5319916
0.009803991 	 2.1087136
0.015431364 	 1.6099516
0.032679547 	 1.4281622
0.020617573 	 2.433667
0.010255171 	 1.9538025
0.025033617 	 1.4536027
0.031008799 	 1.7677083
0.02655686 	 3.7495503
0.015326408 	 2.9248416
0.011433628 	 2.7871222
0.008489722 	 2.1758723
0.010255411 	 1.8440764
0.0029566442 	 1.7910898
0.0050254166 	 1.5806719
5.0664075e-06 	 1.730854
0.001998274 	 2.8274527
-5.960463e-07 	 1.8228866
-9.5367386e-07 	 2.0231576
0.01546847 	 2.1452744
0.00511408 	 4.1786356
0.005112582 	 1.7745157
-9.5367386e-07 	 2.8719902
0.016177572 	 1.7484348
0.031089528 	 2.9200656
0.031088727 	 2.6471112
0.015446618 	 1.3573631
0.025840178 	 2.2425358
0.031229911 	 1.614458
0.05970682 	 2.3886352
0.048500746 	 1.906114
0.03636089 	 3.5563693
0.04155505 	 3.8629513
0.036157116 	 1.32948
0.031089528 	 1.7459489
0.021484034 	 1.6443871
0.022465417 	 1.4447968
0.025149377 	 1.9150959
0.020618243 	 1.6219794
0.020618243 	 5.2779193
0.020618485 	 3.1990113
0.0258392 	 2.4363832
0.027456911 	 1.932266
0.015423918 	 1.6150333
0.03483777 	 1.8906976
0.02057766 	 1.5899233
0.01730815 	 2.1240396
0.01981819 	 1.4421859
0.0025601347 	 1.2861803
0.019930793 	 1.2902305
0.024216713 	 1.5680106
0.026865767 	 1.9494832
0.021703416 	 1.1868579
0.022649895 	 3.907956
0.031483673 	 2.6250088
0.018690301 	 1.3829342
0.020642642 	 3.078895
0.015730495 	 2.3567011
0.018933853 	 0.90731037
0.03673727 	 2.1504683
0.020092608 	 1.7639859
0.010255773 	 2.0260277
0.019614235 	 2.336899
0.014168686 	 1.852276
0.0028184399 	 2.8495467
0.021272007 	 2.210301
0.026429676 	 1.6978135
0.027397916 	 2.0592914
0.006348453 	 2.6966758
0.14287198 	 1.7943664
0.20327045 	 2.5087378
0.15848096 	 2.2597394
0.2021597 	 2.4886727
0.031088972 	 1.7283875
0.021290151 	 13.815511
0.020618243 	 3.0807092
0.015405214 	 2.2901576
7.134931e-05 	 3.5644479
0.025844583 	 1.7689842
0.039010063 	 3.1921675
0.040957194 	 3.381494
0.036360703 	 3.6686683
0.050805043 	 2.0880291
0.027739624 	 4.58487
0.03658418 	 3.6144605
0.03533336 	 2.095994
0.030985681 	 3.039475
0.020422459 	 2.4456837
0.041449428 	 3.0802796
0.015423494 	 10.695948
0.025847275 	 3.4865158
0.015423434 	 2.6390197
0.01536581 	 2.4874423
0.005116476 	 2.7131057
0.015542688 	 5.208004
0.04167038 	 3.0794654
0.021382887 	 2.472402
0.031088173 	 13.815511
0.19991823 	 2.6167693
0.14338973 	 2.752214
0.07838097 	 3.5973644
0.08827354 	 2.2817886
0.10007509 	 2.343901
0.057717003 	 2.4729095
0.047137845 	 3.2073874
0.07878254 	 0.9273789
0.21918455 	 1.9117637
0.14421202 	 2.355514
0.10590223 	 2.329725
0.09563298 	 3.1983104
0.08861488 	 5.277884
0.11143285 	 1.8118993
0.122807875 	 3.0686321
0.07880428 	 2.8793867
0.045642596 	 4.170687
0.05775767 	 2.278313
0.074109286 	 2.3833818
0.04167156 	 2.4321196
0.036469806 	 2.8797402
0.041671682 	 2.2476778
0.027665904 	 3.0214152
0.02843185 	 3.334645
0.035058808 	 2.2916915
0.020208344 	 2.6120033
0.052374367 	 2.7948592
0.04167162 	 3.0808713
0.03178383 	 3.2516763
0.11905447 	 2.1868768
0.16746308 	 2.0202236
0.21552853 	 1.9965076
0.19614488 	 1.1351938
0.22125912 	 1.7317165
0.19917475 	 2.0766733
0.15816303 	 2.3216703
0.13798186 	 2.3117416
0.11730893 	 0.76345295
0.05236683 	 3.888343
0.027176179 	 2.5108724
0.020617634 	 2.2838964
0.015578406 	 2.6793587
0.01533942 	 2.92784
0.025618298 	 2.7131102
0.037119113 	 2.5797782
0.06276601 	 2.3920083
0.03122487 	 2.4345841
0.035669826 	 3.6686335
0.050191104 	 1.1040608
0.17213525 	 3.6686428
0.17432632 	 3.5076785
0.15104392 	 3.1335008
0.20123413 	 3.3144825
0.25464898 	 2.0147603
0.16509666 	 2.5048594
0.24433002 	 1.5722433
0.1956915 	 1.707675
0.1966679 	 1.9235682
0.1875199 	 1.4049457
0.17741767 	 1.8762778
0.18230198 	 1.3930463
0.15254562 	 1.5708338
0.15398248 	 1.5634766
0.10039972 	 3.2797682
0.13612875 	 1.9279308
0.08847402 	 3.3336968
0.047805935 	 3.1980724
0.070857845 	 1.4273168
0.06337984 	 5.2779193
0.03099023 	 2.0696857
0.031620976 	 2.2737126
0.035090227 	 2.1431444
0.06384576 	 2.1865902
0.06898878 	 2.0368755
0.08281337 	 3.1075683
0.08572901 	 2.6571212
0.0631051 	 2.4383311
0.0832769 	 2.5072389
0.0914848 	 2.3316517
0.04884524 	 3.891763
Summary
-9.5367386e-07  -  0.45071858 ,  0.76345295  -  13.815511
accuracy:  100.0
equal predictions:  0
TensorFlow version: 1.13.1
Found 939 images belonging to 1 classes.
argN = 196
argN = 196
0.5771242 	 0.9797061
0.37360156 	 0.78918725
0.3038106 	 0.5890931
0.31249776 	 0.4379312
0.24621437 	 0.52135384
0.15122737 	 0.9564554
0.06250532 	 1.5505863
0.08397613 	 1.6913965
0.18321584 	 1.0119822
0.057205714 	 1.629841
0.09373036 	 2.114241
0.15809754 	 1.9640427
0.24530725 	 0.7578576
0.19687034 	 0.73087883
0.19848947 	 1.0346841
0.3847358 	 0.8159834
0.41719 	 0.6751735
0.43864897 	 0.6978123
0.23367174 	 0.6993916
0.31640714 	 0.867206
0.23412165 	 0.6492674
0.06043262 	 1.0362259
0.016670002 	 0.8795458
0.025840178 	 2.059568
0.024476642 	 0.9004313
0.09667076 	 0.9623366
0.12786643 	 1.4214815
0.28309384 	 1.1667712
0.4372478 	 0.6074709
0.37445584 	 1.0126623
0.30687523 	 1.6516739
0.38214 	 1.2898297
0.45201933 	 1.1844071
0.85833263 	 1.0930241
0.66285986 	 0.5718218
0.24859352 	 1.0784979
0.29395807 	 0.99934465
0.28478432 	 0.41737807
0.54996276 	 0.8034592
0.4649951 	 0.594409
0.38851354 	 0.34175077
0.19415629 	 0.5500691
0.19895975 	 0.6687298
0.2130357 	 0.80628145
0.1489466 	 1.1676604
0.045253865 	 0.89979756
0.050564576 	 0.92564523
0.15865538 	 1.3218846
0.23851964 	 0.61438006
0.13376719 	 0.48895973
0.34621727 	 0.8155727
0.34114325 	 0.8080349
0.4483089 	 0.80936843
0.33789942 	 0.6477995
0.36164042 	 1.022009
0.29242295 	 0.7390506
0.31156966 	 0.6734736
0.23891042 	 1.0589346
0.072592095 	 1.7460357
0.072982684 	 1.104366
0.040677547 	 0.91852725
0.010290881 	 2.9073734
0.0118038785 	 2.2419753
0.1710204 	 0.97853845
0.2820029 	 0.71799874
0.7127162 	 0.5827656
0.79433644 	 1.1650732
0.46594265 	 1.0986841
0.37606916 	 0.7187015
0.58990556 	 1.4505397
0.42513257 	 0.843781
0.36974004 	 0.9418571
0.29993373 	 0.42563692
0.32061583 	 0.46820042
0.19214326 	 1.0557835
0.2039447 	 0.6914556
0.1730101 	 0.85622555
0.0034269933 	 2.790469
-9.5367386e-07 	 2.2374678
0.13565128 	 1.3423992
0.16535358 	 0.6447218
0.19326219 	 0.96711093
0.4700105 	 0.89465374
0.16050272 	 0.6704903
0.25794777 	 0.8454865
0.29913452 	 0.8380514
0.18815388 	 0.81129646
0.18513449 	 0.9455255
0.1941539 	 0.9296127
0.1704514 	 1.5120864
0.12351454 	 1.0191349
0.10667032 	 1.4786085
0.11559955 	 0.8703251
0.10691976 	 1.711995
0.14309388 	 1.1313441
0.12265053 	 1.0612476
0.14452107 	 0.66033083
0.09992312 	 1.7152989
0.06350496 	 1.3433396
0.06778424 	 2.0786686
0.08678835 	 1.4756112
0.105504595 	 0.9902375
0.11022616 	 1.6317377
0.15614857 	 1.2940427
0.15507193 	 1.0331092
0.13724412 	 1.4123821
0.14318907 	 1.3185734
0.19949326 	 1.4060924
0.27796704 	 0.96789104
0.25070146 	 0.5695616
0.28973594 	 1.0070686
0.3092803 	 1.0052264
0.28363597 	 1.0614579
0.23749542 	 0.560666
0.33093363 	 0.99143016
0.3012993 	 1.0995433
0.35932747 	 0.7679323
0.30144295 	 0.92788106
0.2695018 	 0.67322373
0.26407132 	 0.6695183
0.24955115 	 0.6258228
0.25279745 	 0.59423596
0.24715813 	 0.66745
0.24285224 	 0.9036115
0.25301555 	 0.70769
0.19287409 	 0.79930717
0.22704436 	 0.89628345
0.19540347 	 0.89803976
0.20059472 	 0.78372824
0.20754187 	 0.8236983
0.22603512 	 0.7594628
0.21438496 	 0.8796916
0.14572024 	 0.8162938
0.16006956 	 1.0166981
0.18632255 	 0.76761955
0.17909013 	 0.9744427
0.19475967 	 0.8158508
0.21031176 	 0.8653034
0.21522269 	 0.5949385
0.14700569 	 0.9928704
0.09631203 	 1.3862305
0.13562015 	 1.3475156
0.12167934 	 1.2546576
0.1200313 	 1.2421381
0.16453093 	 1.5408779
0.17227793 	 1.0852845
0.23749799 	 1.2072289
0.20722409 	 1.41842
0.1988351 	 0.73552257
0.17834254 	 1.6934981
0.13443111 	 1.4585078
0.18369983 	 1.7121651
0.1422049 	 2.185421
0.1712918 	 1.8756554
0.16870935 	 1.4155669
0.14621657 	 1.3783686
0.13446459 	 1.5541931
0.13907415 	 1.2568998
0.09583441 	 0.80694574
0.0934213 	 1.2165848
0.10554434 	 1.3975081
0.14640713 	 0.93741965
0.089451075 	 0.71412724
0.13918129 	 0.72711766
0.16956376 	 1.1213622
0.1623654 	 1.395853
0.11201151 	 0.95209944
0.12152668 	 0.9108782
0.14571348 	 1.1936954
0.14759979 	 1.0200427
0.1403133 	 0.95761174
0.15665127 	 1.1244042
0.13329878 	 1.4034493
0.13484737 	 0.98007995
0.1026024 	 1.1451178
0.1481511 	 1.3404024
0.13947399 	 1.3584062
0.16298988 	 1.2688804
0.10349712 	 1.2686323
0.101082936 	 0.80283695
0.081649825 	 1.2583313
0.11584527 	 1.4126424
0.1044807 	 2.0481768
0.10757413 	 2.1894295
0.093067326 	 1.5746156
0.15194663 	 0.7573611
0.11027315 	 1.6827345
0.05897168 	 1.333983
0.07397732 	 2.1125705
0.036609463 	 1.4902852
0.16012433 	 1.0332751
0.12373138 	 0.7211109
0.1362769 	 0.63501203
0.09599646 	 2.4474437
0.050232217 	 1.2094393
0.07796804 	 1.4054921
0.084119275 	 0.96560603
0.13257954 	 1.0838548
0.14017428 	 1.7318678
0.10993791 	 1.631277
0.16612509 	 1.7439449
0.14549685 	 2.7006624
0.06961514 	 2.154138
0.086654246 	 1.2441732
0.052287254 	 2.0815225
0.09649161 	 0.90575874
0.062171444 	 0.7910165
0.07475473 	 1.4041284
0.057870585 	 2.2650328
0.05103892 	 1.4343837
0.03813535 	 1.7805498
0.055503786 	 1.14359
0.090066776 	 1.7842042
0.085809015 	 2.301876
0.07963146 	 0.6218602
0.06662759 	 0.885989
0.07164538 	 1.3404452
0.07183948 	 1.1519223
0.15735458 	 2.061115
0.21531434 	 0.97204125
0.20420888 	 0.8980105
0.104621716 	 1.1508914
0.1475209 	 0.6141801
0.18074904 	 1.5913719
0.15680772 	 1.4512812
0.17564604 	 2.0218832
0.16544443 	 2.4428403
0.13974978 	 2.1895654
0.15029988 	 1.1201836
0.15977517 	 1.0438554
0.14321439 	 1.0166452
0.17567155 	 2.9228292
0.066996045 	 2.7112088
0.10050925 	 2.2789361
0.13290101 	 1.5674092
0.14941512 	 1.7856033
0.19385815 	 1.2464637
0.19738162 	 0.9949007
0.10692765 	 0.93331766
0.08025865 	 1.599729
0.064263076 	 1.3512069
0.11331701 	 2.1597962
0.08425226 	 0.32063785
0.09562891 	 0.985878
0.097931206 	 1.980341
0.13146311 	 0.7999684
0.15726103 	 1.8389457
0.11303587 	 1.9413491
0.13521421 	 1.368397
0.113267146 	 0.7447198
0.16526638 	 1.7927147
0.21195804 	 1.6220702
0.17523006 	 1.3770798
0.19490561 	 0.9231568
0.15985015 	 2.0070958
0.169529 	 1.0848525
0.12450195 	 1.6535008
0.11964662 	 1.5094438
0.17825662 	 1.5624541
0.19276755 	 1.2617319
0.14707267 	 1.2289947
0.19952819 	 2.111531
0.23717213 	 1.1787612
0.24063787 	 1.4769207
0.2964137 	 1.2542158
0.30736858 	 1.1472853
0.21611142 	 1.5415215
0.12640564 	 1.1829381
0.13050649 	 0.9554168
0.060245406 	 0.6872958
0.06462277 	 3.2832265
0.041745506 	 2.5045173
0.041672304 	 1.3296231
0.047094923 	 2.379469
0.08952662 	 2.0152175
0.08496755 	 1.69463
0.052788053 	 1.9583981
0.041772667 	 2.2148676
0.048129484 	 1.5577137
0.023213295 	 1.2268002
0.037470903 	 1.3327162
0.04659453 	 2.0166082
0.0767343 	 1.6169037
0.08203705 	 2.0360746
0.1005283 	 1.1309403
0.09497471 	 0.7109144
0.08734999 	 1.556179
0.1019064 	 1.787704
0.14917174 	 1.6595656
0.22359954 	 1.7520248
0.20333496 	 1.2441009
0.19956814 	 1.7020456
0.27862343 	 0.7935945
0.36193928 	 0.57975996
0.32287988 	 0.9993038
0.36957657 	 1.4048988
0.32372648 	 1.2389323
0.21478792 	 1.7163434
0.096210964 	 1.1414073
0.057338577 	 1.8930919
0.041373137 	 0.41137108
0.08910952 	 1.4828337
0.08801406 	 1.6498004
0.071042895 	 1.3639454
0.07917278 	 1.114185
0.093887806 	 0.95835215
0.051014207 	 1.8494631
0.057372093 	 1.190913
0.038016528 	 0.98401946
0.050552666 	 0.6831601
0.020944675 	 1.3193142
0.04720339 	 1.0027738
0.03031288 	 1.4377154
Summary
-9.5367386e-07  -  0.85833263 ,  0.32063785  -  3.2832265
accuracy:  99.0
equal predictions:  0
TensorFlow version: 1.13.1
Found 939 images belonging to 1 classes.
argN = 196
argN = 196
0.11036653 	 2.7525914
0.24037124 	 3.3466098
0.1352099 	 2.3025594
0.37210134 	 2.1925719
0.21813278 	 2.4011464
0.16063492 	 2.266629
0.10755567 	 1.422748
0.09430508 	 2.579037
0.10770768 	 1.2267313
0.1312318 	 2.2241035
0.14247882 	 1.4328864
0.0929036 	 2.2435389
0.15522249 	 2.8301108
0.18392618 	 2.670977
0.1424593 	 2.7836244
0.1367918 	 2.206697
0.17318684 	 2.1594708
0.13992101 	 3.4129856
0.3229286 	 4.368836
0.2902628 	 1.9874084
0.15240954 	 2.710644
0.21251467 	 3.1267145
0.12636723 	 1.9333309
0.052872445 	 1.7191105
0.005119891 	 3.65268
0.11895839 	 2.352309
0.06362684 	 1.8429141
0.010360559 	 2.6372247
0.0152253965 	 2.5453613
0.005116476 	 3.2013001
0.00511408 	 1.4186512
0.17209716 	 1.6539687
0.19150776 	 2.1686773
0.31031334 	 2.3147526
0.36336347 	 1.539357
0.294656 	 2.7426815
0.056625046 	 2.3886921
0.05024845 	 2.166895
0.286399 	 2.2821481
0.2512774 	 2.3321183
0.42742807 	 2.6613631
0.19435513 	 2.8310041
0.20424294 	 2.5863452
0.20395733 	 2.229787
0.2163718 	 2.4918764
0.13868468 	 2.277339
0.03558045 	 2.0394607
0.015456545 	 3.453654
0.047257442 	 3.3912916
0.048583902 	 2.0543396
0.044434614 	 2.2530339
0.06986931 	 1.7638586
0.10921218 	 2.6407886
0.06505491 	 2.241387
0.062955275 	 3.3299816
0.079186335 	 3.890756
0.06358886 	 2.704772
0.015430153 	 2.2586603
0.02061812 	 2.7172914
0.06317728 	 2.1681368
0.036076657 	 2.799786
0.008116011 	 2.7207298
-9.5367386e-07 	 3.8715403
-9.5367386e-07 	 2.5081484
-9.5367386e-07 	 2.4020844
0.015392805 	 2.2759619
0.016510073 	 1.7520334
0.2964716 	 2.6450868
0.027719278 	 2.3332527
0.14608411 	 2.1317356
0.15859173 	 2.5700533
0.11354835 	 2.1157784
0.23415533 	 2.359705
0.25851625 	 1.9918579
0.1735914 	 3.6053703
0.031089528 	 2.6152282
0.024781486 	 2.725634
0.062673986 	 2.029733
0.0516328 	 3.0926316
0.044572584 	 3.5920417
0.047140345 	 2.4007342
0.031097582 	 3.0756798
0.029100746 	 3.4771614
0.0105242655 	 2.7229824
0.019626088 	 2.5609663
0.038530856 	 1.8845283
0.015423434 	 2.4171662
0.010343275 	 2.9361312
0.0047504306 	 3.8023994
0.0052730343 	 3.4599283
0.011253016 	 3.4840107
0.005116476 	 3.8718522
0.019724809 	 1.8048394
0.0100052925 	 2.5016358
0.015423434 	 1.9852146
0.015423434 	 1.8424121
0.010255472 	 1.3504303
0.010255472 	 2.7038777
0.010255592 	 1.7828847
0.010256254 	 2.522019
0.0151678445 	 1.0017248
0.0051142597 	 1.7590014
0.004886866 	 3.1436894
0.00022068074 	 2.3394153
-9.5367386e-07 	 2.441593
0.00014324022 	 1.9902669
-7.152555e-07 	 1.9857932
0.005087001 	 1.724267
0.00511408 	 2.8876169
0.00511408 	 1.1361122
0.00511408 	 1.6028316
0.010255472 	 1.2451297
0.018868009 	 1.4697801
0.020804267 	 1.3498788
0.025896206 	 3.668631
0.025872903 	 2.0935748
0.025840178 	 1.4439923
0.044632293 	 2.6700988
0.015495711 	 1.1518718
0.02487143 	 2.9345253
0.027425483 	 1.3155352
0.037110265 	 1.1893907
0.034154788 	 1.503389
0.031084117 	 1.5416956
0.020618426 	 1.1574225
0.020462366 	 1.6949618
0.020618243 	 1.7996908
0.020618243 	 2.4871497
0.010255472 	 1.7211909
0.015425674 	 1.3403138
0.010255472 	 2.0097651
0.015423252 	 1.4768946
0.010372183 	 1.3017707
0.019438703 	 1.5775095
0.015334033 	 1.443596
0.016412092 	 1.8673078
0.010256014 	 3.3288946
0.00511408 	 1.4448767
0.00018431454 	 4.210972
0.00511408 	 1.8894402
0.005082208 	 1.9469899
-9.5367386e-07 	 2.134812
-9.5367386e-07 	 1.8419232
0.02057991 	 2.3166144
2.8014222e-06 	 3.3482213
-9.5367386e-07 	 2.5559354
0.00511408 	 2.7523801
0.00511408 	 2.0240123
0.010255472 	 1.6637506
0.010067425 	 1.9943213
0.011179659 	 1.1686536
0.015423434 	 1.307699
0.014934039 	 1.3430308
0.010255472 	 1.4880025
0.00511408 	 1.5747063
0.015423434 	 1.9598551
0.010918282 	 1.8768661
0.02509773 	 1.2514148
0.031049315 	 1.1429806
0.020618243 	 1.943706
0.020627674 	 1.2878237
0.0248908 	 2.7554803
0.019868046 	 1.5821161
0.02602577 	 3.044151
0.010255472 	 1.5623348
0.020016775 	 1.5589293
0.015423434 	 1.514497
0.015363147 	 1.6240131
0.009085557 	 2.9745507
0.005402589 	 1.6304504
0.013449347 	 1.0722249
0.040063526 	 1.1814892
0.025816754 	 1.3982894
0.020136273 	 2.1155283
0.015518412 	 1.9687989
0.026727708 	 2.306334
0.019095872 	 1.2271914
0.00511408 	 1.899182
0.010257218 	 1.8101431
0.015425371 	 1.3106776
0.020527951 	 1.4457356
0.01706099 	 1.3098167
0.015422586 	 2.4969614
0.01964159 	 2.2324336
0.019327795 	 1.8185734
0.00511384 	 1.7939942
0.010237105 	 1.6952251
0.0002748748 	 2.2007635
0.03093742 	 2.3621845
0.029437818 	 2.0530102
0.010442108 	 1.4552119
0.0034651523 	 0.75143504
0.0099481605 	 1.2170801
0.014329812 	 1.9734191
0.0102292765 	 1.3382448
0.015329857 	 1.2371523
0.014184828 	 1.5524673
0.12151033 	 1.8374001
0.103699684 	 3.5916047
0.09799964 	 2.1868615
0.07409574 	 3.6108308
0.09066224 	 3.1002996
0.10802962 	 1.8643035
0.025694067 	 3.5364769
0.036366574 	 2.477224
0.015428822 	 4.1794105
0.0365754 	 3.3208976
0.041510936 	 2.529732
0.04167162 	 1.9635261
0.04683586 	 3.0684772
0.01523054 	 2.1327846
0.016647335 	 4.4800177
0.015345836 	 4.1794376
0.0051425374 	 2.7581577
0.010261855 	 1.5168735
0.00511408 	 0.7428651
0.02455031 	 3.668631
0.010255472 	 4.58487
0.020556364 	 1.0353136
0.020618243 	 2.6043704
0.036366574 	 1.2886077
0.02624817 	 3.4717991
0.024161328 	 1.1112646
0.06990696 	 2.638063
0.28390938 	 1.8687664
0.391557 	 2.3149655
0.40443894 	 2.1715891
0.30181277 	 2.5431497
0.052539002 	 2.5892532
0.047005083 	 2.1737535
0.023431106 	 1.9806658
0.031899206 	 1.3585427
0.057253048 	 2.826519
0.05775735 	 2.7130167
0.090736315 	 2.4960258
0.14246756 	 3.6593635
0.05775767 	 1.9105427
0.07947508 	 2.3399088
0.0850392 	 2.2792675
0.0686203 	 1.8445721
0.0414649 	 2.2807763
0.039846033 	 1.2134911
0.068929836 	 3.0626302
0.0417035 	 2.0198905
0.03127517 	 1.8436005
0.020120705 	 2.5765944
0.020618243 	 1.1974466
0.005113181 	 1.0235943
0.020610088 	 2.3915286
0.03472656 	 3.1969683
0.026810175 	 2.8801734
0.015423252 	 4.0086994
0.021264214 	 1.4298918
0.032807715 	 2.1930926
0.03636602 	 1.7517179
0.025840791 	 3.0805562
0.030126307 	 2.056543
0.08527759 	 2.7927823
0.17488971 	 2.1090214
0.15240282 	 2.072314
0.16575225 	 1.585191
0.17601706 	 1.9923351
0.11793727 	 1.5240623
0.09247095 	 3.0595262
0.08323978 	 1.4310017
0.06709637 	 3.1893845
0.05727729 	 3.0798788
0.020618485 	 1.4767289
0.020208647 	 1.812376
0.005109886 	 3.4862645
0.018233903 	 3.1737585
0.0051599722 	 2.3244615
0.028608171 	 3.6685889
0.0270382 	 2.7643857
0.03618202 	 2.9719584
0.090738334 	 2.128433
0.085155755 	 1.6617485
0.073622845 	 2.4069154
0.08515653 	 3.3241088
0.109070785 	 0.97377855
0.17230901 	 1.7509867
0.16590793 	 4.1783557
0.16049194 	 1.3214861
0.20487086 	 2.0764573
0.20803213 	 2.1872396
0.13989647 	 1.8214922
0.1312655 	 2.3731403
0.15023685 	 1.6999243
0.18086159 	 1.9871062
0.19244178 	 2.122559
0.14686368 	 1.5554441
0.13439293 	 1.8849046
0.15035135 	 3.1675816
0.13434719 	 1.7623298
0.074444346 	 2.2330134
0.05236124 	 2.2337909
0.036492 	 1.8102021
0.041822944 	 2.3768148
0.052144133 	 2.0698788
0.046287708 	 3.3371544
0.033610836 	 1.669534
0.032446664 	 1.9723715
0.04253196 	 2.1714923
0.020618243 	 3.4854026
0.036081105 	 3.657971
0.036416396 	 1.420913
0.06292748 	 2.6299405
0.06547999 	 2.6775672
0.06355856 	 3.668638
0.03206469 	 1.491014
0.08230611 	 2.3809028
0.07320116 	 4.1794376
0.085943595 	 1.2516505
Summary
-9.5367386e-07  -  0.42742807 ,  0.7428651  -  4.58487
accuracy:  100.0
equal predictions:  0
TensorFlow version: 1.13.1
Found 939 images belonging to 1 classes.
argN = 196
argN = 196
0.18591604 	 3.3490849
0.1427791 	 4.395151
0.20359744 	 2.8692605
0.62476593 	 2.3847675
0.6020098 	 2.0307488
0.35730636 	 3.091798
0.3363175 	 2.9366739
0.19900426 	 3.2032304
0.11877305 	 4.1318927
0.13778612 	 2.164139
0.12857418 	 2.6295338
0.16657484 	 2.0010211
0.15492521 	 1.4611125
0.19815108 	 1.860953
0.35493535 	 1.1773196
0.17940317 	 2.2927163
0.20314163 	 1.6460872
0.16782254 	 2.5462096
0.25612882 	 4.5318203
0.19254069 	 2.4461005
0.16494966 	 2.1271248
0.36917523 	 2.4879236
0.27362522 	 2.2905526
0.3943368 	 2.7974007
0.3411912 	 3.019305
0.3071214 	 3.5725799
0.10113266 	 3.0013568
0.16623242 	 3.022246
0.09017251 	 2.7121718
0.053642858 	 2.675077
0.043788265 	 3.1926377
0.0068672714 	 3.8916578
0.013537672 	 3.968346
0.0145270685 	 3.0087376
0.025474112 	 3.3369296
0.108470045 	 5.276822
0.20804447 	 1.8753692
0.23847492 	 2.3603275
0.08700583 	 2.9884775
0.35888124 	 2.3687985
0.24049345 	 1.9556048
0.13916609 	 3.2581644
0.08392194 	 2.8848817
0.35759994 	 2.3078625
0.30313152 	 4.4197383
0.4776785 	 2.4655352
0.37111318 	 3.1968808
0.3796697 	 2.30723
0.15289822 	 2.2530594
0.041638933 	 5.272863
0.05617982 	 2.6934757
0.032450173 	 2.135698
0.10833679 	 1.9902852
0.10549559 	 1.8086402
0.22966021 	 2.4451137
0.19081898 	 5.2778606
0.14624575 	 2.8181348
0.08285345 	 3.8917396
0.06765923 	 2.4368203
0.14041707 	 2.4416313
0.12534615 	 2.1137686
0.22186717 	 3.1852233
0.17889296 	 2.667902
0.16858186 	 3.1963096
0.10146668 	 2.8977382
0.085039325 	 3.2428918
0.03112974 	 3.1778164
-9.5367386e-07 	 2.605978
-9.5367386e-07 	 3.2288148
-8.344647e-07 	 5.2762737
-9.5367386e-07 	 2.7932029
0.0012940193 	 4.2635818
0.030500963 	 1.6530929
0.06887869 	 2.6144853
0.0685624 	 2.9633405
0.20617193 	 2.6867874
0.27764842 	 2.131957
0.14768346 	 2.81686
0.13656998 	 1.9369037
0.09548096 	 2.5103853
0.14432777 	 3.285153
0.107271634 	 2.7903352
0.21702096 	 2.8918576
0.08300719 	 1.7278992
0.20519544 	 2.9897304
0.28489527 	 1.8511254
0.21122904 	 1.7681186
0.06011621 	 2.404043
0.070953056 	 2.3135135
0.06935791 	 2.7206411
0.13151729 	 1.8343756
0.14132246 	 1.8729227
0.13952936 	 1.9363784
0.04659915 	 1.8364666
0.07138289 	 2.295265
0.07981182 	 3.1528256
0.015434208 	 2.6291728
0.006353492 	 2.8089318
0.0057429755 	 1.6828324
7.7486067e-07 	 3.1692662
0.06317551 	 2.4300637
0.0144396825 	 2.0907867
0.0070693637 	 3.4838338
0.025699694 	 3.630146
0.030288182 	 3.3021226
0.03265467 	 1.5933394
0.010255712 	 3.0802953
0.016807951 	 2.746778
0.010359234 	 2.226978
0.015625749 	 1.4661045
0.0018173867 	 1.9204993
0.005351233 	 1.1274357
0.005972003 	 2.287936
-3.576278e-07 	 2.217857
0.005001155 	 2.6376655
-8.344647e-07 	 1.4468713
0.010111678 	 1.7962492
0.010255472 	 1.780838
0.010088077 	 1.759973
0.010205491 	 2.1222389
0.010255472 	 2.1807008
0.031097827 	 2.601747
0.020839443 	 1.2174278
0.042056534 	 2.6349084
0.026035007 	 1.9114779
0.034626286 	 2.02706
0.05631116 	 1.7273817
0.01356039 	 3.057877
0.037762217 	 1.9087605
0.05162282 	 1.5750552
0.019049212 	 1.4931582
0.012009263 	 3.486292
0.01025216 	 1.7359133
0.023483338 	 1.6389004
0.015356005 	 2.7954524
0.0050799316 	 3.6686263
0.012418952 	 2.780632
0.016627213 	 1.4766833
0.02061593 	 3.080843
0.00511408 	 2.0303397
0.017547484 	 1.9487704
0.015311398 	 2.1465392
0.0143033285 	 2.6410193
0.007206236 	 1.4920166
0.016538251 	 2.2416635
0.012523181 	 2.3991141
0.025139596 	 2.0609012
0.015898958 	 3.2441487
0.02647209 	 1.8413608
0.035240993 	 2.8808937
0.023540333 	 2.2295163
0.020493394 	 2.058556
0.028571617 	 2.2282422
0.020617452 	 2.4456582
0.02576923 	 1.4246855
0.021455048 	 1.4963329
-7.152555e-07 	 1.7466409
0.0051342696 	 3.2116804
0.004929633 	 2.2817774
0.009251522 	 1.5720116
0.008800494 	 1.6549448
0.012675833 	 2.1643777
0.0066814814 	 1.5890682
0.014970643 	 2.4180584
0.015423434 	 2.2092438
0.02045026 	 2.2990015
0.046875145 	 2.456113
0.031091433 	 3.2173405
0.025839996 	 3.1970558
0.031088788 	 2.6388168
0.0154241 	 2.2935925
0.020618243 	 2.3229036
0.020085856 	 1.9012793
0.010477403 	 2.502812
0.00511408 	 2.4447103
0.03636126 	 1.900537
0.025643064 	 1.9765711
0.0050177486 	 1.9301211
0.02583816 	 3.0807598
0.0103422515 	 2.3674366
0.016354533 	 2.0179002
0.022236666 	 1.459215
0.010255953 	 2.683994
0.031120762 	 1.303194
0.03667587 	 1.4619693
0.009177228 	 3.488196
0.020747244 	 2.068903
0.010671129 	 1.7449474
0.015812058 	 3.1418486
0.02142539 	 1.6590998
0.012590359 	 1.3473687
0.020217285 	 2.87822
0.009786656 	 1.8309413
0.005813117 	 3.0286787
0.042068344 	 0.975005
0.014826957 	 1.886241
0.013104939 	 2.0821567
0.023225315 	 1.909546
0.017850343 	 2.5199654
0.039654694 	 1.9290801
0.045895237 	 2.0096288
0.010422834 	 2.3569033
0.055277616 	 1.4233863
0.012176497 	 1.3934563
0.015296327 	 1.4021418
0.20504281 	 2.1582458
0.21371014 	 1.6554593
0.19791451 	 1.6053498
0.13595475 	 2.5704446
0.061136834 	 2.36543
0.027653834 	 1.500147
0.025586681 	 1.4434665
0.01456148 	 13.815511
0.052472167 	 5.4808435
0.036981795 	 3.7505894
0.03636633 	 2.8683524
0.030312696 	 4.1520824
0.057671852 	 3.198195
0.040815685 	 2.6273715
0.030588288 	 1.1046653
0.043727864 	 2.0614104
0.04087405 	 3.6687455
0.03636064 	 1.9877913
0.028969742 	 2.5863721
0.04175259 	 1.4614744
0.042314302 	 2.1776392
0.036367502 	 2.4993322
0.03436099 	 3.8585994
0.057397723 	 2.1156397
0.06294709 	 2.8842661
0.036451507 	 4.3235836
0.024535282 	 2.0997488
0.11966328 	 1.5653912
0.078837104 	 4.1794376
0.09144366 	 2.8721209
0.036366638 	 4.1794376
0.06317741 	 3.668638
0.059169024 	 5.2074485
0.06316852 	 3.8913338
0.13893127 	 2.381204
0.04636625 	 3.89176
0.041680444 	 3.1916294
0.11341702 	 3.8874936
0.12402985 	 3.7503867
0.12423756 	 3.3180122
0.14694881 	 1.2228168
0.10745121 	 2.4448771
0.08619831 	 2.2767231
0.057874817 	 2.355076
0.06317697 	 3.486364
0.05250483 	 1.0026461
0.06703492 	 1.7221732
0.04166559 	 5.2779193
0.041528583 	 3.8827186
0.015731463 	 3.1924562
0.011070086 	 3.5640628
0.025840791 	 3.6684232
0.01786163 	 2.5379517
0.0741815 	 4.177994
0.052862328 	 2.7108474
0.05012104 	 1.6267548
0.07037855 	 1.6667892
0.03632337 	 2.345379
0.06599215 	 2.3881779
0.08640188 	 2.7829025
0.15967867 	 2.5024042
0.16056585 	 1.8492213
0.17696752 	 2.1845133
0.15086086 	 1.8862693
0.15390606 	 1.8761503
0.07916001 	 1.841804
0.07907189 	 1.7748518
0.067245916 	 3.1911395
0.010255472 	 1.9960798
0.019699702 	 2.6673944
0.019726146 	 2.9803739
0.036274232 	 3.6843114
0.020039761 	 4.58487
0.037307862 	 1.5557412
0.039635595 	 2.9752536
0.031089589 	 2.7131498
0.142233 	 2.3920252
0.15904997 	 4.458066
0.22961926 	 1.7397083
0.30597478 	 2.381511
0.27898932 	 1.9927945
0.28543988 	 2.567834
0.24321446 	 1.6785021
0.15248251 	 2.4724712
0.1703868 	 1.7296958
0.16883297 	 1.4090341
0.13591993 	 2.0992465
0.16354695 	 2.1993847
0.10427957 	 0.9185288
0.09719049 	 2.8884723
0.1409153 	 3.332177
0.13813521 	 3.4876049
0.05890751 	 3.486358
0.01512627 	 2.724691
0.030559957 	 1.6901234
0.048673823 	 3.0989335
0.06844948 	 1.6012205
0.0668241 	 2.8771734
0.11518547 	 3.5762646
0.11956352 	 2.1102886
0.10310328 	 3.0824108
0.11295032 	 1.7288911
0.0939781 	 3.0227823
0.10636837 	 3.162856
0.036366574 	 2.183691
0.05150276 	 3.332292
0.06309227 	 3.889243
0.08505899 	 2.0199437
Summary
-9.5367386e-07  -  0.62476593 ,  0.9185288  -  13.815511
accuracy:  100.0
equal predictions:  0
