TensorFlow version: 1.13.1
Found 939 images belonging to 1 classes.
argN = 3136
argN = 3136
0.5460305 	 0.6742275
0.56723917 	 0.6759665
0.48128211 	 0.55281705
0.43922853 	 0.56024754
0.5129431 	 0.6388479
0.54781663 	 0.68867135
0.5896566 	 0.7211703
0.63621956 	 0.8251973
0.70406294 	 0.8728884
0.707849 	 0.9347469
0.74413514 	 0.9134276
0.6901092 	 0.78223294
0.6739788 	 0.8174024
0.6610929 	 0.9965508
0.6385162 	 0.8399127
0.67120683 	 0.86330384
0.45321319 	 0.5674799
0.48198682 	 0.63601035
0.5295481 	 0.6777091
0.5428062 	 0.67377204
0.37510467 	 0.50498027
0.41877276 	 0.5683918
0.5771201 	 0.73950195
0.5569531 	 0.746014
0.5478366 	 0.67673504
0.5260064 	 0.6555317
0.63663787 	 0.6965411
0.65764207 	 0.82044613
0.7400104 	 0.7524427
0.6917654 	 0.8390796
0.692469 	 0.7755189
0.64204186 	 0.67227495
0.5397783 	 0.6048845
0.41454938 	 0.5169645
0.43180987 	 0.5415637
0.4162604 	 0.53269845
0.46073154 	 0.5392734
0.46502632 	 0.5275077
0.4269738 	 0.5692677
0.43995753 	 0.5327941
0.4481335 	 0.6224938
0.47368634 	 0.64082664
0.504585 	 0.6053366
0.5135885 	 0.5726432
0.53772277 	 0.6603128
0.56557137 	 0.6366508
0.47855094 	 0.6689648
0.49996078 	 0.5747253
0.53788257 	 0.67955744
0.5400106 	 0.6198661
0.52199256 	 0.74153584
0.56924707 	 0.88698745
0.53667057 	 0.9738745
0.46382245 	 0.66293967
0.3540389 	 0.51192284
0.3434089 	 0.40139997
0.291996 	 0.4447721
0.31603107 	 0.4661142
0.46789727 	 0.5109491
0.6051293 	 0.6739676
0.56189865 	 0.70389783
0.5796776 	 0.73110056
0.58084285 	 0.73168427
0.5795135 	 0.80963385
0.63048726 	 0.72158563
0.61871123 	 0.7749816
0.6211593 	 0.8435902
0.62778884 	 0.82889694
0.60931945 	 0.79314
0.6660201 	 0.69464463
0.53977454 	 0.61728495
0.42122683 	 0.5327484
0.43433636 	 0.5136633
0.449197 	 0.50191575
0.45668295 	 0.5434373
0.5011997 	 0.66416943
0.55372316 	 0.69673467
0.50908786 	 0.6189187
0.49259043 	 0.55633813
0.5124423 	 0.56910676
0.53146535 	 0.6214491
0.5068104 	 0.70187646
0.4945327 	 0.727353
0.51274383 	 0.8539606
0.53427577 	 0.73056865
0.55361813 	 0.9194003
0.53084 	 0.7848974
0.68575144 	 0.8104413
0.519145 	 0.9277668
0.4275552 	 1.1273625
0.37312174 	 0.5765312
0.43465364 	 0.5561177
0.48201114 	 0.7077087
0.533468 	 0.677791
0.46402246 	 0.6332794
0.26389816 	 0.31506523
0.3296046 	 0.56575924
0.59057397 	 0.7075752
0.56987166 	 0.820983
0.5521798 	 0.97999275
0.5443522 	 0.86527765
0.5590339 	 0.82391155
0.519291 	 0.8522017
0.46099502 	 0.750058
0.4706994 	 0.7976498
0.3122467 	 0.3994166
0.30137438 	 0.49651635
0.29871392 	 0.5309606
0.2937152 	 0.5563704
0.2771034 	 0.575975
0.28303498 	 0.61676025
0.291552 	 0.4763242
0.26083732 	 0.44091073
0.26369494 	 0.72199917
0.2584976 	 0.60574836
0.2478233 	 0.6358428
0.27015537 	 0.48328766
0.2677027 	 0.52744156
0.27904227 	 0.3747406
0.27336025 	 0.5713584
0.26014155 	 0.6129916
0.2922676 	 0.6426488
0.30939677 	 0.45769048
0.35814562 	 0.59418976
0.36155245 	 0.5811682
0.3858732 	 0.5433688
0.38295588 	 0.6343855
0.39073592 	 0.64575595
0.40782437 	 0.6549583
0.41990924 	 0.6170546
0.41406482 	 0.6465877
0.4540096 	 0.56956095
0.5336119 	 0.68476564
0.5481317 	 0.70119786
0.55529463 	 0.69564855
0.5813786 	 0.70029336
0.5814963 	 0.66981626
0.5582348 	 0.70407593
0.5543711 	 0.7149773
0.5599496 	 0.68204993
0.562237 	 0.75231254
0.57818115 	 0.7185194
0.5613576 	 0.7874241
0.5333796 	 0.7838384
0.5386637 	 0.73986137
0.55880195 	 0.74106324
0.5812706 	 0.66572684
0.5661177 	 0.75359267
0.5640271 	 0.77259415
0.554666 	 0.7619181
0.5423818 	 0.87982076
0.5632246 	 0.8201823
0.5616047 	 0.77118754
0.5646801 	 0.8971675
0.56682515 	 0.84424883
0.5460566 	 0.71537936
0.54642224 	 0.701848
0.53010964 	 0.9195928
0.54988974 	 0.7580898
0.5360746 	 0.7056851
0.5393377 	 0.747637
0.54579735 	 0.69918185
0.5316289 	 0.98851
0.5566397 	 0.83476645
0.52889276 	 0.85928637
0.5414584 	 0.9317616
0.54554844 	 0.68804675
0.53636926 	 0.7722303
0.5338358 	 0.7190104
0.5323557 	 0.80810493
0.5130362 	 0.9264396
0.5056857 	 0.7962285
0.5336054 	 0.7961162
0.5121585 	 0.6362073
0.51707965 	 0.7550223
0.5149761 	 0.7258652
0.5458593 	 0.7819314
0.5208813 	 0.7417691
0.511918 	 0.9318924
0.5296529 	 0.9279569
0.5351075 	 0.8936246
0.5391341 	 0.85766745
0.5479361 	 0.76445615
0.5470632 	 0.97675174
0.5941911 	 0.6954857
0.54072535 	 0.7732744
0.5456334 	 0.7770268
0.56914794 	 0.73908
0.52521646 	 0.6325101
0.47526234 	 0.72884053
0.47910002 	 0.7266438
0.470946 	 0.7383123
0.45521587 	 0.6594771
0.46000427 	 0.7214527
0.47094497 	 0.77272654
0.47005504 	 0.6941035
0.4554603 	 0.65457356
0.44705567 	 0.7975882
0.4636129 	 0.7236325
0.46259195 	 0.6629196
0.48476246 	 0.66399115
0.46064708 	 0.6002939
0.47752795 	 0.72172743
0.47821414 	 0.6780094
0.49039474 	 0.64652026
0.48988232 	 0.86849356
0.502615 	 0.8397966
0.52225477 	 0.9470019
0.52834284 	 0.7618764
0.51350653 	 0.7700147
0.4998858 	 0.9195097
0.5253484 	 1.1178738
0.612098 	 0.7207128
0.6203458 	 0.7115648
0.61459714 	 0.69668096
0.60490435 	 0.63937485
0.6301199 	 0.730237
0.65294474 	 0.6971146
0.606182 	 0.74730456
0.60077864 	 0.67899704
0.6085952 	 0.68585676
0.6455864 	 0.67571485
0.68722904 	 0.66191703
0.688083 	 0.67271054
0.6854662 	 0.65375674
0.69726884 	 0.6944418
0.69792646 	 0.68605995
0.7048799 	 0.6583087
0.69674724 	 0.6724265
0.6864754 	 0.67835736
0.68454766 	 0.6800082
0.69025135 	 0.7009821
0.6836083 	 0.6582485
0.6873933 	 0.719476
0.6715731 	 0.66851914
0.7185964 	 0.6653221
0.70343184 	 0.62702626
0.68232137 	 0.65663797
0.63939995 	 0.6540949
0.6660886 	 0.69518846
0.6522188 	 0.67550105
0.7321336 	 0.6882428
0.68491197 	 0.67614955
0.65444577 	 0.6761643
0.64641005 	 0.676414
0.6962599 	 0.701715
0.6825529 	 0.69436383
0.7201904 	 0.6759534
0.6600691 	 0.6406339
0.66987437 	 0.6164442
0.68125904 	 0.6829888
0.6787438 	 0.69294894
0.6847071 	 0.6687079
0.64823663 	 0.6654103
0.669687 	 0.6526379
0.65682876 	 0.6795852
0.6693009 	 0.68607724
0.68205297 	 0.677328
0.68643504 	 0.6485469
0.6854877 	 0.71010596
0.7269461 	 0.66275257
0.7046106 	 0.6947018
0.6817492 	 0.7145412
0.6715907 	 0.650478
0.63056874 	 0.6845519
0.6624827 	 0.617659
0.6726674 	 0.68077314
0.7137606 	 0.7057924
0.69653535 	 0.662874
0.7157576 	 0.63188785
0.682231 	 0.6977982
0.70289445 	 0.6864257
0.7160613 	 0.680063
0.6326312 	 0.68195844
0.57309854 	 0.6425145
0.571291 	 0.6609549
0.53542906 	 0.699771
0.4885423 	 0.6708414
0.47863325 	 0.7536921
0.4583188 	 0.75374717
0.37191537 	 0.76053524
0.33148015 	 0.800843
0.34145677 	 0.6703227
0.3475023 	 0.8058473
0.3609051 	 0.81873477
0.36021203 	 0.86804307
0.36986282 	 0.7803357
0.40153533 	 0.7047599
0.3977889 	 0.72283804
0.44029695 	 0.7897417
0.44014782 	 0.7409303
0.47500142 	 0.8167248
0.5017905 	 0.73100024
0.49791205 	 0.68332183
0.57251537 	 0.6683295
0.6191154 	 0.693942
0.68750155 	 0.7034132
0.66350126 	 0.670721
0.6999652 	 0.666652
0.68966174 	 0.7017186
0.7116741 	 0.7087654
0.7159889 	 0.69658417
0.70242333 	 0.6610483
0.7072642 	 0.7093178
0.7302806 	 0.66691697
0.6860849 	 0.70725185
0.67583483 	 0.6802546
0.66386473 	 0.70570064
0.6317647 	 0.72754604
0.6691594 	 0.6904163
0.6362096 	 0.69225174
0.660598 	 0.6721512
0.6682098 	 0.6526681
Summary
0.2478233  -  0.74413514 ,  0.31506523  -  1.1273625
accuracy:  87.9
equal predictions:  0
TensorFlow version: 1.13.1
Found 939 images belonging to 1 classes.
argN = 3136
argN = 3136
0.45549557 	 0.70629597
0.49011698 	 0.65040106
0.4859041 	 0.67819446
0.46537834 	 0.7222955
0.46679938 	 0.47533157
0.46339205 	 0.80113494
0.47507256 	 0.7445744
0.4502433 	 0.7086201
0.4540478 	 0.8818108
0.43166018 	 1.0618224
0.42051336 	 0.9751044
0.355322 	 0.6304637
0.33711088 	 0.59042317
0.36097205 	 0.67403597
0.37742615 	 0.9150091
0.40470934 	 0.83757293
0.37897637 	 0.6850496
0.42769334 	 0.606589
0.37804464 	 0.50692385
0.34846956 	 0.5063303
0.3165478 	 0.41530445
0.42249003 	 0.5220261
0.3742319 	 0.64745986
0.3494711 	 0.6891976
0.35598677 	 0.7175579
0.42635936 	 0.75668216
0.3991447 	 0.47275925
0.41542745 	 0.8652799
0.45280194 	 0.55516505
0.45219824 	 0.92819077
0.44492805 	 0.6171964
0.41429037 	 0.653451
0.43029734 	 0.54566735
0.4610052 	 0.6782452
0.50464237 	 0.67345315
0.5257309 	 0.65373003
0.48391342 	 0.79142326
0.5449201 	 0.6483653
0.47187734 	 0.6128415
0.48681602 	 0.68589735
0.502427 	 0.7329701
0.5372757 	 0.7153468
0.50791454 	 0.6512783
0.38212183 	 1.1441466
0.4112174 	 0.8984586
0.420983 	 0.67100495
0.37584883 	 0.5515753
0.40034136 	 0.6329078
0.3446709 	 0.45680368
0.4056246 	 0.6128438
0.3639553 	 0.64553314
0.32452357 	 0.6063007
0.40682104 	 0.5152368
0.44188496 	 0.7604101
0.4537214 	 0.7830039
0.3558781 	 0.86200225
0.3433781 	 0.9896365
0.3604067 	 0.7309453
0.37465903 	 0.48507607
0.37012237 	 0.9357375
0.45687184 	 0.7789852
0.45626923 	 0.74084854
0.50783056 	 0.5276743
0.4947317 	 0.5855086
0.49689433 	 0.5688744
0.489901 	 0.56897223
0.47330764 	 0.7681312
0.47590202 	 0.66414285
0.49753445 	 0.6558799
0.55924696 	 0.6391203
0.56293744 	 0.6465328
0.5423647 	 0.653046
0.33045807 	 1.1203994
0.3893422 	 0.6008712
0.366168 	 0.79148954
0.44157726 	 0.8261497
0.37352467 	 0.8078534
0.3488028 	 0.73927444
0.400271 	 0.6809138
0.39963683 	 0.55254513
0.3670919 	 0.43387893
0.37239158 	 0.53671664
0.37317696 	 0.665782
0.3835671 	 0.6394117
0.43166137 	 0.77831405
0.46346578 	 0.8428572
0.45009875 	 0.89731693
0.46235898 	 0.54054165
0.46476635 	 0.87708676
0.42924103 	 0.7375198
0.46318215 	 1.0397885
0.40144253 	 0.88418233
0.383165 	 0.91938084
0.3957361 	 0.8518254
0.36655462 	 0.6506503
0.36798006 	 0.48899782
0.37905005 	 0.6601616
0.37118134 	 0.43622127
0.3523235 	 0.54946214
0.3808243 	 0.74724275
0.33310533 	 0.5526698
0.33646947 	 0.6065519
0.36169297 	 0.71783173
0.34068763 	 0.50392175
0.35525176 	 0.7531361
0.34125048 	 0.726504
0.365228 	 0.5901542
0.38863257 	 0.6860072
0.40137485 	 0.6423274
0.3910713 	 0.7693302
0.4248296 	 0.72761
0.4080789 	 0.82092285
0.40823105 	 0.68980575
0.43850842 	 0.4988598
0.44202211 	 0.78366715
0.45568883 	 0.7070461
0.43292063 	 0.8472405
0.4520349 	 0.75373274
0.4696312 	 0.6046276
0.4738037 	 0.46974188
0.47031885 	 0.8776705
0.46777043 	 0.60196495
0.46830258 	 0.7664855
0.4459358 	 0.60093254
0.4621493 	 0.7756658
0.4884422 	 0.79420376
0.45710942 	 0.70697904
0.4668758 	 0.9027727
0.44629365 	 0.75748074
0.44434264 	 0.64092165
0.42840225 	 0.7395881
0.44602984 	 0.78830343
0.43077818 	 0.453962
0.45523006 	 0.78417456
0.43329215 	 0.49778092
0.44704896 	 0.9493259
0.4436972 	 0.55739486
0.4372936 	 0.75083274
0.4297023 	 0.64465886
0.42051497 	 0.60816216
0.41438627 	 0.6585659
0.449989 	 0.47968426
0.42884272 	 0.5167834
0.4274321 	 0.80954546
0.4083318 	 0.51013196
0.40586784 	 0.81231797
0.4057987 	 0.412202
0.4330257 	 0.6174917
0.4010785 	 0.8237249
0.43193766 	 0.78516775
0.43082047 	 0.65089256
0.40957093 	 0.966581
0.43483722 	 0.6399856
0.4376298 	 0.86326253
0.43073186 	 0.7975569
0.4247225 	 0.50922596
0.4435861 	 0.8757447
0.46611097 	 0.88805974
0.45431635 	 0.9064753
0.47579688 	 0.67327315
0.45195377 	 0.60321933
0.45570388 	 0.7245236
0.45695758 	 0.83374155
0.4691574 	 0.79151714
0.45686156 	 0.9067188
0.41792452 	 0.6585089
0.42857206 	 0.684503
0.44925416 	 0.607716
0.43639454 	 0.4891311
0.42421496 	 0.73441416
0.44646567 	 0.68646413
0.38663188 	 0.5768425
0.39300707 	 0.58733195
0.39430326 	 0.56179106
0.40175176 	 0.8197521
0.39142528 	 0.51552343
0.37761414 	 0.62913936
0.38809466 	 0.71447206
0.39313424 	 0.827096
0.38920134 	 0.8321225
0.4039 	 0.6739919
0.4011991 	 0.5469189
0.40347928 	 0.76949525
0.39330116 	 0.45230195
0.4046995 	 0.6922267
0.3761645 	 0.90579206
0.38554695 	 0.72204566
0.38217652 	 0.80393183
0.40110242 	 0.48813763
0.38666275 	 0.5543616
0.38471618 	 0.7568838
0.3774925 	 0.39089656
0.35808116 	 0.60542595
0.5735627 	 0.580925
0.62357 	 0.64629
0.622096 	 0.6708843
0.62022394 	 0.6253391
0.6170398 	 0.58552676
0.59784025 	 0.5962162
0.6098078 	 0.608856
0.60056406 	 0.5820051
0.58804876 	 0.5825079
0.5580086 	 0.55077934
0.5778208 	 0.59940124
0.55935574 	 0.58190715
0.5994704 	 0.58869886
0.6209885 	 0.61198926
0.59902185 	 0.571017
0.60547507 	 0.6958563
0.60922474 	 0.59457034
0.6221309 	 0.5972318
0.6094907 	 0.70769435
0.61955035 	 0.54435897
0.6036202 	 0.6458901
0.57750237 	 0.52732956
0.59296864 	 0.5259819
0.59377456 	 0.55370647
0.60838914 	 0.55987465
0.61642563 	 0.5577803
0.60211796 	 0.70684606
0.6124652 	 0.5430808
0.60406303 	 0.5718239
0.6072541 	 0.61028284
0.5990146 	 0.5669627
0.61074334 	 0.6343289
0.6562052 	 0.62436384
0.63336384 	 0.6003594
0.61535597 	 0.5730499
0.6047437 	 0.58739024
0.60349154 	 0.6097987
0.61854815 	 0.59393334
0.62272465 	 0.6411156
0.59660697 	 0.56720996
0.5667184 	 0.5443568
0.5524658 	 0.54891753
0.5506107 	 0.55343586
0.566867 	 0.56112975
0.58216435 	 0.55352026
0.5991426 	 0.6068643
0.61019164 	 0.61847425
0.601043 	 0.6515583
0.6046396 	 0.59956074
0.59085256 	 0.5683874
0.6165332 	 0.5669417
0.6120765 	 0.5065093
0.6051183 	 0.6132369
0.59185606 	 0.51995397
0.60662216 	 0.55608374
0.57713604 	 0.6211203
0.5609098 	 0.54893965
0.55172706 	 0.58689725
0.56382614 	 0.56034386
0.5608707 	 0.6172273
0.5913534 	 0.58990514
0.5885232 	 0.5984402
0.632463 	 0.5631857
0.6494662 	 0.5659913
0.56149566 	 0.63362664
0.5615256 	 0.5684881
0.5740266 	 0.6301055
0.621131 	 0.70574546
0.6530435 	 0.5266289
0.6316733 	 0.62711877
0.6222306 	 0.55508643
0.60500544 	 0.55092096
0.6109176 	 0.5599095
0.595319 	 0.61625147
0.59017146 	 0.518705
0.5865978 	 0.6928583
0.59766954 	 0.7153767
0.57619345 	 0.5776385
0.55829734 	 0.605335
0.5604568 	 0.501843
0.5517382 	 0.49652457
0.54968864 	 0.52702856
0.5263201 	 0.5293422
0.53858066 	 0.63033575
0.51001 	 0.5795155
0.50679195 	 0.5445322
0.47840896 	 0.5438282
0.4803736 	 0.5907876
0.45491016 	 0.6544255
0.45178518 	 0.62969327
0.4155414 	 0.7284796
0.42318535 	 0.75004464
0.44062057 	 0.7073441
0.42382878 	 0.7792197
0.5039475 	 0.7717771
0.5441794 	 0.7086123
0.5751225 	 0.8182174
0.5707304 	 0.7032854
0.5514449 	 0.52439314
0.57065046 	 0.6837998
0.5834968 	 0.6119769
0.59237176 	 0.61236566
0.5936883 	 0.5213716
0.59167534 	 0.58077294
0.60039395 	 0.53541726
0.58240247 	 0.59510106
0.60348195 	 0.56553626
0.5804144 	 0.5938383
0.5388563 	 0.4988814
0.55684084 	 0.5374235
0.5442001 	 0.552498
0.5496964 	 0.6354004
0.53370184 	 0.5837732
0.52611 	 0.6307363
0.5831474 	 0.57657766
0.5817646 	 0.5773972
0.59433573 	 0.5271275
0.625032 	 0.5897171
0.6023542 	 0.57818294
0.59337175 	 0.5346589
Summary
0.3165478  -  0.6562052 ,  0.39089656  -  1.1441466
accuracy:  79.6
equal predictions:  0
TensorFlow version: 1.13.1
Found 939 images belonging to 1 classes.
argN = 3136
argN = 3136
0.4363569 	 0.67483056
0.4672866 	 0.78233993
0.362049 	 0.5918587
0.37744528 	 0.65805125
0.42103738 	 0.68506145
0.40145794 	 0.67706907
0.34059286 	 1.0064895
0.3665314 	 0.7097087
0.36958933 	 1.3228847
0.42521846 	 1.0353407
0.3992462 	 0.95260704
0.3791796 	 0.9712947
0.31012344 	 0.79210895
0.35154173 	 0.55627596
0.29717174 	 0.6678104
0.29076296 	 0.6749083
0.28788602 	 0.7308785
0.3042952 	 0.791031
0.4329041 	 0.53006905
0.3667643 	 0.53750145
0.28613308 	 0.59682703
0.27255175 	 0.5159419
0.34876105 	 0.6448509
0.3466585 	 1.179394
0.30601507 	 1.0399542
0.29999456 	 0.9006507
0.30319867 	 0.7156097
0.30342445 	 1.2171274
0.40253308 	 0.6308172
0.28290692 	 0.48869675
0.35876638 	 0.44015986
0.35815638 	 0.45772985
0.4010678 	 0.69269943
0.32198316 	 0.63093144
0.3949521 	 0.6175605
0.42632082 	 0.7126605
0.3704476 	 0.6169593
0.3711301 	 0.48533985
0.5365974 	 0.6794466
0.46467298 	 0.5683434
0.42958984 	 0.4790446
0.4667178 	 0.5959695
0.48899743 	 0.6151063
0.4549834 	 0.6870339
0.40524516 	 0.75206584
0.33893836 	 0.749694
0.28986287 	 1.0746658
0.2840981 	 0.66525257
0.2600299 	 0.7959579
0.25685948 	 0.9582628
0.24221778 	 1.2171891
0.22440064 	 0.9317285
0.2258138 	 0.7262302
0.32003188 	 0.81510514
0.3435712 	 0.96958405
0.3270819 	 0.6555974
0.35763413 	 0.79147464
0.38477004 	 0.69179183
0.40474883 	 0.65783584
0.37939873 	 0.4998248
0.32067695 	 0.62649995
0.32254356 	 0.49223503
0.39898515 	 0.68068
0.2965428 	 0.6765921
0.27311364 	 0.6425329
0.32571256 	 0.6889613
0.36167037 	 0.671559
0.32340404 	 0.8944304
0.3144014 	 0.74339396
0.35058728 	 0.97634465
0.32937804 	 0.4095836
0.44148013 	 0.46522638
0.4593227 	 0.48761043
0.47475553 	 0.6939995
0.4939578 	 0.5836344
0.48486534 	 0.69300854
0.42007452 	 0.66269726
0.4250647 	 0.7120553
0.37902445 	 0.7223654
0.39325884 	 0.63987565
0.50453556 	 0.60601854
0.47062573 	 0.62591887
0.47398064 	 0.63712424
0.44045258 	 0.6815344
0.321572 	 0.8239214
0.29046407 	 1.0328547
0.29667106 	 0.6407774
0.3615569 	 0.73139393
0.44224155 	 0.7383592
0.3613697 	 0.47121888
0.36225587 	 0.4433661
0.2880408 	 0.33352864
0.3142636 	 0.8640708
0.27430394 	 0.63444644
0.25683796 	 0.99110913
0.2531462 	 1.1740249
0.22623987 	 0.8358184
0.26822343 	 0.8363259
0.31067905 	 0.46523017
0.3219866 	 0.56241125
0.30847067 	 0.8188321
0.29679972 	 0.89573914
0.2964338 	 0.66459024
0.29739472 	 0.7033673
0.30320722 	 0.51584494
0.29397133 	 0.5702323
0.28713346 	 0.60197985
0.2817849 	 0.5642379
0.27881655 	 0.672013
0.30996725 	 0.77289104
0.30131733 	 0.65867805
0.28654397 	 0.44564155
0.2766115 	 0.5624787
0.27631515 	 0.8635637
0.27564466 	 0.6511443
0.30040336 	 0.6850714
0.30702075 	 0.57390875
0.30934173 	 0.5717672
0.31032112 	 0.6573339
0.32672665 	 0.71118563
0.35365093 	 0.76376534
0.34990522 	 0.7785041
0.35524097 	 0.6727606
0.37072235 	 0.6966235
0.36082977 	 0.4811386
0.32201013 	 0.7258741
0.32118946 	 0.5420027
0.3154336 	 0.5585303
0.31675863 	 0.680435
0.31652385 	 0.5943973
0.30065566 	 0.6527753
0.31827965 	 0.64792
0.32689565 	 0.6137876
0.30050254 	 0.5563236
0.30349123 	 0.9043395
0.3030492 	 0.6470596
0.28792807 	 0.78063077
0.28971037 	 0.63849163
0.29704595 	 0.40851924
0.30524448 	 0.48292598
0.29961672 	 0.7646136
0.29867142 	 0.46999714
0.30073237 	 0.63094115
0.29750925 	 0.80640477
0.30016193 	 0.80079675
0.29754788 	 0.88684475
0.2732377 	 0.64882785
0.2793822 	 0.5001121
0.27436033 	 0.78668165
0.2617797 	 0.5704039
0.2642796 	 0.798368
0.26285523 	 1.0285726
0.24721956 	 0.39268756
0.2681041 	 1.0191844
0.25292295 	 0.48455864
0.2459304 	 0.6379748
0.25517935 	 0.5135999
0.23213783 	 0.9101441
0.21441804 	 0.75594795
0.23822951 	 1.1273444
0.23776688 	 0.6717075
0.23343113 	 0.9324442
0.22038408 	 0.7472741
0.2308196 	 0.78270596
0.23776868 	 0.6543554
0.24722064 	 0.51254
0.24280885 	 0.8758762
0.2508554 	 0.6864575
0.2533423 	 0.4599576
0.26407194 	 0.45298204
0.27085477 	 0.77363944
0.2661553 	 0.9268226
0.27995616 	 0.58150226
0.27595645 	 0.67547697
0.2717681 	 0.7003252
0.26771405 	 0.7991722
0.2473429 	 0.7800491
0.25520673 	 0.6031389
0.269985 	 0.8270973
0.2780302 	 0.7222656
0.26646778 	 0.8433333
0.25738794 	 0.57589644
0.24734436 	 0.5869708
0.2554381 	 0.7359951
0.24361135 	 0.39909977
0.25646207 	 0.95270455
0.24395247 	 0.758268
0.22931539 	 0.7174592
0.23213978 	 0.7749718
0.22212265 	 0.5545642
0.21376564 	 0.9423562
0.20874918 	 0.7590374
0.20415273 	 0.627248
0.19219759 	 0.76481646
0.18796526 	 0.66202
0.17444758 	 0.49805856
0.1831081 	 0.56682765
0.17282452 	 0.40988258
0.17046794 	 1.0997201
0.15120962 	 0.57384515
0.14332926 	 0.8302427
0.14906877 	 0.52206224
0.5448505 	 0.5223333
0.55253893 	 0.57067347
0.5378417 	 0.57073754
0.5169432 	 0.52928776
0.53435385 	 0.5535254
0.5112742 	 0.55618113
0.5464058 	 0.5497629
0.5301741 	 0.60447353
0.5183102 	 0.6973783
0.54158586 	 0.5777725
0.526925 	 0.60679513
0.49001697 	 0.49361685
0.50400263 	 0.5689096
0.49689853 	 0.54470664
0.5056763 	 0.52536863
0.46864137 	 0.50232524
0.48623118 	 0.52284235
0.491117 	 0.592913
0.48169383 	 0.48776323
0.46857136 	 0.59299994
0.49222508 	 0.54930854
0.49426082 	 0.50951517
0.479049 	 0.47485363
0.49437085 	 0.5598125
0.49220216 	 0.5310137
0.48307225 	 0.5639446
0.46612826 	 0.45880133
0.44976944 	 0.5181362
0.46239513 	 0.5422988
0.42302683 	 0.62736213
0.42659354 	 0.5229123
0.45166478 	 0.44656023
0.45665386 	 0.53709865
0.4919915 	 0.5439395
0.48769313 	 0.556056
0.48156473 	 0.55216414
0.41300902 	 0.4698321
0.44028956 	 0.463742
0.4108087 	 0.55524915
0.41291803 	 0.4449806
0.42407867 	 0.5003465
0.43216372 	 0.48958167
0.48120186 	 0.48348996
0.5137753 	 0.54384136
0.464732 	 0.51332766
0.44594818 	 0.49092552
0.46159232 	 0.5489605
0.45862764 	 0.4962646
0.45369118 	 0.44088766
0.49494463 	 0.62094456
0.4810894 	 0.49806297
0.45916957 	 0.5179229
0.48747322 	 0.47579536
0.498006 	 0.5210059
0.48545656 	 0.5725314
0.50945234 	 0.68883073
0.49548295 	 0.48540425
0.49540028 	 0.5701628
0.47183082 	 0.43046087
0.44764087 	 0.4651439
0.45649955 	 0.51223594
0.44042405 	 0.45249602
0.45850638 	 0.49838364
0.49218568 	 0.5166118
0.4814075 	 0.5132735
0.5047879 	 0.5036743
0.5076009 	 0.5450425
0.48615694 	 0.48779935
0.47866943 	 0.5074236
0.47452077 	 0.5083369
0.4978985 	 0.5176286
0.4973797 	 0.5015407
0.48034525 	 0.51500684
0.46371764 	 0.45316648
0.4458968 	 0.44991347
0.40149927 	 0.42225623
0.42129084 	 0.43135285
0.41896468 	 0.45651743
0.4458425 	 0.49355787
0.44588664 	 0.49961454
0.4551284 	 0.46359578
0.46478704 	 0.46861956
0.4498055 	 0.45876983
0.46751392 	 0.50403905
0.4555296 	 0.48879442
0.41142407 	 0.5269071
0.41857508 	 0.5700958
0.44100475 	 0.5308495
0.43042713 	 0.5265499
0.41231832 	 0.5438056
0.3686353 	 0.55533963
0.37725127 	 0.63728756
0.36781868 	 0.66222304
0.38355067 	 0.67694473
0.42042315 	 0.66723907
0.51445824 	 0.75114244
0.57872725 	 0.6452561
0.6146162 	 0.7362415
0.5280103 	 0.6028828
0.44235918 	 0.4622036
0.42372605 	 0.38135567
0.40157664 	 0.5272702
0.41691473 	 0.53069925
0.43586922 	 0.47314978
0.48129156 	 0.5109452
0.4922132 	 0.5143188
0.4788857 	 0.5023933
0.4710665 	 0.5204569
0.462465 	 0.47338048
0.4308033 	 0.46392995
0.43201965 	 0.4490313
Summary
0.14332926  -  0.6146162 ,  0.33352864  -  1.3228847
accuracy:  96.5
equal predictions:  0
TensorFlow version: 1.13.1
Found 939 images belonging to 1 classes.
argN = 3136
argN = 3136
0.5892183 	 0.5764641
0.5418188 	 0.69192165
0.48557925 	 0.67622423
0.45372102 	 0.627161
0.40180308 	 0.5979256
0.33566594 	 0.6066083
0.39128318 	 0.5789585
0.3552754 	 0.66280335
0.39046946 	 0.71897984
0.503277 	 0.6111708
0.42936108 	 0.62729275
0.5208156 	 0.6580578
0.5794438 	 0.6370161
0.5773865 	 0.6200849
0.53446627 	 0.63426167
0.39187428 	 0.4900336
0.32138827 	 0.84201056
0.33051208 	 0.6436898
0.2843318 	 0.6926019
0.23585397 	 0.60032594
0.22130598 	 0.7686873
0.22302024 	 0.63698786
0.21910499 	 0.34508592
0.20216043 	 0.7405347
0.2768447 	 0.83429784
0.30025735 	 0.62969255
0.3245085 	 0.82473755
0.6701496 	 0.559882
0.7108458 	 0.65448284
0.6893807 	 0.6270858
0.5924651 	 0.55698067
0.5232238 	 0.60384256
0.5514013 	 0.6654119
0.56599844 	 0.6576527
0.52770513 	 0.71442664
0.53005224 	 0.62898195
0.45618477 	 0.46701574
0.5579299 	 0.60329974
0.47825867 	 0.52755094
0.47429442 	 0.7506764
0.2904856 	 0.7350565
0.35043868 	 0.88735235
0.4894046 	 0.7063754
0.45578173 	 0.78804374
0.38587156 	 0.5217224
0.48235336 	 0.6613984
0.55919236 	 0.68115234
0.5767999 	 0.64468056
0.5931921 	 0.6343145
0.39202636 	 0.44964907
0.4055001 	 0.48440662
0.33494222 	 0.58567196
0.19908252 	 0.59805506
0.19634926 	 0.71409667
0.20243582 	 0.6144328
0.19319472 	 0.5244728
0.17795853 	 0.7558798
0.16772364 	 0.5023603
0.17513525 	 0.8294492
0.2572312 	 0.6971189
0.35218313 	 0.87485147
0.56326795 	 0.6421487
0.54571474 	 0.6519944
0.5816969 	 0.6834871
0.5493104 	 0.6042425
0.590672 	 0.6065063
0.48474658 	 0.5719422
0.47060433 	 0.60916424
0.4731606 	 0.5750384
0.56178916 	 0.56690437
0.59194666 	 0.61144006
0.47812858 	 0.49337977
0.45056012 	 0.70924956
0.45224857 	 0.73085046
0.30391487 	 0.7653664
0.48931026 	 0.7294176
0.33570123 	 0.5811325
0.391121 	 0.6432459
0.5107305 	 0.6444481
0.55087775 	 0.68820614
0.5822928 	 0.6488938
0.59701306 	 0.63666546
0.3533403 	 0.60432565
0.3382294 	 0.8385497
0.32114837 	 0.62533766
0.31142887 	 0.63426256
0.35320705 	 0.5311633
0.35291773 	 0.70945686
0.34156471 	 0.44195879
0.29413122 	 0.8770561
0.5680608 	 0.6330284
0.6135741 	 0.6330352
0.57746446 	 0.6682655
0.5682077 	 0.6256955
0.5736174 	 0.62209266
0.597284 	 0.63629085
0.5661078 	 0.60236436
0.58091134 	 0.63522243
0.56937695 	 0.6503397
0.6007207 	 0.6244144
0.55298275 	 0.5976621
0.5831176 	 0.61263347
0.5939573 	 0.6618795
0.5459859 	 0.6063255
0.547394 	 0.5971675
0.515881 	 0.64182156
0.5061877 	 0.545265
0.46330774 	 0.6762929
0.45390907 	 0.5184302
0.44962412 	 0.60835564
0.43623558 	 0.59036994
0.4071381 	 0.40720734
0.37969738 	 0.62620956
0.4021362 	 0.59017956
0.3851987 	 0.63773745
0.3969227 	 0.5014591
0.37514654 	 0.6007372
0.38033792 	 0.6373541
0.3848626 	 0.64602715
0.3926031 	 0.6026333
0.38631186 	 0.50228673
0.37175897 	 0.76210386
0.40098092 	 0.5120704
0.37024778 	 0.5789929
0.39316672 	 0.5701732
0.39189142 	 0.63149124
0.38425818 	 0.63200533
0.38709006 	 0.621947
0.35651293 	 0.7509343
0.36964232 	 0.35580987
0.37567925 	 0.8050758
0.34076613 	 0.5100992
0.36089757 	 0.5765281
0.3536443 	 0.81999934
0.34260336 	 0.6157121
0.34810624 	 0.6825459
0.34849313 	 0.58223486
0.33733383 	 0.65030736
0.33543658 	 0.5347484
0.33917227 	 0.6378762
0.30416822 	 0.63940287
0.32564265 	 0.6041556
0.30905524 	 0.4352601
0.29403293 	 0.77452475
0.30028954 	 0.61774474
0.30983594 	 0.58552766
0.3163947 	 0.3912927
0.31545132 	 0.652592
0.31877255 	 0.7989753
0.3263955 	 0.6517436
0.32745197 	 0.6813179
0.31961527 	 0.5926087
0.32050988 	 0.50666064
0.3335168 	 0.5992006
0.3264972 	 0.59161353
0.3175847 	 0.5537742
0.33593997 	 0.6415205
0.36537787 	 0.44969475
0.35672367 	 0.6000268
0.3699552 	 0.546069
0.3563164 	 0.462635
0.38600639 	 0.5528889
0.35404083 	 0.65411395
0.36600372 	 0.5997342
0.36633262 	 0.62599087
0.3531754 	 0.7784407
0.3512922 	 0.73523444
0.34670225 	 0.63220286
0.33919787 	 0.47027957
0.35434324 	 0.51897645
0.37228268 	 0.6174317
0.34301078 	 0.65774333
0.3574075 	 0.63647
0.35737777 	 0.7191292
0.3855992 	 0.5944391
0.39540392 	 0.61440086
0.39537755 	 0.57478786
0.37897253 	 0.7348056
0.39295638 	 0.6369884
0.39051774 	 0.49298674
0.37332726 	 0.6128197
0.3615165 	 0.6187539
0.34168273 	 0.7220775
0.34737203 	 0.65566456
0.34153074 	 0.4789619
0.31484097 	 0.3993432
0.3138416 	 0.68897015
0.28961098 	 0.525347
0.29047954 	 0.6549466
0.51926607 	 0.63771695
0.54756284 	 0.59502155
0.5204704 	 0.5622509
0.49721768 	 0.5492368
0.45480636 	 0.6107148
0.4451737 	 0.61552316
0.46246955 	 0.55072576
0.42879477 	 0.59743845
0.48067543 	 0.60154605
0.5217969 	 0.57661265
0.5169273 	 0.6160548
0.516397 	 0.6265608
0.54245025 	 0.5978563
0.5292163 	 0.5928403
0.5230112 	 0.65528065
0.52788293 	 0.5259767
0.4914492 	 0.58072853
0.49043104 	 0.5992034
0.439002 	 0.59496504
0.43561497 	 0.5460406
0.4540799 	 0.62502736
0.48021615 	 0.6113336
0.48278522 	 0.5790344
0.49676746 	 0.6472669
0.5074215 	 0.5742619
0.5088756 	 0.56935114
0.51381594 	 0.5979731
0.49971318 	 0.6529079
0.5928317 	 0.6033479
0.6177493 	 0.62715113
0.5662331 	 0.63530046
0.5681232 	 0.61207014
0.5847482 	 0.5759908
0.574255 	 0.6108608
0.57087153 	 0.60941637
0.5566549 	 0.6171885
0.57227445 	 0.6695945
0.5786465 	 0.6288516
0.55205435 	 0.55386716
0.5749261 	 0.5685802
0.5356491 	 0.55536723
0.49478048 	 0.5453288
0.53052413 	 0.57556844
0.50841403 	 0.61735636
0.49510783 	 0.51534516
0.5056816 	 0.5068132
0.45428678 	 0.52573675
0.4934898 	 0.61596406
0.5235398 	 0.6386704
0.49735948 	 0.5877464
0.49432582 	 0.6179284
0.48800632 	 0.58078647
0.4908227 	 0.583458
0.47340095 	 0.62690085
0.48645124 	 0.5862102
0.44568855 	 0.49295864
0.48829418 	 0.42510813
0.47833395 	 0.5949112
0.4754869 	 0.5650385
0.47607556 	 0.5974521
0.49526912 	 0.5997269
0.47481743 	 0.5619919
0.49454197 	 0.62720937
0.5061524 	 0.58340794
0.54377174 	 0.59208256
0.53763396 	 0.6082492
0.45175335 	 0.5786047
0.47258064 	 0.56147677
0.47885087 	 0.64501214
0.5166469 	 0.57528055
0.49246353 	 0.5496596
0.5295108 	 0.51617855
0.5542466 	 0.62160045
0.53161746 	 0.6355624
0.51531434 	 0.5742072
0.5237255 	 0.5711773
0.49624747 	 0.5814984
0.49386498 	 0.5755357
0.49357417 	 0.49153396
0.459485 	 0.60631555
0.4616918 	 0.6276265
0.46238455 	 0.57895076
0.44829893 	 0.59081864
0.43618864 	 0.5334491
0.4339955 	 0.6217853
0.41984573 	 0.5592939
0.45649767 	 0.5504843
0.44995552 	 0.49857882
0.4165008 	 0.6000841
0.43451354 	 0.5998263
0.46821907 	 0.5486967
0.4537125 	 0.6095309
0.47710764 	 0.5883639
0.45612374 	 0.55465674
0.48079112 	 0.64075404
0.45985064 	 0.6470634
0.46985516 	 0.6195982
0.4767427 	 0.6702314
0.46519485 	 0.62001264
0.5468275 	 0.62676674
0.5675919 	 0.6572818
0.5574178 	 0.69326043
0.5920403 	 0.6304024
0.5061992 	 0.63851
0.48815277 	 0.58406174
0.48602998 	 0.5757597
0.5156853 	 0.6779216
0.4939285 	 0.66210634
0.48585227 	 0.5468364
0.50724214 	 0.5338508
0.4744708 	 0.5638154
0.46745485 	 0.54975235
0.47070417 	 0.56062263
0.49089417 	 0.67638516
0.4849415 	 0.5862138
0.49944443 	 0.57723266
0.51322347 	 0.6279964
0.52956605 	 0.5986669
0.52795815 	 0.55643874
0.5099063 	 0.58750397
0.5448358 	 0.52850723
0.49595106 	 0.5558496
0.5078476 	 0.53051597
0.47699663 	 0.5690617
Summary
0.16772364  -  0.7108458 ,  0.34508592  -  0.88735235
accuracy:  95.8
equal predictions:  0
