TensorFlow version: 1.13.1
Found 939 images belonging to 1 classes.
argN = 3136
argN = 3136
0.39480516 	 0.5536404
0.36225706 	 0.60720986
0.35547373 	 0.56450075
0.34654546 	 0.5679981
0.4592791 	 0.5542157
0.4473166 	 0.54861635
0.5171731 	 0.50666463
0.503035 	 0.58402383
0.48425958 	 0.57819164
0.5060346 	 0.5778216
0.47445384 	 0.6318598
0.5052819 	 0.63295573
0.54949665 	 0.60003674
0.5742918 	 0.59501356
0.62972224 	 0.6275716
0.6158093 	 0.6262671
0.63508 	 0.6639805
0.43872818 	 0.63970524
0.5165275 	 0.57014316
0.49215078 	 0.64945686
0.4764722 	 0.49380365
0.48503137 	 0.5257474
0.4764346 	 0.5674031
0.46666896 	 0.5569794
0.51519907 	 0.64773524
0.5696333 	 0.60942173
0.5398067 	 0.62701297
0.57202595 	 0.62544703
0.5419712 	 0.56280816
0.5182118 	 0.55861324
0.41857472 	 0.67699844
0.55418813 	 0.59014815
0.5313343 	 0.57330465
0.52435005 	 0.5804927
0.53358436 	 0.5541516
0.5125844 	 0.55130947
0.46979365 	 0.59271866
0.39100307 	 0.62295353
0.38108185 	 0.56846845
0.3220561 	 0.6704773
0.38515088 	 0.65654683
0.4654557 	 0.45080614
0.4860392 	 0.69149286
0.49059263 	 0.5437824
0.50769013 	 0.56096596
0.4832669 	 0.53326255
0.50873494 	 0.59861344
0.50767606 	 0.57982606
0.5227338 	 0.5456071
0.5478917 	 0.5532383
0.5616999 	 0.54041106
0.54401356 	 0.53894025
0.52305394 	 0.6576677
0.5008696 	 0.5539047
0.47825858 	 0.58907735
0.49393523 	 0.610364
0.3904469 	 0.49528554
0.4827521 	 0.62824357
0.5619277 	 0.6350092
0.48897585 	 0.55050457
0.5051418 	 0.7134984
0.5491435 	 0.5800776
0.5638502 	 0.66030353
0.57321614 	 0.63268584
0.53002334 	 0.6260584
0.51637775 	 0.5352969
0.4288334 	 0.69644696
0.41175637 	 0.54141045
0.46759498 	 0.50264966
0.4578299 	 0.5781365
0.6322825 	 0.52064675
0.62581474 	 0.5094214
0.611435 	 0.5869854
0.4947448 	 0.7334167
0.45860764 	 0.51401824
0.5243631 	 0.61000305
0.47785422 	 0.53276813
0.6221875 	 0.6917759
0.47270906 	 0.5571423
0.38662326 	 0.53262717
0.39857405 	 0.51439005
0.43224278 	 0.51749116
0.39366972 	 0.44054398
0.36898488 	 0.53693587
0.39672098 	 0.6047006
0.4258403 	 0.5259378
0.432028 	 0.61799616
0.40529415 	 0.64840734
0.4290053 	 0.54619145
0.45214579 	 0.5483653
0.56692815 	 0.59472805
0.42625126 	 0.6624976
0.41161242 	 0.5619254
0.399555 	 0.5893128
0.39624658 	 0.57829696
0.42527592 	 0.49901962
0.4025829 	 0.7141262
0.38583815 	 0.52766633
0.3968247 	 0.5255258
0.38315067 	 0.60527027
0.37173614 	 0.5493754
0.38267374 	 0.57079095
0.3547628 	 0.590036
0.3471156 	 0.65761137
0.39144036 	 0.6562802
0.3543796 	 0.65110546
0.36782178 	 0.6217552
0.34433457 	 0.56033635
0.35417256 	 0.5918338
0.36048874 	 0.7169699
0.39134225 	 0.5995753
0.3699366 	 0.48636505
0.38648587 	 0.7246685
0.38722077 	 0.6934529
0.41910696 	 0.48754057
0.4076938 	 0.6742162
0.41435793 	 0.5623675
0.42605612 	 0.5701149
0.4116322 	 0.5892693
0.41651347 	 0.64957553
0.41462535 	 0.5789041
0.41920432 	 0.5763188
0.43613306 	 0.63086075
0.42692143 	 0.67437404
0.41935444 	 0.7858032
0.42392585 	 0.6577769
0.40582225 	 0.52326846
0.4339376 	 0.731493
0.42527336 	 0.6181528
0.4194879 	 0.69099444
0.4336652 	 0.6275373
0.41988927 	 0.65617335
0.391432 	 0.6155526
0.43600112 	 0.7527171
0.41088188 	 0.48717996
0.40560564 	 0.8482726
0.41521904 	 0.6499593
0.41547188 	 0.5520777
0.40656754 	 0.6589962
0.41650805 	 0.59673953
0.4020412 	 0.4840112
0.4095816 	 0.58408314
0.39191997 	 0.6291691
0.41724327 	 0.54999644
0.40492645 	 0.74460346
0.43700796 	 0.73422176
0.44370037 	 0.7070919
0.43173993 	 0.5695399
0.410943 	 0.57713246
0.4139831 	 0.7540438
0.4152448 	 0.53172135
0.39689106 	 0.55832857
0.40439063 	 0.5645592
0.40523326 	 0.6147668
0.4142129 	 0.54012614
0.41664907 	 0.54806954
0.42356527 	 0.68251336
0.43137816 	 0.47191653
0.41315442 	 0.5460431
0.4107598 	 0.57778794
0.40448335 	 0.622953
0.40989444 	 0.5238826
0.42627427 	 0.60784936
0.4152205 	 0.69293535
0.43963036 	 0.6548835
0.4260258 	 0.8898559
0.44569135 	 0.7094925
0.4327604 	 0.7104079
0.42648625 	 0.47100157
0.4492334 	 0.5739669
0.44697347 	 0.65699106
0.47346354 	 0.6686221
0.46681267 	 0.6234551
0.46469945 	 0.66423845
0.4710155 	 0.48687556
0.46440533 	 0.6479435
0.4851456 	 0.5652085
0.49353102 	 0.562788
0.49907187 	 0.6371807
0.49442393 	 0.6412419
0.5145663 	 0.6242665
0.48928714 	 0.6735946
0.48932815 	 0.6177401
0.5343602 	 0.6676484
0.5457014 	 0.5529537
0.53275925 	 0.66323256
0.54774797 	 0.56524855
0.5726416 	 0.75005054
0.56788015 	 0.58828616
0.56952566 	 0.6867377
0.56716794 	 0.5990938
0.56956095 	 0.58036596
0.56829375 	 0.64706063
0.5540011 	 0.6593931
0.601721 	 0.61624175
0.6093695 	 0.66015977
0.6104993 	 0.59937453
0.62046206 	 0.620488
0.6336764 	 0.6043965
0.6094318 	 0.65884036
0.59809643 	 0.694015
0.6191504 	 0.6521578
0.6418891 	 0.6423123
0.6321562 	 0.6584396
0.5718083 	 0.50988495
0.5659509 	 0.5757547
0.5128811 	 0.5333812
0.50609416 	 0.4859757
0.5111645 	 0.50378263
0.5274808 	 0.5376878
0.5020527 	 0.5323333
0.5103579 	 0.48618835
0.49053353 	 0.56700504
0.48865303 	 0.53372127
0.4980363 	 0.5484622
0.50195247 	 0.55602294
0.5320621 	 0.5361109
0.512336 	 0.6789593
0.5332526 	 0.5624097
0.5169779 	 0.5749443
0.52455765 	 0.55197686
0.51074684 	 0.48913354
0.48388556 	 0.52917033
0.49595907 	 0.54920137
0.46902916 	 0.48756522
0.46549842 	 0.5616715
0.48378095 	 0.53846526
0.4655567 	 0.540032
0.48676667 	 0.50352114
0.48384166 	 0.54939526
0.4995223 	 0.54883707
0.495652 	 0.5357151
0.5033085 	 0.52155864
0.49512506 	 0.49784625
0.50067055 	 0.51259166
0.49183103 	 0.5196977
0.47730437 	 0.5283417
0.47815877 	 0.55196154
0.4906568 	 0.55821586
0.53450745 	 0.5817697
0.49519125 	 0.54703265
0.5044166 	 0.46502623
0.5105316 	 0.53141075
0.5232187 	 0.5448053
0.51167494 	 0.541847
0.49018267 	 0.48022443
0.47238216 	 0.46452028
0.46505478 	 0.49884528
0.4516099 	 0.46385354
0.48929334 	 0.47774753
0.4797534 	 0.44317567
0.47659555 	 0.4783705
0.46013626 	 0.41907898
0.5146411 	 0.5150522
0.53257245 	 0.4758863
0.52390724 	 0.54852694
0.5176425 	 0.50654364
0.5172658 	 0.52545303
0.5188426 	 0.6170205
0.5157211 	 0.5651143
0.51998144 	 0.49737057
0.5183286 	 0.5211352
0.50215435 	 0.55962837
0.5375691 	 0.521496
0.5250917 	 0.5529007
0.5147105 	 0.47872484
0.47148645 	 0.5744807
0.4996271 	 0.55526906
0.51176393 	 0.51341546
0.506645 	 0.47586432
0.48359802 	 0.50031716
0.5054984 	 0.55933434
0.5305901 	 0.5576933
0.536581 	 0.5487976
0.50930214 	 0.5218909
0.5487737 	 0.52317965
0.5728867 	 0.5402738
0.54304266 	 0.52619565
0.5526326 	 0.5965724
0.5075558 	 0.4864008
0.48759434 	 0.5643504
0.48353654 	 0.5433364
0.47366738 	 0.55291206
0.48232952 	 0.56232727
0.49236667 	 0.6090567
0.43761945 	 0.49217173
0.44026372 	 0.5297517
0.42763975 	 0.49254245
0.4218459 	 0.52130467
0.4080107 	 0.51618904
0.39740756 	 0.48114517
0.40795782 	 0.55481356
0.3753615 	 0.5073521
0.36388016 	 0.4904615
0.38488388 	 0.5032845
0.36506304 	 0.5050588
0.4261149 	 0.67691755
0.39477748 	 0.5700257
0.48246866 	 0.54452807
0.5001949 	 0.5417092
0.54179835 	 0.5202823
0.547797 	 0.5572729
0.5676924 	 0.59626704
0.6066003 	 0.55289507
0.5963919 	 0.59767246
0.57274824 	 0.5578341
0.59068245 	 0.5798953
0.5650146 	 0.5307068
0.54636705 	 0.567227
0.5575178 	 0.56856674
0.5574456 	 0.5796314
0.56612486 	 0.5511584
0.52731997 	 0.5302312
Summary
0.3220561  -  0.6418891 ,  0.41907898  -  0.8898559
accuracy:  88.2
equal predictions:  0
TensorFlow version: 1.13.1
Found 939 images belonging to 1 classes.
argN = 3136
argN = 3136
0.6083482 	 0.65457237
0.61253977 	 0.6019005
0.5792354 	 0.64344954
0.67421556 	 0.62094724
0.5867972 	 0.60092056
0.5804835 	 0.6476562
0.5924648 	 0.61214757
0.5567019 	 0.65944403
0.54177785 	 0.67689174
0.56612515 	 0.63484883
0.6545951 	 0.6394117
0.61739683 	 0.6815148
0.61666924 	 0.75939196
0.6177284 	 0.65527046
0.5384454 	 0.6602683
0.5761552 	 0.6650424
0.5850334 	 0.61350614
0.5589144 	 0.6592258
0.5970315 	 0.6996793
0.5944859 	 0.5927079
0.5537194 	 0.5791691
0.56262326 	 0.7039218
0.58856446 	 0.6767679
0.55835 	 0.6074271
0.53900135 	 0.55269295
0.5333958 	 0.59427094
0.6467369 	 0.6694073
0.6768555 	 0.6667332
0.70453477 	 0.6206343
0.66878 	 0.59067845
0.6387748 	 0.63668686
0.5707993 	 0.62677497
0.56534696 	 0.6246818
0.65410614 	 0.64315504
0.6598062 	 0.63225794
0.5089812 	 0.65016717
0.62474835 	 0.64105386
0.5755143 	 0.6287271
0.63423526 	 0.6043283
0.5884673 	 0.648269
0.60292995 	 0.6978581
0.51794964 	 0.66200525
0.55066085 	 0.6135256
0.58814234 	 0.5689813
0.5526856 	 0.61536276
0.6231737 	 0.7124106
0.58693755 	 0.646937
0.5923399 	 0.6193842
0.6121611 	 0.6044537
0.5821272 	 0.6519248
0.57147026 	 0.6347244
0.57792956 	 0.6837384
0.51516634 	 0.63874674
0.55913645 	 0.67752165
0.55933726 	 0.5636311
0.5468234 	 0.6035264
0.5419996 	 0.65030944
0.5414164 	 0.67048264
0.53771275 	 0.5636213
0.5793237 	 0.67595243
0.54463655 	 0.7397567
0.5725348 	 0.66504997
0.60363716 	 0.6456832
0.5148491 	 0.617808
0.5073518 	 0.66418403
0.51710546 	 0.67748725
0.6065772 	 0.5820902
0.62034065 	 0.6439397
0.6126824 	 0.6190583
0.63820314 	 0.6829121
0.59154004 	 0.76492095
0.5678708 	 0.59389967
0.5552107 	 0.7215681
0.61238635 	 0.57379967
0.56220657 	 0.6521451
0.55631673 	 0.69054645
0.5486472 	 0.6429114
0.5370042 	 0.5309591
0.63194656 	 0.67467135
0.5921485 	 0.7000811
0.5937136 	 0.6676013
0.55296075 	 0.64999014
0.57456064 	 0.64175373
0.54490995 	 0.6209654
0.5567437 	 0.60792816
0.5636199 	 0.61200684
0.55406237 	 0.64194185
0.5416653 	 0.63301814
0.5552325 	 0.5661318
0.59064466 	 0.6133043
0.6018833 	 0.58963
0.58234245 	 0.60143816
0.6209618 	 0.66369545
0.6102411 	 0.60509163
0.63202035 	 0.65839964
0.6271244 	 0.5831034
0.6268105 	 0.5753438
0.61419296 	 0.61810035
0.6297256 	 0.65904623
0.6168561 	 0.63849354
0.62366724 	 0.55312115
0.6091738 	 0.5748665
0.59913343 	 0.6047674
0.57762057 	 0.56986356
0.5832931 	 0.5541929
0.56153834 	 0.5916946
0.57541025 	 0.62278396
0.55681753 	 0.63656634
0.55398273 	 0.49145058
0.5491923 	 0.61312306
0.5281719 	 0.54861706
0.54287386 	 0.60514885
0.54829544 	 0.6591817
0.5572414 	 0.6332866
0.568708 	 0.63799113
0.54603404 	 0.6402544
0.5440804 	 0.65489703
0.55234134 	 0.6432107
0.5641356 	 0.61708224
0.56864524 	 0.6154295
0.5462859 	 0.59190434
0.5529334 	 0.59875053
0.5776846 	 0.5888033
0.57151794 	 0.6361374
0.5603729 	 0.5629189
0.5664743 	 0.5446341
0.56173587 	 0.60253507
0.5486059 	 0.60904825
0.560551 	 0.5686528
0.57568073 	 0.56705105
0.5672642 	 0.6137757
0.5644668 	 0.6189839
0.5628634 	 0.5806348
0.54750305 	 0.59213585
0.5319727 	 0.57299197
0.55825025 	 0.5628983
0.5211265 	 0.64866453
0.5560396 	 0.687385
0.5564889 	 0.66502166
0.56697476 	 0.60276204
0.58040386 	 0.58777237
0.56583357 	 0.65135205
0.56008005 	 0.56979024
0.5611261 	 0.5643297
0.56101686 	 0.62516475
0.5569959 	 0.60248154
0.56872946 	 0.60242796
0.55740476 	 0.5906731
0.54854983 	 0.5529794
0.5414593 	 0.60331327
0.55425215 	 0.608876
0.57949287 	 0.6553803
0.55411386 	 0.56043345
0.5521193 	 0.60159177
0.55543447 	 0.58302844
0.56912434 	 0.6528465
0.5628677 	 0.63706
0.56826264 	 0.64402115
0.55368364 	 0.5554833
0.56497085 	 0.6258278
0.55399215 	 0.63371605
0.5712655 	 0.62746084
0.55760735 	 0.6072825
0.5538732 	 0.64892524
0.5439404 	 0.67821205
0.5561275 	 0.5609593
0.5592703 	 0.5515809
0.56105393 	 0.62639755
0.57310414 	 0.6472485
0.5695875 	 0.57082933
0.56003827 	 0.6558211
0.57797605 	 0.5938509
0.559782 	 0.5862027
0.5332546 	 0.616738
0.5652695 	 0.64839435
0.5436629 	 0.62819386
0.5588266 	 0.5364977
0.5485693 	 0.57593447
0.5531338 	 0.6374984
0.56412554 	 0.6138067
0.5711588 	 0.6428821
0.5257692 	 0.662423
0.5389187 	 0.5953806
0.5447234 	 0.5734109
0.5595494 	 0.58268833
0.56165034 	 0.5943686
0.5462662 	 0.6261072
0.58101493 	 0.60882735
0.54208505 	 0.58937544
0.5345888 	 0.640163
0.51942885 	 0.6478046
0.5598424 	 0.5663672
0.55893195 	 0.63148654
0.57809526 	 0.61135834
0.55932415 	 0.645307
0.6178016 	 0.6063292
0.5660518 	 0.64805794
0.58575374 	 0.6502966
0.5128159 	 0.6060986
0.50400615 	 0.6441483
0.56662935 	 0.6451661
0.55032927 	 0.63896847
0.5824963 	 0.61302555
0.59202933 	 0.6251969
0.63830525 	 0.63268423
0.6099473 	 0.61867803
0.58510214 	 0.6180212
0.57124925 	 0.6272213
0.5695066 	 0.63108534
0.5724059 	 0.6376378
0.59796226 	 0.6143081
0.58977205 	 0.6143037
0.6030084 	 0.69527423
0.60008955 	 0.6577896
0.5712087 	 0.6329359
0.5929781 	 0.59392375
0.60435605 	 0.67163163
0.58671504 	 0.64105815
0.6231167 	 0.6008032
0.6505504 	 0.63813454
0.57121116 	 0.614823
0.544555 	 0.6240462
0.5735452 	 0.6134498
0.535239 	 0.6130538
0.5447116 	 0.66343296
0.54727125 	 0.6060807
0.5478427 	 0.6582684
0.57092345 	 0.6403512
0.57383126 	 0.6260488
0.5836546 	 0.6862584
0.6039459 	 0.62220836
0.58454734 	 0.6023122
0.57486844 	 0.64640546
0.5870213 	 0.6093148
0.5213766 	 0.59087497
0.5206421 	 0.6195951
0.5668334 	 0.61095965
0.58960456 	 0.6034377
0.5897901 	 0.61745846
0.6144664 	 0.61405265
0.60235155 	 0.6395491
0.6055775 	 0.58225363
0.61139745 	 0.6082063
0.6020696 	 0.6316173
0.60927534 	 0.61781055
0.5827897 	 0.6200584
0.5861472 	 0.6168618
0.5718686 	 0.645561
0.5498261 	 0.65054566
0.5624581 	 0.62364566
0.5638946 	 0.64512074
0.5733261 	 0.63161004
0.584005 	 0.6195516
0.60593015 	 0.65391755
0.5773281 	 0.62862706
0.5614984 	 0.6587518
0.5743981 	 0.6124917
0.59298956 	 0.615284
0.56543386 	 0.6380587
0.57533884 	 0.66732824
0.5628267 	 0.6120731
0.6355469 	 0.63647014
0.640734 	 0.6042159
0.6104097 	 0.6675567
0.625257 	 0.6413017
0.6266987 	 0.65364903
0.6337895 	 0.6392759
0.6518932 	 0.64303696
0.6286673 	 0.6406796
0.60649735 	 0.66994566
0.5891633 	 0.61486554
0.56897116 	 0.6610766
0.6041208 	 0.6297317
0.6045266 	 0.6926776
0.5981916 	 0.6363618
0.5919582 	 0.6157008
0.62863946 	 0.6691269
0.6166044 	 0.6736982
0.6108244 	 0.61206245
0.5597933 	 0.66805226
0.57873875 	 0.6547096
0.5178497 	 0.67620206
0.5664676 	 0.59669465
0.55478317 	 0.64678836
0.57734627 	 0.59831196
0.5659009 	 0.64938885
0.5688406 	 0.62520754
0.5691537 	 0.6099087
0.5870476 	 0.65245867
0.60620254 	 0.64549744
0.6155472 	 0.6078267
0.605943 	 0.6351036
0.5858378 	 0.6626226
0.6210992 	 0.62452567
0.61431915 	 0.61938345
0.6098337 	 0.6211254
0.5820131 	 0.6192577
0.6117508 	 0.65671176
0.5557702 	 0.6313901
0.57203984 	 0.6257158
0.5723319 	 0.6489176
0.59519005 	 0.6449427
0.56810945 	 0.604769
0.6077388 	 0.64376426
0.577204 	 0.6233847
0.5823888 	 0.6303049
0.5721297 	 0.6347001
0.6185372 	 0.65417194
0.62290573 	 0.6354074
0.5872086 	 0.6392892
0.58866817 	 0.6071264
0.5955761 	 0.6207037
0.6054766 	 0.66522914
Summary
0.50400615  -  0.70453477 ,  0.49145058  -  0.76492095
accuracy:  87.5
equal predictions:  0
TensorFlow version: 1.13.1
Found 939 images belonging to 1 classes.
argN = 3136
argN = 3136
0.55903137 	 0.66948104
0.5598467 	 0.68716615
0.5365879 	 0.6455302
0.5486395 	 0.63757664
0.535875 	 0.6773579
0.5616255 	 0.5636912
0.5274269 	 0.64510065
0.5341103 	 0.614062
0.5826531 	 0.6686139
0.59014416 	 0.5709861
0.5622116 	 0.681714
0.6013131 	 0.59298414
0.62325984 	 0.62366235
0.5947056 	 0.7204904
0.60954136 	 0.78272134
0.6320884 	 0.5305131
0.51353353 	 0.6889727
0.5195415 	 0.61644506
0.5195987 	 0.5869289
0.5148364 	 0.6666733
0.45360562 	 0.6534924
0.41507974 	 0.68827623
0.40625253 	 0.6878795
0.42586577 	 0.65567386
0.4415489 	 0.54360133
0.43581715 	 0.70934844
0.45336708 	 0.52407134
0.5216086 	 0.68414605
0.6051117 	 0.5704459
0.58876526 	 0.8327963
0.62700284 	 0.63968694
0.6564674 	 0.57711875
0.74456954 	 0.5042133
0.7306871 	 0.52606046
0.74147576 	 0.6417543
0.71669585 	 0.6776194
0.6312953 	 0.6172145
0.67408746 	 0.58799446
0.64792347 	 0.6536474
0.53573793 	 0.70916903
0.5325541 	 0.6578767
0.56855696 	 0.5796961
0.5300184 	 0.61171186
0.56305987 	 0.55696213
0.5240357 	 0.57795376
0.61113757 	 0.6060226
0.5785157 	 0.5631979
0.6113078 	 0.51950294
0.5782283 	 0.7135572
0.6127623 	 0.5423899
0.5901948 	 0.6746841
0.56951016 	 0.68150944
0.5967625 	 0.64390075
0.61159927 	 0.704874
0.6019005 	 0.6825207
0.61815065 	 0.5779975
0.5738463 	 0.6864838
0.53207237 	 0.4902002
0.5369016 	 0.52659154
0.5201041 	 0.53710186
0.47807646 	 0.63447726
0.4517882 	 0.57677436
0.4608698 	 0.56066626
0.47286683 	 0.7558448
0.4608434 	 0.54148024
0.48122346 	 0.66343296
0.49852955 	 0.6650087
0.51819825 	 0.6990647
0.5137263 	 0.5292681
0.52000636 	 0.6659382
0.5560988 	 0.63231987
0.44729578 	 0.6481917
0.4922087 	 0.63796353
0.5099459 	 0.72453463
0.518149 	 0.6045986
0.53898793 	 0.49447727
0.589231 	 0.59238654
0.56342524 	 0.68453264
0.5377897 	 0.58316153
0.59545076 	 0.63234544
0.59810936 	 0.5976014
0.5442739 	 0.5572693
0.5948098 	 0.5851794
0.3588658 	 0.78610677
0.5435434 	 0.70661646
0.5481423 	 0.70710593
0.6047834 	 0.6411122
0.60768014 	 0.7223181
0.59879804 	 0.6703097
0.59163225 	 0.64150614
0.62076074 	 0.5565908
0.62420475 	 0.6806131
0.6188792 	 0.7364102
0.6271541 	 0.710944
0.648225 	 0.6343835
0.65797275 	 0.69306934
0.6135996 	 0.6591711
0.5728685 	 0.5949576
0.6143353 	 0.6415856
0.602818 	 0.6571962
0.60273427 	 0.52132493
0.5680568 	 0.6649686
0.57394886 	 0.6413241
0.57239616 	 0.66246605
0.59797394 	 0.68011576
0.5795597 	 0.5753226
0.558378 	 0.63736343
0.5775461 	 0.6356682
0.5839938 	 0.66429543
0.5870398 	 0.5374946
0.6439633 	 0.5599051
0.62981546 	 0.583764
0.65884876 	 0.5577684
0.65124786 	 0.656499
0.65543735 	 0.625155
0.6474637 	 0.6694384
0.63455176 	 0.5568146
0.6285125 	 0.6503808
0.66034484 	 0.6569865
0.63845706 	 0.63238144
0.63246363 	 0.7221891
0.63722014 	 0.6516507
0.64256895 	 0.59410185
0.62336767 	 0.67643744
0.6387833 	 0.63258034
0.61120665 	 0.65066284
0.6123672 	 0.60530126
0.62627244 	 0.6721311
0.6334065 	 0.59462243
0.62130666 	 0.6211923
0.6649005 	 0.5980245
0.5944779 	 0.64868385
0.6087923 	 0.68322533
0.6220489 	 0.730254
0.6252391 	 0.5862197
0.595123 	 0.62948275
0.61852044 	 0.7142709
0.6189879 	 0.5957322
0.62598664 	 0.58250314
0.595947 	 0.696292
0.6148525 	 0.53118914
0.6082144 	 0.65313554
0.6116411 	 0.8441569
0.5852089 	 0.6125577
0.6208587 	 0.6779952
0.6004854 	 0.6446651
0.6040087 	 0.66228247
0.6251569 	 0.6090419
0.64202565 	 0.6395278
0.6236408 	 0.6496854
0.6442366 	 0.59217995
0.6716365 	 0.62376714
0.629132 	 0.66249645
0.6364415 	 0.60884595
0.6509085 	 0.6565294
0.6404513 	 0.5824136
0.6389344 	 0.65826064
0.655477 	 0.6640877
0.6682467 	 0.7162141
0.63930255 	 0.6420839
0.6434474 	 0.61891997
0.61090803 	 0.6078564
0.6583552 	 0.65085685
0.63863766 	 0.62564445
0.6191939 	 0.67990845
0.6079807 	 0.69938296
0.62189084 	 0.5947458
0.63177145 	 0.6469006
0.6228949 	 0.66503596
0.59932745 	 0.687319
0.5934984 	 0.6703797
0.610721 	 0.63073945
0.5921724 	 0.6532833
0.59699637 	 0.6773828
0.5670315 	 0.60376906
0.5737657 	 0.65758455
0.5843923 	 0.64837945
0.5819115 	 0.57729954
0.5945634 	 0.6699823
0.5790754 	 0.64741313
0.58335143 	 0.59188604
0.55212826 	 0.5610911
0.5788896 	 0.58522344
0.5987053 	 0.6402085
0.57956636 	 0.7079214
0.5914679 	 0.5974651
0.6063266 	 0.6153599
0.61450094 	 0.68249166
0.5908668 	 0.6214615
0.58884513 	 0.61723614
0.59060484 	 0.5709203
0.5917337 	 0.641241
0.5942947 	 0.6999402
0.59566873 	 0.60404074
0.5991353 	 0.65965563
0.6336582 	 0.6249136
0.5714741 	 0.60675216
0.56620735 	 0.63878036
0.55815023 	 0.65185726
0.55514115 	 0.5634981
0.5238807 	 0.6421703
0.5288408 	 0.597842
0.53488046 	 0.5991284
0.51476234 	 0.5855711
0.4854176 	 0.5906382
0.4756883 	 0.6195074
0.48324233 	 0.59272385
0.49031588 	 0.6270894
0.51379764 	 0.57870066
0.54752535 	 0.58352256
0.5587535 	 0.6042949
0.55582786 	 0.64478326
0.56669617 	 0.61837775
0.5311173 	 0.6193878
0.56575984 	 0.58935523
0.56523407 	 0.5781333
0.57478076 	 0.60479456
0.5366773 	 0.6285174
0.56411487 	 0.6635246
0.5731999 	 0.5865704
0.58348364 	 0.588278
0.58423364 	 0.58364433
0.5900857 	 0.61790395
0.5695015 	 0.6325604
0.5869269 	 0.705345
0.6151967 	 0.5993708
0.61211735 	 0.63541275
0.5824944 	 0.5960526
0.6183147 	 0.6658832
0.6431767 	 0.63880044
0.6279861 	 0.6181483
0.64048773 	 0.65381444
0.6408925 	 0.61517996
0.6570559 	 0.5854799
0.69739896 	 0.6025844
0.6522902 	 0.57371044
0.6397677 	 0.62049705
0.62570107 	 0.61729324
0.60961044 	 0.5728197
0.6124794 	 0.5663038
0.59595567 	 0.58540154
0.5739508 	 0.6030747
0.6112742 	 0.6156772
0.64013416 	 0.61448395
0.61289936 	 0.6281894
0.617627 	 0.6371512
0.6489813 	 0.6097694
0.605113 	 0.6724766
0.59443796 	 0.6147705
0.6120123 	 0.6536736
0.631338 	 0.60161394
0.602388 	 0.6036101
0.56583804 	 0.62540495
0.5981422 	 0.61257046
0.5821209 	 0.6418734
0.57191026 	 0.6436188
0.5870538 	 0.61763364
0.58716977 	 0.6491316
0.62524766 	 0.61825264
0.59738237 	 0.5963772
0.6099743 	 0.62004775
0.57940954 	 0.6420898
0.5934069 	 0.6178321
0.62071526 	 0.6586599
0.58058447 	 0.6743426
0.595692 	 0.6574292
0.6087539 	 0.6751349
0.62054604 	 0.66397053
0.6011902 	 0.58278185
0.6439556 	 0.6274171
0.6133667 	 0.5876406
0.6192636 	 0.66297275
0.5916721 	 0.5904278
0.59329677 	 0.64455813
0.5748855 	 0.6105554
0.5899721 	 0.5662699
0.58388966 	 0.5981483
0.5687619 	 0.6266248
0.54721004 	 0.57014453
0.5364496 	 0.6495176
0.5216054 	 0.6399966
0.49988955 	 0.6768978
0.49197578 	 0.65890694
0.48689127 	 0.66131675
0.47531143 	 0.7021135
0.46718672 	 0.6678686
0.48443013 	 0.6259117
0.5458264 	 0.63184005
0.5532957 	 0.6465683
0.54616696 	 0.64320004
0.5637292 	 0.6640178
0.5549594 	 0.66160583
0.55372846 	 0.6602219
0.57997495 	 0.6428556
0.57412314 	 0.63569075
0.5779349 	 0.66119933
0.5794216 	 0.62622875
0.57056797 	 0.6144868
0.57339466 	 0.6550299
0.5744898 	 0.61657935
0.5802812 	 0.5561786
0.5949374 	 0.5811256
0.567523 	 0.6031817
0.6006962 	 0.6967033
0.5950965 	 0.64775413
0.59355915 	 0.66045165
0.62006503 	 0.60076016
0.63011044 	 0.58683604
0.6046994 	 0.6479868
0.58635515 	 0.6310638
0.6071136 	 0.59815305
0.60534316 	 0.6503316
0.5948052 	 0.6600295
Summary
0.3588658  -  0.74456954 ,  0.4902002  -  0.8441569
accuracy:  72.5
equal predictions:  0
TensorFlow version: 1.13.1
Found 939 images belonging to 1 classes.
argN = 3136
argN = 3136
0.7349506 	 0.68658495
0.6018201 	 0.61798847
0.59817463 	 0.6629427
0.62265885 	 0.6475352
0.60741556 	 0.66952163
0.65113574 	 0.643159
0.70730674 	 0.71983516
0.6724538 	 0.65972483
0.682417 	 0.6996908
0.69218373 	 0.66730595
0.66183305 	 0.6318533
0.59802383 	 0.65017927
0.5500763 	 0.5662245
0.43001544 	 0.54407
0.54069406 	 0.6677046
0.5756203 	 0.581983
0.5289478 	 0.62827104
0.50365096 	 0.547585
0.45512378 	 0.6259969
0.5583963 	 0.60982835
0.55656457 	 0.62905174
0.56685144 	 0.5644846
0.569178 	 0.60975385
0.56031436 	 0.5827267
0.61811984 	 0.63846564
0.5981987 	 0.6228562
0.5775399 	 0.6515175
0.64191943 	 0.6575409
0.6869724 	 0.6594742
0.69516075 	 0.6544866
0.705267 	 0.67357147
0.6921051 	 0.67320985
0.6665915 	 0.6521591
0.6944098 	 0.6849399
0.5713784 	 0.68517756
0.72620296 	 0.7274586
0.72251 	 0.67522484
0.7291314 	 0.689096
0.7048296 	 0.7157493
0.6805552 	 0.6258833
0.66783863 	 0.72826535
0.65274507 	 0.58754194
0.61162025 	 0.68389404
0.58394736 	 0.5809891
0.63360023 	 0.6730159
0.68397176 	 0.75959057
0.6702936 	 0.7282168
0.6826017 	 0.6862663
0.68001336 	 0.66608065
0.70272356 	 0.7157459
0.44441572 	 0.52259666
0.5133561 	 0.5658729
0.5137811 	 0.5672737
0.4597503 	 0.50825167
0.47643054 	 0.6076456
0.4468553 	 0.6096705
0.45392025 	 0.5628671
0.46238852 	 0.53264594
0.5262392 	 0.6433073
0.5576753 	 0.6170046
0.5473071 	 0.66675603
0.5187184 	 0.5772332
0.57831436 	 0.62677723
0.5995477 	 0.6535812
0.5496768 	 0.6310484
0.5421483 	 0.6088471
0.5643937 	 0.61940604
0.59421545 	 0.6660875
0.6056649 	 0.64969075
0.66400445 	 0.6295814
0.67703515 	 0.64627725
0.6571507 	 0.6630972
0.60416925 	 0.6810818
0.65322673 	 0.67165565
0.6914119 	 0.67952156
0.64571255 	 0.66622514
0.64296293 	 0.68727565
0.6461565 	 0.7011015
0.58993524 	 0.74244446
0.58699095 	 0.6867863
0.5643087 	 0.70636386
0.58898574 	 0.6210586
0.62847775 	 0.6983283
0.5964218 	 0.614373
0.61910313 	 0.6241488
0.5924808 	 0.5873988
0.60923743 	 0.633272
0.65525323 	 0.73073536
0.6985155 	 0.90797544
0.67516184 	 0.7035471
0.4632173 	 0.62083644
0.42874116 	 0.65616316
0.5765312 	 0.61281
0.62263197 	 0.66686416
0.6015478 	 0.6327499
0.5444494 	 0.66158575
0.4619245 	 0.72594005
0.45744067 	 0.4957847
0.482991 	 0.5930243
0.5590297 	 0.6334869
0.6204082 	 0.6626677
0.61692524 	 0.6311658
0.63380903 	 0.70678574
0.7147184 	 0.71699846
0.67893696 	 0.6905789
0.6683099 	 0.6774931
0.6270729 	 0.71471953
0.6591377 	 0.6334309
0.4712861 	 0.5503942
0.488771 	 0.69261754
0.47660428 	 0.66542137
0.46065623 	 0.6868567
0.46204305 	 0.7052704
0.48117197 	 0.6214925
0.4633881 	 0.53841347
0.44449678 	 0.672625
0.4624154 	 0.5896384
0.46306488 	 0.55999
0.4273708 	 0.69017935
0.45378277 	 0.53697056
0.46092355 	 0.59915817
0.43085825 	 0.6367919
0.455708 	 0.5901225
0.45340705 	 0.61830163
0.4557627 	 0.5197577
0.45931306 	 0.63561106
0.49222216 	 0.6805637
0.4569556 	 0.6300255
0.49009675 	 0.4937687
0.4948936 	 0.6339032
0.51113725 	 0.72435963
0.5325017 	 0.550889
0.53666794 	 0.6365519
0.5465583 	 0.586213
0.5594712 	 0.7410874
0.5744993 	 0.6073193
0.60369915 	 0.6077861
0.62610465 	 0.6917825
0.6217039 	 0.63043326
0.62872297 	 0.6134653
0.6446999 	 0.64570594
0.6370639 	 0.7018658
0.65520185 	 0.6283453
0.6444781 	 0.6416574
0.6141955 	 0.6553711
0.6419523 	 0.6777412
0.6353462 	 0.6490869
0.6412192 	 0.6391058
0.6446658 	 0.6390596
0.640393 	 0.6078754
0.6386758 	 0.61923873
0.6212344 	 0.6384319
0.62241805 	 0.6280798
0.6098824 	 0.6915345
0.6209867 	 0.6808858
0.6408469 	 0.6529317
0.6440383 	 0.6717564
0.64420605 	 0.6631097
0.66021216 	 0.6632238
0.6641185 	 0.7101605
0.6894781 	 0.7015892
0.69311726 	 0.6803099
0.66588145 	 0.7383088
0.6894482 	 0.66061157
0.6714268 	 0.6715752
0.6795156 	 0.71300656
0.7118553 	 0.72648025
0.691914 	 0.7065813
0.6868268 	 0.681492
0.6556084 	 0.6529472
0.69486636 	 0.6764119
0.68854964 	 0.65945137
0.6968688 	 0.7194153
0.69158095 	 0.75084156
0.6973987 	 0.69263434
0.6599568 	 0.6777056
0.6927159 	 0.7625697
0.713029 	 0.7748376
0.7104096 	 0.73546296
0.68278265 	 0.7192544
0.67466587 	 0.63581645
0.66376656 	 0.70320797
0.66079795 	 0.60740393
0.64928687 	 0.6655494
0.6313209 	 0.75433046
0.6427206 	 0.7344711
0.60291845 	 0.6831465
0.6146056 	 0.64894956
0.6302985 	 0.6173749
0.6465145 	 0.69301605
0.63891405 	 0.65470797
0.6459453 	 0.66263926
0.6329543 	 0.6112351
0.6268745 	 0.7032676
0.6342629 	 0.70515805
0.6024384 	 0.683974
0.6746916 	 0.6115383
0.65556973 	 0.7279287
0.63198125 	 0.6934493
0.68954676 	 0.64028716
0.7089068 	 0.7238405
0.6933937 	 0.7530131
0.6854234 	 0.7412996
0.5921094 	 0.6421191
0.6042936 	 0.66316724
0.5916368 	 0.6263381
0.5820918 	 0.63028485
0.59754777 	 0.62711215
0.61317044 	 0.6823801
0.6311322 	 0.59430534
0.63688135 	 0.665234
0.64229774 	 0.7043443
0.61947995 	 0.6694803
0.60493076 	 0.6995015
0.6346976 	 0.61711174
0.5912205 	 0.6809699
0.63547176 	 0.6364614
0.6300914 	 0.63089633
0.6308391 	 0.6815207
0.63244325 	 0.69244397
0.64773583 	 0.6616412
0.6472642 	 0.7055174
0.67144525 	 0.6609943
0.66331285 	 0.72338134
0.6611148 	 0.6661701
0.63187706 	 0.67411375
0.66005576 	 0.67107785
0.6528652 	 0.6756384
0.65840757 	 0.6912227
0.6537263 	 0.66485685
0.6387134 	 0.6866406
0.6629864 	 0.6801386
0.5938279 	 0.6527863
0.6426958 	 0.67286503
0.6700422 	 0.6710669
0.68425983 	 0.7244147
0.71473366 	 0.7071343
0.72421473 	 0.67330426
0.6547401 	 0.642764
0.6159702 	 0.64403003
0.59999263 	 0.62947667
0.61047584 	 0.71526647
0.5923528 	 0.6482494
0.5940028 	 0.6909585
0.6100213 	 0.64280754
0.63746876 	 0.69750494
0.6250775 	 0.6480702
0.6313934 	 0.6432381
0.63633746 	 0.62718517
0.639013 	 0.6353027
0.61773026 	 0.6964143
0.6287787 	 0.6297418
0.65110147 	 0.71617705
0.6715229 	 0.6558124
0.6508688 	 0.67669445
0.62446225 	 0.66607046
0.641542 	 0.6038135
0.62907386 	 0.6694813
0.63619477 	 0.68738335
0.6583638 	 0.69347423
0.63334394 	 0.6637006
0.6372328 	 0.642616
0.60910636 	 0.63995725
0.58427596 	 0.66657794
0.61887336 	 0.6252636
0.61355007 	 0.6699951
0.6494254 	 0.62950176
0.6456676 	 0.6849498
0.63849974 	 0.6140552
0.65028703 	 0.6491472
0.6251579 	 0.6687592
0.66559976 	 0.63469356
0.6867443 	 0.6798993
0.6714291 	 0.63110864
0.6727229 	 0.70565116
0.65361327 	 0.66264874
0.5963756 	 0.67220104
0.58037204 	 0.66623896
0.58216465 	 0.6130482
0.5814111 	 0.61674863
0.53584814 	 0.64178944
0.5487048 	 0.70314837
0.54366165 	 0.67660373
0.5255248 	 0.6124963
0.48130882 	 0.6104787
0.37221575 	 0.5375601
0.3890432 	 0.6581714
0.3796953 	 0.57933706
0.3642345 	 0.64936185
0.3539605 	 0.66319346
0.3754236 	 0.6191102
0.3779152 	 0.6085782
0.3520191 	 0.6282635
0.37598997 	 0.655205
0.39814624 	 0.51454055
0.63306135 	 0.6158604
0.6241497 	 0.67635846
0.61200035 	 0.6594516
0.61747265 	 0.6343664
0.6204946 	 0.66837084
0.62871915 	 0.69547844
0.59233534 	 0.6352324
0.5781627 	 0.6636469
0.60744816 	 0.66658527
0.6239612 	 0.6309796
0.6072088 	 0.6690904
0.63165534 	 0.6947042
0.6703029 	 0.6234542
0.67221797 	 0.66303754
0.66840595 	 0.66742575
0.6445961 	 0.67951113
0.6191721 	 0.6630447
0.66248775 	 0.6930498
Summary
0.3520191  -  0.7349506 ,  0.4937687  -  0.90797544
accuracy:  79.9
equal predictions:  0
