TensorFlow version: 1.13.1
Found 939 images belonging to 1 classes.
argN = 49
TensorFlow version: 1.13.1
Found 939 images belonging to 1 classes.
argN = 49
argN = 49
0.23022191 	 0.5339455
0.20959888 	 0.38565442
0.32636237 	 0.34910715
0.39280903 	 0.35455537
0.27217397 	 0.53166246
0.16694468 	 0.39713424
0.12315218 	 0.53805816
0.12712488 	 0.3730291
0.15486245 	 0.6202665
0.19178788 	 0.28005672
0.1416421 	 0.45518938
0.25856882 	 0.557369
0.27687263 	 0.53307897
0.22385591 	 0.38980252
0.26616913 	 0.60415363
0.1269213 	 0.75116897
0.29540214 	 0.6056199
0.25376981 	 0.44081265
0.17219543 	 0.3338029
0.42036542 	 0.35690746
0.3677351 	 0.1813959
0.2641446 	 0.40059552
0.29113916 	 0.41004372
0.3385235 	 0.47888225
0.113096476 	 0.3762956
0.20978148 	 0.3290957
0.10238904 	 0.28362805
0.07134122 	 0.32213005
0.1239982 	 0.3924822
0.18683931 	 0.58198744
0.17454019 	 0.48357984
0.34280849 	 0.5300765
0.23025538 	 0.62508893
0.10365062 	 0.30577156
0.13025008 	 0.40932757
0.18011966 	 0.47139868
0.36315003 	 0.4365277
0.23497157 	 0.18081567
0.14246012 	 0.3676638
0.29845804 	 0.48862904
0.2866813 	 0.60333884
0.39829892 	 0.66031873
0.41122487 	 0.4694803
0.31469896 	 0.4928587
0.11343778 	 0.43623206
0.13533252 	 0.652893
0.34279856 	 0.36807567
0.47284782 	 0.848894
0.28478107 	 0.32197294
0.3019756 	 0.4299797
0.31016198 	 0.41732043
0.39598775 	 0.5374134
0.41165307 	 0.43252814
0.37960905 	 0.41120112
0.17315573 	 0.6094962
0.41138124 	 0.3604142
0.15880361 	 0.4005957
0.08406449 	 0.62885565
0.10639509 	 0.45802003
0.04846221 	 0.56104976
0.1060618 	 0.3063514
0.18165848 	 0.5237428
0.3172188 	 0.39675164
0.24918394 	 0.16804603
0.08905634 	 0.43353966
0.21783407 	 0.2916894
0.27810732 	 0.464215
0.29747266 	 0.35619313
0.2535717 	 0.2804965
0.21625511 	 0.2913339
0.22997381 	 0.52786034
0.21293828 	 0.37594485
0.2798318 	 0.4017792
0.31745932 	 0.39913636
0.24389641 	 0.47658864
0.39914107 	 0.4622162
0.36122394 	 0.5498065
0.3104473 	 0.4538464
0.27688017 	 0.5790103
0.28762287 	 0.558602
0.45308396 	 0.70082325
0.35418004 	 0.392765
0.35412493 	 0.5445661
0.31692123 	 0.30988225
0.24902573 	 0.58622915
0.18960863 	 0.43390882
0.35790494 	 0.7324304
0.22468252 	 0.73812264
0.15581194 	 0.8767309
0.18152682 	 0.80764914
0.15959764 	 0.9473263
0.11616797 	 0.6170174
0.14019589 	 0.4638344
0.112435214 	 0.35762015
0.10678856 	 0.29633915
0.12871097 	 0.5070991
0.13423075 	 0.27999914
0.192745 	 0.4341861
0.22658595 	 0.4662115
0.16011138 	 0.42517814
0.1484745 	 0.23978403
0.20335329 	 0.4512759
0.13072377 	 0.38040465
0.19215505 	 0.34395063
0.22625317 	 0.40760562
0.26184693 	 0.4767074
0.19979171 	 0.4248679
0.18353926 	 0.28190055
0.2228034 	 0.28481603
0.28877246 	 0.5657253
0.25297225 	 0.53509307
0.16252142 	 0.4054168
0.21731706 	 0.4792905
0.17416483 	 0.5018877
0.29880577 	 0.65045303
0.4424154 	 0.7699321
0.35354882 	 0.57926995
0.28701624 	 0.5627302
0.2502212 	 0.77805614
0.26562274 	 0.5631296
0.3430585 	 0.28236544
0.35043055 	 0.45893317
0.26509044 	 0.24935272
0.5210385 	 0.62195045
0.41563535 	 0.9228155
0.2509985 	 0.350032
0.34625536 	 0.66091347
0.31219873 	 0.27966285
0.43202627 	 0.36294934
0.41684982 	 0.3888383
0.5060902 	 0.44314337
0.37772074 	 0.98163337
0.34279698 	 0.47258064
0.3384328 	 1.0119183
0.30136392 	 0.7295431
0.4088784 	 0.81023103
0.3741759 	 0.59962106
0.28604087 	 0.78922284
0.2111039 	 0.6874205
0.34437647 	 0.7233337
0.37660185 	 0.8392704
0.22261707 	 0.6747128
0.31079274 	 0.41574156
0.21574292 	 0.38503402
0.2318056 	 0.48545936
0.17011572 	 0.8612952
0.123048365 	 0.44865856
0.16063388 	 0.6258221
0.17766191 	 0.49127364
0.19663407 	 1.3048449
0.15443325 	 0.5273748
0.18110646 	 0.474017
0.2031076 	 0.46552578
0.1789613 	 0.2538815
0.21613163 	 0.30739257
0.16818206 	 0.63666695
0.15293296 	 0.67878395
0.16383493 	 0.9380783
0.20268185 	 0.64572984
0.13037448 	 0.56627154
0.1722717 	 0.64126635
0.16152848 	 0.20187433
0.21210496 	 0.4364138
0.17651905 	 0.40184513
0.08168695 	 0.6647482
0.117294185 	 0.75125146
0.13888505 	 0.51562303
0.09435421 	 0.5126682
0.13456973 	 0.5001359
0.16617233 	 0.71357423
0.19278178 	 0.3806481
0.18641707 	 0.22290947
0.19699228 	 0.50129664
0.12482381 	 0.6280837
0.18732068 	 0.40823177
0.22023533 	 0.5425179
0.17589432 	 0.4993725
0.25080103 	 0.5991726
0.13567209 	 0.47880682
0.1231178 	 0.6780543
0.11233131 	 0.30727196
0.12972918 	 0.598315
0.1666577 	 0.67721397
0.1521573 	 0.6288055
0.18358007 	 0.3259297
0.1444385 	 0.3735482
0.23984912 	 0.29768014
0.22319017 	 0.29520226
0.23496222 	 0.4159273
0.17279895 	 0.28568128
0.2000449 	 0.48446187
0.10104317 	 0.22245795
0.13312146 	 0.37658516
0.104646534 	 0.42716363
0.16392376 	 0.4723424
0.18809718 	 0.2562843
0.23909225 	 0.3127812
0.059586927 	 0.37501577
0.09727037 	 0.49317488
0.32430172 	 0.5517833
0.36488083 	 0.66178024
0.29040334 	 0.57161975
0.3812117 	 1.0659734
0.2870326 	 0.5845862
0.18478051 	 0.974959
0.42200187 	 1.153559
0.3362647 	 0.9914132
0.4699202 	 0.70201045
0.2984786 	 0.88259333
0.44815338 	 0.5873628
0.5069795 	 0.6874648
0.30270553 	 0.6221724
0.23770873 	 1.0856909
0.2903254 	 0.6422946
0.2512806 	 0.68590987
0.22433947 	 0.9466069
0.1781024 	 0.580877
0.17408814 	 0.78487754
0.15060964 	 1.156103
0.16424339 	 0.5464169
0.21642561 	 1.0341468
0.23245844 	 1.182238
0.10456904 	 0.9491499
0.12433698 	 0.87552375
0.33334368 	 0.64923817
0.32817477 	 1.0677061
0.33351 	 0.8349453
0.30370715 	 0.98989177
0.36207163 	 0.4707908
0.38589847 	 0.62763655
0.38355416 	 1.0341212
0.384606 	 0.6660071
0.37241408 	 0.3262416
0.2772223 	 1.0582889
0.24821422 	 0.68301725
0.50531733 	 0.5122385
0.50659585 	 0.5384318
0.57489073 	 0.79570717
0.46331835 	 0.6108033
0.3478113 	 0.69451344
0.7148988 	 0.58754855
0.3317763 	 0.8729115
0.71790344 	 1.0349473
0.5377162 	 1.0882316
0.594227 	 0.7224102
0.4159816 	 1.116282
0.57532483 	 1.4723711
0.41630176 	 1.0378997
0.3574162 	 0.7979121
0.33777916 	 1.1617196
0.31130266 	 1.3011473
0.44030815 	 0.82448167
0.5164281 	 0.8197619
0.3079379 	 1.1218258
0.33702922 	 0.8407153
0.36839214 	 1.1401023
0.6877652 	 1.169143
0.33431768 	 1.0651102
0.45459795 	 1.099207
0.31178296 	 1.3502078
0.19489582 	 0.8587547
0.2036097 	 1.0718036
0.20962851 	 1.0012751
0.19867115 	 0.75928164
0.44782463 	 0.7698019
0.5760312 	 0.7204061
0.3358519 	 0.49331194
0.43968976 	 0.63161373
0.31818876 	 0.79996157
0.4298616 	 0.59634495
0.43600243 	 0.98584783
0.27388135 	 0.5273135
0.5302058 	 0.8072093
0.3589188 	 0.78280205
0.26375175 	 0.68580246
0.29121602 	 0.4953176
0.29930872 	 0.77650046
0.18942514 	 0.7278836
0.31228173 	 0.6764648
0.26739502 	 0.77525216
0.38406572 	 0.36396214
0.35208082 	 0.43671706
0.34023294 	 0.44639844
0.35515976 	 0.44868144
0.34183693 	 0.5475412
0.45552838 	 0.59335685
0.3416354 	 0.6272841
0.33411056 	 0.43707967
0.49747798 	 0.596388
0.55459696 	 0.46242192
0.48092762 	 0.65450263
0.49380913 	 0.40714538
0.27899554 	 0.3586599
0.5577133 	 0.6110375
0.3963628 	 0.39970824
0.2805751 	 1.4899365
0.31008258 	 0.6293371
0.34552115 	 0.8279328
0.4093045 	 0.72857744
0.4199488 	 0.77417994
0.2612054 	 0.39185578
0.29966104 	 0.41996974
0.34997168 	 0.45244336
0.31535342 	 0.40384534
0.28852174 	 0.46031353
0.28716046 	 0.28417394
0.23228692 	 0.27423266
0.1870444 	 0.30159953
0.32304814 	 0.43311623
0.21974039 	 0.3099102
0.30846906 	 0.31975684
0.25832114 	 0.46811742
0.20658545 	 0.63764095
Summary
0.04846221  -  0.71790344 ,  0.16804603  -  1.4899365
accuracy:  93.9
equal predictions:  0
TensorFlow version: 1.13.1
Found 939 images belonging to 1 classes.
argN = 49
argN = 49
0.41524234 	 0.6010625
0.26087436 	 1.0137479
0.45365104 	 0.4781897
0.23990563 	 0.3814817
0.22051388 	 0.32907864
0.28792346 	 0.58130556
0.21452153 	 0.30861983
0.31808358 	 0.48192275
0.11163496 	 0.3040215
0.29195452 	 0.43572778
0.41253203 	 0.4484614
0.23703961 	 0.43888265
0.23136385 	 0.6436216
0.16715325 	 0.68608564
0.29578185 	 0.67619866
0.32107 	 0.4405572
0.16222689 	 0.6128888
0.2656961 	 0.51339257
0.19388883 	 0.4432298
0.20033477 	 0.7506214
0.20933335 	 0.6003455
0.37414187 	 0.39300707
0.26016188 	 0.5780379
0.13470408 	 0.76142305
0.08914972 	 0.53800213
0.107505895 	 0.53732955
0.1685535 	 0.3887175
0.22940084 	 0.5131295
0.21693602 	 0.58412004
0.14255443 	 0.53269196
0.31119323 	 0.66119796
0.28763813 	 0.32166606
0.23622522 	 1.1812037
0.13724323 	 0.35265693
0.28635266 	 0.77489185
0.45854768 	 0.5553279
0.31486693 	 0.5586868
0.3895485 	 0.39989322
0.3603807 	 0.45391855
0.3262805 	 0.4792778
0.22098014 	 0.47980502
0.16876918 	 0.22183949
0.11881084 	 0.319031
0.2824999 	 0.27970856
0.24046403 	 0.69184065
0.10781741 	 0.29973164
0.2737985 	 0.4526291
0.2194513 	 0.34672013
0.30913255 	 0.5045721
0.39237046 	 0.62506145
0.29418585 	 0.6573599
0.2783679 	 0.4198267
0.18664548 	 0.5141978
0.16293903 	 0.53619665
0.34229988 	 0.6006669
0.20145422 	 0.35944623
0.22702873 	 0.42222306
0.041953716 	 0.44413128
0.048219424 	 0.70781
0.050838534 	 0.70466185
0.17743589 	 0.46584064
0.084842905 	 0.48040172
0.17510074 	 0.5313818
0.20835106 	 0.5297068
0.19529428 	 0.66093993
0.2670892 	 0.94495004
0.2460943 	 0.9135685
0.26647216 	 0.428592
0.17967592 	 0.8152988
0.13723905 	 0.7765725
0.3040744 	 0.6229935
0.28071287 	 0.5129043
0.27171177 	 0.46632093
0.17340276 	 0.83787876
0.13930453 	 0.3172735
0.09137351 	 0.42464614
0.1931796 	 0.39509436
0.22617559 	 0.29436538
0.033654355 	 0.33477178
0.2331385 	 0.33236268
0.23122436 	 0.4029188
0.2740703 	 0.42997622
0.17940645 	 0.72197217
0.40150684 	 0.31269616
0.24152164 	 0.49102008
0.12960975 	 0.7624248
0.28464818 	 0.78610426
0.22904104 	 0.62821037
0.1784038 	 0.6188545
0.15460347 	 0.51596105
0.27944717 	 0.48520622
0.20790818 	 0.48343736
0.26451385 	 0.39914346
0.1583528 	 0.478499
0.30221894 	 0.8380309
0.31807342 	 0.6303325
0.2696734 	 0.5162934
0.32820728 	 0.57060003
0.20192641 	 0.85954016
0.22485445 	 0.6176328
0.1951732 	 0.9785756
0.09900159 	 0.7607567
0.23038438 	 0.62005794
0.13470012 	 0.99953216
0.13991217 	 0.47811338
0.10497147 	 0.3625031
0.12064656 	 0.59935987
0.16530055 	 0.837815
0.2072758 	 0.59970427
0.14439306 	 0.604202
0.12026675 	 0.833707
0.185102 	 0.6549318
0.16236107 	 0.7288812
0.30199978 	 0.41814506
0.25007233 	 0.34937686
0.27965575 	 0.15990518
0.35098928 	 0.5882498
0.45433447 	 0.4315716
0.47459263 	 0.7195731
0.39730787 	 0.4435577
0.28318512 	 0.37416846
0.29481423 	 0.7510543
0.22598027 	 0.3585157
0.23348323 	 0.56820244
0.2504195 	 0.48858154
0.14067349 	 0.60197645
0.20072833 	 0.748211
0.19329385 	 0.49895167
0.17800134 	 0.36719102
0.15298636 	 0.710275
0.25572392 	 0.47735202
0.34163946 	 0.5718484
0.2892213 	 0.59295183
0.17615432 	 0.51148117
0.2211829 	 0.44783935
0.24094416 	 0.6405547
0.18500015 	 0.44004378
0.18227695 	 0.816446
0.21853222 	 0.3351332
0.2812501 	 0.59096867
0.27617294 	 0.3024533
0.13875897 	 0.3843795
0.23405477 	 0.384929
0.17736956 	 0.34788877
0.21388271 	 0.4009495
0.24346216 	 0.447432
0.18698762 	 0.54031265
0.21639912 	 0.6149791
0.14545791 	 0.4958383
0.16219456 	 0.6736402
0.15039936 	 0.43155774
0.1962874 	 0.5473862
0.27250102 	 0.43264243
0.25301185 	 0.36635324
0.2520859 	 0.46241975
0.25236318 	 0.6153176
0.25635 	 0.5278678
0.34503955 	 0.40103585
0.21070528 	 0.39576104
0.27024752 	 0.32204664
0.29710966 	 0.5597396
0.31907126 	 0.487049
0.23185278 	 0.38749066
0.18144006 	 0.38006395
0.20956875 	 0.5439191
0.17830406 	 0.55914587
0.10095897 	 0.49561346
0.15765935 	 0.4752867
0.15710221 	 0.5694792
0.2112903 	 0.2275466
0.19194089 	 0.3709749
0.2582764 	 0.61422265
0.18725152 	 0.4010897
0.19966646 	 0.47395727
0.30405334 	 0.41726026
0.28748047 	 0.5328253
0.21399102 	 0.50873584
0.20517291 	 0.45498943
0.15905283 	 0.5513589
0.20034358 	 0.38102418
0.21045998 	 0.46308818
0.20018491 	 0.527027
0.24227414 	 0.7594489
0.25972283 	 0.74866205
0.23350897 	 0.6397846
0.19327347 	 0.38626447
0.18969963 	 0.29766482
0.19999787 	 0.6381305
0.19836983 	 0.6392695
0.12979956 	 0.5878494
0.12184018 	 0.3871198
0.11856587 	 0.40943187
0.13587596 	 0.39062828
0.099900655 	 0.506884
0.11154506 	 0.30930746
0.12636432 	 0.591774
0.18277065 	 0.5050531
0.22443974 	 0.51828605
0.45611206 	 0.5770545
0.4421217 	 0.5292167
0.2731807 	 0.48942092
0.35921913 	 0.47939697
0.26405355 	 0.3845801
0.21130429 	 0.38763767
0.24273895 	 0.88534045
0.2949795 	 0.67436457
0.2435804 	 0.68610305
0.4172581 	 0.57105803
0.23035736 	 0.48487076
0.2417639 	 0.34459567
0.47357932 	 0.5790027
0.22409663 	 0.23893994
0.291161 	 0.71588737
0.22763132 	 0.6679085
0.20249406 	 0.5285374
0.084743574 	 0.8873005
0.13530803 	 0.6951088
0.19083904 	 0.325898
0.23338258 	 0.7703201
0.27982187 	 0.31925744
0.31042665 	 0.5420272
0.403639 	 0.5945981
0.51736736 	 0.6786313
0.2198696 	 0.736516
0.3416401 	 0.14412059
0.34006795 	 0.36132726
0.27126333 	 0.63040173
0.21628101 	 0.44349325
0.2917008 	 0.74493724
0.3766654 	 0.56656235
0.2986314 	 0.43676484
0.54445595 	 0.530241
0.611462 	 0.41924948
0.35742497 	 0.46622822
0.21743616 	 0.5621549
0.1531983 	 1.2698206
0.25480446 	 0.8453558
0.4115509 	 0.4704383
0.3878374 	 0.94406056
0.3704907 	 0.8091991
0.24220844 	 0.5382044
0.27212694 	 0.36238793
0.3343898 	 0.41122875
0.19188327 	 0.74561125
0.26020643 	 0.6104694
0.25599006 	 0.505096
0.15852824 	 0.48903146
0.17176446 	 0.45372742
0.23064633 	 0.46874776
0.29112136 	 0.6257977
0.23315725 	 0.76987815
0.27792856 	 0.5630494
0.30739427 	 0.7755075
0.33207184 	 0.3812733
0.4197507 	 0.5034536
0.29552278 	 0.424746
0.2649505 	 0.54546463
0.23792073 	 0.6213559
0.2818906 	 0.5779748
0.31760654 	 0.77673006
0.38523972 	 0.37476853
0.097038165 	 0.7666223
0.16460367 	 0.67383635
0.33353478 	 0.31921315
0.35450396 	 0.51603216
0.33884716 	 0.6291553
0.30939955 	 0.7993998
0.3420054 	 0.36846673
0.18431205 	 0.69850016
0.16344635 	 0.8848255
0.141012 	 0.39472598
0.102963336 	 0.86002195
0.2228527 	 0.5223538
0.1508508 	 0.76565665
0.15268198 	 0.5685806
0.17464276 	 0.5934128
0.19070661 	 0.79448205
0.21053855 	 0.23584658
0.3195385 	 0.8027441
0.28543907 	 0.5633537
0.3722743 	 0.62753564
0.33806354 	 0.24723125
0.31415313 	 0.41151708
0.24669926 	 0.57005835
0.24398443 	 0.34896705
0.18972766 	 0.5871644
0.12881781 	 0.14080626
0.14222427 	 0.40837127
0.19118023 	 0.31340492
0.16075301 	 0.5703805
0.18920639 	 0.6885566
0.17608665 	 0.37499285
0.19910252 	 0.35522327
0.30887973 	 0.5869334
0.2810845 	 0.5627911
0.29475075 	 0.80050224
0.36430907 	 0.4035397
0.45622033 	 0.39017314
0.22561063 	 0.29155073
0.23977926 	 0.40096608
0.20791325 	 0.50553155
0.22652428 	 0.7807446
0.27436197 	 0.49794686
0.30989558 	 0.44801408
0.19668573 	 0.39380085
0.081319325 	 0.43261018
0.08950107 	 0.36406276
0.24070536 	 0.52025294
0.2628326 	 0.69354624
0.25415352 	 0.29565942
0.2659887 	 0.5382962
0.20774068 	 0.3557988
0.28333008 	 0.61975104
Summary
0.033654355  -  0.611462 ,  0.14080626  -  1.2698206
accuracy:  96.5
equal predictions:  0
TensorFlow version: 1.13.1
Found 939 images belonging to 1 classes.
argN = 49
argN = 49
0.36010984 	 0.38082516
0.38683614 	 0.47986242
0.25695518 	 0.5265535
0.15710975 	 0.2992166
0.20052625 	 0.42983824
0.15427557 	 0.23952559
0.18407413 	 0.27588913
0.30093232 	 0.42767486
0.28945532 	 0.33887962
0.10034173 	 0.2889964
0.12652415 	 0.25439855
0.15132874 	 0.29366636
0.15098673 	 0.41031033
0.1081645 	 0.41638836
0.26015708 	 0.41191706
0.56121296 	 0.41844466
0.25208864 	 0.38194934
0.19146027 	 0.30234134
0.26302224 	 0.36539873
0.29012847 	 0.26478684
0.5539781 	 0.4639796
0.16372891 	 0.488778
0.42152113 	 0.27327883
0.47150728 	 0.47794765
0.43075517 	 0.34173986
0.29036748 	 0.39287525
0.059779268 	 0.325807
0.08322138 	 0.27448964
0.12917843 	 0.27165976
0.3399297 	 0.2849112
0.14106986 	 0.30086678
0.17074831 	 0.5470965
0.17793526 	 0.45203936
0.16192563 	 0.39278635
0.38112485 	 0.45247325
0.44064993 	 0.5238597
0.33659247 	 0.4612731
0.29783437 	 0.3138863
0.3619208 	 0.3645591
0.29547262 	 0.58953685
0.16877596 	 0.7055373
0.26370442 	 0.40692902
0.15057741 	 0.30110002
0.23434427 	 0.36784038
0.15618047 	 0.56538916
0.21110272 	 0.2674933
0.11720746 	 0.32757702
0.19885111 	 0.22655718
0.14845666 	 0.5656943
0.13120754 	 0.25501442
0.33609718 	 0.40027082
0.29294038 	 0.35515875
0.26456767 	 0.4029063
0.18781047 	 0.40384436
0.17214814 	 0.5206431
0.26060516 	 0.3408022
0.13998353 	 0.2979367
0.2201346 	 0.54907835
0.14861669 	 0.757162
0.20700574 	 0.33972096
0.13959022 	 0.5989951
0.33923644 	 0.65797
0.36600336 	 0.4240803
0.40319315 	 0.49565768
0.29584962 	 0.28777894
0.08626062 	 0.3126951
0.084402256 	 0.22726287
0.067494065 	 0.34982345
0.13411869 	 0.32521388
0.19500665 	 0.3527929
0.22264291 	 0.37528455
0.2079779 	 0.4032026
0.23070121 	 0.5621551
0.26882073 	 0.31985146
0.23611818 	 0.5321234
0.18225549 	 0.39328447
0.25933316 	 0.6164405
0.2133428 	 0.59163827
0.09823522 	 0.3983996
0.12421306 	 0.2267328
0.1850454 	 0.53260565
0.15953164 	 0.27542144
0.2189546 	 0.5349346
0.32476726 	 0.28818327
0.2099903 	 0.31899247
0.19408067 	 0.71640486
0.13483776 	 0.46331987
0.42725345 	 0.42773092
0.25545064 	 0.34316316
0.26860642 	 0.4154512
0.21081625 	 0.5045948
0.16112863 	 0.335849
0.22693142 	 0.5500825
0.2831633 	 0.41136003
0.13120924 	 0.10867375
0.15869226 	 0.48825806
0.12251375 	 0.3988418
0.122472115 	 0.36909324
0.12948504 	 0.23759715
0.07071371 	 0.40646496
0.12337866 	 0.4689442
0.20087114 	 0.48905382
0.18519 	 0.7051697
0.26223657 	 0.36055678
0.30844715 	 0.29629353
0.2078299 	 0.441975
0.32293642 	 0.5403405
0.34625578 	 0.23645519
0.34244224 	 0.39398944
0.483987 	 0.41327262
0.34701523 	 0.45229793
0.37438935 	 0.51705205
0.2930039 	 0.33551836
0.37280393 	 0.41078353
0.39257848 	 0.40405184
0.38534415 	 0.29799366
0.36480993 	 0.39317238
0.32528305 	 0.28621656
0.27641296 	 0.53911734
0.29414988 	 0.4694416
0.262521 	 0.47397774
0.16638856 	 0.31164807
0.1849536 	 0.6038831
0.13337302 	 0.47685784
0.24620157 	 0.48854917
0.16572797 	 0.38632527
0.27470717 	 0.5206415
0.16866228 	 0.52465266
0.25620714 	 0.50732696
0.3189163 	 0.92474514
0.31107134 	 0.6066924
0.26377317 	 0.5327346
0.31356966 	 0.58335143
0.22426727 	 0.39467636
0.23288801 	 0.43848124
0.29368922 	 0.32635486
0.26821128 	 0.32481477
0.31828693 	 0.41971114
0.3306784 	 0.46363586
0.23550367 	 0.4635954
0.21051729 	 0.31398812
0.18585618 	 0.46660128
0.2499674 	 0.4292771
0.30641082 	 0.5410275
0.24900204 	 0.32482466
0.39699754 	 0.375251
0.309121 	 0.48007306
0.25925222 	 0.44101837
0.25438687 	 0.17335504
0.2515214 	 0.40619865
0.31197926 	 0.49524045
0.21306093 	 0.37064362
0.23340133 	 0.55153704
0.16115047 	 0.27776355
0.18267334 	 0.42313993
0.16477935 	 0.37178212
0.15469962 	 0.6120396
0.19458514 	 0.37121642
0.26405922 	 0.3483061
0.16611645 	 0.3420762
0.19829883 	 0.37952167
0.1622824 	 0.41937566
0.16488478 	 0.56085193
0.1775305 	 0.2581463
0.17132513 	 0.24133225
0.18326315 	 0.5163203
0.34263676 	 0.43156207
0.27004424 	 0.35961422
0.33825782 	 0.410398
0.34772396 	 0.4406002
0.23872992 	 0.4615995
0.19848213 	 0.2839151
0.21418749 	 0.34321275
0.20664716 	 0.27825427
0.21891876 	 0.27133274
0.17220053 	 0.2519671
0.2259905 	 0.37119412
0.16682813 	 0.39912906
0.13102317 	 0.3025496
0.11053787 	 0.32848558
0.14527035 	 0.41579205
0.116119765 	 0.3353811
0.1454104 	 0.52517635
0.11914887 	 0.42992803
0.08767286 	 0.53050154
0.11757075 	 0.270244
0.109613955 	 0.49631923
0.11026669 	 0.5795752
0.11365746 	 0.6972826
0.1290544 	 0.55461353
0.096293785 	 0.4906751
0.14702262 	 0.17885888
0.14283822 	 0.25863376
0.13588224 	 0.23646855
0.11487545 	 0.44361565
0.15022686 	 0.32536358
0.1679591 	 0.5481511
0.15111935 	 0.31031448
0.080563225 	 0.40913337
0.09700914 	 0.41599777
0.083329245 	 0.25336066
0.17794038 	 0.3497322
0.1283949 	 0.3249499
0.13741514 	 0.38505486
0.116300866 	 0.19872764
0.30076578 	 0.47715452
0.20659292 	 0.7002485
0.27827743 	 0.55843294
0.35223153 	 0.44505492
0.4116359 	 0.38466224
0.28132865 	 0.6182104
0.28239745 	 0.37602246
0.3753497 	 0.39874205
0.1961836 	 0.30716044
0.28319377 	 0.34148058
0.33899564 	 0.3917861
0.1733201 	 0.54959375
0.21189865 	 0.15679762
0.39338163 	 0.2292327
0.29267707 	 0.3668768
0.30376852 	 0.22247119
0.33791664 	 0.35703248
0.2729885 	 0.45895052
0.24274015 	 0.32989436
0.39044067 	 0.4533835
0.38879856 	 0.39987633
0.36953294 	 0.52763057
0.23581752 	 0.34141123
0.4423089 	 0.4740126
0.27731064 	 0.517699
0.33582965 	 0.66268384
0.28964508 	 0.4701632
0.33904073 	 0.3131789
0.3534955 	 0.43594378
0.5095406 	 0.27781507
0.45910844 	 0.45285913
0.40640965 	 0.29913884
0.3702483 	 0.33270097
0.24796565 	 0.5702848
0.3125287 	 0.34286022
0.5246173 	 0.58407223
0.35651183 	 0.3869101
0.41035992 	 0.49486017
0.39288637 	 0.45515236
0.4412943 	 0.39280346
0.41058654 	 0.606287
0.38838872 	 0.46134514
0.32154733 	 0.4252523
0.33669713 	 0.36955345
0.34684658 	 0.36648187
0.26196882 	 0.43148333
0.26169607 	 0.3821022
0.3861125 	 0.48248014
0.37699687 	 0.58368534
0.3992062 	 0.332298
0.4109911 	 0.40254343
0.43047735 	 0.43966976
0.31863526 	 0.4374924
0.19929667 	 0.23410705
0.2574598 	 0.34586495
0.26340464 	 0.3200616
0.19719604 	 0.6840266
0.23649935 	 0.6163203
0.26838213 	 0.57465655
0.3232693 	 0.625441
0.3780563 	 0.96947956
0.31746474 	 0.7337846
0.27176988 	 0.392305
0.31214458 	 0.30117783
0.24997567 	 0.39616755
0.39880502 	 0.5709865
0.46806344 	 0.55919534
0.3877991 	 0.45492536
0.4281509 	 0.3941728
0.32143742 	 0.36188012
0.30726668 	 0.25842187
0.38059387 	 0.30917647
0.21707782 	 0.34022534
0.26043075 	 0.5613931
0.1323245 	 0.49627233
0.14093643 	 0.4414221
0.26991004 	 0.46150807
0.3256797 	 0.6926576
0.3939435 	 0.43438128
0.26241305 	 0.55663294
0.29623333 	 0.914106
0.25701994 	 0.97908145
0.19224462 	 0.5942636
0.24379571 	 0.5017924
0.3140787 	 0.7601626
0.23833534 	 0.9002171
0.3046087 	 0.8116063
0.20572527 	 0.45514596
0.22439744 	 0.53028965
0.13976794 	 0.4689904
0.11469989 	 0.61978906
0.201052 	 0.34439513
0.15870237 	 0.3863394
0.20616937 	 0.4067094
0.20896769 	 0.367209
0.18780975 	 0.26660722
0.2655747 	 0.20365955
0.20850846 	 0.2736435
0.27861106 	 0.43126056
0.21427609 	 0.3967005
0.2164023 	 0.3747989
0.2601754 	 0.27114028
0.34205407 	 0.3568651
0.3119887 	 0.6206525
0.4717717 	 0.30733395
0.22921553 	 0.39096272
0.20402041 	 0.20525084
0.22457016 	 0.44763184
Summary
0.059779268  -  0.56121296 ,  0.10867375  -  0.97908145
accuracy:  89.1
equal predictions:  0
TensorFlow version: 1.13.1
Found 939 images belonging to 1 classes.
argN = 49
argN = 49
0.32725006 	 0.38018006
0.18265939 	 0.67485136
0.16767253 	 0.49618942
0.3059806 	 0.46395573
0.22795588 	 0.35583693
0.19803336 	 0.2556646
0.07242239 	 0.20786005
0.09948308 	 0.40058678
0.162842 	 0.40391204
0.22472729 	 0.4945413
0.2417639 	 0.39710516
0.12182045 	 0.45210025
0.19616808 	 0.22900926
0.15560544 	 0.33496556
0.19804783 	 0.4553309
0.17612717 	 0.60993415
0.15853915 	 0.30872265
0.1271512 	 0.54849523
0.19712563 	 0.30246395
0.20888674 	 0.65456045
0.46268216 	 0.34807938
0.34637302 	 0.48805606
0.2579552 	 0.6285871
0.2729581 	 0.63228685
0.08718895 	 0.2853544
0.08719558 	 0.247821
0.101329006 	 0.28693196
0.10053911 	 0.30550292
0.09122489 	 0.34842828
0.23660038 	 0.46767166
0.2994439 	 0.31941068
0.12510315 	 0.51690555
0.3074211 	 0.26663795
0.2526003 	 0.34358785
0.26248506 	 0.47418842
0.31927302 	 0.5425025
0.39204612 	 0.3191369
0.3095719 	 0.41677603
0.1833518 	 0.37240058
0.12956958 	 0.21249138
0.44555992 	 0.35192385
0.31287846 	 0.61479604
0.28459242 	 0.40317476
0.16180593 	 0.33756188
0.25774807 	 0.39602035
0.12796377 	 0.2727719
0.12531075 	 0.4278279
0.08715376 	 0.37891787
0.19344045 	 0.30399308
0.1862458 	 0.31809178
0.19528848 	 0.6289976
0.15620396 	 0.58068293
0.18482088 	 0.7388053
0.21354216 	 0.32849914
0.31680813 	 0.5191833
0.38224107 	 0.45286795
0.30462584 	 0.40765545
0.274684 	 0.36141366
0.16355032 	 0.3428492
0.33236134 	 0.4254356
0.15468432 	 0.42971265
0.17050569 	 0.35166728
0.11420046 	 0.27677554
0.117008775 	 0.4167562
0.3242431 	 0.41492695
0.31264913 	 0.67153364
0.21430726 	 0.68432975
0.14978068 	 0.25879124
0.3036007 	 0.3692899
0.22738938 	 0.3549078
0.19259164 	 0.4170826
0.15033348 	 0.34739208
0.23375179 	 0.25571454
0.24768952 	 0.30243862
0.49663857 	 0.34683496
0.2729231 	 0.5331124
0.24319752 	 0.41652775
0.2748811 	 0.23808779
0.123415135 	 0.6019766
0.18297118 	 0.45158106
0.14313501 	 0.20179287
0.06087499 	 0.3432146
0.0444072 	 0.29493278
0.20846103 	 0.7955968
0.25734684 	 0.69118845
0.26614028 	 0.5734568
0.18646239 	 0.58018535
0.14575659 	 0.34063584
0.14476898 	 0.6492109
0.1430562 	 0.36723197
0.27782154 	 0.7520972
0.16858475 	 0.52570546
0.1961379 	 0.36168113
0.12122109 	 0.5719975
0.27548778 	 0.72779036
0.2370109 	 0.6778646
0.27128294 	 0.40754443
0.19773805 	 0.45964724
0.16401947 	 0.6844765
0.15869296 	 0.64977413
0.13457996 	 0.49830988
0.16928457 	 0.43997365
0.06583247 	 0.25269508
0.20335563 	 0.34261912
0.25006896 	 0.45098978
0.25548604 	 0.31139234
0.22842194 	 0.34092975
0.15575565 	 0.50686634
0.15687934 	 0.3257421
0.120293304 	 0.24968342
0.15959813 	 0.28954497
0.13003868 	 0.51069117
0.19690032 	 0.6771499
0.20737399 	 0.31225663
0.24571382 	 0.59602296
0.24838842 	 0.48167965
0.27151313 	 0.6802812
0.4678909 	 0.4225998
0.3908939 	 0.61688846
0.32669938 	 0.43711498
0.36316127 	 0.40491787
0.37386367 	 0.44200042
0.25247478 	 0.63506985
0.32832912 	 0.25701532
0.3151491 	 0.37931713
0.33974683 	 0.48743275
0.31997883 	 0.6428699
0.22178994 	 0.69227374
0.16380158 	 0.52185154
0.26463312 	 0.7460655
0.20042108 	 0.44403577
0.2403128 	 0.24142724
0.33939084 	 0.8351837
0.22535896 	 0.6189684
0.30743858 	 0.6000198
0.4322289 	 0.43695748
0.29067785 	 0.60613596
0.30536792 	 0.35647956
0.40480503 	 0.42010155
0.34773755 	 0.5728375
0.2895566 	 0.4170808
0.257755 	 0.43594933
0.31546056 	 0.44720668
0.39695278 	 0.45471346
0.3058923 	 0.44058073
0.32149926 	 0.2698506
0.24206264 	 0.28274897
0.23127784 	 0.32794085
0.23228481 	 0.41560426
0.26142246 	 0.5975406
0.17171422 	 0.32926983
0.21819432 	 0.3278491
0.29810703 	 0.31080267
0.21801381 	 0.6199281
0.16273637 	 0.44246513
0.17489739 	 0.4599377
0.24174266 	 0.41592747
0.12597294 	 0.42046097
0.103411585 	 0.48073557
0.081295274 	 0.22042406
0.0627106 	 0.46237242
0.056453742 	 0.5815742
0.07365204 	 0.46547413
0.097098924 	 0.48762384
0.11682768 	 0.26162934
0.078682326 	 0.30545446
0.1414043 	 0.5057029
0.12589526 	 0.647154
0.15122737 	 0.54450876
0.059147652 	 0.6366432
0.121266976 	 0.3860931
0.100649975 	 0.4683621
0.13151313 	 0.6444289
0.13689226 	 0.4142267
0.10876579 	 0.32837173
0.12538156 	 0.52551955
0.15791716 	 0.5694385
0.2243573 	 0.39630353
0.11762083 	 0.45482194
0.1395147 	 0.5092431
0.07236863 	 0.34385228
0.090560764 	 0.48816472
0.1751587 	 0.46844682
0.14680018 	 0.35565114
0.17732309 	 0.40258005
0.11507672 	 0.423801
0.07859399 	 0.37730265
0.056469887 	 0.42472288
0.08948093 	 0.45562565
0.1556 	 0.2664656
0.108560465 	 0.41913235
0.058457978 	 0.27317584
0.09987023 	 0.29098174
0.10341019 	 0.31066865
0.13461487 	 0.42630485
0.11768728 	 0.25132567
0.36824602 	 0.27216223
0.2275136 	 0.44389835
0.16589746 	 0.41826695
0.3910013 	 0.66578925
0.3756626 	 0.41877532
0.35591453 	 0.51059306
0.25671846 	 0.6028461
0.33637843 	 0.41457725
0.485767 	 0.5965025
0.37359515 	 0.65934974
0.23000142 	 0.63647217
0.25798973 	 0.6088113
0.198326 	 0.5961706
0.15987183 	 0.39114708
0.22150323 	 0.76252794
0.1907232 	 0.691297
0.18723959 	 0.61876035
0.18189566 	 0.8254906
0.18482761 	 0.8772026
0.11715438 	 0.6687162
0.21127881 	 0.33316544
0.22165988 	 0.3690615
0.30189788 	 0.45621017
0.23341653 	 0.36710292
0.3318165 	 0.74778336
0.2517543 	 0.52522886
0.28722918 	 0.48809627
0.33647022 	 0.4955479
0.18022165 	 0.69475436
0.19000289 	 0.68105835
0.17916079 	 0.62051946
0.27973962 	 0.72811735
0.22089651 	 0.5578582
0.2417967 	 0.5768361
0.14108764 	 0.7304279
0.19448334 	 0.5682489
0.27207804 	 0.83921576
0.38758332 	 0.88992804
0.35544056 	 1.023905
0.23472145 	 0.44524023
0.26574168 	 0.32306254
0.31756938 	 0.8774971
0.3342878 	 1.3074001
0.54191035 	 1.3299662
0.6735868 	 0.55060583
0.4731712 	 0.9867567
0.5888845 	 0.63321024
0.39896438 	 1.1289316
0.16322263 	 1.2089729
0.22430366 	 1.3963221
0.19722973 	 0.8051544
0.19622247 	 0.77687603
0.3715127 	 0.7894983
0.31229493 	 0.46120012
0.30381522 	 0.3320824
0.25610596 	 0.4724466
0.3141323 	 0.2145298
0.27278382 	 0.5215438
0.40147656 	 0.7581404
0.2751483 	 0.5536779
0.5141185 	 0.44320947
0.3969047 	 1.251083
0.2818583 	 0.93464977
0.25663018 	 0.6292351
0.27149898 	 0.6025954
0.4881324 	 0.4268165
0.35836694 	 0.50834244
0.21008854 	 0.48883405
0.24335183 	 0.6713498
0.3547351 	 0.5455151
0.20215912 	 0.8643623
0.15429032 	 0.5337775
0.23718844 	 0.4457621
0.26632714 	 0.28294298
0.26884958 	 0.55182517
0.18380706 	 0.59451514
0.20643222 	 0.70912105
0.20113035 	 0.5635489
0.08999315 	 0.71783686
0.12660933 	 0.4761841
0.16360486 	 0.69280857
0.2141228 	 0.52505815
0.23403293 	 0.727502
0.43724927 	 0.47630665
0.41961485 	 0.3237128
0.4366641 	 0.50583595
0.23067951 	 0.61439174
0.3385285 	 0.6641178
0.27048928 	 0.4447387
0.34426224 	 0.42518362
0.25402188 	 0.4268039
0.49058864 	 0.5425179
0.51512474 	 0.38564265
0.38250998 	 0.21661924
0.5001367 	 0.5059929
0.2917764 	 0.65472233
0.29539412 	 0.3411643
0.49511108 	 0.6153599
0.32887506 	 0.880081
0.3344068 	 0.5926132
0.3516312 	 0.4351377
0.2910645 	 0.42598575
0.30537948 	 0.8223805
0.37463823 	 1.4850658
0.2808922 	 0.3732404
0.27344453 	 0.7850438
0.23860922 	 0.53995055
0.39368314 	 0.69303524
0.42088336 	 0.56402624
0.3520771 	 0.4284232
0.30320603 	 0.6285858
0.32307005 	 0.49134943
0.36712572 	 0.38785887
0.7811338 	 0.7440974
0.3803816 	 0.3742813
0.48603985 	 0.5867541
0.27621403 	 1.519826
Summary
0.0444072  -  0.7811338 ,  0.20179287  -  1.519826
accuracy:  93.9
equal predictions:  0
