TensorFlow version: 1.13.1
Found 939 images belonging to 1 classes.
argN = 3136
argN = 3136
0.5904603 	 0.6241628
0.5056682 	 0.62878007
0.5465661 	 0.6560416
0.49372387 	 0.68398243
0.48388925 	 0.57391423
0.52428716 	 0.65198493
0.5206951 	 0.5474757
0.46415433 	 0.55073106
0.5731466 	 0.6107056
0.5546605 	 0.6087849
0.5743016 	 0.6278608
0.562372 	 0.62356484
0.5213719 	 0.6328169
0.5540675 	 0.6460557
0.6021106 	 0.6365882
0.58601683 	 0.6629561
0.57994217 	 0.68086624
0.5966184 	 0.665327
0.5262523 	 0.6181257
0.5507972 	 0.6602486
0.62055117 	 0.70753264
0.6114504 	 0.657302
0.6070878 	 0.67270607
0.59985626 	 0.64752793
0.6020866 	 0.6151204
0.59735096 	 0.6367254
0.42766052 	 0.649213
0.40109292 	 0.600272
0.36498576 	 0.6806402
0.37252688 	 0.5701477
0.34492028 	 0.5127834
0.34056184 	 0.5070879
0.35399362 	 0.6004875
0.37426066 	 0.5266196
0.6458142 	 0.66657144
0.6211835 	 0.6385652
0.6184365 	 0.59623796
0.64388704 	 0.7268894
0.6581682 	 0.6955427
0.6580423 	 0.7051385
0.6738047 	 0.7302285
0.56872797 	 0.6742569
0.48499244 	 0.72157794
0.6135564 	 0.65172666
0.62296164 	 0.67080665
0.57735455 	 0.65430427
0.47392547 	 0.561894
0.46279463 	 0.58985126
0.45864886 	 0.5638366
0.40925846 	 0.560384
0.4332052 	 0.6140446
0.5007741 	 0.6853544
0.50202554 	 0.5886088
0.5080646 	 0.6204283
0.59984183 	 0.68905747
0.5869858 	 0.68094
0.6407683 	 0.68315744
0.59909445 	 0.7158843
0.5844552 	 0.64893574
0.49730968 	 0.65417117
0.34856695 	 0.506929
0.3087578 	 0.7214732
0.30830777 	 0.45220986
0.29243222 	 0.56679094
0.28097603 	 0.49489713
0.30409244 	 0.5729269
0.33035877 	 0.53303945
0.3191943 	 0.56885546
0.3241399 	 0.68407595
0.30715477 	 0.6013916
0.37890515 	 0.6408307
0.5485616 	 0.7089241
0.62336856 	 0.69731665
0.6238812 	 0.7081973
0.6182321 	 0.7635571
0.6707931 	 0.672324
0.6776767 	 0.68596506
0.5347799 	 0.6702674
0.4465865 	 0.63945395
0.490686 	 0.59585637
0.6456409 	 0.67280954
0.6277107 	 0.67616844
0.5636575 	 0.59899765
0.49372065 	 0.6221393
0.38823912 	 0.5519788
0.4175261 	 0.639564
0.54874563 	 0.6356079
0.5376748 	 0.6393457
0.5183418 	 0.6516738
0.5064432 	 0.5788492
0.56403774 	 0.63447714
0.61547285 	 0.64769286
0.63360864 	 0.6638913
0.66628724 	 0.6939085
0.67518264 	 0.66118294
0.60628134 	 0.670579
0.4725893 	 0.626218
0.43605092 	 0.66352487
0.41998598 	 0.60173684
0.4203609 	 0.5896729
0.3927129 	 0.65589434
0.45810694 	 0.5596147
0.49559057 	 0.61152947
0.4890861 	 0.60548514
0.68481576 	 0.6571763
0.6438092 	 0.64914906
0.68621147 	 0.632233
0.67112964 	 0.68619305
0.68834233 	 0.701438
0.69756025 	 0.6704735
0.6613642 	 0.6744235
0.6773043 	 0.6796024
0.6719502 	 0.6947321
0.67383546 	 0.68830985
0.6908937 	 0.68010587
0.69358945 	 0.6839708
0.6932241 	 0.70497155
0.69327533 	 0.68116236
0.66036445 	 0.6553523
0.6317338 	 0.6703815
0.58395463 	 0.60624266
0.5380956 	 0.66681796
0.5519775 	 0.6391559
0.49193144 	 0.5734082
0.47990045 	 0.5943635
0.43985832 	 0.63234913
0.47777483 	 0.6369643
0.4484254 	 0.55109966
0.4352216 	 0.5345616
0.45293245 	 0.6253047
0.45491597 	 0.5527637
0.44033527 	 0.5646011
0.4409351 	 0.6435309
0.4368608 	 0.5497032
0.44887406 	 0.54785866
0.44356662 	 0.5692424
0.44215065 	 0.5694437
0.44634292 	 0.5431522
0.44205967 	 0.55302125
0.4387537 	 0.57261676
0.42047468 	 0.5529885
0.43859658 	 0.54133826
0.40298587 	 0.5447054
0.4269692 	 0.56851935
0.4093186 	 0.5563796
0.4074087 	 0.5898978
0.37776944 	 0.6621137
0.3717676 	 0.70264786
0.379424 	 0.49250206
0.37031296 	 0.5386143
0.3724255 	 0.6201904
0.38798606 	 0.56726265
0.37059215 	 0.6839295
0.37711933 	 0.58080065
0.3559518 	 0.47010958
0.36321414 	 0.50522465
0.3880309 	 0.6083473
0.36042508 	 0.4953052
0.37039807 	 0.5221092
0.3728144 	 0.67342204
0.3968247 	 0.53639007
0.3943284 	 0.5164503
0.3886746 	 0.49422154
0.3716906 	 0.589199
0.3739016 	 0.48253363
0.37441215 	 0.6368625
0.3721112 	 0.47068337
0.38824934 	 0.5695856
0.4031588 	 0.5062603
0.438011 	 0.5229984
0.42200232 	 0.529159
0.44584456 	 0.6339922
0.44681346 	 0.5876184
0.450611 	 0.6377058
0.48058733 	 0.5581448
0.49061912 	 0.58986354
0.51626235 	 0.52981997
0.49220482 	 0.6517665
0.48443362 	 0.60569525
0.5257464 	 0.59096986
0.5175804 	 0.71025497
0.5187168 	 0.5897215
0.5056863 	 0.6416352
0.52895457 	 0.6516994
0.5244457 	 0.6047675
0.5451456 	 0.6541934
0.52730674 	 0.6598429
0.5222819 	 0.5867518
0.5176501 	 0.6377359
0.5009697 	 0.69561285
0.5117663 	 0.6027971
0.5245454 	 0.6003557
0.5035947 	 0.58229303
0.50869787 	 0.5910747
0.51803017 	 0.64080775
0.5123987 	 0.5835319
0.49457434 	 0.5669004
0.49316317 	 0.5770711
0.48436415 	 0.53717756
0.49098387 	 0.61889315
0.49769062 	 0.5456591
0.4285393 	 0.43052596
0.42997953 	 0.44275722
0.4340423 	 0.49833402
0.41509762 	 0.44882774
0.34349194 	 0.35715923
0.3372505 	 0.37853345
0.34599948 	 0.38405094
0.34674576 	 0.3546841
0.36312595 	 0.37192866
0.35246536 	 0.3847273
0.37849125 	 0.54027295
0.36125234 	 0.44021437
0.3624452 	 0.42279664
0.371658 	 0.39538288
0.35614038 	 0.5321037
0.3463832 	 0.37098664
0.33614507 	 0.4156116
0.35563582 	 0.37934422
0.3602403 	 0.40913302
0.34771204 	 0.3647452
0.3501116 	 0.41440666
0.3597635 	 0.41841477
0.3393443 	 0.4056701
0.3554557 	 0.53722996
0.36967897 	 0.3861596
0.40299693 	 0.4338382
0.40477276 	 0.45707458
0.40020597 	 0.4168207
0.42828003 	 0.47951633
0.43635175 	 0.4717904
0.42216104 	 0.42056945
0.42181772 	 0.4857483
0.4224552 	 0.48179784
0.42521518 	 0.44486722
0.413563 	 0.42143264
0.4300083 	 0.4212864
0.42175865 	 0.44753745
0.36238363 	 0.38645947
0.37274837 	 0.4195752
0.38561112 	 0.3606409
0.37318924 	 0.34683394
0.35461104 	 0.31458294
0.36626813 	 0.41102517
0.36284414 	 0.3973117
0.3490044 	 0.38391697
0.3751141 	 0.37175742
0.3699384 	 0.35473424
0.34286162 	 0.44553834
0.3358378 	 0.3403725
0.33268034 	 0.36199647
0.34519097 	 0.3906541
0.3057833 	 0.3902949
0.3042045 	 0.39398858
0.3027144 	 0.34153503
0.31245768 	 0.36311448
0.33801007 	 0.39315295
0.32551742 	 0.41510817
0.34358624 	 0.35004994
0.38433477 	 0.43214113
0.4010525 	 0.4288041
0.38934156 	 0.41518185
0.40563282 	 0.41497406
0.5330065 	 0.50810176
0.5188042 	 0.5382666
0.49102965 	 0.48733968
0.46808487 	 0.46884072
0.45487782 	 0.425441
0.45418015 	 0.54701537
0.39456642 	 0.48506603
0.40826762 	 0.4295651
0.4123096 	 0.46606708
0.41715497 	 0.40752336
0.41652504 	 0.4457768
0.41735834 	 0.3706723
0.40693575 	 0.42314237
0.4090639 	 0.3639371
0.37856096 	 0.4648931
0.37564158 	 0.4610657
0.4444542 	 0.45577008
0.49692735 	 0.58637214
0.51932555 	 0.61422414
0.56327015 	 0.6310466
0.5828948 	 0.6806713
0.6341459 	 0.6792064
0.64944 	 0.69597775
0.6588294 	 0.71330744
0.6965906 	 0.68387175
0.6765636 	 0.6945245
0.64473987 	 0.6367626
0.549405 	 0.5491539
0.5331506 	 0.5564992
0.41546166 	 0.44333464
0.38444516 	 0.4222635
0.3942543 	 0.38523778
0.41190907 	 0.4114604
0.4217323 	 0.3686503
0.39719686 	 0.4453163
0.4026298 	 0.44279695
0.43303424 	 0.4258915
0.4348084 	 0.43584988
0.4274449 	 0.43088695
0.44589615 	 0.44811913
0.42957544 	 0.42974994
0.4299009 	 0.43375835
0.44658583 	 0.41313756
0.42993867 	 0.41521254
0.41191888 	 0.40400916
0.41158345 	 0.41711897
0.42180356 	 0.41595855
0.44691437 	 0.40681854
0.46464756 	 0.48687422
0.45347187 	 0.43605644
Summary
0.28097603  -  0.69756025 ,  0.31458294  -  0.7635571
accuracy:  88.8
equal predictions:  0
TensorFlow version: 1.13.1
Found 939 images belonging to 1 classes.
argN = 3136
argN = 3136
0.29150352 	 0.60581
0.47871473 	 0.5639355
0.45299956 	 0.5399053
0.5487665 	 0.5941807
0.68094754 	 0.71743333
0.70863676 	 0.7282062
0.65703917 	 0.6917363
0.6259372 	 0.71543175
0.61938447 	 0.73280257
0.6177543 	 0.7667833
0.6437747 	 0.7418764
0.5760996 	 0.6642547
0.37293875 	 0.53166676
0.30522346 	 0.60302913
0.3147357 	 0.5896808
0.43759987 	 0.54115176
0.6402243 	 0.7230816
0.6945435 	 0.76650256
0.6628342 	 0.73177004
0.676535 	 0.7482729
0.65015185 	 0.66601753
0.65749156 	 0.7100124
0.63628983 	 0.6803234
0.27150008 	 0.5869737
0.27757362 	 0.47752783
0.1904407 	 0.5573869
0.45455813 	 0.6205097
0.35695973 	 0.57832247
0.5465188 	 0.56397396
0.49257854 	 0.67140454
0.39102054 	 0.53072083
0.45378858 	 0.6186827
0.62418604 	 0.5706884
0.58351356 	 0.5839096
0.58405405 	 0.619239
0.58925915 	 0.66043574
0.5834255 	 0.69364464
0.5987024 	 0.67920285
0.6194002 	 0.7833747
0.6447101 	 0.76287544
0.63985825 	 0.73699003
0.47767034 	 0.49380913
0.53715104 	 0.6139835
0.44987345 	 0.5653903
0.38339445 	 0.5172423
0.28303972 	 0.46985096
0.415034 	 0.58761376
0.47503075 	 0.5415762
0.48059118 	 0.6593395
0.47796378 	 0.5820808
0.58683187 	 0.63507247
0.5976849 	 0.6508937
0.5190658 	 0.66859907
0.6159744 	 0.7038989
0.6293757 	 0.79383916
0.66730225 	 0.7077168
0.6007519 	 0.6913341
0.37958673 	 0.3902987
0.37367693 	 0.5040609
0.41111732 	 0.57304615
0.3223623 	 0.40667942
0.2873941 	 0.44173005
0.29908878 	 0.4211449
0.54765373 	 0.57726705
0.47731888 	 0.5374243
0.52305305 	 0.5808368
0.5466012 	 0.45512643
0.5834213 	 0.57502383
0.6017917 	 0.68200773
0.5843387 	 0.6954008
0.56995726 	 0.65485656
0.651113 	 0.7018955
0.68596786 	 0.71502286
0.5879576 	 0.61817336
0.42314622 	 0.5582769
0.3206771 	 0.40219688
0.4114327 	 0.6058095
0.5795403 	 0.66033745
0.5765931 	 0.6719684
0.61119753 	 0.7124381
0.624806 	 0.71366787
0.62943774 	 0.6962352
0.6708155 	 0.69324243
0.6545421 	 0.714038
0.6258647 	 0.67577094
0.57908565 	 0.71799445
0.29523557 	 0.4715959
0.29231343 	 0.5610085
0.30902764 	 0.4797696
0.31398243 	 0.6743847
0.30542082 	 0.67992276
0.31569695 	 0.529761
0.2936953 	 0.5120203
0.29659843 	 0.55783427
0.28604874 	 0.6022771
0.29368892 	 0.6597832
0.29024208 	 0.5991932
0.2865615 	 0.67411
0.29983783 	 0.51387113
0.29444587 	 0.5736136
0.29848728 	 0.644389
0.32197803 	 0.51925665
0.3111117 	 0.5146048
0.3100799 	 0.50231314
0.3034824 	 0.63368773
0.3301396 	 0.43696654
0.3268422 	 0.50645804
0.3341446 	 0.48120323
0.3792296 	 0.70055586
0.39491493 	 0.67944795
0.39710003 	 0.62902063
0.41798583 	 0.7372818
0.45497817 	 0.6599663
0.46565965 	 0.66728956
0.51776695 	 0.6320702
0.54748946 	 0.72393453
0.58830374 	 0.6680639
0.5833435 	 0.6438814
0.59687215 	 0.6781716
0.6049137 	 0.71395653
0.598938 	 0.6481346
0.6045043 	 0.6467877
0.6018992 	 0.66328
0.5879266 	 0.65533507
0.58323133 	 0.6451004
0.5880973 	 0.69664097
0.5788587 	 0.628696
0.6017891 	 0.62622774
0.5904025 	 0.6617478
0.59175396 	 0.63464814
0.60853857 	 0.6461179
0.5988536 	 0.69081736
0.60232323 	 0.6837867
0.5992657 	 0.639322
0.602657 	 0.66643405
0.6151021 	 0.6579521
0.6055834 	 0.59385985
0.6071379 	 0.6262513
0.5943204 	 0.67485464
0.6023995 	 0.66093355
0.6104826 	 0.6473387
0.62771004 	 0.68328315
0.625351 	 0.68833166
0.6052114 	 0.6477206
0.6354167 	 0.6552295
0.6238744 	 0.6888016
0.6244303 	 0.6884822
0.636246 	 0.6934673
0.6325505 	 0.6614991
0.63448375 	 0.70562196
0.64302766 	 0.67860323
0.6665093 	 0.65011144
0.6628319 	 0.6981981
0.6530223 	 0.65266496
0.6371088 	 0.69906867
0.6625667 	 0.6563364
0.68955696 	 0.70141995
0.6624117 	 0.7049561
0.68894047 	 0.6658394
0.64397734 	 0.65258205
0.6142437 	 0.6517985
0.6220816 	 0.7025422
0.59079987 	 0.69230604
0.6130127 	 0.6509163
0.5880364 	 0.6751856
0.61541617 	 0.67941165
0.6060748 	 0.66291124
0.6040121 	 0.65214205
0.60002244 	 0.68071437
0.59437853 	 0.62814313
0.59780514 	 0.71111053
0.58393455 	 0.6565766
0.58748424 	 0.6780795
0.56644005 	 0.6504271
0.57876045 	 0.6358909
0.5838623 	 0.6655571
0.5468409 	 0.6947025
0.5528422 	 0.60951895
0.53061795 	 0.6485501
0.490073 	 0.70158464
0.5163324 	 0.58559924
0.5023563 	 0.61705714
0.5187298 	 0.6558937
0.526355 	 0.68609834
0.5131874 	 0.5647041
0.50964147 	 0.6813617
0.51492596 	 0.6003285
0.5378144 	 0.6442482
0.51613915 	 0.62233055
0.5341267 	 0.70990735
0.5845447 	 0.67661804
0.5907991 	 0.65698224
0.60695106 	 0.7472947
0.61975104 	 0.6735359
0.63064164 	 0.76255643
0.6424786 	 0.7816426
0.6499203 	 0.6574396
0.6334514 	 0.6770991
0.6174543 	 0.6460905
0.6326315 	 0.6647715
0.63317835 	 0.651672
0.64709866 	 0.66261286
0.6122687 	 0.7098214
0.5874896 	 0.68823415
0.61290616 	 0.68358785
0.6462443 	 0.67665446
0.6733012 	 0.6913246
0.6552991 	 0.66907674
0.6511601 	 0.70033276
0.6722335 	 0.68391544
0.67836195 	 0.6504553
0.6782788 	 0.6783887
0.6757063 	 0.6459248
0.6796278 	 0.6420761
0.6979158 	 0.6738712
0.68187994 	 0.6367081
0.683829 	 0.64149433
0.6776837 	 0.65314794
0.6601506 	 0.69604075
0.65116715 	 0.6948734
0.67397493 	 0.65976286
0.65032065 	 0.63692033
0.6377736 	 0.69612
0.6823695 	 0.68312263
0.7114429 	 0.66847485
0.6658521 	 0.67331094
0.6647316 	 0.68920946
0.69699275 	 0.64392835
0.6820039 	 0.66610014
0.63707364 	 0.6726923
0.6696066 	 0.6714893
0.6563425 	 0.6808766
0.68040794 	 0.6722955
0.6644999 	 0.6745574
0.6976514 	 0.6859776
0.68884146 	 0.64536995
0.65875214 	 0.6698202
0.6801201 	 0.66628027
0.69269586 	 0.6467813
0.71005803 	 0.66790044
0.6379441 	 0.6587628
0.6489428 	 0.59914774
0.679879 	 0.6402316
0.6938789 	 0.6715129
0.6349439 	 0.6919803
0.6411824 	 0.6131889
0.6489677 	 0.6479266
0.66431147 	 0.6757062
0.6627491 	 0.6951942
0.6887681 	 0.6497337
0.7090599 	 0.71263814
0.69175255 	 0.70788616
0.6908762 	 0.6451818
0.7235641 	 0.71095955
0.7417024 	 0.69131196
0.69676435 	 0.6891202
0.6653319 	 0.6690237
0.6718844 	 0.6730403
0.657779 	 0.6929097
0.6332865 	 0.6664072
0.64630663 	 0.6706833
0.6285954 	 0.665564
0.6437336 	 0.6680882
0.6839399 	 0.6665581
0.63981915 	 0.64065945
0.6523701 	 0.7073626
0.65043944 	 0.65796095
0.67500144 	 0.7060695
0.6546598 	 0.6774131
0.6579921 	 0.68185014
0.6629427 	 0.7538477
0.65999705 	 0.7831686
0.6447812 	 0.69044346
0.6621329 	 0.74820536
0.6700972 	 0.76271325
0.714894 	 0.63688
0.68354887 	 0.71858954
0.710878 	 0.69683695
0.6622762 	 0.69005716
0.6436785 	 0.67746705
0.6448864 	 0.64648384
0.6545552 	 0.64077574
0.64400256 	 0.6415862
0.66571385 	 0.6206016
0.64693516 	 0.6244262
0.64954656 	 0.63814807
0.62071437 	 0.68192357
0.568071 	 0.69144225
0.5461606 	 0.70393485
0.4913062 	 0.8356327
0.42066476 	 0.7300919
0.38978702 	 0.79999006
0.37936792 	 0.81259286
0.37978905 	 0.66283953
0.3630359 	 0.9079267
0.3760299 	 0.8423296
0.39084765 	 0.80302775
0.37775838 	 0.9198161
0.3909569 	 0.7417751
0.3950341 	 0.7777146
0.41910642 	 0.79642415
0.54178524 	 0.68587154
0.62495476 	 0.6257187
0.6284291 	 0.6444025
0.6384952 	 0.6715395
0.6257275 	 0.7111332
0.6647789 	 0.6607602
0.6552744 	 0.62048286
0.62917984 	 0.65933865
0.63862276 	 0.63406634
0.6138988 	 0.61329275
0.62250066 	 0.6291271
0.67382866 	 0.7134574
Summary
0.1904407  -  0.7417024 ,  0.3902987  -  0.9198161
accuracy:  84.7
equal predictions:  0
TensorFlow version: 1.13.1
Found 939 images belonging to 1 classes.
argN = 3136
argN = 3136
0.6306823 	 0.6471856
0.5764357 	 0.5499019
0.58050203 	 0.62219006
0.60702765 	 0.5691036
0.5950745 	 0.59215784
0.59133893 	 0.6252363
0.5892246 	 0.61776465
0.6216382 	 0.5282518
0.6331871 	 0.6194317
0.63164276 	 0.55962014
0.620041 	 0.6281186
0.6198275 	 0.6057746
0.6098437 	 0.5916217
0.58775485 	 0.6599372
0.5612084 	 0.6183979
0.5531502 	 0.5383771
0.6257468 	 0.538915
0.66081214 	 0.57748216
0.6391828 	 0.57564574
0.6389912 	 0.6054724
0.6283652 	 0.6119954
0.59669214 	 0.5967939
0.61257696 	 0.62073165
0.6043584 	 0.64610213
0.61748177 	 0.5722553
0.57692516 	 0.62241226
0.55924153 	 0.6433032
0.6367801 	 0.5851645
0.6843224 	 0.53899246
0.6910462 	 0.54001087
0.6775608 	 0.5997112
0.6499002 	 0.51970756
0.63358057 	 0.58265716
0.58296865 	 0.5874855
0.57810783 	 0.55174315
0.5431518 	 0.6556672
0.50774086 	 0.6446817
0.5966679 	 0.6228922
0.59254164 	 0.65279394
0.5410199 	 0.62397313
0.5182502 	 0.63044155
0.62602496 	 0.53001225
0.64864004 	 0.61034495
0.6322079 	 0.55561155
0.64102125 	 0.5783519
0.6480808 	 0.6470989
0.577671 	 0.6258045
0.6304671 	 0.67214024
0.54686815 	 0.610819
0.5571806 	 0.6128197
0.5476944 	 0.58394676
0.5472218 	 0.58759576
0.55627245 	 0.6271285
0.5567279 	 0.52478975
0.6342556 	 0.65347487
0.6132015 	 0.6088142
0.6033167 	 0.63276327
0.6440306 	 0.62125385
0.5859778 	 0.583786
0.5993017 	 0.66300505
0.64257425 	 0.63339394
0.60284936 	 0.565767
0.62655526 	 0.5380308
0.6801903 	 0.60930926
0.6497812 	 0.56032664
0.67156863 	 0.59191436
0.5839944 	 0.62291896
0.55511314 	 0.6080934
0.5537354 	 0.51250845
0.5533585 	 0.5917313
0.5394211 	 0.5501331
0.5503993 	 0.6563895
0.6038898 	 0.63012165
0.61277544 	 0.60612345
0.6108041 	 0.5746891
0.58964086 	 0.59344274
0.61850125 	 0.56257266
0.65786296 	 0.63469696
0.6198545 	 0.66025645
0.6488639 	 0.5673995
0.6280404 	 0.54504573
0.5707744 	 0.56964743
0.5325034 	 0.5623582
0.6596255 	 0.592701
0.655374 	 0.58185893
0.6845205 	 0.61829877
0.6510123 	 0.637394
0.65807337 	 0.64738625
0.6442836 	 0.6369598
0.6175639 	 0.6678093
0.6535395 	 0.6686377
0.64135987 	 0.6310544
0.6523735 	 0.6452095
0.68931895 	 0.663654
0.6588347 	 0.6684383
0.49638495 	 0.5726229
0.48558342 	 0.59582007
0.47074243 	 0.6127849
0.4549216 	 0.6539367
0.4322461 	 0.6225068
0.42449212 	 0.59937096
0.4436633 	 0.49297777
0.41110572 	 0.6836455
0.41247728 	 0.58636916
0.43098316 	 0.5915492
0.43534788 	 0.626115
0.42870867 	 0.62880534
0.47109 	 0.6608516
0.46542114 	 0.65341485
0.5006955 	 0.5947216
0.49527088 	 0.65114695
0.52863204 	 0.60540783
0.56789476 	 0.6479506
0.5845904 	 0.5618266
0.5770227 	 0.58417356
0.55525416 	 0.70198435
0.5978314 	 0.56546414
0.6262814 	 0.6178478
0.65183 	 0.6641419
0.6653318 	 0.6256717
0.6579438 	 0.6464372
0.68105245 	 0.6531121
0.6896382 	 0.6409786
0.6680834 	 0.6738819
0.6872119 	 0.6614252
0.680236 	 0.6661605
0.68661135 	 0.6283536
0.69732475 	 0.6457489
0.69764984 	 0.6439407
0.7123415 	 0.65488577
0.67670715 	 0.60366625
0.7144345 	 0.6166499
0.7063581 	 0.60904473
0.67083955 	 0.6653611
0.66704845 	 0.6987674
0.6857512 	 0.62689537
0.65942466 	 0.6483036
0.6503935 	 0.6594327
0.6626376 	 0.5882428
0.6510352 	 0.62533283
0.66066545 	 0.6387201
0.65704143 	 0.6676894
0.6409468 	 0.64075196
0.6903164 	 0.6217503
0.6654135 	 0.5965737
0.67263925 	 0.66111016
0.6852093 	 0.6448026
0.6716473 	 0.65757376
0.69511175 	 0.64356107
0.6962031 	 0.6394153
0.67284065 	 0.6744795
0.7099202 	 0.62943375
0.6729631 	 0.58908707
0.68372965 	 0.662628
0.6775471 	 0.61395496
0.71545494 	 0.65410525
0.7071751 	 0.62828636
0.6910562 	 0.6432157
0.700777 	 0.60787857
0.70431775 	 0.5833272
0.6905664 	 0.6146671
0.6745466 	 0.686909
0.6762766 	 0.6232998
0.670264 	 0.6437645
0.6730388 	 0.68348336
0.6849332 	 0.6235496
0.693323 	 0.68195564
0.69187164 	 0.64180344
0.6845881 	 0.6326335
0.6750634 	 0.66510874
0.6878896 	 0.6222828
0.65933454 	 0.67059124
0.67729574 	 0.62758785
0.67983127 	 0.6400174
0.6449595 	 0.64603
0.64757097 	 0.62618995
0.632619 	 0.6558144
0.647393 	 0.64568913
0.64583737 	 0.6281516
0.6150697 	 0.6380117
0.6250806 	 0.67885715
0.6236769 	 0.68196774
0.63655305 	 0.6329659
0.61739284 	 0.64355105
0.6438766 	 0.6445527
0.63235 	 0.6219852
0.67544776 	 0.6536089
0.662562 	 0.6654186
0.6376732 	 0.6437047
0.67473644 	 0.673695
0.6632023 	 0.6616839
0.65481853 	 0.6542436
0.6440122 	 0.67248887
0.67272955 	 0.6232052
0.6822927 	 0.6102907
0.6438943 	 0.6723581
0.7049093 	 0.6918645
0.6694817 	 0.6639726
0.6935418 	 0.67104423
0.70181614 	 0.6851718
0.69860744 	 0.64294404
0.63835245 	 0.6615434
0.61516696 	 0.6864772
0.6371177 	 0.6760827
0.6095729 	 0.6853085
0.59931105 	 0.64928025
0.60197115 	 0.66520923
0.5797241 	 0.666894
0.56688315 	 0.61832386
0.5820311 	 0.6646212
0.6454147 	 0.6333889
0.67699426 	 0.64454657
0.6520092 	 0.66697955
0.6768673 	 0.66846496
0.6616508 	 0.66873145
0.64986926 	 0.663193
0.65724605 	 0.64595497
0.6687519 	 0.63502306
0.6535334 	 0.70928603
0.6386413 	 0.65147966
0.6525468 	 0.6055249
0.62905395 	 0.6204075
0.6583772 	 0.64712733
0.64896905 	 0.6683295
0.6751472 	 0.6524138
0.6600719 	 0.6361926
0.63616514 	 0.6737449
0.61073303 	 0.65561944
0.6425149 	 0.66069824
0.70580137 	 0.68173754
0.6896584 	 0.7013426
0.65990424 	 0.6573584
0.68733466 	 0.653964
0.6061077 	 0.639275
0.6256253 	 0.630337
0.6134923 	 0.6734707
0.62224215 	 0.64007753
0.6306391 	 0.63509756
0.6466293 	 0.59704334
0.63608736 	 0.641649
0.63139373 	 0.62240094
0.6106334 	 0.6254127
0.5970693 	 0.63386184
0.60655135 	 0.6218069
0.60578156 	 0.63421625
0.63028663 	 0.6161971
0.6173578 	 0.6330507
0.6306645 	 0.6690294
0.6478651 	 0.63502645
0.63652986 	 0.64213824
0.6610213 	 0.69268584
0.64046955 	 0.6390292
0.62440413 	 0.65644693
0.6377206 	 0.6455087
0.62814516 	 0.6683783
0.6490676 	 0.65199137
0.65397614 	 0.6332043
0.6434499 	 0.6060016
0.68193984 	 0.6687866
0.6415571 	 0.64160216
0.6730327 	 0.62397265
0.65206456 	 0.66881835
0.6661251 	 0.68593097
0.63558316 	 0.6159904
0.6651744 	 0.64360815
0.65896386 	 0.6598281
0.6564334 	 0.6291641
0.68555635 	 0.67569774
0.7158875 	 0.64588547
0.6684409 	 0.6388952
0.6646554 	 0.68306386
0.6928002 	 0.68915963
0.6442668 	 0.664355
0.62563246 	 0.6587014
0.63439137 	 0.6657788
0.6414468 	 0.6396284
0.6470121 	 0.67713946
0.63607216 	 0.65383744
0.6385298 	 0.6770595
0.63219285 	 0.64562774
0.56916237 	 0.6520664
0.5842937 	 0.6648601
0.5551261 	 0.6580179
0.5551374 	 0.6477026
0.55625206 	 0.64390516
0.5966408 	 0.6551122
0.5746952 	 0.59052753
0.6002643 	 0.55876935
0.569583 	 0.6136205
0.56824833 	 0.61077213
0.604635 	 0.64950687
0.6249803 	 0.59898835
0.5902756 	 0.63891405
0.63225657 	 0.61174506
0.658061 	 0.5968199
0.6512953 	 0.6448115
0.66127276 	 0.66598296
0.65134126 	 0.64795834
0.6612125 	 0.65132254
0.65229064 	 0.6611508
0.65385604 	 0.650991
0.6679036 	 0.64315265
0.6681782 	 0.6502825
0.6521467 	 0.688484
0.6772021 	 0.66114473
0.66427046 	 0.657947
0.6468036 	 0.6391215
0.64439774 	 0.6573223
0.65459347 	 0.6427177
0.64108396 	 0.6775917
0.6585728 	 0.651831
0.66549677 	 0.6439968
0.67404723 	 0.65378577
Summary
0.41110572  -  0.7158875 ,  0.49297777  -  0.70928603
accuracy:  46.6
equal predictions:  0
TensorFlow version: 1.13.1
Found 939 images belonging to 1 classes.
argN = 3136
argN = 3136
0.53234357 	 0.5570339
0.55225104 	 0.53471094
0.5264523 	 0.60206157
0.49014091 	 0.6533611
0.48212418 	 0.61971915
0.48661122 	 0.57937336
0.5135061 	 0.60155433
0.5805881 	 0.6101257
0.5839599 	 0.5538258
0.6565777 	 0.59088916
0.68360144 	 0.63650346
0.6020899 	 0.64524674
0.56724024 	 0.639008
0.5211292 	 0.57714707
0.48733976 	 0.77617824
0.47581166 	 0.45651433
0.44543764 	 0.54754144
0.38902307 	 0.50694484
0.3703039 	 0.58309186
0.4164491 	 0.70929235
0.44737905 	 0.57857823
0.4795013 	 0.5271316
0.50007665 	 0.4657624
0.5205106 	 0.56186676
0.5624251 	 0.7203842
0.5429232 	 0.60473365
0.5283879 	 0.65290123
0.56490815 	 0.56920063
0.5887094 	 0.57878274
0.62369573 	 0.55049217
0.58306366 	 0.6020608
0.6022074 	 0.6270461
0.5711433 	 0.5645525
0.5605844 	 0.5419171
0.43983537 	 0.54334164
0.48260993 	 0.6729413
0.54216975 	 0.66436267
0.5235617 	 0.4901493
0.54619807 	 0.6311965
0.5670704 	 0.6025855
0.5248045 	 0.5528451
0.46037143 	 0.5001963
0.45259798 	 0.5358892
0.5252052 	 0.68608576
0.50333875 	 0.61165285
0.54191554 	 0.6401309
0.502466 	 0.6211351
0.5113235 	 0.5000171
0.51279724 	 0.7050366
0.5558654 	 0.65322065
0.5565355 	 0.5677386
0.5576832 	 0.5211626
0.5773877 	 0.6317424
0.5984823 	 0.5815512
0.58401096 	 0.5418575
0.60904276 	 0.5662473
0.62245804 	 0.5794018
0.5950931 	 0.52614
0.53653175 	 0.51785105
0.40759522 	 0.66637194
0.47054908 	 0.5312739
0.5370905 	 0.659359
0.5679553 	 0.52671117
0.5743147 	 0.54326755
0.57425946 	 0.62253803
0.58933073 	 0.55893236
0.6031851 	 0.55980873
0.5657329 	 0.6117633
0.5739916 	 0.5908459
0.57246536 	 0.6528122
0.57103443 	 0.57670504
0.42954403 	 0.56809074
0.59750205 	 0.5704189
0.59325165 	 0.6443673
0.5649083 	 0.52138054
0.4419125 	 0.61034954
0.447472 	 0.5164227
0.558245 	 0.5034033
0.49367064 	 0.6763699
0.5268812 	 0.6821929
0.54368305 	 0.5051239
0.5480365 	 0.602363
0.59919137 	 0.5487637
0.5858126 	 0.6158078
0.66147786 	 0.6472943
0.59203386 	 0.5945654
0.60197234 	 0.6321406
0.49815813 	 0.5241403
0.49917918 	 0.6166319
0.5117281 	 0.69654816
0.56651086 	 0.50392234
0.5980943 	 0.6992922
0.5946276 	 0.55284554
0.418541 	 0.44655195
0.3144526 	 0.5107905
0.2899767 	 0.48432547
0.26700976 	 0.46770954
0.2660317 	 0.5369122
0.45195246 	 0.68047
0.6180915 	 0.5543123
0.63729423 	 0.53562456
0.62466437 	 0.6429525
0.336076 	 0.49446565
0.32088873 	 0.56368595
0.31812692 	 0.44177824
0.2963976 	 0.61720884
0.28986767 	 0.49258712
0.2716629 	 0.34907773
0.2568417 	 0.52264756
0.2728268 	 0.5501036
0.3013797 	 0.5294448
0.31262192 	 0.747709
0.3237848 	 0.5945783
0.34377316 	 0.609635
0.35945007 	 0.65064424
0.37835845 	 0.5148017
0.40530828 	 0.4898292
0.42074662 	 0.6498885
0.43087044 	 0.64822763
0.4432933 	 0.5177732
0.491166 	 0.6682703
0.5191544 	 0.5634001
0.5958449 	 0.5568269
0.60479087 	 0.45093074
0.61134416 	 0.68082577
0.6142476 	 0.67978257
0.59665924 	 0.5747703
0.6221311 	 0.61371773
0.6051508 	 0.60614485
0.6283389 	 0.5922896
0.6291141 	 0.6602657
0.60565203 	 0.63526833
0.62690943 	 0.6255556
0.6434112 	 0.6250225
0.63296664 	 0.53706515
0.6389233 	 0.52618796
0.61855 	 0.67670035
0.62291443 	 0.50970197
0.61901206 	 0.7370275
0.6184451 	 0.5953592
0.6064454 	 0.62190384
0.6160378 	 0.63200647
0.6380415 	 0.5520946
0.6002427 	 0.5686341
0.61044174 	 0.5822963
0.6232323 	 0.66185296
0.6077889 	 0.59948754
0.6058764 	 0.6221253
0.595472 	 0.5813995
0.6305714 	 0.65712565
0.631607 	 0.63121843
0.64193594 	 0.60078776
0.67209727 	 0.64181274
0.65890497 	 0.64243215
0.6921661 	 0.59735096
0.68598443 	 0.57078695
0.6878234 	 0.61987615
0.6486162 	 0.5558336
0.6426842 	 0.6125128
0.640857 	 0.64839923
0.6445886 	 0.5805618
0.6356403 	 0.62771213
0.62876374 	 0.6324154
0.6065561 	 0.59143084
0.61239034 	 0.70031965
0.5834866 	 0.64876556
0.6074377 	 0.6298826
0.6185322 	 0.67378575
0.60904455 	 0.6065476
0.6370795 	 0.58089256
0.6250022 	 0.6075183
0.6001215 	 0.6585203
0.6155063 	 0.5835295
0.5955469 	 0.61263293
0.5915211 	 0.5627652
0.5958343 	 0.6459629
0.6191913 	 0.6835273
0.59699637 	 0.67214817
0.64023966 	 0.5952188
0.645299 	 0.64757484
0.6008606 	 0.65449417
0.6158329 	 0.5885594
0.60477537 	 0.6724548
0.6158197 	 0.6406952
0.6341186 	 0.6797543
0.61806035 	 0.59015656
0.59151745 	 0.6024702
0.6496486 	 0.67015463
0.6110686 	 0.5905936
0.6118847 	 0.6068824
0.62266123 	 0.63097274
0.60309947 	 0.63451415
0.64428544 	 0.6452999
0.6614993 	 0.6539451
0.67134935 	 0.6492367
0.6354732 	 0.6484764
0.65581316 	 0.6629168
0.6644241 	 0.67456067
0.6244004 	 0.6504412
0.6472025 	 0.64544064
0.6503718 	 0.65412194
0.66751903 	 0.61661005
0.5432909 	 0.5872007
0.55248696 	 0.6480572
0.55860865 	 0.70387906
0.56095797 	 0.5904763
0.5872759 	 0.57486856
0.6065789 	 0.64201057
0.60280377 	 0.61145544
0.6327902 	 0.6204809
0.60573024 	 0.63368523
0.6223702 	 0.6197351
0.5930799 	 0.594719
0.60559446 	 0.5889431
0.59434783 	 0.6817721
0.63994664 	 0.60174686
0.61384946 	 0.59618413
0.5984169 	 0.649631
0.6083951 	 0.6475227
0.6307961 	 0.677538
0.59862155 	 0.66156375
0.6237173 	 0.5814705
0.60999405 	 0.58496547
0.63279253 	 0.60934377
0.6260484 	 0.63363844
0.6110844 	 0.64823663
0.59163225 	 0.59688103
0.6500155 	 0.6693128
0.6154254 	 0.67415494
0.6140421 	 0.57568365
0.6438121 	 0.6630769
0.6299412 	 0.69468904
0.5989945 	 0.6015356
0.6453993 	 0.6754288
0.6000284 	 0.6405529
0.6178905 	 0.6709918
0.5883647 	 0.73856825
0.60353994 	 0.59311724
0.59495497 	 0.6641491
0.6050696 	 0.60932577
0.6085239 	 0.681581
0.5763362 	 0.53426933
0.5581217 	 0.54702514
0.59440553 	 0.65057695
0.58677316 	 0.58022165
0.5774053 	 0.70097125
0.5887415 	 0.62782484
0.5605589 	 0.7077305
0.571304 	 0.6799096
0.5603597 	 0.5863293
0.5589004 	 0.6604853
0.56519526 	 0.58443147
0.6129134 	 0.65186435
0.58791614 	 0.6303192
0.5986232 	 0.70212305
0.58127284 	 0.6792007
0.58259094 	 0.6171462
0.5663397 	 0.6357468
0.5836207 	 0.6053244
0.5792471 	 0.6198705
0.56635416 	 0.638602
0.58745354 	 0.63754386
0.57921946 	 0.6004398
0.61440617 	 0.6672806
0.58737373 	 0.6541138
0.5762834 	 0.60428005
0.5953032 	 0.67947656
0.5443929 	 0.5679548
0.59112465 	 0.66458136
0.5638379 	 0.64211607
0.57052034 	 0.67018735
0.5763071 	 0.58814967
0.5402624 	 0.61928064
0.5343671 	 0.5929809
0.5457558 	 0.6025867
0.5175765 	 0.6384362
0.5213995 	 0.6319493
0.50552285 	 0.6253241
0.49501327 	 0.68102217
0.49986616 	 0.6407296
0.49859333 	 0.64858556
0.52225125 	 0.63113475
0.47854123 	 0.6106485
0.4455739 	 0.6574557
0.44880253 	 0.6149158
0.4258925 	 0.65501237
0.43696764 	 0.55860174
0.4317268 	 0.5962693
0.4533353 	 0.5875853
0.4645364 	 0.55752146
0.49339512 	 0.59369224
0.4999095 	 0.73473674
0.52794206 	 0.5399166
0.5592476 	 0.6327161
0.5736944 	 0.60064155
0.5667524 	 0.6667271
0.5948571 	 0.6510919
0.5932193 	 0.6110408
0.5974049 	 0.6679962
0.6023167 	 0.5157466
0.6112278 	 0.6883855
0.5889276 	 0.64973205
0.5900643 	 0.61651486
0.57417923 	 0.6025598
0.58707136 	 0.6015144
0.57761 	 0.6429609
0.5858582 	 0.59382486
0.60786885 	 0.60189897
0.6172817 	 0.6328178
0.5654005 	 0.6604685
0.6051759 	 0.633692
0.5734354 	 0.6056385
0.588994 	 0.5958962
Summary
0.2568417  -  0.6921661 ,  0.34907773  -  0.77617824
accuracy:  70.9
equal predictions:  0
