TensorFlow version: 1.13.1
Found 939 images belonging to 1 classes.
argN = 3136
argN = 3136
0.52586925 	 1.940242
0.5357542 	 2.2197766
0.5617095 	 2.2968905
0.66095895 	 1.5877771
0.37513077 	 1.6224313
0.10009261 	 1.624977
0.061815802 	 1.6375355
0.04945591 	 1.4521033
0.08652244 	 1.453572
0.22461827 	 1.1585485
0.20945358 	 1.4528171
0.21490556 	 1.378697
0.36312655 	 1.5457046
0.5752263 	 1.3407928
0.5811653 	 1.2290238
0.702628 	 1.1195623
0.3340904 	 1.1233449
0.21456644 	 1.5701519
0.07221229 	 2.046938
0.08871264 	 2.4489496
0.08035554 	 2.709689
0.0869449 	 2.0991979
0.25207528 	 1.996886
0.9290303 	 1.6240267
1.0459987 	 1.7386643
1.2501072 	 1.5600189
1.1170716 	 2.1246393
1.1543064 	 1.413555
0.99592614 	 1.7303282
0.9070505 	 1.7554739
0.7980742 	 1.6353866
0.6399176 	 1.565596
0.6534992 	 1.8820405
0.6975524 	 1.396509
0.26228955 	 1.9347613
0.30864775 	 1.3953995
0.17344266 	 1.6333783
0.1711207 	 1.7699498
0.055945054 	 1.9693463
0.059198305 	 2.1643004
0.04432819 	 1.8537836
0.03991737 	 2.7972865
0.040497784 	 2.0254064
0.034873072 	 2.4476552
0.17204456 	 1.6249812
0.18416463 	 1.7817485
0.2756596 	 1.4318529
0.3297826 	 1.2407318
0.23674494 	 1.2469037
0.2191096 	 1.471407
0.14652526 	 1.5737143
0.11779597 	 1.6025941
0.05468296 	 2.1630528
0.074440494 	 1.9793124
0.058455516 	 2.1984062
0.03282416 	 1.5787443
0.33340234 	 1.6683409
0.30588105 	 1.8312374
0.28403434 	 1.5882134
0.2588456 	 1.6860225
0.1738186 	 1.642896
0.15856345 	 1.2687142
0.22552437 	 1.6053472
0.22449218 	 1.5263023
0.17249435 	 2.155711
0.14500998 	 2.1750617
0.07507844 	 1.4308845
0.058045164 	 1.9308314
0.11241707 	 2.1391563
0.33020413 	 1.069569
0.15552737 	 1.277098
0.13930029 	 1.9814976
0.15553343 	 1.7658768
0.24440703 	 1.3587644
0.24669622 	 1.4664402
0.29465392 	 1.2526999
0.37983194 	 1.0858337
0.37481007 	 1.1706182
0.057319324 	 2.001034
0.07210082 	 2.1113129
0.041712698 	 2.0792992
0.025694067 	 2.5982106
0.025802135 	 2.1476362
0.053707633 	 2.1305745
0.06920121 	 1.7299376
0.12058079 	 1.5526335
0.14605804 	 1.6742718
0.1672042 	 1.4115468
0.035406724 	 2.1490667
0.3631005 	 0.8744574
0.38114142 	 1.0307711
0.37349123 	 0.85533386
0.3725601 	 0.7346696
0.41586334 	 0.67699707
0.36151052 	 0.9047368
0.38540637 	 0.7806823
0.36665595 	 0.65619564
0.35922 	 0.74065024
0.37719494 	 0.6870315
0.36290428 	 0.86654913
0.3527235 	 0.9314722
0.35321164 	 0.769528
0.33184007 	 0.7783157
0.28692824 	 0.91473126
0.2673782 	 0.90748155
0.20564985 	 0.9096402
0.17271918 	 0.78091735
0.12537858 	 2.1220672
0.09539355 	 0.7890571
0.07359538 	 1.0335857
0.07484684 	 0.5516471
0.06534992 	 1.1374395
0.074301936 	 0.9629653
0.0678426 	 0.8484663
0.062481146 	 0.99273866
0.0746273 	 0.7346132
0.068475336 	 1.8326697
0.060851492 	 1.6326303
0.06481099 	 1.1629084
0.057737526 	 0.8725063
0.061674926 	 1.1162453
0.06800094 	 1.3306206
0.06944888 	 0.7868662
0.067455225 	 0.8068922
0.06333164 	 1.3838091
0.063417375 	 1.047254
0.048926607 	 0.66970515
0.046467207 	 1.0199491
0.039012916 	 1.2198539
0.042166695 	 1.8663961
0.042549685 	 1.1985458
0.050796516 	 1.3961042
0.05142093 	 0.9321579
0.04192152 	 0.884181
0.038860526 	 1.157551
0.029887935 	 1.7637316
0.036018573 	 0.7482495
0.033973787 	 1.4113075
0.03135709 	 1.3089551
0.025429051 	 1.0840138
0.02896158 	 0.9556538
0.034367036 	 0.8130699
0.032629605 	 1.0846087
0.036239374 	 1.5380105
0.0295986 	 1.1071748
0.030422678 	 1.0640322
0.0239853 	 0.7907284
0.02847306 	 0.76839745
0.02432566 	 1.6077065
0.029741598 	 0.96244836
0.022972418 	 1.0860769
0.023149792 	 1.8772049
0.027320486 	 1.0024042
0.03640805 	 0.613979
0.03775553 	 0.5134801
0.047152404 	 0.7232049
0.04399447 	 0.65372604
0.04770228 	 1.3138832
0.053025223 	 0.69261456
0.048734274 	 1.1066531
0.048941378 	 0.93791777
0.04368714 	 1.4686401
0.04912943 	 1.3030518
0.05605146 	 0.5282017
0.052147273 	 1.0517834
0.05079683 	 1.1861501
0.055378977 	 0.8501223
0.0500887 	 1.1554965
0.056215633 	 0.79707587
0.060204513 	 1.2278962
0.05964222 	 0.6723518
0.04641944 	 1.0886785
0.053510293 	 0.8959125
0.063289985 	 1.5330079
0.06896828 	 0.6137312
0.06976871 	 0.66614705
0.07941946 	 1.090746
0.111847915 	 0.90417105
0.12383062 	 0.9770392
0.13302696 	 1.2407594
0.16222121 	 0.9912922
0.16254093 	 1.1173275
0.18354549 	 0.8975009
0.17520116 	 0.67718685
0.1783037 	 1.3514891
0.16247648 	 1.1626011
0.14199115 	 1.4136089
0.1384161 	 0.7255207
0.11181866 	 0.7710696
0.07134922 	 1.1555424
0.06486053 	 1.7952352
0.035557907 	 1.1981881
0.036994535 	 1.1224867
0.031882897 	 0.537212
0.4100816 	 1.1706275
0.4118783 	 0.99732196
0.3454692 	 1.1787163
0.23242174 	 1.1076035
0.24600099 	 1.1241606
0.24461262 	 1.1785067
0.25413686 	 1.3374025
0.26589003 	 1.0528831
0.28101867 	 1.2449411
0.2823089 	 1.3640025
0.3000471 	 1.2787837
0.28910986 	 1.4377937
0.27362618 	 1.2982553
0.26049733 	 1.2573646
0.26825938 	 1.3388878
0.2791252 	 1.0546583
0.26363266 	 1.3686862
0.2681222 	 1.3666184
0.27026674 	 1.2616235
0.25427857 	 1.314439
0.25597236 	 1.1933926
0.24752153 	 1.5110933
0.24099216 	 1.5497185
0.2590321 	 1.4051138
0.24601418 	 1.3655056
0.2549838 	 1.3914298
0.26639265 	 1.4512918
0.2718658 	 1.3119727
0.39848936 	 1.0626603
0.3503315 	 1.1350312
0.29756144 	 1.3333606
0.30558157 	 1.3832613
0.29325375 	 1.4211226
0.2646517 	 1.1110758
0.2673157 	 1.4989038
0.28010404 	 1.2513816
0.2740767 	 1.4472579
0.26330677 	 1.3253168
0.25998238 	 1.5386204
0.26495564 	 1.2997981
0.23002318 	 1.5184325
0.2490421 	 1.3195447
0.22950867 	 1.1697658
0.21792175 	 1.387228
0.21049477 	 1.4796615
0.21963415 	 1.0106038
0.22765915 	 1.3272439
0.18800266 	 1.6022526
0.17271833 	 1.4257469
0.19706385 	 0.90090847
0.18520851 	 1.6591204
0.18816538 	 1.624452
0.17838456 	 1.6689035
0.1782136 	 2.0036747
0.17706962 	 1.7789978
0.18125048 	 1.4666593
0.17593512 	 1.1650726
0.21206355 	 1.5908451
0.22709209 	 1.2096685
0.23790093 	 1.2755466
0.25092113 	 1.3265913
0.23456213 	 1.3912151
0.23586257 	 1.2699149
0.26641193 	 1.2490773
0.30883312 	 1.2401592
0.385678 	 0.9680028
0.32990614 	 1.1382844
0.2992686 	 1.1680847
0.26830402 	 1.1740292
0.26160973 	 0.933261
0.23277561 	 1.0196058
0.20865658 	 1.4519533
0.18488269 	 1.508656
0.17407572 	 1.0390264
0.17256433 	 1.3216875
0.1824067 	 1.6082071
0.16949299 	 1.4989651
0.1607654 	 1.1945163
0.16644797 	 1.1987642
0.15787485 	 1.2686704
0.17495035 	 1.3357501
0.19165365 	 1.6758329
0.19126871 	 1.3411407
0.19607787 	 0.93901074
0.25044903 	 0.9314472
0.3147383 	 1.3588853
0.355046 	 1.2737741
0.38889757 	 1.1913389
0.38756636 	 1.1482213
0.4098357 	 0.9193611
0.4349325 	 0.7431509
0.4438885 	 0.76114804
0.51124895 	 0.65582913
0.53354543 	 0.582255
0.543913 	 0.60085386
0.5461858 	 0.61378384
0.54049706 	 0.6566193
0.5233625 	 0.5999975
0.42574003 	 0.6984015
0.3062955 	 0.96268135
0.306256 	 0.99900514
0.27572194 	 0.9813854
0.2251278 	 1.5029709
0.2017901 	 1.5565072
0.19228645 	 1.0098153
0.19115794 	 1.2913665
0.18068913 	 1.409705
0.21127065 	 1.3867744
0.19545738 	 1.3782587
0.21217144 	 1.2023015
0.21343665 	 1.5046297
0.2090507 	 1.5631832
0.21076334 	 1.5400707
0.21318552 	 1.297692
0.20589676 	 1.6098866
0.20062423 	 1.466559
0.15237553 	 1.121575
0.16933067 	 1.7466891
0.16154788 	 1.2888869
Summary
0.022972418  -  1.2501072 ,  0.5134801  -  2.7972865
accuracy:  100.0
equal predictions:  0
TensorFlow version: 1.13.1
Found 939 images belonging to 1 classes.
argN = 3136
argN = 3136
0.44882065 	 1.8315642
0.2512226 	 1.627372
0.63475966 	 1.5066633
0.48390925 	 1.5811582
0.33609134 	 1.357073
0.3012109 	 1.814285
0.16599019 	 1.8935337
0.076678954 	 1.5852239
0.06315982 	 2.0190885
0.037133094 	 1.9665406
0.03578571 	 1.8426052
0.024694482 	 2.3061037
0.047265004 	 2.0359764
0.030728357 	 1.7678996
0.36676568 	 1.0152009
0.15210998 	 1.6360989
0.24288978 	 1.3909396
0.47087196 	 1.5164067
0.44252858 	 1.3780432
0.42808923 	 1.4535854
0.40230462 	 1.6826842
0.3672288 	 1.3428003
0.1269996 	 1.8380513
0.092958994 	 1.386712
0.0629655 	 2.2917216
0.04497782 	 1.8054653
0.036923595 	 2.3696046
0.043296807 	 1.7696059
0.030663146 	 2.262256
0.03990062 	 1.6206292
0.048222363 	 2.0957158
0.0860511 	 1.8545076
0.2747129 	 1.8717422
0.42125514 	 1.8083086
0.6201904 	 1.5131663
0.703866 	 1.8582566
0.7280633 	 1.7901415
0.8240703 	 1.771757
0.540434 	 2.2950118
0.45535722 	 2.1289685
0.4736337 	 1.8397686
0.550691 	 1.8993576
0.063055195 	 1.6482654
0.10292066 	 1.8508912
0.14578506 	 1.9066225
0.13018525 	 2.0417109
0.025331356 	 2.3592741
0.028132696 	 2.0274384
0.029159842 	 2.1166546
0.019546766 	 2.2975752
0.016694669 	 2.1119442
0.2527418 	 1.2858852
0.124805644 	 1.5729907
0.10503767 	 1.5555683
0.116355434 	 1.5277022
0.13417771 	 1.9721504
0.19183272 	 1.3718532
0.18011552 	 1.4154149
0.15979895 	 1.977159
0.11140953 	 1.7085627
0.03591378 	 2.2606428
0.009241535 	 1.4890249
0.009468297 	 1.8249022
0.037332114 	 2.1335232
0.21101357 	 1.7585238
0.17428906 	 1.9119666
0.1505795 	 1.8183141
0.13594458 	 1.3653665
0.1507501 	 1.9685551
0.12617591 	 2.0399275
0.11566057 	 2.0068064
0.08868053 	 1.8027021
0.055949464 	 1.1345603
0.06317138 	 1.6891818
0.08146733 	 2.0787885
0.08548162 	 1.8976306
0.12302295 	 1.5476509
0.11627703 	 1.5257787
0.14374939 	 1.9859321
0.12423533 	 1.7929922
0.12072242 	 2.4838355
0.13459046 	 2.1502032
0.0408982 	 2.004673
0.03144123 	 2.101398
0.12898542 	 1.4982716
0.025522966 	 1.6168298
0.266629 	 1.3636943
0.1163932 	 1.7554622
0.14804168 	 1.5251596
0.1597465 	 1.4308292
0.19803119 	 1.4510306
0.19282739 	 1.4461534
0.16543698 	 1.69558
0.051411267 	 1.6497061
0.026437633 	 1.4572674
0.018553972 	 2.050147
0.016434511 	 2.2282107
0.01376958 	 1.8027867
0.027694276 	 2.0573761
0.103929535 	 1.81802
0.10011758 	 1.2591628
0.18207313 	 0.7031479
0.19177914 	 0.6816541
0.1954629 	 0.6117448
0.17365302 	 0.93051493
0.18513298 	 0.633856
0.20139028 	 0.74206173
0.18388514 	 1.4185637
0.20228885 	 1.0433744
0.20471857 	 0.8940014
0.21399426 	 0.923569
0.20509256 	 1.0301079
0.1920272 	 0.6269142
0.18734634 	 0.6342792
0.19368985 	 0.7419389
0.20299602 	 0.8816209
0.14711548 	 0.64045656
0.170051 	 0.83621126
0.16895697 	 1.1085306
0.170202 	 1.3657326
0.16761023 	 0.8482227
0.14527641 	 0.65769523
0.1488831 	 0.8040764
0.12324434 	 1.5255597
0.101299986 	 0.9442288
0.08850612 	 0.7795721
0.08521553 	 0.5844614
0.04736487 	 0.5951045
0.050312318 	 1.1010314
0.038586922 	 0.43034363
0.039554235 	 1.1180044
0.035669576 	 1.2103739
0.044257414 	 0.9610779
0.038172502 	 1.2734998
0.040185317 	 0.88623625
0.04244327 	 0.6648738
0.038766902 	 1.1605954
0.02873324 	 0.5971625
0.03115206 	 1.1075295
0.023104347 	 1.0781674
0.019176008 	 0.7728884
0.024092147 	 0.82163996
0.022090469 	 0.90335834
0.021878555 	 0.65875775
0.019073088 	 0.6962731
0.017666567 	 0.49651614
0.01947377 	 0.7334522
0.019035727 	 0.8471427
0.019572416 	 0.8644009
0.018174114 	 1.1725509
0.015273752 	 0.64585036
0.013033378 	 1.1476324
0.0136157945 	 0.7950148
0.018129805 	 0.65435183
0.016159944 	 0.94545805
0.011139456 	 1.2912544
0.012895344 	 1.0830528
0.015350134 	 0.59662545
0.013454361 	 1.069303
0.012897034 	 0.9079744
0.013914565 	 0.67286915
0.013195106 	 0.84302723
0.016374951 	 0.93242985
0.0155319115 	 0.907734
0.024255551 	 1.082365
0.025446232 	 0.93185925
0.02912695 	 1.0921375
0.026275218 	 1.3932257
0.027372861 	 2.3521223
0.032724198 	 1.2197326
0.034404974 	 0.6327047
0.029466854 	 0.6557485
0.039082084 	 0.64364964
0.03243318 	 1.1226739
0.033202723 	 0.6439698
0.026441673 	 1.8516884
0.029638875 	 0.9014198
0.04500706 	 1.5606823
0.05098529 	 1.0984316
0.05491793 	 0.5700619
0.058991153 	 0.5629185
0.09860004 	 0.66292995
0.095265046 	 1.2007569
0.10367204 	 0.75854385
0.10201042 	 1.2657205
0.099832356 	 1.0461643
0.10281318 	 0.91245884
0.1092304 	 0.8242218
0.08517529 	 1.0767776
0.07875146 	 0.92981267
0.09265573 	 0.98055416
0.05614899 	 1.5427252
0.035260998 	 1.0424159
0.031441845 	 0.7675961
0.01869528 	 0.6237876
0.019423813 	 0.6264668
0.30324128 	 1.0518464
0.30302837 	 0.7782042
0.30655366 	 1.4455909
0.24123491 	 1.2984368
0.22376168 	 1.0808743
0.15181898 	 1.2568557
0.17308238 	 1.4177761
0.15501681 	 0.67162514
0.19789888 	 1.485325
0.20797981 	 1.0956948
0.2106465 	 1.374524
0.20954001 	 1.0179946
0.20756857 	 1.4052382
0.20332699 	 1.4730033
0.17740777 	 1.2569581
0.16961086 	 1.1635048
0.17963398 	 1.426428
0.1877515 	 1.0263258
0.17069754 	 1.8650903
0.20452365 	 1.4105526
0.1922277 	 1.5040325
0.1901115 	 1.368649
0.20434369 	 1.2236207
0.20186383 	 0.99575025
0.22964852 	 1.307496
0.2294621 	 1.4451566
0.28848752 	 1.2462336
0.27156577 	 1.3260857
0.24125303 	 1.476754
0.25588936 	 1.5331242
0.21206518 	 1.5241802
0.18810517 	 1.003757
0.18138504 	 1.5408496
0.21985772 	 1.5342817
0.1904397 	 1.3517206
0.17489754 	 1.4962353
0.16251315 	 1.2893332
0.17498188 	 1.6976612
0.17628036 	 1.8331116
0.1822994 	 0.9359106
0.23009077 	 0.7827388
0.27750468 	 1.2025934
0.28255603 	 1.3043585
0.24510175 	 1.3464407
0.18435161 	 2.3610153
0.20472062 	 1.2909479
0.19344002 	 1.069499
0.15344363 	 1.5712265
0.16542101 	 1.2234379
0.16089876 	 1.1091363
0.14102401 	 0.8963255
0.1412488 	 1.4351164
0.13727339 	 1.8058378
0.13049936 	 1.0922719
0.10925241 	 1.7546014
0.09436004 	 1.6882614
0.10530525 	 0.7372408
0.110449135 	 1.7857007
0.1028643 	 1.5830803
0.1233148 	 1.2673281
0.1281958 	 1.4777658
0.12960345 	 1.1932101
0.14874408 	 1.33497
0.1564216 	 0.9230316
0.16597359 	 0.89006954
0.17048858 	 0.79078686
0.1787685 	 1.618139
0.21539833 	 1.3562621
0.30877194 	 1.3199885
0.2797502 	 1.1809101
0.27762678 	 1.2311869
0.15692382 	 1.5814792
0.13089938 	 1.4122478
0.11870016 	 1.3519864
0.12538548 	 1.0681721
0.12005778 	 1.2703176
0.110800125 	 1.4962137
0.11545062 	 1.4889593
0.16107358 	 1.2881746
0.16450866 	 1.9383152
0.16689087 	 1.1371918
0.19125493 	 0.76759535
0.20032887 	 1.4233557
0.19720504 	 1.3047605
0.20081817 	 1.4256209
0.2440468 	 0.66217184
0.22622538 	 1.2295893
0.27874243 	 1.3365642
0.31980082 	 1.1668566
0.3524757 	 0.8027103
0.37553763 	 0.82854295
0.39352834 	 0.83787423
0.4001785 	 0.80513686
0.43267182 	 0.74358577
0.44976982 	 0.7840286
0.47250357 	 0.7785847
0.3278395 	 0.75631285
0.32152572 	 0.7899878
0.1950057 	 1.310642
0.1806058 	 1.591241
0.13762017 	 1.4168141
0.13312739 	 1.1648053
0.12002223 	 0.9146871
0.12030722 	 1.2058707
0.122403465 	 1.8451412
0.14160371 	 1.1849442
0.13066739 	 1.313967
0.13825682 	 1.5084174
0.13535683 	 1.0998827
0.123705685 	 1.3027985
0.14978428 	 1.7060416
0.15687153 	 1.5321524
0.14692181 	 1.4456465
0.15520857 	 1.494955
0.1317505 	 1.2425971
0.11857835 	 1.5173768
0.12250344 	 1.2025496
Summary
0.009241535  -  0.8240703 ,  0.43034363  -  2.4838355
accuracy:  100.0
equal predictions:  0
TensorFlow version: 1.13.1
Found 939 images belonging to 1 classes.
argN = 3136
argN = 3136
0.34549093 	 2.3127232
0.32772103 	 1.9781793
0.5014462 	 2.1097403
0.11659806 	 1.7359129
0.054761466 	 2.308104
0.024177998 	 1.5526412
0.021326259 	 2.363835
0.0206626 	 1.8116893
0.016494561 	 1.7386073
0.12187559 	 1.3556252
0.25621554 	 1.1804041
0.21991818 	 1.3624951
0.12677033 	 1.4762363
0.16519009 	 1.9486645
0.25774962 	 1.844264
0.28147855 	 1.7357283
0.33917445 	 1.7751237
0.255671 	 1.3691427
0.38605613 	 1.6377859
0.06999549 	 1.6834214
0.04085809 	 1.4793464
0.042804718 	 2.5266087
0.034559276 	 1.6410906
0.04121642 	 1.9637989
0.045213457 	 1.1247218
0.057961788 	 2.0429597
0.105139695 	 1.9798436
0.5188581 	 1.9566054
0.747609 	 1.3839632
0.74234116 	 2.1529431
0.676865 	 1.8221102
0.5724789 	 2.2876723
0.36836395 	 2.2352164
0.3506368 	 1.3533903
0.3563705 	 1.9049014
0.3704155 	 1.7672682
0.44302565 	 1.9635117
0.5077162 	 1.5460505
0.043428145 	 2.337852
0.118767686 	 1.7565761
0.13247657 	 1.5599198
0.12420766 	 2.1641378
0.11790266 	 2.059821
0.094715975 	 2.0565696
0.032061305 	 1.6591004
0.03066929 	 2.3239353
0.026906239 	 1.8127095
0.020137185 	 1.585232
0.14273179 	 1.4424192
0.11858036 	 1.8806465
0.09899744 	 1.753216
0.116720565 	 1.7042745
0.10856379 	 1.4253833
0.11590463 	 1.8064654
0.12050568 	 1.663896
0.12164407 	 1.6212195
0.10576998 	 1.4223872
0.07886729 	 1.4654566
0.1274727 	 2.3047068
0.10835266 	 1.6450926
0.025249623 	 2.1269407
0.029532295 	 1.687422
0.02074268 	 1.5496671
0.01753602 	 1.5623978
0.020256395 	 2.331129
0.012969552 	 1.5573827
0.010727701 	 2.3955455
0.011629169 	 1.4270419
0.0158774 	 2.2326143
0.016447175 	 2.272588
0.024143253 	 1.8249646
0.050631475 	 1.604327
0.0691206 	 1.7766538
0.10604053 	 1.8389653
0.08654583 	 2.5407014
0.068404935 	 1.7415147
0.039165698 	 2.1340077
0.09719745 	 1.7393489
0.121467926 	 1.5354751
0.11713749 	 1.2240789
0.109356865 	 1.6422561
0.091988765 	 1.8943144
0.06879096 	 2.0100107
0.025419148 	 1.702592
0.15554841 	 1.4661864
0.14397845 	 1.4616714
0.035962593 	 1.6106908
0.19788486 	 1.2535368
0.21942525 	 1.4068949
0.24125114 	 1.2495152
0.21368061 	 1.0524688
0.07214713 	 2.1851003
0.09423972 	 1.5812914
0.05931189 	 1.8619425
0.052541263 	 2.0111961
0.03075491 	 2.2229974
0.011528711 	 2.071821
0.010069352 	 1.6778307
0.024520377 	 1.9278034
0.03983487 	 2.0876281
0.108523324 	 0.7512502
0.10868611 	 1.1714889
0.109236784 	 0.658717
0.103812285 	 0.9747673
0.101584114 	 0.58317155
0.1012151 	 0.7825641
0.11527543 	 1.1871705
0.10656084 	 0.9746004
0.12155535 	 0.81073624
0.10505462 	 0.92855
0.08546545 	 1.1777915
0.06668609 	 0.4449258
0.07043374 	 1.1381867
0.062196754 	 1.032273
0.065911226 	 1.3339363
0.060380194 	 0.9334336
0.062120385 	 0.62505674
0.052316017 	 0.75713617
0.04361398 	 0.8369382
0.030275282 	 1.0031911
0.024834767 	 0.8793782
0.027779702 	 0.8813473
0.030509813 	 1.1905109
0.026150271 	 2.289135
0.027478967 	 1.1051309
0.024282666 	 1.5539771
0.02500813 	 0.72332853
0.018147469 	 1.2799995
0.02622749 	 0.7224513
0.02214836 	 0.7227251
0.027137348 	 0.92573386
0.030354783 	 0.8839255
0.028761704 	 0.833252
0.025298832 	 0.5741405
0.017389478 	 2.4928572
0.0176187 	 0.5152103
0.015623448 	 0.77016574
0.020030214 	 1.2222615
0.01667285 	 2.122343
0.015959945 	 1.6785253
0.015323623 	 0.96845984
0.017818246 	 1.3130233
0.018304987 	 0.8253895
0.019572355 	 0.64136505
0.015527553 	 0.69609493
0.01824659 	 0.63879573
0.011353868 	 0.6827731
0.01520482 	 0.84342116
0.014765375 	 0.7501042
0.011524068 	 1.4204714
0.0108198235 	 0.7972682
0.010254268 	 1.2587948
0.011942546 	 1.1747749
0.012150192 	 0.90192294
0.009610974 	 1.0094492
0.012297717 	 0.94469625
0.013290658 	 1.3252823
0.011048992 	 0.78641605
0.014094571 	 0.4906677
0.011380575 	 0.613581
0.013923933 	 0.8965236
0.012127024 	 1.036612
0.013193717 	 0.70442927
0.009564877 	 0.9089962
0.016024143 	 0.85378647
0.015026187 	 0.48959672
0.017144784 	 0.9193484
0.016811648 	 0.58511686
0.012578831 	 0.6252608
0.013692956 	 0.5735774
0.017602323 	 1.052909
0.016133897 	 1.1123164
0.021747945 	 0.5036533
0.021690564 	 0.6496187
0.031803768 	 0.6613638
0.039705735 	 0.8879472
0.037476845 	 1.0610197
0.057277918 	 1.4880229
0.051445406 	 1.2068497
0.071923316 	 0.43582526
0.06806302 	 0.740658
0.080349274 	 0.8579924
0.078881085 	 1.1365999
0.07410947 	 1.0999447
0.079541944 	 1.1646575
0.08186218 	 0.54137665
0.08518431 	 0.76686007
0.08182647 	 0.9364227
0.07723391 	 0.81951255
0.07067558 	 1.2417107
0.063300274 	 0.6144077
0.056908555 	 0.6976465
0.052635625 	 1.1454248
0.046405394 	 0.9178865
0.03909956 	 0.602906
0.037728358 	 0.9882062
0.029217776 	 1.0422307
0.020320019 	 0.9180304
0.022004552 	 1.2296907
0.02314296 	 1.1542113
0.33064654 	 0.91561836
0.33547962 	 1.0385977
0.3029677 	 1.0148649
0.30675623 	 0.8873028
0.27676013 	 1.3148645
0.23809285 	 1.5096273
0.23761727 	 1.1282992
0.23968776 	 1.245272
0.18886384 	 1.4119285
0.18089473 	 1.1621058
0.18069063 	 0.80733746
0.15337603 	 1.5444641
0.14658938 	 1.0327723
0.16591828 	 1.5182312
0.1751283 	 0.98386174
0.19137971 	 1.1646435
0.1944147 	 1.2096509
0.1518352 	 1.1081202
0.16753806 	 1.4608046
0.17148884 	 1.021221
0.16287687 	 1.2162685
0.16898851 	 1.259068
0.15640871 	 1.0275334
0.17088243 	 1.4308038
0.15324165 	 1.0456376
0.16395219 	 1.2403467
0.17166772 	 1.6867988
0.15216509 	 1.1555667
0.18561402 	 1.4710984
0.27414295 	 1.6160543
0.2734429 	 1.3764026
0.2515602 	 1.217732
0.20584433 	 1.5432589
0.18366072 	 0.8232281
0.19671708 	 1.052091
0.17957078 	 1.506712
0.18489681 	 1.4513651
0.26704323 	 1.065964
0.2396158 	 1.2605916
0.19288601 	 1.4452513
0.19710653 	 1.2457535
0.16226032 	 1.061466
0.14507268 	 1.0300174
0.12745705 	 1.3757879
0.12464562 	 1.3069243
0.1310846 	 1.4715106
0.13801074 	 1.2948946
0.13726346 	 0.66528237
0.13555352 	 1.7607833
0.11892436 	 1.0561298
0.08875459 	 1.5408663
0.09359172 	 1.5215756
0.088525265 	 1.3204181
0.10898165 	 1.7269207
0.115242586 	 1.2860122
0.13338692 	 1.5157027
0.147644 	 1.4245547
0.14838006 	 1.6156778
0.14209071 	 1.633605
0.15175147 	 1.3244977
0.16129509 	 1.1719477
0.15964378 	 1.2916799
0.14459953 	 1.2968377
0.14416479 	 1.4758723
0.1449109 	 1.5491126
0.21948291 	 1.0071058
0.22977458 	 1.3018314
0.2287978 	 0.7032293
0.20973855 	 1.2647293
0.24416405 	 1.2050773
0.24259618 	 1.0638745
0.24604414 	 0.9492834
0.25489682 	 0.93974346
0.275411 	 0.9076644
0.27543253 	 1.0748585
0.22458358 	 0.95050836
0.16468686 	 1.3878957
0.14260928 	 0.91368026
0.14795308 	 1.5043198
0.11733319 	 1.7315569
0.10186132 	 1.6536478
0.111027084 	 1.4268107
0.102040716 	 1.24885
0.12360329 	 1.4056846
0.12845352 	 1.6065321
0.20860304 	 1.4619943
0.24530353 	 1.3272393
0.26964554 	 1.0055132
0.34420767 	 1.1222411
0.36137825 	 0.95379746
0.38533837 	 0.85350066
0.3895788 	 0.92071325
0.39289317 	 0.81101424
0.41181737 	 0.8059511
0.46127293 	 0.8145838
0.5030967 	 0.7187264
0.4531948 	 0.8488798
0.4422178 	 0.7522636
0.28525895 	 0.8838489
0.19284336 	 0.761685
0.15178575 	 1.4803407
0.14734918 	 1.3619362
0.122399695 	 1.3677354
0.122498855 	 0.983993
0.12715046 	 1.4450468
0.12600005 	 1.3694338
0.12620546 	 0.7409711
0.13252074 	 1.4203265
0.12303535 	 1.5862967
0.11021126 	 1.2230554
0.11443949 	 1.4490173
0.11185985 	 1.5982629
0.10157204 	 1.503438
Summary
0.009564877  -  0.747609 ,  0.43582526  -  2.5407014
accuracy:  100.0
equal predictions:  0
TensorFlow version: 1.13.1
Found 939 images belonging to 1 classes.
argN = 3136
argN = 3136
0.45701537 	 1.7407616
0.4477457 	 2.2244816
0.46077162 	 2.0276427
0.3160268 	 2.447645
0.28672796 	 1.6014884
0.2615904 	 2.2758586
0.25488296 	 2.0688572
0.1368356 	 2.3225143
0.10466043 	 2.1959493
0.06521147 	 2.2171671
0.05206897 	 1.8046495
0.040399533 	 2.4205601
0.04140805 	 2.7814543
0.036811847 	 2.2957935
0.029466547 	 1.8129278
0.056059465 	 2.1228678
0.20230949 	 1.5731953
0.33513403 	 1.1893321
0.33229104 	 1.1486512
0.12886934 	 2.273929
0.22172596 	 1.4800152
0.23242399 	 1.6205237
0.22049196 	 1.6040963
0.31831464 	 1.8236055
0.3171882 	 1.5843176
0.34131557 	 1.9676857
0.286379 	 2.2358
0.17509875 	 2.0771418
0.1006298 	 2.0796506
0.114811935 	 1.8090612
0.109187186 	 1.6189898
0.10814783 	 1.7792965
0.08097594 	 2.453121
0.08683731 	 2.1100018
0.082481965 	 1.991971
0.6188288 	 2.1908295
0.52809966 	 1.9813282
0.7930549 	 1.89516
0.6776586 	 2.4516115
0.4882456 	 1.986938
0.46513897 	 2.4255085
0.411439 	 2.0025496
0.26578024 	 2.0049052
0.3753575 	 1.860895
0.5310162 	 1.8514792
0.038319334 	 2.2059228
0.04905105 	 2.0800092
0.100760385 	 1.9461561
0.112775564 	 1.9075857
0.14566673 	 1.9989768
0.07361508 	 1.939549
0.057152636 	 1.8233519
0.034846533 	 1.7554522
0.22125839 	 1.1641082
0.099712424 	 1.6032708
0.1069313 	 2.1103354
0.10138376 	 2.128363
0.110837616 	 2.2698598
0.02758545 	 2.074216
0.03747115 	 2.137221
0.024237597 	 2.2771049
0.01725448 	 1.7762048
0.022280546 	 2.2561028
0.01610773 	 2.556556
0.021112742 	 1.8401616
0.022075905 	 2.5476944
0.0288463 	 2.4588006
0.04247692 	 2.5601964
0.08394715 	 2.232238
0.0804315 	 2.1127262
0.13009773 	 1.8151838
0.13680929 	 1.5483716
0.10341985 	 2.559898
0.1048122 	 2.222116
0.0733579 	 2.1970804
0.040613238 	 2.6360443
0.035972107 	 1.9591964
0.036293454 	 2.136349
0.052866224 	 1.8131025
0.070360065 	 2.4874558
0.13524218 	 1.5653619
0.15164347 	 1.8504403
0.060250472 	 1.9812413
0.08312804 	 2.1142995
0.06272304 	 2.0135589
0.21705583 	 1.1765037
0.1684996 	 1.6515853
0.08541475 	 2.0781097
0.10919869 	 1.9535413
0.08059281 	 2.1421402
0.036133755 	 2.626571
0.02370664 	 2.4858997
0.022378555 	 2.2203765
0.021372534 	 3.0097756
0.02504303 	 1.8974489
0.027393566 	 2.2331195
0.07476924 	 1.3597121
0.10796667 	 0.59959435
0.1224961 	 0.69215286
0.110776156 	 1.2260137
0.109857745 	 0.91625845
0.104656264 	 1.1108707
0.1378455 	 0.86679614
0.1399688 	 0.76115763
0.12018797 	 1.1187298
0.12125264 	 0.6278259
0.12026144 	 0.52138835
0.11340093 	 1.2696116
0.114479385 	 1.0301751
0.13947968 	 1.1322743
0.12648782 	 0.8088295
0.11420313 	 0.8012779
0.12981115 	 0.8988536
0.12492437 	 0.66740507
0.1250333 	 0.96456945
0.12334413 	 1.2451277
0.09921719 	 0.7545997
0.10202474 	 1.2366303
0.1100443 	 0.86419666
0.07731684 	 1.346673
0.08091984 	 0.61661136
0.06498431 	 0.7799074
0.064187504 	 1.2770331
0.06386329 	 0.55754715
0.060379624 	 0.8767101
0.06617567 	 0.7968632
0.056152582 	 0.99897105
0.047938243 	 0.7002183
0.04177223 	 1.3969615
0.03345785 	 0.5150757
0.03473483 	 0.5901864
0.033190522 	 1.1107591
0.032066043 	 0.54158545
0.033251956 	 0.8925615
0.036527425 	 1.1688291
0.03307851 	 0.9713166
0.030671934 	 1.1238933
0.028169602 	 0.62470293
0.024094284 	 0.90544885
0.021712858 	 0.7233497
0.019394763 	 0.51513803
0.023595745 	 0.717475
0.024265077 	 0.7559863
0.022573259 	 1.0801877
0.02442399 	 0.6910703
0.021185612 	 0.6622645
0.024148138 	 0.45904353
0.020266613 	 0.79028296
0.010989872 	 0.98007965
0.010141303 	 0.7930762
0.015083973 	 1.7291179
0.017219914 	 0.52957314
0.016580671 	 0.62205267
0.021099105 	 1.3148123
0.017531956 	 0.58154
0.016889602 	 1.1486264
0.01447125 	 1.9439209
0.016278075 	 1.1259016
0.016144559 	 0.67527425
0.015246941 	 0.728803
0.018845474 	 1.0402538
0.016243543 	 1.2732115
0.020937616 	 0.5440492
0.02851188 	 1.2005191
0.019266725 	 0.8681632
0.016012091 	 0.76180565
0.015871888 	 0.5109206
0.02053647 	 1.0940939
0.021297883 	 1.7611939
0.02628103 	 0.8615772
0.026383655 	 1.1912965
0.023276743 	 0.8448328
0.027112117 	 0.73673016
0.02607924 	 1.0164403
0.030354168 	 0.8224938
0.032737255 	 0.8587695
0.028262366 	 1.1619734
0.028863048 	 0.6959926
0.05285177 	 0.5593619
0.07543819 	 0.47818646
0.078358024 	 0.8403101
0.092713214 	 0.8500714
0.08827809 	 0.4147459
0.0921579 	 0.50873417
0.08570563 	 1.0016838
0.10251272 	 0.5994374
0.09348288 	 1.0911404
0.100436166 	 0.57493573
0.10522406 	 0.48224533
0.09829854 	 0.8327118
0.10601455 	 0.8170287
0.11412529 	 0.62106794
0.08799447 	 1.0929772
0.10571956 	 0.9597766
0.07790476 	 0.4629914
0.0965738 	 0.7622759
0.082396075 	 0.58631194
0.056258824 	 0.728416
0.041085802 	 0.7368614
0.036876284 	 1.208509
0.026525032 	 0.5566901
0.02172693 	 1.1937332
0.023450265 	 1.1536744
0.02156954 	 1.3843493
0.02037519 	 0.63978094
0.014804937 	 1.2102076
0.35736158 	 1.0766103
0.36941022 	 1.0603126
0.36999387 	 1.011589
0.23653734 	 1.3182677
0.23376767 	 1.4321939
0.21396701 	 0.9365623
0.21807295 	 1.4168183
0.21005669 	 1.2323602
0.23130572 	 1.3922948
0.2430189 	 1.1478921
0.24576974 	 1.4046501
0.252048 	 1.3488228
0.25011742 	 1.168962
0.25264528 	 1.1476352
0.24079089 	 1.1646843
0.22618441 	 1.1939934
0.21514396 	 1.1799196
0.22460678 	 1.5031574
0.22088335 	 1.325115
0.22229587 	 1.010831
0.22324212 	 1.5498841
0.23367235 	 1.5730752
0.23519325 	 1.466409
0.21316662 	 0.8797354
0.21951789 	 1.2757835
0.22685014 	 0.9695991
0.22713928 	 0.9634318
0.22619958 	 1.4602578
0.2633312 	 1.3543792
0.3437894 	 1.4424118
0.32658702 	 1.4438663
0.3658205 	 0.64929485
0.35452434 	 1.3091431
0.36306795 	 1.1058915
0.25517896 	 1.7852169
0.2411953 	 1.7079697
0.22280057 	 1.5717676
0.21747231 	 1.7388314
0.22492267 	 1.4935738
0.20471828 	 1.3738991
0.19731838 	 1.5010215
0.18092123 	 1.3656343
0.17735383 	 1.4515244
0.19856595 	 1.2871811
0.20101869 	 1.2363902
0.18497075 	 1.048316
0.17723405 	 1.585109
0.16220017 	 1.2233388
0.12957013 	 1.2010727
0.14682731 	 1.881769
0.1634717 	 1.1489354
0.21055305 	 0.96832275
0.20366298 	 1.2541661
0.21221785 	 1.1918986
0.20953009 	 1.1715174
0.28738123 	 1.2029648
0.3044502 	 1.0471011
0.33516097 	 0.8963311
0.33936623 	 1.1137888
0.32271704 	 0.97371083
0.19362634 	 1.6040064
0.17414965 	 1.0257717
0.11920964 	 1.4913272
0.13464242 	 1.6047685
0.12711255 	 1.6939387
0.1308387 	 1.6488514
0.12770997 	 1.4335338
0.1342632 	 1.612105
0.12667102 	 1.4504879
0.15792686 	 1.3701124
0.16164114 	 1.6572496
0.271794 	 1.5116739
0.312737 	 1.0454684
0.31311923 	 0.9255666
0.34656045 	 0.93218
0.43288875 	 0.79536974
0.45392504 	 0.7138557
0.47286826 	 0.67179734
0.5122843 	 0.6667305
0.49019504 	 0.65625
0.52197725 	 0.6875976
0.5185931 	 0.6721991
0.51995575 	 0.7954763
0.48978415 	 0.73949593
0.42444363 	 0.8515372
0.39018968 	 0.72982055
0.38648078 	 0.8839389
0.30575797 	 1.0176708
0.1565327 	 1.000965
0.14928542 	 1.6776217
0.15684985 	 1.404706
0.15781324 	 1.7207724
0.15514112 	 1.103692
0.15247557 	 1.589752
0.15188308 	 0.85255116
0.14653245 	 1.1511853
0.1431335 	 0.9202428
0.15016362 	 1.7762069
0.16676925 	 1.560485
0.17675404 	 1.4295938
0.1679388 	 1.5949504
0.16361868 	 1.3832277
0.16316432 	 1.8427312
0.14962685 	 1.7467544
0.15035433 	 1.2947603
0.15176542 	 1.1223457
0.15175419 	 1.3116058
Summary
0.010141303  -  0.7930549 ,  0.4147459  -  3.0097756
accuracy:  100.0
equal predictions:  0
