TensorFlow version: 1.13.1
Found 939 images belonging to 1 classes.
argN = 196
argN = 196
0.5154781 	 0.44787136
0.39075962 	 0.6479607
0.26609027 	 0.41481584
0.55464363 	 0.7894624
0.33149213 	 0.768313
0.31884882 	 0.62429756
0.37246323 	 0.74535966
0.18491991 	 1.1838835
0.21333542 	 1.1802219
0.25326076 	 1.3694282
0.1646702 	 1.1667138
0.09404489 	 1.0539834
0.16647696 	 0.756266
0.21976386 	 0.67803544
0.2650613 	 0.56810415
0.29498178 	 0.79314196
0.33076584 	 0.9932617
0.31594872 	 0.764618
0.40319476 	 0.8161956
0.36596486 	 0.7582573
0.29742292 	 0.63580716
0.33895215 	 0.5427115
0.3225941 	 0.5531931
0.27758548 	 0.57048887
0.3196235 	 0.60437405
0.3979352 	 0.5806386
0.4240226 	 0.65285033
0.44499788 	 0.63034594
0.23597592 	 0.8727734
0.02642172 	 0.607035
0.014557065 	 1.1897451
0.005171595 	 0.72942257
0.20515469 	 0.37038356
0.30571896 	 0.5955882
0.3042133 	 0.42362916
0.36366987 	 0.62215954
0.24928619 	 0.6220485
0.53330845 	 1.0913769
0.65165275 	 0.5031038
0.55846065 	 0.73050255
0.5100986 	 0.7382234
0.39842588 	 0.59123284
0.28495842 	 0.4344977
0.3468728 	 0.7543146
0.1898284 	 1.6100928
0.12400036 	 1.563859
0.17094275 	 1.3152949
0.23057157 	 0.8672975
0.29719558 	 0.92910904
0.29073173 	 0.79958385
0.35457313 	 0.553358
0.32489297 	 0.9907784
0.31577936 	 0.62640625
0.34913808 	 0.5950905
0.3895823 	 0.59785885
0.48648885 	 0.6339506
0.5050358 	 0.51903707
0.40175515 	 0.32283524
0.32558098 	 0.9170257
0.3230906 	 0.5537616
0.2898973 	 0.83789307
0.26512346 	 0.65614605
0.119035535 	 0.7890264
0.026051404 	 0.4395321
9.954025e-06 	 1.6230162
0.0564183 	 0.7171814
0.2188683 	 1.1049006
0.3652054 	 0.5807092
0.332133 	 0.49328247
0.30800715 	 0.5493129
0.32643434 	 0.38212907
0.37273142 	 0.5945075
0.3703567 	 0.5171052
0.34845293 	 0.6272403
0.21880214 	 0.82719684
0.26202065 	 0.9065027
0.31100926 	 0.6439193
0.5347272 	 0.6150906
0.40484613 	 0.7768422
0.27171913 	 0.60634476
0.31499514 	 0.9727248
0.2949965 	 0.8728962
0.12553704 	 1.174494
0.10937894 	 0.8475066
0.11504449 	 1.3749061
0.18413304 	 1.4792356
0.060607962 	 1.2249837
0.17157531 	 0.7580936
0.26519853 	 0.84139925
0.2337377 	 0.5451211
0.31254223 	 0.5764791
0.40658876 	 0.5640744
0.45412308 	 0.50538605
0.31188285 	 0.4647338
0.1723923 	 0.4783329
0.3397492 	 0.6998646
0.41258588 	 0.846319
0.3352318 	 0.79301775
0.16833334 	 0.90694904
0.19107164 	 1.1073027
0.1984995 	 0.94546986
0.12958206 	 0.8637198
0.16686678 	 1.0706152
0.04455981 	 0.36265096
0.14993565 	 0.2980872
0.18825999 	 0.24606746
0.16136955 	 0.41611966
0.14309746 	 0.3335012
0.18844551 	 0.7052213
0.16148196 	 0.46941167
0.16551533 	 0.30670586
0.21602044 	 0.6828361
0.1956011 	 0.50020295
0.21587345 	 0.4285521
0.2925659 	 0.66781735
0.2573412 	 0.3879184
0.366894 	 0.49161094
0.34731382 	 0.55146956
0.31142807 	 0.4273692
0.34645492 	 0.42524728
0.33301923 	 0.9404245
0.38304812 	 0.5658685
0.35433626 	 0.61791736
0.32437906 	 0.59708667
0.34830227 	 0.44736868
0.41653877 	 0.5773615
0.37323722 	 0.5779117
0.32108846 	 0.74090064
0.30858365 	 0.53719205
0.3686739 	 0.8759732
0.31117484 	 0.89152175
0.37155446 	 0.9004631
0.3524467 	 1.1467946
0.38103768 	 0.8013625
0.3745609 	 0.8152465
0.37674466 	 0.8453927
0.36627027 	 0.67294997
0.33364844 	 0.46852186
0.4843427 	 0.7790778
0.35894045 	 0.72994524
0.32765394 	 0.91333383
0.39134303 	 0.73764306
0.31916732 	 0.802576
0.24495341 	 0.5931851
0.3172884 	 0.8436384
0.28254348 	 0.589482
0.2951688 	 0.7424312
0.24400078 	 0.8935534
0.18640113 	 0.99546117
0.22568293 	 0.7858823
0.22479782 	 0.8295631
0.24925208 	 0.70866245
0.25809768 	 0.77721584
0.19567968 	 1.013531
0.21448186 	 0.832277
0.17382032 	 0.6951481
0.20667017 	 0.8404747
0.23447862 	 0.94971716
0.23412934 	 0.954008
0.17765428 	 0.8866041
0.21922892 	 0.99490863
0.21814983 	 1.2006426
0.1854421 	 1.1338528
0.19109213 	 0.8375352
0.2588768 	 1.2553213
0.21618193 	 1.0256188
0.2787537 	 0.9302931
0.15674156 	 0.90733814
0.1687478 	 1.1809505
0.15905465 	 0.9458251
0.17127702 	 1.1681135
0.18233474 	 0.79479396
0.16872855 	 1.0185657
0.15537426 	 0.7566243
0.19029102 	 1.2312894
0.1083609 	 0.9960362
0.07841101 	 1.0983871
0.12836955 	 1.5473781
0.11625969 	 0.98936296
0.10772169 	 0.8231403
0.17175761 	 1.3286557
0.15428057 	 1.1558387
0.13856165 	 0.88759786
0.1281017 	 0.80056524
0.11224914 	 1.1007013
0.11313879 	 0.72458225
0.11903835 	 1.123491
0.13098982 	 1.1640333
0.16189577 	 1.1518117
0.13471669 	 1.1455567
0.118562445 	 0.70108867
0.11806973 	 0.76993865
0.12981048 	 0.5913264
0.13817243 	 0.95821214
0.12680396 	 0.86958957
0.16197012 	 0.88082784
0.12789556 	 1.1497804
0.13598788 	 1.0714912
0.14246136 	 1.122235
0.14646682 	 0.93252885
0.1556631 	 0.8669994
0.11043036 	 1.0305803
0.1403513 	 0.46154523
0.10891126 	 1.1241531
0.07714596 	 1.1667478
0.058616165 	 0.3776656
0.06696252 	 0.48779505
0.04783826 	 1.0657518
0.027122099 	 0.8408297
0.046288397 	 0.9751237
0.41368955 	 0.77567154
0.3991815 	 0.5951405
0.35216048 	 0.59348685
0.40712604 	 0.6273655
0.3725331 	 0.5650772
0.4284328 	 0.5385048
0.3040771 	 0.7566033
0.3242691 	 0.5296846
0.3616327 	 0.637735
0.3600783 	 0.7261757
0.43690637 	 0.5880037
0.44393003 	 0.6964418
0.3387615 	 0.5763604
0.41394487 	 0.7946322
0.3668038 	 0.68781406
0.34965423 	 0.68991625
0.42935228 	 0.54975814
0.40746102 	 0.48222584
0.36607042 	 0.58953404
0.36206323 	 0.83603495
0.28391463 	 0.35167065
0.27942786 	 0.39369994
0.2692819 	 0.5936985
0.30639866 	 0.6523712
0.2929757 	 0.65996236
0.2751917 	 0.5756667
0.26532137 	 0.80181926
0.24996518 	 0.4767773
0.40426436 	 0.8596056
0.38611978 	 0.89805424
0.31545213 	 0.7269281
0.30406237 	 0.70519835
0.2803777 	 0.5666807
0.47339043 	 0.36591932
0.5087415 	 0.7834011
0.56985116 	 0.60704166
0.49656042 	 0.41403496
0.605501 	 0.6948379
0.3980857 	 0.47808242
0.30606753 	 0.7275115
0.32629886 	 0.31278604
0.277106 	 0.8978193
0.47378197 	 0.6318301
0.4808692 	 0.8385083
0.4087648 	 0.5642557
0.3727597 	 0.61473966
0.29317337 	 0.6073497
0.31579718 	 0.9846814
0.37278542 	 1.1505466
0.3084921 	 0.7541619
0.38871485 	 0.58371335
0.33761358 	 0.7290508
0.3374334 	 0.5588706
0.32371247 	 0.51432073
0.32319134 	 0.6625634
0.39051923 	 0.83783203
0.3920779 	 0.6110879
0.37237516 	 0.63101363
0.3706469 	 0.5978232
0.3977448 	 0.59862906
0.4187688 	 0.5880013
0.36643475 	 0.8191467
0.47466698 	 0.82045376
0.52583957 	 0.68627673
0.39594045 	 0.559345
0.37156793 	 0.6299271
0.37352708 	 0.7205749
0.44768715 	 0.633164
0.37680227 	 0.6648243
0.37324837 	 0.57628644
0.30140147 	 0.9667396
0.3737968 	 0.5479434
0.30582505 	 0.5340725
0.26981002 	 1.1704593
0.27973783 	 0.6411545
0.2902365 	 0.7516065
0.35363847 	 0.7742019
0.27987337 	 0.56650203
0.25801998 	 0.53401667
0.3335759 	 0.7299961
0.2516312 	 0.6365258
0.31406915 	 0.73096186
0.29987308 	 0.7113476
0.25983304 	 0.6811659
0.27922553 	 0.78611904
0.27686659 	 0.49401277
0.32254505 	 0.5060115
0.2907244 	 0.51674175
0.37849048 	 0.6916144
0.31530392 	 0.60826653
0.40991816 	 0.69036967
0.41495076 	 0.6599974
0.39400986 	 0.61134547
0.4258946 	 0.64389926
0.41016588 	 0.4621544
0.27049896 	 0.74342054
0.30171233 	 0.61498743
0.2856554 	 0.82889384
0.24968962 	 0.8680831
0.20820343 	 0.35035473
0.19409318 	 1.0631524
0.23403195 	 0.7711391
0.21961774 	 0.62698853
Summary
9.954025e-06  -  0.65165275 ,  0.24606746  -  1.6230162
accuracy:  98.1
equal predictions:  0
TensorFlow version: 1.13.1
Found 939 images belonging to 1 classes.
argN = 196
argN = 196
0.3496741 	 0.5865528
0.29582736 	 0.754861
0.51621234 	 0.7273177
0.2793822 	 1.0196465
0.29266524 	 1.0240098
0.24214473 	 1.1729189
0.32121962 	 0.97806823
0.21600439 	 1.0490633
0.13386291 	 0.98165625
0.13628681 	 0.89204943
0.18415238 	 1.14845
0.11731335 	 0.5603858
0.20278858 	 0.71341753
0.3117776 	 0.71247405
0.40480155 	 0.78143555
0.3607548 	 0.6948649
0.52134067 	 0.65668553
0.3033949 	 0.67001647
0.19791748 	 0.8828083
0.34285736 	 0.63149166
0.1942876 	 0.69507223
0.2782369 	 0.773478
0.3430706 	 0.9345831
0.25811204 	 0.45053756
0.1561855 	 0.9027694
0.11472182 	 1.1983285
0.10400281 	 0.87100047
0.22892271 	 0.900761
0.257064 	 0.5033971
0.336049 	 0.96323013
0.39941794 	 0.5277523
0.2509303 	 0.67424476
0.3798574 	 0.5702169
0.43706128 	 0.74481404
0.39856943 	 0.45031154
0.30845493 	 0.7363604
0.4799886 	 0.7387528
0.42768073 	 0.679885
0.41009885 	 0.67638046
0.29524598 	 0.736516
0.36359897 	 0.7481919
0.51629466 	 0.6958479
0.53894544 	 0.6564129
0.44970468 	 0.63127226
0.42194897 	 0.6198647
0.6201743 	 0.8812611
0.18729164 	 0.9269399
0.37938985 	 0.68180096
0.2792875 	 0.96191555
0.22152153 	 0.68328315
0.24967264 	 0.6863905
0.3945323 	 0.6865096
0.33441696 	 0.68384576
0.22607128 	 0.9879941
0.13447428 	 0.5308941
0.17449662 	 0.77696496
0.32146052 	 0.536832
0.21994379 	 0.8245441
0.15669416 	 0.7263004
0.07269375 	 0.6309295
0.0420722 	 1.282892
0.011974275 	 1.4518622
0.04142613 	 1.2582375
0.07943708 	 1.1482414
0.04970031 	 0.76039654
0.30696696 	 0.62791395
0.32763946 	 0.69571584
0.26219907 	 0.57872707
0.26849768 	 0.5584392
0.46108064 	 0.74254555
0.29552317 	 0.6625222
0.305704 	 0.6588337
0.36579755 	 0.7603979
0.2518737 	 0.7507764
0.39291745 	 0.45486817
0.2657056 	 0.79138535
0.26818705 	 0.82144284
0.14842916 	 0.64087653
0.24370557 	 0.70776314
0.221684 	 0.80759156
0.21149796 	 0.7990341
0.3777985 	 0.53886133
0.28850433 	 0.81371886
0.2859602 	 0.50675356
0.41829196 	 0.6620982
0.3406691 	 0.65583336
0.29021576 	 0.71733063
0.3131786 	 0.87048334
0.1742108 	 0.49089107
0.21730891 	 0.6362829
0.21196106 	 0.7777822
0.24648577 	 0.774355
0.1789906 	 0.87102467
0.108901955 	 0.69821197
0.3335584 	 0.5641283
0.33317226 	 0.67161506
0.30954647 	 0.76101154
0.35931414 	 0.6309079
0.39791757 	 0.6476645
0.39399397 	 0.6474505
0.5060184 	 0.8502609
0.41442215 	 0.71957636
0.37877804 	 0.6209153
0.356082 	 0.66959596
0.43058738 	 0.61027396
0.40436062 	 0.88685435
0.41638023 	 0.6532194
0.38650718 	 0.9005065
0.3970267 	 0.48683465
0.33197963 	 0.7829585
0.31751877 	 0.7033445
0.31990972 	 0.704682
0.332945 	 0.58814675
0.33952993 	 0.55046815
0.23969124 	 0.6616103
0.33001724 	 0.6476145
0.34489825 	 0.8636364
0.34191662 	 0.7604835
0.2776983 	 0.83104175
0.28875178 	 0.5873195
0.3238878 	 0.8334211
0.2157773 	 0.40973216
0.25532275 	 0.81880665
0.24533102 	 0.8958241
0.3235589 	 0.35548878
0.19661666 	 0.7437973
0.25762105 	 0.7094315
0.16003536 	 0.6141466
0.19886063 	 0.6001143
0.1858744 	 1.0438672
0.21361884 	 0.8040575
0.19528674 	 0.61363935
0.28517634 	 0.7289741
0.2015724 	 0.6347604
0.15399297 	 0.69004124
0.20668885 	 0.66347003
0.26717693 	 0.59558475
0.19782434 	 0.4972949
0.19736513 	 0.6798969
0.19207154 	 0.68505126
0.161042 	 0.96408445
0.16521329 	 1.1004493
0.19421151 	 0.72500235
0.1907757 	 0.40022206
0.2288928 	 0.93508077
0.2772591 	 1.0049378
0.21694542 	 1.1186876
0.12654762 	 0.9247062
0.21659444 	 0.63644356
0.17265032 	 0.7259779
0.18960294 	 0.55232954
0.25063115 	 0.62202895
0.23458466 	 0.47971815
0.20021549 	 0.3516539
0.18366903 	 0.780195
0.21982823 	 0.9333936
0.20717701 	 0.89192855
0.17969875 	 0.9086265
0.21638373 	 0.8052776
0.23712951 	 0.86868095
0.20953803 	 0.5821742
0.1826322 	 0.79618204
0.18541943 	 0.33428296
0.2068106 	 0.68512434
0.2010477 	 0.89877087
0.21972665 	 0.3408182
0.17724979 	 0.77347475
0.16995145 	 0.5371021
0.20046878 	 0.42699772
0.18783464 	 0.6388907
0.11671192 	 0.8659589
0.17078783 	 0.7399107
0.15003322 	 0.7730227
0.14223774 	 0.27462047
0.1266083 	 0.82918864
0.12530838 	 0.6823901
0.13663954 	 0.9735434
0.097692475 	 0.9431904
0.10197458 	 0.8309557
0.12549481 	 0.9868192
0.14006335 	 0.6159445
0.12628587 	 0.69801885
0.07671821 	 0.8099839
0.09315407 	 0.57754356
0.0482507 	 0.5872011
0.06669341 	 0.61588484
0.052695625 	 0.22801472
0.2840277 	 0.7502593
0.2281698 	 1.5812999
0.24228682 	 0.94661814
0.27930388 	 0.55506057
0.20702818 	 1.4925954
0.24999969 	 0.9403964
0.22466125 	 1.510246
0.25641325 	 1.287913
0.18224512 	 1.1621189
0.16862412 	 1.1512405
0.1794483 	 1.3012408
0.15989785 	 0.58649313
0.12420004 	 1.1336528
0.1224928 	 1.0164881
0.088380314 	 1.6908267
0.11568506 	 0.6361199
0.10114612 	 0.9988953
0.07819102 	 0.6859797
0.08506411 	 1.3784974
0.089445665 	 0.7391097
0.09104168 	 1.603165
0.1031759 	 0.5707682
0.16593538 	 1.3480643
0.14822555 	 0.8561523
0.1961915 	 0.97256225
0.17314248 	 0.8101777
0.15254465 	 1.0715431
0.12564814 	 0.6644803
0.16660215 	 0.90925616
0.22011797 	 0.7236205
0.14843993 	 0.57933307
0.1815514 	 0.8617433
0.19390424 	 1.2749622
0.6674914 	 0.57191724
0.47886685 	 0.42599845
0.31264555 	 1.0901469
0.27814233 	 1.3991305
0.33946088 	 0.8944877
0.25461712 	 0.43476743
0.30815062 	 1.314462
0.20877701 	 0.7214184
0.25744054 	 0.7994413
0.26199725 	 0.9961645
0.30731094 	 0.7331515
0.3964163 	 0.98844945
0.59354234 	 0.8537841
0.33125383 	 1.040216
0.37444952 	 1.0137742
0.39576212 	 1.0074941
0.3615427 	 0.8454353
0.36723852 	 1.0343468
0.34380487 	 0.95235306
0.3910527 	 0.89722866
0.38702843 	 0.9977155
0.34750447 	 0.7882375
0.39926493 	 1.6006042
0.26405302 	 1.1671731
0.4069807 	 0.66828644
0.31022748 	 0.50119853
0.29556298 	 1.2195326
0.30146366 	 0.7938679
0.3009018 	 0.8247808
0.26831588 	 0.5135729
0.20428301 	 0.9868766
0.27594522 	 0.80479586
0.24658996 	 1.1026812
0.300399 	 1.4434474
0.269474 	 0.55096376
0.31548154 	 0.5589836
0.45740736 	 0.77738595
0.43936396 	 0.66645014
0.39785022 	 0.6304279
0.43972287 	 0.7166141
0.4433274 	 0.9193314
0.40623462 	 0.758651
0.3742469 	 0.5316893
0.44287416 	 0.9440275
0.38430896 	 0.6763622
0.34139875 	 0.5280143
0.25648004 	 1.1293628
0.19779703 	 0.7251785
0.2191657 	 1.186714
0.18103074 	 1.5193017
0.13978693 	 1.006364
0.094435304 	 0.80997545
0.17809393 	 1.1919384
0.15803102 	 0.6279678
0.16766421 	 1.1498944
0.15221262 	 0.8618837
0.18221873 	 0.70819676
0.16401757 	 0.71651113
0.14937477 	 0.48395452
0.17763741 	 0.7229103
0.22654589 	 0.98282284
0.26241925 	 0.66647387
0.39155665 	 0.87587416
0.33445293 	 0.89608425
0.43110532 	 0.6451694
0.48573086 	 0.56667536
0.5864585 	 0.8577131
0.61728 	 0.50835496
0.5491754 	 0.9571787
0.6854397 	 0.74832463
0.41401 	 0.7278882
0.4663924 	 0.56317794
0.43371642 	 0.50058556
0.15922064 	 0.90681165
0.16621828 	 0.95199764
0.11719352 	 0.7326236
0.21196297 	 0.7900008
0.21886653 	 1.2131257
0.24395765 	 1.2026367
0.2843836 	 1.0373006
0.272987 	 1.4687686
0.28560752 	 0.83590364
0.29413193 	 1.4116178
0.28979573 	 0.70813507
0.24908675 	 0.6540956
0.17628506 	 1.2177218
0.17369232 	 0.6460046
0.22988154 	 0.85568756
0.15944047 	 0.4914153
0.18493697 	 1.2895803
0.21874398 	 1.4702444
0.22410654 	 1.1134194
0.34250227 	 0.87984
Summary
0.011974275  -  0.6854397 ,  0.22801472  -  1.6908267
accuracy:  99.0
equal predictions:  0
TensorFlow version: 1.13.1
Found 939 images belonging to 1 classes.
argN = 196
argN = 196
0.30673978 	 0.6439926
0.3354041 	 0.688278
0.4928194 	 0.71987337
0.31676003 	 0.6913873
0.35547584 	 0.8047879
0.21486676 	 1.0147997
0.2822995 	 0.6758032
0.35065687 	 0.5280368
0.28026897 	 0.5741278
0.3748601 	 0.67667735
0.32300386 	 0.5162395
0.3386395 	 0.57747126
0.30019525 	 0.6515741
0.30405793 	 0.6646489
0.21400969 	 0.7056694
0.2983115 	 0.5901752
0.34187055 	 0.5208137
0.44485837 	 0.55673
0.49239224 	 0.7770706
0.39330566 	 0.49807876
0.28661636 	 0.63514274
0.30546546 	 0.41489652
0.2660912 	 0.42917272
0.19887903 	 0.49427578
0.24532348 	 0.7622565
0.49182168 	 0.590507
0.42065358 	 0.55389166
0.35965914 	 0.7496703
0.24768844 	 0.5176951
0.43286476 	 0.86738956
0.45645496 	 0.68591475
0.42911458 	 0.5142128
0.30150202 	 0.66658944
0.24658309 	 0.56465846
0.22805284 	 0.71732754
0.32564157 	 0.7453961
0.40427426 	 0.8441498
0.38934034 	 0.5811955
0.37028652 	 0.8917043
0.33733582 	 0.7878702
0.27464494 	 0.7325988
0.2701001 	 0.5580607
0.30813935 	 0.66587347
0.35079905 	 0.66212064
0.37699237 	 0.66040224
0.27418223 	 0.7106879
0.26589686 	 0.6809692
0.28753322 	 0.5510035
0.3282894 	 0.7702179
0.48475605 	 0.8295011
0.28661817 	 0.6581783
0.24677593 	 0.4640471
0.2657104 	 0.6341218
0.23215766 	 0.71241003
0.23941615 	 0.62325054
0.35634762 	 0.59214526
0.33839992 	 0.63709706
0.43591955 	 0.7136258
0.34593907 	 0.702625
0.36361817 	 0.6455716
0.34648132 	 0.5912293
0.32305342 	 0.8756893
0.428976 	 0.563819
0.49886313 	 0.6917905
0.2998578 	 0.7210232
0.38940236 	 0.6196208
0.31076738 	 0.6340585
0.28960612 	 0.5475854
0.28264317 	 0.77696484
0.34760877 	 0.48235357
0.5049559 	 0.60631794
0.5727578 	 0.5348418
0.307513 	 0.49964675
0.36531928 	 0.78074074
0.30235282 	 0.5626646
0.45542958 	 0.5837402
0.3114988 	 0.6849068
0.37463284 	 0.68211734
0.34163105 	 0.63279915
0.28122956 	 0.7162992
0.34003103 	 0.9405431
0.25654182 	 0.8209952
0.35116464 	 0.683538
0.36430606 	 0.70253414
0.35463107 	 0.6491561
0.3386833 	 0.6986626
0.24333648 	 0.6194055
0.2747889 	 0.62025577
0.27169958 	 0.6610169
0.21654284 	 0.779657
0.22243807 	 0.69510174
0.25091708 	 0.6530602
0.3230743 	 0.87898207
0.30840674 	 0.9746045
0.33589578 	 0.6350251
0.38265136 	 0.7220025
0.36438698 	 0.8041339
0.30093876 	 0.5386737
0.29406172 	 0.58316493
0.3781372 	 0.48852023
0.29708862 	 0.7292584
0.21748692 	 0.91230226
0.29448795 	 0.71981865
0.21087645 	 0.738305
0.342928 	 0.7049373
0.27538747 	 0.62071824
0.24885356 	 0.56265634
0.2715606 	 0.7539188
0.2387654 	 0.6686407
0.2814806 	 0.53119856
0.3211191 	 0.45420378
0.2049076 	 0.60134286
0.28580526 	 0.5393632
0.31675202 	 0.5753117
0.23975335 	 0.7926362
0.25975174 	 0.41086102
0.20046878 	 0.6873573
0.23356272 	 0.5807161
0.29075387 	 0.5470201
0.21686116 	 0.8695071
0.2613223 	 0.5086366
0.29347196 	 0.5233739
0.29236028 	 0.5426978
0.33724982 	 0.6446922
0.39026135 	 0.79794943
0.36462247 	 0.74681854
0.34494394 	 0.6351431
0.29153192 	 0.6571829
0.32719848 	 0.71999764
0.28801066 	 0.70690215
0.3763391 	 0.70097977
0.3386441 	 0.7620737
0.25551522 	 0.85729736
0.30370262 	 0.81325173
0.27298403 	 0.6723529
0.21550155 	 0.66795766
0.2615354 	 0.9543177
0.26992252 	 0.72366166
0.28648618 	 0.7946446
0.2495562 	 0.78546697
0.36269018 	 0.6876503
0.3425471 	 0.75017637
0.31042358 	 0.7137938
0.35062683 	 0.56522506
0.25262427 	 0.8452588
0.32157874 	 0.6889705
0.2871832 	 0.7741585
0.33022213 	 0.68922573
0.29587752 	 0.9589735
0.32079604 	 0.7530871
0.34931016 	 0.65923357
0.3101936 	 0.7704341
0.33006382 	 0.496839
0.34547308 	 0.64735085
0.36185607 	 0.7208975
0.3141417 	 0.87132436
0.40388027 	 0.62767315
0.31889662 	 0.78631586
0.34696734 	 0.6491176
0.39987758 	 0.6521421
0.4435104 	 0.6552489
0.44584706 	 0.739121
0.39797762 	 0.7018962
0.36873233 	 0.44120553
0.40281588 	 0.5558793
0.4218728 	 0.7568955
0.43108937 	 0.8937336
0.4274534 	 0.62321717
0.45307684 	 0.76062375
0.3573482 	 0.6782532
0.3249192 	 0.57370305
0.2770638 	 0.5433182
0.31057432 	 0.75117165
0.35206354 	 0.6738332
0.44038713 	 0.9040961
0.50165784 	 0.63342816
0.3547001 	 0.60349405
0.374851 	 0.608321
0.34101945 	 0.6041088
0.3683077 	 0.52883846
0.3685462 	 0.5177941
0.42229125 	 0.6270711
0.38777944 	 0.71931994
0.32864055 	 0.5712481
0.3152317 	 0.4906239
0.30329117 	 0.47196975
0.31508762 	 0.5519677
0.3359875 	 0.7379581
0.33351067 	 0.4971815
0.34444326 	 0.6989185
0.29878384 	 0.6730855
0.26945576 	 0.6762818
0.30856204 	 0.7048764
0.27935967 	 0.6007953
0.32085174 	 0.66853994
0.3116156 	 0.68321306
0.3016506 	 0.61387366
0.34437814 	 0.47526714
0.32432833 	 0.5744104
0.33201718 	 0.6304767
0.32522875 	 0.5705903
0.34726456 	 0.70502824
0.39741004 	 0.59814155
0.40786585 	 0.60216737
0.38557404 	 0.57100403
0.3781165 	 0.48705345
0.3446093 	 0.8175905
0.3791378 	 0.67767596
0.35995913 	 1.1439193
0.37192184 	 0.92630714
0.34474543 	 0.7928719
0.2730626 	 1.0034332
0.19028345 	 1.8304658
0.17400323 	 0.8938261
0.20447049 	 1.4616883
0.23119657 	 0.9965164
0.29405645 	 0.9468453
0.24737588 	 1.5861554
0.10393006 	 1.3262202
0.12480774 	 1.5650479
0.10154347 	 0.8274006
0.109125294 	 0.81114876
0.18633132 	 0.70153755
0.20254289 	 0.6438037
0.23223256 	 1.2647187
0.26484805 	 0.79297715
0.21313822 	 0.7391731
0.23135146 	 1.4226243
0.16611665 	 0.9610106
0.38546965 	 0.5882175
0.585703 	 0.8100056
0.36629874 	 1.1218655
0.39228523 	 0.72034574
0.28513077 	 0.93925256
0.27397433 	 0.84271914
0.24162759 	 0.753877
0.26542124 	 0.78667337
0.33814564 	 0.50605863
0.5350725 	 0.74540156
0.43037957 	 0.9089492
0.29342094 	 0.87265855
0.34409952 	 1.3048363
0.32371822 	 0.85233825
0.3485133 	 0.8534655
0.26181966 	 0.79896504
0.2594595 	 1.0279802
0.15937455 	 0.840509
0.15769075 	 0.6594785
0.19332516 	 0.67507493
0.2047226 	 0.8137239
0.21531554 	 0.6127679
0.15836455 	 1.085546
0.14844893 	 0.76329696
0.12674484 	 1.1556842
0.18416958 	 1.0176209
0.16444395 	 0.7215048
0.1859281 	 1.2933472
0.14661768 	 0.57438827
0.14730768 	 0.9939372
0.17869323 	 1.216317
0.15277156 	 1.0947834
0.17927402 	 1.563519
0.22540271 	 1.0804809
0.3127337 	 1.1423188
0.2929729 	 1.0774847
0.3366675 	 0.51539904
0.3414296 	 0.73041534
0.41598403 	 0.7109216
0.4743657 	 0.67336607
0.28002083 	 1.0212471
0.29203838 	 0.97422606
0.24138597 	 1.1230495
0.1919861 	 1.0164385
0.1880638 	 1.2401791
0.22280332 	 0.7054115
0.22715911 	 1.1055763
0.19481522 	 0.90715426
0.21973646 	 0.77910084
0.17504486 	 0.75017875
0.21490172 	 0.83357626
0.23002933 	 0.7387554
0.23607637 	 1.009126
0.24776533 	 0.8384201
0.23522364 	 0.8191974
0.25263187 	 1.2424629
0.24833341 	 0.78783995
0.26226234 	 1.1824298
0.25851673 	 0.77773136
0.1957471 	 0.94265467
0.17317401 	 1.1396536
0.26593226 	 0.97746086
0.15327299 	 0.7519389
0.25060204 	 0.81093794
0.21021628 	 0.98204166
0.21751055 	 1.0396807
0.25323296 	 1.5094006
0.19963552 	 1.2584617
0.192819 	 1.1488807
0.19544645 	 1.3909633
0.19281337 	 1.384868
0.19065575 	 0.6836863
0.2680039 	 1.4142659
0.2261262 	 1.2099289
0.329898 	 0.698446
0.36001208 	 0.70041394
0.2904153 	 1.2492933
0.40317458 	 0.84135145
0.38716993 	 1.1546217
0.33691707 	 1.5926465
0.2981904 	 0.89101005
0.27976045 	 0.6542118
0.2514408 	 0.7696291
0.32812428 	 0.8336646
Summary
0.10154347  -  0.585703 ,  0.41086102  -  1.8304658
accuracy:  99.7
equal predictions:  0
TensorFlow version: 1.13.1
Found 939 images belonging to 1 classes.
argN = 196
argN = 196
0.39767915 	 1.2674198
0.64819515 	 0.8925311
0.48466277 	 0.76629096
0.57889867 	 0.74784166
0.17070957 	 0.53885144
0.14228405 	 2.0996006
0.12046104 	 1.367309
0.12365887 	 2.181803
0.071643844 	 0.7067426
0.01765049 	 2.3861125
0.08953679 	 1.2431449
0.079061374 	 2.2463005
0.33697495 	 1.2946268
0.27468362 	 1.3894161
0.26173496 	 1.2212223
0.28775504 	 0.5231939
0.49265772 	 1.0060505
0.41275826 	 0.8899151
0.6590418 	 1.0403614
0.427686 	 1.1537857
0.42413533 	 1.1849993
0.24695171 	 1.7899375
0.17797086 	 2.13515
0.24816853 	 1.0808243
0.10836263 	 2.2587554
0.113235906 	 2.5663452
0.20065533 	 1.8122231
0.19132204 	 1.7413691
0.46781486 	 1.5737743
0.38492164 	 1.1289854
0.54785174 	 1.1110003
0.6769738 	 1.1864343
0.60577524 	 0.8929453
0.30342487 	 1.5830837
0.72692746 	 0.87158084
0.60929006 	 0.76196134
0.5404029 	 1.2542069
0.57100004 	 1.3486618
0.7154927 	 0.7699379
0.7435518 	 0.8863758
0.08412511 	 2.7660918
0.4405137 	 0.83548754
0.07926285 	 1.9101578
0.06557984 	 2.1065688
0.08503725 	 2.0512989
0.084187746 	 1.3103164
0.04890326 	 2.6936316
0.05741811 	 1.00143
0.036364596 	 1.9924872
0.0347236 	 2.3696203
0.2712447 	 0.5579328
0.3179148 	 1.8685181
0.2223838 	 0.9337047
0.24504463 	 1.3839408
0.2564448 	 1.5707132
0.1050999 	 1.0169047
0.1661914 	 1.6733619
0.020620372 	 2.210713
0.00511408 	 0.7077912
0.00511408 	 2.3211534
0.00511408 	 3.6613007
0.023005841 	 1.7432517
0.19149007 	 1.3261628
0.5193991 	 0.96552414
0.20676127 	 0.81142646
0.26604098 	 1.4136736
0.32437244 	 0.8346449
0.24833798 	 0.8033485
0.3742768 	 2.0572288
0.37510744 	 1.318024
0.42541572 	 0.9947555
0.4796569 	 0.6067258
0.5603568 	 0.7711392
0.1131779 	 1.6598113
0.08993243 	 1.4150925
0.00511408 	 2.93418
0.19812681 	 1.0937867
0.22475378 	 1.0960917
0.06354713 	 1.822156
0.036385614 	 2.3896801
0.09184671 	 0.5399081
0.17413284 	 1.8475171
0.08718836 	 1.476289
0.046610393 	 2.2761238
0.03949917 	 2.66716
0.10264143 	 2.0259118
0.05848901 	 1.9232218
0.032950312 	 2.0927565
0.045268275 	 1.6743275
0.08775205 	 1.7525188
0.1258664 	 1.5877155
0.14715609 	 1.315925
0.07375617 	 1.3847744
0.09070446 	 1.1432447
0.08129663 	 1.2272656
0.09555605 	 0.78904766
0.07239784 	 1.3455716
0.061457627 	 1.7197217
0.08363196 	 2.8815475
0.09004506 	 0.7247877
0.0962338 	 0.34024778
0.12509882 	 1.3531377
0.083591655 	 0.93579435
0.08867285 	 2.3087175
0.092441075 	 2.0963426
0.09813494 	 0.7506802
0.113296784 	 0.34255055
0.13395198 	 1.251867
0.15076472 	 1.2533555
0.096377134 	 1.7040734
0.16079123 	 1.5488769
0.1434705 	 1.6363432
0.18579984 	 1.2062674
0.16616471 	 2.0319064
0.15456186 	 0.39582127
0.15492146 	 1.2213955
0.080128975 	 0.78776175
0.093664706 	 0.75540954
0.13525501 	 0.4403587
0.12693998 	 1.1346877
0.13046147 	 1.4659932
0.10118364 	 1.6033963
0.06509804 	 1.391768
0.06672138 	 0.95362836
0.090646446 	 1.7430534
0.08168391 	 1.012128
0.069991276 	 1.2257764
0.06844955 	 1.067457
0.07048311 	 1.4571182
0.09071778 	 1.0419781
0.06327945 	 0.8108655
0.031620976 	 1.078747
0.031145051 	 0.7397056
0.049153596 	 1.616135
0.033396896 	 1.4880775
0.057489198 	 1.3351759
0.040029712 	 1.7922083
0.046833795 	 1.8435448
0.01568581 	 0.59188366
0.0150491195 	 2.1667101
0.031236736 	 0.36767706
0.0126795145 	 1.1517365
0.022380505 	 1.0277914
0.027550895 	 1.1449797
0.003843173 	 1.4417697
0.033765014 	 1.5319778
0.010257579 	 0.7680822
0.010219281 	 1.9518019
0.010252039 	 0.29719388
0.014182651 	 2.7944255
0.009567465 	 0.37293407
0.0492765 	 2.144749
0.020550584 	 1.8057296
0.053738326 	 1.6693549
0.07206872 	 1.4671317
0.0876752 	 1.5819248
0.08034714 	 2.2137554
0.059656013 	 1.342397
0.08922896 	 0.83699286
0.08504763 	 0.60666656
0.07848909 	 0.38883716
0.07270676 	 1.0456686
0.12318804 	 1.5431083
0.06552829 	 1.1955463
0.06768487 	 0.7302515
0.06344424 	 1.1473943
0.05461327 	 0.7649001
0.06207377 	 1.214942
0.072774515 	 1.0022426
0.051585414 	 1.2604396
0.084358156 	 1.2026637
0.081250146 	 1.1985725
0.03968211 	 1.7596197
0.040592812 	 0.79751796
0.03635174 	 1.436441
0.02163465 	 1.8761276
0.046162672 	 1.1294866
0.050636493 	 1.2382147
0.052957848 	 0.63512635
0.05199601 	 0.5142026
0.044836927 	 0.27269563
0.053607326 	 1.1833405
0.06818049 	 1.5950036
0.027895289 	 1.4630778
0.048752673 	 1.5367959
0.052734833 	 1.0707669
0.0367053 	 1.5791574
0.022941925 	 1.2612544
0.041768998 	 0.6452239
0.03470274 	 1.3918697
0.026878687 	 1.6583878
0.31582186 	 0.94192165
0.28104204 	 1.4476619
0.40340504 	 0.8683639
0.3405734 	 1.1926122
0.23866127 	 0.70319545
0.28788984 	 0.85001713
0.1296829 	 1.1548418
0.14707778 	 0.8817693
0.12903771 	 0.93629694
0.120767206 	 1.1504421
0.07889844 	 0.7268568
0.12415104 	 1.6366751
0.12097297 	 1.8722383
0.09257955 	 0.9093797
0.047003083 	 1.3545716
0.047007456 	 2.0035489
0.036358416 	 1.4726272
0.025845623 	 3.080861
0.010262457 	 1.324095
0.010255472 	 1.5123024
0.028979497 	 1.517037
0.02055168 	 2.6389146
0.020629743 	 1.1287832
0.019723047 	 1.4281175
0.044666134 	 0.81524736
0.058944494 	 2.5001192
0.05662719 	 1.1530086
0.113284305 	 1.7089591
0.14340769 	 1.2694513
0.60957575 	 0.94795394
0.64984655 	 1.0037845
0.2755129 	 0.4845542
0.21698667 	 0.724973
0.15550593 	 1.7101551
0.14854088 	 1.1428711
0.05726624 	 1.4089353
0.08808358 	 0.96818495
0.10764973 	 1.8887901
0.15878992 	 1.8994236
0.28232574 	 1.3214012
0.09599121 	 0.9859911
0.16098711 	 2.0199418
0.15986042 	 1.0196234
0.19830936 	 0.62388325
0.17786305 	 0.716162
0.11157645 	 1.0089386
0.10196144 	 1.010512
0.10196342 	 1.9555665
0.08628661 	 1.4066533
0.052147962 	 2.4977298
0.0645932 	 1.0221931
0.042372815 	 2.6093106
0.046870586 	 1.0819227
0.058595624 	 1.6739873
0.057754323 	 1.1125245
0.053170167 	 0.61064434
0.0779768 	 1.1159734
0.07940049 	 1.2873179
0.11958428 	 1.2885069
0.07944727 	 1.0337759
0.119079776 	 1.1196823
0.12316411 	 0.63241696
0.13674793 	 1.8662438
0.18287635 	 1.8521031
0.14805771 	 1.526409
0.18089645 	 1.3208767
0.35274047 	 0.7771134
0.35263988 	 1.0242839
0.34868073 	 1.1066653
0.29979905 	 1.1270094
0.29604787 	 1.1515174
0.22456165 	 1.2670248
0.103036806 	 0.5979959
0.0742742 	 1.8977865
0.062182162 	 0.78936315
0.024414646 	 1.1643194
0.074034825 	 1.214869
0.057091106 	 2.011942
0.060874864 	 1.4089749
0.036366638 	 1.9095682
0.031223577 	 1.1261653
0.036377084 	 0.69267344
0.11709742 	 0.8209636
0.061962217 	 1.6784838
0.13315278 	 1.5867729
0.26793393 	 1.285565
0.28602716 	 0.8586174
0.27713266 	 1.2785052
0.3230511 	 1.2988544
0.41881627 	 1.0150347
0.38320628 	 0.827942
0.37896958 	 1.0502236
0.38044903 	 0.95174706
0.31869623 	 1.1412209
0.24630031 	 0.6559533
0.30479375 	 1.0261818
0.20519522 	 0.5178255
0.16205949 	 0.794778
0.16314235 	 0.7487814
0.19452143 	 0.7832956
0.18076675 	 0.99276567
0.13793199 	 1.539529
0.15555508 	 1.373023
0.11411353 	 1.3975925
0.11228649 	 1.3402507
0.11379864 	 0.5638544
0.13050404 	 0.7263087
0.10024902 	 0.879415
0.11175473 	 1.7692024
0.119385794 	 1.34528
0.113110825 	 1.3348656
0.17814043 	 1.2248889
0.18322966 	 1.0717933
0.14888345 	 1.5007076
0.1963589 	 0.76859295
0.17788982 	 1.6815932
0.28895405 	 0.9164733
0.285439 	 1.1264178
0.18732369 	 1.4599742
0.1987293 	 1.067465
0.13276282 	 1.0480231
0.13874815 	 2.1911023
Summary
0.003843173  -  0.7435518 ,  0.27269563  -  3.6613007
accuracy:  100.0
equal predictions:  0
