TensorFlow version: 1.13.1
Found 939 images belonging to 1 classes.
argN = 196
argN = 196
0.35540244 	 2.029592
0.44404617 	 2.0870533
0.2590684 	 1.8068138
0.8662964 	 1.5557412
0.6042771 	 1.6329141
0.46874166 	 1.5223358
0.20023836 	 2.7018738
0.11970157 	 2.2648997
0.14897123 	 2.0623536
0.089335255 	 2.2605724
0.1782755 	 1.7467852
0.2369982 	 1.4920584
0.24444486 	 2.2974377
0.24916826 	 1.3804945
0.3167682 	 1.4358885
0.22532266 	 2.299453
0.24033652 	 1.8545616
0.3882452 	 1.662193
0.34943542 	 1.1585612
0.4923581 	 2.246926
0.18150266 	 2.3476822
0.4585193 	 2.0085602
0.6013916 	 1.9369133
0.48599702 	 1.6412668
0.39221075 	 1.6168892
0.22215034 	 1.6710426
0.19116507 	 1.9225414
0.11078581 	 1.8952361
0.020609906 	 2.7067647
0.03174433 	 1.886922
0.020354144 	 1.2267122
0.25910416 	 1.5742087
0.12881252 	 1.6661934
0.45159566 	 1.7238562
0.5207302 	 1.3273984
0.35648587 	 1.566594
0.4066368 	 2.0648441
0.10775826 	 1.5960697
0.33625603 	 1.8352119
0.5884927 	 1.7784555
0.8163047 	 1.7352793
0.28183386 	 2.0742614
0.29453388 	 2.0415165
0.36346942 	 1.6289617
0.31649652 	 1.2979434
0.35709244 	 2.1939738
0.11291041 	 1.9973001
0.04451469 	 1.9730074
0.058820013 	 2.647548
0.074158326 	 2.1126919
0.122361496 	 1.6565858
0.16892514 	 1.9308044
0.17795376 	 1.8848195
0.07408624 	 2.8827722
0.13558601 	 2.756711
0.1321553 	 2.484531
0.21660021 	 1.9698684
0.12682995 	 1.8797233
0.041621786 	 2.6972036
-9.5367386e-07 	 2.3597152
0.0014616796 	 2.0291052
0.0051108445 	 2.8745522
-8.344647e-07 	 1.8868701
-7.152555e-07 	 2.5686145
-9.5367386e-07 	 2.3404975
0.00511408 	 3.668638
0.040666062 	 1.986569
0.32479796 	 1.3703557
0.19579074 	 2.7786958
0.17674443 	 1.8901005
0.03243164 	 1.858127
0.25413647 	 2.3466566
0.3222531 	 2.9158921
0.34692374 	 1.929307
0.3087725 	 1.5344397
0.24635713 	 2.4625762
0.31324005 	 1.7694713
0.20562746 	 1.0948058
0.3816867 	 1.518066
0.34889725 	 1.7038304
0.074135795 	 2.3460724
0.055457916 	 1.9537747
0.07783923 	 2.0050323
0.008682222 	 1.4691545
0.082744025 	 2.528326
0.10625368 	 1.3326824
0.08539177 	 1.7214892
0.025781156 	 4.584852
0.037675004 	 2.796244
0.025643187 	 1.5831513
0.0002458994 	 2.295017
0.02573969 	 1.6624749
0.05501579 	 1.8830047
0.06941144 	 2.08928
0.04648669 	 2.2822778
0.020382125 	 3.6682081
0.025829596 	 2.5744307
0.031089528 	 2.9755104
0.057757415 	 2.2627134
0.04555276 	 1.9907039
-7.152555e-07 	 1.5579834
0.020205667 	 1.4806393
0.047004957 	 1.7772567
0.046773896 	 2.3333344
0.03679713 	 1.6192691
0.031089589 	 1.7103213
0.031089528 	 1.2421544
0.0320746 	 1.5068109
0.025840178 	 1.1213783
0.015423434 	 0.9335334
0.025256835 	 0.7692681
0.020619338 	 0.9215022
0.010255472 	 1.1353562
0.010244933 	 1.6861212
0.017097672 	 1.7560121
0.010222231 	 2.5054448
0.015422344 	 1.6763145
0.015423494 	 1.1345835
0.00511408 	 1.0955137
0.027324468 	 1.7317754
0.056220867 	 1.6913153
0.040861197 	 1.633329
0.029629666 	 1.4591665
0.034660902 	 2.7424371
0.046399962 	 2.0706446
0.07414632 	 1.8040524
0.037164703 	 2.3129635
0.073386386 	 1.9127319
0.044102356 	 1.4563013
0.03628474 	 1.3645489
0.04263017 	 1.4623634
0.036314778 	 0.9958805
0.02695645 	 1.4324743
0.031089466 	 1.4879194
0.026483534 	 1.5681032
0.031722672 	 1.9349573
0.040999047 	 2.1559746
0.0056604305 	 2.019953
0.015423434 	 1.2837397
0.011947915 	 1.3755594
0.0051170154 	 2.2549384
0.010247583 	 1.1979713
0.010255472 	 2.7908127
0.0052955044 	 1.910202
0.0154787 	 1.4650043
0.015468229 	 1.0675379
0.0020374537 	 0.7798854
0.014238817 	 1.3147994
0.015422465 	 2.7227402
0.010093495 	 0.7682783
0.011855266 	 1.2251667
0.02961487 	 1.1195842
0.0056986753 	 1.8760552
0.015423434 	 2.5704484
0.01553621 	 1.180808
0.014550171 	 1.3226653
0.026896382 	 2.3547463
0.024233934 	 1.9739176
0.023751196 	 0.6182946
0.0057725306 	 1.2517817
0.017331984 	 1.3797169
0.010274862 	 1.8141109
0.015423494 	 1.5133303
0.006519903 	 1.400716
0.015958188 	 0.97745544
0.0069657015 	 3.1734495
0.0011155269 	 2.051731
0.0050765765 	 1.7850045
0.010403561 	 0.5171988
0.01049987 	 0.9901427
4.172326e-07 	 2.1325262
0.010255472 	 2.6358287
0.015423494 	 2.334046
0.020313691 	 1.0744154
0.041234244 	 1.0433336
0.047177088 	 1.7624375
0.068608046 	 1.4282652
0.036350936 	 1.9378606
0.03199016 	 2.0449657
0.046815306 	 2.793052
0.045441974 	 1.0349522
0.05785183 	 0.995582
0.0469403 	 2.7906768
0.041670937 	 1.704212
0.047342807 	 2.5815415
0.05543089 	 1.5513884
0.04650205 	 1.7853396
0.023637976 	 1.2667152
0.01841657 	 1.3857185
0.036900155 	 1.6049877
0.041263063 	 2.0013704
0.021544022 	 1.1982796
0.024621416 	 1.0615268
0.009189079 	 1.0368932
0.015409089 	 1.3571016
0.019978587 	 0.89249223
0.010255291 	 1.0936275
0.0053922217 	 0.94035524
0.010009687 	 2.1801383
0.0072964737 	 1.6846206
-8.344647e-07 	 1.2061081
0.025039606 	 1.770943
0.013505169 	 1.5418203
0.013908037 	 1.3168083
0.01405002 	 1.2484809
0.2415863 	 1.6760539
0.19570035 	 1.8432108
0.21455957 	 1.6413558
0.20676625 	 1.9870671
0.14147371 	 1.506051
0.05176982 	 1.9085062
0.031083502 	 1.2137256
0.00511408 	 4.1794257
0.0051139 	 2.1870632
0.010255472 	 3.1985133
0.013792484 	 2.6411755
0.015423434 	 2.3218007
0.015423434 	 1.6015422
0.02584134 	 1.6730766
0.015423434 	 1.3995295
0.010255472 	 0.9061112
0.004779597 	 3.4049609
0.010255472 	 2.4449012
0.00511408 	 0.6402998
-9.5367386e-07 	 4.1780562
0.010284076 	 1.6538107
0.01974858 	 1.2150291
0.014953037 	 3.4871159
0.29857516 	 1.7124171
0.37269506 	 1.7809696
0.44102606 	 1.7915828
0.16340348 	 0.7852943
0.079629205 	 1.9077392
0.057754196 	 1.6957191
0.09166528 	 2.4543836
0.057731085 	 2.7433565
0.052364316 	 1.9492358
0.07369098 	 1.4556566
0.026317991 	 2.2650115
0.06651387 	 0.8801865
0.11290167 	 1.8475618
0.08487314 	 1.7816412
0.06840066 	 1.8583285
0.04167162 	 1.1008289
0.05749065 	 2.9634733
0.04167162 	 2.337133
0.048181083 	 2.880199
0.04166988 	 0.8095895
0.026852543 	 2.1609368
0.015423434 	 2.0533254
0.020618243 	 1.8097943
0.016619032 	 3.4880126
0.020911017 	 2.1688197
0.01594553 	 1.2529413
0.0399946 	 1.3584362
0.05775773 	 2.5053973
0.16191308 	 2.1362646
0.19824795 	 1.6059813
0.21457863 	 1.7414436
0.25073728 	 1.4349915
0.21494879 	 1.4977983
0.18364668 	 1.8591467
0.1829298 	 1.3603915
0.1562064 	 1.2887422
0.12727359 	 1.2246314
0.107634656 	 0.5789235
0.069037125 	 1.2516559
0.07177083 	 2.7174067
0.018123675 	 1.3203093
0.010255472 	 2.445701
0.020113772 	 1.0250957
0.020618243 	 1.8770113
0.020586967 	 1.7484146
0.02061946 	 2.4900622
0.010255472 	 3.1318233
0.015423434 	 2.2257419
0.010255472 	 3.198655
0.010059719 	 3.6682339
0.025379224 	 1.718096
0.045902662 	 2.0592198
0.036396433 	 2.7123406
0.09988505 	 2.885379
0.1595819 	 0.8353579
0.13818887 	 2.278916
0.13766785 	 3.353898
0.1691472 	 2.6310384
0.1915889 	 1.5294601
0.20370594 	 2.9042213
0.23075691 	 2.4459774
0.21665092 	 1.2784299
0.19048555 	 2.2322135
0.21995041 	 2.1427715
0.15846476 	 1.4525459
0.15269385 	 1.8768364
0.19526877 	 1.7458785
0.23677514 	 1.6783712
0.20032895 	 0.82622105
0.19856304 	 1.8214955
0.23557398 	 2.093854
0.14707695 	 2.6390214
0.10743322 	 2.332327
0.029054478 	 2.0988948
0.05207192 	 3.4695086
0.020618912 	 3.8856864
0.010342914 	 2.868387
0.07758973 	 1.5827081
0.0959401 	 1.8815103
0.057662383 	 3.0038066
0.089949645 	 0.76640743
0.063037105 	 2.280656
0.06204713 	 3.4861498
0.07984888 	 1.8906286
0.06890755 	 0.9756272
Summary
-9.5367386e-07  -  0.8662964 ,  0.5171988  -  4.584852
accuracy:  100.0
equal predictions:  0
TensorFlow version: 1.13.1
Found 939 images belonging to 1 classes.
argN = 196
argN = 196
0.58915216 	 1.6316807
0.542246 	 2.0412397
0.39142758 	 2.8246486
1.0119333 	 1.2063329
0.59594876 	 1.2162728
0.526695 	 1.4582399
0.505744 	 2.0968432
0.4947229 	 1.810965
0.35859317 	 2.9790306
0.24931724 	 2.9125881
0.1448114 	 2.28734
0.16108473 	 2.1212437
0.21852562 	 1.8944309
0.22868264 	 1.5963403
0.107814424 	 3.4275167
0.14295842 	 2.2963846
0.35946375 	 1.8402536
0.4220885 	 1.8573942
0.5441864 	 3.3626292
0.3725863 	 2.9864416
0.6288895 	 1.589789
0.2077059 	 2.1757064
0.24697292 	 2.0666516
0.11878547 	 2.5047681
0.053247485 	 1.9963896
0.030380467 	 4.043766
0.027493486 	 2.4104035
0.06679307 	 3.3963718
0.0979548 	 2.2193832
0.13129263 	 2.9702673
0.6981395 	 1.4808458
0.50362295 	 1.5364445
0.40669 	 1.4112386
0.44851744 	 1.537648
0.74025244 	 1.4531733
0.66364896 	 1.6102886
1.061508 	 1.4826097
0.9612098 	 1.4300301
0.91051465 	 1.4798613
0.33347788 	 1.8495983
0.04188665 	 2.8295815
0.17419073 	 1.835507
0.56485844 	 1.3806263
0.45906514 	 1.269701
0.22155455 	 1.4531468
0.074162625 	 2.2533097
0.06967994 	 1.7099133
0.09564177 	 1.6991557
0.09440563 	 1.9672748
0.23181333 	 5.1113133
0.15004534 	 2.183444
0.15195899 	 2.78844
0.21659674 	 1.9330792
0.23060189 	 2.0796664
0.38635755 	 1.4871757
0.23579624 	 1.9111905
0.4206702 	 1.8403834
0.31992474 	 1.814345
0.18121505 	 2.1357768
0.15981595 	 1.755686
0.18785924 	 1.9007452
0.010360559 	 1.947065
0.0110569475 	 3.1006663
0.0053262445 	 3.4495733
-2.3841855e-07 	 1.9058739
0.010255472 	 2.0933707
0.025831738 	 2.7327669
0.051803403 	 2.0774615
0.055669818 	 2.3804646
0.1822673 	 2.0866306
0.37735662 	 1.4657141
0.6100002 	 1.0231998
0.5672047 	 1.264459
0.41119862 	 1.3699403
0.28879777 	 1.4097092
0.28199476 	 1.7184453
0.2412544 	 1.4717191
0.14642446 	 1.8321759
0.11454562 	 1.6323278
0.5267266 	 1.3285323
0.51458687 	 1.266709
0.43239403 	 1.1920063
0.27415496 	 1.7708691
0.21985364 	 1.715338
0.081226096 	 2.3717325
0.17664373 	 1.6437324
0.11042211 	 1.7613757
0.08639935 	 1.5441893
0.11245729 	 2.0859761
0.088066325 	 2.119554
0.08795815 	 1.9813844
0.047112916 	 3.1501288
0.06289174 	 4.030111
0.04089609 	 3.1516826
0.004683238 	 2.6693976
0.04163589 	 2.914381
0.055522118 	 2.5616317
0.039423093 	 2.2027693
0.032651957 	 2.140081
0.057514135 	 1.4720856
0.041753523 	 1.578727
0.03109586 	 1.809488
0.055948645 	 2.4600027
0.040924095 	 1.6312666
0.034330394 	 1.2815557
0.032785725 	 1.7933003
0.013947626 	 1.5669209
0.013478043 	 2.1472132
0.005114739 	 1.9490951
0.012965385 	 2.941992
0.010249028 	 1.7402478
0.01025222 	 2.0794334
0.029413018 	 1.1758505
0.025397137 	 2.4765735
0.01591858 	 2.2909667
0.04183214 	 2.0791757
0.010415908 	 1.5604439
0.036370594 	 1.8381753
0.06975439 	 1.9488294
0.067338295 	 0.8837906
0.039523914 	 0.8328822
0.05593087 	 0.92573684
0.060575157 	 1.0297014
0.06935484 	 1.2887034
0.106800236 	 1.3009391
0.0963541 	 2.253033
0.085069634 	 0.68361855
0.11472817 	 2.719329
0.094135255 	 1.657885
0.07354714 	 1.7019995
0.069608495 	 1.4190738
0.07950865 	 1.036048
0.052244358 	 1.5385218
0.04630294 	 1.5619293
0.04167162 	 1.6795286
0.053534128 	 2.4354463
0.03456909 	 3.1093616
0.07092119 	 1.4430026
0.03501393 	 1.9519463
0.03246618 	 2.3321292
0.02577449 	 2.5266182
0.020662418 	 1.609421
0.023900077 	 1.8357537
0.03108719 	 1.2872211
0.029847773 	 1.5129162
0.040226333 	 2.0476975
0.015452913 	 1.8825295
0.023034507 	 1.2272152
0.025840057 	 3.1961157
0.036049716 	 1.8028966
0.02500471 	 1.9003513
0.018037675 	 1.282677
0.020159444 	 1.4644703
0.020803658 	 1.4898823
0.02135932 	 1.970812
0.010257037 	 1.717227
0.025837915 	 1.9102149
0.021923456 	 2.6567464
0.0053718467 	 2.333466
0.016592307 	 1.5667136
0.03717565 	 1.9279824
0.015424584 	 2.11903
0.009157438 	 1.6542071
0.020581553 	 2.1354187
0.020311685 	 2.9155192
0.036366515 	 2.1245449
0.035247166 	 1.9739112
0.052359417 	 1.6403363
0.061635494 	 2.7148209
0.057037592 	 1.437684
0.06226583 	 1.1030408
0.073835425 	 1.5873404
0.069874294 	 1.5145177
0.065590024 	 1.5499018
0.06902972 	 1.7423898
0.068678655 	 1.5762428
0.04694461 	 1.2640163
0.039295565 	 1.9577523
0.043518785 	 1.3445979
0.041571453 	 2.3698537
0.050425027 	 1.0291553
0.048221365 	 1.24292
0.031153968 	 2.1767905
0.044987295 	 2.4465733
0.0671814 	 1.3659807
0.04975049 	 1.7091237
0.020243438 	 1.2986296
0.040030334 	 1.6148252
0.015465565 	 0.7026713
0.026890198 	 1.6861515
0.031436063 	 1.4558524
0.020513289 	 2.2549336
0.015490021 	 1.5391477
0.040753163 	 1.1742762
0.010339361 	 1.9002057
0.04531536 	 1.760427
0.026942734 	 1.6106634
0.03373943 	 1.8170105
0.06743929 	 1.369359
0.042440847 	 1.302141
0.0497835 	 2.0623827
0.209303 	 1.7060281
0.20564531 	 1.4842196
0.16529796 	 2.5049434
0.041654903 	 3.4944124
0.031089712 	 4.584864
0.0024547281 	 1.2287047
0.025841586 	 2.0492902
0.0051174345 	 1.5455765
0.030824246 	 2.7177253
0.020618243 	 2.184192
0.022259459 	 2.0889745
0.021313654 	 1.8681605
0.03739566 	 2.143435
0.045065235 	 1.6235287
0.052368272 	 2.4461026
0.05775792 	 3.1986446
0.04194346 	 5.283612
0.045213707 	 2.8793325
0.05216222 	 2.7131364
0.036366574 	 1.6444198
0.03036406 	 2.781438
0.015423434 	 2.1016653
0.027302232 	 4.5848465
0.03731349 	 1.4084972
0.041286048 	 3.667753
0.022361487 	 0.9035116
0.025864156 	 1.3744979
0.029337889 	 1.8739499
0.0426525 	 2.7099485
0.50723106 	 1.8701304
0.12654492 	 4.406824
0.07568375 	 2.475374
0.079891555 	 2.6388395
0.06847668 	 2.4411438
0.07396294 	 3.3309145
0.44599408 	 1.9416128
0.15906213 	 2.0105786
0.08515562 	 2.8750474
0.19045758 	 1.026208
0.13406894 	 1.7765865
0.0907493 	 1.6704769
0.07959255 	 1.7220728
0.093715504 	 3.0023477
0.09097985 	 1.7501878
0.07297377 	 1.5543996
0.07105685 	 1.3223236
0.07339556 	 1.6056956
0.06517972 	 3.1986113
0.036555864 	 1.2496499
0.04168324 	 3.2063363
0.046866525 	 2.2653434
0.07534583 	 2.7089925
0.06397862 	 1.6954374
0.07032624 	 2.8495116
0.07095466 	 2.111316
0.07419081 	 3.6063159
0.08889151 	 1.0883756
0.1830441 	 2.57122
0.22429188 	 2.1002104
0.3648896 	 1.1666154
0.4090668 	 1.3892347
0.3871262 	 0.8863476
0.4203002 	 1.3960103
0.40070504 	 1.2140039
0.36860478 	 1.0945321
0.24375036 	 1.8000654
0.23819602 	 1.4810553
0.22844449 	 2.2804976
0.14081244 	 1.9502133
0.10200923 	 1.471386
0.081300184 	 2.8748975
0.025610348 	 3.0220048
0.015393048 	 1.9445907
0.074073784 	 2.5684536
0.10425674 	 2.2702048
0.13766456 	 2.040281
0.15596157 	 1.5819007
0.17026927 	 2.1442401
0.2843287 	 2.0238087
0.26227358 	 2.0971718
0.48743847 	 1.3014349
0.45658255 	 1.2406015
0.5775797 	 1.3470501
0.49814978 	 1.2792041
0.41108865 	 1.0482545
0.4540492 	 1.2348174
0.43799436 	 1.1220176
0.42641887 	 1.258066
0.3493536 	 1.4201641
0.2668133 	 1.4363401
0.3299494 	 1.6901108
0.35377625 	 1.4675431
0.29181755 	 0.8332694
0.23359782 	 1.1188055
0.19808728 	 2.177511
0.18638691 	 1.805552
0.16473219 	 2.2937775
0.07875333 	 1.2426875
0.09111519 	 1.7712667
0.07410723 	 1.8372841
0.07227386 	 1.9821984
0.054490335 	 1.8127445
0.13687176 	 1.4513755
0.100434385 	 2.570266
0.14249574 	 2.1199934
0.13765875 	 2.4315171
0.15799241 	 2.09175
0.1630952 	 1.4543831
0.08298627 	 1.6430403
0.08927021 	 3.5708768
0.09271661 	 1.6165506
0.09736405 	 4.1901956
Summary
-2.3841855e-07  -  1.061508 ,  0.68361855  -  5.283612
accuracy:  100.0
equal predictions:  0
TensorFlow version: 1.13.1
Found 939 images belonging to 1 classes.
argN = 196
argN = 196
0.60939944 	 1.3082553
0.53579485 	 0.6811793
0.2913955 	 0.76344156
0.20537527 	 0.96530205
0.04747393 	 1.7691776
0.057873428 	 1.1329612
0.18579344 	 1.280754
0.13652824 	 1.3240007
0.071598 	 1.7885966
0.18527192 	 1.5675318
0.16609322 	 1.8238739
0.20095712 	 0.76823694
0.28741834 	 1.0061623
0.23310554 	 0.9903657
0.23141712 	 0.9182319
0.24019669 	 1.031219
0.23448074 	 0.9861902
0.3703751 	 0.8116173
0.5001021 	 0.80118704
0.4887578 	 1.1116854
0.4514822 	 0.70971733
0.4186896 	 1.5176638
0.47279665 	 0.9459055
0.31992188 	 1.5605103
0.27671424 	 0.8888484
0.36226735 	 1.0414512
0.28373823 	 1.1545051
0.4387609 	 0.7180809
0.2564049 	 1.2153835
0.09469416 	 0.957953
0.03679045 	 0.88450706
0.045807187 	 1.2484363
0.1337691 	 1.1914262
0.6518505 	 1.0640377
0.5843134 	 1.4135118
0.5580363 	 0.44000882
0.47802225 	 0.3124663
0.47684556 	 1.5096813
0.8052001 	 1.498669
0.4280534 	 1.202911
0.33579445 	 1.4363594
0.39766264 	 0.67292565
0.24104019 	 1.2237692
0.23570722 	 0.9595939
0.08647525 	 1.6347014
0.016046613 	 0.8854469
0.041669443 	 1.3341597
0.14861088 	 1.1178639
0.277429 	 1.0606085
0.2248732 	 0.8001088
0.70823926 	 0.9149509
0.35999396 	 1.0942014
0.49699515 	 1.2002137
0.42991483 	 0.8674794
0.34542045 	 0.78717613
0.10762948 	 0.46994907
0.0957986 	 1.3508805
0.008333622 	 2.4864683
0.7917145 	 1.171363
0.9019416 	 0.7024829
0.82507443 	 1.2492561
0.38298157 	 1.8896121
0.40096 	 1.6669779
0.44399154 	 0.66819924
0.40042406 	 1.3807858
0.30211622 	 1.0832524
0.40662304 	 1.461915
0.35467204 	 1.5049684
0.39722982 	 0.52518475
0.23900898 	 0.67369455
0.03832107 	 1.3128483
0.054853644 	 1.3737074
0.40727255 	 0.8311344
7.7727476e-05 	 3.2021878
2.6822127e-06 	 2.441741
0.3132665 	 0.76987785
0.3444339 	 0.89437014
0.25842687 	 0.8953735
0.33035025 	 0.5254675
0.2799661 	 0.80596834
0.25842008 	 0.8567397
0.43285063 	 0.84088206
0.11013799 	 1.185139
0.1196395 	 0.7802975
0.31481555 	 0.9711683
0.18579581 	 1.3089279
0.14354515 	 1.3094361
0.17719172 	 1.7852223
0.10675607 	 1.2241486
0.097962886 	 2.0421684
0.079938814 	 1.513139
0.11467957 	 1.60909
0.090481415 	 1.1453202
0.085186645 	 0.677911
0.08657547 	 1.4933708
0.04988562 	 1.8227777
0.07020538 	 1.5852193
0.05233153 	 1.7740796
0.067851216 	 1.2039998
0.09663019 	 1.1109575
0.061224595 	 2.002545
0.079716735 	 1.4438866
0.11697695 	 1.4006433
0.1669754 	 0.9844233
0.16515584 	 1.1155668
0.2009706 	 1.2315065
0.21250015 	 0.8307639
0.29076743 	 1.1020889
0.28587466 	 0.98214954
0.30476853 	 1.005755
0.32931837 	 1.0146052
0.30187717 	 0.840462
0.270547 	 0.98044676
0.26703078 	 0.88154805
0.26509455 	 0.9049351
0.283192 	 0.8542476
0.29069155 	 0.9506544
0.22671434 	 0.9093121
0.24262096 	 0.9278432
0.26107594 	 1.0207071
0.2248926 	 0.7393008
0.18316644 	 1.034813
0.21760316 	 1.3375974
0.1991904 	 1.4264835
0.21104023 	 1.0371606
0.20256004 	 1.2877303
0.15823215 	 1.2358258
0.15742435 	 1.3847979
0.20543462 	 0.8490042
0.14585699 	 0.79420006
0.11303908 	 1.1304121
0.11762197 	 1.4739064
0.11586247 	 1.6511127
0.12295096 	 1.195555
0.11152114 	 1.4238458
0.12458249 	 0.98886067
0.14801328 	 1.3966068
0.13956308 	 1.4143337
0.13725376 	 2.5652535
0.14510907 	 1.9465493
0.12877198 	 1.0943536
0.10259289 	 0.9952388
0.11725564 	 1.5508981
0.12871212 	 1.309163
0.13873844 	 1.1588341
0.13811734 	 1.4207447
0.15233457 	 1.1611168
0.14154272 	 1.3699213
0.1305198 	 1.1391581
0.099806406 	 1.7066191
0.11488749 	 0.5558145
0.16049223 	 1.3621168
0.15904243 	 1.025487
0.17684537 	 0.676476
0.18171087 	 1.2485753
0.19494957 	 1.0348134
0.15753695 	 1.2114708
0.16662496 	 1.2130957
0.12454529 	 1.1624662
0.1733147 	 1.2504927
0.17592132 	 1.134679
0.15260671 	 1.2280194
0.12069787 	 1.2510873
0.13670883 	 1.3873163
0.13039546 	 1.0780811
0.1010836 	 1.1668998
0.113243915 	 1.2875887
0.11634198 	 1.2219287
0.08090323 	 1.7707696
0.09982932 	 1.6440326
0.081188604 	 1.6126015
0.10673644 	 1.4634086
0.07832251 	 1.5171287
0.11992687 	 1.2505689
0.08179206 	 1.7296528
0.11151308 	 1.9219391
0.07264119 	 1.8909141
0.09970103 	 2.0387406
0.10352535 	 1.4738245
0.090449184 	 1.0353004
0.101355724 	 1.3432441
0.058558524 	 1.7548078
0.05301196 	 1.947215
0.06277603 	 1.095719
0.06835509 	 1.7505356
0.030264284 	 1.5438619
0.05181897 	 1.4789398
0.34726632 	 1.079149
0.3359167 	 1.1014423
0.28547215 	 0.80789703
0.2950439 	 0.99668837
0.23472981 	 1.0349025
0.20755178 	 0.7694406
0.32965 	 0.9453494
0.35422125 	 0.737838
0.3074817 	 1.0693995
0.2735047 	 1.448378
0.309801 	 0.91423625
0.2762347 	 1.0462447
0.30722722 	 0.7074578
0.3012653 	 0.91056
0.2864918 	 0.6398535
0.20853893 	 1.2846802
0.24017835 	 0.96194863
0.15812574 	 1.7703089
0.19158328 	 0.9220991
0.17686465 	 0.9574443
0.18451524 	 0.41747254
0.17397095 	 1.026717
0.18971369 	 0.58021015
0.21523866 	 1.0111167
0.17923488 	 0.8547008
0.19733334 	 0.8298405
0.22164932 	 0.9329118
0.20544334 	 1.0708923
0.22942755 	 0.5563374
0.21108042 	 0.8872115
0.19723365 	 1.2364037
0.2296459 	 1.0583956
0.25646415 	 1.2258301
0.26936507 	 1.2001379
0.30727795 	 0.8737461
0.2899896 	 0.72328097
0.29687223 	 0.6557818
0.3392854 	 0.6993553
0.38108113 	 0.7623658
0.40294126 	 1.0103905
0.3500546 	 0.5218636
0.36945426 	 1.111297
0.41097555 	 0.6785218
0.27889138 	 1.2250892
0.25716668 	 0.71281457
0.20379443 	 0.98707974
0.2586606 	 0.7429559
0.20365837 	 1.4630363
0.27712905 	 1.044779
0.33044365 	 0.8094723
0.32115972 	 0.6303992
0.28069466 	 0.93094325
0.34731618 	 1.1197168
0.4006441 	 0.67265517
0.34672317 	 0.50761735
0.36762756 	 1.0953406
0.46997017 	 0.770987
0.36876756 	 0.8991917
0.3608391 	 0.6926677
0.39600554 	 0.8958296
0.26982775 	 0.7060353
0.26986483 	 0.77213305
0.28099245 	 0.8289468
0.27761483 	 1.07816
0.27827916 	 0.8189866
0.2537953 	 1.3218637
0.24157432 	 0.74868774
0.30462497 	 0.71152705
0.43798432 	 0.66607326
0.36000594 	 0.9185546
0.36048687 	 0.8051417
0.2896568 	 0.78937155
0.24046259 	 0.7907756
0.21168046 	 0.9186478
0.22232729 	 1.2192346
0.20703653 	 0.9029742
0.24336164 	 0.83379316
0.22817062 	 0.87312895
0.32901832 	 0.6531319
0.39513966 	 0.88966686
0.40716732 	 0.79079777
0.48503038 	 0.6450213
0.26735818 	 1.1742784
0.20776577 	 1.335089
0.17369075 	 1.0793667
0.24602981 	 0.72859436
0.29247472 	 1.0762947
0.29826766 	 0.46369508
0.21778812 	 1.0290945
0.27150688 	 0.96094406
0.30109236 	 0.8292903
0.28867286 	 1.2578005
0.21017605 	 0.60429454
0.23429252 	 1.18546
0.29146937 	 0.8267343
0.40509304 	 0.71109754
0.39300054 	 0.6297134
0.53075916 	 0.70776665
0.47907045 	 0.8615922
0.45100972 	 0.855742
0.5307551 	 0.5590589
0.32701492 	 0.5613101
0.34961566 	 0.696964
0.25789076 	 0.54223204
0.27648136 	 0.58735496
0.32754278 	 0.6231647
0.2551579 	 0.51319003
0.26203677 	 1.2187511
0.2397879 	 0.9311112
0.19078183 	 0.7319993
0.16879629 	 0.9719611
0.21606201 	 0.6121237
0.24942088 	 1.0599191
0.17723036 	 0.7691028
0.17777176 	 0.9172178
0.2536628 	 0.4102652
0.13470443 	 0.8882391
0.13915965 	 1.096488
0.15147465 	 1.3092716
0.13873541 	 0.99792695
0.19327173 	 0.67072284
0.18642683 	 0.866455
0.12254103 	 0.85556555
0.16502987 	 0.6986883
0.16827275 	 0.978721
0.19615589 	 1.1893563
Summary
2.6822127e-06  -  0.9019416 ,  0.3124663  -  3.2021878
accuracy:  99.0
equal predictions:  0
TensorFlow version: 1.13.1
Found 939 images belonging to 1 classes.
argN = 196
argN = 196
0.4663675 	 2.093932
0.23825516 	 2.8614275
0.9207044 	 1.3641291
0.9255445 	 1.501503
0.22784112 	 1.6404196
0.2343372 	 2.4494534
0.24064234 	 2.6949615
0.2262868 	 2.699558
0.20598933 	 2.0534496
0.20555402 	 1.386638
0.2240832 	 2.1805277
0.33729777 	 1.3902193
0.33427265 	 2.8977382
0.30054778 	 2.1002707
0.45946187 	 1.7096431
0.28067476 	 2.7672646
0.07189309 	 2.973397
0.07822466 	 2.0272589
0.02752118 	 1.8049742
0.03890217 	 2.3258514
0.033793498 	 1.6495315
0.39323607 	 1.6707282
0.43741137 	 1.231952
0.34979197 	 3.3199146
0.5563321 	 1.697347
0.81657195 	 1.8382809
0.6961433 	 1.3554608
0.4091366 	 1.694854
0.74708915 	 1.1477606
0.87017584 	 1.7479203
0.90355325 	 1.2375444
0.7803904 	 1.693987
0.6738165 	 3.4271276
0.5883907 	 1.9284649
0.30797017 	 2.5697155
0.2377569 	 2.3668637
0.8598215 	 1.203325
0.8355058 	 1.7468714
0.35999432 	 2.3452504
0.34299433 	 2.7732034
0.47341722 	 1.4368867
0.42858338 	 1.2411282
0.36182255 	 1.6731957
0.07473077 	 3.8784559
0.03384208 	 3.1777291
0.11344526 	 2.3056319
0.0935908 	 1.9067541
0.05815445 	 3.039308
0.25461897 	 2.316872
0.22844659 	 1.6841167
0.16639037 	 3.7212348
0.21567221 	 1.2845383
0.15647192 	 2.1064596
0.20809643 	 1.9101171
0.17140768 	 1.9179655
0.16722497 	 2.3699863
0.10196751 	 1.8542837
0.36582798 	 1.8590258
0.24316536 	 1.9425281
0.09638291 	 1.5599258
0.052785352 	 1.9545311
0.10582696 	 2.355264
-9.5367386e-07 	 2.635098
0.010217835 	 3.8646467
0.010255472 	 2.7922015
0.1229668 	 1.7637974
0.20653525 	 1.9591568
0.09815868 	 2.498667
0.38850966 	 1.4885203
0.13382284 	 1.8933932
0.30953747 	 1.418813
0.28795955 	 1.6837561
0.35358813 	 1.4667327
0.4277692 	 1.0404054
0.44364333 	 1.4371454
0.40723494 	 1.4836352
0.46710247 	 2.2389488
0.28980204 	 2.2761674
0.16769734 	 2.1007793
0.08928162 	 2.5020287
0.16806938 	 3.375425
0.12591575 	 1.5530852
3.218656e-06 	 2.5532045
0.04037601 	 2.0407786
0.046231277 	 1.7953231
0.021008648 	 2.55355
0.041669942 	 1.9856426
0.031470142 	 2.148199
0.022228437 	 2.9600477
0.020666799 	 2.2655644
0.00511408 	 2.1840076
0.013099805 	 1.961648
0.02140633 	 2.277586
0.09051822 	 2.0736587
0.018079795 	 3.411243
0.0193061 	 3.411803
0.025826233 	 1.7402225
0.028338643 	 2.200236
0.030917255 	 1.8877109
0.0059585716 	 1.3260183
0.020234436 	 0.99797803
0.0051142597 	 2.3626952
0.015307585 	 1.5164394
0.013854187 	 1.1958048
0.011657993 	 1.2316706
0.0051141395 	 0.85841334
0.013952884 	 1.2563158
0.022040868 	 1.4130759
0.029179174 	 1.1664823
0.023310907 	 1.2246007
0.04265113 	 0.98774326
0.025840178 	 1.6680161
0.03475063 	 2.4139638
0.058027793 	 2.268834
0.044175055 	 1.492862
0.07353078 	 2.2676442
0.085270576 	 1.6211872
0.058994632 	 1.6804359
0.045978863 	 1.0592887
0.04197485 	 0.7594862
0.045950215 	 2.1560729
0.06884395 	 2.0429509
0.04115064 	 1.4916354
0.058749277 	 1.4092104
0.036459547 	 0.80786276
0.045313675 	 1.8058925
0.031089589 	 1.4470571
0.031090204 	 1.1701528
0.030748088 	 2.3330438
0.020618243 	 1.0989648
0.023200301 	 1.5564512
0.01029624 	 1.0755576
0.015492503 	 1.7767856
0.035910137 	 1.9644787
0.031025399 	 2.1375074
0.03649435 	 1.3567661
0.020779377 	 1.2730316
0.034941215 	 1.7264559
0.030846683 	 1.2576684
0.010669745 	 1.7882929
0.010411572 	 1.6265234
0.019930307 	 2.9928718
0.020096255 	 1.7991459
0.015296024 	 1.2668461
0.010255531 	 1.4585187
0.020526916 	 1.9464478
0.0041537005 	 1.6667355
0.016362712 	 1.2103469
0.00939832 	 1.5973278
0.010256014 	 1.3441443
0.02038681 	 1.4496062
0.015448615 	 2.157289
0.0378014 	 1.8120424
0.021475023 	 1.276063
0.04690563 	 2.1437151
0.034666643 	 1.7728913
0.036367133 	 1.9433734
0.02187484 	 1.8135391
0.025833022 	 1.3417227
0.03636707 	 0.98613334
0.04167156 	 2.3228366
0.056303658 	 2.014283
0.046800442 	 1.1457657
0.058908835 	 1.1400625
0.05915309 	 1.3343254
0.05768429 	 1.4747266
0.0637645 	 1.3828155
0.056226857 	 1.3454565
0.055249397 	 1.2757274
0.04708199 	 1.752545
0.07433256 	 1.5685085
0.052490633 	 1.4368255
0.048795544 	 1.2577746
0.05636829 	 2.0881634
0.0562435 	 1.3773868
0.04654526 	 1.9985654
0.02898778 	 1.0975571
0.05194365 	 1.0054982
0.049695987 	 1.7936624
0.07479802 	 0.73007286
0.024387589 	 1.4280427
0.026605584 	 2.176188
0.038958255 	 1.607236
0.023373934 	 2.1224658
0.026214272 	 2.059727
0.005184836 	 1.4017868
0.016701698 	 0.7440287
0.023807412 	 1.4583371
0.015423434 	 2.6239085
0.02437238 	 1.8691952
0.023627175 	 0.76705843
0.010274983 	 2.1502078
0.04399852 	 1.7902278
0.017317064 	 0.89656234
0.04592744 	 1.3377568
0.006020633 	 1.8552359
0.03487764 	 1.2437145
0.019820318 	 2.281471
0.01351991 	 1.1984986
0.020834574 	 0.75955576
0.021359991 	 1.5546199
0.028712997 	 0.78602946
0.035233274 	 1.1522552
0.16290584 	 1.713121
0.10669253 	 3.3323154
0.18173482 	 1.5218784
0.20154966 	 1.1194075
0.062361557 	 1.3303875
0.088870145 	 2.7118108
0.052370284 	 2.1291373
0.020618243 	 1.3907702
0.046600338 	 3.3497996
0.025840178 	 2.7898915
0.047048878 	 3.6670341
0.052363124 	 2.8499844
0.031085776 	 1.6823853
0.020520832 	 1.5687895
0.03647271 	 4.1805754
0.036366574 	 0.9818383
0.038703144 	 4.65795
0.025814429 	 2.2414246
0.02221637 	 2.2247345
0.027187694 	 2.880202
0.019752713 	 1.9485687
0.05236639 	 1.8975662
0.04121008 	 1.1005472
0.06019451 	 2.2806444
0.31915656 	 1.8140235
0.22985528 	 2.1792617
0.08546253 	 1.5672246
0.11906319 	 1.9375713
0.097883284 	 1.7847737
0.04139538 	 3.0059974
0.06859719 	 2.975383
0.036207173 	 3.1987703
0.07963192 	 2.793195
0.09803685 	 2.2336307
0.06318617 	 3.1984038
0.041667085 	 1.8995694
0.09122129 	 2.9609532
0.11937504 	 3.332177
0.116810866 	 2.2327955
0.1296069 	 2.2298913
0.13256368 	 2.2661154
0.09795855 	 1.9822685
0.10189049 	 1.1858737
0.075422116 	 1.5173784
0.056963008 	 1.8397555
0.038172934 	 1.2116188
0.056375038 	 1.8280958
0.0435501 	 3.4874606
0.03631892 	 1.8678031
0.036366574 	 1.8642335
0.059491463 	 2.824521
0.04709817 	 3.125112
0.035322558 	 2.5566106
0.051458832 	 2.8795555
0.031088296 	 1.9070077
0.03072264 	 2.3576775
0.040923413 	 1.4931798
0.04700227 	 1.7384235
0.026074406 	 1.8108847
0.028347656 	 2.7480438
0.06254593 	 3.4756887
0.08512214 	 2.684861
0.3193334 	 0.81863356
0.26838776 	 1.7995462
0.30698568 	 1.5346662
0.23374674 	 1.3941636
0.1380108 	 2.4606762
0.07334822 	 2.8804815
0.036366824 	 2.8777084
0.04650486 	 1.3609467
0.04098973 	 2.187061
0.025855165 	 1.2171631
0.021871306 	 1.8791349
0.025840178 	 2.7268531
0.020675562 	 1.6970221
0.05775754 	 3.0142758
0.09789242 	 1.3884958
0.17833091 	 1.6696799
0.26964813 	 1.7275524
0.25830048 	 2.3048615
0.31617233 	 2.5813556
0.33919066 	 1.3453066
0.45857862 	 1.8430594
0.48787972 	 1.3377836
0.4408706 	 1.3493989
0.5118104 	 0.828816
0.3168566 	 1.2566433
0.31497294 	 1.1688783
0.23733957 	 0.80465364
0.14063165 	 2.4144976
0.117909506 	 3.5968447
0.09169867 	 2.5055163
0.07797293 	 1.2011014
0.05770753 	 1.7538477
0.05775773 	 1.3099034
0.059747882 	 2.5690384
0.060184952 	 1.1584321
0.05412181 	 1.6545774
0.07025213 	 1.633541
0.059430547 	 2.6494231
0.06766159 	 2.68357
0.0800469 	 2.2270713
0.13155264 	 2.2672684
0.15411437 	 1.5106839
0.14467722 	 2.7511287
0.10670394 	 2.7837691
0.09035438 	 2.8808777
0.09688476 	 1.6597081
0.13670015 	 2.4151583
0.107485585 	 2.506168
Summary
-9.5367386e-07  -  0.9255445 ,  0.73007286  -  4.65795
accuracy:  100.0
equal predictions:  0
