TensorFlow version: 1.13.1
Found 939 images belonging to 1 classes.
argN = 196
argN = 196
0.13412926 	 3.8862555
0.14943193 	 2.4887109
0.17781661 	 2.4896677
0.2518641 	 3.4548817
0.1531002 	 2.478373
0.57313776 	 2.5615554
0.4342552 	 2.1055624
0.21223967 	 2.7715814
0.15067151 	 3.9383192
0.12660566 	 3.490461
0.11090221 	 1.4629648
0.10406247 	 1.3949533
0.10556044 	 1.871688
0.14624864 	 1.6659212
0.19321033 	 2.0220392
0.119924515 	 1.9318463
0.19008116 	 2.6229959
0.18832353 	 2.7456968
0.17003249 	 2.5325472
0.18246736 	 2.258329
0.11670322 	 2.0974412
0.25052017 	 2.43771
0.25397247 	 3.1299553
0.27746284 	 3.4896345
0.25930792 	 3.8802152
0.010255472 	 4.213656
0.1344121 	 2.975486
0.012100779 	 3.3546164
0.019767 	 3.4752052
0.010781443 	 3.653676
0.02060729 	 3.4698474
0.10138468 	 3.9843547
0.16106777 	 2.10766
0.23827241 	 2.3984413
0.23866749 	 2.1655416
0.14055659 	 2.661213
0.07376721 	 3.0401464
0.14494032 	 3.0141823
0.3526726 	 2.3657928
0.36610034 	 2.6365893
0.24790165 	 5.4197497
0.25702286 	 2.665559
0.38120636 	 2.7573009
0.3391259 	 2.5092611
0.24798864 	 2.249918
0.2716978 	 2.3345282
0.16971369 	 3.17658
0.1409341 	 2.5651503
0.02914309 	 2.5441494
0.020566402 	 3.9139576
0.046073165 	 2.2653928
0.04698097 	 3.4953942
0.0875901 	 2.6185296
0.14256729 	 3.2735085
0.08243698 	 2.869786
0.03551492 	 2.3077385
0.010255411 	 3.3341968
0.010254087 	 3.0604923
1.1920929e-07 	 3.9212792
-9.5367386e-07 	 2.883748
-9.5367386e-07 	 3.0744436
0.021225248 	 1.7375956
0.120034255 	 3.21898
0.028876606 	 1.9973954
0.09333551 	 3.3622181
0.12171159 	 3.1677372
0.12838264 	 3.0581663
0.12906381 	 2.8037472
0.22009085 	 2.8769724
0.4222566 	 3.3003283
0.19682434 	 2.1941087
0.24359842 	 2.4429996
0.23398773 	 2.5036607
0.27418584 	 2.549559
0.20289788 	 2.0337741
0.26405245 	 2.579614
0.09640142 	 1.3390838
-9.5367386e-07 	 1.6134844
-9.5367386e-07 	 2.854596
0.05075676 	 3.1683066
0.026048834 	 4.4195647
0.010387963 	 1.8179557
-9.5367386e-07 	 2.9620707
0.010203143 	 2.204831
0.039837595 	 2.5778823
-9.5367386e-07 	 3.4600592
0.025845746 	 3.9274888
0.02055168 	 3.4797482
0.02855935 	 2.8717523
0.012196468 	 5.482189
0.015577377 	 2.1491745
0.010361523 	 2.0249
0.019534184 	 2.1298487
0.010255291 	 1.6782202
0.015423676 	 1.2228739
0.009009653 	 3.4893434
0.0102378875 	 2.4411964
1.0490473e-05 	 1.3785721
1.4543639e-05 	 2.8112416
0.0102500515 	 1.5170593
-8.344647e-07 	 3.332237
0.0051096464 	 2.0674088
0.02061374 	 3.449622
0.015422223 	 2.327868
0.025598118 	 1.4264908
0.037505865 	 2.4539764
0.011110707 	 2.144725
0.025595427 	 1.1603559
0.041696724 	 1.6970943
0.04175831 	 2.9513683
0.026167586 	 2.1899886
0.045444094 	 2.0768585
0.04164894 	 1.0203272
0.019121936 	 1.6673214
0.036177944 	 1.9391403
0.03178789 	 1.6660427
0.012374476 	 1.8987273
0.020585569 	 1.3647087
0.014919882 	 1.6776648
0.010268058 	 2.228127
0.018491311 	 2.1582508
0.032005176 	 2.3877532
0.015423434 	 2.2396343
0.02111414 	 1.9046768
0.016009606 	 2.9799173
0.02670616 	 2.729519
0.015118828 	 2.2282732
0.016387554 	 2.7654572
0.025739567 	 1.487592
0.010255472 	 2.0989711
0.012165758 	 1.9192091
0.0069516567 	 1.4277765
0.020653838 	 1.9261159
0.02660136 	 1.4428401
0.0051250434 	 2.1524675
0.015077257 	 2.0329819
0.015194047 	 2.4057536
0.026986454 	 3.4974928
0.02550016 	 2.0292985
0.011277008 	 2.6288993
0.010258061 	 2.7882056
0.0051141996 	 3.0116937
0.010150335 	 2.384943
0.00511408 	 2.0086477
0.008438928 	 2.3415418
-2.3841855e-07 	 2.2333243
0.0038017684 	 1.4350754
0.008930447 	 3.8922684
-9.5367386e-07 	 3.7588706
-9.5367386e-07 	 2.713565
0.004666171 	 2.4265072
0.00646177 	 2.4062753
0.020008808 	 1.3552266
0.020033132 	 2.4120545
0.01025764 	 1.358966
0.010255411 	 2.3292456
0.010971311 	 1.7792618
0.020794226 	 3.0145805
0.009455239 	 3.329204
0.013674648 	 1.6327859
0.026513465 	 3.4863229
0.036088582 	 2.9755104
0.025440363 	 2.1211486
0.020618973 	 1.4821179
0.036359098 	 1.8018386
0.025840178 	 2.3642585
0.03951852 	 2.7039087
0.02584183 	 1.5451913
0.04159202 	 1.9779803
0.036942273 	 2.3339279
0.026220758 	 1.5185302
0.025833389 	 2.84727
0.010816569 	 4.5897646
0.016825348 	 2.0149739
0.010255531 	 3.1938026
0.015423494 	 2.6142745
0.013143348 	 2.24205
0.025819505 	 1.9852276
0.03344922 	 2.1825962
0.0037024529 	 1.397469
0.005153801 	 1.1455386
0.044345513 	 1.3750881
0.019442774 	 4.782998
0.019374892 	 2.602701
0.01576834 	 3.492042
0.007281043 	 4.5338554
0.015324652 	 2.155387
0.01564912 	 1.8813108
0.015422223 	 1.9895884
0.015786445 	 1.710964
0.015423676 	 1.8460001
0.02510598 	 2.476316
0.050639376 	 1.0560647
0.0054014507 	 2.8254135
0.0064516314 	 1.8577919
0.0036513628 	 2.69236
0.028192164 	 2.698354
0.036287088 	 1.9938651
0.038127176 	 2.2592788
0.011144399 	 1.5501475
0.025532322 	 1.9373521
0.010677576 	 2.1180375
0.012702695 	 2.0457945
0.014011696 	 1.3824017
0.020657245 	 2.3294005
0.010860736 	 2.783886
0.1642653 	 2.6115851
0.18727776 	 1.7725478
0.20793013 	 1.3626207
0.07615607 	 2.015125
0.113081254 	 2.6936855
0.06075002 	 1.7150177
0.015412236 	 1.69329
0.015423434 	 3.0775204
0.02185772 	 3.2509527
0.030780602 	 2.713138
0.057055764 	 3.6597364
0.031087251 	 3.486319
0.036429998 	 3.0841153
0.0495414 	 7.831691
0.0470172 	 1.9728609
0.037863117 	 3.7149944
0.03491375 	 4.1794376
0.020691382 	 2.2134337
0.0453037 	 3.0814064
0.027473515 	 3.2276926
0.02583969 	 2.104899
0.016463293 	 2.5055134
0.041672178 	 3.3315096
0.010237767 	 4.58487
0.020617755 	 4.5849166
0.015424645 	 2.6213908
0.008644224 	 2.880202
0.035766497 	 1.8512882
0.010254327 	 0.81938916
0.02069546 	 1.5454521
0.025840178 	 2.224964
0.3173773 	 2.1493938
0.38503087 	 2.264934
0.10345501 	 2.2677479
0.06299203 	 5.2752013
0.08647707 	 2.9551558
0.052514505 	 2.8057494
0.06178835 	 2.230727
0.07818528 	 3.891769
0.0662582 	 1.8854614
0.10022859 	 0.9664873
0.4054833 	 2.3660994
0.14823197 	 2.713102
0.13645506 	 2.2326481
0.15004201 	 4.138247
0.096315116 	 3.1966944
0.085135244 	 2.2322047
0.057751734 	 1.5170724
0.054127097 	 2.681244
0.054190457 	 3.330438
0.046979282 	 2.4927585
0.05207619 	 4.1794376
0.015423434 	 4.1698656
0.015291243 	 1.3269328
0.025847824 	 2.9505157
0.061274912 	 2.639017
0.04660246 	 3.2355027
0.04686765 	 3.472732
0.084440395 	 3.4856458
0.119938895 	 2.733804
0.1476018 	 2.545508
0.17133453 	 2.3184936
0.15155835 	 1.6709455
0.19051628 	 1.7771288
0.17559347 	 2.222395
0.08725568 	 1.645706
0.04051386 	 2.4894297
0.033606518 	 3.0915003
0.03607363 	 3.6692948
0.02265642 	 4.1794376
0.025840178 	 4.58487
0.015551163 	 3.8912287
0.060679715 	 2.7127814
0.036196608 	 1.5160398
0.036645077 	 4.584823
0.042598944 	 1.2383677
0.08996295 	 3.203405
0.11781227 	 3.2917087
0.12957826 	 4.179305
0.18211725 	 2.1813135
0.2355822 	 1.8258561
0.23836258 	 2.2601535
0.21310946 	 2.103183
0.20301609 	 1.857751
0.18896587 	 1.6584686
0.16946955 	 2.1985888
0.19444193 	 1.3957269
0.18591073 	 1.4232904
0.18865047 	 1.6201384
0.12022736 	 2.0465498
0.12925453 	 2.0334053
0.11433978 	 0.94840133
0.16332711 	 2.069442
0.17025246 	 2.7801466
0.14300655 	 2.6891525
0.13663258 	 1.9592358
0.1436538 	 3.3349311
0.08515679 	 3.4946578
0.08488262 	 2.7129486
0.091947794 	 2.9512875
0.06842414 	 2.9729564
0.096326075 	 2.7633138
0.11042051 	 3.4023814
0.10761767 	 3.1127744
0.062758766 	 1.9872302
0.09045995 	 4.601377
0.07162592 	 3.459695
Summary
-9.5367386e-07  -  0.57313776 ,  0.81938916  -  7.831691
accuracy:  100.0
equal predictions:  0
TensorFlow version: 1.13.1
Found 939 images belonging to 1 classes.
argN = 196
argN = 196
0.24564226 	 3.044817
0.23167956 	 3.1163561
0.121347256 	 3.0202417
0.47711378 	 2.5946865
0.20497754 	 2.8767161
0.1002278 	 4.518986
0.08620988 	 3.0667336
0.07503128 	 3.6674006
0.09335193 	 3.2902083
0.23433335 	 3.8346899
0.10756364 	 2.7827966
0.30658832 	 1.9323903
0.34313536 	 2.8329816
0.15853167 	 2.1165566
0.1016912 	 4.826936
0.12139564 	 2.4400368
0.07958112 	 2.9332142
0.027645193 	 5.588096
0.051747974 	 3.0723562
0.045592684 	 2.834052
0.025351774 	 2.4660072
0.05064201 	 2.8234158
0.06663862 	 3.5792964
0.2935511 	 1.765691
0.31646782 	 3.1338387
0.2939136 	 2.087042
0.32178825 	 2.547724
0.12498515 	 3.2521183
0.09576633 	 2.6402812
0.21589771 	 2.3761852
0.16563828 	 2.4544084
0.2393889 	 3.201104
0.3377811 	 2.9298325
0.2599543 	 2.7154448
0.034403495 	 3.1923707
0.1984969 	 2.5635157
0.109830536 	 2.0568316
0.083258435 	 2.16864
0.06598948 	 3.0889988
0.04903953 	 4.137097
0.059745733 	 2.7782288
0.07903047 	 2.1825514
0.103331275 	 1.7684016
0.17878532 	 2.560585
0.09377559 	 2.465618
0.11835289 	 4.6095033
0.08179465 	 3.5330029
0.04203235 	 2.5831444
0.08750292 	 3.6650465
0.14838345 	 2.3253434
0.028543036 	 3.4520516
0.07532796 	 2.2700243
0.1272635 	 2.4458652
0.041475337 	 3.061676
-9.5367386e-07 	 2.055352
1.8000765e-05 	 3.8911529
-2.3841855e-07 	 4.053064
2.372293e-05 	 4.178472
0.0041672275 	 4.5379653
0.018251931 	 3.1398075
0.13957013 	 2.76811
0.037702177 	 2.1755357
0.18741815 	 3.2346985
0.23894213 	 2.9686565
0.27705026 	 2.4935994
0.22312327 	 1.8248138
0.08642456 	 2.420766
0.06569759 	 2.6118379
0.15691072 	 2.7958338
0.1997717 	 2.5564723
0.15804233 	 2.2648962
0.21657534 	 2.5992894
0.24038883 	 3.3583527
0.14806664 	 3.4819944
0.068438634 	 2.7764626
0.063751414 	 2.3585074
0.05895796 	 1.7965531
0.050856218 	 3.2917216
0.031697877 	 2.8593483
0.074114546 	 3.3946187
0.015423373 	 2.981786
0.010265589 	 3.1750913
0.0228177 	 3.0585027
0.061918844 	 2.273887
0.039186027 	 2.629777
0.015438567 	 2.551756
0.014269349 	 3.2072654
0.00511408 	 4.562421
0.02043931 	 3.1623926
0.044787806 	 2.9372594
0.005140321 	 8.69681
0.036008004 	 2.1550696
0.03051393 	 2.2829037
0.01026053 	 1.660705
0.015423434 	 2.0136733
0.031130109 	 3.3141022
0.011470828 	 1.6558663
0.0051233657 	 2.5620334
5.4837776e-05 	 2.6211843
-9.5367386e-07 	 1.6593864
-9.5367386e-07 	 1.4195541
0.00511408 	 1.7929006
0.0051141395 	 2.2904048
0.014783099 	 2.7070792
0.010104755 	 3.1074162
0.010183994 	 1.2173022
0.010328701 	 1.7254028
0.030985251 	 2.4362423
0.0525233 	 1.6589041
0.023656959 	 1.436268
0.015517201 	 2.1326072
0.030380957 	 2.4418178
0.03312632 	 2.1164224
0.042009164 	 2.1854486
0.0486961 	 2.036928
0.060386147 	 1.727029
0.04165304 	 2.1757383
0.025835713 	 1.2804531
0.0412248 	 3.5565343
0.030869735 	 2.272968
0.005629021 	 3.325106
0.0063636894 	 1.7886672
0.01542301 	 2.233218
0.015423434 	 3.1986446
0.015433241 	 2.6258237
0.018674754 	 1.3733866
0.020203782 	 2.5645583
0.030538633 	 2.5991232
0.010312139 	 1.7206289
0.028553277 	 2.6408486
0.023596417 	 2.2883582
0.021622347 	 2.2783427
0.026918791 	 1.989164
0.024890127 	 2.6242998
0.020620555 	 2.247815
0.025641901 	 1.9084438
0.032481574 	 2.0195308
0.049019374 	 1.4184576
0.03960924 	 3.0794706
0.0390131 	 1.7134523
0.007888054 	 1.2906436
0.01144219 	 2.8930197
0.005386169 	 1.8225088
0.010255472 	 2.1080418
0.010373207 	 3.4409418
0.015386571 	 2.6747985
0.013819135 	 2.6305642
0.015423434 	 1.9668154
0.0155624235 	 2.0737474
0.036701035 	 2.1140924
0.026653452 	 1.2632986
0.03617337 	 3.3343806
0.03068779 	 1.9309199
0.041662548 	 3.6520178
0.04112518 	 2.1323833
0.03311363 	 1.5114521
0.015423434 	 2.3551683
0.016344415 	 1.6652558
0.015592754 	 2.7075696
0.015415141 	 1.8249048
0.020628039 	 2.034709
0.010189112 	 2.1584547
0.015413749 	 2.1012275
0.014253085 	 2.3567479
0.025743727 	 1.6045834
0.015280894 	 2.6926134
0.005114799 	 2.1572149
0.020379268 	 2.331788
0.026080463 	 1.8472328
0.038254987 	 2.1433594
0.024570895 	 2.279974
0.03991135 	 1.4189928
0.045920074 	 3.4677048
0.02976217 	 1.3253272
0.010267455 	 1.7339455
0.02327174 	 1.365891
0.015423555 	 2.0318322
0.02622394 	 1.2852119
0.024777086 	 3.3036802
0.015428095 	 2.7281249
0.0140039595 	 2.9737024
0.016259536 	 1.9353651
0.04102053 	 1.6640792
0.023335129 	 3.3324826
0.036360826 	 1.7409223
0.044322148 	 2.2298508
0.03689125 	 2.7451103
0.018531203 	 2.1353052
0.010118061 	 1.8804815
0.027638147 	 1.461835
0.0252083 	 1.487634
0.009565659 	 1.6090963
0.16388871 	 1.7911123
0.14255278 	 3.0317101
0.24370877 	 2.3673635
0.15924796 	 2.3652937
0.12316667 	 2.528166
0.128924 	 3.24881
0.03636027 	 9.287088
0.056972284 	 2.2942991
0.05772919 	 4.5955925
0.045964133 	 1.9056133
0.046993963 	 3.8917718
0.06862273 	 2.7522848
0.08231369 	 3.3433034
0.046618447 	 2.8803072
0.056889754 	 3.3081522
0.041554738 	 2.975452
0.024708534 	 3.3339007
0.04700502 	 2.9750397
0.025843175 	 2.7113533
0.02805613 	 1.5260588
0.031063087 	 4.1789546
0.043163557 	 2.7943776
0.016888572 	 2.6910572
0.05771555 	 4.5841985
0.025843116 	 3.2232902
0.07087532 	 2.6395755
0.052216914 	 1.6758293
0.08493355 	 2.8942823
0.09299478 	 1.9834534
0.4326119 	 2.1024163
0.5053683 	 1.8577961
0.14784452 	 1.5624871
0.119334884 	 2.25634
0.090726 	 3.4863133
0.08357954 	 3.0676875
0.0702378 	 2.4000697
0.07409182 	 3.8345602
0.048600297 	 3.4801466
0.0982681 	 2.7590868
0.11711457 	 4.930147
0.16008264 	 3.1455321
0.14231546 	 4.106566
0.14817758 	 3.890613
0.12525474 	 3.4830515
0.094897434 	 2.4255085
0.05236482 	 5.2779193
0.06861245 	 3.4941907
0.052659124 	 1.1472644
0.04814343 	 2.3241923
0.0472182 	 3.0788226
0.057758175 	 2.7931921
0.024090681 	 3.8989763
0.036494784 	 2.3663375
0.012910439 	 1.2852327
0.025831249 	 2.9756367
0.031079996 	 2.572473
0.062113788 	 2.7591782
0.06285144 	 2.28049
0.04725938 	 2.6327982
0.04700402 	 3.0808663
0.045057315 	 2.7132218
0.048804242 	 1.9871985
0.0631743 	 1.7313387
0.05775773 	 1.7739036
0.06742972 	 3.9961596
0.08798874 	 2.9788268
0.1307256 	 3.1495156
0.16096254 	 1.4594741
0.22156183 	 1.8123344
0.15534078 	 1.9374306
0.18586925 	 1.9261928
0.14421347 	 1.7322656
0.1753518 	 2.1711266
0.1378065 	 1.0002401
0.084925376 	 1.6931717
0.07638212 	 3.2026408
0.020618243 	 2.1004367
0.034097802 	 2.7634346
0.0255248 	 3.2581534
0.012367777 	 2.5055134
0.020598223 	 3.1967716
0.047000773 	 2.7944546
0.027933842 	 2.5679862
0.0610532 	 3.635778
0.036611754 	 2.6328936
0.04804474 	 3.4863055
0.04210073 	 3.326227
0.063177794 	 2.0898597
0.09275853 	 2.1340575
0.10164752 	 2.2423277
0.137396 	 3.080944
0.120901056 	 1.209573
0.15793762 	 2.6726542
0.17711009 	 3.4863484
0.20148243 	 3.5031102
0.19686796 	 4.052299
0.2579058 	 1.8377198
0.28815672 	 1.3819165
0.2887137 	 1.5176573
0.21046314 	 1.0705409
0.22650395 	 1.842454
0.21085143 	 2.2115903
0.2040873 	 2.2304087
0.1485375 	 2.761156
0.09826685 	 3.2864258
0.08973368 	 4.454912
0.07394144 	 5.2779193
0.06607028 	 2.1438372
0.05773759 	 4.1750317
0.03652316 	 2.5701797
0.052242097 	 2.934494
0.05198992 	 3.327236
0.14248508 	 2.527471
0.09836444 	 2.6449811
0.08680018 	 2.2739623
0.07959222 	 4.1792936
0.09098298 	 2.8677564
0.14761402 	 1.4721779
0.13332385 	 1.8061799
0.09432113 	 3.6680143
0.11525014 	 1.7643846
Summary
-9.5367386e-07  -  0.5053683 ,  1.0002401  -  9.287088
accuracy:  100.0
equal predictions:  0
TensorFlow version: 1.13.1
Found 939 images belonging to 1 classes.
argN = 196
argN = 196
0.3082487 	 2.7628717
0.2702811 	 2.6321185
0.0865548 	 2.8921778
0.10274771 	 3.3852055
0.082898974 	 2.9183848
0.28954306 	 1.3240758
0.041689456 	 3.116355
0.09813494 	 2.443482
0.17670047 	 3.1039631
0.16787273 	 2.6109562
0.19347386 	 3.0939262
0.20286532 	 3.887671
0.16231577 	 3.891071
0.14107858 	 3.1733968
0.3266012 	 2.194114
0.21497731 	 3.6652582
0.22588493 	 2.421707
0.23181874 	 3.2291927
0.19225986 	 3.1252506
0.06187978 	 2.3830402
0.15070374 	 3.146219
0.14227086 	 2.775257
0.028874459 	 3.9054096
0.014140394 	 3.463336
0.013793934 	 1.8673506
0.010318583 	 3.8882065
0.1013331 	 3.4552422
0.20486106 	 2.393912
0.29498577 	 3.3978534
0.080354825 	 3.4263606
0.09611581 	 3.6543598
0.39252004 	 3.3771467
0.30923694 	 2.3064609
0.2794764 	 1.5367879
0.2608159 	 1.2015954
0.2924351 	 4.3347096
0.111816384 	 2.3979888
0.18298127 	 2.9367616
0.12886181 	 2.4934306
0.19815879 	 2.5079572
0.12952399 	 3.7991412
0.11888837 	 2.9643695
0.031157779 	 11.74686
0.06381234 	 2.8196251
0.04094819 	 2.0979245
0.07027176 	 2.1093378
0.094340846 	 2.3423917
0.17946579 	 2.687876
0.15379317 	 3.1525412
0.15568957 	 1.8773097
0.124372214 	 4.656506
0.102072336 	 2.7164822
0.057224773 	 2.602331
0.06120806 	 2.7577894
0.0736888 	 2.7372437
0.23420776 	 3.1638682
0.15744305 	 2.8440597
0.052616525 	 2.4398186
0.05645305 	 3.5824487
0.02648586 	 3.1547678
-9.5367386e-07 	 3.4739237
0.004766002 	 4.5894713
-8.344647e-07 	 2.7835994
1.9073505e-06 	 2.732219
0.14267212 	 3.1199968
0.04909775 	 3.5650861
0.33557415 	 2.1645246
0.037321474 	 2.7307518
0.066672765 	 2.6973274
0.16376492 	 2.7846375
0.36150658 	 2.4447358
0.059890322 	 2.0396187
0.20552027 	 2.8732731
0.20460805 	 2.069005
0.21044254 	 2.7650936
0.04673542 	 2.6641984
0.030550249 	 2.898413
0.043119058 	 2.7751567
0.08762029 	 2.0804865
0.071662284 	 2.233949
0.13235179 	 2.1292474
0.06343757 	 3.0240803
0.033015117 	 4.154537
0.06928649 	 2.684407
0.07491076 	 2.637918
0.0324112 	 3.080865
0.015423434 	 4.1794376
0.010256014 	 3.0946405
0.010417233 	 2.2497795
-9.5367386e-07 	 3.3165982
0.025840178 	 3.6686404
0.036360085 	 2.6437194
0.011542338 	 5.275574
0.03011605 	 2.1254637
0.010255472 	 2.214327
0.0052518826 	 2.1385734
0.015678 	 1.7716501
0.020581005 	 2.7135444
0.00511408 	 3.4832358
0.011505075 	 1.2836028
0.0101409415 	 2.1392329
-9.5367386e-07 	 1.23836
1.1920936e-06 	 2.4333713
-9.5367386e-07 	 2.4874623
0.00014151144 	 2.5363057
-7.152555e-07 	 2.9637089
0.00511408 	 1.9460392
0.00511408 	 2.7134204
0.010255472 	 1.1802411
0.010259265 	 1.8259212
0.008568353 	 1.9454302
0.010255472 	 2.4722304
0.0156057095 	 2.0074916
0.025840363 	 3.4279096
0.03058497 	 2.5839062
0.058062345 	 2.0938945
0.036109038 	 2.6328795
0.029816637 	 1.521424
0.057429224 	 2.8995957
0.025884708 	 1.8627247
0.042583644 	 1.4788569
0.03605274 	 2.950779
0.03103247 	 1.3560928
0.025833879 	 2.2316294
0.044989914 	 1.9011449
0.03190419 	 1.5328003
0.02584024 	 2.4983473
0.020618303 	 1.8772637
0.035863675 	 2.2294443
0.00626082 	 2.157375
0.00511408 	 2.8261175
0.015423373 	 1.8961468
0.0024688295 	 1.8609954
0.010255411 	 2.3875844
0.015512843 	 1.2368563
0.016122874 	 1.484801
0.01909581 	 2.8709943
0.030864203 	 2.8716807
0.026761135 	 1.5860242
0.00987827 	 1.6441315
0.025818342 	 1.9458498
0.00511408 	 1.6932349
0.00511408 	 1.6876676
1.3411135e-05 	 1.8471379
0.00511408 	 2.8897967
0.010244873 	 1.8048158
0.015935961 	 2.2838244
0.0026415277 	 2.1707728
-9.5367386e-07 	 2.175229
0.0038785355 	 2.0259507
0.0051155174 	 2.335108
0.0150039205 	 2.0937915
0.013793451 	 3.4855504
0.010277211 	 1.6091624
0.025840178 	 1.9102012
0.03649336 	 2.7952766
0.041669134 	 2.2462373
0.041564308 	 1.3464121
0.03595462 	 1.3733106
0.020500816 	 2.7038484
0.041668575 	 3.891509
0.025812838 	 2.0151181
0.022573382 	 2.1461172
0.015423434 	 2.3705215
0.010255531 	 2.6458216
0.010339059 	 1.9259759
0.00511408 	 2.2253137
0.010301841 	 1.6238513
0.0069175656 	 2.5158818
0.020071749 	 1.0263904
0.018558891 	 1.7570201
0.046767086 	 1.4452908
0.046914313 	 1.2211671
0.01574103 	 2.2875724
0.05488758 	 1.8303249
0.025833268 	 3.024247
0.027201228 	 1.8706852
0.014758298 	 2.1956983
0.0157641 	 1.1805722
0.022510588 	 2.15516
0.034937326 	 1.9173616
0.019253235 	 1.4037901
0.010330146 	 1.8144826
0.015483422 	 2.5226462
0.019011974 	 2.0565565
0.010396515 	 2.0789373
0.020345202 	 2.1353757
0.026344428 	 1.790181
0.012727084 	 1.3815831
0.026166057 	 2.2160332
0.040352926 	 1.7220755
0.14556304 	 1.9706781
0.18310373 	 2.323284
0.21143831 	 2.388995
0.097668946 	 2.5106728
0.107052095 	 3.3321636
0.084674165 	 2.2082083
0.08647857 	 2.8913107
0.041178342 	 2.5624251
0.04164552 	 4.179387
0.0219683 	 1.4486237
0.020319471 	 3.7956066
0.035883382 	 2.7903497
0.01031774 	 1.9835011
0.010702999 	 2.5055127
0.025211846 	 1.4809189
0.020612705 	 5.2326474
0.02864534 	 2.3292792
0.016408822 	 3.188417
0.043893326 	 2.5043757
0.025840178 	 2.3397691
0.04701158 	 2.085898
0.024170427 	 2.490667
0.015804792 	 5.732723
0.04198287 	 3.8915732
0.04700427 	 5.2779193
0.020942971 	 5.2779074
0.032954562 	 1.9519176
0.041671433 	 2.7131498
0.052972242 	 2.7118368
0.025839996 	 2.5644329
0.029832788 	 13.815511
0.06820027 	 2.9861593
0.1700546 	 2.18602
0.23835191 	 2.304545
0.19631785 	 2.7058785
0.11218713 	 2.865665
0.041671433 	 4.1794376
0.05263839 	 3.966472
0.07953975 	 3.4863386
0.06743533 	 3.6712558
0.047000397 	 3.0746021
0.031366255 	 2.5122366
0.23981108 	 1.9488256
0.10884919 	 3.1501832
0.07689868 	 3.1966827
0.043220066 	 3.2458405
0.113245055 	 1.9924552
0.0834734 	 3.096134
0.087430455 	 2.6370223
0.07399773 	 1.8782372
0.10762158 	 2.6021523
0.074103124 	 2.0925152
0.057328034 	 4.1413946
0.063163064 	 2.429862
0.0792104 	 2.6338336
0.076685704 	 3.4791448
0.06657268 	 2.3877337
0.03108676 	 1.694372
0.020618243 	 3.332177
0.015423434 	 3.1982725
0.068627134 	 3.8912842
0.0721932 	 2.5699725
0.041668326 	 2.8796606
0.0371 	 2.2335818
0.04700708 	 2.1866152
0.0648826 	 3.3070905
0.13643497 	 2.333474
0.15621358 	 2.055368
0.11208791 	 1.4763999
0.15350604 	 1.927015
0.14808653 	 2.3788738
0.08113637 	 3.3311446
0.10186304 	 3.439592
0.08584513 	 3.069692
0.045392323 	 3.9075465
0.031836685 	 2.399609
0.017539963 	 2.7247872
0.031075876 	 1.4316307
0.036328502 	 1.9036684
0.030171396 	 3.4863229
0.030197505 	 1.5616617
0.026561573 	 2.8614035
0.03629203 	 2.793085
0.092648864 	 4.179387
0.20285597 	 2.022986
0.2057979 	 2.2149029
0.22783303 	 2.5402493
0.29712683 	 2.4087365
0.28173977 	 2.105071
0.29105112 	 2.437496
0.28686184 	 1.8642124
0.3058678 	 2.0994186
0.3072414 	 2.1549892
0.19966602 	 2.3504322
0.18355551 	 1.6136684
0.17958361 	 2.0036378
0.22797205 	 1.6271617
0.1625804 	 1.4393659
0.13574821 	 1.856017
0.09341665 	 2.8708627
0.13115208 	 2.1425972
0.047966134 	 2.7106225
0.043147687 	 2.3779151
0.04701864 	 2.6134534
0.064436674 	 4.513033
0.05801124 	 2.442013
0.04986482 	 3.7165864
0.05775767 	 3.4965522
0.055133563 	 1.7322785
0.04562862 	 2.3651998
0.05730247 	 3.331453
0.07401307 	 2.226626
0.09239309 	 2.4027212
0.11820127 	 3.3246238
0.107492484 	 4.526479
0.1201996 	 2.8628418
0.07905279 	 2.9768877
0.09042022 	 2.57177
0.10383206 	 2.3929505
0.062965944 	 3.6686122
0.06144083 	 2.7950103
0.08139646 	 1.9902804
Summary
-9.5367386e-07  -  0.39252004 ,  1.0263904  -  13.815511
accuracy:  100.0
equal predictions:  0
TensorFlow version: 1.13.1
Found 939 images belonging to 1 classes.
argN = 196
argN = 196
0.113230236 	 4.9950867
0.3926949 	 2.7708557
0.59991384 	 2.5937076
0.41875076 	 3.0442011
0.38762048 	 2.582842
0.33713326 	 3.521496
0.16487746 	 3.1022127
0.087282866 	 2.480634
0.07344719 	 2.5391817
0.06336073 	 2.28029
0.09950961 	 3.1035674
0.12203127 	 2.07923
0.14540358 	 1.9534178
0.14573334 	 2.0841203
0.1547294 	 1.821826
0.103526205 	 2.3712401
0.15959644 	 2.6505916
0.1383341 	 1.5557841
0.1637671 	 2.002943
0.13847798 	 2.5536137
0.18137689 	 2.4744356
0.16849904 	 3.5129175
0.16579255 	 4.577045
0.31386998 	 2.4772816
0.29714665 	 3.4869306
0.20804425 	 3.3191104
0.14070986 	 2.928803
0.26153395 	 2.76319
0.084293246 	 2.3335805
0.06615115 	 2.1935205
0.0145293055 	 2.2812412
0.019866161 	 3.1210206
0.008462131 	 5.12386
0.008961178 	 3.032932
0.22740495 	 1.8876476
0.2213509 	 5.27993
0.31564108 	 2.4681482
0.2189356 	 2.0813947
0.19480912 	 1.9561299
0.06613727 	 2.307647
0.20702422 	 2.9311726
0.31698653 	 3.2459369
0.302907 	 2.917646
0.2857027 	 2.477713
0.2788059 	 2.1067955
0.44830677 	 2.6965086
0.27166915 	 3.330488
0.18760796 	 3.344406
0.3442779 	 2.1874413
0.18386221 	 2.722615
0.26784143 	 2.5246158
0.051267397 	 2.786859
0.0649441 	 2.1267772
0.09044208 	 2.2113194
0.04824551 	 2.3731565
0.099609174 	 1.8220631
0.088756084 	 2.6658478
0.040214483 	 4.584479
0.08097155 	 3.4861906
0.1182807 	 2.3849392
0.049425162 	 2.8462634
0.067286775 	 2.8611994
0.08509183 	 1.8211253
0.18943386 	 2.988784
0.14041543 	 3.405999
0.117387615 	 3.5645742
0.07407642 	 2.8588336
0.043135677 	 3.3512256
0.036365464 	 3.0808687
0.010241079 	 3.2350287
2.8670245e-05 	 2.62474
0.017872492 	 2.9921637
0.034892887 	 2.2320642
0.39984274 	 2.4932423
0.30667013 	 1.8982124
0.27513933 	 2.8989842
0.2901098 	 2.0671341
0.084858805 	 2.0851874
0.054196686 	 2.2135525
0.28199726 	 4.179134
0.32027307 	 3.0740798
0.14296219 	 1.2435173
0.22477908 	 3.1233256
0.30101752 	 2.908388
0.19059041 	 2.7284095
0.16738415 	 3.6358774
0.07237228 	 2.7433944
0.057783183 	 2.8653646
0.1654725 	 1.8359865
0.08540138 	 2.642548
0.09367328 	 3.117457
0.055995606 	 2.5540764
0.054364648 	 2.345282
0.023459662 	 2.9235885
0.061794117 	 2.2772496
0.074511 	 2.821409
0.04657105 	 2.9063122
0.036022957 	 13.425608
0.021169418 	 2.6841817
0.025850454 	 3.061471
0.0054715085 	 2.853766
0.00511408 	 3.9574368
0.010040031 	 2.7118702
0.009316675 	 3.8407602
0.012629051 	 3.6923106
0.00511408 	 2.2569482
0.015175651 	 2.4286754
0.009501272 	 3.4352903
0.019588767 	 2.1602163
0.027458627 	 3.1929657
0.021900488 	 1.7051009
0.020521807 	 1.9456797
0.0060877358 	 2.7963836
0.015580767 	 2.4577072
0.00511408 	 2.7875743
0.015851118 	 2.1755226
0.01031774 	 3.1595423
0.020233708 	 1.7594754
0.018909192 	 2.880031
0.00534542 	 1.0604483
-9.5367386e-07 	 2.3861074
0.005927992 	 2.1648943
0.0051146788 	 1.8344073
0.008085545 	 1.6355295
0.0101253465 	 1.689075
0.025840178 	 2.159759
0.031113569 	 1.4934751
0.015608011 	 1.8616499
0.02579767 	 1.4242629
0.02869619 	 1.9627485
0.026223084 	 1.4313353
0.025840178 	 2.044823
0.026000995 	 2.7818077
0.043117564 	 2.0431983
0.028813846 	 3.468676
0.020792339 	 2.7397008
0.01815196 	 2.8799195
0.010225965 	 2.8259869
0.020658705 	 2.0018966
0.015489173 	 2.9949362
0.016037287 	 3.4863055
0.011369483 	 1.4700134
0.020729719 	 2.603742
0.019895345 	 1.2974849
0.00656328 	 3.005322
0.0069229673 	 2.016856
0.010255472 	 1.962407
0.03539462 	 1.4009801
0.016401974 	 1.5297287
0.0069649816 	 1.8895864
0.0067504887 	 2.2842562
0.021424295 	 1.3513736
0.020618243 	 1.8442905
0.015423373 	 2.8494859
0.030225396 	 1.7421722
0.020615688 	 3.3309245
0.020316247 	 1.5750453
0.020835305 	 2.2258706
0.026304284 	 2.2096956
0.010286485 	 1.4925573
0.005141579 	 11.143388
0.015446134 	 2.0422142
-9.5367386e-07 	 1.8234804
3.421365e-05 	 2.4286199
0.005118094 	 1.7268484
4.3869983e-05 	 1.7950274
0.0051200707 	 2.3541381
0.00511408 	 1.5785795
0.011311247 	 1.2814351
0.015398677 	 1.4201431
-9.5367386e-07 	 2.7125614
0.017924557 	 2.1583607
0.036366574 	 2.571273
0.036362372 	 2.869619
0.025873698 	 2.485987
0.025840912 	 2.7252302
0.015310126 	 3.3292973
0.018669348 	 1.0917761
0.020616965 	 1.8737572
0.035508126 	 2.829928
0.022224171 	 1.4983956
0.0106732985 	 1.6371603
0.015450552 	 1.2822492
0.010255472 	 2.145277
0.02059719 	 1.984487
0.01176341 	 1.8110068
0.015055412 	 2.8787556
-7.152555e-07 	 1.9553092
0.026930181 	 1.5665085
0.013163822 	 3.2186446
0.0051357076 	 1.832289
0.010346045 	 2.8021655
0.020780716 	 1.3309283
0.042788293 	 1.634398
0.0306495 	 2.1048932
0.015642097 	 1.7472893
0.02143903 	 3.3316748
0.015411872 	 1.9049519
0.015703974 	 1.4711298
0.010318282 	 1.3192487
0.010256315 	 2.1370428
0.02051694 	 3.571903
0.010272695 	 1.9629874
0.025179388 	 1.8122705
0.01552501 	 1.7678397
0.0051150983 	 1.0597048
0.030213723 	 1.5455035
0.14906919 	 1.8143029
0.18138039 	 1.9841428
0.061345067 	 2.5699763
0.026684672 	 2.8010266
0.014623292 	 13.815511
0.00511402 	 1.5567977
0.014263786 	 2.3790276
0.041555732 	 1.9841117
0.04694892 	 3.3317215
0.04621717 	 2.8805654
0.011807497 	 4.1794376
0.031092232 	 3.4865236
0.015421981 	 2.8794727
0.010265047 	 3.668638
0.005113301 	 2.7124367
0.020618243 	 3.4863153
0.016758248 	 1.155635
0.010260109 	 3.4831874
0.01863765 	 1.5059563
0.02009577 	 4.1793246
0.031400945 	 3.1464727
0.046445042 	 2.5312366
0.034705333 	 1.4450966
0.032726537 	 5.2778606
0.069797024 	 3.3742964
0.03635897 	 1.8010612
0.065815985 	 2.7207434
0.020618243 	 3.5362477
0.025840607 	 3.163747
0.07966284 	 4.58487
0.09006248 	 2.3190315
0.08566563 	 2.3906534
0.10743495 	 1.2538812
0.05776089 	 1.9723642
0.06991335 	 2.6918213
0.037932638 	 2.2859619
0.036360767 	 2.4494534
0.052325502 	 3.655722
0.047005083 	 2.6105182
0.04167193 	 1.0525748
0.047004957 	 1.7532773
0.05236683 	 2.5999055
0.0413586 	 1.8793817
0.010935757 	 2.9152167
0.015341902 	 3.8918009
0.025841463 	 3.6206434
0.020650249 	 3.8612132
0.025137212 	 3.5917149
0.020612402 	 2.5698907
0.033649545 	 2.8803997
0.02105059 	 5.2779193
0.025839996 	 1.805774
0.032421786 	 4.474652
0.038995374 	 2.2271395
0.035111833 	 2.6372654
0.031082824 	 2.3785257
0.13614535 	 2.7820818
0.14213392 	 2.0694916
0.19041337 	 1.9797318
0.16113465 	 1.7858546
0.2213834 	 1.1317184
0.18270561 	 2.2825139
0.15532155 	 1.7546883
0.14315242 	 1.9554418
0.09602677 	 1.8754488
0.1380041 	 1.4902533
0.08588858 	 2.549901
0.10007245 	 1.8410903
0.067605086 	 2.0451214
0.04017601 	 3.7188685
0.020611428 	 5.2779193
0.015399828 	 2.7912471
0.02061806 	 3.668638
0.00511408 	 3.1297045
0.010391696 	 3.8913894
0.05249899 	 2.564948
0.12457993 	 3.6700175
0.13196383 	 3.1979775
0.1755468 	 1.9133185
0.19772825 	 3.1752923
0.22293293 	 3.66051
0.23717296 	 2.6038265
0.2375431 	 2.1399884
0.17207061 	 2.3654866
0.15880291 	 2.0001187
0.16144189 	 1.6180426
0.18163888 	 2.25842
0.12905562 	 2.027118
0.112466894 	 3.3624263
0.06359851 	 3.4186904
0.073335715 	 1.0159547
0.07372569 	 1.3864342
0.043046128 	 1.8733071
0.034274198 	 2.6856468
0.028962746 	 2.0357153
0.042212516 	 2.3765316
0.029116947 	 2.2345629
0.020618243 	 1.7726474
0.018105164 	 2.840777
0.0416897 	 1.7784841
0.0916353 	 2.755097
0.11760897 	 1.9319369
0.119342074 	 2.2440166
0.0884132 	 1.4880223
0.06195949 	 1.4047768
0.06317957 	 2.0369205
Summary
-9.5367386e-07  -  0.59991384 ,  1.0159547  -  13.815511
accuracy:  100.0
equal predictions:  0
