TensorFlow version: 1.13.1
Found 939 images belonging to 1 classes.
argN = 196
argN = 196
0.46754837 	 0.4818628
0.44818258 	 0.57477635
0.44003612 	 0.5609664
0.44384807 	 0.52522784
0.4664477 	 0.53010124
0.35463762 	 0.60955316
0.57034487 	 0.6980057
0.55518144 	 0.59966254
0.56556374 	 0.35784176
0.40813592 	 0.6907763
0.5287912 	 0.6107592
0.5452863 	 0.5845029
0.48861426 	 0.5224855
0.4133916 	 0.49336857
0.44571015 	 0.609251
0.5468829 	 0.60980856
0.4648023 	 0.49523723
0.44696778 	 0.6781045
0.28288382 	 0.55262077
0.3544748 	 0.64966184
0.3566713 	 0.6180224
0.62902063 	 0.45831484
0.49725324 	 0.58129585
0.4075816 	 0.7845405
0.4162219 	 0.5286183
0.45337504 	 0.4434314
0.50909805 	 0.75842553
0.5367357 	 0.5029789
0.6210176 	 0.6396996
0.7255617 	 0.44452372
0.6718378 	 0.7166485
0.47931406 	 0.63828754
0.61987317 	 0.55892116
0.58337426 	 0.5180686
0.53854233 	 0.6221754
0.5516363 	 0.5060415
0.34155113 	 0.53628737
0.4197068 	 0.76272553
0.3611319 	 0.49240354
0.49082893 	 0.45002452
0.38266483 	 0.597837
0.49682233 	 0.64590716
0.4556736 	 0.5740791
0.39975438 	 0.621082
0.4990483 	 0.6333764
0.4091569 	 0.6749216
0.29758486 	 0.5544637
0.30607855 	 0.56032735
0.40418613 	 0.63182795
0.42467603 	 0.48413897
0.31539363 	 0.53664804
0.40044212 	 0.5774827
0.47551912 	 0.64132446
0.4846939 	 0.6013949
0.42870107 	 0.49357516
0.51016724 	 0.5503119
0.5429575 	 0.5298898
0.48814481 	 0.45682287
0.37634578 	 0.5857025
0.46433666 	 0.53354114
0.5461685 	 0.60535485
0.52850795 	 0.68989605
0.48949784 	 0.6733045
0.51262844 	 0.63646317
0.48677966 	 0.7328854
0.4290128 	 0.5091634
0.38618276 	 0.7563277
0.3954226 	 0.5357458
0.39808714 	 0.69584316
0.3006051 	 0.58219826
0.37628606 	 0.56341195
0.4440393 	 0.63395935
0.4332357 	 0.6352406
0.46736154 	 0.5492562
0.48229417 	 0.68341345
0.39997903 	 0.42980894
0.6130678 	 0.5845309
0.40808472 	 0.7128313
0.33371302 	 0.5107637
0.3415159 	 0.56487733
0.39433846 	 0.5452151
0.43824857 	 0.65677613
0.45039272 	 0.588654
0.3907689 	 0.5311659
0.42045155 	 0.4817664
0.42897326 	 0.4901449
0.31625944 	 0.6106639
0.58901906 	 0.60279447
0.46799436 	 0.64281523
0.45897752 	 0.5755995
0.5342029 	 0.5983521
0.49307144 	 0.5638502
0.5029613 	 0.6921648
0.4924168 	 0.7488231
0.4129775 	 0.5492458
0.39163882 	 0.6014945
0.49367416 	 0.5843522
0.3875653 	 0.49266046
0.43014374 	 0.54776734
0.47372952 	 0.71044683
0.49363002 	 0.61156243
0.6330196 	 0.62963015
0.41705728 	 0.6895072
0.4125254 	 0.6458192
0.48718715 	 0.6668377
0.5525554 	 0.68084085
0.64896995 	 0.56131446
0.5766933 	 0.7056005
0.51914054 	 0.5826315
0.47521883 	 0.73247874
0.6175733 	 0.5752555
0.46340704 	 0.7389066
0.5524975 	 0.6218902
0.35352004 	 0.6705805
0.44309694 	 0.55893713
0.5282994 	 0.70872456
0.4623464 	 0.8604506
0.5873997 	 0.6537916
0.65020335 	 0.73214775
0.65324163 	 0.6810469
0.6235416 	 0.5833322
0.513542 	 0.6600032
0.4755991 	 0.7589936
0.5200269 	 0.6389687
0.406233 	 0.78752303
0.48571467 	 0.5526969
0.41801777 	 0.628506
0.47240338 	 0.49579203
0.53472495 	 0.5033094
0.47929472 	 0.6497616
0.50368214 	 0.5499487
0.5028925 	 0.55146235
0.567425 	 0.6492668
0.45524782 	 0.6484051
0.4526646 	 0.40862164
0.51774734 	 0.55248404
0.52998334 	 0.62803155
0.54783845 	 0.5465924
0.5218734 	 0.5446446
0.5067094 	 0.5034045
0.5105132 	 0.5206622
0.5512496 	 0.50946724
0.5859543 	 0.5939863
0.59306616 	 0.47832596
0.5500459 	 0.46350044
0.6152582 	 0.63553816
0.56179124 	 0.5694971
0.6119713 	 0.45572326
0.5328847 	 0.49008214
0.51876444 	 0.4862808
0.6253315 	 0.412339
0.65193737 	 0.52686214
0.5378034 	 0.5024698
0.613463 	 0.49760288
0.56920177 	 0.3818868
0.5677843 	 0.4753538
0.48615596 	 0.4380326
0.4775655 	 0.5356067
0.47142705 	 0.5670452
0.5562271 	 0.6035083
0.41488272 	 0.63825643
0.50533354 	 0.7579238
0.47081533 	 0.70293033
0.50655144 	 0.62066835
0.51227504 	 0.59133375
0.49214903 	 0.6709882
0.45182788 	 0.53190696
0.47261304 	 0.66879064
0.52272093 	 0.49827692
0.42330655 	 0.6046968
0.5459628 	 0.5683581
0.48437983 	 0.6192009
0.4571034 	 0.6144119
0.474509 	 0.6064809
0.5231364 	 0.67798835
0.5812961 	 0.6634978
0.6322929 	 0.71597433
0.567709 	 0.5538483
0.6026026 	 0.5664533
0.61141574 	 0.567845
0.5052622 	 0.63650346
0.5649591 	 0.5551364
0.54933083 	 0.5472574
0.48114592 	 0.5556816
0.54531264 	 0.6297599
0.47380218 	 0.54480696
0.44465464 	 0.44166386
0.35742167 	 0.41488543
0.38892052 	 0.37289894
0.47906026 	 0.61889416
0.4358988 	 0.56657493
0.4656302 	 0.52161914
0.37271965 	 0.58586395
0.36855608 	 0.50528157
0.3159309 	 0.6695336
0.29815668 	 0.5891965
0.37129298 	 0.4101082
0.35417894 	 0.54086685
0.3683048 	 0.51206744
0.3411849 	 0.5130528
0.37378258 	 0.53854215
0.31530833 	 0.70219594
0.35101843 	 0.46559376
0.35547268 	 0.45839807
0.39275968 	 0.64340585
0.37000138 	 0.4802643
0.36850604 	 0.5654263
0.32134727 	 0.5960778
0.38523507 	 0.55916303
0.42404324 	 0.52755034
0.35392916 	 0.5241482
0.41207778 	 0.52122957
0.5092933 	 0.56225276
0.44170982 	 0.60103667
0.5434033 	 0.59649104
0.48150223 	 0.58635896
0.769451 	 0.66212
0.64011496 	 0.6648614
0.52822393 	 0.7498777
0.5929572 	 0.60016
0.5206331 	 0.74800384
0.6114152 	 0.7534661
0.5612961 	 0.62088716
0.5703084 	 0.5974284
0.6161447 	 0.7328932
0.58841026 	 0.69369787
0.7487678 	 0.6902603
0.60692114 	 0.599539
0.6388806 	 0.6552569
0.6639896 	 0.66925853
0.56181467 	 0.7222737
0.708523 	 0.6860711
0.56562793 	 0.6386238
0.57002664 	 0.7149477
0.7166625 	 0.55860186
0.6441541 	 0.7193907
0.63183874 	 0.6649663
0.6896774 	 0.76222926
0.5729925 	 0.6258377
0.52310723 	 0.65555996
0.5687328 	 0.65016294
0.7736154 	 0.5702888
0.7004053 	 0.6805924
0.67950326 	 0.6278657
0.791153 	 0.66352314
0.6524646 	 0.5543731
0.75578624 	 0.6303068
0.62658334 	 0.6887408
0.576406 	 0.64680284
0.65082145 	 0.6598242
0.5594965 	 0.6648782
0.536729 	 0.8123703
0.51429504 	 0.5960102
0.5580867 	 0.79481363
0.60278445 	 0.73859805
0.6854786 	 0.5367941
0.65263814 	 0.64756453
0.60742235 	 0.6858521
0.5670378 	 0.666271
0.5985244 	 0.8436416
0.5713892 	 0.6615344
0.636426 	 0.4808017
0.5378569 	 0.6701347
0.63141376 	 0.67126185
0.5744439 	 0.6389764
0.7409474 	 0.7080928
0.6201134 	 0.6598586
0.5858484 	 0.69332826
0.6685831 	 0.6982018
0.57928324 	 0.6115958
0.47846773 	 0.700779
0.50466526 	 0.68499666
0.5257537 	 0.59512776
0.6243982 	 0.6871421
0.6535757 	 0.59465504
0.56130195 	 0.82244766
0.55855936 	 0.49893382
0.5482501 	 0.61707413
0.60210675 	 0.75635105
0.5797712 	 0.6386284
0.55774933 	 0.7509157
0.60788834 	 0.7151429
0.6145716 	 0.5316493
0.5554949 	 0.5892982
0.4803067 	 0.682188
0.49313897 	 0.58651143
0.36545554 	 0.53914857
0.39011678 	 0.49003428
0.43378657 	 0.57632804
0.42558438 	 0.757029
0.37543142 	 0.58531165
0.48320106 	 0.6411745
0.5374093 	 0.679354
0.5113935 	 0.6097906
0.4891343 	 0.7624702
0.59391814 	 0.72422177
0.5485364 	 0.87849706
0.5161455 	 0.6720689
0.5119141 	 0.6149846
0.49262184 	 0.71467286
0.51992786 	 0.70025927
0.56228435 	 0.6309434
0.5617904 	 0.5987464
0.56848425 	 0.67289716
0.58107525 	 0.74236655
0.52739286 	 0.68239963
0.55859476 	 0.67297286
0.52893597 	 0.5824967
0.5027975 	 0.60399455
0.5302102 	 0.7663121
0.5234591 	 0.6873772
0.46596923 	 0.658017
0.5774732 	 0.5933723
Summary
0.28288382  -  0.791153 ,  0.35784176  -  0.87849706
accuracy:  81.2
equal predictions:  0
TensorFlow version: 1.13.1
Found 939 images belonging to 1 classes.
argN = 196
argN = 196
0.40233815 	 0.78078276
0.3192133 	 0.67936593
0.38383165 	 0.41768104
0.39667702 	 0.53239286
0.40904793 	 0.48901242
0.376349 	 0.66126215
0.3975287 	 0.49638855
0.42467785 	 0.5550155
0.3298268 	 0.52249855
0.29503235 	 0.6175908
0.322331 	 0.59870696
0.3966194 	 0.6818585
0.3974377 	 0.72475404
0.17485501 	 0.57473165
0.36816144 	 0.5986988
0.38252378 	 0.66100997
0.45582336 	 0.5178975
0.35858533 	 0.5118866
0.28261274 	 0.5419084
0.2804183 	 0.6178971
0.30088222 	 0.57655513
0.33746564 	 0.60487825
0.47173443 	 0.5413632
0.4475714 	 0.6488843
0.47635308 	 0.52197325
0.4169169 	 0.60514647
0.4911669 	 0.6300086
0.37019002 	 0.94746864
0.47212 	 0.7712026
0.38218185 	 0.56085885
0.48262712 	 0.6316345
0.3327008 	 0.72890043
0.3739419 	 0.6782729
0.36270216 	 0.7676217
0.3455812 	 0.831144
0.32571504 	 0.70942307
0.3708785 	 0.5990762
0.46878758 	 0.58863616
0.29483864 	 0.6790597
0.31147233 	 0.6719846
0.39278474 	 0.7119493
0.4101777 	 0.7233423
0.56326884 	 0.64595175
0.49673906 	 0.6262147
0.54241186 	 0.52463996
0.39716077 	 0.7457928
0.2909894 	 0.6857944
0.384914 	 0.79111725
0.39640108 	 0.48660538
0.3911409 	 0.61132294
0.5315766 	 0.63956875
0.4086614 	 0.6750806
0.46202326 	 0.7087546
0.39572883 	 0.5783433
0.4918511 	 0.70039475
0.45558053 	 0.6463992
0.44763127 	 0.70697564
0.35812107 	 0.59192693
0.322456 	 0.5346164
0.28809446 	 0.8595589
0.3398442 	 0.67288595
0.4801562 	 0.71423227
0.52024984 	 0.72620344
0.40084404 	 0.5486792
0.39946103 	 0.6067756
0.35954487 	 0.4853197
0.3540028 	 0.7290244
0.3149883 	 0.68456966
0.43509543 	 0.699104
0.5297481 	 0.5108619
0.4794549 	 0.54274803
0.33671114 	 0.64285785
0.334472 	 0.56385726
0.48801953 	 0.7091717
0.30727002 	 0.71458566
0.45970047 	 0.6159698
0.42671803 	 0.78246295
0.39837012 	 0.6721505
0.51591414 	 0.50230664
0.522462 	 0.6089894
0.36683956 	 0.8438249
0.4516997 	 0.79323155
0.37665752 	 0.76766115
0.35794756 	 0.6887645
0.3947382 	 0.6754492
0.36143738 	 0.697766
0.33926398 	 0.49879465
0.39000356 	 0.662671
0.4045194 	 0.5627968
0.27862832 	 0.65969807
0.37904915 	 0.6766649
0.44941893 	 0.6694816
0.3801337 	 0.54077584
0.2157577 	 0.57303405
0.23790789 	 0.61988354
0.24485274 	 0.54794115
0.22346173 	 0.66474587
0.1424573 	 0.6646965
0.28539667 	 0.5279524
0.2674054 	 0.60186785
0.21509252 	 0.63552415
0.23100221 	 0.6790265
0.19069752 	 0.8600653
0.22820117 	 0.64845705
0.33527622 	 0.5621363
0.33468288 	 0.50529796
0.26142183 	 0.8356508
0.35774177 	 0.77030224
0.25987092 	 0.72510743
0.37615076 	 0.63547015
0.3000515 	 0.7053195
0.3387319 	 0.58912617
0.39265755 	 0.47216767
0.35996184 	 0.71011454
0.39320558 	 0.57054585
0.34086922 	 0.49024796
0.36652282 	 0.6293105
0.39488503 	 0.5703704
0.4432804 	 0.73964256
0.4465523 	 0.6658844
0.35654417 	 0.73807186
0.33557597 	 0.74604046
0.345378 	 0.62056047
0.3310528 	 0.70707875
0.36874145 	 0.6927497
0.46212706 	 0.70606095
0.4646045 	 0.62693477
0.47491986 	 0.65185684
0.42243356 	 0.86064136
0.4075017 	 0.6944233
0.4824922 	 0.6134238
0.49230874 	 0.55723596
0.48028484 	 0.71315867
0.4798784 	 0.5731256
0.36823362 	 0.6929008
0.3928471 	 0.6131196
0.39391062 	 0.7327528
0.33488455 	 0.59421873
0.3203826 	 0.6762855
0.41036585 	 0.5584415
0.42083615 	 0.5851049
0.35098642 	 0.61988544
0.34115592 	 0.80870944
0.36682898 	 0.40690225
0.40747347 	 0.72140205
0.39070687 	 0.66327745
0.3994447 	 0.76925766
0.39669174 	 0.9146344
0.46875063 	 0.71445256
0.3513287 	 0.58297163
0.3795078 	 0.6271627
0.39179572 	 0.67392313
0.3929465 	 0.55903095
0.4490906 	 0.5439674
0.35326576 	 0.67367387
0.35043818 	 0.66906
0.4718309 	 0.56353456
0.30219474 	 0.6944069
0.37713322 	 0.61932045
0.38871327 	 0.54960376
0.37765586 	 0.6898542
0.39431602 	 0.65375733
0.3273334 	 0.6235674
0.3945054 	 0.7082367
0.5622638 	 0.5408362
0.45985037 	 0.628989
0.4705053 	 0.7051682
0.4123788 	 0.47192627
0.37748146 	 0.47702023
0.32396534 	 0.5640743
0.27097848 	 0.600254
0.29813033 	 0.6492039
0.25109902 	 0.6463256
0.23568036 	 0.5887207
0.2895453 	 0.76365656
0.21877395 	 0.67859876
0.24831988 	 0.7019639
0.2515902 	 0.46531978
0.24332546 	 0.6648657
0.2055762 	 0.78701705
0.21567805 	 0.5814544
0.19640969 	 0.932795
0.24952339 	 0.5624695
0.19045837 	 0.59143084
0.21345495 	 0.64870435
0.25490534 	 0.5248647
0.22491835 	 0.7897995
0.17194892 	 0.5770227
0.18520449 	 0.61429554
0.17656343 	 0.7583619
0.13105871 	 0.6861864
0.18207185 	 0.7255307
0.17378414 	 0.7436734
0.2084912 	 0.7310008
0.70812476 	 0.5457042
0.6293677 	 0.61061317
0.5094631 	 0.53625524
0.6559518 	 0.6624399
0.5860956 	 0.79179233
0.69488734 	 0.60395724
0.4436281 	 0.53935546
0.52420485 	 0.71927786
0.5573191 	 0.5757279
0.6142396 	 0.5101216
0.68897915 	 0.7580003
0.68619233 	 0.6116734
0.5826102 	 0.6435127
0.6764968 	 0.57454866
0.7097864 	 0.6723562
0.6256962 	 0.5331249
0.7687711 	 0.8454248
0.70713747 	 0.4275712
0.69695866 	 0.6820674
0.7065881 	 0.6692766
0.64782 	 0.71830577
0.591483 	 0.60629356
0.65653265 	 0.61929125
0.55592525 	 0.7340219
0.62888825 	 0.6564473
0.6258397 	 0.5257083
0.46938002 	 0.7029178
0.5694274 	 0.71107954
0.7191072 	 0.68479687
0.88400596 	 0.6029981
0.76141655 	 0.58720154
0.6540894 	 0.6374928
0.7031395 	 0.66008687
0.6338099 	 0.5839198
0.651363 	 0.7509171
0.7386915 	 0.49211082
0.7451607 	 0.7340438
0.7741284 	 0.63671136
0.7395729 	 0.71504784
0.7704253 	 0.66955703
0.62032527 	 0.5909856
0.63558245 	 0.60577744
0.5050602 	 0.54123986
0.5669983 	 0.4958574
0.6403939 	 0.5663861
0.5492435 	 0.65013015
0.5831679 	 0.5599045
0.58430165 	 0.57229304
0.45351914 	 0.45607793
0.58191687 	 0.58929944
0.6286702 	 0.56733423
0.6648205 	 0.5176306
0.6842055 	 0.671574
0.746169 	 0.7004138
0.73888016 	 0.6551513
0.63921356 	 0.6305329
0.72994167 	 0.769931
0.72271377 	 0.5526548
0.71848524 	 0.62185585
0.76653427 	 0.6568639
0.61537856 	 0.73116237
0.6044175 	 0.67001003
0.6037153 	 0.58733094
0.639392 	 0.6788293
0.58161676 	 0.53514147
0.571088 	 0.6507585
0.5279176 	 0.6753584
0.60559195 	 0.8050644
0.5836763 	 0.63028324
0.5770466 	 0.62871855
0.6927262 	 0.7689022
0.82028764 	 0.6559557
0.63497245 	 0.60571384
0.726674 	 0.854699
0.7276455 	 0.6939525
0.5838713 	 0.6607579
0.66933227 	 0.62600356
0.54368776 	 0.6511117
0.6540879 	 0.63856494
0.63244605 	 0.69648534
0.54161566 	 0.6924405
0.44861898 	 0.6704959
0.5158934 	 0.6424328
0.48241892 	 0.510371
0.40452227 	 0.5464959
0.33066878 	 0.5461752
0.40215713 	 0.7044729
0.42474467 	 0.6682906
0.4179211 	 0.61274755
0.3985038 	 0.653327
0.4223668 	 0.7011187
0.46670023 	 0.735058
0.42788586 	 0.6457969
0.41459674 	 0.6407153
0.4135185 	 0.53770196
0.4339645 	 0.7990614
0.40184832 	 0.6455731
0.36006436 	 0.6851766
0.41460693 	 0.6110664
0.43932593 	 0.618574
0.43895632 	 0.6517438
0.45405623 	 0.60540664
0.45568544 	 0.6806701
0.4116045 	 0.6063502
0.47900656 	 0.80504715
0.52130485 	 0.747017
0.5748154 	 0.64744365
0.57436424 	 0.7130667
0.6136855 	 0.5854583
0.64897794 	 0.7537643
0.6383993 	 0.7870804
0.63885343 	 0.5956615
0.5196649 	 0.5299045
0.5782551 	 0.7387176
0.54390293 	 0.6399812
0.47596014 	 0.6793324
0.5509903 	 0.61071724
0.48145515 	 0.6614103
0.5294121 	 0.6603139
Summary
0.13105871  -  0.88400596 ,  0.40690225  -  0.94746864
accuracy:  83.4
equal predictions:  0
TensorFlow version: 1.13.1
Found 939 images belonging to 1 classes.
argN = 196
argN = 196
0.8684173 	 0.68476814
0.6121692 	 0.7025938
0.36715135 	 0.69687897
0.33716464 	 0.66563827
0.2114445 	 0.70864177
0.21054164 	 0.5651466
0.22385703 	 0.6321347
0.20316696 	 0.4227236
0.45731646 	 0.60130006
0.26835072 	 0.6123791
0.28748706 	 0.5938605
0.25633407 	 0.4874077
0.3349579 	 0.68048483
0.56829524 	 0.7773643
0.5841582 	 0.61354053
0.35438418 	 0.6454558
0.46610603 	 0.6537273
0.336073 	 1.0822364
0.35868567 	 0.724744
0.34575284 	 0.824383
0.3508473 	 0.79236573
0.24041846 	 0.761159
0.25337878 	 0.9488221
0.2668217 	 0.61114854
0.29638645 	 0.6898195
0.2930337 	 0.7590611
0.40510216 	 0.60423076
0.35178843 	 0.6245132
0.7535229 	 0.6441612
0.54805684 	 0.48624223
0.6231945 	 0.4807988
0.53394085 	 0.5991194
0.60030615 	 0.6369278
0.554373 	 0.55582696
0.33727238 	 0.46375003
0.5344552 	 0.63969845
0.27943462 	 0.6883846
0.26207954 	 0.51964164
0.26018554 	 0.4490201
0.25347862 	 0.5911098
0.33103654 	 0.59548384
0.49683848 	 0.56172156
0.4833498 	 0.5490439
0.33220145 	 0.5830229
0.2712418 	 0.5989279
0.60548407 	 0.5398957
0.40842703 	 0.78404295
0.3993562 	 0.5511082
0.3935886 	 0.65738827
0.37982687 	 0.7541928
0.3384604 	 0.4423729
0.252797 	 0.537946
0.18726934 	 0.6561914
0.14868681 	 0.91252494
0.2078004 	 0.48185992
0.2428574 	 0.7408144
0.4088667 	 0.6239584
0.28975904 	 0.5341991
0.2774935 	 0.64304537
0.47079808 	 0.5495113
0.58090603 	 0.57915634
0.73842484 	 0.5211405
0.5085035 	 0.80739
0.54229605 	 0.58558124
0.619694 	 0.63087785
0.37240458 	 0.47104913
0.31901535 	 0.695507
0.39004844 	 0.7625765
0.4128022 	 0.6846708
0.2320434 	 0.61330736
0.21063553 	 0.54898393
0.32650223 	 0.65740615
0.43074876 	 0.6073381
0.33776337 	 0.6992447
0.52679384 	 0.56922483
0.35536504 	 0.7205489
0.3727643 	 0.5346255
0.37110186 	 0.5383456
0.4248399 	 0.5802074
0.50821704 	 0.6263098
0.5883675 	 0.5680823
0.6593464 	 0.7602433
0.59846336 	 0.73694175
0.70584023 	 0.5932407
0.484548 	 0.54887646
0.34375477 	 0.61287314
0.5390419 	 0.6085778
0.43485397 	 0.6464866
0.55795527 	 0.63007194
0.38625273 	 0.6544945
0.35604095 	 0.77849203
0.4032367 	 0.68914974
0.40382 	 0.5027335
0.36623684 	 0.5639975
0.56048554 	 0.48244983
0.63577944 	 0.5882407
0.62260133 	 0.47395363
0.7245315 	 0.45306763
0.6113495 	 0.6773092
0.713133 	 0.5609037
0.74669063 	 0.49227345
0.7069345 	 0.6851194
0.78633624 	 0.66972613
0.7027729 	 0.47678295
0.6987068 	 0.5983421
0.62315905 	 0.6258894
0.6383554 	 0.68875325
0.6793228 	 0.5750102
0.59980696 	 0.36261985
0.5060952 	 0.73131233
0.6362249 	 0.6096955
0.5527616 	 0.5376124
0.7192253 	 0.5625193
0.6749718 	 0.49580562
0.61411244 	 0.48400772
0.6187554 	 0.7267709
0.60286003 	 0.7807345
0.44563067 	 0.53744
0.46159062 	 0.63050014
0.46440703 	 0.6820156
0.51990896 	 0.5806568
0.44827095 	 0.58338344
0.42211604 	 0.5283071
0.42169785 	 0.59985733
0.41053873 	 0.599701
0.36332506 	 0.65854335
0.34607372 	 0.5168592
0.39064625 	 0.4805557
0.40938744 	 0.49849
0.36078247 	 0.5699798
0.33053073 	 0.68325436
0.32194728 	 0.5694849
0.38029173 	 0.52274907
0.38474867 	 0.60527754
0.39514923 	 0.46154958
0.32587487 	 0.5491921
0.31830153 	 0.7352403
0.42073756 	 0.5453881
0.34058145 	 0.8267046
0.3577185 	 0.6620964
0.32225296 	 0.6308172
0.41900292 	 0.45405763
0.45014343 	 0.65782547
0.4036605 	 0.63647205
0.38771945 	 0.5500641
0.48386517 	 0.5924416
0.4405448 	 0.5396984
0.4433816 	 0.657121
0.54718685 	 0.62809867
0.42024547 	 0.67495227
0.55559045 	 0.68112135
0.4830429 	 0.5581548
0.55048996 	 0.6370367
0.5110051 	 0.69738317
0.50199854 	 0.7475773
0.52067775 	 0.5713231
0.48077878 	 0.6808229
0.49819392 	 0.67171264
0.36760062 	 0.6068427
0.41372615 	 0.56585735
0.30852634 	 0.6528106
0.33174607 	 0.5996225
0.40364024 	 0.5570386
0.4004579 	 0.5631591
0.4520065 	 0.57987094
0.39801207 	 0.63485324
0.45086488 	 0.527653
0.38771832 	 0.6751417
0.529412 	 0.6479376
0.44373438 	 0.7318357
0.47805974 	 0.6147544
0.4852094 	 0.7214251
0.3784634 	 0.55687577
0.4759074 	 0.63403666
0.39379308 	 0.6585798
0.41077456 	 0.6088913
0.44125807 	 0.66814804
0.3599135 	 0.5036992
0.3380714 	 0.73409694
0.35001525 	 0.60145515
0.385138 	 0.664276
0.3886424 	 0.39928198
0.41137028 	 0.60583925
0.43809023 	 0.5681311
0.43519488 	 0.6456557
0.38700694 	 0.4627863
0.42450076 	 0.6253815
0.5334623 	 0.6077388
0.41464266 	 0.55828047
0.510118 	 0.71173406
0.5089092 	 0.6972021
0.5231857 	 0.52640206
0.6197904 	 0.7407588
0.5684017 	 0.5459692
0.6297762 	 0.5231042
0.6315013 	 0.5899036
0.5769193 	 0.6085659
0.45174688 	 0.5906678
0.5763067 	 0.4688814
0.50922596 	 0.5481321
0.4965191 	 0.6992406
0.5186003 	 0.6186289
0.53787255 	 0.49459133
0.7993013 	 0.553738
0.627128 	 0.65273297
0.56380725 	 0.6016509
0.5938447 	 0.64785063
0.6734001 	 0.55709654
0.55611587 	 0.55654174
0.71481746 	 0.72235805
0.571018 	 0.6924004
0.5927834 	 0.6072033
0.6308808 	 0.55270714
0.674974 	 0.6916845
0.73940957 	 0.6909603
0.694076 	 0.63319224
0.67501855 	 0.6019244
0.69470716 	 0.46899945
0.7821842 	 0.6202234
0.72142243 	 0.53023815
0.6189776 	 0.5247686
0.66017526 	 0.72927004
0.78889954 	 0.7773542
0.5975782 	 0.68172175
0.5812478 	 0.57942134
0.42792246 	 0.65942025
0.5230712 	 0.5238667
0.5864362 	 0.6379395
0.5751852 	 0.7540958
0.54707384 	 0.5966139
0.5253324 	 0.6265944
0.52652323 	 0.64221436
0.49652654 	 0.58252776
0.6102325 	 0.6094748
0.62725055 	 0.5164115
0.4873191 	 0.6196949
0.6439251 	 0.6686244
0.57001114 	 0.5653835
0.67461073 	 0.6262845
0.53142965 	 0.66885614
0.56280327 	 0.5131233
0.6053989 	 0.6324623
0.6449068 	 0.6405904
0.5627365 	 0.6594726
0.57603055 	 0.5394321
0.67013097 	 0.6547896
0.55765563 	 0.5612565
0.5818838 	 0.63183266
0.6147297 	 0.6754896
0.67494994 	 0.7873556
0.6056788 	 0.65591455
0.7180976 	 0.5318994
0.65866584 	 0.7322168
0.75864965 	 0.6367137
0.7544705 	 0.6003768
0.6652306 	 0.7575523
0.7292783 	 0.61725837
0.6779145 	 0.60941756
0.80688536 	 0.70267683
0.6622822 	 0.55393666
0.6537532 	 0.66136974
0.5465934 	 0.75557625
0.49435198 	 0.63599735
0.5706532 	 0.6319901
0.5857704 	 0.5519827
0.5909927 	 0.71318287
0.78493893 	 0.7127354
0.56906384 	 0.68845457
0.61620784 	 0.75814766
0.5963853 	 0.54697
0.49115878 	 0.5817557
0.49110922 	 0.6168676
0.63161117 	 0.62646335
0.53743297 	 0.65709686
0.56779355 	 0.6190662
0.47429204 	 0.70026493
0.5402308 	 0.66269636
0.55621564 	 0.53369
0.45338237 	 0.61122143
0.5674974 	 0.6086492
0.5081508 	 0.6995183
0.35079905 	 0.642083
0.34314024 	 0.72504085
0.35370645 	 0.5184593
0.31188244 	 0.5891283
0.29543194 	 0.57620764
0.30860654 	 0.66392004
0.28799844 	 0.6247693
0.27238002 	 0.6030925
0.31792703 	 0.64593923
0.4235891 	 0.7025588
0.46297756 	 0.44041008
0.36880177 	 0.5891511
0.2796562 	 0.65151465
0.4385694 	 0.61908966
0.40783647 	 0.5857381
0.48841882 	 0.6030251
0.55573934 	 0.62896717
0.4874863 	 0.6927236
0.47024685 	 0.6758791
0.52757925 	 0.6929488
0.5847925 	 0.57836336
0.5565665 	 0.57789534
0.5573036 	 0.76364714
0.5845221 	 0.6438141
0.5484077 	 0.6652165
0.6088496 	 0.5694044
0.5707339 	 0.5728791
0.6065878 	 0.60103536
0.59669095 	 0.60608286
0.544938 	 0.6265829
0.55257374 	 0.66685206
0.5834499 	 0.6025868
Summary
0.14868681  -  0.8684173 ,  0.36261985  -  1.0822364
accuracy:  78.6
equal predictions:  0
TensorFlow version: 1.13.1
Found 939 images belonging to 1 classes.
argN = 196
argN = 196
0.5230646 	 0.5202068
0.6177954 	 0.71813476
0.47181505 	 0.4938687
0.68424016 	 0.6671085
0.50084263 	 0.71802014
0.3520381 	 0.48764208
0.2916547 	 0.59792095
0.3128726 	 0.71108806
0.3878636 	 0.56919336
0.574398 	 0.44036537
0.40649146 	 0.6544357
0.45251822 	 0.5851841
0.47439203 	 0.5868109
0.36677134 	 0.6845309
0.32325235 	 0.49552774
0.55932593 	 0.6021741
0.3614604 	 0.6720123
0.32756397 	 0.56087387
0.41953832 	 0.56291974
0.49100295 	 0.6578271
0.41669816 	 0.7146568
0.37573513 	 0.563513
0.34429488 	 0.6464629
0.4955514 	 0.71215546
0.42237708 	 0.6614446
0.33575824 	 0.70029134
0.30097944 	 0.56281173
0.39474013 	 0.6107925
0.5016352 	 0.583179
0.3523197 	 0.46532527
0.42959166 	 0.5369746
0.53100216 	 0.6767719
0.4817752 	 0.6559673
1.0668658 	 0.75541663
0.59485555 	 0.69703245
0.41165164 	 0.5429117
0.4357732 	 0.6781449
0.37379575 	 0.8242835
0.4631401 	 0.5834327
0.40014187 	 0.6681715
0.40568253 	 0.4968607
0.45531416 	 0.5547433
0.5105188 	 0.64689595
0.44233903 	 0.66119444
0.42737526 	 0.59134537
0.43013385 	 0.49197128
0.34699315 	 0.6586579
0.4497927 	 0.7996935
0.65532166 	 0.59639275
0.43981576 	 0.57894564
0.34569734 	 0.65756094
0.38263023 	 0.574691
0.45649457 	 0.5033053
0.45012137 	 0.5030953
0.5643498 	 0.64064735
0.4953002 	 0.71042037
0.42984796 	 0.72559285
0.44126606 	 0.6178636
0.5877461 	 0.7358736
0.56955916 	 0.69372517
0.4562226 	 0.73326045
0.46084815 	 0.646017
0.48696306 	 0.6184806
0.52280027 	 0.63676465
0.519549 	 0.6392244
0.46612608 	 0.66234165
0.39012593 	 0.5317867
0.38451537 	 0.63914174
0.46125305 	 0.6242951
0.44244528 	 0.5666724
0.49630895 	 0.66948533
0.5611114 	 0.766244
0.5589551 	 0.64951825
0.5639531 	 0.8669161
0.5548334 	 0.58172315
0.49692637 	 0.7386632
0.4576951 	 0.54386175
0.34836477 	 0.6002343
0.2786572 	 0.5507671
0.27131382 	 0.5461533
0.45408177 	 0.64794147
0.3941422 	 0.8595717
0.39939234 	 0.6157564
0.51141137 	 0.65984726
0.5269739 	 0.7408914
0.45995978 	 0.67582875
0.47308597 	 0.68944925
0.5664279 	 0.5568812
0.5389849 	 0.71797526
0.5338036 	 0.7807589
0.5624697 	 0.7388686
0.49675876 	 0.7334248
0.50284475 	 0.74572253
0.55886835 	 0.8978582
0.5380036 	 0.5462108
0.57241625 	 0.78785807
0.63446826 	 0.6295597
0.52363455 	 0.60411423
0.4845298 	 0.711332
0.57066226 	 0.64190966
0.56722164 	 0.63358575
0.60025203 	 0.73364955
0.56267715 	 0.73815864
0.56759524 	 0.6653529
0.56480086 	 0.6982527
0.5588677 	 0.655884
0.52618897 	 0.6878892
0.52853775 	 0.5942528
0.60920984 	 0.74222684
0.59104115 	 0.75201297
0.56840026 	 0.6770638
0.5928479 	 0.56074333
0.49193943 	 0.686384
0.46591112 	 0.6471253
0.59572273 	 0.6150205
0.43838996 	 0.5910063
0.44500858 	 0.57586336
0.52345353 	 0.5055992
0.52631104 	 0.63259315
0.56758547 	 0.77870363
0.5235806 	 0.7455962
0.5263904 	 0.58765477
0.49815398 	 0.79740804
0.44288334 	 0.52381
0.5335708 	 0.5985416
0.4693013 	 0.5896312
0.51310575 	 0.6447119
0.44005045 	 0.66613847
0.4612213 	 0.60520977
0.42083508 	 0.6915559
0.51163477 	 0.4665721
0.38190532 	 0.45518684
0.44201478 	 0.6895579
0.4706488 	 0.5326576
0.47237068 	 0.516857
0.48665825 	 0.6031228
0.474266 	 0.6406481
0.37833402 	 0.6188996
0.39348418 	 0.6768263
0.48233125 	 0.5078961
0.42105153 	 0.5022871
0.45884547 	 0.7078276
0.38157633 	 0.56061697
0.4342172 	 0.6150431
0.4407843 	 0.5325153
0.46093073 	 0.49991754
0.46795067 	 0.49901235
0.40935737 	 0.57244897
0.47207573 	 0.82483655
0.48648962 	 0.54847914
0.39660293 	 0.5716681
0.42918518 	 0.53391623
0.42502406 	 0.5938158
0.4128837 	 0.5738162
0.42464286 	 0.5513995
0.43284106 	 0.4716242
0.36043268 	 0.60521984
0.34996375 	 0.5109441
0.34253442 	 0.5649763
0.2914973 	 0.58167744
0.25837472 	 0.6158337
0.30371386 	 0.64996046
0.29421642 	 0.60175925
0.29658207 	 0.56820893
0.33749706 	 0.52648926
0.36350492 	 0.6058643
0.32671937 	 0.59067804
0.34978393 	 0.5888853
0.30953032 	 0.54013896
0.35251766 	 0.5887796
0.34472683 	 0.44999096
0.4397571 	 0.45646042
0.31822515 	 0.46458724
0.35864386 	 0.6997121
0.39251113 	 0.5815851
0.34980372 	 0.43598852
0.3713608 	 0.52647775
0.34005037 	 0.7805938
0.36662617 	 0.6437106
0.38645974 	 0.6367502
0.30078897 	 0.60960186
0.43323177 	 0.47508234
0.37871623 	 0.3594828
0.38691145 	 0.49004284
0.3565629 	 0.39837784
0.39486486 	 0.41856512
0.38355127 	 0.529709
0.3994916 	 0.44741642
0.43601543 	 0.5292105
0.3840668 	 0.39022243
0.4868352 	 0.62849706
0.40904975 	 0.460088
0.49205542 	 0.6486143
0.4388136 	 0.78355753
0.4915258 	 0.6694538
0.467075 	 0.75349426
0.49967593 	 0.5801093
0.49726146 	 0.9167111
0.42347786 	 0.6347203
0.4560843 	 0.8038678
0.37381688 	 0.6536957
0.48144984 	 0.5431296
0.5477668 	 0.6321895
0.54634285 	 0.6392123
0.5515186 	 0.63502824
0.45809656 	 0.7198332
0.5247839 	 0.60443765
0.5572707 	 0.68671715
0.53352135 	 0.7169318
0.6468735 	 0.61052644
0.43680397 	 0.61473215
0.38331032 	 0.7634004
0.41140753 	 0.756741
0.3995853 	 0.52165073
0.503729 	 0.7089637
0.5591596 	 0.60826856
0.49659517 	 0.79701024
0.5910122 	 0.60971874
0.5883521 	 0.64416826
0.5650562 	 0.6599647
0.51492435 	 0.75020427
0.4615771 	 0.57447696
0.5111027 	 0.61479056
0.575395 	 0.6515972
0.47156593 	 0.7292812
0.7415073 	 0.5673771
0.6601251 	 0.623078
0.6982744 	 0.5608179
0.46726146 	 0.71463156
0.53955215 	 0.85903585
0.4752012 	 0.5404033
0.49561363 	 0.62058467
0.48580265 	 0.78740317
0.50323826 	 0.50394917
0.4530052 	 0.8210713
0.52121794 	 0.8192085
0.4729047 	 0.4986422
0.6370053 	 0.81662995
0.41608697 	 0.63986075
0.4581582 	 0.8373903
0.53271663 	 0.55703807
0.5955819 	 0.740367
0.5410838 	 0.82424587
0.6769504 	 0.5584665
0.660474 	 0.7624136
0.4829799 	 0.63789
0.5957439 	 0.8274794
0.39721864 	 0.61180794
0.48226753 	 0.65713435
0.41782993 	 0.5579753
0.4154334 	 1.0093108
0.509517 	 0.819627
0.53412056 	 0.5087766
0.4757752 	 0.9235135
0.6346135 	 0.6128307
0.6030759 	 0.7224157
0.5403793 	 0.57592475
0.6054596 	 0.6934281
0.42535764 	 0.6837195
0.52302086 	 0.6003194
0.56266093 	 0.6258551
0.5205434 	 0.7787337
0.55265325 	 0.62529665
0.5900385 	 0.7643055
0.63004375 	 0.61065555
0.51267254 	 0.69161165
0.6011856 	 0.5008744
0.5600123 	 0.69466513
0.550487 	 0.6800527
0.5128198 	 0.6537388
0.53467315 	 0.64365715
0.49859932 	 0.612104
0.46049988 	 0.6113023
0.5210242 	 0.41062462
0.43024215 	 0.7102984
0.35362226 	 0.56245613
0.32491705 	 0.80998445
0.33723578 	 0.57049567
0.2935252 	 0.6436753
0.3098494 	 0.5609234
0.2686122 	 0.43609664
0.3294478 	 0.65813345
0.31697163 	 0.69822145
0.2481285 	 0.75868934
0.31978533 	 0.7424589
0.37269074 	 0.586147
0.32437995 	 0.8117954
0.4526992 	 0.7357881
0.37514153 	 0.5585655
0.38318232 	 0.54902035
0.47310004 	 0.47036982
0.51684564 	 0.8023536
0.545439 	 0.60840964
0.5308285 	 0.7112427
0.57766825 	 0.71004546
0.54384464 	 0.567021
0.73388386 	 0.6017947
0.5773766 	 0.72915524
0.6153394 	 0.785354
0.5789849 	 0.7914736
0.5188467 	 0.6283762
0.6030729 	 0.6727981
0.5846937 	 0.76555
0.5420584 	 0.6338692
0.5840345 	 0.6681961
0.46868795 	 0.5831861
0.47245577 	 0.747964
0.49754375 	 0.8300618
0.52817744 	 0.5765547
0.53358203 	 0.71141857
0.51955223 	 0.56006074
0.68197894 	 0.74150276
0.571605 	 0.81296414
Summary
0.2481285  -  1.0668658 ,  0.3594828  -  1.0093108
accuracy:  92.7
equal predictions:  0
