TensorFlow version: 1.13.1
Found 939 images belonging to 1 classes.
argN = 784
argN = 784
0.29661742 	 0.6766576
0.3328591 	 0.42611372
0.15500636 	 0.27477542
0.20603262 	 0.92344326
0.2518004 	 1.0470076
0.28395817 	 1.1292825
0.36120135 	 0.7874001
0.3838147 	 0.7496447
0.346917 	 0.83714455
0.36939442 	 0.94423354
0.3560037 	 1.0391397
0.3545976 	 0.9606948
0.38188472 	 0.849114
0.22865176 	 0.5274938
0.24256124 	 0.51306534
0.26152828 	 1.0996063
0.21660146 	 0.39186767
0.25704604 	 0.6576904
0.24069284 	 0.5304424
0.24386446 	 0.64090955
0.17979027 	 0.55448884
0.2651807 	 0.6662663
0.2652304 	 1.4674368
0.12189444 	 1.5780934
0.14236693 	 0.7186585
0.21823183 	 1.4551475
0.3016219 	 0.9372564
0.36110017 	 0.74065924
0.18282138 	 0.45544997
0.23179935 	 0.61734927
0.24740702 	 0.32401702
0.37778667 	 0.8399174
0.25714633 	 0.97161263
0.2194801 	 0.49375737
0.24768737 	 0.6508571
0.20472851 	 0.6317089
0.23823671 	 0.47760934
0.1707413 	 0.45701134
0.33047682 	 0.439595
0.37723744 	 0.6632962
0.20599885 	 0.3311426
0.26069766 	 0.7858582
0.24473283 	 0.7147631
0.18820006 	 0.66304874
0.18813992 	 0.61364573
0.16238111 	 0.9957527
0.16229853 	 0.50865465
0.17221604 	 0.7549774
0.18459818 	 0.91606075
0.14467089 	 0.7169034
0.29127768 	 0.8814008
0.24923602 	 0.97867894
0.27020872 	 0.50643986
0.26208875 	 0.6244972
0.2534045 	 0.59338003
0.15075932 	 0.45932996
0.098437704 	 0.28614998
0.20191911 	 0.624434
0.20664862 	 0.59327304
0.28601635 	 0.6923682
0.22987284 	 0.7607787
0.18402341 	 0.44958675
0.13150424 	 1.1076075
0.17117636 	 0.7698098
0.32053238 	 0.96469253
0.2301219 	 0.50966924
0.26525477 	 1.0896965
0.26628637 	 0.39914542
0.33019102 	 0.60118586
0.34821615 	 0.4962129
0.33798048 	 0.9189297
0.3699384 	 0.45090052
0.2724767 	 0.8266734
0.1393516 	 0.5277492
0.20229825 	 0.3230991
0.20741147 	 0.26983383
0.25481984 	 0.47704425
0.2197424 	 0.310547
0.14474218 	 0.93562466
0.1190732 	 0.9343015
0.32267582 	 0.71693844
0.24076337 	 0.5778405
0.19069463 	 0.88526356
0.13853316 	 0.74651796
0.10367972 	 0.3840443
0.14908282 	 0.29965758
0.14080152 	 0.38173208
0.25730637 	 0.7421288
0.29490292 	 0.7969998
0.26847577 	 0.75031537
0.28363034 	 0.6504639
0.17625938 	 1.3678856
0.13434173 	 0.9094592
0.18393485 	 1.0511583
0.16993111 	 0.44988298
0.13871631 	 0.4361453
0.15533395 	 1.097129
0.15344045 	 0.71158504
0.17970103 	 1.1508482
0.10835373 	 0.18991373
0.13716543 	 0.43923798
0.13235927 	 0.64191693
0.12290493 	 0.7622547
0.109482475 	 0.46609956
0.123248115 	 0.5659649
0.12680173 	 0.5759892
0.11859103 	 0.32113868
0.12661757 	 0.51683015
0.13124472 	 0.5489361
0.14576423 	 0.49900216
0.16438185 	 0.9602626
0.2785743 	 0.44382867
0.27915478 	 0.5998432
0.2893582 	 0.65652335
0.29980937 	 0.54345554
0.2894274 	 0.71089655
0.26566952 	 0.74328774
0.30945495 	 0.54670763
0.30905995 	 0.6982919
0.30048722 	 0.6743264
0.30395058 	 0.844452
0.30390227 	 0.8040794
0.26129684 	 0.5631524
0.2589642 	 0.802096
0.2551448 	 0.66992176
0.27012476 	 0.7084742
0.29714447 	 0.5930698
0.29114905 	 0.7060445
0.29561856 	 0.697911
0.29562363 	 0.7423231
0.3094962 	 0.5967358
0.29805252 	 0.7401411
0.33464482 	 0.68462294
0.31771612 	 0.7383252
0.30498973 	 0.8292739
0.29343742 	 0.70452595
0.27437106 	 0.9201883
0.29823327 	 0.73229665
0.29979625 	 0.8715459
0.31156114 	 0.68910915
0.31725514 	 0.9269214
0.3227192 	 0.96323735
0.293827 	 0.55568594
0.25379807 	 1.0488148
0.27083546 	 0.85221624
0.28893247 	 0.5030433
0.25692266 	 0.85255617
0.22997922 	 0.7434525
0.17603469 	 1.1958692
0.18585216 	 0.980299
0.19644378 	 0.96355534
0.19973545 	 0.83128
0.21661021 	 0.89343137
0.19379838 	 0.7701034
0.17756957 	 0.83188224
0.17702124 	 0.64734644
0.17902191 	 1.1702399
0.16321926 	 1.0788921
0.14953762 	 1.2832122
0.16284426 	 0.76647127
0.15712063 	 0.9289438
0.17866196 	 0.81609046
0.15860417 	 0.88992774
0.15714413 	 0.86625427
0.16733201 	 0.6958635
0.13947241 	 0.32634446
0.14475664 	 0.55345386
0.13232811 	 0.24395986
0.17153724 	 0.6073234
0.1646468 	 1.1348599
0.11084128 	 0.34674162
0.13687442 	 1.0781674
0.13016711 	 0.7463887
0.14023505 	 0.7972379
0.13021824 	 0.7343241
0.13072595 	 0.68864274
0.11054972 	 0.4360485
0.14086513 	 0.72506535
0.14964825 	 0.7045157
0.13577954 	 0.9222027
0.1572911 	 0.7862125
0.16792455 	 0.72315395
0.17756324 	 1.06791
0.1591151 	 0.50585747
0.17721769 	 0.47116023
0.17744094 	 0.45870504
0.16460887 	 0.4990901
0.16567908 	 0.9556316
0.16912135 	 1.0939958
0.16725168 	 0.9288658
0.15667532 	 1.1790776
0.1637459 	 0.74734885
0.1646142 	 0.61692935
0.14824013 	 0.7857298
0.15226406 	 0.3917188
0.14900285 	 0.7152249
0.12673326 	 1.310223
0.12771343 	 1.0807881
0.30924848 	 1.1560366
0.30673218 	 0.92042124
0.31410643 	 0.7352006
0.31294888 	 0.5959708
0.26898038 	 1.0286053
0.25068673 	 0.8475352
0.28790596 	 0.97521204
0.28461626 	 1.2650371
0.34934497 	 0.85543907
0.38955405 	 0.78455013
0.3550431 	 1.016425
0.35476476 	 0.7789194
0.34567377 	 0.8429771
0.35510483 	 0.9839217
0.34917372 	 0.8794325
0.3671807 	 1.1333975
0.35972857 	 0.8372031
0.31890646 	 1.169156
0.32979473 	 1.0057188
0.30850387 	 0.971994
0.32917258 	 1.0919619
0.35493544 	 0.9086327
0.42973217 	 0.73215497
0.49409026 	 0.86817217
0.50942516 	 0.77239734
0.51213795 	 0.7089881
0.49025175 	 0.8203262
0.49695596 	 0.7406779
0.48496863 	 0.9672053
0.5100088 	 0.80746335
0.4950073 	 0.9056418
0.5292871 	 0.93191254
0.4935972 	 0.98347795
0.50530744 	 1.0516181
0.50041664 	 0.9063772
0.4785139 	 1.1534013
0.41022074 	 1.1044996
0.29718682 	 0.9669465
0.2572623 	 1.0513498
0.26078632 	 1.1169052
0.2910382 	 1.1225264
0.2776854 	 0.9718139
0.26917118 	 0.8808533
0.3461036 	 0.7208633
0.3054352 	 0.73613876
0.28063744 	 0.5297177
0.29900798 	 0.8295124
0.2637394 	 1.2740691
0.27423573 	 1.0061393
0.29138792 	 0.9030258
0.31016377 	 0.45478746
0.31495774 	 0.964932
0.27191406 	 0.73471475
0.3592848 	 0.83865017
0.3927484 	 1.0209305
0.37509885 	 0.91457325
0.385852 	 0.73873293
0.42799404 	 0.8783962
0.4567584 	 0.59338975
0.31388876 	 0.9652792
0.33901513 	 0.7762197
0.3689872 	 1.0281968
0.44161156 	 0.7967191
0.60843515 	 0.93580663
0.68263036 	 0.77208817
0.61176926 	 0.7519433
0.62634134 	 0.81363857
0.58630705 	 0.95697135
0.5399777 	 0.71897614
0.35100716 	 0.6943945
0.36218277 	 0.93764615
0.34976727 	 0.9627104
0.32092527 	 0.5809201
0.2843972 	 0.8092467
0.2745938 	 1.1114231
0.32663658 	 0.89839584
0.30420142 	 0.76091737
0.36715728 	 0.8333901
0.34617212 	 0.70591474
0.3567741 	 1.0073323
0.32961628 	 0.95284194
0.3641855 	 0.77157027
0.34984687 	 0.6715607
0.31713384 	 0.75983965
0.32977915 	 0.7702643
0.3120137 	 0.8080402
0.301414 	 0.8030719
0.34756464 	 0.83496964
0.32302228 	 0.9296941
0.37194812 	 0.84871656
0.32813555 	 0.557359
0.3035786 	 0.9466579
0.36720684 	 0.85329986
0.3402115 	 0.890285
0.36520833 	 0.81390995
0.31212828 	 0.98784727
0.39066756 	 0.8882643
0.3960184 	 0.8446502
0.37006146 	 0.75736517
0.35728738 	 0.8346728
0.29042757 	 0.8736146
0.30761352 	 0.8055162
0.32313147 	 0.66844344
0.36248538 	 0.7294875
0.39398503 	 0.7668453
0.34898353 	 0.907683
0.33021143 	 0.8058254
0.3545541 	 0.7359181
0.3437968 	 0.58095735
0.3601762 	 0.84971637
0.3620076 	 0.7515468
0.31020588 	 0.7271628
0.3446459 	 0.77858835
0.4090187 	 0.76733166
0.4161355 	 0.7885728
Summary
0.098437704  -  0.68263036 ,  0.18991373  -  1.5780934
accuracy:  100.0
equal predictions:  0
TensorFlow version: 1.13.1
Found 939 images belonging to 1 classes.
argN = 784
argN = 784
0.39965737 	 1.4041512
0.38563952 	 1.8299005
0.37671304 	 1.6590496
0.36052978 	 1.271313
0.40443957 	 1.4015292
0.35414827 	 1.4765702
0.26690048 	 1.8650148
0.16211788 	 1.7323667
0.1631921 	 1.8489861
0.14816727 	 2.2942207
0.15826957 	 1.118519
0.12978923 	 2.2281265
0.119528525 	 1.0217906
0.12009978 	 2.352048
0.107886 	 1.1662164
0.10153601 	 1.3659632
0.24392478 	 1.267396
0.28372976 	 1.2053641
0.25975397 	 1.4348884
0.16968763 	 1.5317417
0.21540484 	 1.5624766
0.24694751 	 1.8274982
0.395151 	 1.4455357
0.40424114 	 1.3436527
0.34754464 	 1.2488385
0.40735477 	 1.295253
0.27466705 	 1.1855385
0.3164923 	 1.2971634
0.15253478 	 1.6232921
0.16856076 	 1.5902172
0.12379418 	 1.731098
0.05004678 	 1.5520573
0.12144612 	 1.7892841
0.52713484 	 1.1563495
0.33492863 	 1.3328433
0.32093325 	 1.3480326
0.5066167 	 1.3998842
0.58463997 	 1.2006977
0.5698917 	 1.4367049
0.42203006 	 1.2522664
0.46673357 	 1.3465312
0.4271702 	 1.1002699
0.22912349 	 2.0542867
0.21379037 	 1.7176142
0.26473075 	 1.1026114
0.4839637 	 1.0606121
0.43633154 	 1.4357007
0.4339998 	 1.2619349
0.29673058 	 1.3833601
0.10897088 	 1.9392576
0.1051826 	 1.764404
0.0773513 	 2.398299
0.083990455 	 1.567002
0.089332774 	 1.8356882
0.08788077 	 1.6326642
0.20218094 	 1.885247
0.23713979 	 1.6072814
0.27885073 	 1.2685522
0.17793319 	 1.1421613
0.2555945 	 1.5301387
0.19390424 	 1.3538646
0.10952025 	 1.2364846
0.08272674 	 1.7321599
0.08212343 	 1.7098315
0.037608907 	 1.0501583
0.006396622 	 1.4571164
0.019317038 	 1.5898194
0.03370398 	 1.4209058
0.079399906 	 1.4312785
0.24412282 	 1.3190528
0.10697309 	 1.0991691
0.4595972 	 1.1231676
0.38715354 	 1.0194213
0.34197116 	 1.2107443
0.35505527 	 1.6565043
0.25644553 	 1.5223696
0.19122209 	 1.3977746
0.31760818 	 1.9803255
0.10652629 	 1.2290678
0.39670217 	 0.970884
0.25753245 	 1.8660871
0.20878193 	 1.6117142
0.17832986 	 1.2306057
0.071298905 	 1.2992815
0.2567935 	 1.2266878
0.032405104 	 1.5325168
0.12661886 	 1.2980671
0.13781102 	 1.2640511
0.13561626 	 1.6301329
0.13965382 	 1.4319563
0.14878087 	 1.7677087
0.13571087 	 1.9572932
0.13117294 	 1.3271053
0.061445076 	 1.2443519
0.0822502 	 1.9957008
0.10442909 	 1.4140898
0.07470366 	 1.8295403
0.07298711 	 1.6788918
0.038185198 	 1.5452299
0.04167162 	 1.6459435
0.037621655 	 1.564585
0.050553165 	 1.501869
0.06859553 	 1.9970173
0.08395357 	 1.6805341
0.069233656 	 1.630251
0.08569836 	 0.8076306
0.08570063 	 0.79840505
0.08696201 	 1.4579054
0.040318113 	 1.422388
0.040285718 	 1.0864718
0.04701114 	 0.9754131
0.04493231 	 1.1387947
0.06305291 	 1.5681739
0.038854826 	 0.966114
0.045673165 	 0.97393024
0.06693142 	 1.2970978
0.05234742 	 1.6654172
0.061773956 	 0.82621723
0.07486483 	 1.0557022
0.067475 	 1.2667665
0.08332756 	 1.2323362
0.08866216 	 1.1111665
0.06214728 	 1.3162738
0.087569214 	 1.3994297
0.074160956 	 1.2748473
0.0837374 	 0.720166
0.090518154 	 0.73471946
0.105680935 	 0.9053352
0.07334848 	 1.2972714
0.10527107 	 0.89011717
0.1046599 	 0.97739255
0.07658268 	 1.4671592
0.076555654 	 0.8639705
0.07987851 	 0.95050776
0.06205018 	 1.0506399
0.07115393 	 1.31091
0.081542276 	 1.0941292
0.0848045 	 1.4330622
0.06743157 	 1.6795031
0.069834225 	 1.554242
0.0726626 	 1.1190327
0.05102581 	 1.0595857
0.05347552 	 0.98098105
0.047020014 	 1.064559
0.04300257 	 0.9390714
0.044197418 	 1.0284246
0.052442264 	 1.1540818
0.053484138 	 1.3176686
0.044039257 	 1.2181243
0.048441812 	 1.1151657
0.042818155 	 1.0910668
0.039007895 	 1.0041921
0.036987983 	 1.5397154
0.033824448 	 1.260501
0.041632224 	 1.4052601
0.036366574 	 1.0842408
0.04122275 	 0.8862341
0.040322084 	 1.0377172
0.042592786 	 0.9385388
0.0394585 	 1.0103604
0.035008434 	 1.2851135
0.038470276 	 0.88129884
0.030854674 	 1.0652636
0.047004957 	 1.2049247
0.043325998 	 1.0538675
0.03764344 	 1.3595905
0.041336115 	 1.2418162
0.042946756 	 1.1196425
0.04530189 	 0.9377294
0.051005803 	 1.4056102
0.060549956 	 0.9919495
0.05101797 	 1.487792
0.046242885 	 1.2617722
0.053997427 	 0.9249097
0.06590887 	 1.4227846
0.054661807 	 1.7227435
0.049264167 	 1.3721179
0.06267861 	 0.99782866
0.064137615 	 0.9747607
0.0727699 	 1.0188848
0.071099535 	 0.95580196
0.06720225 	 1.3540637
0.073972054 	 1.5030212
0.076693945 	 1.0224564
0.07376567 	 1.4875174
0.10002199 	 1.1010966
0.1086695 	 0.8303934
0.095232785 	 1.2709721
0.08252061 	 1.3644243
0.10719022 	 1.1464312
0.094985455 	 1.2310344
0.10101073 	 0.75587726
0.10718266 	 1.0691968
0.10297926 	 0.92765725
0.08458179 	 0.98989373
0.07581934 	 1.1657819
0.09787658 	 0.99958575
0.06199475 	 1.3086989
0.07940397 	 1.4471834
0.08967617 	 0.9988079
0.0829263 	 1.3200529
0.06695474 	 1.3789743
0.06732484 	 0.99413145
0.053802483 	 1.1043199
0.068791404 	 1.1058949
0.36667854 	 0.84196687
0.37833616 	 0.74890023
0.40351442 	 1.0960796
0.405743 	 1.1001937
0.39428797 	 1.0954113
0.32357603 	 0.8988984
0.21275952 	 1.30915
0.17375301 	 0.7345569
0.17969318 	 1.1112998
0.11109662 	 1.0615108
0.12482098 	 0.6416723
0.17480439 	 1.1653057
0.16638517 	 1.0199544
0.16228023 	 1.3316635
0.17243896 	 0.88611555
0.110700846 	 1.3275604
0.11754608 	 0.8643705
0.10762105 	 0.9606376
0.11465851 	 1.1282282
0.11391486 	 1.3130078
0.11046584 	 0.9603999
0.100972354 	 0.96023065
0.08809575 	 1.552274
0.0942948 	 2.0147798
0.17865084 	 1.4627825
0.5562695 	 1.1345748
0.38231802 	 1.1287808
0.21235715 	 0.7442969
0.2190305 	 0.9086618
0.18272671 	 1.0626513
0.18725109 	 1.0877109
0.19211748 	 2.215924
0.21953288 	 0.857351
0.19833152 	 1.1374217
0.18709973 	 0.99074644
0.14678906 	 1.5001866
0.1422225 	 1.8265738
0.16161746 	 1.8249125
0.12894942 	 0.90546197
0.12167274 	 1.4499526
0.14225857 	 1.4603888
0.13336404 	 1.9871653
0.116147615 	 0.6530398
0.09727293 	 0.85232985
0.10594643 	 0.68797994
0.1090206 	 1.4236809
0.16791609 	 1.2687663
0.20122473 	 1.073124
0.20219706 	 1.3806808
0.2022547 	 1.4689268
0.22865334 	 0.9701991
0.2283669 	 0.6310428
0.22661303 	 0.83148205
0.2552846 	 1.469121
0.25635764 	 1.2911568
0.27852058 	 1.5994114
0.29591084 	 0.7127805
0.3062359 	 0.6262747
0.34502044 	 1.0324439
0.31664565 	 1.0810432
0.24004732 	 0.8292426
0.14977196 	 0.54433614
0.15574577 	 1.4382579
0.13781704 	 1.3698424
0.1400678 	 1.5720385
0.10319612 	 0.8506411
0.1067883 	 0.7465367
0.092008695 	 0.81022066
0.10024599 	 0.81086123
0.114063695 	 1.0992192
0.10879031 	 1.2512547
0.109725036 	 1.4980489
0.1315508 	 1.4329425
0.18879005 	 1.2850001
0.29449612 	 1.3312392
0.36743733 	 1.2604607
0.41418892 	 1.077368
0.386285 	 1.1793222
0.33709165 	 0.9037694
0.34512404 	 0.7905004
0.329325 	 0.79878974
0.26638144 	 0.8153272
0.30121857 	 1.2817403
0.3176664 	 0.8471789
0.3175951 	 1.3668046
0.28503722 	 0.7687566
0.2928604 	 0.8692202
0.25146127 	 1.2395061
0.2741206 	 0.9495308
0.2801304 	 0.6050149
0.20810054 	 1.830739
0.1828631 	 1.3939798
0.19606707 	 1.264033
0.13302042 	 1.2049556
0.14084598 	 0.94718415
0.1437052 	 0.9247965
0.16763504 	 1.1307447
0.17139347 	 0.67900103
0.22243054 	 1.0335841
0.25368363 	 0.76676506
0.27583894 	 1.4664603
0.30537197 	 1.3364742
0.36409852 	 1.3687961
0.4157775 	 1.2324437
0.33975285 	 1.2937055
0.32576224 	 1.1364301
0.27249697 	 1.463
0.2691186 	 0.9810769
Summary
0.006396622  -  0.58463997 ,  0.54433614  -  2.398299
accuracy:  100.0
equal predictions:  0
TensorFlow version: 1.13.1
Found 939 images belonging to 1 classes.
argN = 784
argN = 784
0.2888799 	 1.4889365
0.45132193 	 1.5202867
0.42175665 	 1.3788016
0.18011567 	 2.3681302
0.15007518 	 2.0868788
0.11327996 	 1.8781933
0.09850466 	 1.1646421
0.06351194 	 1.7671847
0.20136331 	 1.4011703
0.1703302 	 1.0940192
0.17284188 	 2.037997
0.22874655 	 2.500786
0.20059457 	 1.6137978
0.20400697 	 1.5495447
0.20041722 	 1.7857988
0.2521402 	 1.9698081
0.2193358 	 1.5234561
0.1133289 	 1.6991179
0.0921132 	 2.179225
0.14520729 	 1.6266574
0.13989359 	 1.7520609
0.06896694 	 1.6811429
0.052780263 	 1.9743111
0.031256538 	 1.8041588
0.03153688 	 1.6207453
0.08653511 	 1.3839259
0.145025 	 1.9074492
0.19464344 	 1.6216508
0.495598 	 1.2374943
0.51830953 	 1.5155928
0.5611519 	 1.4355907
0.28892556 	 1.3606424
0.23985185 	 1.4662646
0.22319181 	 1.1856005
0.34286568 	 1.6496863
0.3352699 	 1.5363886
0.55918616 	 1.2868489
0.45823282 	 1.533209
0.4227104 	 1.6618298
0.17342813 	 1.7242339
0.07213048 	 2.1096966
0.06498704 	 1.69548
0.06205652 	 1.6410712
0.15696608 	 1.5360526
0.14058973 	 1.6899203
0.0804242 	 1.4814456
0.09599698 	 1.4253427
0.13881554 	 1.8838686
0.14949873 	 1.4133929
0.14320414 	 1.5275754
0.10611688 	 1.549044
0.1586618 	 1.5101637
0.06809269 	 1.2400155
0.0727265 	 1.6942647
0.052372795 	 1.4352584
0.012775199 	 1.471412
0.02189464 	 1.9396502
0.033713903 	 2.4909306
0.044334482 	 1.6626842
0.12484238 	 2.4587574
0.3188647 	 1.4527072
0.3910794 	 1.3324881
0.26151583 	 2.1752002
0.15526071 	 1.4287031
0.23451163 	 1.688982
0.20903528 	 1.2602732
0.18098366 	 1.4201775
0.16479573 	 1.6435249
0.20101403 	 1.317697
0.3824287 	 1.3608141
0.43571448 	 1.3142319
0.38961875 	 1.402701
0.37677887 	 1.0191472
0.29046932 	 1.7696189
0.2733355 	 1.7084773
0.2016769 	 1.6299943
0.07099138 	 1.9206445
0.11196351 	 1.9317418
0.13179463 	 1.49184
0.15131217 	 1.6382579
0.13380705 	 1.8891981
0.123955764 	 1.9689308
0.11860486 	 1.2675395
0.08373293 	 1.734866
0.075440116 	 1.4413373
0.045866717 	 1.9461278
0.040057197 	 2.3206851
0.031230526 	 1.6365238
0.033481825 	 2.249988
0.021725954 	 2.2006629
0.029975638 	 1.779046
0.019317038 	 2.0790374
0.040320966 	 1.292541
0.061306912 	 1.4309593
0.049091052 	 1.0777336
0.033648252 	 1.4270082
0.06275052 	 1.066976
0.0565404 	 1.08055
0.06407864 	 1.3541226
0.06446655 	 0.8043717
0.049774356 	 2.1111233
0.070062876 	 1.2934165
0.055619407 	 0.6922613
0.046985593 	 0.91600937
0.047094297 	 0.79223347
0.049842577 	 1.5101974
0.043660615 	 1.1355834
0.029647594 	 0.88292044
0.041347794 	 1.1759884
0.0551563 	 1.1845881
0.047539435 	 1.2893766
0.045746602 	 1.124918
0.044037763 	 1.3199444
0.043937046 	 1.1252149
0.04396084 	 0.9600818
0.044759005 	 1.4061058
0.03662721 	 1.2176204
0.05082524 	 1.2505015
0.045845877 	 1.5242078
0.06104528 	 1.3825092
0.05230798 	 1.083816
0.058651622 	 1.691899
0.03758582 	 1.3997749
0.04265878 	 1.2992833
0.03766894 	 1.1140321
0.026708057 	 1.0626286
0.038596027 	 0.92345554
0.040832136 	 1.489633
0.034808394 	 1.1414837
0.04411924 	 0.9872063
0.03744807 	 0.7816934
0.036408857 	 1.5089337
0.046933677 	 0.9943728
0.021921203 	 1.2467303
0.030627437 	 0.7242498
0.031090204 	 1.8192477
0.02481234 	 1.0450082
0.021921203 	 0.8934082
0.027951065 	 1.919047
0.030550003 	 1.1341414
0.036041062 	 0.9665279
0.020711403 	 1.6875023
0.028416336 	 1.3504082
0.021909323 	 2.0975058
0.02772124 	 1.0301137
0.02751303 	 0.73014325
0.025061792 	 1.0692391
0.041622963 	 1.2827858
0.02001191 	 1.2140656
0.031089466 	 1.0450574
0.031047717 	 1.4781413
0.016719578 	 1.2718437
0.016725639 	 0.9532502
0.018013582 	 1.019104
0.030968836 	 1.0370957
0.022761721 	 1.1848588
0.016386887 	 1.0982242
0.009171394 	 1.4685894
0.018552272 	 1.2440215
0.014132051 	 1.6964204
0.014153149 	 1.0874776
0.0204036 	 1.3593041
0.019206388 	 0.90955645
0.028439024 	 0.9741296
0.033211596 	 0.8616837
0.021126317 	 1.533739
0.020650126 	 1.0520203
0.021496702 	 0.98350406
0.024493929 	 1.4693862
0.017964607 	 0.9575951
0.021921812 	 0.93492454
0.028808326 	 1.4501717
0.023164188 	 0.7077604
0.027149966 	 1.4480194
0.032216292 	 1.2200778
0.023175169 	 1.3410118
0.019301604 	 0.75485486
0.02296266 	 1.0348883
0.02843136 	 1.8180041
0.03670734 	 1.2617357
0.04167162 	 0.8589165
0.058531664 	 1.4005277
0.061800778 	 1.0709151
0.09382856 	 0.9423625
0.07945185 	 1.1151245
0.06813487 	 1.1900666
0.060514368 	 0.81851894
0.06717439 	 0.9597218
0.070189655 	 1.1195506
0.05966588 	 1.2311544
0.062031787 	 1.3201896
0.06402399 	 0.8707375
0.071969755 	 0.9327865
0.079289496 	 1.1940875
0.05898717 	 1.1992699
0.051677864 	 1.166893
0.06397315 	 1.1690413
0.067256495 	 1.1508551
0.0629622 	 1.4232728
0.36191994 	 1.155102
0.29161617 	 1.1031324
0.35211098 	 1.1734091
0.35526547 	 1.3813452
0.35236955 	 1.4940108
0.39600077 	 1.0584949
0.24154077 	 0.8764472
0.23178492 	 1.0480778
0.21230999 	 1.4970355
0.21103044 	 1.5165299
0.2084537 	 1.6843446
0.20426443 	 2.1459959
0.1823813 	 1.6944292
0.19353506 	 1.8270994
0.17031726 	 1.1849161
0.1982545 	 1.8796417
0.23912449 	 2.230949
0.20045415 	 1.5269681
0.18914272 	 1.7117147
0.2073272 	 2.1421335
0.18601869 	 1.498347
0.1816962 	 1.4898168
0.14968902 	 1.110372
0.13941266 	 1.0075971
0.13814397 	 2.3238006
0.13389787 	 1.3328824
0.16148113 	 1.6570323
0.1537295 	 1.870751
0.1364457 	 0.96610147
0.14951263 	 2.2013526
0.16757005 	 1.4206003
0.16233961 	 1.1728462
0.1507867 	 1.1583741
0.13948359 	 1.2071364
0.1626372 	 1.6915454
0.35035712 	 1.2617393
0.43720257 	 1.6385113
0.49878845 	 1.3145392
0.45434603 	 1.4707588
0.40840694 	 0.9244377
0.24165735 	 1.8423742
0.22667404 	 1.0945857
0.20925112 	 1.7202059
0.23020668 	 1.6531875
0.22901736 	 1.8757892
0.30177635 	 0.7664042
0.36692464 	 1.4820882
0.45112774 	 0.6564851
0.53706616 	 1.3757557
0.24613509 	 2.0417829
0.23424144 	 1.8167061
0.22990893 	 2.245893
0.19514248 	 1.341826
0.19371286 	 1.9945161
0.16945995 	 1.4887486
0.16750845 	 0.819438
0.15739134 	 1.6885239
0.17460507 	 1.570372
0.15830882 	 1.8133874
0.16809617 	 1.8445299
0.14048868 	 2.2700841
0.13785447 	 1.5605937
0.16044772 	 1.789919
0.18888055 	 1.1210366
0.21696794 	 1.3710548
0.3221937 	 1.4965779
0.37093085 	 1.0492184
0.36615172 	 1.3711429
0.37628207 	 1.3286687
0.3147198 	 1.2482172
0.26758888 	 1.2762163
0.23463297 	 1.331427
0.23623277 	 1.4279382
0.14707936 	 1.0544627
0.10422089 	 1.512355
0.13212565 	 2.1700907
0.12965195 	 1.5725043
0.14641948 	 1.5951943
0.1635918 	 1.705781
0.19075501 	 1.8664865
0.20666818 	 0.90839833
0.1943539 	 1.4402562
0.19059387 	 1.6404457
0.18170665 	 1.782839
0.21201491 	 2.1040566
0.22654977 	 1.747729
0.28225958 	 1.3575407
0.3266789 	 2.037995
0.33196104 	 1.7806541
0.3897189 	 1.5730505
0.44876462 	 1.6742967
0.45359963 	 1.2089921
0.43906766 	 1.3351527
0.42533538 	 1.1544816
0.4415754 	 1.175408
0.43899 	 0.78907454
0.45906135 	 0.9992558
0.40951 	 1.0310677
0.30390486 	 0.97450894
0.2728549 	 1.1135488
0.16798201 	 1.6401082
0.18104959 	 1.5097641
0.17653677 	 2.4472716
0.17601714 	 2.3995566
0.2040362 	 2.0894547
0.20829432 	 1.152502
0.21328585 	 2.0541954
0.315266 	 1.4798613
0.2622034 	 1.747174
0.25014964 	 1.533308
0.2421508 	 1.1460469
0.24530512 	 1.1274703
0.20883621 	 1.771486
0.20923232 	 1.6031348
Summary
0.009171394  -  0.5611519 ,  0.6564851  -  2.500786
accuracy:  100.0
equal predictions:  0
TensorFlow version: 1.13.1
Found 939 images belonging to 1 classes.
argN = 784
argN = 784
0.40753663 	 1.0237285
0.1797952 	 0.74025065
0.27585018 	 0.67723745
0.25360957 	 1.0005586
0.30933115 	 0.6683833
0.24753796 	 0.9010742
0.26036254 	 0.4813064
0.26984546 	 0.6240642
0.30219877 	 0.6106867
0.3837874 	 0.76327074
0.39935672 	 0.98885155
0.3931752 	 0.6635911
0.33057073 	 0.62276286
0.37621292 	 0.9149686
0.34421936 	 0.6030975
0.2427767 	 1.0471339
0.21566385 	 0.5062717
0.22750342 	 0.76559025
0.2823161 	 0.81582975
0.35387745 	 0.701229
0.41735128 	 0.59450066
0.4785871 	 0.7450977
0.4706286 	 0.5934121
0.5234464 	 0.7753988
0.4930245 	 0.76404876
0.49916276 	 0.73289275
0.5452656 	 0.6639052
0.6237321 	 0.540443
0.4852706 	 0.61139196
0.5257515 	 0.9513408
0.071221195 	 0.9371492
0.20556888 	 0.7799927
0.21980084 	 0.6846349
0.35152936 	 0.56949985
0.159133 	 0.57626134
0.2797733 	 0.7486175
0.27620506 	 0.5345764
0.2854984 	 0.46607953
0.2286182 	 0.8438335
0.5446487 	 0.9301607
0.34094432 	 1.0010947
0.30463806 	 0.7924312
0.3805656 	 0.7562266
0.40762624 	 0.6251033
0.41405904 	 0.7587438
0.37476733 	 0.6190373
0.40025303 	 0.5820209
0.35291147 	 0.87627184
0.25382543 	 0.72764415
0.20187484 	 0.35206777
0.15924929 	 0.8631006
0.20480211 	 0.6457166
0.26488245 	 1.0782925
0.28783858 	 0.812156
0.2931711 	 0.80769247
0.30904427 	 0.6953807
0.32956895 	 0.59811944
0.34097794 	 0.82258534
0.33722895 	 0.9346853
0.42033783 	 0.65993905
0.40518993 	 0.7475501
0.38671714 	 0.61109704
0.38407072 	 0.8299844
0.36542493 	 0.42558494
0.37635666 	 0.7629579
0.46382415 	 0.7170306
0.20643523 	 0.6101762
0.3516444 	 1.102453
0.25565943 	 0.47411564
0.2750848 	 0.8667263
0.2681152 	 0.8272984
0.29466984 	 0.747868
0.11474161 	 0.7775565
0.31959158 	 0.89048976
0.32121 	 1.0267912
0.30091864 	 0.6715439
0.33431453 	 0.65718406
0.348037 	 0.57029635
0.35708836 	 0.6963897
0.18908979 	 0.541409
0.25494805 	 1.1225625
0.11128981 	 1.2458234
0.073982194 	 0.68439996
0.028170522 	 0.48852372
0.07647703 	 0.8732758
0.3635915 	 0.79509044
0.3451243 	 0.81566685
0.35953888 	 0.6660656
0.30775177 	 0.54478765
0.27603987 	 0.64511687
0.14692478 	 0.8479049
0.2051887 	 0.9309656
0.22191331 	 0.9552929
0.23351906 	 0.38268492
0.0777578 	 0.6339549
0.079428166 	 0.57758975
0.038916297 	 1.0721118
0.049850598 	 0.77704453
0.054919757 	 0.742235
0.06312097 	 1.096775
0.054584123 	 0.26321524
0.046977032 	 0.35334724
0.037703045 	 0.39465523
0.040081456 	 0.5290531
0.051212184 	 0.7515925
0.0778143 	 0.9167287
0.074031875 	 0.6450745
0.099207185 	 0.46264598
0.14670719 	 0.975507
0.18733145 	 0.81867194
0.2309688 	 0.73827463
0.23106168 	 0.7849656
0.26624164 	 0.62903774
0.2910331 	 0.9349839
0.26663882 	 0.65712976
0.32501143 	 0.8071202
0.32114738 	 0.692945
0.31457642 	 0.85942626
0.33031392 	 0.5656356
0.3605489 	 0.55418336
0.31933865 	 0.64094454
0.30831945 	 0.86217475
0.32271442 	 0.5362835
0.32794556 	 0.6810416
0.33142734 	 0.64824027
0.26105282 	 0.6832758
0.24516618 	 0.7013189
0.25085402 	 0.6636135
0.28768042 	 0.64972895
0.27830634 	 0.5963739
0.3100424 	 0.5670089
0.30067948 	 0.82483983
0.3064342 	 0.7014173
0.28329805 	 0.72784984
0.31341177 	 0.7842542
0.30225354 	 0.63737345
0.28448704 	 0.59973735
0.30721003 	 0.83851075
0.3241113 	 0.80108225
0.301081 	 0.7109491
0.35344875 	 0.744121
0.39939085 	 0.77848136
0.3690728 	 0.693393
0.36157402 	 0.6069666
0.33896646 	 0.7260131
0.3586493 	 0.62869924
0.3227693 	 0.70348436
0.38714343 	 0.76999193
0.37872356 	 0.53281736
0.39603406 	 0.807033
0.3488763 	 0.6692404
0.33948874 	 0.52289647
0.34191644 	 0.79774016
0.33322334 	 0.8728049
0.32454297 	 0.5626109
0.3100499 	 0.5954481
0.27220035 	 0.78506386
0.3202761 	 0.8169897
0.27492818 	 0.6472667
0.2839262 	 0.9113218
0.2703111 	 0.6504422
0.28169972 	 0.48239806
0.31331652 	 0.62763476
0.2591051 	 0.67311645
0.24747238 	 0.6715301
0.24239504 	 0.48298976
0.22565149 	 0.6759767
0.25033197 	 0.76041895
0.23550451 	 0.70283407
0.20581833 	 0.8339665
0.18588115 	 0.5822066
0.20886214 	 0.72217554
0.17338376 	 0.5378536
0.16664876 	 0.9478949
0.15546338 	 0.82694143
0.13696752 	 0.99959487
0.13399799 	 1.4604714
0.1545488 	 0.51054376
0.14009763 	 0.4468646
0.15719093 	 0.8574359
0.15513033 	 0.61449033
0.18936211 	 0.47806117
0.19143587 	 0.39069065
0.20054802 	 0.5839038
0.2446746 	 0.9064455
0.2634027 	 0.43170688
0.21714136 	 0.36954355
0.2213355 	 0.5777392
0.23792014 	 1.3799175
0.21978487 	 0.62897927
0.21345495 	 0.5227034
0.1836764 	 1.0180429
0.1666927 	 0.66387767
0.17655924 	 1.4297761
0.31989044 	 1.0772605
0.3252559 	 0.83643925
0.21861298 	 1.3718784
0.1408639 	 1.5168874
0.17805375 	 1.0200305
0.19982243 	 1.3905835
0.20565116 	 1.5828187
0.16213995 	 1.0859972
0.17089234 	 1.2760481
0.13818832 	 1.040374
0.13724022 	 1.1601794
0.14856772 	 0.69036263
0.12846999 	 1.703937
0.15666202 	 1.5407761
0.15153567 	 1.7495186
0.15005627 	 1.0665675
0.14683428 	 1.1193086
0.16812451 	 0.98948914
0.18932667 	 1.2160095
0.20380218 	 1.4991646
0.18840405 	 1.9618082
0.24399972 	 1.3616554
0.21999422 	 1.4133307
0.22429517 	 1.6306126
0.28924614 	 1.472148
0.31293297 	 0.9089996
0.31466615 	 1.4221683
0.5769866 	 1.0447849
0.37658507 	 0.99378616
0.3570245 	 1.4216714
0.36896402 	 1.4071294
0.39252383 	 1.1796408
0.33450323 	 0.8951208
0.40290666 	 1.0771409
0.3584164 	 1.0486089
0.24963912 	 1.274724
0.16868381 	 1.0651087
0.1467092 	 1.666761
0.2684586 	 0.8179234
0.25204125 	 1.3344854
0.27314898 	 1.362079
0.29321548 	 1.2296499
0.3080752 	 1.2422601
0.27053714 	 1.0793104
0.29455116 	 1.1892326
0.2621016 	 0.9341342
0.19409376 	 1.1214495
0.14591609 	 1.0131238
0.12627606 	 1.0148864
0.13783489 	 1.1234186
0.12620431 	 0.93706495
0.12491309 	 1.524302
0.14401327 	 0.8949943
0.14615682 	 1.9074095
0.17170933 	 1.0516815
0.21265033 	 1.6481634
0.21269973 	 1.2811458
0.19035599 	 1.7698872
0.23951271 	 1.1715403
0.24938837 	 1.042488
0.29417083 	 1.1583284
0.27012897 	 1.2513044
0.28580216 	 0.84992146
0.24329413 	 1.2801127
0.36281517 	 1.2029171
0.39949527 	 1.1061709
0.47431234 	 1.2087951
0.4490635 	 0.9634438
0.45581886 	 1.2932236
0.607702 	 0.84924775
0.6126979 	 0.9407815
0.5914271 	 0.94207776
0.22106357 	 1.1767935
0.2009279 	 0.9799461
0.20572849 	 1.1219951
0.19403051 	 1.2893394
0.21132256 	 1.7457972
0.20115016 	 0.6309975
0.20222916 	 0.99429834
0.1992638 	 0.59565306
0.17261107 	 1.1771472
0.21329027 	 1.215706
0.18585402 	 1.2125934
0.20851809 	 1.3695822
0.22456619 	 0.9043479
0.22812584 	 1.0308622
0.23118742 	 1.1218095
0.19063571 	 1.2294208
0.175471 	 1.0409727
0.17369139 	 1.1436603
0.21055098 	 0.89916265
0.23600633 	 0.66481507
0.23335451 	 1.0081016
0.23451065 	 0.9542031
0.22288422 	 1.5148396
0.21528995 	 1.4534242
0.22818589 	 1.6143823
0.21652168 	 1.4775106
0.25059003 	 0.6424894
0.24425362 	 0.7696493
0.25043127 	 1.0169685
0.34896475 	 0.9614894
0.34122685 	 1.0386066
0.36553472 	 1.0754212
0.3783883 	 0.98748815
0.35409647 	 0.870201
0.37808073 	 1.1136626
0.37235665 	 0.95134217
0.4129485 	 0.6272923
0.40042585 	 0.8794919
0.41521543 	 1.2313997
0.4092529 	 0.98923343
0.37182382 	 1.1197011
0.38517505 	 1.475777
0.39882296 	 1.099833
0.3884534 	 1.1902637
0.39950487 	 1.0043895
0.34340784 	 1.5108391
0.35912398 	 1.376125
Summary
0.028170522  -  0.6237321 ,  0.26321524  -  1.9618082
accuracy:  99.7
equal predictions:  0
