TensorFlow version: 1.13.1
Found 939 images belonging to 1 classes.
argN = 49
argN = 49
0.34619352 	 1.384942
0.50382346 	 1.7185972
0.35389376 	 3.009263
0.20605305 	 1.5811
0.17631087 	 3.9807858
0.25462437 	 3.938454
0.33545318 	 2.717237
0.2424479 	 2.633092
0.18974315 	 1.2692667
0.10696573 	 1.9338176
0.12925929 	 1.899559
0.0783782 	 2.6298802
0.0283655 	 2.9479737
0.20839356 	 1.9792256
0.1595433 	 1.6677948
0.116028324 	 3.255476
0.14434843 	 2.0221643
0.22665961 	 1.1958208
0.3127205 	 2.9375587
0.24209173 	 2.2615948
0.42679146 	 3.380404
0.73036027 	 2.7201712
0.19977869 	 2.1590736
0.20051059 	 1.3128144
0.1299689 	 1.9706401
0.10120824 	 2.3523097
0.030915104 	 1.5292037
0.07372569 	 2.0857866
0.16198884 	 2.1596913
0.20744278 	 2.0132184
0.27211872 	 1.6833941
0.59294003 	 2.1171517
0.12685736 	 2.7905273
0.13493612 	 6.238942
0.33707765 	 6.8584146
0.32796946 	 2.9221334
0.18052682 	 1.6720647
0.3849783 	 1.3820134
0.46369147 	 2.6305468
0.3922471 	 0.85601664
0.3345218 	 3.1121876
0.45357993 	 3.4905589
0.23218437 	 0.7208755
0.12559219 	 1.8942494
0.2465281 	 2.771934
0.19469051 	 0.56093913
0.071214475 	 2.0272331
0.033598013 	 4.0375805
0.041533303 	 3.14925
0.039199915 	 2.226294
0.00081745407 	 2.189302
0.30494267 	 1.0729029
0.3147851 	 2.558338
0.16573317 	 5.3967443
0.25835603 	 2.3946247
0.20490906 	 1.8096566
0.1855028 	 1.6481675
0.17619903 	 2.668036
0.04748649 	 1.8909622
0.082740396 	 1.6672617
0.011876376 	 1.635754
0.0026233601 	 1.7460158
0.0012702065 	 1.1655602
0.00045387316 	 2.8672435
0.050158765 	 2.0848742
0.11367289 	 2.3834627
0.27278638 	 1.2196478
0.3091311 	 0.9426277
0.17833626 	 3.1565065
0.20781742 	 2.1326468
0.18086039 	 2.8462439
0.30156848 	 2.2473748
0.31749454 	 2.3780887
0.19399092 	 2.2324035
0.12970325 	 2.1278708
0.26644468 	 2.4364514
0.062103134 	 4.773093
0.133007 	 1.7908747
8.5119056e-05 	 1.4080637
0.0069980538 	 4.076918
0.20603862 	 1.7461939
0.22402093 	 1.1796507
0.30314654 	 1.4981767
0.092985034 	 1.9056766
0.16520774 	 0.6252578
0.14537415 	 2.120038
0.02121922 	 3.5715468
0.046826676 	 7.810005
0.045405734 	 3.626907
0.015900956 	 2.4060187
0.0026042964 	 1.9803622
0.028340789 	 2.2529306
0.019957548 	 2.9937115
0.028737657 	 3.6212068
0.022406045 	 3.1083443
0.027865564 	 2.0701272
0.009703174 	 2.0049562
0.021918096 	 2.1435704
0.006534842 	 2.9558384
0.0017513463 	 1.5713605
0.000711396 	 1.5615609
0.0012311763 	 1.5812242
0.0007106802 	 2.644909
3.9459053e-05 	 2.0781693
0.0004001464 	 2.7946575
0.00017185496 	 1.9276333
3.0518044e-05 	 1.8317178
0.00266364 	 2.1652482
0.01364939 	 3.2515147
2.4140172e-05 	 2.271098
0.0056885444 	 1.2774119
2.384186e-07 	 1.1532652
0.0002553193 	 1.3099018
0.0007327499 	 3.3543673
0.0002865606 	 1.7447877
0.009491524 	 0.8037497
0.00017191457 	 1.4847158
0.00918559 	 1.5039936
0.0013218314 	 3.5354538
0.0147195235 	 1.6601192
0.012766806 	 3.5080843
0.004201584 	 1.7431928
0.01526074 	 1.9426262
0.017703695 	 2.379907
0.0009779346 	 1.4320252
0.00088927936 	 1.3463837
0.030638622 	 1.0781775
0.0003450512 	 2.6742754
0.0013985873 	 2.0255775
0.006430455 	 1.8678966
0.0015541465 	 1.3796874
0.017108282 	 1.8821101
0.000110513116 	 1.4144573
0.0020624793 	 2.3637953
0.0015432816 	 1.578459
0.031959206 	 2.617598
0.02041899 	 2.1238582
0.010772345 	 2.0549774
0.00014526707 	 2.3461814
0.001176811 	 3.6316895
0.00032513659 	 1.623672
7.766787e-05 	 2.3252556
0.012644624 	 2.9715614
1.7583525e-05 	 2.58432
0.00013465596 	 0.94427
0.00010485006 	 3.6608438
0.00021382472 	 1.7852201
0.02056835 	 3.4542441
0.019849867 	 3.8330195
0.022535583 	 2.0862176
0.0135913845 	 2.3177187
0.060180772 	 2.0618322
0.06262607 	 1.8661922
0.030317182 	 1.3376075
0.027006784 	 2.149514
0.053290173 	 2.1420934
0.040936824 	 1.520019
0.020701362 	 1.6380005
0.0545896 	 1.5788761
0.018188378 	 1.8969704
0.0026418266 	 2.831955
0.0046931193 	 1.40599
0.009047063 	 1.5891514
0.007224667 	 2.5772538
0.0021617515 	 1.6384293
0.0008905918 	 2.1241543
0.006320681 	 4.164373
0.05558601 	 1.4087403
0.0056419685 	 2.7493577
0.00046854265 	 1.9883571
0.00062568684 	 2.9111564
0.020941146 	 1.9489536
0.0032479404 	 1.1868631
7.057439e-05 	 2.1848276
0.00015152649 	 3.0191429
0.0015416101 	 3.2573357
0.0030697566 	 1.0273983
0.01175768 	 1.4603955
0.0052295336 	 1.621506
0.0048707537 	 2.4507914
0.0025451358 	 1.572793
0.0029708124 	 1.9656776
0.0040234094 	 2.03173
0.0031972923 	 3.318799
0.017598987 	 2.0009978
0.0022095395 	 2.3737874
0.005163387 	 3.0856595
0.0018222235 	 1.2051157
0.08245724 	 2.9580457
0.12874052 	 1.4911034
0.16607238 	 1.4881644
0.21585548 	 1.3053157
0.012960856 	 2.8751173
0.012660137 	 1.6788102
0.014906813 	 0.7049501
0.020412846 	 3.404317
0.01626087 	 2.348902
0.014975241 	 3.0931454
0.0128518725 	 5.3043113
0.00023880471 	 1.7592167
0.0010563348 	 2.4251015
0.038047362 	 2.2478561
0.00010049848 	 3.1829495
0.017979596 	 0.85451
0.000152063 	 3.140864
8.96494e-05 	 6.615873
1.7643131e-05 	 2.518878
0.00042244775 	 1.6451559
1.2755475e-05 	 2.4884481
0.0081675695 	 2.7164514
0.021541342 	 1.746048
0.0203466 	 1.3100308
0.02359538 	 1.7767458
0.00022592713 	 0.6673703
0.00019260115 	 3.6955166
0.000574575 	 5.2484903
0.016169153 	 2.256482
3.7551632e-05 	 3.8334436
0.026444854 	 1.8987336
0.16350293 	 1.6815727
0.08643866 	 2.039687
0.020619825 	 2.163906
0.006341375 	 2.42107
-9.5367386e-07 	 1.35689
0.021044623 	 1.8112574
0.0076594884 	 2.3173103
0.07737416 	 4.030349
0.021315055 	 2.4290879
0.04670488 	 1.7655604
0.015819507 	 7.2423058
0.047470678 	 1.4524695
0.027890325 	 1.4787829
0.020833235 	 1.6757767
0.040978614 	 1.4128641
0.00056986354 	 2.3874574
0.00011593776 	 3.8319461
0.033755887 	 1.4450104
0.042669665 	 1.4932774
0.064504825 	 1.5018348
0.042244103 	 3.1526582
0.035898086 	 2.194994
0.08025504 	 2.2468555
0.054818887 	 1.746888
0.019173214 	 2.163532
0.04152094 	 3.5116806
0.0339551 	 1.1583639
0.0075315023 	 7.0310726
0.024006486 	 2.791215
0.021906093 	 1.5829519
0.007441243 	 4.4837904
0.0003601365 	 1.2176882
0.00036007687 	 3.075512
0.020232368 	 2.2819116
0.021914806 	 2.1376576
0.045986537 	 1.703109
0.14672701 	 2.6142695
0.16517764 	 1.9593623
0.19796783 	 3.342197
0.1781343 	 1.5832675
0.021480808 	 3.0880363
0.09993142 	 3.3317149
0.059419163 	 3.1063025
0.09876431 	 1.66017
0.13345101 	 2.3741887
0.1264486 	 2.805914
0.15687236 	 2.45973
0.11712965 	 1.3896623
0.03871622 	 3.0170813
0.0075937817 	 2.4048104
0.009244724 	 3.0708466
0.00055316486 	 2.5755813
0.004180814 	 2.9794176
0.008134519 	 3.088329
0.002708643 	 3.3564596
0.03241606 	 1.8352213
0.110136725 	 2.3203163
0.17637073 	 3.087247
0.1478913 	 3.2223103
0.27229434 	 1.5548499
0.319348 	 2.0282948
0.2362342 	 1.5041181
0.14940424 	 0.88994664
0.061745618 	 1.2825836
0.053069785 	 1.2863204
0.06925806 	 1.9166478
0.10468287 	 1.4066175
0.117284864 	 1.0530325
0.17115004 	 1.2087919
0.18341666 	 1.8704325
0.16232517 	 1.8811548
0.08885887 	 1.687339
0.13121691 	 2.444882
0.05996342 	 2.4879186
0.10824925 	 4.2836213
0.06320967 	 2.9756553
0.0021159966 	 2.9291933
0.081071794 	 1.9327633
0.10413913 	 3.014679
0.113726445 	 1.9609879
0.15047175 	 1.3924516
0.14066863 	 2.1648877
0.10487707 	 2.0893497
0.04052981 	 1.0775623
0.103981644 	 1.7868857
0.057032544 	 1.7917677
0.10448838 	 2.137584
0.09588165 	 1.8421828
0.07844306 	 2.8515322
0.01536581 	 1.6990286
0.0402725 	 2.1782818
0.077235326 	 1.563445
0.00187113 	 2.792476
0.05317733 	 0.9514084
Summary
-9.5367386e-07  -  0.73036027 ,  0.56093913  -  7.810005
accuracy:  100.0
equal predictions:  0
TensorFlow version: 1.13.1
Found 939 images belonging to 1 classes.
argN = 49
argN = 49
0.26604697 	 2.2392263
0.35836047 	 1.9583783
0.70258826 	 2.7357986
0.6439506 	 1.2584609
0.7796001 	 2.4753668
0.23496915 	 3.5446064
0.11839033 	 2.989048
0.11030643 	 2.820303
0.14867291 	 3.6891575
0.3342729 	 2.5580902
0.19927354 	 2.4075918
0.09914466 	 2.037846
0.17052491 	 1.1840868
0.5375658 	 1.3003544
0.34901747 	 1.0977077
0.6493489 	 2.5599155
0.34680578 	 3.7191093
0.3024233 	 1.6829289
0.45310834 	 1.3580563
0.045212083 	 3.2406673
0.42928717 	 2.1206505
0.28183275 	 2.935607
0.27231023 	 2.136985
0.11352485 	 2.0541797
0.052481275 	 3.579508
0.015842943 	 3.0432193
0.021218246 	 1.5663339
0.002293234 	 2.6487672
0.34663135 	 1.6204345
0.7075002 	 2.8707008
0.661555 	 2.953261
0.05932688 	 5.4902306
0.4194578 	 2.6814756
0.38229838 	 5.82929
0.5436587 	 1.4874785
0.47219184 	 2.7450647
0.55084157 	 5.2734323
0.41778746 	 3.4147005
0.31402567 	 2.602499
0.1577313 	 1.4287705
0.18065442 	 2.1655393
0.27311537 	 2.5603697
0.15672602 	 2.5217948
0.06012469 	 2.408148
0.05891345 	 2.2094355
0.02566887 	 2.4117408
0.0011861203 	 1.083025
0.15477407 	 2.8006322
0.25108308 	 1.6984951
0.14673798 	 2.6319096
0.15798096 	 1.3383833
0.32668585 	 1.2011101
0.27237555 	 1.4011989
0.29916072 	 1.4306989
0.32114524 	 1.0953331
0.070939556 	 1.5848135
0.06413253 	 1.7757753
0.052237388 	 1.1353999
0.0008901146 	 2.8181088
0.0008449547 	 3.171556
0.00081984024 	 2.3088553
0.04823844 	 3.8534763
0.057247937 	 1.7279929
0.037540335 	 1.2949603
0.069515266 	 1.7990692
0.025541127 	 2.6901488
0.061799128 	 1.7736272
0.30624458 	 2.0518122
0.29765332 	 1.7013674
0.12977424 	 2.094915
0.049042974 	 1.3338703
0.11668326 	 3.301213
0.14418758 	 2.1820571
0.1294073 	 3.1469026
0.08058034 	 3.4403913
0.33987972 	 3.2963417
0.3233054 	 1.0365298
0.27456558 	 4.6396513
0.31521535 	 3.0264585
0.16766576 	 1.0122619
0.21143264 	 2.300315
0.100561514 	 1.1732546
0.24149919 	 2.8074296
0.19793318 	 1.5138749
0.15208618 	 0.6881523
0.19567135 	 1.7113341
0.18293782 	 2.6462922
0.1947094 	 1.0997823
0.02856395 	 3.215735
0.030355766 	 2.2189462
0.050708037 	 1.3036182
0.051009756 	 2.6789114
0.045456883 	 1.7320008
0.0008386909 	 2.7806523
0.0013984082 	 1.7133425
0.009904877 	 2.4235806
0.0033982254 	 1.8538467
0.0022393486 	 3.1266792
0.023264237 	 2.8993716
6.544804e-05 	 5.313056
0.016724488 	 3.5347793
0.011495307 	 2.0510666
0.003096243 	 3.5229592
0.0011340848 	 1.9266944
0.0009830656 	 0.9019708
0.07833901 	 1.8658236
0.04105171 	 3.1395595
0.061876167 	 1.2367793
0.054356843 	 8.686167
0.018910954 	 0.9650592
0.00263095 	 1.7429036
0.003019775 	 1.2984136
0.002956704 	 3.594308
0.002436146 	 2.1139219
0.00036073275 	 1.4371597
9.406055e-05 	 2.9202225
4.5360164e-05 	 1.7509091
0.00012744285 	 1.9546309
6.6163346e-05 	 3.1570232
0.014817399 	 1.4482931
1.919288e-05 	 2.0222404
0.009159002 	 0.8361846
0.00013000618 	 2.5478156
2.6822127e-06 	 3.2456982
0.027359506 	 2.3334508
0.0059527555 	 2.6651778
0.025551522 	 2.7589128
0.015147753 	 0.80340606
0.0030335856 	 2.3931293
0.004999059 	 1.3822862
0.027337208 	 3.02165
0.004918432 	 2.6627252
0.00035268327 	 0.5926024
0.0004473733 	 1.8965439
0.0005122543 	 2.0998423
0.0011840913 	 2.281809
0.01665103 	 2.7751873
0.0067279856 	 1.6751884
0.024096053 	 1.7548319
0.030586937 	 3.6274004
0.022310045 	 2.7530794
0.016913911 	 1.8685385
9.346445e-05 	 1.483892
0.004409005 	 2.2672184
0.00029830614 	 2.6466
0.0056727193 	 1.4111943
0.00830946 	 2.358573
0.00083224825 	 2.6027508
0.0063710674 	 0.6643256
0.024363708 	 1.7786655
0.016200593 	 1.9059119
0.0020075908 	 2.6453161
9.847172e-05 	 2.1740565
4.875779e-05 	 5.265487
0.0056378325 	 0.8942487
0.015365386 	 1.7269472
0.00032382485 	 1.0111032
0.00079323514 	 0.76753426
0.01678601 	 2.568815
0.017945794 	 1.8072935
5.8235433e-05 	 1.8334031
4.744642e-05 	 3.6899304
0.016029837 	 2.5401957
2.2650021e-05 	 3.3357432
8.392686e-05 	 3.0814245
0.026694773 	 2.6444674
0.020796295 	 1.3086464
0.022438535 	 2.3873153
0.035644993 	 2.329483
0.019937908 	 0.8232776
0.0014429365 	 1.5764812
0.03126638 	 3.5499933
0.03494757 	 2.0476146
0.00028846847 	 2.2947824
0.00028834923 	 2.1147223
0.00037003448 	 1.7885146
0.0006954704 	 4.151598
0.023325428 	 2.3576064
0.0032497344 	 2.236232
0.0036280323 	 2.1914454
0.02045464 	 1.5701244
0.0014172698 	 2.6392617
0.0019669791 	 1.1255152
0.0030407598 	 1.0677694
0.0008515764 	 2.4928708
0.027949411 	 1.3224399
0.0014446079 	 1.3128386
0.011734883 	 0.5720022
0.00055561 	 3.7470834
8.649008e-05 	 2.0993447
0.00027099944 	 1.4382486
0.025897063 	 2.671978
0.00041642514 	 3.4271972
0.00058906735 	 2.2042942
0.0023861362 	 1.8396918
0.01635835 	 3.424062
0.0009541293 	 2.9509819
0.0010177903 	 1.9112453
0.0013523898 	 1.3235602
0.0024105732 	 1.8174499
0.002364568 	 1.0455719
0.00086702727 	 1.0777677
0.0010918377 	 2.7384956
0.14156277 	 1.9555614
0.11767246 	 1.8359686
0.16040733 	 2.1650124
0.16570812 	 2.5658464
0.16703795 	 1.75191
0.050790306 	 2.0039847
0.030151678 	 4.9497147
0.057070974 	 1.8468609
-9.5367386e-07 	 9.654734
-7.152555e-07 	 2.596933
0.0004533961 	 1.979822
0.00049704744 	 4.313849
8.3446537e-07 	 2.44058
0.037525114 	 1.4582556
0.0018321957 	 4.04526
0.0017409569 	 2.6515086
-8.344647e-07 	 4.1564493
0.009152806 	 2.1315882
0.009818979 	 2.415877
0.00031869722 	 1.7568965
0.01778354 	 3.5327682
0.035247907 	 3.0361192
0.0033633583 	 3.6389322
0.002110382 	 2.4570997
0.005036319 	 2.0374546
0.00021489784 	 3.1604202
0.012590842 	 2.9705508
4.4466055e-05 	 2.2078576
1.7881395e-07 	 1.9356582
2.6226078e-06 	 3.2068942
2.02656e-06 	 6.07741
0.011332829 	 0.9481541
0.021185612 	 3.0215497
0.001691221 	 3.4211118
0.2893789 	 2.132795
0.020943824 	 1.5889621
0.011103174 	 1.8672198
7.0333726e-06 	 1.8860449
0.0006216908 	 4.9809356
0.007076267 	 4.0090375
0.00015367258 	 2.7128074
0.009593401 	 2.2632318
0.0005043825 	 1.8365881
0.22234657 	 1.8663402
0.08853282 	 1.9997387
0.053923003 	 0.8828269
0.15331168 	 3.8747823
0.07027425 	 2.2866182
0.1237529 	 3.2683222
0.065131694 	 3.014996
0.061589092 	 2.3819418
0.04941896 	 1.3914732
0.004620242 	 2.5262208
0.0011350992 	 1.883119
0.0013223088 	 2.0043597
0.039451987 	 1.0240355
-3.576278e-07 	 0.9168942
0.00053068175 	 3.3671522
0.00012726401 	 1.910297
0.00029305936 	 3.0176368
0.021080416 	 2.286442
0.021930281 	 2.281467
0.0020943743 	 5.03847
0.002699738 	 4.289451
0.028317427 	 1.6700655
0.025610164 	 3.1319764
0.010674865 	 1.7406851
0.020512862 	 1.7998163
0.08615186 	 1.3768059
0.051083647 	 1.6164879
0.019955236 	 1.9800279
0.04464463 	 2.6395347
0.08785337 	 2.3474197
0.09003626 	 2.9906847
0.20317478 	 1.3183733
0.09546404 	 1.0251312
0.08224657 	 4.5213404
0.14369227 	 1.0536414
0.07423164 	 1.9246529
0.050553918 	 2.369085
0.065684855 	 2.261437
0.017973527 	 2.0866866
0.0030722676 	 2.2713544
0.0023149203 	 1.3624682
0.0010071698 	 2.7593522
0.00054910954 	 2.6617813
0.0037681437 	 3.5021107
0.012258375 	 2.3668308
8.422491e-05 	 2.210108
0.000525553 	 5.1013665
0.0048267916 	 1.6507113
0.15634166 	 2.2815778
0.1883408 	 1.4620974
0.15794955 	 2.3518806
0.07410922 	 1.7446308
0.15669164 	 1.0783248
0.10268728 	 0.8135388
0.14970882 	 0.9778628
0.17018595 	 1.1095943
0.17597 	 1.1115128
0.04919191 	 2.7195153
0.032557003 	 2.2988927
0.0248908 	 1.4586715
0.01965788 	 3.5381734
0.05944301 	 1.7251995
0.052910022 	 3.0084405
0.0029164124 	 3.333418
0.0513654 	 1.2526429
0.018414142 	 1.583435
0.09605885 	 2.049886
Summary
-9.5367386e-07  -  0.7796001 ,  0.5720022  -  9.654734
accuracy:  100.0
equal predictions:  0
TensorFlow version: 1.13.1
Found 939 images belonging to 1 classes.
argN = 49
argN = 49
0.63065094 	 3.8766937
0.6600638 	 2.1393082
0.5730284 	 3.3317716
0.3165231 	 1.9178183
0.08775465 	 2.2011344
0.15519068 	 2.1932657
0.14173315 	 2.8980484
0.08282742 	 1.4186751
0.2392295 	 2.1315186
0.19515632 	 1.6183425
0.74473673 	 0.60207117
0.32935947 	 1.5489669
0.40085748 	 0.7714305
0.19698843 	 1.7243626
0.12428143 	 1.9777812
0.061832037 	 3.3162203
0.14570452 	 1.4188559
0.0015543853 	 2.0268035
0.018704267 	 1.6099943
0.0911432 	 2.4696481
0.16963063 	 2.3645852
0.16898894 	 1.1393799
0.31943676 	 0.5673418
0.3626387 	 1.4329118
0.39532754 	 1.6345321
0.045001075 	 1.9416648
0.10682949 	 1.8577675
0.468019 	 0.8990654
0.31465724 	 4.0802236
0.20997368 	 1.7577945
0.18648343 	 1.7321898
0.008560958 	 2.9400327
0.07770356 	 3.4557197
0.04224124 	 2.9796782
0.03934547 	 2.019827
0.0008528292 	 3.596651
9.274913e-05 	 2.0423384
0.21016267 	 1.226037
0.33351392 	 2.024286
0.12781021 	 1.2780874
0.3075905 	 1.6437297
0.2291716 	 2.0693102
0.1124767 	 2.944356
0.21292765 	 2.658748
0.20679367 	 1.3800343
0.24453543 	 1.7625594
0.1416607 	 2.597393
0.26026458 	 1.7224364
0.30470896 	 0.88090825
0.15362287 	 1.2052603
0.11566773 	 1.9678333
0.021335512 	 1.4187857
0.0003181606 	 3.6593728
0.14222084 	 1.5708883
0.08015997 	 2.365099
0.17912991 	 1.2127231
0.18772553 	 3.6861286
0.13922992 	 4.3170433
0.08424364 	 3.7694614
0.08263241 	 1.9898822
0.09751366 	 2.0130525
0.07898777 	 6.0391283
0.2819619 	 1.599685
0.2677239 	 1.9946051
0.08202308 	 2.5770853
0.10170657 	 1.8969748
0.2617382 	 1.1022862
0.21507649 	 2.4854422
0.28885943 	 2.31812
0.03314536 	 2.5292354
0.1076338 	 2.3832862
0.002749285 	 2.9653866
0.24598797 	 2.2401643
0.16149373 	 1.9763277
0.059395254 	 1.7124934
0.06744592 	 2.1018972
0.076673225 	 2.1852615
0.15303297 	 1.6019449
0.065493606 	 2.3710485
0.00041135665 	 1.4332963
0.0076331208 	 1.7928293
0.013565706 	 5.980186
0.008924252 	 2.90132
0.03361404 	 2.217905
0.00038631272 	 1.6227504
0.0005009833 	 2.6410904
0.0048561394 	 2.7883692
0.00025359032 	 4.594754
0.03182506 	 2.6797411
0.00013572899 	 2.6727793
6.532882e-05 	 3.8417902
0.0023125305 	 2.2491882
0.00064161135 	 2.9767988
0.076816425 	 2.473361
0.051414657 	 2.161859
0.04837944 	 1.6553847
0.0037555795 	 1.4957869
0.04880806 	 0.94323695
0.016405791 	 1.8022054
0.022564419 	 0.88904035
0.002944688 	 3.756016
0.004284906 	 2.535
0.00058930594 	 2.599878
0.0001471747 	 2.8965316
0.00016780115 	 2.4004765
0.0005449349 	 1.6197387
0.00053825555 	 2.461123
0.00076901674 	 1.5016148
0.0004350297 	 1.4619219
0.00018359916 	 0.513433
0.00014306138 	 2.4981103
0.020889837 	 3.7756882
0.0011833156 	 1.0021794
2.861027e-06 	 1.6946654
0.009552239 	 2.5091329
1.0073236e-05 	 2.7173562
0.00010842673 	 5.770995
0.0004251311 	 2.3169234
0.014771666 	 2.842776
0.020457622 	 1.9890229
0.04451363 	 2.2885652
0.01480778 	 1.8471017
0.016112758 	 1.7934743
0.038597886 	 1.76825
0.0026630424 	 1.7614496
0.0016487712 	 2.0439265
0.0075798477 	 1.7346525
0.058626592 	 1.67022
0.024119012 	 2.9982376
0.005527666 	 3.4048803
0.044303704 	 2.244544
0.03516777 	 2.9781377
0.0007440235 	 3.0034955
0.013359156 	 0.99827385
0.021467654 	 2.0997956
0.0006160249 	 2.8508596
0.003556369 	 2.51585
0.027065512 	 1.490084
0.016305579 	 1.656806
0.016554067 	 1.6831663
0.003708615 	 0.928122
0.0020419331 	 0.97107464
0.0035008006 	 0.5283477
0.015459209 	 2.0062268
0.00089727354 	 2.6601634
0.0109065315 	 1.1964068
0.002558581 	 2.223954
0.0016233381 	 3.2495658
0.0020388274 	 1.9741914
0.0049051344 	 1.2769729
0.000107294116 	 2.8867314
5.6626017e-05 	 2.4343026
0.0012483638 	 3.212194
0.022116305 	 1.7522565
0.0001017503 	 3.314584
0.008420955 	 2.6561987
0.00015075151 	 2.744834
0.0006348718 	 0.7387465
0.026306793 	 2.3960197
0.0016688914 	 2.4384508
0.005571539 	 2.2721093
0.009583773 	 1.1610186
0.0021316463 	 2.0664773
0.0005232272 	 3.211571
0.020023951 	 2.5744822
0.028246056 	 0.90743667
0.021153651 	 1.3010908
0.03721543 	 2.271796
0.029410625 	 2.2670326
0.020891601 	 2.4256785
0.021743864 	 1.0147231
0.00027612684 	 1.7723482
0.0035959687 	 1.6701229
0.008189083 	 2.9982688
0.004605032 	 2.1879861
0.0036848641 	 2.6319537
0.002412485 	 4.168497
0.0009288332 	 1.8156286
0.00036544324 	 3.309584
0.000483928 	 1.8162109
0.0009238814 	 1.9666373
0.0008290269 	 1.6947572
0.000661413 	 2.0421119
0.0019451211 	 1.5888883
0.0007194484 	 0.8089636
0.0016491294 	 2.2772803
0.0030554074 	 1.4724017
0.00096970116 	 2.9019732
0.0011680388 	 1.9225075
0.0005013411 	 1.9704429
0.00022658292 	 1.9177275
0.00067220867 	 0.531037
0.000439502 	 1.0466497
0.0009003758 	 1.7209287
0.00030140652 	 1.7221782
0.00014526707 	 0.99362516
0.00081494864 	 2.6107438
0.0009050888 	 2.2581081
0.0015064494 	 2.0390713
0.0022052387 	 2.0809877
0.0026218065 	 1.2518843
0.00681836 	 1.6811241
0.0011608183 	 0.9019998
0.0032936274 	 1.3608437
0.002533304 	 1.490993
0.001493078 	 2.1994665
0.07714821 	 3.0352979
0.057509527 	 2.4813764
0.025424955 	 2.286523
0.03943289 	 1.4376938
0.019138765 	 1.4237297
0.040939745 	 2.7668757
0.019083843 	 1.1748961
0.0018435414 	 1.3966101
0.004159566 	 2.491469
0.011475712 	 3.861134
0.021706464 	 3.919413
0.023023896 	 3.325643
0.05203519 	 1.1908627
0.01914405 	 1.6391594
0.019687971 	 2.0414119
0.0042776633 	 0.9718196
0.00017930685 	 3.8388
8.237701e-05 	 0.73881006
1.549722e-06 	 3.1411934
-2.3841855e-07 	 1.0996953
1.1622973e-05 	 3.0197713
8.523501e-06 	 1.2354676
6.7653564e-05 	 1.0750109
0.0005977748 	 5.044297
0.01659358 	 3.7937303
0.00027374199 	 3.6605587
2.1457695e-06 	 3.4276836
0.00425342 	 1.4417002
0.015839854 	 1.0839128
0.001379905 	 2.319916
0.00047277656 	 2.6833081
0.47270253 	 1.824615
0.025599768 	 1.837725
0.00035983836 	 3.0855513
0.005572978 	 3.677358
1.37687675e-05 	 2.3421166
1.7464314e-05 	 4.9701796
0.075166404 	 1.0709386
0.22399968 	 2.6270103
0.07875565 	 2.3409317
0.01466563 	 2.155391
0.011874688 	 3.4452155
0.00013602705 	 1.9119577
0.023599224 	 4.926647
0.06825898 	 1.7604145
0.0019073187 	 5.774367
0.0012278343 	 6.593206
0.020131772 	 3.8871942
7.271793e-06 	 6.043413
0.021730462 	 2.7624147
0.03744108 	 1.341242
0.014146076 	 1.8374884
0.023114474 	 2.8209395
0.045427315 	 1.8163872
0.06581 	 1.2843425
0.15790012 	 1.1741962
0.11211619 	 1.6686306
0.056918334 	 2.5373151
0.09704526 	 2.623238
0.08676638 	 2.3770974
0.018341532 	 2.6971781
0.0031316988 	 1.3086773
0.030350298 	 2.0647087
0.03698953 	 0.71686506
0.029693827 	 1.2243329
0.02078315 	 2.4013865
0.019903067 	 2.9154136
0.027800845 	 3.9255354
0.04955756 	 1.9479246
0.00012625061 	 3.3632607
0.0027910045 	 1.1089996
0.009454939 	 2.9148746
0.009133617 	 2.7291737
0.012416418 	 1.0705689
0.0033933213 	 2.193162
0.004149092 	 2.9910452
0.10555693 	 1.0328064
0.16677848 	 3.8521197
0.17103152 	 2.031564
0.15882456 	 0.9989613
0.10997484 	 1.1785109
0.1562101 	 1.3806611
0.12841964 	 0.73019326
0.17682816 	 0.7257584
0.35541368 	 0.9488924
0.31058148 	 1.0034492
0.24925713 	 1.4330939
0.047028136 	 2.0461757
0.09179183 	 1.1968775
0.17635033 	 2.861465
0.10074714 	 2.5498285
0.11479623 	 2.070451
0.07328331 	 0.9620115
0.00025263638 	 3.045249
0.00029353634 	 2.9824786
0.00061996124 	 3.168855
0.000331099 	 1.835476
0.0005439211 	 1.8295922
0.09175877 	 2.7820039
0.04061063 	 2.0792654
0.10358933 	 1.4276624
0.08586637 	 2.8772688
0.0625241 	 1.8291363
0.036695533 	 1.3048695
0.0008663114 	 3.0810363
0.006158321 	 1.6200149
0.016384827 	 1.4345355
Summary
-2.3841855e-07  -  0.74473673 ,  0.513433  -  6.593206
accuracy:  99.7
equal predictions:  0
TensorFlow version: 1.13.1
Found 939 images belonging to 1 classes.
argN = 49
argN = 49
0.51020837 	 2.3898551
0.4866816 	 3.3926523
0.64649606 	 3.8563023
0.31006923 	 1.7055126
0.6186902 	 2.6536782
0.8154272 	 2.394866
0.33237547 	 1.7548612
0.32618174 	 0.7460297
0.14019328 	 1.1942531
0.19160564 	 2.469234
0.28053153 	 3.5127754
0.20133677 	 3.0543163
0.20583276 	 2.342542
0.05612207 	 1.8372238
0.050953995 	 1.671143
0.1126931 	 1.6276006
0.063202426 	 3.3608124
0.27456793 	 1.9996475
0.3216743 	 0.97388506
0.2830735 	 3.081357
0.5384498 	 2.8235652
0.67696095 	 3.1512926
0.5262006 	 2.1285076
0.47539026 	 2.9992754
0.5942185 	 1.851409
0.712843 	 1.8826478
0.5955947 	 1.4104618
0.4205186 	 2.15482
0.28798214 	 1.0415537
0.44379577 	 1.6892313
0.26213422 	 1.4031715
0.5253725 	 2.264192
0.067241386 	 2.785126
0.0070340084 	 1.6577411
0.0013055976 	 1.986413
0.037150536 	 1.9474695
0.13864538 	 4.1758227
0.28868958 	 2.7070515
0.33775988 	 2.6478097
0.3434895 	 1.2632221
0.30950612 	 0.881077
0.42226332 	 1.5869069
0.1457088 	 0.5523519
0.08463589 	 2.4970367
0.21079381 	 5.6558867
0.17207734 	 1.4260793
0.19098556 	 3.5265038
0.17365728 	 2.2027628
0.24546266 	 1.837109
0.6418884 	 1.6558266
0.5715524 	 2.3803236
0.6408056 	 1.3112615
0.56424624 	 2.9950554
0.29751518 	 2.5372
0.011718057 	 4.2626715
0.10128198 	 2.4301734
0.17121187 	 2.0298007
0.17085938 	 2.3292596
0.020086039 	 2.5744681
0.0012942579 	 2.143585
0.017407613 	 2.4049194
0.3823845 	 3.383175
0.18580715 	 1.6936793
0.22747372 	 2.355242
0.118445955 	 3.4293118
0.36943063 	 1.2315518
0.11429881 	 1.4523365
0.103119336 	 2.21502
0.11713341 	 1.4967748
0.021965679 	 3.1973286
0.02218017 	 3.152986
0.0012150037 	 1.8454521
0.0005898427 	 2.7869296
0.015850512 	 2.044583
0.039891563 	 1.7893084
0.11932125 	 1.9735599
0.27995008 	 1.2992822
0.26744372 	 4.1732807
0.21722943 	 1.5680026
0.104632966 	 2.4523044
0.026358258 	 2.4832933
0.13367282 	 2.2113042
0.10605637 	 3.6909287
0.095756486 	 2.4046316
0.07897648 	 2.328036
0.13376786 	 2.3965173
0.09397738 	 3.6961625
0.04655681 	 6.0139666
0.022260921 	 1.8493983
0.0030869755 	 1.2414442
0.03589543 	 2.5663517
0.052448798 	 1.5714582
0.02592202 	 1.4285506
0.0005343792 	 1.5814735
0.00029133033 	 2.6179786
0.021078408 	 1.1518164
0.000981753 	 4.1218324
0.0032570895 	 2.3029969
0.05953929 	 2.9102905
0.07883536 	 2.533583
0.04293674 	 2.489887
0.011110888 	 2.2711563
0.02902165 	 1.7567874
0.0077301245 	 2.529943
0.022999987 	 2.9254692
0.0016502042 	 1.8004643
0.00021394396 	 1.9577832
0.00025037085 	 1.5419267
0.00028787227 	 2.0781164
0.00024870152 	 1.8717295
0.00034850946 	 1.6095895
0.018676454 	 1.195033
0.0002523979 	 2.6403062
0.0003359882 	 3.0497813
0.009026374 	 0.78657913
0.028210497 	 1.5673326
0.00029753105 	 1.5462782
0.015947528 	 0.4271872
0.0011343234 	 2.6821575
0.00055137574 	 2.7240539
0.04019897 	 3.4066694
0.010439999 	 3.6909668
0.035906367 	 1.8716296
0.018831931 	 1.9101521
0.028857404 	 2.0124784
0.02463791 	 2.084085
0.029393867 	 2.5456667
0.016308669 	 2.3340065
0.022026183 	 1.3860638
0.0003926929 	 3.0561635
0.0058806255 	 1.5987693
0.03130377 	 1.8561989
0.00047253806 	 5.0117474
0.00010192914 	 2.2059634
0.01191311 	 1.4833965
0.04120542 	 1.8604575
0.014440953 	 1.9569556
0.002767694 	 2.3020034
0.0010892719 	 2.7808225
0.00012458146 	 1.926212
0.001043745 	 2.2083154
0.0028973431 	 2.7247145
0.0020025144 	 1.9031805
0.004303164 	 1.6716805
7.522389e-05 	 2.4778821
0.00012535643 	 1.5329499
0.0199238 	 1.7976608
0.00091147225 	 1.7060406
0.00079627737 	 2.604638
0.00030158536 	 1.8207505
0.007551381 	 2.4491725
4.661192e-05 	 1.2379045
0.0019406421 	 1.5934495
0.0021288986 	 1.7192067
0.02635844 	 1.4508002
0.013100591 	 3.2490666
0.021583123 	 1.4857887
0.0065335818 	 2.6087835
0.012757328 	 2.664053
0.0011399327 	 3.556484
0.024059175 	 2.9447773
0.055782057 	 2.2265205
0.02863338 	 2.6113734
0.021021066 	 3.084015
0.021610592 	 3.4504068
0.020540059 	 4.509484
0.039952666 	 1.0131811
0.041237038 	 0.89937097
0.0012093344 	 0.80378777
0.0005123139 	 1.3481784
0.03776977 	 3.914116
0.013559483 	 2.474306
0.00096904486 	 2.6090143
0.018082222 	 2.5520625
0.002376039 	 1.2404548
0.0032265924 	 3.904649
0.023908012 	 1.1564934
0.00083368 	 1.1410817
0.0013178326 	 1.3559072
0.002645472 	 1.740002
0.020500269 	 2.5683074
0.00044439174 	 1.8960646
0.00019319731 	 1.427812
7.8323574e-05 	 0.883521
0.008102911 	 1.633005
0.00034093708 	 1.8483347
0.00019921857 	 1.8119476
0.0008849244 	 2.5332975
0.0015005994 	 1.1212482
0.0017709311 	 2.933528
0.0026028026 	 2.6211376
0.0016125919 	 2.5955977
0.0017483608 	 3.4485528
0.0031230887 	 2.099011
0.0007424129 	 3.1039166
0.0040165274 	 1.815565
0.0049960036 	 1.3158293
0.0015258504 	 2.217628
0.0011993087 	 3.954917
0.06838547 	 1.6703278
0.15584725 	 1.4310538
0.070652485 	 2.226166
0.012581245 	 1.672388
0.11800246 	 1.1822491
0.06778143 	 2.4987714
0.020469058 	 3.7224495
2.2053744e-06 	 2.0412457
0.0009909412 	 2.7006454
0.005490147 	 3.6665072
0.0038459252 	 2.5764399
0.005677575 	 2.6693785
0.00047599676 	 4.1713824
-9.5367386e-07 	 1.600313
4.5837023e-05 	 1.3079866
6.198902e-06 	 6.667392
0.0006186491 	 1.8929867
-5.960463e-07 	 1.4208722
0.0047784587 	 3.534005
0.13354222 	 2.3234775
0.09555277 	 1.1704366
0.028622953 	 3.446792
0.026956022 	 3.0380375
0.020186752 	 2.9020512
0.0055352175 	 3.3295887
0.022893075 	 3.8782916
0.04111412 	 3.1852233
0.014354059 	 3.4270597
3.1590512e-06 	 1.7035533
0.0007295885 	 3.4173357
0.059934117 	 4.056016
0.021450967 	 3.134585
0.063378826 	 3.4361806
0.042595398 	 1.251056
0.084341556 	 1.9578567
0.021357313 	 2.8710616
0.009686142 	 2.7111783
0.04096719 	 1.681507
0.018535575 	 2.1114972
6.0858194e-05 	 2.1329713
1.466285e-05 	 2.6565
0.007537508 	 2.0946035
0.0049426914 	 3.7480822
0.00080755167 	 4.079642
0.00014550552 	 2.7035055
0.019333994 	 3.2198775
0.014974939 	 1.6526278
0.0055569145 	 1.6331115
0.0050258357 	 2.3663375
0.031981174 	 1.9676644
0.020543586 	 2.533939
0.0034710139 	 4.5593987
0.03802427 	 2.9064767
0.14376439 	 2.0712986
0.14008117 	 2.0875823
0.08280722 	 1.8480846
0.17796089 	 2.4440234
0.08862068 	 1.5917788
0.19901815 	 2.577162
0.09948183 	 1.6720387
0.16638298 	 1.9875938
0.05260641 	 1.6568844
0.08106249 	 0.97196186
0.10257011 	 2.2419584
0.025546141 	 2.376601
0.054267667 	 3.5225391
0.05438321 	 3.1267524
0.0076855556 	 1.1647847
0.10799084 	 2.370501
0.10747935 	 1.4040104
0.18729278 	 1.3933171
0.20772336 	 2.8971493
0.17583512 	 1.8372302
0.1851791 	 2.3927844
0.21720788 	 2.514535
0.3049421 	 0.7475272
0.17848466 	 2.8087804
0.26904222 	 1.5822449
0.203508 	 1.3136328
0.3471409 	 2.0625727
0.33782512 	 1.0324504
0.19829904 	 0.78448063
0.12427468 	 1.6142726
0.20472157 	 1.1498792
0.24013507 	 1.5211158
0.11044428 	 1.659289
0.081862375 	 1.603495
0.13701823 	 1.6999302
0.09429926 	 1.8363353
0.10753271 	 1.818741
0.11779972 	 1.5437765
0.06538262 	 1.196368
0.30134088 	 1.5894554
0.1195439 	 1.732934
0.16297473 	 2.4624672
0.07010424 	 2.0517626
0.000308442 	 1.7111006
0.0036761297 	 2.9799867
0.061115988 	 2.0137951
0.022018932 	 1.6316158
0.08855483 	 1.9428924
0.034165766 	 1.3360766
0.1079356 	 1.9678227
0.07846143 	 1.8729998
0.08157048 	 1.4098786
0.06984515 	 1.0011787
0.033896033 	 2.3154085
0.064187504 	 3.7521808
0.09368198 	 1.179229
0.07700953 	 3.2700632
0.03487369 	 3.4166763
0.014507897 	 2.7695932
0.015381608 	 3.7733896
0.05312736 	 2.96536
Summary
-9.5367386e-07  -  0.8154272 ,  0.4271872  -  6.667392
accuracy:  100.0
equal predictions:  0
