TensorFlow version: 1.13.1
Found 939 images belonging to 1 classes.
argN = 784
argN = 784
0.105759375 	 2.8817124
0.117711015 	 2.353424
0.3584623 	 2.4321465
0.31460974 	 2.9951901
0.33451873 	 2.5600584
0.22178286 	 2.2455592
0.07271535 	 3.0854704
0.045458004 	 2.8363771
0.039783202 	 2.5880115
0.049729187 	 2.5545225
0.097127035 	 2.330275
0.06862758 	 2.135699
0.07450811 	 2.6458082
0.0636236 	 2.716805
0.04645366 	 2.6483948
0.039835922 	 2.5689576
0.023924494 	 2.400984
0.062065843 	 3.4841738
0.079461336 	 2.6033473
0.08137454 	 2.8371315
0.053547144 	 2.4982464
0.14222194 	 2.0902522
0.061870016 	 2.3288734
0.04945516 	 2.397378
0.06727639 	 2.9194868
0.015405638 	 2.0413435
0.005987773 	 3.025473
0.0051137204 	 2.4887388
0.040340576 	 2.2335067
0.047673833 	 2.4594223
0.13770649 	 2.7295973
0.18182454 	 2.7503197
0.09781216 	 2.4320943
0.07686173 	 2.8414264
0.16455448 	 2.6810343
0.17969261 	 2.5525599
0.27918354 	 3.0014925
0.3847872 	 1.8283844
0.039169725 	 2.609996
0.13129249 	 2.4731052
0.065022595 	 3.1390848
0.054692212 	 2.897684
0.027382601 	 4.7184105
0.036364537 	 3.5732975
0.033379395 	 3.2787979
0.034320895 	 1.9537882
0.06857083 	 2.0374103
0.06324275 	 2.684626
0.053711973 	 2.61627
0.041124247 	 2.2834425
0.033666868 	 2.612999
0.047666017 	 2.3103037
0.01553173 	 1.9534228
0.0977674 	 2.4236124
0.051382467 	 2.25529
0.029771995 	 2.2939157
0.014128908 	 2.492754
0.008967673 	 3.7737632
0.0025532627 	 2.5444643
0.0013173551 	 3.3934681
0.0143517 	 2.5984716
0.042831033 	 2.7545555
0.058077443 	 3.1553466
0.24313138 	 2.4058826
0.19246237 	 2.5186908
0.078394644 	 1.9754949
0.059827738 	 2.3306165
0.054380633 	 2.1551147
0.0807893 	 2.3472683
0.10008431 	 2.8352108
0.16664137 	 3.1662292
0.11308132 	 2.9311078
0.13425584 	 3.0359964
0.16999504 	 1.800143
0.0956888 	 3.1434612
0.072836824 	 3.4211867
0.053849783 	 3.1295395
0.0063927826 	 1.7975091
0.057999305 	 2.4016392
0.056354165 	 1.9169015
0.042128336 	 2.040933
0.041664846 	 2.9663272
0.023218848 	 2.3561754
0.025493618 	 2.6710436
0.0133784255 	 2.1923203
0.014069121 	 2.172707
0.014126852 	 2.3669522
0.011543423 	 2.6025143
0.002544598 	 2.2564363
0.010140641 	 2.261549
0.0076814713 	 2.7997117
0.002552725 	 3.0801332
0.00511408 	 2.884295
0.018017465 	 2.2216651
0.024878334 	 2.687078
0.03162547 	 2.486727
0.030999698 	 1.6595076
0.01931309 	 1.5884051
0.028187199 	 1.6664758
0.012836416 	 1.8860579
0.02447603 	 1.6875774
0.025837304 	 1.9094325
0.01671964 	 1.8851641
0.026834296 	 1.9247501
0.021333138 	 1.3764532
0.02191779 	 0.64177424
0.008965388 	 2.106389
0.008967613 	 1.8653246
0.019308532 	 1.5224354
0.0105031235 	 1.2175094
0.014127214 	 0.8458232
0.014811168 	 1.491524
0.011544931 	 2.024607
0.0076809907 	 1.4946028
0.0147996135 	 1.9516218
0.023358375 	 2.8858414
0.024294268 	 1.7655537
0.011737537 	 1.5543723
0.0076814713 	 1.1321639
0.017974075 	 1.4253658
0.019182025 	 1.520697
0.022319432 	 2.0476089
0.018719815 	 2.3614976
0.016219493 	 1.2887287
0.017689073 	 1.1804321
0.016583761 	 1.5950036
0.016584368 	 1.3787903
0.012838408 	 1.920146
0.017415255 	 1.879133
0.017138356 	 2.7186258
0.018154569 	 1.3658522
0.018957848 	 1.7367997
0.0064332145 	 1.2862853
0.0089802435 	 1.8275244
0.013790429 	 1.3843938
0.008916975 	 1.6874924
0.008967734 	 1.5523046
0.0076814713 	 1.0953873
0.011865097 	 2.1272502
0.00511408 	 2.1278858
-9.5367386e-07 	 1.4057959
0.0025532627 	 1.5434527
0.0063969814 	 2.4431655
0.0063969814 	 1.4993242
0.0025532627 	 1.9194723
0.0063966815 	 1.8920287
0.0069169053 	 1.6934702
0.00511408 	 1.1712695
0.00511402 	 2.2670653
0.0062825927 	 1.8280869
0.010255712 	 0.9425488
0.0076814713 	 1.6831521
0.009562289 	 1.9204895
0.006399801 	 1.3799216
0.010255472 	 1.9106374
0.0076814713 	 1.4347502
0.0038328215 	 1.8834639
0.0048627877 	 1.289889
0.008967673 	 1.4497159
0.0076797297 	 2.5534022
0.004822659 	 1.4480232
0.0028161088 	 2.1835117
0.001275339 	 1.5292615
0.0025532627 	 1.33061
0.0013516735 	 1.1122574
1.1980605e-05 	 1.327809
0.0025459724 	 1.224965
0.001275339 	 2.2684953
0.0025532627 	 1.1580248
0.0066885017 	 1.8627001
0.00511408 	 2.6941597
0.0063969814 	 1.3217942
0.011164771 	 1.6117424
0.0063969814 	 1.173246
0.007681411 	 1.1381272
0.011659561 	 1.0712132
0.012769342 	 1.5278509
0.008967673 	 1.9688027
0.011548126 	 1.0089948
0.016720852 	 2.4477172
0.014128968 	 1.1814139
0.019337518 	 1.4311047
0.012525716 	 1.8585888
0.027753534 	 1.1903492
0.03111037 	 1.7008373
0.048573017 	 1.1623049
0.03535263 	 2.206061
0.020393379 	 2.353478
0.034715205 	 0.9655085
0.021765672 	 1.7811794
0.03826855 	 1.6117384
0.03872489 	 1.7250715
0.02841609 	 2.1103544
0.03988821 	 1.6076111
0.016721578 	 1.4051291
0.011498804 	 2.0001001
0.015250148 	 1.0355945
0.20131658 	 1.3664527
0.18246894 	 1.6083612
0.19846593 	 2.3745267
0.1261494 	 1.9024177
0.089581385 	 2.7272468
0.048291735 	 2.8806481
0.064742185 	 1.8684868
0.087452896 	 3.2977774
0.08780932 	 1.6076863
0.09313615 	 2.658143
0.09218633 	 2.1548083
0.09943989 	 2.799753
0.091724664 	 2.5522966
0.08672516 	 2.9932654
0.059863556 	 1.8286006
0.058566615 	 2.5718057
0.057286188 	 3.1496336
0.05529053 	 1.9718559
0.07098965 	 2.8777792
0.0615541 	 2.2647922
0.06589671 	 3.1077628
0.0737119 	 2.9933438
0.066304564 	 1.4671689
0.045864098 	 1.8884155
0.051052157 	 2.2365015
0.1063571 	 2.4228902
0.08978428 	 2.4730365
0.107181266 	 2.4410021
0.104173 	 2.639523
0.102353245 	 1.7914662
0.08400284 	 2.7159593
0.092308104 	 1.3604045
0.10571545 	 2.8709176
0.100426346 	 2.4451294
0.111881375 	 2.1936114
0.3362078 	 1.8582363
0.1376608 	 2.4747393
0.09649141 	 2.3504746
0.13736275 	 2.0713847
0.11903063 	 3.27986
0.10492903 	 2.509528
0.11579588 	 2.0555308
0.12070372 	 2.197331
0.10553573 	 2.7154124
0.08780216 	 2.0581772
0.052318342 	 2.858133
0.05905217 	 2.5972674
0.06591925 	 2.6737907
0.06505994 	 1.3495163
0.068563744 	 2.4166436
0.0771269 	 2.2092552
0.06210307 	 2.3789947
0.06182113 	 2.4439356
0.079845585 	 1.812452
0.07943675 	 2.0592651
0.035064794 	 2.9031723
0.04436271 	 3.332177
0.040366333 	 1.8826133
0.030142156 	 3.3634882
0.045668423 	 2.5212553
0.02888906 	 2.288848
0.04545164 	 2.0378323
0.0564171 	 1.9718597
0.06576818 	 2.1644773
0.08102144 	 2.090895
0.08793973 	 2.4421651
0.09836569 	 2.1537004
0.14521796 	 2.2859995
0.15187947 	 2.7740357
0.16906361 	 2.0482023
0.18123463 	 1.060129
0.19394939 	 2.1089723
0.19443469 	 1.6406361
0.2186698 	 1.6931465
0.19649985 	 1.8031996
0.1950236 	 1.5382339
0.14524353 	 1.6538368
0.11942596 	 2.0196714
0.11188191 	 2.080226
0.069993705 	 1.9456755
0.07491532 	 1.0209295
0.07410601 	 1.2891309
0.057887636 	 2.7629282
0.040343307 	 2.725634
0.03653509 	 1.816042
0.030465692 	 2.7982752
0.03494566 	 2.5650008
0.048276786 	 2.6213434
0.048174765 	 2.2117345
0.052365825 	 3.112225
0.049556244 	 1.9364486
0.075479776 	 2.567771
0.11734257 	 2.584614
0.1413068 	 2.615176
0.1265709 	 2.0021298
0.23356566 	 2.1357474
0.22437051 	 1.3014405
0.21852948 	 1.937125
0.19127412 	 1.5945814
0.15135801 	 1.1570854
0.13689479 	 1.5614989
0.136347 	 2.1389039
0.12877421 	 2.481135
0.058452547 	 2.3264782
0.060431164 	 2.596205
0.071723565 	 1.4425256
0.049063068 	 2.2110338
0.046965286 	 1.9822874
0.07180112 	 1.468404
0.10337642 	 2.6923723
0.13159697 	 3.0008116
0.14166234 	 2.257643
0.11213039 	 2.772505
0.09579978 	 3.0540206
0.07273099 	 3.3321118
0.066199295 	 2.903219
Summary
-9.5367386e-07  -  0.3847872 ,  0.64177424  -  4.7184105
accuracy:  100.0
equal predictions:  0
TensorFlow version: 1.13.1
Found 939 images belonging to 1 classes.
argN = 784
argN = 784
0.13684142 	 2.5152617
0.10388086 	 3.7660096
0.44211468 	 2.8968544
0.21789403 	 3.0823627
0.16387685 	 2.7960272
0.11335787 	 2.949467
0.08371925 	 4.1167397
0.06589869 	 3.374502
0.056407325 	 3.1555004
0.034363337 	 2.6032257
0.04653989 	 2.7241638
0.05772199 	 2.3868406
0.052187275 	 2.7723
0.048793666 	 2.4164941
0.06410438 	 2.0551975
0.1342242 	 2.2336018
0.06973733 	 2.9007723
0.037392627 	 2.5182831
0.095197774 	 2.2641594
0.08786912 	 2.4875562
0.11029392 	 2.3479903
0.06434272 	 2.9436915
0.2644 	 1.9568206
0.21482235 	 1.8773962
0.06371038 	 2.4578938
0.051070597 	 1.995042
0.024531495 	 3.2329304
0.012827481 	 2.7729666
0.023402184 	 1.8655066
0.24672437 	 2.2611938
0.187225 	 2.3052163
0.14352754 	 2.4583812
0.08749375 	 2.0700686
0.08593606 	 2.307199
0.1952958 	 2.2743962
0.17005779 	 2.6560614
0.2688205 	 2.3418486
0.12787226 	 2.7620702
0.38462177 	 3.370797
0.108599864 	 2.5572817
0.08557128 	 3.0437045
0.059447058 	 3.4437253
0.12469295 	 2.7711833
0.16341786 	 2.5397854
0.16611539 	 2.869993
0.115964 	 2.5221732
0.113142796 	 2.6554706
0.027315034 	 3.1552167
0.021921141 	 2.498923
0.03901589 	 2.6484716
0.041424517 	 2.6736982
0.0500219 	 2.6037185
0.04556374 	 2.3758838
0.052068595 	 2.1918123
0.054568388 	 2.3322515
0.07440428 	 1.8752043
0.056298546 	 2.4210021
0.03634457 	 3.8913717
0.024534121 	 2.473193
0.039718203 	 3.1088996
0.041706234 	 2.4049346
0.048796546 	 2.9270985
0.06292855 	 2.6464007
0.09758352 	 2.9546363
0.13827763 	 2.857996
0.019328402 	 2.8606472
0.027149966 	 3.521504
0.030827872 	 2.3341498
0.031278495 	 3.081418
0.0051141395 	 2.3588107
-9.5367386e-07 	 3.781598
0.0025532627 	 3.3287516
0.007700272 	 3.2560372
0.01154499 	 2.6075602
0.029697143 	 2.4961357
0.028461408 	 2.879303
0.05185469 	 2.744896
0.19574717 	 2.7377298
0.20050003 	 2.4068062
0.2019437 	 2.341436
0.18498746 	 1.738551
0.07205674 	 2.8947306
0.08468902 	 3.3560836
0.10774598 	 2.7391648
0.09282112 	 2.3469138
0.21720743 	 2.8775845
0.12871666 	 2.1223664
0.08898956 	 1.577552
0.06901043 	 2.8034766
0.060200587 	 2.7381158
0.02713447 	 2.846819
0.016919792 	 2.9227715
0.021614123 	 2.8909929
0.036606066 	 2.925266
0.034096137 	 2.5644367
0.022077367 	 2.6598039
0.034898132 	 2.8428476
0.023222752 	 2.7516654
0.0076815314 	 2.2766035
0.016183387 	 3.2740705
0.011639239 	 3.024204
0.011476073 	 3.0106864
0.018016616 	 3.364851
0.03887032 	 2.6373446
0.027180344 	 2.9345667
0.020600779 	 1.6546482
0.036116455 	 2.160005
0.025773022 	 0.9940783
0.024524104 	 1.9637364
0.020707326 	 2.1636808
0.015423373 	 1.668346
0.011286351 	 2.2189965
0.025576655 	 1.0398707
0.0077181715 	 1.4519653
0.011542097 	 2.244242
0.018197848 	 1.6527692
0.020303594 	 1.4853461
0.03202481 	 1.3917303
0.01677031 	 2.9198391
0.02054888 	 1.3882284
0.024532167 	 1.8846519
0.028749004 	 1.6415017
0.018021593 	 1.7912393
0.02299401 	 1.8526312
0.010622152 	 2.466597
0.010261674 	 1.2365285
0.01907479 	 1.6418799
0.016376466 	 1.40689
0.0128361145 	 2.8209865
0.011545172 	 1.7586364
0.025852412 	 1.5373911
0.0128361145 	 1.2881852
0.01801789 	 2.3287897
0.014017861 	 2.184319
0.0038745862 	 1.791453
0.0063969814 	 2.3028426
0.008952457 	 1.6323571
0.012772904 	 1.4846637
0.003822291 	 1.2593545
0.008967854 	 1.7112176
0.0076318597 	 1.1498893
0.00764213 	 1.3245835
0.0076814713 	 2.9753668
0.0076898807 	 1.8175472
0.0128337 	 1.4388099
0.0140479645 	 1.8188816
0.0068697324 	 2.949155
0.012835631 	 2.1761684
0.0102917245 	 1.9479585
0.015106665 	 2.4422543
0.011543966 	 2.0409722
0.014127396 	 1.5555791
0.008967673 	 1.6560123
0.0076814713 	 1.2856176
0.0063968617 	 2.0271525
0.0072333724 	 2.430832
0.007681411 	 1.9001408
0.00511408 	 1.2210838
0.0038347363 	 2.2295067
0.0057098847 	 2.1957812
0.0063969814 	 2.549106
0.007605613 	 1.1430569
0.010255472 	 1.5781434
0.0012815458 	 2.584595
0.0063969814 	 2.4881468
0.0063969814 	 2.305302
0.0063930224 	 1.5139117
0.007674324 	 1.7433035
0.0076662153 	 2.4762733
0.015423434 	 1.0878091
0.010250413 	 1.3273867
0.0064047202 	 2.027525
0.007674384 	 1.5766541
0.010258302 	 1.5560883
0.0076742037 	 1.4047946
0.01154469 	 2.4621866
0.011511225 	 1.8010088
0.01154288 	 2.5789363
0.011380033 	 1.6726241
0.02279532 	 1.8035043
0.019032506 	 1.3828841
0.04374368 	 1.0892065
0.037617013 	 1.9061464
0.036223922 	 1.4853326
0.031407647 	 2.1454935
0.034667075 	 1.372477
0.03588122 	 1.7831225
0.03085615 	 1.4412242
0.041769184 	 2.0202525
0.05194164 	 1.4014331
0.033577178 	 1.4822087
0.034487646 	 1.5522465
0.031696647 	 1.6292665
0.036318053 	 1.498242
0.04023595 	 2.028991
0.03399469 	 1.7270598
0.030937543 	 1.6020677
0.02428975 	 1.7469257
0.028460367 	 2.3204334
0.021944538 	 1.4026226
0.023494504 	 1.7795837
0.022670442 	 1.36689
0.02018742 	 1.224078
0.20295659 	 1.601554
0.17755249 	 1.8851975
0.19061306 	 1.830109
0.22566651 	 1.4872783
0.19032505 	 1.8937455
0.1673907 	 2.369261
0.14779373 	 2.1451483
0.07281144 	 1.4748213
0.08102041 	 2.0512404
0.08552583 	 2.6249561
0.06863026 	 2.315969
0.10757386 	 3.0372307
0.08927601 	 2.0044668
0.10156986 	 2.8530982
0.10336597 	 2.3039086
0.12910302 	 1.9103438
0.103377216 	 2.0025673
0.11550561 	 3.0414345
0.11078135 	 3.1065235
0.09064364 	 1.8598003
0.087936476 	 1.5698047
0.06871798 	 2.2644577
0.067430936 	 2.593799
0.067654 	 1.9260705
0.06945156 	 0.9827297
0.066068046 	 2.8329785
0.09311822 	 2.9193442
0.08663351 	 2.7500827
0.07823581 	 1.2799395
0.06859157 	 3.1649492
0.11761379 	 2.2084954
0.11266548 	 2.9032679
0.09374732 	 2.6738408
0.14215714 	 1.1766392
0.22309779 	 1.7568479
0.3765452 	 1.7916061
0.10264196 	 2.2622695
0.11905433 	 2.772508
0.15533067 	 2.319177
0.14203903 	 3.3324375
0.117671385 	 2.7625299
0.13207367 	 2.8576698
0.100295074 	 2.4899306
0.10045929 	 1.225784
0.07274836 	 2.6941023
0.08654648 	 3.1090384
0.07177416 	 3.004528
0.08654655 	 1.6008512
0.056340482 	 3.36971
0.052339446 	 3.9562058
0.044829946 	 1.574953
0.043002322 	 3.4860895
0.036497563 	 2.7523699
0.045207594 	 2.7507918
0.052982863 	 1.8978182
0.04564933 	 2.6163769
0.07044768 	 1.5949382
0.09893124 	 1.5232441
0.1020089 	 2.6820781
0.11079121 	 2.4826324
0.12455947 	 2.4376993
0.13774829 	 2.5516129
0.18220414 	 2.1432278
0.19385473 	 1.6253909
0.18993449 	 1.8853004
0.17822193 	 2.1533496
0.08370908 	 1.6000537
0.062809035 	 2.9427717
0.041558158 	 1.7989507
0.04700621 	 2.7719617
0.06317677 	 2.6039505
0.049632344 	 2.4451158
0.040826734 	 2.864
0.043001946 	 1.9193131
0.039595596 	 1.3529427
0.05371191 	 3.3707397
0.055789623 	 1.1512549
0.069921084 	 1.5943106
0.06954958 	 2.2107031
0.068621896 	 2.6212473
0.11192317 	 1.0482521
0.13524593 	 2.5432475
0.18599343 	 2.237316
0.2347926 	 2.0192094
0.27512342 	 1.8085206
0.25834748 	 1.717051
0.2633329 	 1.5905579
0.2596325 	 1.9489294
0.24566473 	 1.3036597
0.21549644 	 1.750897
0.20931888 	 2.0265074
0.1888108 	 1.6615256
0.15523697 	 2.1147995
0.168226 	 1.0657278
0.16509244 	 2.3063388
0.15987 	 2.028648
0.12466331 	 2.6221626
0.06317544 	 3.8917718
0.06857268 	 2.7507162
0.07234902 	 2.5056727
0.11335113 	 2.6300423
0.1256974 	 2.6956236
0.15395494 	 2.2999957
0.14372489 	 2.5941637
0.14272897 	 2.6216393
0.107389756 	 3.2563481
0.11128568 	 2.71106
0.11334552 	 2.4907348
0.08189886 	 3.2611647
0.07410094 	 1.7455711
Summary
-9.5367386e-07  -  0.44211468 ,  0.9827297  -  4.1167397
accuracy:  100.0
equal predictions:  0
TensorFlow version: 1.13.1
Found 939 images belonging to 1 classes.
argN = 784
argN = 784
0.22874086 	 2.8528986
0.14204639 	 2.2076857
0.1717145 	 2.5577
0.12651603 	 1.9517305
0.12567031 	 2.4807508
0.043735273 	 1.8097284
0.08934568 	 2.1185112
0.02976481 	 2.6017148
0.09409302 	 2.310618
0.11167368 	 2.0976777
0.033994816 	 3.123526
0.09378509 	 3.4015923
0.20663536 	 2.3734622
0.03792391 	 2.7926092
0.082550906 	 2.3144424
0.017657224 	 2.975418
0.014121169 	 2.966729
0.010255472 	 2.8898191
0.016719397 	 3.4849162
0.0025456138 	 2.381258
0.01904654 	 2.835748
0.074120134 	 3.263239
0.11992344 	 2.1613798
0.15834115 	 2.8371184
0.06745676 	 2.7793303
0.21969548 	 2.6653106
0.08534419 	 2.27795
0.078500174 	 3.0762236
0.20743339 	 2.1413896
0.19106291 	 3.3996408
0.17050582 	 3.265997
0.1426867 	 2.7133315
0.2441458 	 2.6544702
0.35796914 	 2.355198
0.2826091 	 3.030932
0.38303298 	 2.9756823
0.35008317 	 2.4379838
0.029782249 	 2.827771
0.0119566005 	 4.179457
0.023223057 	 3.8311074
0.016080534 	 3.5287318
0.024291093 	 2.5201485
0.06406891 	 2.6329725
0.02112717 	 3.45104
0.026941326 	 3.216814
0.035555556 	 2.0387444
0.040420823 	 2.0000787
0.09380781 	 3.0388026
0.085050814 	 3.131833
0.08030599 	 2.6586943
0.0426701 	 3.0435119
0.010308647 	 2.3589253
0.008941753 	 1.8482026
0.001275339 	 2.8272028
0.0051812413 	 2.3996
0.06861392 	 2.6856782
0.18038005 	 2.4145975
0.12277519 	 2.9277265
0.06417269 	 3.446401
0.063024156 	 2.8350697
0.144104 	 3.2038746
0.17459555 	 2.409044
0.069216475 	 3.7133024
0.050857034 	 1.7800831
0.014128968 	 2.7502143
0.019118533 	 2.9339547
0.13771662 	 1.9421892
0.05660505 	 2.3897517
0.07125403 	 2.5386155
0.047578376 	 2.528338
0.046647675 	 2.4546673
0.048298117 	 2.6217024
0.016432997 	 2.891055
0.015255535 	 2.6344125
0.030910125 	 2.9622667
0.0076806904 	 2.9034548
0.010255472 	 2.929422
0.0025532627 	 2.9891357
0.024567474 	 2.7935915
0.0430007 	 2.0536902
0.024034876 	 2.8589115
0.029459365 	 1.109361
0.031127157 	 1.4646463
0.026442345 	 1.6310595
0.031361457 	 1.0257101
0.021962086 	 2.4873784
0.025788128 	 2.5043488
0.021719072 	 1.0906363
0.024512986 	 2.0093508
0.01716807 	 1.1465265
0.01023295 	 1.13127
0.012168774 	 1.364894
0.018797433 	 0.98447704
0.018016677 	 1.3239927
0.02065396 	 2.1337864
0.020007532 	 1.3786094
0.026145928 	 1.9002273
0.0139756715 	 0.91204584
0.019588888 	 1.9337842
0.020106047 	 1.3423628
0.016718669 	 1.8821505
0.026243214 	 1.833017
0.026581343 	 1.329432
0.026276564 	 2.4958277
0.018901842 	 1.6377826
0.02988032 	 1.2272552
0.019205233 	 1.320841
0.011544931 	 0.880499
0.014129209 	 2.3876696
0.013905015 	 1.5008141
0.020618547 	 2.2743022
0.0076937247 	 1.5209985
0.010368087 	 2.3722346
0.0138653675 	 2.2769048
0.019316917 	 1.6923716
0.00892341 	 1.6201899
0.017649883 	 1.3392153
0.017997256 	 1.9106909
0.01013221 	 2.2439487
0.008967673 	 1.2813308
0.0064634494 	 1.9542109
0.006396622 	 1.1198452
0.009839806 	 2.0465636
0.011544568 	 2.289096
0.008284759 	 1.3661653
0.008967673 	 1.7922789
0.019315641 	 3.109101
0.019317038 	 2.1544464
0.013835815 	 1.9004884
0.0154746445 	 1.8290077
0.010632575 	 1.3222166
0.0038939135 	 1.0431759
0.008877224 	 1.7671939
0.0051181535 	 1.4178392
0.00511378 	 2.2415316
0.008967192 	 1.3136182
0.003810145 	 2.0467558
0.008948669 	 2.03617
0.008461409 	 1.9803655
0.0025532627 	 1.456949
0.005098084 	 1.4189719
0.0038328813 	 1.453698
0.0025532627 	 1.7159402
0.0077625015 	 2.1795237
0.0063969814 	 1.8510708
0.005082148 	 2.3415089
0.0063912827 	 1.2834948
0.0051003005 	 2.2695127
0.0025532627 	 1.9992962
0.007681231 	 2.30768
0.007706699 	 1.1358093
0.008967673 	 1.0035067
0.0077968016 	 1.2416165
0.007664053 	 2.0296714
0.007697088 	 1.9614561
0.0051088077 	 1.5711875
0.006395482 	 1.929184
0.008347265 	 1.4912753
0.0051038354 	 2.1976798
0.008967673 	 1.216
0.0038328813 	 1.2015437
0.0025526055 	 1.6260588
0.003834497 	 1.6570101
0.004979051 	 1.2597487
0.007681411 	 0.9752623
0.012835873 	 1.8776011
0.015423434 	 2.3644686
0.014373892 	 1.6854928
0.011544931 	 1.2629757
0.02443181 	 2.5695653
0.020686394 	 1.5812651
0.03621156 	 0.9861261
0.033195205 	 1.6902863
0.013179162 	 1.8856728
0.027089274 	 1.1819503
0.01710804 	 2.6702392
0.0404611 	 1.7043079
0.023217384 	 2.1985357
0.03524507 	 1.1991398
0.037562244 	 2.0438244
0.026509669 	 1.5931727
0.032413416 	 1.5355474
0.039041735 	 1.4126558
0.037879027 	 1.8746792
0.029342553 	 2.570623
0.024120905 	 1.251019
0.029744117 	 0.91520774
0.024531677 	 1.699773
0.025850454 	 1.4681574
0.034174215 	 1.651002
0.03631923 	 1.6306223
0.026119314 	 1.8737581
0.020591654 	 0.8604384
0.016707093 	 1.5871232
0.020618547 	 1.4603739
0.19599403 	 1.8317305
0.16582681 	 2.2218075
0.16519727 	 1.5740559
0.188652 	 2.4054022
0.11864748 	 2.8732276
0.09957888 	 2.2174869
0.088812366 	 1.3605555
0.07133372 	 3.1802104
0.09913281 	 2.2701085
0.07998246 	 1.9143574
0.084714256 	 3.0471296
0.11307178 	 1.9848145
0.10054695 	 2.2940598
0.08623222 	 2.2754107
0.05753699 	 2.3946679
0.049255963 	 1.7440073
0.050944272 	 3.229432
0.06695461 	 2.2339106
0.07086073 	 3.4863133
0.06533592 	 2.2939246
0.083760284 	 2.7143269
0.08364492 	 2.5853832
0.29951224 	 2.1599467
0.2812132 	 2.156983
0.22164857 	 2.279967
0.17849728 	 1.5443805
0.16762334 	 2.7238648
0.14252329 	 2.7060997
0.12324016 	 1.4393121
0.098940715 	 1.8836677
0.105482936 	 2.7668898
0.120409474 	 2.75742
0.13498905 	 2.5055025
0.096861705 	 2.950731
0.09752326 	 3.1078763
0.2416326 	 1.9597945
0.27202436 	 2.0634513
0.18966922 	 1.9770931
0.12192239 	 3.8917367
0.136447 	 3.2279785
0.13207123 	 1.5474145
0.12630007 	 1.8425032
0.11415796 	 1.9855014
0.11228256 	 1.7357438
0.0953904 	 2.039735
0.1087305 	 1.4235133
0.07828119 	 2.100961
0.09048129 	 2.1641853
0.08654648 	 1.7504656
0.070505306 	 1.8147464
0.0760257 	 2.9510355
0.06452987 	 3.138015
0.04571603 	 3.2970858
0.03902686 	 2.5188787
0.038093984 	 1.2483034
0.036155757 	 2.5314279
0.041942466 	 1.8549889
0.065766014 	 2.379536
0.07830891 	 1.6645564
0.0716101 	 2.2039394
0.09080634 	 2.8023245
0.20475946 	 2.0200026
0.21604507 	 1.9032525
0.21264473 	 1.7493836
0.22704332 	 1.9022282
0.22655389 	 1.6675744
0.061392408 	 1.5681988
0.040393826 	 2.7736547
0.035056952 	 2.5681853
0.037690107 	 1.5495211
0.035891972 	 2.639735
0.032404426 	 3.0533195
0.04434078 	 2.6039474
0.03492887 	 2.6207533
0.036366574 	 1.8203416
0.054750323 	 2.4900098
0.059335988 	 3.0321293
0.045285672 	 2.5408914
0.10309139 	 2.7888365
0.14887232 	 2.4727228
0.18596235 	 1.6734394
0.18893556 	 1.8754022
0.24858925 	 1.8986895
0.3017644 	 1.6217746
0.2764566 	 1.7769096
0.2336253 	 2.1534579
0.2835747 	 1.6585416
0.27291763 	 1.7672633
0.26780483 	 1.4600091
0.28085575 	 1.7465079
0.23368756 	 1.8359102
0.22616155 	 1.8437471
0.1886291 	 1.8326983
0.1874538 	 1.6782993
0.22724424 	 1.9880588
0.18724124 	 1.5838274
0.1312628 	 1.8072046
0.12733628 	 2.7703655
0.09929677 	 3.079184
0.077957794 	 2.9014816
0.08396349 	 3.3271646
0.07034466 	 1.3044336
0.078231946 	 2.1184072
0.06461399 	 3.0507028
0.06450438 	 2.255476
0.057965513 	 3.1381042
0.06725395 	 3.0267584
0.055066615 	 2.0393806
0.06861711 	 2.974602
0.048384883 	 2.374669
0.07792596 	 1.4764168
0.09187089 	 2.951008
0.14649518 	 2.837092
0.12616299 	 3.0479333
0.106210135 	 1.9223441
0.08239348 	 1.9623239
0.0934834 	 2.6186554
0.058889236 	 1.6591083
Summary
0.001275339  -  0.38303298 ,  0.8604384  -  4.179457
accuracy:  100.0
equal predictions:  0
TensorFlow version: 1.13.1
Found 939 images belonging to 1 classes.
argN = 784
argN = 784
0.17292564 	 3.2290347
0.15845568 	 2.9766676
0.2156961 	 2.9204347
0.3268221 	 2.8860795
0.16706267 	 3.56872
0.06423155 	 3.774033
0.06586794 	 2.0174456
0.043002382 	 2.979148
0.039294016 	 4.037442
0.07394003 	 2.6601744
0.05714538 	 2.5699008
0.070592105 	 2.1535585
0.063907005 	 2.450553
0.09151752 	 1.662274
0.09737614 	 1.9824865
0.13722491 	 1.7705011
0.07790805 	 2.707338
0.10197583 	 2.5464318
0.0805954 	 3.7172534
0.06838974 	 3.2890408
0.07299294 	 3.1908932
0.07741061 	 2.2514021
0.21059778 	 2.636655
0.27379215 	 2.6447837
0.33038086 	 2.8143322
0.16846813 	 2.636666
0.14435056 	 2.6481094
0.035923235 	 4.101759
0.07004465 	 2.4646719
0.046242137 	 3.4913354
0.024531677 	 3.3642254
0.019546887 	 3.3933015
0.01905541 	 3.1109936
0.038730036 	 3.8053632
0.11933341 	 3.510142
0.24423687 	 2.246825
0.3556792 	 2.0798113
0.3693727 	 2.3606489
0.30946663 	 2.083672
0.28922248 	 2.6697822
0.29317257 	 2.800333
0.34201738 	 2.348311
0.1555289 	 2.831178
0.34003964 	 2.4047444
0.46225396 	 2.851132
0.15634166 	 3.1239922
0.20563895 	 2.330367
0.15283988 	 3.2321012
0.11222574 	 3.561121
0.08648351 	 2.9805288
0.07003622 	 2.9215698
0.020618243 	 4.1791415
0.03800235 	 3.451493
0.11716289 	 2.144006
0.07181873 	 2.9298558
0.040367946 	 2.4771545
0.060469028 	 3.3730874
0.061089125 	 2.8783834
0.044574082 	 2.4762833
0.048336774 	 3.3881168
0.03422615 	 3.0457666
0.008931649 	 2.829431
0.006396922 	 3.0460548
0.008967673 	 2.974238
0.022627031 	 3.0312865
0.023163456 	 3.8357882
0.05649215 	 2.5322914
0.25661892 	 1.7963175
0.22451001 	 2.1472335
0.17563716 	 2.724591
0.122545145 	 2.4659765
0.12603927 	 2.5960963
0.103072554 	 2.7928836
0.16161479 	 2.4133475
0.096087396 	 1.748963
0.14464106 	 2.9090412
0.21729165 	 2.8618402
0.24656066 	 2.6411948
0.22981636 	 2.5383914
0.19801004 	 2.537705
0.16035241 	 2.4679408
0.04687552 	 3.4850874
0.02577712 	 3.3909376
0.051591877 	 2.8534548
0.2692275 	 1.4171393
0.010255472 	 2.5562134
0.10024836 	 2.2822568
0.084018335 	 2.9700441
0.12465528 	 2.1425707
0.096239045 	 2.383511
0.11491396 	 2.1441154
0.0837584 	 2.6205738
0.07656666 	 3.1873262
0.06954632 	 3.6038604
0.06053995 	 2.4528522
0.03106604 	 3.4401643
0.02876244 	 3.0038128
0.031284213 	 2.5518577
0.008967673 	 4.17892
0.011486324 	 3.6196685
0.01469914 	 3.40677
0.0070795086 	 2.783884
0.0074721696 	 3.5807033
0.04162377 	 2.9030983
0.045242827 	 1.7969966
0.03176014 	 2.013713
0.034507263 	 2.167843
0.044380154 	 2.1994863
0.04084592 	 1.2449414
0.032711573 	 1.245931
0.033109747 	 1.704534
0.049740337 	 2.0453038
0.036028337 	 2.2117748
0.03320334 	 2.2525208
0.033119913 	 1.9506907
0.012580943 	 2.204813
0.018017769 	 1.150906
0.020271236 	 2.0019016
0.041222505 	 2.0553842
0.039265126 	 1.5846844
0.036349762 	 1.5376258
0.029329356 	 2.058471
0.029254232 	 2.5610101
0.01930908 	 2.553527
0.028938757 	 1.5575669
0.028451536 	 2.0565574
0.019748153 	 1.6248584
0.010255531 	 2.0969079
0.02049668 	 2.136301
0.014126792 	 2.4423099
0.020619642 	 1.9332497
0.010179177 	 2.12622
0.015423434 	 1.9454966
0.010255592 	 2.4752033
0.012820296 	 1.5081283
0.0128405215 	 1.4992064
0.01296786 	 1.7836822
0.014107628 	 1.7645279
0.010296301 	 2.4249277
0.01154499 	 1.8009796
0.020572487 	 1.8517836
0.014126973 	 2.2100134
0.011557834 	 2.9692776
0.01713672 	 1.8216462
0.014507292 	 3.144194
0.017326586 	 1.8852297
0.017967641 	 2.0376186
0.022896001 	 1.6347772
0.020589646 	 2.5697575
0.013987095 	 1.7009193
0.012831465 	 2.698766
0.0063960217 	 1.9549445
0.014134529 	 1.9802563
0.014410233 	 2.1905582
0.0076626716 	 1.9561598
0.0073375427 	 2.903869
0.017975956 	 2.1101286
0.011350854 	 1.7319038
0.0076809307 	 1.2739062
0.0179799 	 2.4695086
0.009739286 	 1.9507746
0.014128968 	 1.9551138
0.01796394 	 1.062919
0.011543242 	 1.4658827
0.008974831 	 2.415751
0.011453465 	 1.7672113
0.011518159 	 2.6325579
0.016465839 	 2.7430537
0.0100313015 	 1.4700593
0.023087207 	 1.6166292
0.016718669 	 1.8130031
0.02714972 	 1.828967
0.023225863 	 2.0402815
0.022700319 	 2.6201544
0.05698471 	 2.033778
0.036138825 	 1.4964902
0.050230023 	 1.8280988
0.057855364 	 1.7240715
0.04888498 	 1.3223171
0.047893535 	 2.0052297
0.043825507 	 1.7250097
0.05636974 	 2.1516702
0.056463517 	 1.7541384
0.038562328 	 1.9485612
0.043388307 	 2.325749
0.055110827 	 1.3031589
0.046781514 	 1.3201679
0.04381392 	 1.4192442
0.048418414 	 2.478148
0.03768466 	 1.8688854
0.049346384 	 1.4842093
0.048950642 	 1.9952172
0.03374985 	 1.4362484
0.036412317 	 1.7064576
0.03372451 	 2.2360609
0.044673678 	 1.1842228
0.035059977 	 1.8129508
0.021364924 	 1.6348854
0.037837673 	 2.191671
0.023467962 	 1.4570875
0.024968898 	 2.3497176
0.30473602 	 2.2221832
0.29963 	 1.9224627
0.27378088 	 2.1032748
0.23397748 	 2.206292
0.12189269 	 3.1057754
0.0991334 	 1.3203634
0.1250044 	 1.3125887
0.13420519 	 2.6876018
0.15364595 	 2.7668424
0.11335233 	 2.67665
0.13171521 	 3.003654
0.13563229 	 2.8937569
0.13306141 	 2.713067
0.13355422 	 1.8053181
0.14242233 	 1.8485647
0.16963091 	 2.7932963
0.16884618 	 2.4864848
0.15722567 	 2.6647377
0.15810445 	 2.6536715
0.13702378 	 2.112228
0.1599126 	 1.3262762
0.14519295 	 2.187809
0.13452159 	 2.712838
0.114619344 	 2.5226426
0.113144726 	 2.755023
0.09592153 	 2.1729684
0.10499318 	 3.0065432
0.10666859 	 1.4315411
0.12697889 	 2.2695208
0.11961047 	 2.892696
0.11051044 	 1.8898121
0.10617454 	 2.6572988
0.26981652 	 1.7231691
0.29597238 	 2.2338893
0.32151017 	 1.9817705
0.35285795 	 2.1686196
0.28464028 	 2.2005482
0.18739443 	 2.3877246
0.1796103 	 2.198615
0.16748647 	 3.0065746
0.16466479 	 2.084003
0.15417278 	 1.9584712
0.37826797 	 0.92998606
0.17823632 	 3.4793847
0.20363396 	 2.5506737
0.19436881 	 3.262213
0.1482064 	 2.6497333
0.13056755 	 2.2823741
0.111895375 	 3.5989976
0.1088672 	 1.2852834
0.064537056 	 3.1676524
0.07945689 	 2.8110712
0.106245205 	 2.687989
0.14669754 	 2.5521889
0.15545022 	 2.2707636
0.16065669 	 1.3651162
0.17252523 	 1.8521122
0.15218896 	 2.429772
0.2505267 	 1.3064789
0.25250578 	 1.9274662
0.25994512 	 1.9988052
0.24263197 	 2.0194945
0.21963036 	 1.7397494
0.17314006 	 1.8121939
0.12695757 	 2.3607066
0.12525433 	 2.8781607
0.08111982 	 2.9053872
0.07416853 	 3.1269455
0.06558563 	 2.6643739
0.057751164 	 2.355357
0.0652602 	 3.2105553
0.05774681 	 3.0267055
0.053706627 	 2.879752
0.0562604 	 2.6961145
0.09212451 	 1.42701
0.07678135 	 2.282272
0.12780303 	 2.702414
0.11963829 	 2.2176385
0.16479607 	 2.597606
0.16895457 	 2.6146147
0.22183146 	 1.4793262
0.30159605 	 2.0059
0.31351966 	 1.6828936
0.3439962 	 1.833077
0.28581056 	 1.3486955
0.25883108 	 1.7647308
0.26570973 	 1.5552448
0.22552086 	 1.8910842
0.21626562 	 1.465971
0.22183488 	 2.1522398
0.17173672 	 2.235248
0.18617865 	 1.7754667
0.14093459 	 2.8144863
0.15261741 	 2.5622513
0.09212829 	 1.7604505
0.09492667 	 1.4918903
0.09389586 	 2.24706
0.09085145 	 2.1323235
0.11158492 	 2.3468359
0.13168447 	 2.3602872
0.09867523 	 2.2893844
0.16043702 	 2.3365285
0.18027319 	 2.2048979
0.18980469 	 2.3468976
0.15638 	 1.3320744
0.1393895 	 2.7314582
0.13360694 	 2.4223197
0.12915368 	 2.4015617
0.10168328 	 2.6479359
0.123675264 	 2.1759784
0.101079576 	 2.6333358
0.10133099 	 1.8086537
Summary
0.0063960217  -  0.46225396 ,  0.92998606  -  4.1791415
accuracy:  100.0
equal predictions:  0
