TensorFlow version: 1.13.1
Found 939 images belonging to 1 classes.
argN = 49
argN = 49
1.2526162 	 1.334119
0.5301028 	 1.8252923
0.47291744 	 2.091135
0.5481827 	 2.130795
0.40166572 	 1.4488652
0.40743667 	 1.1452734
0.6827299 	 1.4039987
0.7671936 	 1.3614494
0.33840153 	 0.36281893
0.19938564 	 1.5823066
0.09361456 	 1.1915541
0.18187529 	 2.3716207
0.024441704 	 1.6472654
0.05191979 	 1.7100593
0.11190598 	 2.6497452
0.25177073 	 1.1780308
0.52078617 	 1.7840136
0.49723992 	 1.6637965
0.33735138 	 1.0118415
0.23830123 	 1.6408544
0.44156688 	 1.8323028
0.41261795 	 2.0428848
0.5107269 	 3.1437542
0.32295024 	 1.7536108
0.68728226 	 2.152721
0.60636747 	 1.244871
0.5724697 	 1.1606182
0.52988756 	 0.86575395
0.17153059 	 2.0142088
0.0023125904 	 1.9778247
0.036638524 	 1.7464861
0.070727974 	 1.9748333
0.18726741 	 1.4192985
0.33765745 	 1.2165174
0.47874525 	 2.5556014
0.44200376 	 2.6749282
0.50457484 	 0.9962896
0.8450373 	 2.0872228
0.6561018 	 1.4028612
0.19463177 	 1.7776058
0.4209059 	 4.144966
0.6750061 	 0.9013607
0.6909241 	 1.805746
0.6807683 	 1.7715818
0.6213976 	 3.1798763
0.31959033 	 0.5016085
0.39592046 	 1.3544363
0.4861965 	 0.9230434
0.27313402 	 0.82564956
0.27577016 	 0.4157094
0.10626263 	 2.5414135
0.06867067 	 2.5497506
0.0004780839 	 2.7447653
0.015191929 	 1.1105299
0.0051585343 	 2.429094
0.003312764 	 2.004264
0.4023219 	 2.1031928
0.45951566 	 0.9740578
0.33371735 	 0.94760734
0.38225505 	 0.7344933
0.44082284 	 1.1696045
0.37617075 	 2.5352755
0.15448256 	 2.6650176
0.2759821 	 1.1421053
0.23496471 	 1.5944971
0.3168245 	 2.3191133
0.28291672 	 1.733743
0.37810013 	 0.8663722
0.47191834 	 0.48414987
0.08830134 	 2.3553178
0.08718667 	 1.0976561
0.0006770995 	 1.6300331
0.00043294264 	 2.9849334
0.0005043825 	 3.32562
0.17323674 	 1.4910221
0.1480976 	 1.6170958
0.30987445 	 0.87325484
0.35241568 	 1.9180042
0.1484873 	 1.5460013
0.20379093 	 2.284984
0.17795505 	 4.8373694
0.2413799 	 2.3126822
0.3280604 	 5.259208
0.18172388 	 1.7756197
0.24822217 	 1.5493892
0.36389637 	 1.3828976
0.5935438 	 1.270597
0.41898263 	 0.66702276
0.29105765 	 1.6019648
0.06609371 	 2.1939526
0.003499724 	 2.639994
0.11486041 	 1.9683367
0.20542642 	 2.520648
0.021140562 	 3.6081924
0.023660375 	 2.960042
0.019657273 	 1.9268675
0.0008599282 	 4.2137485
0.00019385309 	 3.7024672
0.032892283 	 2.0433197
0.017338412 	 2.7799842
0.0009831849 	 2.5502117
0.015982836 	 4.4628468
0.0033830942 	 2.756925
0.0009066399 	 0.82825816
0.066237696 	 3.0652912
0.101688035 	 1.7073351
0.111068785 	 2.0060327
0.0021565547 	 1.8637823
0.0034729876 	 3.0496655
0.018569335 	 2.5353935
0.0042688637 	 1.75593
0.0021661122 	 2.7823622
0.0005621702 	 1.4917635
0.0016816085 	 1.465677
0.0002799426 	 2.549039
0.0013899922 	 2.2375884
0.0013603279 	 2.224787
0.00031768362 	 2.1223445
0.0062590805 	 1.3898599
0.00014878427 	 2.4312332
0.0028727748 	 1.1160332
2.8551032e-05 	 1.9701052
0.016695395 	 1.4615338
0.0031528652 	 1.6309171
0.022693308 	 2.0417705
0.01639125 	 0.6562454
0.019996405 	 1.9499305
0.006632159 	 1.8134927
0.025280615 	 1.625221
0.00990873 	 1.428355
0.021308478 	 0.51794374
0.0014069437 	 1.8891125
0.027312461 	 1.6238416
0.031542357 	 1.2607634
0.009296581 	 3.7205331
0.047092173 	 3.5238907
0.020458655 	 3.3992784
0.027409066 	 1.7957058
0.033429623 	 3.3861315
0.008157895 	 0.62373877
0.002144668 	 1.7227014
0.009003638 	 0.5013611
0.008362772 	 2.5004416
0.00040354524 	 2.0733244
0.002050653 	 2.149709
0.00028733566 	 1.1163641
0.00029091298 	 4.4157257
0.00087215775 	 0.87599885
0.0021471768 	 1.3115358
0.014045365 	 1.8928885
0.01651674 	 1.774894
0.029651646 	 2.5182195
0.000158859 	 2.1345048
0.00046430874 	 1.5552762
0.00011069195 	 2.6465528
0.000666781 	 3.0551257
0.0015024499 	 1.6926968
0.00032072442 	 2.6306462
0.009503739 	 2.6440396
4.8817397e-05 	 1.1756752
0.01866941 	 0.45671004
0.012602975 	 3.8382351
0.0022604961 	 3.0506222
0.019567067 	 2.9237938
0.00024572053 	 1.7377633
0.020059403 	 3.8434086
0.03726907 	 2.0973694
0.024740428 	 2.947719
0.042443894 	 2.3802295
0.05159238 	 0.90897125
0.054519664 	 2.057223
0.044314485 	 2.436602
0.032349017 	 1.2785416
0.020815222 	 1.6037599
0.037887197 	 1.7644197
0.021998398 	 2.0455654
0.029481096 	 1.7857351
0.034089845 	 2.0889
0.027977914 	 1.9631444
0.0029752962 	 2.2714705
0.0020861914 	 1.1471064
0.027772838 	 1.9154305
0.01889911 	 1.5821214
0.0015383865 	 2.831163
0.0012187036 	 1.0239688
0.0032912951 	 1.7148482
0.011330357 	 1.6854024
0.022620691 	 1.9185472
0.013975732 	 1.9136251
0.033753544 	 1.9288291
0.0024388346 	 1.4316285
0.038898822 	 1.1938666
0.002444212 	 2.6468194
0.0032476413 	 2.578861
0.003625819 	 2.7097828
0.016507225 	 0.8107802
0.002269457 	 1.9678887
0.012578589 	 1.0229068
0.0035692896 	 1.8443292
0.008058987 	 2.1916494
0.002081413 	 1.5312177
0.018268686 	 1.6444013
0.00081995956 	 1.0924842
0.0015897268 	 1.2821544
0.014537833 	 2.763962
0.025923856 	 2.38903
0.17020617 	 1.4420773
0.16795522 	 1.616102
0.21765392 	 2.9349246
0.23635982 	 1.0675787
0.12509538 	 1.6906447
0.07358775 	 1.6363802
0.07170621 	 2.1800299
0.013262994 	 2.2068026
0.037681814 	 1.5209407
0.022388369 	 0.8977112
0.02226976 	 1.1701517
0.0014102862 	 3.3544202
0.015767673 	 1.8639525
0.008984152 	 1.9276072
0.022962112 	 2.0691016
0.022267869 	 2.1463675
0.037778743 	 2.0352678
0.028066918 	 2.177736
0.090627976 	 1.4582894
0.0004888179 	 2.9530861
0.004786125 	 0.95942956
0.0012859623 	 3.2471166
0.007935335 	 2.973031
3.7074777e-05 	 1.4330558
0.0029179666 	 3.435914
0.0036882742 	 5.170624
0.00013555014 	 3.2376034
0.0015580865 	 2.5618403
0.00051356625 	 2.9023097
0.06322389 	 1.5955243
0.21404137 	 1.4835792
0.01995767 	 4.1351953
0.02455159 	 2.9637482
0.0020594331 	 1.7387744
-7.152555e-07 	 1.3745744
5.7816674e-06 	 1.5555556
0.014188213 	 3.1906815
7.611803e-05 	 2.1737888
0.072769195 	 1.0317178
0.019474499 	 2.211352
0.01891314 	 2.5285995
0.037731268 	 1.5286584
0.042334944 	 1.9082558
0.032328825 	 5.521954
0.10708321 	 3.3074324
0.0063842647 	 1.2083789
0.017570172 	 1.2979572
0.030522717 	 1.5066894
0.017058201 	 2.1431866
0.023439953 	 1.5773271
0.025032578 	 1.6748941
0.004211161 	 2.7879624
0.0010927328 	 4.029105
-5.960463e-07 	 0.79415363
0.00044713478 	 4.472436
0.0012040231 	 1.7784636
0.00017084151 	 1.2582889
0.00022616559 	 1.4591734
0.020578936 	 1.3489835
0.021514973 	 1.5961746
0.0548952 	 1.5713189
0.16026641 	 2.1375701
0.122017466 	 1.8245001
0.17542915 	 0.8643729
0.18163031 	 1.1179227
0.16582653 	 1.4080548
0.043535784 	 2.8679106
0.043721884 	 2.6848419
0.018634006 	 1.8408822
0.025727948 	 1.6254914
0.014596921 	 2.341675
0.014755031 	 2.2081916
0.020186022 	 1.3520002
0.016683273 	 2.683112
0.016839592 	 2.7142253
0.014934644 	 2.1514127
0.041151885 	 3.001882
0.02617762 	 2.9002218
0.042502105 	 1.9401039
0.18213677 	 1.1417912
0.15078808 	 1.4519123
0.45753428 	 0.77984786
0.31803623 	 0.55525726
0.3865601 	 0.74548954
0.32716572 	 0.68398243
0.28832012 	 0.69267654
0.26597276 	 0.68463546
0.30637568 	 0.67371714
0.22597519 	 0.62750214
0.23524053 	 0.5755601
0.26128933 	 0.7679603
0.23065144 	 1.5143964
0.09224875 	 2.182461
0.02404727 	 2.4704318
0.0050291307 	 1.9226224
0.0031117883 	 1.8381056
0.05648736 	 1.7699267
0.08686929 	 1.0413139
0.045247693 	 1.7464617
0.15454559 	 1.2078145
0.049794465 	 2.2828581
0.11485941 	 1.5950371
0.11125536 	 2.434015
0.12025667 	 1.3258775
0.08165332 	 2.9713743
0.07234895 	 1.5253094
0.07079963 	 2.6386259
Summary
-7.152555e-07  -  1.2526162 ,  0.36281893  -  5.521954
accuracy:  100.0
equal predictions:  0
TensorFlow version: 1.13.1
Found 939 images belonging to 1 classes.
argN = 49
argN = 49
0.20572665 	 0.34518203
0.17550878 	 0.464239
0.28043994 	 0.40156543
0.044531953 	 0.50001305
0.19074506 	 0.6949263
0.035031952 	 0.4350337
0.19168903 	 0.8368863
0.01811184 	 0.58750415
0.031822227 	 0.98393875
0.09798379 	 0.49183297
0.14013232 	 0.44206506
0.26244003 	 0.25881657
0.17198622 	 0.41342854
0.13992986 	 0.6729843
0.14839071 	 0.33464658
0.07957654 	 0.5117094
0.15444125 	 0.4009992
0.17421918 	 0.62497187
0.28643417 	 0.3102439
0.039278705 	 0.94619936
0.044522606 	 0.2090061
0.004431336 	 0.449943
0.0018736977 	 0.5082582
0.0017056101 	 0.881224
0.014441013 	 0.90062517
0.025713148 	 0.75280416
0.20232671 	 0.40151948
0.15884888 	 0.7414118
0.11032174 	 0.4434147
0.19270864 	 0.94364345
0.081682615 	 0.8980335
0.08749479 	 0.28030038
0.20182467 	 0.2280857
0.1338771 	 0.51582587
0.1659897 	 0.62504214
0.23886077 	 0.534072
0.27324423 	 0.4376357
0.27638334 	 0.44468626
0.23009235 	 0.30494744
0.22759517 	 0.7473969
0.17167239 	 0.6006241
0.21310401 	 0.9491742
0.39427304 	 0.6203878
0.16385269 	 0.36937976
0.041083317 	 0.99319977
0.06042021 	 0.97937995
0.06814858 	 0.8612085
0.12627883 	 0.9490344
0.18103838 	 0.9103846
0.11622514 	 0.9279073
0.2208154 	 0.41494092
0.17208491 	 0.5483204
0.099819645 	 0.4194605
0.23854052 	 0.48890492
0.26551265 	 0.53955644
0.21218042 	 0.49881425
0.15567918 	 0.5264209
0.12777276 	 0.49031755
0.025039239 	 1.0547112
0.0020510713 	 0.33252972
0.0024635715 	 0.8943209
0.075042784 	 1.1367382
0.2250657 	 0.8371802
0.09160342 	 0.74293226
0.14152713 	 0.76583666
0.116671935 	 0.5943658
0.21347834 	 1.2430663
0.18406181 	 0.54041857
0.3555102 	 0.6059592
0.30236733 	 0.38772595
0.21498019 	 0.4585543
0.51942456 	 0.6973602
0.3523877 	 0.7692623
0.3641862 	 0.56787
0.1649242 	 0.55319
0.061334547 	 0.915641
0.06776504 	 0.24853736
0.113295786 	 0.66065186
0.15059286 	 0.87115645
0.07926543 	 1.0113243
0.001596234 	 0.54831433
0.1857094 	 0.7289619
0.105020255 	 0.66602314
0.07250788 	 0.570771
0.0680264 	 0.27414507
0.14833388 	 1.0511643
0.11044254 	 0.67277884
0.19651741 	 0.64035475
0.12833303 	 0.6176905
0.12860332 	 0.58263385
0.24883583 	 0.978662
0.20934738 	 0.48455825
0.1318576 	 0.5711775
0.1494972 	 0.75674224
0.10064872 	 0.75255185
0.025020905 	 1.1430426
0.025046268 	 0.9421406
0.1259319 	 0.76509607
0.13131757 	 0.32096744
0.17499267 	 0.836856
0.15160434 	 0.606039
0.11647852 	 0.8153547
0.09802968 	 0.85555583
0.17460962 	 0.9738346
0.15652406 	 0.80453026
0.123936735 	 0.7302639
0.102598175 	 0.41159865
0.15613547 	 0.7717758
0.08903517 	 0.61982805
0.13581471 	 0.48757356
0.086335406 	 0.78123546
0.14140183 	 0.7151336
0.10881868 	 0.69721186
0.16091023 	 0.37002623
0.14794333 	 0.89615333
0.14396384 	 0.6092244
0.104784064 	 0.3571182
0.19480993 	 0.7306358
0.1877072 	 0.5787291
0.22098653 	 0.45957682
0.19217433 	 0.5009856
0.26409817 	 0.33701134
0.2635318 	 0.46077207
0.24253161 	 0.5829727
0.14189532 	 0.26105282
0.15794536 	 0.26502663
0.22632231 	 0.4113657
0.19419219 	 0.3951904
0.15849458 	 0.24838391
0.18402377 	 0.44428837
0.116588145 	 0.30288926
0.19903736 	 0.80089635
0.1321213 	 0.32388443
0.06534286 	 0.59565437
0.18950704 	 0.8653633
0.15165165 	 0.3216765
0.1393068 	 0.68932325
0.11249264 	 0.58845794
0.17637968 	 0.45964977
0.23344716 	 0.54047453
0.1788251 	 0.6142136
0.23403594 	 0.22256479
0.15012553 	 0.81346965
0.22597003 	 0.40010396
0.15850367 	 0.6957585
0.13628504 	 0.6691552
0.10313619 	 0.54822636
0.18064399 	 0.5062144
0.17630069 	 0.672953
0.22147198 	 0.6201303
0.23132405 	 0.61613023
0.1595712 	 0.62516636
0.30015853 	 0.5115342
0.18482108 	 0.51184595
0.23248303 	 0.6304308
0.28990573 	 0.5452676
0.20719212 	 0.39315835
0.16965076 	 0.7716828
0.2762211 	 1.1193624
0.23908165 	 0.8608443
0.29775664 	 0.9428731
0.25485876 	 0.5271286
0.16506262 	 0.61755925
0.14671886 	 0.7532927
0.16221131 	 0.7712196
0.19472156 	 0.79532474
0.10462721 	 0.41035452
0.1678647 	 0.88065284
0.14333256 	 0.76070154
0.11026736 	 1.2165245
0.066042006 	 0.65762043
0.10712799 	 0.663408
0.1041097 	 0.75237006
0.060571168 	 0.6489095
0.12913992 	 0.58913153
0.074215524 	 0.6982908
0.08086323 	 0.678117
0.066379346 	 0.32877818
0.09932265 	 0.65229774
0.0987372 	 0.8548349
0.11757913 	 0.83594024
0.10347557 	 0.95968926
0.045013547 	 0.8625956
0.092414334 	 1.1665871
0.095909595 	 0.8569247
0.048581023 	 0.6843657
0.03699262 	 1.0547116
0.06454386 	 0.7969294
0.12101508 	 0.818416
0.040163167 	 0.39656767
0.08199739 	 1.2265291
0.07384999 	 1.5218376
0.037516076 	 0.56814355
0.026411623 	 0.958679
0.017959388 	 1.0764176
0.009130791 	 1.3799787
0.02327168 	 1.3512223
0.003554455 	 1.445516
0.17104043 	 0.9465045
0.12868561 	 2.1561234
0.04533357 	 0.85929453
0.04901737 	 1.0823896
0.1030008 	 0.8088427
0.01189978 	 2.2556279
0.039766267 	 0.838948
2.5809144e-05 	 1.800863
0.0014736777 	 2.5315664
0.067579515 	 1.0357745
0.019185305 	 2.691335
0.025719263 	 2.1525059
0.091093384 	 1.1361808
0.07573711 	 1.8735287
0.083931275 	 0.80409247
0.08390275 	 1.0363002
0.068330646 	 1.1319722
0.06921219 	 0.90452105
0.041527215 	 0.82458216
0.019990688 	 1.9011704
0.032809686 	 1.2096071
0.06852129 	 1.0922734
0.06401433 	 1.1820674
0.012486727 	 1.4735264
0.08782382 	 0.61631656
0.09836713 	 0.4581335
0.07840741 	 0.74210715
0.07658487 	 1.2202575
0.06149312 	 1.0426422
0.09349872 	 1.7659632
0.067392044 	 0.6585804
0.111958176 	 0.9345306
0.08541072 	 1.2427675
0.03489381 	 1.0799747
0.04462232 	 2.8704684
0.037374437 	 1.5122459
0.03568848 	 1.6964952
0.033136733 	 1.762218
0.061015822 	 1.4870112
0.06708821 	 1.7871054
0.22201169 	 1.1226366
0.037587862 	 1.0011784
0.06828316 	 1.7816169
0.16322115 	 2.2611065
0.16672748 	 0.8516129
0.13738504 	 0.8365164
0.059562065 	 0.74350613
0.07367661 	 1.3358082
0.028594187 	 1.8239205
0.0075435736 	 0.744518
0.045914456 	 1.0443481
0.08607961 	 1.907701
0.08191439 	 1.0942448
0.088238575 	 0.58926827
0.09748081 	 0.57452196
0.13544077 	 0.9493507
0.1616555 	 1.1031728
0.21812811 	 1.3085762
0.1437127 	 0.9955436
0.10543432 	 0.8761311
0.082105376 	 1.0744262
0.14177527 	 1.1225739
0.21663316 	 0.76160944
0.07143154 	 1.218569
0.05884233 	 2.2783287
0.063169666 	 2.2651498
0.069307886 	 1.6148828
0.044355854 	 2.191223
0.09404869 	 0.8523789
0.10199854 	 2.6201708
0.03161636 	 2.2724204
0.09702411 	 0.83226526
0.12124813 	 0.9903113
0.09732634 	 1.0465181
0.10917988 	 0.60267425
0.109499834 	 1.0751164
0.110091805 	 1.6006668
0.06173934 	 0.9333058
0.19167547 	 0.7400594
0.15586111 	 0.77915734
0.10983925 	 0.8489755
0.09551329 	 1.4194827
0.13122134 	 0.81711996
0.17809536 	 1.0331235
0.08129786 	 1.0491239
0.18849882 	 0.5111347
0.1883277 	 1.0887913
0.33045742 	 1.3678058
0.13797098 	 1.2481322
0.11106659 	 1.5370468
0.07613137 	 0.72530067
0.25208497 	 0.7769901
0.1333293 	 1.1083217
0.07917846 	 0.70418006
0.10536286 	 0.43105543
0.15301436 	 0.9466124
0.13460465 	 1.9360981
0.1571555 	 1.9721133
0.12608835 	 1.7941628
0.08136995 	 0.8947777
0.048268717 	 0.28838295
0.23523307 	 0.84936774
0.19028157 	 0.9390158
0.20288678 	 1.2763611
0.10251232 	 1.2313524
0.2379723 	 0.9671368
0.19797641 	 0.5656695
0.10238811 	 1.4026186
0.119534634 	 1.3535733
0.112852894 	 1.2923036
0.12482043 	 0.92590266
0.049063757 	 1.5574701
0.09940019 	 0.65613556
0.13298318 	 1.3611901
0.16394532 	 0.5068121
Summary
2.5809144e-05  -  0.51942456 ,  0.2090061  -  2.8704684
accuracy:  99.4
equal predictions:  0
TensorFlow version: 1.13.1
Found 939 images belonging to 1 classes.
argN = 49
argN = 49
0.99994457 	 1.6323485
0.7567322 	 1.422523
0.5595886 	 0.9692561
0.3404076 	 2.9694402
0.16170405 	 2.1330416
0.09875306 	 2.1722603
0.19053632 	 2.3576152
0.19670257 	 2.3739345
0.20115308 	 2.4528751
0.011556206 	 2.5283506
0.12837261 	 2.6219404
0.34111148 	 1.5394177
0.4618216 	 0.8193302
0.6294219 	 2.2341433
0.5698545 	 3.1232998
0.48315766 	 0.94062406
0.32272413 	 0.64209735
0.472579 	 1.3398566
0.46410322 	 2.885377
0.39381915 	 2.2303448
0.17525072 	 1.9384315
0.12488459 	 3.2842298
0.06496217 	 1.8829737
0.46443683 	 0.43880805
0.31886202 	 0.9669394
0.5009243 	 1.2694294
0.23820138 	 3.500883
0.6267074 	 0.50233066
0.45301887 	 3.8088086
0.44849688 	 2.586913
0.31821924 	 1.156446
0.47050482 	 2.5674384
0.2678659 	 1.8699607
0.72348076 	 1.6702749
0.50077397 	 0.64347315
0.71760213 	 1.923698
0.48172027 	 2.3527257
0.62842846 	 2.2310882
0.3488944 	 1.7415409
0.27616146 	 0.71028143
0.24959758 	 1.6623706
0.06180731 	 3.088397
0.1059944 	 2.5171545
0.23431686 	 2.0286715
0.43453535 	 2.597674
0.2289529 	 3.1961813
0.25567305 	 1.7308745
0.21093489 	 1.5226259
0.37113902 	 2.2453194
0.37750277 	 1.7786531
0.18184677 	 1.2272488
0.18772417 	 1.5188478
0.4516421 	 0.6326306
0.13937128 	 2.2219236
0.13944528 	 1.320034
0.04292218 	 1.2556281
0.0029959213 	 1.8216182
0.001680474 	 2.9188783
0.0018680247 	 1.5472515
0.0010881382 	 2.4767487
0.013138335 	 1.6788684
0.05785511 	 1.6448678
0.12717618 	 1.2939731
0.1410503 	 2.4026196
0.12395644 	 2.8855968
0.32908866 	 1.0171933
0.43377528 	 1.6015155
0.21522956 	 1.4582015
0.1986204 	 3.2293627
0.17205179 	 4.131718
0.19609672 	 1.7035143
0.20035094 	 1.768423
0.29869103 	 2.8446221
0.20816652 	 1.065229
0.36643818 	 1.5320978
0.0947724 	 2.3293276
0.056553643 	 2.6558075
0.06459689 	 2.8133373
0.00023051773 	 1.2263215
0.18513542 	 2.0208664
0.22804138 	 2.0919788
0.08448852 	 2.3008752
0.13727714 	 1.9206418
0.23310848 	 2.2316139
0.11780382 	 1.9248563
0.15680654 	 2.0864403
0.16841255 	 1.3437788
0.08452484 	 3.013369
0.051114447 	 6.502133
0.023998365 	 2.3341346
0.025133118 	 1.5988522
0.00046418948 	 1.981094
0.07966813 	 2.114788
0.025696574 	 1.5324255
0.02421885 	 1.3438663
0.0008635672 	 1.4272798
0.00053366355 	 2.0512953
0.09700356 	 2.1079996
0.0063095842 	 2.5893285
0.058733094 	 1.6620394
0.08401205 	 4.550403
0.06687572 	 2.0474043
0.046138577 	 2.9163413
0.02417983 	 1.483755
0.06071892 	 1.8764697
0.02491897 	 2.254931
0.04849493 	 0.9547298
0.0039901366 	 3.8827677
0.0005768413 	 3.5089145
0.00076991145 	 2.3703403
0.000417737 	 2.3670208
0.0017949946 	 1.6258733
0.0027532298 	 1.9596858
1.0132795e-06 	 3.7269816
4.3154694e-05 	 1.6009259
8.142326e-05 	 2.4813194
0.00019546274 	 2.5758367
0.0014351767 	 0.53512615
0.035545923 	 2.007537
0.02077031 	 2.9979067
0.041830838 	 2.3341973
0.036230847 	 0.3360086
0.04079408 	 2.6847126
0.060251106 	 1.5810753
0.044307567 	 1.3451885
0.063972645 	 1.4818395
0.043858014 	 0.42051208
0.0436481 	 1.1824465
0.033828948 	 2.166604
0.018685138 	 1.9619732
0.028072251 	 2.1076727
0.051517572 	 1.7835038
0.015237137 	 3.0580382
0.06050164 	 2.9636776
0.050400265 	 1.6700101
0.032283206 	 1.4993477
0.008605988 	 2.6394844
0.023218298 	 3.8143206
0.009826744 	 1.9571016
0.0016626224 	 2.4448998
0.058160763 	 1.2520771
0.026863746 	 1.3976094
0.03677672 	 1.9421797
0.012172214 	 1.3941123
0.016041586 	 0.8188624
0.00036603952 	 1.7797625
0.016048856 	 1.7285228
0.007008918 	 2.7346942
0.00047462518 	 2.4497316
0.0003128541 	 1.236013
0.00056073884 	 2.787793
0.00031237712 	 1.276466
0.0005590094 	 1.7446772
0.0001376366 	 1.6001225
0.0009620047 	 2.9025986
0.0005047403 	 3.134218
0.0038145725 	 2.069524
0.00060892757 	 3.5229268
0.036997322 	 2.3908045
0.04384531 	 1.0420954
0.01866686 	 2.069915
0.09041937 	 2.472725
0.08437223 	 2.203109
0.07137706 	 2.697455
0.07776379 	 1.9551786
0.04941558 	 1.593165
0.071864136 	 0.75015086
0.07008793 	 0.6786568
0.08858954 	 1.337418
0.044460475 	 0.6868638
0.054484922 	 1.725333
0.053254526 	 1.3033022
0.059260726 	 1.7570053
0.043185897 	 2.5669615
0.03557983 	 3.2320437
0.0026858724 	 1.8808821
0.0012564801 	 1.5569049
0.020465408 	 1.3090689
0.013456899 	 0.92715806
0.0041078543 	 1.5069314
0.0027856848 	 0.64606005
0.04479485 	 2.7194493
0.02187289 	 1.4110159
0.0016642942 	 1.8485421
0.009954241 	 0.4534123
0.015817933 	 0.90604705
0.0008282514 	 1.0237145
0.009266983 	 1.4738243
0.008549716 	 1.7704209
0.0077658053 	 2.705133
0.012468862 	 2.026107
0.0038791937 	 2.2792373
0.0074919267 	 2.8624442
0.0053545884 	 1.2287631
0.018073725 	 2.06032
0.013426512 	 1.5994238
0.0052167713 	 2.0780935
0.0043695527 	 1.1926614
0.09087469 	 1.0939921
0.05801933 	 3.7279978
0.016311154 	 1.4291255
0.0007790977 	 2.9421694
0.021312801 	 3.2522693
0.02790822 	 0.86412776
0.039279137 	 1.8325121
0.0044416934 	 5.4278994
0.035027385 	 1.2080525
0.033951096 	 1.8053721
0.05632333 	 2.270677
0.007616244 	 2.7493017
0.005428538 	 2.6325204
0.020240702 	 2.702375
0.06524099 	 2.5407627
0.021968605 	 2.4647596
0.0016878177 	 4.3078275
0.00013012541 	 2.3469718
9.9663936e-05 	 0.7797628
0.017993858 	 2.1866682
4.231939e-06 	 2.5197988
0.025508782 	 1.4546914
0.00046007487 	 1.1522429
0.017265273 	 2.1540482
0.6715374 	 2.0524478
0.42042258 	 2.1036959
0.1746309 	 2.206749
0.10350518 	 1.8314774
0.07509013 	 1.1435295
0.046861216 	 1.9065884
0.07577897 	 2.6984975
0.016773887 	 1.3717033
0.015808607 	 2.057811
0.011941219 	 2.6587641
0.03669405 	 2.166302
0.37234902 	 2.1836605
0.051607314 	 2.4800088
0.037953936 	 3.3170502
0.09390503 	 3.5829034
0.06759023 	 3.5014603
0.054330535 	 1.6526357
0.014466714 	 1.6163195
0.005292868 	 1.3478425
0.031650566 	 1.5371746
0.015005857 	 6.02335
0.016165396 	 1.0048103
0.02816427 	 1.424853
0.024977025 	 0.8966522
0.0024011927 	 2.1773021
0.02335032 	 1.7545542
0.01618878 	 1.56929
0.03874633 	 2.3423727
0.008874338 	 2.3538978
0.003431778 	 3.6958096
0.008805545 	 1.8554817
0.0004917996 	 2.8304946
0.0013106706 	 2.8539925
4.8578964e-05 	 3.7010376
0.01647729 	 3.5597076
0.012089136 	 1.96091
0.036715444 	 2.5609338
0.04741824 	 1.9602511
0.15274322 	 1.8660643
0.21592079 	 1.7676804
0.16153927 	 1.1536468
0.2494628 	 1.44055
0.165258 	 1.79831
0.23227842 	 5.4543138
0.14377664 	 1.0517406
0.20175427 	 3.0129747
0.07802513 	 1.9908248
0.1273773 	 2.0732765
0.19794597 	 1.4190652
0.10306529 	 1.6698648
0.09862859 	 2.0622249
0.11464134 	 1.5928255
0.020301405 	 2.231752
0.054669864 	 0.9334827
0.09328781 	 1.9359297
0.03583532 	 2.253896
0.060348663 	 1.8597139
0.14714463 	 0.90774643
0.28778467 	 1.5784245
0.4289178 	 1.106571
0.42067564 	 0.39003947
0.3675518 	 0.7200253
0.24952056 	 0.5455
0.30926555 	 0.58515435
0.34818915 	 0.72142184
0.2058231 	 0.5502739
0.3088838 	 0.5428777
0.25233072 	 0.5732648
0.24003619 	 0.63632214
0.17493871 	 0.50839055
0.33940405 	 0.7258739
0.20066531 	 0.8778932
0.20367825 	 1.7931247
0.062665604 	 2.5077326
0.040166084 	 1.4503587
0.05802021 	 1.6129411
0.08478153 	 2.3563025
0.1405437 	 2.3816226
0.063565865 	 1.6977084
0.018547172 	 1.6015764
0.04846446 	 1.6997081
0.08460955 	 1.443176
0.12877992 	 3.487412
0.07847987 	 1.7958357
0.10183473 	 1.7758756
0.047416553 	 3.3790827
0.05113891 	 1.1971675
0.02553862 	 1.1768047
0.034367837 	 3.820932
0.009056507 	 1.7620528
0.032893393 	 3.1258762
Summary
1.0132795e-06  -  0.99994457 ,  0.3360086  -  6.502133
accuracy:  99.0
equal predictions:  0
TensorFlow version: 1.13.1
Found 939 images belonging to 1 classes.
argN = 49
argN = 49
0.87403107 	 3.5131893
0.8638158 	 1.0122852
0.8442203 	 0.9328105
0.43063313 	 1.2311487
0.36304283 	 3.5972795
0.3153057 	 2.3490856
0.199256 	 3.441353
0.22640781 	 2.184684
0.26145375 	 1.9000587
0.18124941 	 2.366872
0.20806788 	 2.316421
0.06431844 	 1.5474081
0.14402112 	 1.7261069
0.061535526 	 1.8730767
0.26458582 	 1.5646782
0.194543 	 1.4511085
0.71283835 	 2.0993607
0.66128767 	 2.1308763
0.81459755 	 2.887632
0.6618956 	 2.1150327
0.5824355 	 1.5916145
0.5882516 	 0.90845585
0.5342219 	 0.52527744
0.5299775 	 1.2960043
0.15487316 	 1.2208152
0.42572168 	 1.873484
0.09954938 	 1.6044225
0.13068043 	 2.2808788
0.070405476 	 3.8519428
0.0015671606 	 2.9347687
0.005082268 	 1.7685301
0.11820879 	 2.1622787
0.1661201 	 0.9517174
0.40230364 	 5.1526456
0.894701 	 1.7198381
0.16962597 	 3.9907668
0.4157582 	 1.7552149
0.47913802 	 1.148791
0.00054052175 	 5.0466022
0.3455641 	 1.1085908
0.37926757 	 0.70329803
0.34406835 	 1.4987637
0.40865394 	 1.9426479
0.12600167 	 1.9179274
0.11941266 	 2.5027566
0.041338973 	 2.1108522
0.007621409 	 2.5002744
0.008886245 	 1.571353
0.13825867 	 1.9488683
0.275064 	 1.0038086
0.3969518 	 1.210915
0.24919258 	 1.0385556
0.17137896 	 2.0909107
0.046591345 	 2.190456
0.05294245 	 0.955505
0.0025383236 	 3.3750854
0.06537881 	 1.5114628
0.074312784 	 1.8708749
0.08834451 	 1.888779
0.11963654 	 1.4399073
0.22428063 	 2.0162108
0.31887898 	 0.8145273
0.2940262 	 1.2472999
0.44634348 	 2.5023904
0.4323492 	 1.7096233
0.22753821 	 0.91520715
0.13111131 	 2.040454
0.42555574 	 0.90212184
0.41864076 	 0.9725632
0.16758718 	 1.5433772
0.303743 	 0.8880916
0.24238487 	 2.2051935
0.04710342 	 2.6435266
0.2765796 	 1.7292496
0.18516949 	 0.65881914
0.042491034 	 1.2406077
0.17832786 	 1.2720232
0.20129508 	 2.0700161
0.07010289 	 6.46796
0.014042101 	 1.5944088
0.006238448 	 1.577291
0.0018629489 	 1.1359899
0.0009942227 	 3.0061817
0.001483348 	 3.2943246
0.019972384 	 3.1527712
0.03324598 	 3.7071645
0.003936459 	 2.2724748
0.0612315 	 2.0144124
0.0035111485 	 2.3365617
0.03406777 	 1.6788361
0.03850236 	 3.7346845
0.028049631 	 1.969254
0.08222671 	 5.545028
0.01731288 	 1.172565
0.00036413147 	 1.2456968
0.0012194198 	 2.4858072
0.00052680535 	 1.9395229
0.0007981862 	 2.599899
0.00017459724 	 1.4530568
0.0005975959 	 1.8866495
0.00016428389 	 0.52218294
0.001015165 	 1.9832017
0.0004857766 	 0.89019555
0.00010091576 	 2.2855792
0.0056304596 	 2.2185383
0.022174137 	 2.6212318
0.0075447746 	 0.7703495
0.0065489407 	 2.2510054
0.0051210294 	 2.193425
0.021018691 	 2.4225936
0.020795077 	 2.4574087
0.012892144 	 1.4945989
0.008143112 	 2.1271877
0.020826116 	 1.5656062
0.004510127 	 2.630714
0.0895173 	 1.591378
0.024964008 	 1.3258249
0.040583007 	 1.6662763
0.045650393 	 2.3204286
0.028800473 	 2.504316
0.03524507 	 1.7475998
0.028737042 	 1.8447131
0.017937543 	 1.8143388
0.0015493707 	 1.3983941
0.010794156 	 1.3539587
0.023047438 	 1.8166848
0.026871523 	 1.0419097
0.034562856 	 1.3864168
0.017013215 	 1.4138918
0.0029008102 	 1.5672837
0.00067942566 	 1.523336
0.014642767 	 2.160264
0.0017049534 	 1.2036947
0.007151845 	 2.7363703
0.009512464 	 1.4395559
0.00039603206 	 2.1092474
9.358367e-05 	 2.0017772
0.0033201198 	 3.3860557
0.0002743382 	 0.8909301
0.0018874924 	 1.4826506
0.011461483 	 1.1474222
0.00095389073 	 3.3944695
0.0049655135 	 2.0896285
0.013046482 	 1.8000531
0.00017960492 	 3.1287916
6.8428475e-05 	 1.523413
0.020656394 	 2.758059
0.03486258 	 2.2636154
0.019571444 	 2.8779318
0.032850523 	 2.0374103
0.020350007 	 1.9340876
0.02474513 	 1.2035586
0.031549368 	 1.9632702
0.024694422 	 1.5668415
0.055551544 	 2.009381
0.040222052 	 2.7165039
0.03810798 	 0.4338072
0.021943685 	 1.9704062
0.02154999 	 2.1062782
0.04656518 	 2.2645066
0.0009993538 	 3.0015175
0.021506386 	 2.278974
0.043034803 	 2.0602045
0.06812944 	 2.3617544
0.0059866337 	 3.113788
0.0059272726 	 1.2166549
0.020433957 	 2.2446718
0.026597932 	 3.6148522
0.029590987 	 1.108815
0.002625153 	 2.059108
0.005513761 	 2.3390443
0.008326829 	 1.1774404
0.0070840106 	 3.409588
0.004641919 	 1.432474
0.0030844046 	 1.6327055
0.015639916 	 1.4682387
0.0038078115 	 1.4653467
0.0017578546 	 1.3319211
0.002757533 	 1.4154258
0.0010695214 	 1.8194838
0.0015898461 	 2.0171328
0.015937414 	 1.8433987
0.0003040299 	 0.808146
0.0036519014 	 1.5805213
0.00042966296 	 1.9268769
0.0020793823 	 1.9465523
0.0033127044 	 0.67881024
0.0034730474 	 2.512205
0.002515019 	 0.68186414
0.007463762 	 1.0397913
0.0026224637 	 3.1093016
0.016353987 	 1.4802401
0.035394866 	 1.7656496
0.0083362665 	 1.7303803
0.153877 	 1.617184
0.13266726 	 2.9476612
0.14850105 	 2.6829813
0.24148098 	 1.1311373
0.25947154 	 1.2170541
0.09514658 	 1.9719912
0.08449169 	 1.8874819
0.002075918 	 2.3015656
0.020296114 	 2.214612
0.0020477863 	 2.2409222
0.026577855 	 2.4673831
0.0018978235 	 1.5199852
0.00166716 	 1.6854229
0.024738839 	 1.5325392
0.00030832275 	 2.721159
0.0012663272 	 1.7006658
0.00015528215 	 0.78472924
1.3887979e-05 	 2.3313725
5.4122484e-05 	 1.2985551
7.1525596e-07 	 0.95225406
0.0004001464 	 1.4623225
3.4273256e-05 	 3.3530934
3.1590512e-06 	 3.8657928
0.0009290718 	 2.0247211
0.004517671 	 1.2658021
0.020269958 	 0.86304086
0.0034649728 	 0.89335287
0.0069624004 	 2.7818403
0.021933326 	 1.919071
0.057440206 	 1.3390397
0.06701382 	 2.1941028
0.042030115 	 1.3558006
0.020619094 	 1.8924668
0.0006785907 	 2.8600838
0.13902608 	 1.1889447
0.044135433 	 1.8290601
0.06718363 	 3.568809
0.010357187 	 0.44870237
0.090434894 	 1.3221576
0.059850015 	 1.9915552
0.048980437 	 0.7998422
0.06160063 	 1.5909274
0.021705855 	 1.167251
0.0003155968 	 1.735562
0.010049423 	 2.848718
0.010293049 	 1.2159082
0.0001688146 	 2.0681932
0.00042632368 	 0.97592276
2.1457903e-05 	 2.9364874
0.0013883807 	 2.3006318
0.0047386326 	 2.2599812
0.004246357 	 1.8420221
2.312687e-05 	 1.2825902
0.008525069 	 1.5413302
0.0059302705 	 2.851714
0.0020302269 	 1.3014057
0.03647222 	 1.4455136
0.027060123 	 1.5882949
0.08950635 	 1.3343459
0.051599156 	 1.8573653
0.055408332 	 2.2434626
0.1024692 	 1.8808216
0.14448492 	 0.72957647
0.06892894 	 0.873228
0.08569511 	 1.0177742
0.08630876 	 1.6876277
0.06591225 	 0.98521894
0.12172397 	 2.250608
0.09561704 	 2.077364
0.10065419 	 0.8284372
0.17700301 	 2.3039157
0.026460951 	 1.8938462
0.055613045 	 1.48892
0.055634342 	 0.58907264
0.054534648 	 3.330238
0.022999011 	 1.3777508
0.026704384 	 3.040746
0.07030181 	 4.080079
0.062178675 	 1.2966394
0.022783551 	 1.1942152
0.044458605 	 1.6527302
0.069256656 	 1.8726845
0.17161274 	 1.6746036
0.24854699 	 1.9722996
0.3694834 	 2.7754073
0.25717238 	 1.5159506
0.4471295 	 0.5199521
0.43584415 	 1.0640489
0.35733473 	 0.8041463
0.3746404 	 0.7498082
0.24764462 	 0.5755124
0.26599967 	 0.7726375
0.24535555 	 0.4960458
0.20514905 	 0.7638509
0.165946 	 0.5624934
0.2273715 	 0.81882125
0.36598825 	 0.68149835
0.21195523 	 0.6433468
0.3194397 	 0.7522341
0.28328657 	 0.9063792
0.2625346 	 0.8775538
0.26423877 	 1.2659746
0.1131462 	 2.3313825
0.117165774 	 2.133458
0.0728567 	 1.9243466
0.033317644 	 1.6677659
0.037776455 	 3.1963475
0.033841774 	 3.2662873
0.09157259 	 1.4359108
0.026984189 	 0.8714778
0.06580179 	 1.1316237
0.106440105 	 3.6744657
0.08656877 	 1.6667544
0.029074974 	 1.1999148
0.1038683 	 1.6896516
0.1161207 	 1.3178972
0.06556699 	 1.8452121
0.07738961 	 3.137144
0.079364285 	 1.465963
Summary
7.1525596e-07  -  0.894701 ,  0.4338072  -  6.46796
accuracy:  99.7
equal predictions:  0
