TensorFlow version: 1.13.1
Found 939 images belonging to 1 classes.
argN = 196
argN = 196
0.45251215 	 2.2717664
0.36900178 	 2.1615121
0.50596523 	 2.0741944
0.9356553 	 1.4492077
0.8373061 	 1.6099633
0.16268651 	 2.9083648
0.18941145 	 2.6326241
0.1687291 	 1.3354559
0.19267496 	 2.6850226
0.23357207 	 1.1895242
0.23573725 	 1.2991862
0.2487999 	 1.2534364
0.19008131 	 1.5350498
0.47147232 	 2.139922
0.36755988 	 1.6902145
0.2585795 	 1.8353426
0.4697436 	 4.1556883
0.3833113 	 2.7971106
0.38868302 	 3.2066882
0.39705074 	 2.3849385
0.5406575 	 1.698774
0.14748684 	 2.4275644
0.108935855 	 1.7512054
0.085827984 	 5.2774754
0.008702905 	 2.488085
0.019714233 	 3.486358
0.021488786 	 1.4489431
0.052362934 	 2.335667
0.112833545 	 3.2793248
0.22978538 	 2.0592291
0.3165331 	 2.2179313
0.6950513 	 1.4474096
0.62492156 	 1.5717934
0.4929153 	 1.8060111
0.24139068 	 1.4200404
0.7238269 	 2.2100825
0.2522655 	 2.5112705
1.1225591 	 1.91019
0.8140621 	 1.735088
0.45458725 	 2.594885
0.39238703 	 2.5380006
0.04166584 	 3.8890593
0.23684667 	 1.8618735
0.59638214 	 1.4731892
0.40576947 	 2.0806305
0.37284443 	 1.9664729
0.09843902 	 2.244593
0.11416585 	 1.7644354
0.13253924 	 1.793085
0.26151597 	 1.5136055
0.1774324 	 2.5422697
0.15450288 	 2.2394187
0.1327686 	 2.7989633
0.32493207 	 2.1175954
0.008993534 	 2.9559815
0.0050825076 	 2.4038436
-9.5367386e-07 	 2.2319703
0.0051141395 	 3.7752905
-9.5367386e-07 	 4.177166
0.020683777 	 3.45098
0.22554207 	 2.1677008
0.6634168 	 1.4736985
0.5254869 	 1.4012607
0.40321082 	 1.3799999
0.2635249 	 1.9615353
0.24713546 	 1.42915
0.2746793 	 1.5818244
0.391769 	 1.9121464
0.30342 	 1.9643291
0.22951992 	 2.1415508
0.55881584 	 1.3657342
0.09745643 	 1.8943243
0.14931318 	 2.039477
-9.5367386e-07 	 1.7627053
0.13566868 	 2.5133715
0.19705985 	 2.6066597
0.13468614 	 2.0130591
0.18970835 	 2.6350696
0.068632364 	 2.0256855
0.10246761 	 3.0746963
0.04728169 	 3.887479
0.007675225 	 2.5078762
0.028668955 	 2.670023
0.031761866 	 1.9709942
0.06668385 	 2.2835588
0.024171097 	 2.790302
0.020375434 	 3.0007205
0.046081904 	 2.697653
0.02677191 	 4.362026
0.053388063 	 1.9539076
0.034344707 	 2.7461565
0.050601695 	 2.5637996
0.034866653 	 1.4687605
0.027797842 	 1.5149164
0.045633297 	 2.199653
0.015085365 	 1.1500742
0.015139947 	 2.33237
0.02383366 	 1.5907829
0.009247973 	 1.7768215
0.024632107 	 3.275197
0.010254448 	 1.310555
0.021055032 	 1.1371031
0.00866647 	 1.3680328
0.030234672 	 2.3780012
0.020666251 	 1.8540218
0.054902315 	 1.8194569
0.048108656 	 1.739888
0.03073893 	 0.8667776
0.04172189 	 1.1091434
0.06428113 	 2.3938925
0.050485708 	 2.933381
0.04688008 	 1.5147047
0.027145127 	 1.0768298
0.046479944 	 2.936292
0.056850445 	 3.2687922
0.048195656 	 1.5534906
0.03608753 	 2.0691748
0.031171184 	 1.2040781
0.062068444 	 1.8432937
0.047005147 	 1.7677108
0.03697258 	 1.2947353
0.047032945 	 1.7472974
0.03629154 	 1.1314464
0.03522327 	 1.8221142
0.027311359 	 1.7826746
0.05186147 	 2.0035236
0.02566728 	 1.3245656
0.03484962 	 2.7589927
0.017564591 	 1.8820386
0.01026312 	 1.4904561
0.022152748 	 1.6378169
0.025839811 	 1.5766119
0.004751449 	 2.0923061
0.025616646 	 2.209679
0.014053586 	 1.7436521
0.02078309 	 1.5340847
0.025825072 	 1.8408169
0.020718949 	 1.795625
0.007974388 	 2.4927635
0.020661201 	 2.4121723
0.033607073 	 1.2277559
0.00511396 	 1.4319421
0.00963968 	 2.238443
0.011364479 	 1.8083868
0.009812839 	 2.4659407
0.01438925 	 2.6547363
0.010251257 	 1.6610065
-9.5367386e-07 	 2.8701403
0.012581306 	 1.6946849
0.010241079 	 2.559564
0.040930305 	 2.42229
0.035311628 	 1.1624985
0.056319483 	 2.0618458
0.04957453 	 1.313934
0.036366574 	 2.5068936
0.031089589 	 3.4759276
0.031092478 	 1.4228897
0.036366574 	 1.4257526
0.052163538 	 2.66811
0.051503576 	 1.3269305
0.025844093 	 1.7441577
0.041558158 	 1.3569411
0.025817242 	 0.96839654
0.02457792 	 2.0920599
0.052665718 	 1.7344333
0.028781885 	 1.4807541
0.035882395 	 1.9450587
0.018372737 	 2.6374254
0.046601713 	 2.1318486
0.04201687 	 1.2180456
0.047192957 	 0.96173406
0.04266021 	 1.6180193
0.032477323 	 1.4082137
0.049106702 	 1.4357297
0.044005435 	 1.6777121
0.04262488 	 1.5933585
0.047617633 	 2.712911
0.032046165 	 1.4015858
0.060806833 	 1.014327
0.04586809 	 2.3373342
0.05217421 	 1.7371782
0.05460074 	 1.8875546
0.07290985 	 0.924659
0.031141054 	 2.5660481
0.015512056 	 2.374096
0.035885792 	 2.0830836
0.026406236 	 1.7736369
0.031327877 	 1.335318
0.25860178 	 1.5184889
0.15472342 	 1.8301071
0.14299397 	 2.509965
0.070949726 	 1.7803581
0.02895753 	 1.2889185
0.041094992 	 2.1870108
0.044076443 	 3.914558
0.05519428 	 5.277569
0.051299643 	 5.2779193
0.05076629 	 3.5075214
0.07239272 	 3.8917718
0.08515621 	 2.8933296
0.020981988 	 2.271904
0.03640416 	 1.204076
0.029872337 	 1.9460559
0.031095799 	 1.1340188
0.032554723 	 2.9588819
0.01540122 	 3.4862645
0.025840178 	 1.9879435
0.028451167 	 2.7306933
0.012279494 	 4.578512
0.03521543 	 5.2779193
0.04160159 	 2.4457195
0.051533513 	 2.7500734
0.025867458 	 3.885373
0.0051141395 	 5.276122
0.07714582 	 3.334441
0.11331634 	 1.8572301
0.53749114 	 1.7763541
0.4333383 	 1.8848447
0.21188982 	 2.3562484
0.11322743 	 3.198582
0.10195511 	 2.4744294
0.047004957 	 4.5847416
0.053903818 	 3.889234
0.0632677 	 3.6426952
0.064399995 	 3.8738754
0.06374525 	 3.7352111
0.05398736 	 4.1793594
0.026289782 	 2.8357186
0.10231158 	 2.1897383
0.29938647 	 1.8173795
0.06317627 	 2.2820175
0.09076607 	 4.561251
0.12481078 	 4.5844436
0.10033415 	 3.1986446
0.09182411 	 3.9024887
0.10311795 	 2.402592
0.06317398 	 3.65011
0.073044814 	 1.6128674
0.04409725 	 2.9755104
0.06787661 	 2.5694516
0.06316814 	 1.0946614
0.046985716 	 5.271945
0.04158935 	 1.2591487
0.049869206 	 3.5973144
0.03493782 	 1.2177186
0.031546663 	 3.8917718
0.052855793 	 3.5088847
0.05236689 	 3.1985965
0.057754196 	 11.681275
0.036378816 	 2.7936673
0.03685266 	 2.377085
0.047366057 	 3.5007527
0.050170984 	 3.486241
0.057754323 	 3.8917718
0.063023455 	 1.6498489
0.040760428 	 2.7868872
0.065815605 	 3.1446185
0.1263884 	 2.6936924
0.17325467 	 2.4352305
0.18278989 	 2.9673011
0.26116392 	 1.7308635
0.34459114 	 1.8341234
0.31638062 	 0.905661
0.27152494 	 1.7073292
0.21487992 	 1.558035
0.20371713 	 1.8362119
0.090055235 	 1.7958832
0.068616025 	 3.1903064
0.02576134 	 1.814498
0.03462308 	 1.9453377
0.025872964 	 2.9754615
0.010253304 	 1.8769182
0.024638826 	 3.8957984
0.03623913 	 3.8918097
0.034805123 	 3.7582443
0.014431338 	 2.5008993
0.039319124 	 1.8725845
0.04165851 	 2.6374297
0.045357645 	 1.3947724
0.0686113 	 4.1659775
0.068922624 	 2.663674
0.15104254 	 3.1969435
0.18392439 	 1.0247678
0.16805506 	 2.1731832
0.21452418 	 2.7056315
0.20606571 	 2.63868
0.26300496 	 2.6541696
0.31409737 	 1.5162024
0.2540391 	 2.4944627
0.22384757 	 1.7359906
0.24780275 	 1.864864
0.24636887 	 1.8800119
0.2942633 	 1.2702398
0.20073773 	 1.8509508
0.2613078 	 1.7216413
0.2515764 	 1.8164455
0.22927819 	 2.1373255
0.2499468 	 1.7837713
0.2598066 	 1.6387852
0.114948735 	 3.1986315
0.11843951 	 3.2912939
0.109480746 	 2.3411057
0.0631562 	 2.2335467
0.061064415 	 5.832335
0.045118358 	 2.0328026
0.04244657 	 2.0165048
0.060821466 	 1.6393572
0.09369881 	 2.5054345
0.14658324 	 3.5475705
0.10948473 	 2.9731627
0.087147325 	 1.588937
0.090723194 	 3.3321636
0.07419351 	 1.5443697
Summary
-9.5367386e-07  -  1.1225591 ,  0.8667776  -  11.681275
accuracy:  100.0
equal predictions:  0
TensorFlow version: 1.13.1
Found 939 images belonging to 1 classes.
argN = 196
argN = 196
0.48670295 	 0.7119473
0.41177616 	 0.7178465
0.4795612 	 0.475145
0.39484274 	 0.5411637
0.21694861 	 0.5838343
0.1449255 	 0.98246455
0.06337679 	 1.109659
0.10144299 	 1.426292
0.10797723 	 1.2495998
0.16489075 	 1.1826133
0.08205406 	 0.7043773
0.03841329 	 1.2780437
0.16819476 	 1.4427185
0.23152997 	 0.89739007
0.21187037 	 0.80294484
0.3227554 	 0.6783455
0.38621256 	 0.5703619
0.30083472 	 0.9068031
0.39481726 	 0.6898846
0.3358098 	 0.61351675
0.48751065 	 0.6334684
0.2460985 	 0.44171947
0.13534583 	 0.5049631
0.09901889 	 1.5515442
0.031099733 	 0.7591995
0.010267937 	 2.7372713
0.02925282 	 0.9782776
0.026907219 	 0.8248444
0.031970836 	 0.6553657
0.07435863 	 1.5532802
0.45784354 	 0.9188714
0.59711105 	 1.2071171
0.5080238 	 0.95332587
0.51060003 	 1.0576571
0.4830541 	 1.1872191
0.32919958 	 0.82065696
0.28152025 	 0.6177273
0.3754729 	 0.58243555
0.6580563 	 0.6486057
0.6138666 	 0.96681607
0.42124027 	 0.5129694
0.33218616 	 0.5107841
0.23765521 	 0.62823325
0.19947448 	 1.228278
0.17321633 	 0.68377453
0.15751588 	 0.95390075
0.052659437 	 1.1015131
0.046806064 	 1.2173873
0.10812791 	 1.3140779
0.16732284 	 1.0467956
0.23121272 	 0.97569627
0.18811488 	 0.56853485
0.1970351 	 0.31909832
0.16222323 	 0.88842773
0.23166521 	 0.7003103
0.30019218 	 0.5739589
0.34558526 	 0.44401234
0.35605332 	 0.6073113
0.3944235 	 0.5458258
0.34659383 	 0.7969625
0.38091555 	 0.9927586
0.36726382 	 0.9410455
0.40549654 	 0.43411857
0.29775262 	 0.7147211
0.27959946 	 0.54622626
0.28594115 	 0.33117515
0.27511862 	 0.8681669
0.30532932 	 0.7877899
0.38233557 	 0.71739495
0.32123417 	 0.5793756
0.24181165 	 0.8502136
0.020432496 	 1.489986
0.041203685 	 1.0816474
0.13894565 	 0.77147305
0.11302506 	 0.7736455
0.18105438 	 1.110011
0.24678455 	 0.8898111
0.4273378 	 0.8077763
0.49211898 	 0.7320807
0.6164092 	 0.92814237
0.5956678 	 1.0331963
0.71625733 	 1.0345612
0.33468562 	 0.45021057
0.2573056 	 0.47520512
0.2657622 	 0.5843092
0.23362929 	 0.57722706
0.16659243 	 0.7304187
0.0686708 	 1.421769
-9.5367386e-07 	 2.2332764
0.15356936 	 0.56511575
0.19499476 	 0.58769274
0.17260073 	 0.82373184
0.19992529 	 0.448872
0.28885722 	 0.7113574
0.3012699 	 0.71703684
0.33374465 	 0.69798446
0.3826685 	 0.79563016
0.44950584 	 0.8427027
0.24066752 	 0.88102746
0.18507208 	 0.98386306
0.18323009 	 1.2055048
0.19739898 	 0.64071035
0.09577282 	 1.0578542
0.1140343 	 1.0749441
0.09574383 	 1.9047304
0.036479205 	 1.1987867
0.35688573 	 0.82554626
0.363059 	 1.1637262
0.39029658 	 1.0008339
0.35628828 	 0.83126533
0.3101818 	 0.9509214
0.47782913 	 0.7444083
0.39873984 	 0.89572525
0.4751844 	 0.59119636
0.45168856 	 0.5815815
0.45555103 	 0.9027653
0.6091482 	 0.6406081
0.56056875 	 0.8250373
0.49892783 	 0.8995427
0.63323426 	 0.88076055
0.6589044 	 0.75711465
0.54631734 	 0.75129837
0.67046094 	 0.7718919
0.54307884 	 0.8414023
0.5793385 	 1.168452
0.5135067 	 0.7285968
0.5827185 	 0.6687412
0.59086245 	 0.91262436
0.5132643 	 0.8717702
0.49459252 	 0.7748379
0.36666644 	 0.9298059
0.34724042 	 1.1225492
0.349845 	 0.58999026
0.30651146 	 0.6604018
0.2708807 	 0.62521243
0.28604206 	 0.6679579
0.2590239 	 0.8320243
0.22715627 	 0.7342188
0.24545093 	 0.69256765
0.19643167 	 0.8761301
0.17354064 	 0.7872202
0.15332134 	 1.1417644
0.16009559 	 0.6322581
0.14074443 	 1.005901
0.16892281 	 0.7164777
0.12768993 	 1.1123699
0.14079288 	 1.2006981
0.14295745 	 0.6536786
0.1518416 	 1.1517249
0.13660456 	 1.0477576
0.15445064 	 0.6094168
0.14281271 	 1.3213737
0.16774324 	 0.7577232
0.18323709 	 0.9571054
0.20576392 	 1.2199261
0.20307167 	 0.95084876
0.16417862 	 1.441645
0.16138236 	 1.2055285
0.18748696 	 1.1854839
0.17992963 	 1.0073665
0.13372657 	 0.80866545
0.15237498 	 1.2429978
0.13067812 	 0.9627502
0.14186579 	 1.4589515
0.14512527 	 1.1133964
0.14650284 	 1.1177362
0.13591234 	 1.5008589
0.12607652 	 1.1109838
0.113411546 	 1.4073478
0.11692516 	 0.6397387
0.17041945 	 0.9941922
0.1420095 	 0.76500076
0.17673533 	 1.1029352
0.18357958 	 0.9827408
0.17798567 	 1.0379663
0.12842682 	 1.1242548
0.18866912 	 1.0285211
0.17670175 	 1.14425
0.15734857 	 0.5171935
0.19440906 	 0.9143057
0.15883909 	 1.0930394
0.1932692 	 1.0791588
0.16537833 	 1.2243158
0.14036131 	 1.1688197
0.12693118 	 0.9653695
0.13545565 	 0.9282381
0.13899654 	 1.531584
0.10591866 	 0.97332865
0.13622007 	 1.3120397
0.104783006 	 1.1239965
0.098285064 	 1.365242
0.1144473 	 1.3190521
0.1337216 	 1.7162881
0.12146227 	 1.5565083
0.1018763 	 1.7684813
0.12707195 	 1.829203
0.1058426 	 1.1996597
0.09007291 	 1.1646036
0.1082517 	 1.7588768
0.09492949 	 1.0767999
0.09685356 	 1.6566017
0.07130217 	 1.2048322
0.076114655 	 0.76495427
0.05966993 	 0.51007754
0.056770764 	 0.8017499
0.051699642 	 0.51712096
0.15686888 	 1.5363259
0.1126899 	 2.0255861
0.15065718 	 1.4655557
0.16090506 	 1.1234474
0.12757033 	 1.4100373
0.15386483 	 2.2823825
0.11914404 	 1.4832962
0.11477925 	 1.3909061
0.14044252 	 1.2845874
0.079651795 	 0.9073994
0.15230404 	 1.2829343
0.17048222 	 2.0180962
0.11457355 	 1.6092381
0.09832807 	 1.2243693
0.10917442 	 1.2364261
0.061155718 	 1.4713613
0.08288078 	 1.0694383
0.07257184 	 2.1001709
0.054617047 	 1.4484955
0.04748718 	 1.4391406
0.111812584 	 1.0460911
0.12451106 	 0.48726302
0.10527611 	 1.4277921
0.10204349 	 1.302999
0.10161532 	 0.6409807
0.09576567 	 1.3698404
0.3973303 	 0.8361555
0.28537834 	 1.3881475
0.14087982 	 1.6870078
0.19731061 	 1.8380045
0.15637769 	 1.1307635
0.07335989 	 0.73086286
0.12708873 	 1.553604
0.1739633 	 2.2268648
0.19354814 	 1.2843652
0.123789534 	 1.0780603
0.100074425 	 0.8213609
0.10070014 	 1.5489053
0.06619006 	 1.1863508
0.041769933 	 1.3174717
0.054439228 	 0.34669787
0.08057143 	 0.8906839
0.052082848 	 0.67259675
0.046760466 	 1.0568717
0.0779306 	 0.8889196
0.12163235 	 1.7011946
0.15355921 	 1.030748
0.17725334 	 1.2053174
0.13906854 	 1.1807395
0.12786372 	 1.4648699
0.17552839 	 1.2000225
0.16602327 	 1.8714285
0.27877915 	 1.8701456
0.41936177 	 1.2249837
0.38625413 	 1.105974
0.3803314 	 0.9064304
0.34605855 	 1.0506542
0.43594941 	 1.3427097
0.2886525 	 1.3226094
0.28372064 	 1.5594225
0.21302368 	 1.2442231
0.14101948 	 0.844988
0.08985 	 0.73451716
0.07227021 	 0.9597456
0.04677908 	 0.7074128
0.05899678 	 1.658205
0.12925881 	 0.7897801
0.06628629 	 0.6104685
0.039498676 	 1.3352289
0.021162419 	 0.68193203
0.06740581 	 0.67894787
0.1084157 	 1.1238831
0.09010748 	 1.9866967
0.12571438 	 2.0206165
0.122222 	 1.5639714
0.13137677 	 0.82127607
0.113144666 	 1.3842304
0.17009036 	 1.1197222
0.18446907 	 1.5024264
0.23405138 	 1.4394878
0.22843438 	 1.2557038
0.25385445 	 0.7301445
0.3055056 	 0.9289639
0.28889883 	 0.7976483
0.3451089 	 1.2109758
0.33811805 	 0.69690406
0.34869617 	 1.1539065
0.17825697 	 0.77857643
0.11354187 	 1.0305897
0.045323905 	 0.4869586
0.06753098 	 1.6118615
0.091039255 	 1.1923171
0.049428858 	 1.6111373
0.11781428 	 0.9827456
0.08598971 	 1.8654227
0.12482861 	 1.1813136
0.118686266 	 0.6425695
0.1412593 	 1.3487695
0.14792475 	 1.7113992
0.09746944 	 1.0660509
0.0958865 	 0.98682547
0.0881753 	 1.3988713
0.07395222 	 2.3242683
0.06788452 	 1.4135065
0.12350301 	 1.2253512
0.095469095 	 1.4569519
0.12414018 	 2.1992717
Summary
-9.5367386e-07  -  0.71625733 ,  0.31909832  -  2.7372713
accuracy:  99.4
equal predictions:  0
TensorFlow version: 1.13.1
Found 939 images belonging to 1 classes.
argN = 196
argN = 196
0.30574396 	 2.5532734
0.32003236 	 2.3432574
0.62380224 	 2.0574336
0.57208306 	 1.524696
0.48526645 	 1.9720186
0.47610387 	 1.713573
0.2749923 	 2.2929215
0.18274689 	 3.3091335
0.09077789 	 2.7928486
0.077080734 	 2.4061627
0.11183991 	 2.4425292
0.04278842 	 2.1369388
0.11032873 	 2.0221891
0.14773424 	 2.4502876
0.18961771 	 2.7329292
0.1888049 	 2.0052798
0.16449018 	 4.3330193
0.24077807 	 2.5061672
0.28804764 	 2.1217191
0.2196513 	 2.6404676
0.32781327 	 2.1161861
0.42636245 	 2.7929041
0.33389363 	 2.3091109
0.24653977 	 2.6000779
0.1973268 	 2.2950764
0.1383413 	 2.9037592
0.20333736 	 2.4956982
0.031142406 	 3.0562484
0.036378507 	 3.2058992
0.08854402 	 2.3394802
0.28892142 	 1.6842811
0.3634281 	 1.9374899
0.34638995 	 1.3409534
0.45589325 	 2.1911087
0.44079524 	 2.220401
0.16526899 	 2.7597842
0.13995796 	 2.7287061
0.2107746 	 1.973121
0.26534042 	 2.2693522
0.5247697 	 2.1706636
0.2681568 	 2.3159847
0.18814337 	 2.387379
0.5500512 	 1.6290176
0.39735132 	 1.8792665
0.27477345 	 1.7951272
0.06305164 	 1.1910737
0.023136983 	 4.3806086
0.035358246 	 3.0817635
0.0710795 	 2.7127104
0.06330415 	 2.9306889
0.048707176 	 1.7902582
0.036345437 	 1.7713491
0.07421238 	 1.6022468
0.16713001 	 2.5637918
0.14828493 	 3.9414113
0.09998958 	 3.3858798
0.09670024 	 2.4487011
0.114949204 	 1.8037447
0.22126001 	 1.8898345
0.054397058 	 2.0504723
0.036366574 	 2.2185109
0.08249659 	 2.53903
0.09850065 	 2.7360864
0.03415633 	 2.897267
0.010252701 	 3.382185
0.00511408 	 2.3814876
0.022237822 	 1.8632585
0.05254692 	 2.056537
0.24594459 	 1.9994516
0.19741756 	 3.295114
0.17628883 	 2.1471596
0.22181197 	 2.750414
0.35058653 	 3.1876714
0.3687032 	 2.2642517
0.25966728 	 2.4109094
0.026606318 	 1.8300856
0.15427397 	 1.6674519
0.27269942 	 1.3466119
0.40851313 	 1.3370516
0.3566724 	 1.6309898
0.35410488 	 1.50708
0.2495767 	 2.098665
0.19712184 	 2.1428323
0.17388627 	 2.4636617
0.03116436 	 2.6006052
0.06054128 	 2.3752136
0.06890455 	 2.4466622
0.15591657 	 1.612174
0.033605658 	 2.3029165
0.04897618 	 1.8696451
0.013132356 	 2.8470726
0.010264204 	 2.038237
0.03537418 	 2.393168
0.010274983 	 2.6738546
0.01274936 	 2.7563677
0.000982111 	 3.9725516
0.014283739 	 2.9542942
0.015423434 	 2.3137321
0.015417018 	 2.9670048
0.010255592 	 2.697684
0.010255472 	 3.4398
0.041992255 	 2.5322523
0.035227716 	 1.6853374
0.020618243 	 1.68324
0.016911548 	 1.9804908
0.010273296 	 2.3636363
0.0090233665 	 1.6029207
0.015252025 	 0.83770794
-9.5367386e-07 	 1.1360389
0.0001357886 	 0.9151801
0.00511408 	 1.2660046
0.009433939 	 1.4519992
0.010240176 	 2.9736478
0.010255472 	 2.9565237
0.010255472 	 1.4230895
0.0051141395 	 1.5675981
0.02884857 	 1.7874023
0.03636806 	 2.2781537
0.031478815 	 1.4444677
0.0205243 	 1.4804543
0.016656425 	 1.8513949
0.040956136 	 1.4709324
0.025117654 	 1.5361363
0.03911977 	 1.9910305
0.041504785 	 2.702784
0.025652299 	 2.4972038
0.035693545 	 3.1184282
0.030128948 	 1.3521453
0.020385897 	 1.4479951
0.024188623 	 1.5243111
0.015026247 	 1.2974236
0.00511408 	 2.597746
0.020386567 	 1.6384956
0.025803909 	 2.2264156
0.018824581 	 1.939137
0.0020864303 	 2.9753516
0.015428579 	 1.3152577
0.011841454 	 1.3062755
0.00511408 	 1.6399992
0.014927444 	 1.8539635
0.015422707 	 1.4975982
3.0816078e-05 	 1.6038933
0.007772233 	 1.7468545
0.0054575442 	 2.357476
0.006349173 	 1.2746037
0.009842333 	 1.1729267
0.024666501 	 1.6591834
0.009077438 	 2.4432752
0.012826153 	 2.5703027
0.005296403 	 2.1323667
0.004994027 	 1.2556833
-9.5367386e-07 	 2.11003
0.004508391 	 1.2821269
-7.152555e-07 	 1.8375514
1.6808652e-05 	 1.2570364
0.0024930893 	 1.6237938
0.008318296 	 1.7266554
0.010386095 	 1.7228616
0.0051156376 	 2.156108
0.0054007913 	 1.65427
0.008116191 	 1.7490758
0.015431546 	 2.5560668
0.015423555 	 2.8793252
0.005251763 	 2.2084498
0.0018878507 	 1.188463
0.015423615 	 2.564952
0.020618243 	 1.9806813
0.025840178 	 2.277447
0.02064106 	 1.193409
0.02061806 	 1.4678979
0.020820638 	 2.793194
0.010324907 	 2.0682824
0.0206253 	 1.4916503
0.011979584 	 1.2681379
0.0102125965 	 1.5294771
0.015412054 	 2.0596137
0.0137584 	 1.8659654
0.014516847 	 1.9126343
0.005579691 	 1.2639636
0.041671183 	 0.91475505
0.02568361 	 1.2392867
0.03484808 	 1.428778
0.050785605 	 1.0389559
0.035568036 	 1.6205716
0.027006784 	 1.8549353
0.026106281 	 0.9546504
0.03594189 	 2.1229703
0.033631545 	 1.1432492
0.04039159 	 1.1695335
0.03556538 	 1.5103836
0.025833817 	 1.8667575
0.01440461 	 1.2692398
0.025839934 	 1.6077074
0.02122689 	 1.8055941
0.03162959 	 1.4566289
0.020652317 	 0.85291237
0.039643098 	 1.0488096
0.030802486 	 1.9218569
0.028754158 	 2.0353425
0.18615927 	 2.547935
0.18765557 	 1.976649
0.25211304 	 1.2009356
0.1604662 	 2.05855
0.12955934 	 1.9802753
0.08104562 	 2.6981876
0.015423494 	 2.3045807
0.030672487 	 2.2432709
0.015425855 	 3.6010022
0.03192745 	 2.791596
0.03899891 	 2.9302175
0.025789902 	 1.5632535
0.04167156 	 1.781689
0.0314619 	 2.713015
0.020349398 	 1.8610814
0.024017476 	 2.2084894
0.013994409 	 2.0740337
0.036361385 	 1.7611034
0.03072473 	 4.1794376
0.018238882 	 2.498844
0.039137803 	 1.2268243
0.0051144394 	 5.260769
0.020809622 	 2.0683224
0.010288894 	 2.5391161
0.014415373 	 4.179434
0.025238559 	 3.3323557
0.047626447 	 1.9147015
0.028816607 	 2.9914677
0.080715895 	 2.5720532
0.20582251 	 2.0118861
0.42405692 	 1.9910475
0.1182746 	 1.1758822
0.08501246 	 2.137064
0.068657905 	 2.0863893
0.057244908 	 2.3304143
0.042962372 	 2.2825408
0.03511486 	 1.251539
0.035354976 	 1.3402317
0.08375724 	 2.400274
0.11157958 	 0.84333247
0.23063605 	 2.0518572
0.13586181 	 2.444919
0.12742761 	 2.2540493
0.12028941 	 2.6631472
0.10353493 	 3.0808687
0.11536519 	 1.2296023
0.07960339 	 2.231797
0.06872519 	 1.6547723
0.063179635 	 2.0104144
0.073311724 	 2.0276608
0.052373614 	 2.0480826
0.03108922 	 2.8365722
0.042127836 	 1.4215269
0.028212948 	 1.7537303
0.016272863 	 2.0630617
0.020852711 	 5.5248804
0.036366574 	 3.2049775
0.021331495 	 1.9001946
0.018256849 	 3.8917513
0.015423434 	 2.1877813
0.018359017 	 3.1657176
0.029488033 	 3.6661272
0.020618243 	 2.3767776
0.041671805 	 2.7113748
0.036363732 	 1.7418092
0.039387196 	 1.6911042
0.058070052 	 1.1834682
0.0763158 	 2.4398665
0.16619189 	 1.0765165
0.18860708 	 1.7699004
0.23624168 	 1.5413684
0.26468238 	 1.58758
0.18342139 	 2.0580878
0.09210686 	 0.63470817
0.07734132 	 1.3094447
0.02060583 	 1.953205
0.03628474 	 2.7185924
0.036361754 	 3.3919718
0.013927982 	 2.8244066
0.02056403 	 2.3307874
0.017271824 	 3.486327
0.0144471815 	 2.450278
0.01807421 	 2.3052804
0.025779383 	 2.1913295
0.040910125 	 2.713362
0.07730094 	 3.477258
0.15965448 	 2.8055325
0.1282772 	 2.8797965
0.20448585 	 1.5533224
0.1860141 	 1.8883386
0.21335483 	 3.2120047
0.2384243 	 2.4083335
0.22512056 	 2.1025758
0.21268159 	 1.862494
0.16772752 	 2.2955556
0.11355215 	 2.8906484
0.11887549 	 1.8113631
0.12591925 	 3.0845308
0.06850604 	 3.0821066
0.06141174 	 2.8970976
0.063177794 	 1.2274922
0.05836389 	 3.8917718
0.057492163 	 2.8790314
0.04164378 	 1.2977232
0.034268524 	 2.387717
0.040249106 	 2.113775
0.04851783 	 1.8105148
0.07960668 	 1.6874604
0.08496678 	 1.3438714
0.10756921 	 3.09375
0.07410492 	 4.5673904
0.06796311 	 1.1634904
0.06659421 	 3.8917718
0.06894893 	 1.1000684
Summary
-9.5367386e-07  -  0.62380224 ,  0.63470817  -  5.5248804
accuracy:  100.0
equal predictions:  0
TensorFlow version: 1.13.1
Found 939 images belonging to 1 classes.
argN = 196
argN = 196
0.31071255 	 3.6462302
0.57939816 	 2.6028137
0.52583635 	 2.1003954
0.2994119 	 3.1434972
0.21261752 	 2.6557362
0.16751803 	 2.8104668
0.19024675 	 2.936439
0.21212693 	 2.1765513
0.17558756 	 1.9166988
0.24052171 	 2.1802893
0.2887708 	 2.3071744
0.26242507 	 2.1028702
0.28432807 	 1.8919891
0.349761 	 2.378554
0.27805772 	 2.3402047
0.51431006 	 2.535741
0.6150414 	 2.1107376
0.6376247 	 3.8121984
0.045163754 	 4.58487
0.17803076 	 2.5609577
0.3010322 	 2.3877137
0.24834678 	 2.6354322
0.15920925 	 2.0723236
0.09243049 	 2.864741
0.063369684 	 3.3250065
0.067043334 	 2.5706096
0.32484165 	 3.6384742
0.49128065 	 1.9925864
0.18366767 	 2.3215158
0.20993118 	 2.0530357
0.7820282 	 2.2931838
0.6419981 	 2.1140509
0.4139997 	 5.270541
0.3436591 	 1.6479113
0.6019558 	 2.2547631
0.8571927 	 2.1382022
0.8207718 	 1.2289878
0.8294146 	 2.3242962
0.42483598 	 2.5604901
0.33178875 	 3.573308
0.39825284 	 1.8745607
0.047228575 	 2.5898957
0.05280282 	 3.322549
0.105749436 	 1.9283472
0.124903634 	 3.019033
0.13865387 	 2.795753
0.12781313 	 2.572912
0.397288 	 2.4522338
0.24488434 	 2.3694541
0.031089589 	 3.2772408
-9.5367386e-07 	 2.058406
-9.5367386e-07 	 3.877963
-9.5367386e-07 	 3.5620089
-9.5367386e-07 	 3.5995774
0.00478337 	 2.8819559
-9.5367386e-07 	 2.5569987
0.19444801 	 2.8092937
0.51499695 	 1.4800628
0.38540733 	 1.9271697
0.21850753 	 2.614293
0.07607992 	 2.2352698
0.13111497 	 2.0620677
0.21412353 	 2.312451
0.22998859 	 2.6601548
0.38726535 	 2.3743846
0.12374582 	 2.0913575
0.3730376 	 2.1733177
0.48719102 	 1.5369703
0.43921784 	 3.0797453
0.2358219 	 2.7973433
0.12724455 	 2.4463394
0.053117115 	 3.847066
-9.5367386e-07 	 3.4843817
0.052915428 	 3.348501
0.09156397 	 2.8499968
0.14821193 	 3.092725
0.13448593 	 2.5044997
0.060531907 	 3.1983688
0.031092847 	 4.2134585
0.010354477 	 2.8902643
0.044901013 	 2.5697467
0.018229168 	 2.4497552
0.009963271 	 3.0053184
0.02058198 	 3.0473683
0.02622804 	 3.4863229
0.04454149 	 1.9213763
0.04341744 	 2.9992516
0.030329777 	 3.821147
0.025077315 	 3.8864212
0.034243543 	 2.2107995
0.036163792 	 1.7744036
0.035591997 	 2.0209255
0.01621398 	 1.5328887
0.03425551 	 2.795339
0.03107889 	 3.317879
0.02619873 	 3.1445465
0.006437474 	 2.2443085
0.00023355827 	 2.2692826
0.015369382 	 1.8314931
0.025720242 	 2.236163
0.024049222 	 2.3340564
0.025787273 	 3.096842
0.032698702 	 2.3278306
0.054532066 	 1.1151935
0.043828495 	 3.5058343
0.081566334 	 1.933966
0.06310072 	 1.2185541
0.050090082 	 2.0888941
0.07108244 	 2.2318065
0.08084578 	 1.2891519
0.057377208 	 0.78158325
0.056328878 	 2.7911325
0.041488755 	 1.2912881
0.02552682 	 1.5705273
0.02061161 	 1.7629117
0.010577033 	 2.4735096
0.008696231 	 2.2262
0.0102125965 	 2.9737725
2.3245839e-06 	 2.6921585
0.010082537 	 1.7457821
0.025901346 	 1.1505996
0.019128133 	 1.2643147
0.016005913 	 1.8853303
0.028099898 	 2.1509595
0.010218438 	 2.480996
0.020685298 	 1.3665093
0.04782857 	 1.4733647
0.037073895 	 2.0780222
0.025677064 	 1.7743446
0.021074329 	 1.5013906
0.030733151 	 1.3064507
0.02620748 	 1.9738313
0.02060145 	 3.1969216
0.015861835 	 1.3295156
0.025837181 	 2.3303475
0.020828854 	 3.1489484
0.019340739 	 1.2930284
0.04617572 	 1.6639278
0.03109463 	 3.653653
0.016134927 	 2.0934012
0.031018328 	 2.4965649
0.0138479015 	 2.8146725
0.015267216 	 2.185439
0.009841973 	 1.8273443
0.01438907 	 1.9300382
0.0056056445 	 1.8693912
0.012709879 	 1.2711669
0.005160691 	 3.451433
0.01384077 	 1.80568
0.00057845155 	 1.5763997
-9.5367386e-07 	 2.4980712
0.009192388 	 1.6601862
0.015423494 	 2.688514
0.005556255 	 0.85832644
0.024298178 	 2.2326076
0.010257279 	 1.3099453
0.005115278 	 1.7021114
0.009691017 	 1.7215322
0.02581926 	 3.7271056
0.03147125 	 2.194506
0.02592459 	 1.9447448
0.036247842 	 2.2307858
0.031089528 	 2.5676825
0.031089528 	 2.1179483
0.0363667 	 1.2412639
0.052354205 	 3.0803444
0.030487137 	 1.5291748
0.03962009 	 1.3907106
0.031089282 	 1.2733886
0.021241017 	 1.7504207
0.039996956 	 3.3222928
0.056744646 	 1.625083
0.047025822 	 1.5530639
0.054540377 	 2.2734723
0.03333225 	 1.7178622
0.047371868 	 1.7668048
0.040965326 	 1.8458306
0.04850857 	 2.033145
0.049253523 	 1.3557884
0.04768365 	 1.1202422
0.0406832 	 1.4201782
0.06211233 	 1.3602818
0.091619685 	 2.0999525
0.04705069 	 2.796657
0.059542578 	 1.9397211
0.037091278 	 1.9143319
0.010385192 	 2.1222599
0.020541944 	 0.77084476
0.035562538 	 1.4018939
0.056238648 	 2.034723
0.030490395 	 1.3571701
0.020495098 	 1.0660999
0.025800973 	 1.391933
0.031803768 	 2.0467558
0.041361958 	 1.5696099
0.041686222 	 2.4309227
0.021969518 	 1.3315425
0.030303173 	 1.6788359
0.020622015 	 1.8462758
0.029735275 	 1.7463729
0.011220526 	 1.3845797
0.020447157 	 1.4059725
0.050615363 	 1.8085239
0.23007418 	 1.5971451
0.27502736 	 2.0534384
0.25111702 	 1.3174925
0.095915824 	 2.566551
0.06833607 	 1.8005718
0.047190394 	 13.651002
0.0837595 	 3.5351737
0.05775407 	 2.9743943
0.046302132 	 2.723657
0.04619794 	 4.5840936
0.047004957 	 2.5491645
0.04341974 	 1.6363261
0.057113886 	 3.6396968
0.02887047 	 3.6246777
0.05584603 	 3.433619
0.046695452 	 2.3877099
0.03104249 	 1.6483605
0.045574408 	 3.1899545
0.04167106 	 3.3326828
0.030028151 	 2.2801664
0.04782044 	 3.9329426
0.046877958 	 2.2542474
0.033256147 	 2.6445262
0.013717007 	 2.7931921
0.005133491 	 0.83469325
0.02454536 	 1.7681689
0.035263527 	 4.2527714
0.030033987 	 1.537034
0.04816063 	 2.3955324
0.07962411 	 3.443595
0.06535145 	 5.2779193
0.06869327 	 3.6195083
0.06864188 	 2.3214874
0.06453801 	 1.9871302
0.06865701 	 4.1467695
0.047422867 	 2.9966471
0.072703235 	 2.0826914
0.41985807 	 2.321415
0.17166369 	 2.2812364
0.14281085 	 3.1848934
0.07410723 	 3.891769
0.1432884 	 4.140417
0.13641769 	 1.9451295
0.17844868 	 2.8862345
0.13557442 	 1.946495
0.09820944 	 2.3875384
0.0796152 	 2.3877246
0.075345635 	 2.1000552
0.059758894 	 3.332177
0.036366142 	 3.5825818
0.04166901 	 2.3037415
0.044890724 	 1.7757341
0.059557192 	 2.3161707
0.064856656 	 3.6736176
0.06240584 	 1.7271007
0.054547235 	 2.5996695
0.05933112 	 3.3347254
0.052201968 	 1.9473667
0.17284769 	 2.1423554
0.21069954 	 1.9780608
0.2828931 	 1.3312703
0.26700228 	 1.6828218
0.20873052 	 1.9105226
0.14858985 	 2.7579517
0.097010516 	 3.084093
0.0917706 	 1.6192634
0.08621475 	 2.9756203
0.053813994 	 3.8894615
0.09180973 	 4.5895476
0.0416751 	 3.1912844
0.042006366 	 1.5856274
0.06842881 	 3.6686287
0.046898697 	 2.880202
0.032037858 	 3.4625618
0.107671365 	 2.428167
0.17249945 	 2.6756074
0.2905318 	 1.6565108
0.31928712 	 1.6596173
0.37224275 	 1.3690271
0.32719103 	 2.07888
0.40803918 	 1.7463927
0.37633103 	 1.8292127
0.33161783 	 1.2802746
0.27590883 	 1.3277677
0.3345517 	 1.6258649
0.28210506 	 1.2093319
0.26002496 	 0.837164
0.24063635 	 1.3235774
0.27142164 	 1.685924
0.24918142 	 0.94154865
0.18515335 	 2.5336182
0.19746287 	 2.643027
0.19615394 	 3.1934857
0.041688334 	 2.5190673
0.11261465 	 3.000996
0.1046697 	 1.6643641
0.16004094 	 2.590645
0.16661341 	 2.3757484
0.1902929 	 2.1867754
0.1426108 	 2.7167861
0.14657855 	 2.1279802
0.21828099 	 2.4284463
0.15788603 	 2.4923728
0.12820028 	 1.1390711
0.10234242 	 1.9121948
0.11320053 	 2.5178654
0.13647398 	 2.2694635
0.16073103 	 2.9673371
0.15762278 	 3.1064715
0.16124116 	 1.9623171
Summary
-9.5367386e-07  -  0.8571927 ,  0.77084476  -  13.651002
accuracy:  100.0
equal predictions:  0
