TensorFlow version: 1.13.1
Found 939 images belonging to 1 classes.
argN = 3136
argN = 3136
0.45168594 	 0.7862126
0.5316423 	 0.839728
0.6116365 	 0.7346562
0.5320061 	 0.8303828
0.4290862 	 1.0520365
0.4307947 	 1.2048669
0.45657295 	 1.118329
0.44308227 	 1.1133839
0.38800374 	 1.2934527
0.19125095 	 1.253082
0.16620138 	 1.6533252
0.1668032 	 1.9055736
0.15412953 	 0.87019503
0.16768149 	 1.042286
0.29321826 	 1.1149153
0.34611025 	 0.8722629
0.38977575 	 0.71038026
0.29397878 	 0.5021004
0.2861319 	 0.51530606
0.25527358 	 0.59030646
0.28387898 	 0.67146975
0.18548292 	 0.7913656
0.2040626 	 0.9256946
0.19067805 	 0.8239837
0.20595358 	 1.3245804
0.16645345 	 1.7096095
0.19912362 	 1.7122431
0.19980721 	 1.8893179
0.22984838 	 1.7806696
0.3948501 	 0.55492806
0.4718445 	 0.5683852
0.41226986 	 0.51279986
0.435161 	 0.5758247
0.5267813 	 0.69353336
0.59040046 	 0.8992192
0.46356905 	 0.7595254
0.5011291 	 0.80879164
0.594353 	 0.8442339
0.65047824 	 0.7286295
0.5865753 	 0.8415811
0.6258725 	 0.846279
0.53131425 	 0.7319994
0.577265 	 0.75046533
0.62510085 	 0.8097336
0.35760453 	 0.9438974
0.1980399 	 1.8364561
0.15697034 	 1.5520246
0.13294607 	 1.8392946
0.3387038 	 0.8832158
0.38532928 	 0.5445108
0.3590241 	 0.50898343
0.28091455 	 0.48075092
0.2878427 	 0.49716797
0.44195414 	 0.7197971
0.29143506 	 0.6501137
0.2051563 	 0.75035256
0.2045614 	 0.87337035
0.13553673 	 1.5537286
0.102033325 	 1.4398658
0.109877035 	 1.6396263
0.19384614 	 1.4504182
0.28700766 	 1.1307019
0.4358286 	 0.92303705
0.5312747 	 0.55630237
0.51445246 	 0.51592016
0.5002452 	 0.54499024
0.5313601 	 0.55578536
0.33942565 	 0.87865365
0.5542809 	 0.7737126
0.41191888 	 0.9623054
0.36800453 	 0.95486546
0.3097348 	 0.97735864
0.34669954 	 0.95005757
0.32900143 	 0.9718776
0.2987925 	 1.3205682
0.21444309 	 1.2340968
0.25387314 	 1.6604882
0.34350833 	 1.0645272
0.19179215 	 0.91796964
0.27117813 	 0.7394902
0.27965087 	 1.0074021
0.34903565 	 0.7112443
0.3611165 	 0.3828385
0.3719941 	 0.32282323
0.35429412 	 0.28744423
0.30031192 	 0.35107422
0.24029757 	 0.65844613
0.18459073 	 1.0155282
0.14669685 	 1.3716297
0.13077486 	 1.4985296
0.1847192 	 1.427828
0.20999052 	 1.2603755
0.16778602 	 0.89238095
0.16164345 	 1.026167
0.34821895 	 0.67769545
0.35803658 	 0.492204
0.36475414 	 0.6436551
0.35809183 	 0.67585146
0.36121768 	 0.57744503
0.3646858 	 0.4599886
0.34883454 	 0.551249
0.35561866 	 0.62365067
0.35784578 	 0.7809297
0.33325785 	 0.76273525
0.31409258 	 0.5418719
0.3056875 	 0.7048653
0.29688936 	 0.5100535
0.31714106 	 0.53962207
0.29419145 	 0.67790914
0.25861847 	 0.6466839
0.27673906 	 0.6489549
0.2460096 	 0.57438433
0.22571342 	 0.7036435
0.23654157 	 0.7687125
0.23711772 	 0.65235955
0.23326094 	 0.62146777
0.22770931 	 0.7045092
0.21981815 	 0.80980223
0.21367265 	 0.6662837
0.24097116 	 0.69430333
0.22729294 	 0.7615497
0.23525433 	 1.0281025
0.20446493 	 0.8146709
0.204486 	 0.6533275
0.20638578 	 0.88077146
0.21206208 	 0.9528058
0.21124834 	 0.88571715
0.2054104 	 0.7779962
0.22108185 	 0.8439893
0.21809483 	 0.8966272
0.22459634 	 0.75807333
0.22322445 	 0.76518327
0.18733074 	 1.0337672
0.17291982 	 0.9988964
0.16028468 	 0.66815317
0.16926254 	 0.69433594
0.15975042 	 0.8294747
0.14783332 	 0.72584456
0.14719641 	 0.83685505
0.15466858 	 0.8999887
0.14441364 	 0.811881
0.14936958 	 0.7032146
0.15123597 	 1.0589622
0.15193464 	 0.9004343
0.14532742 	 0.8265561
0.15356797 	 1.3125701
0.14356029 	 0.87429434
0.11572494 	 0.6790136
0.11446094 	 0.7316924
0.10903629 	 0.9424741
0.10857183 	 0.79148626
0.109123304 	 1.2199441
0.11929324 	 0.7252714
0.11179052 	 0.8217054
0.118986994 	 0.7440629
0.11559707 	 0.6833332
0.12798654 	 0.6687675
0.124205776 	 0.7581152
0.13260145 	 0.80358887
0.11222614 	 0.6567598
0.13964415 	 0.733953
0.14833581 	 0.91897213
0.16327238 	 0.78514385
0.16896197 	 0.8896806
0.17529476 	 0.84655416
0.19605336 	 0.881973
0.19306746 	 0.7833012
0.18759228 	 0.5941809
0.17368422 	 0.74864566
0.16213638 	 0.75730306
0.15839499 	 0.788221
0.14702614 	 0.65813404
0.14576375 	 0.71680623
0.15670767 	 0.93360585
0.15961672 	 0.56423515
0.17043105 	 0.69268227
0.16112702 	 1.0074432
0.16344433 	 0.69130623
0.15729688 	 0.7639058
0.1422165 	 0.7616401
0.13573353 	 0.78195745
0.13693601 	 0.6401534
0.13906093 	 0.7318402
0.124425404 	 0.8176049
0.119700365 	 0.7523305
0.09909977 	 1.2073182
0.09796506 	 0.75939816
0.09979495 	 1.1456928
0.10471345 	 0.84736776
0.10640337 	 0.8635335
0.4130419 	 0.5048694
0.40065682 	 0.6936828
0.40548402 	 0.57847935
0.41688743 	 0.63731235
0.30311692 	 0.58122474
0.2886257 	 0.43548247
0.29615495 	 0.5962502
0.30630052 	 0.6919034
0.3006476 	 0.4337558
0.3091246 	 0.54757214
0.31341732 	 0.8158465
0.33004093 	 0.5412302
0.34893754 	 0.6811025
0.37630326 	 0.5535719
0.3585142 	 0.76701933
0.34113872 	 0.40753987
0.3422287 	 0.7601138
0.3357235 	 0.5840517
0.33180586 	 0.5053268
0.3127947 	 0.6247039
0.3255308 	 0.56800205
0.3189749 	 0.48684037
0.3004334 	 0.7094427
0.28925362 	 0.47532132
0.29320636 	 0.7153886
0.3022957 	 0.8032211
0.28952 	 0.65038687
0.30692345 	 0.7208754
0.339372 	 0.5964994
0.3217939 	 0.7622772
0.33676857 	 0.6644456
0.32280463 	 0.61875504
0.378338 	 0.74883646
0.3593222 	 0.54973435
0.38202393 	 0.5989765
0.39688176 	 0.61419994
0.37954935 	 0.5092019
0.3375871 	 0.54101926
0.3472125 	 0.75378907
0.3100256 	 0.79336256
0.34670612 	 0.3407033
0.38155845 	 0.5731704
0.42472833 	 0.43598896
0.41558313 	 0.59779763
0.41399178 	 0.6402175
0.3978928 	 0.6821671
0.349856 	 0.9771906
0.33313933 	 0.5183835
0.30311668 	 0.5198922
0.2959905 	 0.48557577
0.29831907 	 0.654635
0.31717125 	 0.69066083
0.31363636 	 0.6107994
0.30156663 	 0.58404607
0.33047515 	 0.48622283
0.27153167 	 0.33736756
0.28131878 	 0.6724441
0.27360925 	 0.3724723
0.2600773 	 0.6399367
0.26112136 	 0.5739826
0.24583705 	 0.51413167
0.2374574 	 0.8098802
0.24416314 	 0.41676208
0.25141212 	 0.406268
0.24477097 	 0.588047
0.2550578 	 0.6369102
0.25514674 	 0.4695718
0.27100015 	 0.65673727
0.28786075 	 0.6057501
0.31601903 	 0.46237168
0.33872488 	 0.6407523
0.32996765 	 0.5315095
0.31383672 	 0.6137605
0.43827668 	 0.6192711
0.46590742 	 0.6419817
0.36186036 	 0.38370183
0.2895039 	 0.5275557
0.2660691 	 0.76854473
0.24423254 	 0.568825
0.239872 	 0.5237758
0.2161044 	 0.43227115
0.21334738 	 0.447641
0.22554281 	 0.48820317
0.25562695 	 0.4414713
0.25846037 	 0.67792404
0.26212648 	 0.54005384
0.29692364 	 0.5582479
0.38040376 	 0.48876333
0.37879825 	 0.5272948
0.39717546 	 0.64172286
0.42133862 	 0.5456231
0.43699145 	 0.70382506
0.4649096 	 0.6876623
0.44582847 	 0.679121
0.44968936 	 0.6792459
0.43437347 	 0.75133157
0.43264756 	 0.7572967
0.46598664 	 0.7892416
0.5101138 	 0.66348505
0.53684723 	 0.68924856
0.52283967 	 0.7769936
0.47313973 	 0.67997336
0.3662438 	 0.77786785
0.35813454 	 0.55685073
0.33262947 	 0.6252902
0.3302566 	 0.606887
0.2838934 	 0.59716207
0.26333135 	 0.47517982
0.23302096 	 0.53018934
0.21438643 	 0.6510226
0.22347336 	 0.5054054
0.21606897 	 0.47918096
0.20485711 	 0.505254
0.2176142 	 0.7063841
0.22385815 	 0.57318145
0.26670435 	 0.5155384
0.2626668 	 0.532102
0.27333015 	 0.5433617
0.24232775 	 0.4520231
0.23366949 	 0.68199086
0.2536214 	 0.53050804
0.25643975 	 0.5419141
0.25282672 	 0.7070352
Summary
0.09796506  -  0.65047824 ,  0.28744423  -  1.9055736
accuracy:  99.0
equal predictions:  0
TensorFlow version: 1.13.1
Found 939 images belonging to 1 classes.
argN = 3136
argN = 3136
0.2505639 	 0.99685943
0.23277126 	 1.1039263
0.14917111 	 0.6250944
0.15411882 	 0.8007514
0.08094078 	 1.4137391
0.07658828 	 0.6508917
0.21568456 	 0.87539315
0.23649384 	 1.0751742
0.25540486 	 1.0138929
0.23406035 	 0.76341563
0.1812707 	 0.7337625
0.15793489 	 1.3576212
0.1448602 	 0.7368096
0.12917578 	 1.2426888
0.19997159 	 0.6192258
0.19875701 	 0.7630682
0.17248762 	 0.73650867
0.1941631 	 0.64997804
0.19408883 	 0.5362961
0.14213069 	 0.8075579
0.107080884 	 0.70481706
0.08320299 	 0.8140718
0.08767833 	 0.8762675
0.09232275 	 1.2798152
0.10289331 	 1.2476375
0.11387652 	 0.72322524
0.109074645 	 1.0103588
0.11152947 	 0.9219161
0.17221533 	 1.4702973
0.22552198 	 1.1339668
0.25381836 	 0.79445183
0.24527808 	 0.61265194
0.26157057 	 0.719566
0.265514 	 0.7797458
0.31566837 	 1.4127944
0.25497004 	 0.7494855
0.25757524 	 1.4897369
0.20866376 	 1.2857893
0.22686218 	 1.2821847
0.20393673 	 0.79741836
0.28647918 	 0.72197086
0.12846294 	 0.8032485
0.17924514 	 0.81808186
0.15661342 	 0.81172615
0.14248906 	 1.4959556
0.12178342 	 0.82167196
0.18105794 	 0.7355203
0.11859473 	 1.022764
0.11964991 	 0.6931939
0.12623048 	 0.9087609
0.07475055 	 0.8946593
0.05859322 	 0.75039047
0.063298054 	 1.1856948
0.056810446 	 0.58128566
0.06642253 	 1.1199778
0.09014935 	 1.0943229
0.17630653 	 0.822436
0.2173846 	 0.7420985
0.21445668 	 0.7653036
0.20291796 	 1.3442739
0.20494579 	 0.7873142
0.20849825 	 1.0908724
0.2477625 	 0.91102296
0.20690764 	 0.90461296
0.14178948 	 1.2797384
0.11867607 	 0.72653913
0.13069938 	 0.64630276
0.16911584 	 1.2806298
0.16735525 	 0.5940748
0.17113428 	 1.215993
0.17692669 	 1.1295543
0.11433156 	 0.8885886
0.21644337 	 0.6707449
0.1166651 	 0.6217239
0.13967958 	 0.7791502
0.16124193 	 0.8370742
0.15342279 	 0.8699877
0.14150222 	 1.5662491
0.04830531 	 0.80533093
0.05769282 	 0.79277724
0.06420587 	 0.9727576
0.06015501 	 1.8103793
0.08323376 	 0.73579323
0.11625708 	 0.7954362
0.08721822 	 1.6751869
0.15920484 	 0.36232522
0.15427765 	 0.59176266
0.15014964 	 0.5323606
0.1484819 	 0.7196028
0.16171834 	 0.35069215
0.19158688 	 0.48056728
0.14764892 	 0.36724108
0.16308503 	 0.5590265
0.14580926 	 0.7972052
0.16515093 	 0.8217069
0.1533902 	 0.4122985
0.16100322 	 0.43116173
0.16200455 	 0.4391848
0.16378942 	 0.82903695
0.14409973 	 0.68794686
0.13439362 	 0.7568142
0.12805617 	 0.7062108
0.12565152 	 0.67310876
0.103766195 	 0.40298006
0.10447031 	 0.8699638
0.110002644 	 0.5655091
0.09307936 	 0.4091925
0.10043761 	 0.6456948
0.087937325 	 0.57499707
0.095768556 	 0.24945171
0.08233517 	 0.33875784
0.08160863 	 0.4187147
0.07764371 	 0.36579815
0.07317435 	 0.54681635
0.07037823 	 0.29270807
0.074844465 	 0.4002845
0.07461606 	 0.5088932
0.06713595 	 0.5184225
0.07235434 	 0.41095018
0.06855774 	 0.42318407
0.07611832 	 0.72729164
0.06567213 	 0.957406
0.07258318 	 0.34997752
0.06702664 	 0.8053995
0.06327075 	 0.40749443
0.049266357 	 0.3171292
0.05624306 	 0.6405995
0.057107765 	 0.5137763
0.055647135 	 1.3516655
0.047444303 	 0.290998
0.04699665 	 0.4216438
0.04500787 	 0.31499317
0.04765639 	 0.5268003
0.04238886 	 0.60773563
0.04795306 	 0.28247374
0.04899546 	 0.67980915
0.05168684 	 0.848378
0.0559032 	 0.58234274
0.049912125 	 0.5280982
0.047802247 	 0.47280008
0.053490866 	 0.38494974
0.05229843 	 0.38202637
0.05941075 	 1.1481959
0.05578496 	 0.6401542
0.051928394 	 0.35024914
0.054938775 	 0.5509069
0.050368294 	 1.3137494
0.054337583 	 0.4570648
0.05221553 	 0.5447069
0.05093731 	 0.35253116
0.05678212 	 0.42685503
0.0625149 	 0.3562556
0.060090445 	 0.5932797
0.06548769 	 0.61263734
0.06224141 	 0.364934
0.06574787 	 0.6893131
0.062124066 	 0.9343806
0.06686234 	 0.70407754
0.06437507 	 0.29392624
0.072319284 	 0.58557755
0.06426733 	 0.87892634
0.06301437 	 0.8850891
0.07809415 	 0.35800195
0.081568666 	 1.1576151
0.09568742 	 0.32332638
0.08555544 	 0.36193398
0.087320134 	 1.1686143
0.09463008 	 0.7502902
0.09335547 	 0.33614442
0.10594437 	 0.25003
0.11085613 	 0.31939477
0.12190441 	 0.6207306
0.11822314 	 0.79003155
0.12949304 	 0.6111369
0.121853106 	 0.84528834
0.13631536 	 0.7446374
0.120879464 	 0.34012592
0.1273888 	 0.4181862
0.12243075 	 1.0317385
0.12351562 	 0.5012926
0.13301586 	 0.65562034
0.11751752 	 0.9137397
0.1300813 	 0.7099418
0.13399437 	 0.32242185
0.121316634 	 0.7987517
0.12813653 	 0.5993202
0.11951039 	 0.56994724
0.11035362 	 0.36773828
0.111993045 	 0.46274444
0.112665415 	 0.42111966
0.10071404 	 0.5101069
0.09030402 	 0.8518455
0.098066896 	 1.2805946
0.093408145 	 0.36862046
0.07297198 	 0.65031767
0.07610192 	 0.37806934
0.3045805 	 0.7160446
0.32203677 	 0.659713
0.24133605 	 0.9306164
0.18595459 	 0.59432715
0.19419958 	 0.39507046
0.19649477 	 0.64961827
0.2000607 	 0.53444326
0.23120049 	 0.71282595
0.2371073 	 0.70533943
0.21276137 	 0.7690374
0.23838656 	 0.7415352
0.20781837 	 0.8706567
0.23502925 	 0.6688333
0.20541061 	 0.8154882
0.21094756 	 0.8697483
0.20498617 	 0.6836383
0.22397089 	 0.73182255
0.20390143 	 1.3405162
0.21334177 	 0.64688224
0.20963512 	 1.0229529
0.20511964 	 1.0360252
0.22085005 	 0.9023913
0.22428681 	 0.857909
0.2525833 	 0.98841965
0.25555354 	 0.7728634
0.2474316 	 0.6114858
0.32287475 	 0.7044019
0.31328312 	 1.1193647
0.30491066 	 0.75512373
0.2759478 	 0.881128
0.27250385 	 0.79921526
0.19864635 	 0.85418844
0.20066349 	 0.80145615
0.20001818 	 0.9915455
0.302312 	 0.6901261
0.2980465 	 0.8622089
0.29541528 	 0.5001804
0.26242253 	 1.0746303
0.24515034 	 0.68885475
0.24040255 	 0.92035335
0.22727236 	 0.8484673
0.22166732 	 0.84518826
0.1896278 	 0.7942479
0.19827281 	 0.74626374
0.19161764 	 0.824667
0.20681222 	 1.0738068
0.20008726 	 0.8632113
0.21142475 	 0.9386422
0.18775639 	 0.8288565
0.18648164 	 0.8289382
0.17383371 	 1.0270656
0.17003298 	 0.85002965
0.16957773 	 0.5538792
0.17226015 	 0.9184856
0.18437962 	 0.72213316
0.2040066 	 0.5672175
0.1812615 	 1.0037091
0.17974754 	 0.7884519
0.17328437 	 0.8974778
0.17221612 	 1.0495725
0.17428182 	 0.9186421
0.2050829 	 0.74571353
0.20682709 	 0.61467856
0.2390036 	 0.7552789
0.2664256 	 0.9201982
0.23345432 	 0.76924837
0.23452693 	 0.8909095
0.23641033 	 0.9250098
0.2146217 	 0.51461756
0.21721394 	 0.5512513
0.20742129 	 0.8942977
0.17665923 	 0.8119691
0.18527278 	 0.7930874
0.17700621 	 0.8863498
0.16761748 	 0.8837981
0.17363742 	 0.9036611
0.168305 	 0.7299159
0.15262415 	 0.7557035
0.15393199 	 0.8230663
0.15392943 	 0.633451
0.17247473 	 0.72630817
0.16824377 	 1.3014208
0.18682954 	 0.718835
0.19555327 	 0.48204494
0.20659894 	 1.016103
0.30183583 	 0.65714645
0.33004922 	 0.7493201
0.39158168 	 0.76552325
0.40984327 	 0.7996118
0.40677986 	 0.69105166
0.40927804 	 0.77786607
0.40650058 	 0.7434803
0.35827696 	 0.77182585
0.33272323 	 0.72968036
0.26574704 	 0.7139904
0.22949855 	 1.0530446
0.2193588 	 0.8386808
0.19080448 	 0.6179577
0.1885783 	 0.6999937
0.18547066 	 0.75958467
0.18828352 	 1.0096629
0.18821862 	 0.646285
0.18945964 	 0.56897277
0.19932912 	 0.7455983
0.19321583 	 0.88422346
0.18204696 	 0.7181086
0.22001012 	 0.85518515
0.22266503 	 1.00567
0.22086164 	 0.5105569
0.20810318 	 0.92268455
0.20237452 	 0.7321396
0.18937781 	 0.632635
0.19481687 	 0.72476876
0.18832994 	 0.90198404
0.18100537 	 0.89242256
0.17635538 	 0.82159346
0.17157361 	 0.82163537
Summary
0.04238886  -  0.40984327 ,  0.24945171  -  1.8103793
accuracy:  100.0
equal predictions:  0
TensorFlow version: 1.13.1
Found 939 images belonging to 1 classes.
argN = 3136
argN = 3136
0.55955315 	 0.97605246
0.5794083 	 0.95288694
0.26687136 	 1.282504
0.20600046 	 1.3274301
0.15322082 	 1.4987122
0.12930168 	 1.5317748
0.13500045 	 1.3572241
0.16302714 	 1.048294
0.1890031 	 1.3554155
0.17973071 	 1.243317
0.16917203 	 1.3648614
0.16488253 	 1.4867196
0.17667487 	 1.3736166
0.1951585 	 1.3246304
0.21296526 	 1.3022797
0.35632676 	 0.9714079
0.3016353 	 0.9083009
0.5096688 	 0.7508686
0.3071568 	 0.9426836
0.21582723 	 1.0384295
0.2387816 	 1.0667561
0.109495245 	 1.4269738
0.10388165 	 1.2124596
0.095951386 	 1.4917396
0.10966903 	 1.2300208
0.1714928 	 1.2623029
0.7258266 	 0.842687
0.7741912 	 0.8243411
0.75665474 	 0.7909286
0.7285099 	 0.729848
0.5651466 	 1.0114976
0.48117408 	 1.1878078
0.49431446 	 1.0164533
0.36060125 	 0.97164017
0.2981138 	 1.1496376
0.29154953 	 1.0605394
0.34894338 	 0.8787558
0.25296256 	 1.0158532
0.084696285 	 1.455088
0.091191776 	 1.1884099
0.08500688 	 1.3481146
0.08263066 	 1.3692383
0.08488897 	 1.3534107
0.13919225 	 1.1166201
0.44490126 	 0.73037845
0.30002707 	 1.0741781
0.28445712 	 1.1169349
0.30259186 	 1.0974259
0.49687257 	 0.7372315
0.5345872 	 0.7628155
0.5433617 	 0.73831046
0.40291005 	 0.90470797
0.27364844 	 1.1236954
0.23151523 	 1.0808587
0.20260426 	 0.9634243
0.14022408 	 1.3702074
0.104676515 	 1.613086
0.08121233 	 1.5252278
0.071532056 	 1.6785161
0.052839454 	 1.0917512
0.06313487 	 1.55902
0.055990376 	 1.6247742
0.07502794 	 1.1497595
0.103409074 	 1.7023611
0.2339903 	 1.2200487
0.57376254 	 0.79474807
0.5721617 	 0.81817317
0.5916232 	 0.77205855
0.30917922 	 1.136843
0.30927706 	 0.857522
0.34216753 	 1.0624008
0.34482175 	 1.040344
0.3933462 	 1.1033462
0.53734523 	 0.8636856
0.45723295 	 0.83684695
0.44533446 	 0.9654459
0.22656533 	 1.1613978
0.11530365 	 1.2824038
0.33164707 	 0.9737182
0.37687612 	 1.0147104
0.17505586 	 1.4004734
0.24023905 	 1.1759548
0.28810394 	 0.9290819
0.4264964 	 0.8556595
0.42471996 	 0.7590509
0.5271906 	 0.748502
0.5448783 	 0.72081876
0.28945684 	 0.93520707
0.20289999 	 1.1919904
0.17968291 	 1.1086348
0.16910449 	 1.5129209
0.114005774 	 1.563114
0.09433613 	 1.6112006
0.082487665 	 1.3123577
0.09550896 	 1.4762963
0.12738617 	 1.3506941
0.19187583 	 1.2312098
0.16528381 	 1.2649533
0.58285654 	 0.68354994
0.6186752 	 0.63546115
0.5531155 	 0.6630213
0.5699146 	 0.6802167
0.66427696 	 0.67892194
0.6309399 	 0.68070567
0.60643154 	 0.6606695
0.6112127 	 0.68483275
0.6164833 	 0.6503172
0.65253663 	 0.61330473
0.604762 	 0.66018265
0.60630757 	 0.6379272
0.6098695 	 0.6482471
0.617449 	 0.69054264
0.5992453 	 0.6064532
0.5578405 	 0.60944396
0.57370466 	 0.7154313
0.584279 	 0.6065534
0.53119034 	 0.66699004
0.49147153 	 0.7835831
0.46936288 	 0.7502815
0.44273755 	 0.63504356
0.38875276 	 0.69798625
0.3633007 	 0.84065366
0.33533072 	 0.5581986
0.25855014 	 0.7361635
0.21200652 	 0.5734795
0.20593557 	 0.6104843
0.18185806 	 0.7298385
0.1765529 	 0.792942
0.17975383 	 0.7986892
0.17542687 	 0.61643845
0.18983762 	 0.8170546
0.17688599 	 0.6959561
0.18445948 	 1.0873436
0.161361 	 0.8309577
0.17157948 	 0.757793
0.15730198 	 0.84769714
0.17499025 	 0.63982934
0.16530716 	 0.60137963
0.15626961 	 0.7769131
0.14593361 	 0.7842841
0.12718768 	 0.82242554
0.12293256 	 0.8588248
0.124418855 	 0.81894106
0.11363002 	 0.9413654
0.108690366 	 0.65342903
0.104494 	 0.7695814
0.111266024 	 0.75516623
0.10322877 	 0.61018234
0.10190455 	 0.7593215
0.105394386 	 0.5499333
0.09792443 	 0.86270434
0.09535021 	 0.944031
0.097455315 	 0.9805416
0.097373314 	 0.67185605
0.08721126 	 0.6179294
0.09682559 	 0.592789
0.09511511 	 0.87679094
0.10696194 	 0.87957954
0.09923293 	 0.8447609
0.107028745 	 0.9011892
0.094228975 	 0.5482218
0.09404744 	 0.46235502
0.089871526 	 0.7361717
0.09421568 	 0.67919767
0.10580231 	 1.1200376
0.11777129 	 0.57180417
0.11449977 	 0.61074644
0.104913145 	 0.58504796
0.117520206 	 0.9952206
0.11062375 	 0.86864203
0.11906528 	 0.79673624
0.11059412 	 1.1041634
0.10952943 	 0.8271284
0.12700474 	 0.78862274
0.12528054 	 0.5047747
0.12762105 	 1.0385976
0.13240859 	 0.9141461
0.12780635 	 0.72664195
0.1416888 	 0.66769916
0.12932311 	 0.72859955
0.13837914 	 0.6581758
0.1358113 	 0.831341
0.12969783 	 0.87219477
0.13236327 	 0.71022236
0.13196798 	 0.78141266
0.13912368 	 0.79036885
0.14261231 	 0.65415305
0.16484872 	 0.88429415
0.15662722 	 0.65334654
0.17073347 	 0.95522624
0.20075208 	 0.72039396
0.19721977 	 0.75733584
0.20442237 	 0.8444531
0.21688819 	 1.055345
0.21629566 	 0.8238578
0.20679088 	 0.7450497
0.2008892 	 0.5960985
0.18466529 	 0.80127895
0.16790114 	 0.75924116
0.16182871 	 0.57782626
0.1733527 	 0.6582108
0.15565704 	 0.824282
0.13967739 	 0.9668071
0.14103512 	 0.89338475
0.115523405 	 0.80889827
0.08900181 	 0.8959083
0.08500007 	 0.76285475
0.080065176 	 0.95669323
0.431273 	 0.6529425
0.4408347 	 0.6778441
0.45620942 	 0.70069253
0.39754927 	 0.7337001
0.39882314 	 0.76659226
0.38147455 	 0.7469467
0.36552647 	 0.58763415
0.35872918 	 0.7113755
0.30605653 	 0.72235286
0.30903494 	 0.50250244
0.31403464 	 0.635216
0.34307548 	 0.7595806
0.35743546 	 0.8133481
0.3558815 	 0.5530391
0.33476284 	 0.61105484
0.3591394 	 0.74166447
0.33595407 	 0.67189604
0.32691675 	 0.7867425
0.30870828 	 0.6341666
0.3292129 	 0.72318834
0.3355022 	 0.9351591
0.32591647 	 0.72761416
0.30526713 	 0.7818694
0.3095291 	 0.8164808
0.30110064 	 0.86336684
0.30231142 	 0.7960448
0.31602085 	 0.7625994
0.33352813 	 0.8398764
0.32433856 	 0.89775014
0.35198215 	 0.7173693
0.33276248 	 0.635476
0.32174236 	 0.8881219
0.3302494 	 0.94850105
0.3192617 	 0.82478
0.3255572 	 0.5020482
0.30089915 	 0.77640367
0.3247455 	 0.72382057
0.30768552 	 0.8495829
0.32083714 	 0.5087086
0.3123125 	 0.7682093
0.3692904 	 0.5832591
0.36465165 	 0.6869557
0.28069845 	 0.667817
0.26813436 	 0.86225814
0.2700559 	 0.86797845
0.27123415 	 0.8022973
0.24958779 	 0.4529304
0.26111254 	 0.95151365
0.26833442 	 0.5898071
0.26802713 	 0.78540593
0.23297311 	 0.85160834
0.22599544 	 0.83031994
0.25037447 	 0.76330745
0.23698582 	 0.57449985
0.32312545 	 0.8106979
0.2956945 	 0.46201286
0.29600635 	 0.81933993
0.29350793 	 0.57198906
0.31827644 	 0.7840108
0.30046517 	 0.81713116
0.3080842 	 0.7861786
0.3128937 	 0.8133844
0.31992975 	 0.6307958
0.32758415 	 0.5764534
0.34208015 	 0.5243752
0.30398837 	 0.8096607
0.32781634 	 0.7062381
0.30404362 	 0.85157603
0.28102696 	 0.66357785
0.2773055 	 0.7649093
0.26524016 	 0.7452294
0.2566925 	 0.736338
0.2326087 	 0.87043554
0.26626647 	 0.5834655
0.31471634 	 0.7618704
0.44662964 	 0.7977051
0.43678847 	 0.9059326
0.45966876 	 0.7054351
0.4583005 	 0.63503003
0.44227847 	 0.6573998
0.46280608 	 0.7258531
0.49563038 	 0.71632147
0.46527344 	 0.6781866
0.46642974 	 0.6403941
0.45811135 	 0.6671741
0.5148136 	 0.6550533
0.5048815 	 0.6695568
0.5038359 	 0.6324899
0.5917222 	 0.63821125
0.5760684 	 0.7042342
0.58067834 	 0.68101335
0.42579594 	 0.6391776
0.29446626 	 0.80862796
0.28019026 	 0.82627046
0.26984626 	 0.75721264
0.29094714 	 0.46090505
0.27201286 	 0.7891084
0.23946099 	 0.8558845
0.24305408 	 0.6645584
0.23210828 	 0.93133646
0.23125719 	 0.6352933
0.2545025 	 0.911638
0.26826286 	 0.8384512
0.25204155 	 0.6493499
0.24344854 	 0.81592935
Summary
0.052839454  -  0.7741912 ,  0.4529304  -  1.7023611
accuracy:  99.7
equal predictions:  0
TensorFlow version: 1.13.1
Found 939 images belonging to 1 classes.
argN = 3136
argN = 3136
0.46196574 	 0.7041566
0.64782345 	 0.6984781
0.61621225 	 0.6987233
0.57650465 	 0.70119065
0.5310571 	 0.7192432
0.509666 	 0.85392153
0.47259888 	 0.67574155
0.48499283 	 0.9448657
0.4534852 	 0.9121089
0.38751018 	 0.91487396
0.29337427 	 1.6328444
0.16250256 	 1.0200049
0.1586984 	 1.1852825
0.18476193 	 1.0785221
0.34063274 	 0.830905
0.3532179 	 0.88337725
0.47297493 	 0.63996685
0.45284703 	 0.60566074
0.44944996 	 0.5971588
0.4388282 	 0.5285218
0.3975407 	 0.658424
0.37514064 	 0.6117088
0.46987432 	 0.5605583
0.23708425 	 0.9577515
0.19478957 	 0.93118036
0.19055991 	 1.0787725
0.21121962 	 1.4568753
0.21278296 	 0.8515798
0.22511937 	 1.8631068
0.21212979 	 0.6864426
0.21861216 	 1.2147455
0.25446805 	 1.1668959
0.32278505 	 1.4342111
0.37193534 	 1.1614195
0.48617885 	 0.80289644
0.5226338 	 0.6546366
0.51344246 	 0.577974
0.4947103 	 0.5884971
0.4217781 	 0.6592709
0.45792422 	 0.5500672
0.42781347 	 0.8819652
0.627668 	 0.7592059
0.55480504 	 0.70685756
0.55800503 	 0.68184245
0.5740048 	 0.6883008
0.47315314 	 0.81376404
0.48583153 	 0.751151
0.44454977 	 0.65673417
0.37253788 	 0.73202235
0.32477963 	 0.83064705
0.3122897 	 1.2006545
0.21513377 	 0.7865891
0.20050053 	 1.302779
0.20484234 	 1.0453215
0.14678554 	 1.4119902
0.15682565 	 1.0275011
0.14926238 	 1.6275016
0.14271508 	 1.5239507
0.2937419 	 0.8306067
0.33418348 	 1.0063018
0.40417504 	 0.67127585
0.41128215 	 0.55265856
0.38122863 	 0.5293517
0.36794716 	 0.516717
0.48670566 	 0.64040136
0.50401706 	 0.6114396
0.25660336 	 0.708692
0.2485155 	 0.6759325
0.21610166 	 0.93952703
0.24591425 	 1.0708839
0.2363818 	 0.75165457
0.24167685 	 0.86175203
0.11589607 	 1.308295
0.12924613 	 1.3430059
0.12012351 	 1.1524657
0.12906694 	 0.74431735
0.1243606 	 1.3982238
0.15028872 	 1.2979984
0.5182053 	 0.5898046
0.48087922 	 0.75164664
0.5121459 	 0.5615933
0.5688162 	 0.6157578
0.60385454 	 0.64245254
0.6001141 	 0.692393
0.55315083 	 0.77368224
0.47075933 	 0.7377049
0.48246065 	 0.75552064
0.45648262 	 0.75029033
0.40756387 	 0.8417285
0.3312794 	 1.1877371
0.26045048 	 1.209545
0.218017 	 0.9483964
0.23188923 	 1.2077487
0.2579264 	 1.1812682
0.25337455 	 0.7516887
0.29504982 	 0.7542454
0.30667013 	 0.9595475
0.2943888 	 0.95760876
0.3182916 	 0.9936018
0.34520224 	 0.93418545
0.38074666 	 0.8795074
0.47860324 	 0.6399019
0.30194214 	 1.126828
0.28984144 	 1.1055769
0.28150368 	 0.84722465
0.21497524 	 1.017768
0.1600767 	 1.4870976
0.24041574 	 0.9742809
0.21019687 	 1.1438599
0.14950031 	 1.5493855
0.48935723 	 0.6810045
0.48464438 	 0.6548313
0.47595784 	 0.64896995
0.47763604 	 0.5610728
0.49703628 	 0.68056816
0.47284046 	 0.5801864
0.4791103 	 0.47263303
0.44895455 	 0.4711111
0.4146653 	 0.7610235
0.3786433 	 0.6744568
0.33097795 	 0.79172724
0.34081224 	 0.62813574
0.3002662 	 0.6472009
0.2946817 	 0.8031588
0.29127538 	 0.5549614
0.29800498 	 0.70535666
0.29164952 	 0.6657474
0.29273498 	 0.78567374
0.2987206 	 0.7966179
0.29182738 	 0.5399769
0.28271237 	 0.64089066
0.28423184 	 0.7036988
0.2736546 	 0.6419893
0.2696905 	 0.88033926
0.263833 	 0.6166014
0.26262587 	 0.70243126
0.26221356 	 0.8735612
0.26219922 	 0.6940992
0.2600283 	 0.6891259
0.260575 	 0.6312543
0.26102224 	 0.79585195
0.24966085 	 0.8374571
0.23073521 	 0.971692
0.21571252 	 0.8315905
0.19854581 	 0.5953661
0.19478704 	 1.1270813
0.20369425 	 0.71497
0.19235009 	 1.0296304
0.1637171 	 0.61290306
0.15525715 	 0.5580659
0.14990601 	 0.6171405
0.15043157 	 0.80635923
0.17334959 	 0.4896164
0.16995993 	 0.71168923
0.16638489 	 0.8693444
0.17382145 	 0.8069846
0.17567211 	 0.7333141
0.16782734 	 0.78302985
0.18198161 	 0.5994246
0.18154718 	 0.75349677
0.17988946 	 0.67757213
0.19217758 	 0.6699523
0.179088 	 0.7535697
0.1794675 	 1.1180694
0.19210947 	 0.8126982
0.19311619 	 0.7024943
0.20011544 	 0.6566412
0.20041336 	 0.8145717
0.19728658 	 0.6060086
0.18222596 	 0.7267624
0.19460441 	 0.6063032
0.2121732 	 0.8132563
0.21109264 	 0.85090834
0.20996486 	 0.756024
0.2353293 	 0.6605382
0.23122077 	 0.64232856
0.23114686 	 0.7342913
0.22600746 	 0.6931163
0.23938389 	 0.6460666
0.22758843 	 0.6536432
0.22724326 	 0.90101767
0.22561385 	 0.6511554
0.22329785 	 0.74377245
0.23818466 	 0.8602628
0.22000343 	 0.79080015
0.22052793 	 0.63385177
0.20763533 	 0.57058066
0.19587782 	 0.8112228
0.2062016 	 0.65083975
0.21075885 	 0.68008775
0.20964563 	 0.7740306
0.21340735 	 0.58735347
0.22446741 	 0.74586415
0.21771194 	 0.55786055
0.20835121 	 0.5513071
0.20725459 	 0.6364433
0.20736533 	 0.8478431
0.22024418 	 0.5287267
0.16202101 	 0.48333097
0.14952274 	 0.62601215
0.15227634 	 0.64817667
0.14414531 	 0.913304
0.32638723 	 0.4139117
0.35357413 	 0.44783702
0.3575563 	 0.5268033
0.32449117 	 0.5325541
0.2989125 	 0.46753332
0.2867731 	 0.4217274
0.28461707 	 0.43416688
0.29078522 	 0.42788404
0.28719383 	 0.4300093
0.31613776 	 0.6067853
0.32967338 	 0.41766194
0.35607058 	 0.48837072
0.34877864 	 0.47968155
0.33737877 	 0.5004074
0.31203544 	 0.75966585
0.32645836 	 0.5867307
0.30505395 	 0.4950788
0.31928575 	 0.43666643
0.31493807 	 0.8025135
0.30752015 	 0.5617511
0.27525857 	 0.5018221
0.26638246 	 0.42417642
0.3122273 	 0.44528794
0.310959 	 0.64316624
0.35122478 	 0.6538439
0.30649567 	 0.402509
0.3127042 	 0.65611154
0.29825833 	 0.43332222
0.295668 	 0.4583532
0.2974359 	 0.4088755
0.32887256 	 0.4834133
0.44375703 	 0.4302584
0.4138935 	 0.44611698
0.4035958 	 0.5049532
0.30066916 	 0.3800099
0.25800285 	 0.6096998
0.27560666 	 0.3710381
0.29982367 	 0.5110059
0.2999795 	 0.5138859
0.34621796 	 0.5579661
0.33960226 	 0.61084527
0.379478 	 0.5697757
0.40547776 	 0.43065044
0.37643456 	 0.55187595
0.31324902 	 0.59847265
0.3047599 	 0.6425119
0.29843602 	 0.6037342
0.27987596 	 0.4715282
0.25416845 	 0.5597274
0.25415483 	 0.5018355
0.25038734 	 0.56159604
0.25365797 	 0.55255723
0.27171782 	 0.5127388
0.28901428 	 0.40038806
0.30091524 	 0.6131655
0.31438124 	 0.39254546
0.3233203 	 0.5339933
0.34908712 	 0.56890655
0.35233545 	 0.45104668
0.36862856 	 0.5410746
0.37693164 	 0.5726687
0.36206254 	 0.56119186
0.3741169 	 0.5057047
0.3950478 	 0.6428424
0.40970552 	 0.60156214
0.4566243 	 0.5443351
0.44313 	 0.56847453
0.40680063 	 0.57728785
0.39170453 	 0.64422625
0.3737813 	 0.46273005
0.33302963 	 0.4966384
0.31441674 	 0.6734471
0.32499805 	 0.5248637
0.28138876 	 0.44221976
0.2679965 	 0.52390367
0.26229227 	 0.649886
0.26041707 	 0.5045026
0.27960575 	 0.5966705
0.3363126 	 0.57158065
0.37459177 	 0.53690463
0.40046313 	 0.55932915
0.4930496 	 0.65923816
0.47097084 	 0.7384799
0.45702374 	 0.5854467
0.45525366 	 0.6790956
0.45139626 	 0.765835
0.5091758 	 0.77264565
0.5024051 	 0.590615
0.5032761 	 0.67797583
0.48677063 	 0.69973767
0.4880644 	 0.7650489
0.47905546 	 0.69988155
0.44102338 	 0.7133154
0.42668313 	 0.65126467
0.36513346 	 0.5832271
0.299121 	 0.5585765
0.2871272 	 0.47342986
0.30044088 	 0.9153669
0.28222108 	 0.5174212
0.25643665 	 0.64946324
0.27706864 	 0.38274524
0.2807915 	 0.51177347
0.3120776 	 0.5069933
0.2974091 	 0.42364392
0.27920246 	 0.5195287
0.27897042 	 0.44721675
0.29143226 	 0.48136082
0.2776226 	 0.59769416
0.2767209 	 0.5196818
0.29078132 	 0.49484685
0.29200265 	 0.48511124
Summary
0.11589607  -  0.64782345 ,  0.3710381  -  1.8631068
accuracy:  99.4
equal predictions:  0
