TensorFlow version: 1.13.1
Found 939 images belonging to 1 classes.
argN = 49
argN = 49
0.9457061 	 1.2562641
0.65342355 	 0.69379324
0.651161 	 2.5902746
0.35173142 	 0.98885155
0.86550295 	 0.8307317
0.4678675 	 0.58091754
0.4722944 	 1.0661864
0.26030463 	 2.74661
0.42901042 	 2.257772
0.05412307 	 1.1939895
0.084295 	 1.1447709
0.12036665 	 1.9050328
0.4190082 	 1.0797939
0.18529962 	 2.0406928
0.5402484 	 1.6617514
0.5735736 	 1.7190005
0.3829411 	 0.49498767
0.1315508 	 0.91280806
0.38289312 	 1.2074816
0.21974663 	 1.4403088
0.01696726 	 0.6944305
0.058011558 	 1.6031762
0.4319215 	 0.32336634
0.6249367 	 1.6363811
0.7410082 	 1.1619406
0.6438637 	 2.025133
0.2995251 	 0.20456462
0.4475398 	 1.5378194
0.48925212 	 1.0693805
1.339793 	 0.8924143
0.985408 	 1.1800226
0.5614346 	 0.92763567
0.6243651 	 0.4004852
0.5625189 	 1.0443376
0.523628 	 0.9612177
0.44532433 	 0.7565323
0.15362808 	 0.35026565
0.0022117498 	 3.202563
0.34637806 	 0.4000467
0.09023624 	 2.091347
0.06535895 	 2.2317455
0.045440353 	 1.738331
0.020776212 	 0.99540603
0.1542426 	 0.42636263
0.0017508089 	 2.0803623
0.010769755 	 2.4858358
0.22787869 	 2.577137
0.22924192 	 1.5756018
0.3015051 	 1.7540433
0.46032947 	 0.9983476
0.39268288 	 1.2365236
0.29156014 	 1.5377638
0.13032864 	 0.6882797
0.50699526 	 0.40991133
0.26483974 	 1.0902764
0.18990017 	 0.5983801
0.021904998 	 1.5384856
0.0048899804 	 0.7851454
0.004058659 	 2.14331
0.08302895 	 2.928191
0.13561325 	 1.1538281
0.1804363 	 0.9070954
0.22161473 	 0.9160032
0.09052788 	 1.1837628
0.23853764 	 0.9233059
0.8293426 	 0.9503699
0.3777497 	 0.7156879
0.5009044 	 0.65641123
0.34666717 	 0.79055333
0.39418197 	 0.9337197
0.5135601 	 0.7955202
0.19514182 	 0.57866836
0.55632263 	 0.7766863
0.48508984 	 0.55212754
0.21884382 	 0.4178972
0.23760758 	 0.9850116
0.14018293 	 1.2509308
0.045110937 	 2.1115704
0.002278896 	 2.8289497
0.00045780884 	 1.2548403
0.07645689 	 0.85000694
0.1171058 	 1.6986111
0.20282413 	 0.8609935
0.22674312 	 2.4580016
0.14740941 	 1.5172075
0.10004946 	 1.871511
0.12300778 	 1.4435599
0.026130755 	 1.1020999
0.003334353 	 2.8551404
0.089730024 	 2.6514006
0.096439034 	 2.2496245
0.11199964 	 1.1829344
0.05713364 	 1.62641
0.0370927 	 2.0847132
0.041057546 	 1.7536047
0.034965165 	 1.7130787
0.0128430575 	 0.4303503
0.18161994 	 2.3922553
0.114418834 	 1.1034425
0.14231533 	 1.9759952
0.054319147 	 1.9596893
0.053762604 	 1.2974749
0.050637808 	 1.171167
0.043248758 	 1.8383974
0.043254983 	 1.6305666
0.042784873 	 2.2201843
0.06556641 	 1.3006024
0.062244516 	 2.0888484
0.042588618 	 1.5648913
0.03878939 	 2.2714977
0.051291864 	 0.9322998
0.071940996 	 1.6539513
0.060930233 	 0.7807868
0.08277834 	 1.0849056
0.030571265 	 2.9613678
0.122455 	 2.0161972
0.10503059 	 1.6183646
0.10107694 	 2.2662
0.12079337 	 2.0020676
0.14450166 	 1.6720954
0.12907942 	 0.93719614
0.14274815 	 0.3958659
0.18835036 	 1.1261512
0.116523385 	 1.8498219
0.12442426 	 1.766522
0.060917564 	 1.7589141
0.054748494 	 0.9349693
0.07129244 	 0.9207204
0.047704402 	 1.6628451
0.06926847 	 2.6486764
0.05124142 	 0.96279126
0.055594392 	 1.4199947
0.039952293 	 1.5335191
0.071951754 	 1.4443543
0.081971385 	 2.3717222
0.17612652 	 1.9863613
0.099886954 	 1.7194911
0.1393982 	 0.7442122
0.072989605 	 1.7311492
0.07618193 	 1.1529202
0.11595028 	 0.9990131
0.08176224 	 1.5528208
0.08679088 	 1.0051966
0.06324376 	 0.9527491
0.04428925 	 1.8241018
0.043786272 	 1.1260905
0.012410322 	 1.0920104
0.024872346 	 1.5662647
0.034558784 	 1.8218459
0.037606988 	 1.8305182
0.009869963 	 1.9510396
0.0021803887 	 0.69685227
0.005123486 	 0.7210276
0.0012855445 	 2.0054119
0.0013126999 	 1.6889669
0.00019886087 	 2.949361
0.0010299024 	 2.0692768
0.0012398296 	 3.274181
0.0023742467 	 3.6161883
0.035715904 	 3.212647
0.08716047 	 3.6636646
0.10837159 	 1.1770052
0.072592415 	 1.1133833
0.13416177 	 1.457489
0.11873164 	 0.744001
0.1803839 	 0.37897542
0.114524834 	 1.0678852
0.17493275 	 0.41507858
0.2714294 	 1.5681316
0.115622364 	 1.78343
0.12876432 	 1.3374904
0.08164834 	 0.8300931
0.08827224 	 0.7217222
0.04775654 	 1.8653262
0.04366871 	 1.250309
0.04493505 	 2.9157138
0.049830113 	 1.788439
0.06535787 	 2.3505015
0.028083837 	 2.329766
0.024343127 	 0.26559737
0.054158494 	 1.7604759
0.03698093 	 1.5808569
0.04201159 	 1.604515
0.029581778 	 0.67646337
0.04170381 	 1.2094343
0.0630969 	 0.8947895
0.06779981 	 1.4141121
0.046443105 	 1.8662153
0.061320793 	 0.7335169
0.062394988 	 1.4436773
0.022725806 	 1.3540297
0.026396506 	 1.048581
0.00890158 	 1.4438568
0.007159889 	 2.1798916
0.004111685 	 1.4511893
0.10747371 	 2.0973184
0.08579986 	 1.4108499
0.09182685 	 1.0041738
0.047039192 	 1.5573657
0.0352823 	 1.1576735
0.03239125 	 1.4817117
0.035786204 	 1.346561
0.013557973 	 2.405053
0.04536114 	 1.7129253
0.10927428 	 1.1801716
0.07234895 	 1.5010836
0.03482234 	 1.0806406
0.021120716 	 2.7705274
0.06547585 	 1.8813561
0.026518606 	 1.5000075
0.028330548 	 1.4469573
0.06647279 	 1.4485381
0.039921958 	 0.61762494
0.042838812 	 1.2330997
0.01895645 	 1.8636765
0.002684199 	 1.9205413
0.0009559192 	 1.00393
0.007277981 	 2.2756886
0.023043169 	 1.4507722
0.002431844 	 1.3719851
0.0015703245 	 0.5173264
0.0043204045 	 0.64944434
0.020808224 	 1.3215375
0.0020989736 	 2.5392113
0.0048067872 	 2.6081076
0.001043745 	 2.297206
0.00056199124 	 1.0006467
0.040841077 	 1.6548508
0.5118808 	 1.3393033
0.21570548 	 1.1480287
0.21404284 	 1.5487403
0.04102165 	 0.9914437
0.1222286 	 1.3684988
0.094023734 	 1.3957205
0.12045788 	 1.7673634
0.14454442 	 1.5410858
0.13199505 	 1.2383554
0.049641617 	 1.2681046
0.03897604 	 1.9211891
0.18546693 	 1.0557799
0.53480995 	 1.2201537
0.07818122 	 1.1842699
0.10745937 	 2.9523497
0.10652716 	 2.6714745
0.057956167 	 1.6976572
0.035376836 	 1.7778885
0.08698443 	 1.5126814
0.09584504 	 1.1170156
0.048593227 	 1.8073531
0.019683715 	 1.0357522
0.022865754 	 1.4381286
0.0026323842 	 3.2789102
0.016907668 	 2.8225222
0.03590025 	 1.1721219
0.02208718 	 2.0887556
0.04126201 	 0.96681213
0.047316436 	 2.1086738
0.06523043 	 2.5701423
0.053008694 	 1.9187039
0.05868259 	 1.8343917
0.03710841 	 1.606208
0.10184462 	 1.4677999
0.101569265 	 1.3989732
0.17991978 	 1.0395164
0.19446792 	 0.74439085
0.48393884 	 0.5548602
0.14645985 	 0.7657546
0.17207557 	 1.2484761
0.24007846 	 1.0661906
0.19662936 	 1.659168
0.04527008 	 1.977945
0.062357813 	 1.4384812
0.09101341 	 1.6131877
0.0068388246 	 2.4279163
0.06844234 	 1.8516189
0.03645355 	 0.9995513
0.0763129 	 2.251597
0.10254105 	 0.8832746
0.22109501 	 1.6397138
0.1648904 	 1.2767544
0.33207607 	 0.9694989
0.3559399 	 0.26221377
0.32602903 	 0.68672967
0.33214563 	 0.35483962
0.43650547 	 0.4024247
0.43496594 	 0.5188713
0.45223096 	 0.49216735
0.3656916 	 0.53737557
0.38593775 	 0.59542274
0.18608518 	 0.47879103
0.3288956 	 0.63455933
0.27602604 	 0.9094382
0.21449782 	 0.83820903
0.1577424 	 1.1953341
0.20880404 	 1.5645605
0.11732762 	 1.1896131
0.14198613 	 1.3786532
0.1544532 	 1.7263293
0.10541862 	 1.5457051
0.1098483 	 1.9288089
0.1190783 	 1.4613302
0.1698498 	 1.2221379
0.25040266 	 0.6937136
0.2120497 	 0.81173754
0.10348343 	 1.3683189
0.17547952 	 1.0541341
0.17268546 	 1.5381498
0.15197328 	 1.1643448
0.09074649 	 0.73682517
0.13117553 	 0.72689885
0.12640145 	 0.82806957
0.07981266 	 1.5758598
0.1354209 	 1.391556
Summary
0.00019886087  -  1.339793 ,  0.20456462  -  3.6636646
accuracy:  97.4
equal predictions:  0
TensorFlow version: 1.13.1
Found 939 images belonging to 1 classes.
argN = 49
argN = 49
1.1271111 	 2.1322145
0.9702082 	 1.2057055
0.33891124 	 0.5638559
0.11466854 	 0.5358673
0.17114998 	 2.5803046
0.24514364 	 2.3362417
0.42124635 	 1.7631803
0.1394901 	 2.5225446
0.07308085 	 1.9174172
0.051143177 	 1.5547923
0.044030037 	 1.9567468
0.3621759 	 1.0351198
0.3970259 	 1.0695379
0.26009098 	 0.9870412
0.5527842 	 0.62464833
0.38827112 	 0.9914851
0.5054703 	 1.6072468
0.6400097 	 2.3358164
0.3713149 	 1.5993536
0.44419885 	 0.7926723
0.38380548 	 0.84106475
0.43089005 	 1.0743806
0.28797212 	 0.7438567
0.42673293 	 1.1479939
0.5057031 	 1.0274512
0.457972 	 1.2748609
0.4512302 	 1.4063625
0.030677097 	 1.0018873
0.004877941 	 2.6536214
0.0041520847 	 1.7829176
0.038401153 	 2.8015723
0.26494226 	 1.512578
0.448015 	 0.8532489
0.5666929 	 0.8476181
0.508889 	 1.2586596
0.34462446 	 0.6601347
0.3626065 	 0.81307
0.8919448 	 1.140933
0.4470758 	 2.5800827
0.37671545 	 1.1719793
0.4369001 	 3.1093562
0.4180396 	 1.8372287
1.1263815 	 0.33247736
1.2026278 	 1.5859289
1.1829185 	 1.4135963
1.0295943 	 0.7946136
0.69404525 	 1.5320572
0.29648793 	 1.143086
0.39083663 	 0.59834623
0.41311207 	 1.0674584
0.18611512 	 1.30077
0.06570955 	 2.7004263
0.020649457 	 2.3791432
0.270007 	 0.89979243
0.28542355 	 0.5941699
0.645217 	 1.0645034
0.53595173 	 0.72169936
0.49516153 	 1.8038195
0.21886571 	 0.76203716
0.28252655 	 2.5470617
0.21786697 	 0.6910483
0.2957243 	 0.8075805
0.23560809 	 2.1161005
0.21152034 	 1.754824
0.06549672 	 2.382522
0.117679365 	 0.84013736
0.1052873 	 1.5048333
0.17577757 	 0.9786376
0.19449507 	 1.6906499
0.16297017 	 0.8095953
0.41471034 	 0.438516
0.51195437 	 1.9438243
0.5688313 	 1.9704245
0.61165637 	 1.8286022
0.16454737 	 1.5152079
0.214164 	 1.2993242
0.39053816 	 1.1927487
0.47584656 	 0.78598905
0.21855521 	 1.6681817
0.5637834 	 1.0636508
0.19481406 	 0.746918
0.12263678 	 1.6283364
0.030019797 	 2.1673145
0.02166011 	 2.844618
0.13493435 	 1.0740215
0.07099241 	 2.0928216
0.2015649 	 1.6646141
0.39931753 	 1.3314348
0.15168793 	 0.48666105
0.28462997 	 1.0486743
0.1032751 	 1.5569748
0.047545247 	 1.293067
0.16234845 	 1.9161831
0.095346935 	 2.7658558
0.06829721 	 1.1752515
0.020586846 	 2.1030312
0.04420695 	 2.041042
0.089251965 	 2.0209816
0.1560343 	 2.5675852
0.09700559 	 1.531106
0.09153751 	 2.0146995
0.12152123 	 2.905201
0.067921005 	 0.558255
0.06001057 	 0.63797116
0.052287817 	 2.5283043
0.026576936 	 2.716171
0.009960682 	 1.5466487
0.015417744 	 1.5395523
0.054050904 	 1.762731
0.007979615 	 1.5791034
0.004474922 	 2.7590444
0.0026945383 	 1.7369924
0.0016380844 	 1.7767242
0.0032680328 	 1.6704161
0.0030918184 	 1.1095015
0.022221856 	 2.5826063
0.04441 	 0.6577196
0.011339822 	 0.33516937
0.017972618 	 1.4352461
0.020029241 	 1.5356556
0.125992 	 2.1371155
0.10102478 	 3.5303543
0.16044919 	 0.6023879
0.13271293 	 2.8846447
0.14921477 	 1.9274421
0.14654446 	 1.370133
0.14784853 	 1.3403053
0.09070355 	 1.7303736
0.08805852 	 1.648248
0.08379904 	 1.8425585
0.058993302 	 0.44596112
0.08123547 	 1.7320763
0.087418675 	 2.2524736
0.08128079 	 1.8301246
0.05575149 	 1.5661646
0.07700342 	 3.5130353
0.06297064 	 3.7556973
0.04958731 	 2.4262092
0.07538509 	 2.0644681
0.05781103 	 2.0197074
0.011959436 	 1.4117388
0.08758171 	 1.4634851
0.04275215 	 3.4843798
0.05939323 	 1.1372552
0.030502623 	 1.3868754
0.023477418 	 2.6528182
0.061489 	 1.8258483
0.040981036 	 1.7543471
0.0099717 	 1.5924876
0.04028212 	 2.874155
0.014380422 	 2.483464
0.030960843 	 0.9640768
0.0011096791 	 0.7907874
0.0013047024 	 0.80215406
0.019904587 	 2.1973047
0.0034234046 	 3.8298218
0.0070294463 	 4.101067
0.013169136 	 1.5273091
0.028193882 	 1.2297697
0.029863678 	 2.7256887
0.010278355 	 1.5202534
0.0044472017 	 1.6707456
0.08835284 	 2.4308639
0.10659857 	 2.8173475
0.14939325 	 2.114422
0.1495964 	 1.5588747
0.12646699 	 1.9244981
0.09214248 	 2.0189877
0.111744136 	 1.1004254
0.10966451 	 1.8845413
0.10549407 	 0.68637663
0.16211641 	 1.8110006
0.08979575 	 0.7604422
0.07014228 	 1.8418943
0.0725173 	 1.3849301
0.08514187 	 2.2186244
0.008718778 	 1.6361121
0.02695939 	 1.5717785
0.048487235 	 1.7579591
0.026608888 	 1.3660246
0.05834348 	 2.0687723
0.06371711 	 0.98538214
0.051191922 	 1.565391
0.05794467 	 1.4534569
0.022024112 	 2.3960576
0.032000992 	 1.8013955
0.05135442 	 1.8721081
0.039540283 	 3.0579848
0.059434343 	 3.2202535
0.09929974 	 1.6322315
0.016758611 	 1.6162946
0.025451 	 1.8804334
0.0015912789 	 2.1810791
0.028034428 	 1.6493727
0.0063399356 	 1.1978153
0.011841152 	 1.6460239
0.0218127 	 2.2750373
0.01098722 	 3.08307
0.003903248 	 0.6688508
0.012173782 	 2.743754
0.021797836 	 0.5067662
0.033828024 	 2.3377242
0.007538649 	 0.7933801
0.011466246 	 1.676331
0.007718772 	 1.883324
0.0050817286 	 1.5023857
0.2565912 	 1.8722883
0.29000682 	 1.9198687
0.30863857 	 0.86165494
0.3366427 	 1.0086733
0.071636036 	 1.2452136
0.0143004265 	 2.499645
0.004340339 	 0.73910695
0.011015967 	 0.9826811
0.022315957 	 3.2806427
0.040144056 	 0.84035623
0.0006612341 	 2.4564788
0.024369266 	 2.9315448
0.013466926 	 2.5863626
0.0013045233 	 1.3770076
0.005389585 	 1.4703205
0.01850983 	 1.6062133
0.03352731 	 1.7227715
0.017705576 	 2.878198
0.001430879 	 0.4734927
0.00910661 	 2.48759
0.0090996325 	 2.2340698
1.12653415e-05 	 3.082017
1.7285496e-05 	 1.024752
0.0021885724 	 1.7193992
0.0035899868 	 1.4685605
0.002336189 	 0.5499041
0.0029743395 	 1.5471904
8.035029e-05 	 0.7862788
0.13558567 	 1.5835884
0.21214284 	 1.9195244
0.09272793 	 0.7792156
0.05158667 	 1.7900982
0.019301362 	 2.342542
0.04832345 	 1.1391801
0.042258214 	 2.0710285
0.47007594 	 1.0970596
0.5543863 	 1.0321709
0.06724323 	 2.463282
0.10792471 	 1.784589
0.016265655 	 3.2003825
0.049628526 	 1.775588
0.07878093 	 1.0581646
0.084089324 	 2.0911355
0.10483563 	 1.1653858
0.029359862 	 1.4661001
0.023092514 	 1.2420623
0.012113027 	 1.3007708
0.0619437 	 1.0134838
0.0039743977 	 1.9126774
0.025374638 	 2.9125311
0.025186785 	 0.8192623
0.038183462 	 2.3309321
0.029103508 	 2.2325947
0.030956171 	 2.2277637
0.02380027 	 1.2160305
0.07208531 	 1.8712504
0.052635312 	 1.9558825
0.12683989 	 1.927506
0.18934187 	 2.2165742
0.18330769 	 1.4817294
0.24951282 	 1.0516864
0.29032 	 0.9591699
0.2768738 	 1.1218979
0.30510706 	 1.0539953
0.3417369 	 0.97789323
0.18959415 	 0.91262573
0.25884947 	 0.67610526
0.19724068 	 0.91720045
0.22579432 	 1.0224761
0.15641575 	 1.6861885
0.21602805 	 1.8428596
0.13780808 	 2.2210443
0.19184977 	 2.6122992
0.15625218 	 2.1801357
0.093654886 	 1.4636922
0.11173833 	 1.4436281
0.11607471 	 1.5244509
0.1185405 	 1.5290031
0.12352479 	 3.8266838
0.09016338 	 2.5144272
0.011609209 	 0.9273557
0.06848382 	 1.9288948
0.030484004 	 2.0348818
0.18265066 	 1.1512759
0.20229417 	 1.4926487
0.2423933 	 1.6316907
0.14894992 	 2.1634433
0.22315903 	 0.43561387
0.3012669 	 1.0454865
0.32615447 	 0.76299495
0.27428895 	 0.9855677
0.3506676 	 0.7718191
0.24654229 	 1.5357583
0.1254896 	 0.9644114
0.20633969 	 1.6237655
0.13939396 	 1.6818111
0.07468138 	 1.304862
0.08815017 	 1.506513
0.110552184 	 1.6130202
0.15943424 	 0.98063725
0.08635269 	 0.95512664
0.13462995 	 1.6252897
0.21401279 	 1.4545773
0.13783607 	 1.5892833
0.07453701 	 1.927166
0.11538185 	 1.0190033
0.09422884 	 2.2325947
Summary
1.12653415e-05  -  1.2026278 ,  0.33247736  -  4.101067
accuracy:  99.4
equal predictions:  0
TensorFlow version: 1.13.1
Found 939 images belonging to 1 classes.
argN = 49
argN = 49
0.19797654 	 0.362912
0.16767493 	 0.4737948
0.22691587 	 1.0655358
0.08349485 	 0.681434
0.11819289 	 0.36134934
0.15086599 	 0.72179306
0.14275345 	 0.5285941
0.22776319 	 0.36590368
0.15557402 	 0.6357094
0.10102036 	 0.39266807
0.14031804 	 0.5469758
0.012019639 	 0.9033839
0.035241608 	 0.77609926
0.16421163 	 0.45765626
0.13017064 	 0.6395093
0.07551937 	 0.66365623
0.074934654 	 0.80476004
0.105817154 	 0.5338949
0.1944289 	 0.51114315
0.13323402 	 0.82668144
0.09513078 	 0.5451442
0.16373768 	 0.6271421
0.14419074 	 0.83631897
0.16148359 	 0.80042046
0.08564693 	 0.6061951
0.11049507 	 0.37212572
0.2625424 	 0.3911187
0.16864824 	 0.6452902
0.10037092 	 0.5400174
0.10232459 	 0.8693218
0.02503649 	 0.41130203
0.022252815 	 0.33895683
0.038213745 	 0.3528984
0.102170825 	 0.31235227
0.21323118 	 0.5516076
0.07513575 	 0.7762968
0.09715272 	 0.19716896
0.18713811 	 0.47777954
0.249524 	 0.40411943
0.08842602 	 0.67389554
0.17507304 	 0.8241359
0.27160227 	 0.8690994
0.068444826 	 0.3739094
0.15612133 	 0.70309263
0.14717238 	 0.558428
0.12806912 	 0.6869052
0.17562544 	 0.62057465
0.07623584 	 0.52568513
0.14194575 	 0.37763867
0.14454263 	 0.7991975
0.15542746 	 0.57337475
0.28835264 	 0.72977185
0.06479853 	 0.5783154
0.15846679 	 0.78146344
0.12678841 	 0.49210185
0.107876435 	 0.3420648
0.19060151 	 0.6554475
0.17394479 	 0.64786077
0.1575186 	 0.61466324
0.14213103 	 0.5476134
0.057431433 	 1.0517095
0.00818674 	 0.50494117
0.00904141 	 0.28827733
0.022716234 	 0.55436075
0.030465323 	 1.0369716
0.024798471 	 0.54743314
0.3257029 	 0.3971541
0.19880609 	 0.44662592
0.056512963 	 0.7423636
0.05747171 	 0.62770313
0.17901899 	 0.44204307
0.11062781 	 0.5383818
0.13477269 	 0.7070141
0.14201224 	 0.5002578
0.43082982 	 0.4724504
0.4053824 	 0.49787486
0.30437377 	 0.55359614
0.2500799 	 0.54693604
0.22194977 	 0.36645496
0.08034604 	 1.0097973
0.10351351 	 0.4121696
0.1667127 	 0.5154845
0.06448925 	 1.035961
0.16700709 	 0.4904358
0.19534202 	 0.35513425
0.18775293 	 0.64367586
0.1795732 	 0.52428555
0.12870337 	 0.46328178
0.15654965 	 0.7411508
0.16802762 	 0.5329123
0.12679808 	 0.55313164
0.086086825 	 0.72208387
0.10830212 	 0.33045208
0.05976965 	 0.57274
0.20522018 	 0.577795
0.10028526 	 0.664314
0.20803705 	 0.5047407
0.059853937 	 0.5817639
0.23349543 	 0.58792984
0.15518908 	 0.43582463
0.19825056 	 0.5613989
0.043012463 	 0.72849137
0.074510805 	 0.30324894
0.06642132 	 0.6320417
0.11870452 	 0.38090613
0.11633267 	 0.63142866
0.07716643 	 0.61370355
0.17283614 	 0.7892781
0.15573344 	 0.6321617
0.12532061 	 0.8427745
0.08357273 	 0.34974048
0.04210875 	 0.908257
0.0990822 	 0.5271975
0.04766108 	 0.43647856
0.058706865 	 0.41252717
0.17964782 	 0.470099
0.12342579 	 0.31172734
0.0964368 	 0.618731
0.110828295 	 0.29155537
0.18762004 	 0.6255861
0.17124279 	 0.512178
0.26667634 	 0.50397235
0.21999282 	 0.8494023
0.14005217 	 0.2549939
0.18085252 	 0.7576379
0.24928191 	 0.35652903
0.06371196 	 0.45770404
0.031545002 	 0.2395833
0.052239396 	 0.27816266
0.16614261 	 0.73908895
0.18575726 	 0.612548
0.095752284 	 0.754854
0.08589468 	 0.37036836
0.09415929 	 0.37979996
0.13679856 	 0.44284865
0.16880602 	 0.49947134
0.25691465 	 0.540859
0.12874296 	 0.4769928
0.09636066 	 0.6628291
0.10854578 	 0.57879615
0.14078403 	 0.38919696
0.14105132 	 1.0165251
0.2638354 	 0.9246826
0.21003073 	 0.51815766
0.18791217 	 0.69641286
0.21785067 	 0.5137149
0.21689352 	 0.4718571
0.14920273 	 0.7574757
0.17438677 	 0.53180027
0.2013429 	 0.54486084
0.18740249 	 0.79565
0.3036834 	 0.57835
0.24261495 	 0.65238863
0.19899088 	 0.6560685
0.30081862 	 0.7004287
0.23525041 	 0.42293966
0.19595706 	 0.5057896
0.17687304 	 0.54181194
0.25239852 	 0.55192304
0.2130472 	 0.5121273
0.12899038 	 0.50683576
0.11425598 	 0.4058121
0.0960393 	 0.65624267
0.122259915 	 0.48243958
0.09300112 	 0.6054609
0.08218639 	 0.461626
0.07700432 	 0.4120769
0.11480438 	 0.40435472
0.14953485 	 0.527662
0.15470129 	 0.6393053
0.124170616 	 0.43055347
0.14168495 	 0.84646326
0.12059989 	 0.51133484
0.0851749 	 0.59043336
0.13229898 	 0.45599592
0.05436112 	 0.7313989
0.12754895 	 0.474429
0.11095729 	 0.5076494
0.082179725 	 0.5091032
0.1213058 	 0.5923599
0.11795537 	 0.529859
0.12803863 	 0.61168593
0.08693736 	 0.52348804
0.092148356 	 0.26589438
0.08303018 	 0.4459221
0.07103362 	 0.58704716
0.08146313 	 0.6606547
0.13581635 	 0.67709255
0.07661981 	 0.89628404
0.08385453 	 0.79284704
0.035578966 	 0.87361
0.08873055 	 0.5893413
0.06903067 	 0.4350595
0.07303789 	 0.79044926
0.08266789 	 0.48150358
0.1265734 	 0.636996
0.05013382 	 0.5747079
0.11789166 	 0.6630555
0.059861213 	 0.7380804
0.07976818 	 0.7154586
0.027361711 	 0.7025477
0.042400613 	 0.88515395
0.027820578 	 0.96241105
0.102611914 	 0.7036435
0.093036056 	 1.1058826
0.11746953 	 0.9905962
0.07874101 	 1.0816926
0.05955169 	 0.8330913
0.02806839 	 1.7930176
0.06065641 	 0.81446373
0.13019739 	 0.91106343
0.123378314 	 0.8919466
0.09321865 	 0.6469979
0.082934916 	 0.992058
0.11007145 	 0.5922278
0.07698848 	 0.6504184
0.13046221 	 1.1125393
0.09916032 	 1.0276785
0.10973342 	 0.6608142
0.11494586 	 0.5481032
0.06676599 	 0.49766356
0.058509737 	 1.2349052
0.0644443 	 1.4562651
0.15568016 	 0.42777643
0.12631515 	 0.37628388
0.09867859 	 0.94280934
0.20525728 	 0.44247746
0.19407661 	 0.4991823
0.3336978 	 0.5502852
0.13174818 	 0.7364516
0.13895462 	 0.64902836
0.14268202 	 0.46040702
0.16538191 	 0.70951796
0.14486006 	 0.86187947
0.0883408 	 1.5829293
0.15699069 	 0.74466974
0.15751971 	 1.2184517
0.1846526 	 0.33088434
0.12753586 	 0.40560037
0.09441067 	 0.85756135
0.13759151 	 1.0712883
0.05560019 	 1.0998895
0.06105117 	 1.2564191
0.047176085 	 0.8217572
0.05955479 	 1.0424546
0.025507864 	 1.4003125
0.05580311 	 0.72726357
0.079312794 	 0.71006703
0.05226678 	 1.2875677
0.09712914 	 0.8549456
0.07776804 	 0.40872246
0.06963233 	 0.5488979
0.13522103 	 0.76449007
0.07896384 	 0.7040527
0.12475892 	 0.99114704
0.22827928 	 1.0208592
0.24115002 	 1.3546268
0.24128953 	 1.4748732
0.12355062 	 0.6009468
0.18286274 	 1.0760947
0.13537532 	 1.603925
0.15224622 	 1.147399
0.021233892 	 1.0117795
0.24512719 	 0.5945505
0.26100677 	 0.95157045
0.18503328 	 1.0607057
0.15652175 	 0.7383415
0.059090614 	 0.5925219
0.35637665 	 0.55691445
0.32682928 	 0.4821928
0.31730035 	 0.9413566
0.27591833 	 0.37288103
0.20209952 	 1.2095137
0.23051235 	 1.2035657
0.3087118 	 0.45012194
0.1226731 	 0.76460373
0.23613857 	 1.159939
0.14171275 	 0.8482481
0.20180869 	 1.0588471
0.29489002 	 1.085929
0.29163226 	 0.55435944
0.30506754 	 0.57363
0.2121015 	 0.9066516
0.15920427 	 0.50016886
0.2938554 	 0.80393267
0.2646381 	 0.5413568
0.17476748 	 1.4403423
0.22272654 	 0.8876736
0.27887854 	 0.48088068
0.21444677 	 0.55472547
0.17695598 	 0.47966683
0.17937 	 0.9488646
0.10600302 	 0.9705091
0.20765227 	 1.8304505
0.15462844 	 1.3446336
0.09291452 	 0.9796766
0.08230579 	 0.81878304
0.08681124 	 0.80214304
0.18950395 	 0.8325074
0.15032993 	 0.6743099
0.2730545 	 0.6862706
0.23674667 	 0.7009076
0.13708168 	 0.96568555
0.27039397 	 0.3291787
0.124148615 	 0.73207563
0.20310175 	 0.7061956
0.34656283 	 0.5506759
0.25131756 	 0.5598845
0.16029595 	 0.7008636
0.10824094 	 0.31553254
0.09413159 	 0.6439397
0.1209616 	 0.51464796
0.16656414 	 0.8556763
Summary
0.00818674  -  0.43082982 ,  0.19716896  -  1.8304505
accuracy:  100.0
equal predictions:  0
TensorFlow version: 1.13.1
Found 939 images belonging to 1 classes.
argN = 49
argN = 49
0.56676906 	 1.4453778
0.30377296 	 1.9741035
0.5368211 	 2.4894989
0.48139805 	 0.95959014
0.36805207 	 2.8855329
0.17612319 	 2.8166497
0.12975036 	 1.7450007
0.17700075 	 2.4065654
0.12321973 	 3.762421
0.18872124 	 3.7406776
0.090643056 	 0.97498256
0.039514117 	 1.5938138
0.33416665 	 1.5156387
0.47949785 	 2.0255563
0.4041697 	 2.3948987
0.6425678 	 2.2404208
0.55371225 	 0.53982127
0.5219781 	 0.9205004
0.25949758 	 1.0725958
0.25532085 	 1.9630342
0.47861537 	 1.673518
0.11870842 	 1.567573
0.25331926 	 2.5612557
0.15613937 	 1.121049
0.006754749 	 1.4949679
0.2028948 	 1.4632196
0.4186432 	 1.613875
0.763682 	 1.1275489
0.9383573 	 1.5392342
0.75601345 	 1.1728947
0.6640649 	 1.1060729
0.55836004 	 2.746858
0.20296264 	 1.2725672
0.37613496 	 2.1603637
0.27877283 	 1.9253225
0.6113199 	 1.0740246
0.7289259 	 1.6823109
0.4172174 	 2.4861581
0.1350557 	 1.6674215
0.19733435 	 1.0544949
0.24026164 	 0.6307061
0.16979533 	 0.32403293
0.05600418 	 1.5581952
0.08888988 	 2.8642194
0.013578032 	 2.2497828
0.0059031094 	 1.8504877
0.35789418 	 1.9925344
0.33322418 	 1.2456131
0.40322688 	 1.347912
0.1629518 	 3.5645742
0.17871156 	 2.2173882
0.25126758 	 1.5289611
0.13327093 	 1.1642164
0.47123682 	 0.97381467
0.3673053 	 0.954824
0.47987273 	 0.6351602
0.30453888 	 1.0461928
0.1572798 	 2.0573025
0.07208288 	 1.6117946
0.03973346 	 1.3317802
0.001667339 	 2.6692555
0.0066561596 	 1.9584649
0.34894127 	 0.968555
0.17986497 	 2.4536476
0.12399206 	 2.8851101
0.1183549 	 1.4780898
0.45135197 	 1.0344191
0.2937982 	 2.8075492
0.29868436 	 6.17808
0.16977853 	 1.4773022
0.39411655 	 1.7539152
0.32569042 	 1.502368
0.40793154 	 1.166997
0.12154438 	 2.2176428
0.07456783 	 2.015825
0.079741135 	 1.5199019
0.2219395 	 2.0095148
0.3101745 	 1.4571619
0.11788878 	 4.9100003
0.060820073 	 5.257067
0.0034338713 	 1.7047118
0.06825579 	 2.1542408
0.009611997 	 3.3058708
0.0013600892 	 2.6138496
0.026188634 	 2.292839
0.019692225 	 1.2251464
0.001083842 	 1.357469
0.0025089837 	 1.9573526
0.104426906 	 1.3667276
0.054555103 	 2.0864153
0.04418907 	 2.7165318
0.056911834 	 1.8130966
0.036103662 	 1.9123086
0.028751826 	 1.1880337
0.009533164 	 2.248144
0.009612539 	 1.5909452
0.0045800027 	 1.5350697
0.024447873 	 1.5335838
0.0055852053 	 3.3000245
0.027222482 	 1.693702
0.00964949 	 2.464498
0.002646249 	 2.2734098
0.004715936 	 1.4743704
0.005090775 	 2.070097
0.001374593 	 1.2439853
0.00038774378 	 2.6291852
0.0068768742 	 1.3350178
0.00028179085 	 0.8859383
0.020859102 	 3.3431466
0.019463804 	 1.5401989
0.014944385 	 2.2757525
0.036985323 	 2.1983874
0.04011384 	 2.1542933
0.0045502437 	 1.9594625
0.045666862 	 2.619079
0.046101127 	 2.1131628
0.033993583 	 1.3384116
0.032630097 	 0.4191824
0.021341236 	 1.7740009
0.03420203 	 1.3304951
0.033092804 	 2.2219422
0.061965007 	 2.1851337
0.04519475 	 1.3680012
0.026596831 	 1.7162207
0.00812887 	 2.3446639
0.02830927 	 2.9811866
0.021849558 	 2.3044333
0.035729434 	 2.2570438
0.032528553 	 1.9284276
0.02171432 	 0.52948344
0.035666984 	 1.5105891
0.024050627 	 1.9069953
0.007070564 	 0.9203994
0.014789572 	 2.1240802
0.028178861 	 1.5374205
0.011774808 	 2.0323308
0.00635955 	 2.4094617
0.0056896834 	 1.977559
0.008476437 	 2.0207267
0.0066737407 	 2.320098
0.025116798 	 1.8127795
0.013879208 	 1.1432985
0.0029953234 	 3.1825557
0.0009203615 	 1.2398499
0.00024792645 	 2.0459073
0.0016947436 	 1.2598763
0.00032072442 	 2.4547534
0.0012469911 	 1.4055442
0.0010864077 	 3.064982
0.0043906854 	 0.535448
0.0010102128 	 1.5742533
0.00015271876 	 0.4557052
0.000664097 	 2.8618226
0.00026169862 	 3.0596635
0.00048160227 	 1.6759952
0.047379617 	 2.0645244
0.034245085 	 1.0492499
0.019675083 	 0.9804585
0.045925003 	 1.9721248
0.0598471 	 1.5629544
0.06252562 	 2.5676475
0.022126118 	 1.4279773
0.023336716 	 2.7238967
0.059763134 	 1.129404
0.02340975 	 2.1003253
0.03139215 	 1.3814896
0.0070665423 	 1.2362443
0.031044088 	 2.5690672
0.0109118335 	 2.402331
0.020167168 	 0.38520363
0.0036078729 	 1.0982087
0.0016635777 	 1.6534052
0.0049552703 	 1.22314
0.0039477684 	 1.6465628
0.033680987 	 0.78809464
0.0075275386 	 0.8062103
0.0011815253 	 0.7851887
0.0027971608 	 1.5533019
0.019935962 	 1.8309425
0.0314293 	 1.5376114
0.0075043575 	 1.7280552
0.0040217936 	 0.67883915
0.005917919 	 2.319945
0.005293647 	 2.1588774
0.003950401 	 1.7541194
0.0027628525 	 1.293513
0.014047904 	 1.1019006
0.004535035 	 1.0783838
0.010348755 	 0.8152121
0.0036200164 	 0.9157211
0.038054544 	 1.0699139
0.0045758113 	 1.0595366
0.15021156 	 1.3610324
0.10929802 	 4.171081
0.12574506 	 0.93466616
0.14148627 	 1.4269537
0.12128387 	 1.1941121
0.06541603 	 1.9919562
0.09580194 	 1.5222385
0.021517348 	 0.99534315
0.039273683 	 1.2054542
7.242226e-05 	 1.7640241
6.604413e-05 	 1.7034999
0.0017779769 	 2.7692728
0.0013853963 	 1.4617847
0.014279688 	 1.6126424
0.028567752 	 2.1517317
0.008660277 	 1.8276975
0.05339133 	 0.8470593
0.0019154404 	 1.4155841
0.014031885 	 2.78844
0.00019486657 	 3.037682
3.64191e-05 	 2.7289243
0.0013796067 	 1.4794651
0.0039263456 	 2.044464
0.0015519377 	 1.9698851
0.01583731 	 2.1121817
0.00034886724 	 3.6578693
0.012356552 	 1.1959022
0.021214167 	 2.482977
0.05968227 	 2.5951064
0.045028634 	 1.8987392
0.02161583 	 1.6347057
0.013179463 	 3.101783
0.0281075 	 3.766239
-3.576278e-07 	 1.5093021
9.954025e-06 	 5.803257
0.037254963 	 2.756181
0.07579061 	 2.2818732
0.020478427 	 1.1192054
0.068092436 	 1.4270483
0.03576279 	 1.4686383
0.039527882 	 2.0017529
0.08511149 	 1.2224312
0.07570104 	 3.269751
0.07937571 	 2.920246
0.06528941 	 2.5319982
0.0112104 	 0.9040791
0.023067933 	 2.2291224
0.032259136 	 0.7857053
0.041834753 	 1.2124015
0.065333314 	 1.4527806
0.06454659 	 1.0640007
0.037164334 	 1.7015854
0.03682947 	 1.9844481
0.023723118 	 2.3913164
0.0005291908 	 2.0978272
0.013429713 	 2.8676453
0.0045834156 	 1.7567991
0.0018737575 	 1.1846424
0.013674405 	 1.1445754
0.00013268874 	 2.5949707
0.042202443 	 1.3713119
0.002472594 	 2.7607884
0.032018594 	 1.6670842
0.009795504 	 1.1674412
0.11494125 	 1.2003585
0.03781155 	 1.0491358
0.04602336 	 1.0320264
0.2254559 	 1.3647608
0.19283766 	 2.096282
0.14839257 	 1.8685938
0.092195354 	 0.7654056
0.11792211 	 3.6800508
0.077906825 	 1.6100626
0.10341773 	 1.8154778
0.12155138 	 2.3603861
0.13744618 	 1.7754484
0.18400091 	 1.4141694
0.16486467 	 1.8361529
0.096437715 	 2.0998235
0.054123446 	 0.9829112
0.075979784 	 0.7630168
0.0013563291 	 1.8047143
0.029840525 	 3.3512802
0.002446602 	 1.9912632
0.016820801 	 2.2685213
0.006511204 	 2.6074567
0.021143971 	 1.5406456
0.036827676 	 1.8314223
0.040402636 	 2.1720614
0.28417316 	 0.48661083
0.16413732 	 1.1421708
0.31712788 	 1.2107805
0.29003063 	 0.7489566
0.28060633 	 0.6315716
0.41538465 	 0.5857303
0.23928992 	 0.7220446
0.27592683 	 0.62117064
0.2934359 	 0.44333872
0.22815429 	 0.4886548
0.21484356 	 0.62298685
0.3591476 	 0.5539652
0.287384 	 0.7373801
0.13558923 	 1.2345086
0.11855057 	 2.2250009
0.08623294 	 1.241154
0.06799367 	 1.3361843
0.050910406 	 2.2180037
0.05776689 	 2.8486428
0.046248008 	 1.0913798
0.14739434 	 1.0582397
0.09095393 	 1.1839995
0.12918575 	 2.4928918
0.075921655 	 0.9285307
0.15879893 	 1.6018906
0.17683057 	 1.3559519
0.08640123 	 1.8498197
0.11033245 	 1.0016733
0.024217628 	 1.1593447
0.07380706 	 2.7396853
0.10792849 	 2.343902
0.14340177 	 0.85875624
Summary
-3.576278e-07  -  0.9383573 ,  0.32403293  -  6.17808
accuracy:  99.7
equal predictions:  0
