TensorFlow version: 1.13.1
Found 939 images belonging to 1 classes.
argN = 3136
argN = 3136
0.41328758 	 2.097818
0.24289943 	 1.757359
0.2603351 	 1.6825299
0.24867661 	 1.4738276
0.12865327 	 1.7696055
0.055270247 	 1.4625378
0.027558003 	 1.8559537
0.021548772 	 1.7511052
0.037447885 	 1.6755033
0.018221216 	 1.6620388
0.060890257 	 1.420255
0.12551865 	 1.2917473
0.14032845 	 1.7261213
0.108495824 	 1.5132291
0.10231297 	 1.9312344
0.13130711 	 1.8720809
0.269245 	 1.2160367
0.31627038 	 1.4907655
0.19210881 	 1.5175594
0.032410584 	 1.7123438
0.03780592 	 1.0984714
0.03681228 	 1.9443952
0.58749175 	 1.8023485
0.6540736 	 1.8175673
0.5921426 	 1.6159865
0.4419341 	 1.5148551
0.40905666 	 1.3419982
0.4514366 	 1.6331338
0.20059931 	 1.6350523
0.37890044 	 1.4565548
0.46232662 	 1.7981092
0.44949695 	 1.6023598
0.042043418 	 1.7247669
0.04314613 	 1.7453266
0.054381575 	 1.986089
0.10198547 	 1.8799459
0.13319425 	 1.3441141
0.101181924 	 1.8520283
0.0976351 	 1.6033167
0.10992986 	 1.6221334
0.029018767 	 1.5794486
0.02515072 	 1.6616772
0.018043501 	 1.3225602
0.015005372 	 1.9196118
0.018151777 	 1.7849619
0.120174795 	 1.7536597
0.12771004 	 1.53421
0.091856904 	 1.3178048
0.10482106 	 1.7080561
0.11222107 	 1.9865103
0.029153215 	 1.9199659
0.031039355 	 1.7478166
0.0116752405 	 1.4221334
0.015453095 	 2.1258998
0.010311718 	 1.3619618
0.007445867 	 1.4355123
0.008402683 	 2.0602708
0.0099956 	 1.8736001
0.052593093 	 1.3941078
0.13508436 	 1.455661
0.14312339 	 1.8746572
0.10944617 	 1.9698449
0.11273967 	 1.5518181
0.07170621 	 1.8167394
0.05164259 	 1.7061638
0.03144603 	 1.6254593
0.03916979 	 0.9211083
0.03077212 	 1.6185333
0.05277605 	 1.5136788
0.08063274 	 1.2149881
0.08473495 	 2.132849
0.10113352 	 1.3258315
0.09417488 	 1.5879973
0.10479512 	 1.5057341
0.07963185 	 1.6383926
0.028067103 	 1.4249451
0.036397975 	 1.4755987
0.13964888 	 1.3157521
0.11915216 	 1.412742
0.18007113 	 1.0817299
0.08442853 	 1.2441231
0.108264856 	 1.3671074
0.13230878 	 1.5972286
0.12971465 	 1.3515444
0.1480148 	 1.411052
0.14789088 	 1.4500837
0.12630393 	 1.7921658
0.07654394 	 1.7101238
0.057494435 	 1.9258369
0.035130788 	 1.5283685
0.024925448 	 1.51441
0.02991944 	 2.228553
0.011765279 	 1.7443367
0.032921173 	 1.6738566
0.030522225 	 1.9509205
0.087951384 	 1.7719891
0.03991656 	 1.8313767
0.124428034 	 0.63301086
0.11765651 	 0.6213053
0.11080006 	 0.9080023
0.11931877 	 0.7940414
0.1201584 	 0.95873904
0.13866174 	 1.3004442
0.13957144 	 0.5954251
0.12594582 	 0.884737
0.1415533 	 0.665222
0.15020837 	 0.9099313
0.1419555 	 1.0167099
0.13566247 	 0.6677403
0.13131832 	 0.681529
0.14025651 	 0.73211503
0.13035451 	 0.88327086
0.13593748 	 0.6670944
0.13019142 	 0.735486
0.12119363 	 0.882152
0.10990199 	 0.57366455
0.09978507 	 0.56208515
0.07581427 	 0.9366339
0.06153274 	 0.717166
0.061357107 	 0.8411239
0.05782385 	 1.1037854
0.050010372 	 0.68965
0.043316104 	 0.6538824
0.037263934 	 0.5038649
0.025213007 	 0.41761252
0.031076798 	 0.72312915
0.03013331 	 1.0792819
0.029420508 	 1.08137
0.032043826 	 0.7116873
0.028860472 	 0.8722173
0.027721483 	 0.8983127
0.02756566 	 0.5764493
0.031319883 	 0.7777706
0.022933995 	 0.5210065
0.014018406 	 0.97379446
0.017205665 	 0.79539144
0.01534856 	 2.2743585
0.015189388 	 1.7186524
0.015615033 	 1.1296557
0.016540796 	 0.64218336
0.019721527 	 1.135574
0.012745979 	 0.41115788
0.015543051 	 0.93964064
0.018103646 	 0.7271728
0.014695208 	 0.61152124
0.014092092 	 0.6902451
0.013242156 	 1.0898982
0.010511014 	 1.4444674
0.010061103 	 1.5374951
0.011827702 	 0.5890795
0.014075892 	 0.9968754
0.012661949 	 0.6911666
0.009267343 	 1.0020972
0.011551563 	 1.0548457
0.010626249 	 0.5844381
0.0100302175 	 0.7506388
0.015523618 	 0.86286694
0.020196179 	 0.8289389
0.022076698 	 0.34447017
0.029058283 	 1.0317613
0.021552365 	 0.52086526
0.020538963 	 1.2968767
0.026139747 	 1.1748861
0.022583257 	 1.4895833
0.024672182 	 0.8468827
0.031656105 	 0.71996284
0.028139686 	 0.65771407
0.027519586 	 0.8988069
0.02891851 	 0.7194238
0.03141878 	 0.5520229
0.026788563 	 0.5151478
0.038422707 	 1.0641854
0.046299946 	 0.46802843
0.054565996 	 1.1641191
0.0920862 	 0.56618136
0.083474174 	 0.5759455
0.091956094 	 1.1027547
0.077767394 	 1.1445041
0.083627425 	 0.65306205
0.093801 	 0.41757715
0.09021569 	 1.1205478
0.08624457 	 1.2178653
0.0873751 	 0.44132888
0.08574193 	 1.1897005
0.07855563 	 1.2919
0.06626355 	 0.5981676
0.07175815 	 0.6034911
0.053233594 	 0.64295787
0.052032176 	 0.7937297
0.035769586 	 0.62945276
0.03320525 	 0.97666705
0.020288145 	 1.1141229
0.019867316 	 0.9663344
0.024157297 	 1.0658962
0.02010471 	 0.628401
0.22115101 	 1.1704174
0.20704709 	 1.4836656
0.17729768 	 1.6165767
0.17626274 	 1.3678936
0.12422825 	 1.193016
0.12491681 	 0.9368855
0.11729941 	 1.2915902
0.09924062 	 1.1508181
0.12657692 	 1.4590225
0.11096655 	 1.0642247
0.11613175 	 1.5819987
0.13180251 	 0.9222232
0.13970001 	 1.6117026
0.14270113 	 1.4467309
0.13950571 	 1.0323431
0.14291345 	 1.4497021
0.1483905 	 1.4698724
0.15390787 	 1.2125825
0.15362328 	 1.1463623
0.13513772 	 1.669072
0.13048835 	 1.4855825
0.12591973 	 1.0874603
0.112228744 	 1.2811834
0.11985195 	 1.3029933
0.11711913 	 1.139926
0.12245002 	 0.8165555
0.13312024 	 0.95992786
0.14065778 	 1.4126582
0.21864362 	 1.1206715
0.16145766 	 1.0427188
0.15874933 	 1.6321031
0.13795032 	 1.9529634
0.18791951 	 0.78565097
0.26244617 	 0.61489373
0.2673396 	 1.4086169
0.19292888 	 1.2969416
0.19055788 	 1.3503919
0.16016462 	 1.3353286
0.15069292 	 1.4959232
0.15520822 	 2.4541733
0.15977678 	 1.029575
0.1577403 	 1.2190711
0.14564784 	 1.3480482
0.127427 	 1.610663
0.12623705 	 1.2284977
0.13460799 	 1.5049615
0.12403619 	 1.3515384
0.11279545 	 0.8127967
0.09746057 	 1.3357093
0.11233424 	 1.48985
0.10863349 	 1.3922284
0.11319733 	 1.5244446
0.12803856 	 1.2588915
0.11954773 	 1.2985348
0.12684031 	 1.1409638
0.11983118 	 0.9975066
0.114894375 	 1.8213949
0.10676144 	 1.3236054
0.10893791 	 0.74647266
0.100431025 	 1.6758649
0.07959971 	 1.4942466
0.08350884 	 1.4746581
0.07985559 	 1.3839223
0.09078702 	 1.6960317
0.12960786 	 0.8669757
0.14133523 	 1.6262473
0.13060728 	 1.704691
0.12123999 	 1.2816203
0.14025047 	 1.1475668
0.12886792 	 1.2969604
0.13126789 	 1.323727
0.14793877 	 1.6054537
0.19714376 	 1.3531855
0.2113453 	 0.9773859
0.23784739 	 0.7847014
0.24259542 	 1.3263338
0.16170391 	 1.3002088
0.13566445 	 0.8025124
0.12150232 	 1.6433824
0.094617434 	 1.6534936
0.09052083 	 1.6337456
0.10009656 	 1.074371
0.08914816 	 1.2611607
0.09080439 	 1.3744581
0.09549637 	 1.8869236
0.10790034 	 1.2591323
0.13432367 	 0.7761557
0.14683945 	 1.4401299
0.18101023 	 1.5024722
0.22930166 	 1.0382621
0.27771303 	 1.2399498
0.30761978 	 1.2331632
0.34806386 	 0.8735158
0.4045405 	 0.7964615
0.41298082 	 0.89703
0.43163437 	 0.8618652
0.41191024 	 0.81564057
0.2352247 	 1.118057
0.17567922 	 1.3252457
0.14892544 	 1.6573246
0.11723105 	 1.3903981
0.10736241 	 0.91354305
0.10280221 	 0.9320171
0.09957816 	 0.8710499
0.091771446 	 1.1421152
0.09969346 	 1.7100649
0.113869905 	 1.1247119
0.11236905 	 1.3014002
0.1043845 	 1.3751538
0.116810866 	 1.6417706
0.11186538 	 1.4838041
0.10388972 	 1.8275849
0.121021196 	 1.4246342
0.10600779 	 1.5214173
0.1051826 	 1.6328442
0.09092514 	 1.6119614
0.097586736 	 1.9219575
0.09613281 	 1.1688247
Summary
0.007445867  -  0.6540736 ,  0.34447017  -  2.4541733
accuracy:  100.0
equal predictions:  0
TensorFlow version: 1.13.1
Found 939 images belonging to 1 classes.
argN = 3136
argN = 3136
0.53449506 	 1.7107235
0.48972085 	 2.0147736
0.6416986 	 1.9897267
0.52856094 	 1.6096503
0.4587289 	 1.8340943
0.07837968 	 1.5120631
0.068429634 	 1.9422042
0.043822702 	 2.6272378
0.044774152 	 1.8144757
0.041761916 	 1.7605826
0.062440414 	 2.1867058
0.039324332 	 1.7917699
0.22610976 	 1.5134164
0.34126693 	 1.1499794
0.20527661 	 1.8268516
0.22752056 	 1.5522394
0.42641595 	 1.5055275
0.31899616 	 1.3771044
0.341251 	 1.4301465
0.3471463 	 1.4017197
0.18237494 	 1.9719068
0.15290657 	 1.8400621
0.13113381 	 1.7067617
0.08344327 	 1.7401174
0.076534614 	 2.3770542
0.06382803 	 1.8779721
0.06196133 	 2.3289125
0.08380591 	 1.8670833
0.09522027 	 2.1364388
0.32800537 	 2.1441867
0.51586014 	 1.9574244
0.81955945 	 1.714236
0.7839491 	 1.5422695
0.974481 	 1.627629
0.92581266 	 2.1208434
0.8928501 	 2.5781572
0.6262869 	 2.446382
0.50201863 	 2.1940606
0.45039737 	 1.7161381
0.41653028 	 1.7041419
0.10097018 	 2.0948699
0.14742073 	 1.9819682
0.08310687 	 1.8010908
0.042085502 	 2.0456386
0.039313916 	 2.1740172
0.046086397 	 1.9597315
0.036915 	 2.7140353
0.029295476 	 1.6790677
0.26125363 	 1.2965931
0.16852055 	 1.6830075
0.12591128 	 1.6290847
0.10287098 	 1.5751021
0.14313914 	 1.5561506
0.15159811 	 1.4556124
0.16428918 	 1.701111
0.12916934 	 1.704695
0.13506396 	 2.1204886
0.09331679 	 1.9601877
0.034872826 	 2.0555933
0.03288286 	 1.963581
0.047694776 	 1.8702519
0.046761278 	 2.0065508
0.025939576 	 1.6708238
0.016245421 	 2.5395503
0.021586716 	 1.8075616
0.01575411 	 1.6697416
0.019299477 	 1.9605196
0.050049033 	 2.2470014
0.18422118 	 2.0373175
0.16219029 	 2.0267282
0.13946165 	 1.7064832
0.13141267 	 2.29177
0.1265132 	 2.0593572
0.07790025 	 2.105258
0.06466715 	 1.8998252
0.10193009 	 1.6614935
0.13061176 	 1.7090809
0.16317919 	 2.1465566
0.12778738 	 1.804723
0.088353164 	 2.0328045
0.04804099 	 2.1075222
0.05864227 	 1.768256
0.23444313 	 1.2807064
0.2726937 	 1.3367175
0.2773041 	 1.2440536
0.23534007 	 1.239607
0.16672185 	 1.6337342
0.13847004 	 1.6972185
0.02484332 	 2.1511135
0.022011925 	 2.1699507
0.020441683 	 1.7643362
0.020282306 	 2.4081533
0.035653703 	 2.1200604
0.038518842 	 2.212924
0.094352506 	 1.5441005
0.1633055 	 0.6246537
0.16130805 	 1.5210006
0.1731524 	 1.1369238
0.15777868 	 1.0718644
0.16234234 	 0.75171727
0.15865278 	 1.1125889
0.16055249 	 1.101786
0.15348735 	 0.6779853
0.14943054 	 0.77680606
0.16038929 	 0.8946501
0.14919761 	 1.171813
0.15705137 	 1.4347178
0.12824169 	 0.9573476
0.12546453 	 1.133974
0.10431397 	 1.2077998
0.101150334 	 0.83819073
0.0911556 	 0.798788
0.09168704 	 0.62993395
0.08599218 	 0.8330835
0.08150076 	 0.60533345
0.06318458 	 1.0601342
0.07311952 	 0.79361624
0.051445782 	 1.4142534
0.043298177 	 1.0001713
0.04606655 	 0.87153625
0.04742099 	 0.9003559
0.04029453 	 1.0298395
0.03352713 	 0.6325801
0.043379344 	 0.92093056
0.03729134 	 1.3794591
0.04256567 	 1.0151386
0.023756627 	 0.5564302
0.02894434 	 0.7317721
0.027461017 	 0.98215383
0.022877583 	 2.1978188
0.027728532 	 0.93789876
0.025256775 	 0.9508174
0.0206898 	 0.7570036
0.01739803 	 1.3930112
0.014871846 	 0.97055596
0.019750342 	 0.91829926
0.017991794 	 1.1074641
0.018422702 	 0.755854
0.024417639 	 0.70979303
0.022818066 	 1.3301878
0.020393744 	 0.83858645
0.020807067 	 1.0677458
0.018609656 	 0.8504372
0.019762319 	 0.6952832
0.016160006 	 0.9271294
0.016372103 	 1.0002048
0.032029856 	 0.65086865
0.03665726 	 1.113108
0.03730322 	 0.8797085
0.040047705 	 0.8985911
0.03924988 	 2.410004
0.040169932 	 0.9516067
0.0376781 	 1.2465508
0.04675216 	 1.0652539
0.042944394 	 0.51938826
0.042551424 	 0.7710558
0.034355007 	 1.1537832
0.03256753 	 1.1818008
0.032429114 	 1.9588071
0.037524246 	 0.85808486
0.03945701 	 0.67944235
0.047673143 	 0.6200706
0.053041186 	 1.602926
0.05557933 	 0.58723426
0.055797312 	 1.1839285
0.07374289 	 1.712316
0.07639139 	 0.8739701
0.10509653 	 1.0218387
0.101548746 	 0.9245609
0.10167794 	 1.0874118
0.10330768 	 1.0688437
0.10306317 	 0.874845
0.10283993 	 0.87721676
0.10915268 	 0.73994607
0.1030347 	 1.3406085
0.10050945 	 1.0812123
0.112616785 	 0.985498
0.10953541 	 0.73964006
0.100970045 	 0.8159536
0.10436644 	 1.340233
0.089936145 	 0.9756501
0.073833816 	 0.7327733
0.071821354 	 0.7233622
0.065119475 	 1.6619316
0.047987644 	 0.65212315
0.039702076 	 0.8439394
0.035340775 	 0.5542271
0.029176474 	 1.1328622
0.025204021 	 0.59623307
0.3431267 	 1.2369494
0.31213096 	 1.4572567
0.25261813 	 1.1478611
0.24926133 	 1.196909
0.21332502 	 1.4186866
0.20282888 	 1.3948445
0.1906458 	 0.9552927
0.20095785 	 1.4525028
0.17849435 	 1.5967783
0.21593639 	 1.1687399
0.23866734 	 1.0395687
0.22695895 	 1.4848605
0.2193205 	 1.2831948
0.2075071 	 1.417873
0.19816619 	 1.1962014
0.20532352 	 1.267574
0.1935488 	 1.6494403
0.19427238 	 1.3931017
0.2033817 	 1.3246309
0.18904644 	 1.9221298
0.18651605 	 1.2213444
0.1867133 	 1.3499545
0.20900324 	 1.3802078
0.21196356 	 1.6517023
0.20514868 	 1.0092306
0.20289977 	 1.553019
0.18611605 	 1.2429817
0.26935032 	 1.4156474
0.32246703 	 1.5785556
0.30898046 	 1.3204579
0.30908123 	 1.4766731
0.29320508 	 1.1486615
0.26604244 	 1.3992606
0.26248568 	 1.513303
0.2625637 	 1.547684
0.2351842 	 1.5510231
0.21122456 	 1.129984
0.21557696 	 1.4585493
0.21204174 	 1.602643
0.19423519 	 1.3463842
0.3155899 	 1.1136491
0.36807805 	 1.1518902
0.25097245 	 1.7247987
0.22389513 	 1.6275986
0.2120099 	 1.7846845
0.2276489 	 1.5075525
0.1875979 	 1.6205509
0.19382341 	 1.2987026
0.19589725 	 1.1938465
0.18116397 	 1.1680186
0.15891288 	 1.3439987
0.188221 	 1.372388
0.18000604 	 1.7391618
0.16192661 	 1.6263473
0.15473922 	 1.2009764
0.14651099 	 1.4671811
0.15988804 	 1.3309718
0.15333503 	 1.2033154
0.17774534 	 0.96561915
0.18978646 	 1.2611557
0.19556385 	 1.4686632
0.20178322 	 0.8371885
0.24340962 	 1.3708444
0.27931505 	 1.3778375
0.2813165 	 1.066421
0.30059865 	 1.098413
0.22992288 	 1.2619679
0.19093615 	 1.3008875
0.1984045 	 1.4102201
0.18015876 	 1.6085491
0.17900017 	 0.9954255
0.13726375 	 1.3421957
0.13599415 	 0.9747628
0.1437368 	 1.5778704
0.1338914 	 1.418968
0.14763351 	 1.772873
0.13438046 	 1.6233783
0.13903312 	 1.3546739
0.117900446 	 1.5588824
0.12866148 	 1.3501419
0.13156813 	 1.1473356
0.12075154 	 1.1591874
0.13962394 	 1.4042
0.14632185 	 1.347527
0.16309428 	 1.3214804
0.2059016 	 0.8460523
0.19560322 	 1.433437
0.21743469 	 1.5764568
0.24340467 	 1.5058541
0.26409975 	 1.433754
0.28161237 	 1.6414247
0.25969216 	 1.4245579
0.29399836 	 1.0985694
0.2829831 	 0.988503
0.3492628 	 1.0066959
0.3392355 	 0.8396924
0.3684621 	 0.9838402
0.4012965 	 0.8962956
0.4352415 	 0.77583665
0.5008706 	 0.8547503
0.5036613 	 0.8578906
0.50106966 	 0.90486217
0.48219097 	 0.7886199
0.49758846 	 0.8167868
0.4622846 	 0.9100145
0.29888374 	 0.9580055
0.321743 	 1.1102769
0.19281316 	 1.3815567
0.15187697 	 1.7452583
0.1564 	 1.3619137
0.1559528 	 1.2877129
0.14525759 	 1.0952625
0.15434957 	 1.6340008
0.15162994 	 0.8624116
0.14827864 	 0.9597568
0.1446826 	 1.4003546
0.17117262 	 1.2358013
0.17043252 	 1.6054368
0.16028868 	 1.8020059
0.16957116 	 1.5609772
0.1394609 	 1.3020905
0.14591181 	 1.5158439
0.1185507 	 1.0368648
0.13421589 	 1.4914093
Summary
0.014871846  -  0.974481 ,  0.51938826  -  2.7140353
accuracy:  100.0
equal predictions:  0
TensorFlow version: 1.13.1
Found 939 images belonging to 1 classes.
argN = 3136
argN = 3136
0.32574493 	 1.8611454
0.3366145 	 2.0527363
0.46060136 	 1.5554425
0.39350805 	 1.4143863
0.2712211 	 1.2800118
0.18781248 	 1.6548603
0.08403363 	 1.8791072
0.07898235 	 1.8825765
0.04100718 	 1.3544203
0.036338948 	 1.8824613
0.03218939 	 1.5888623
0.027408637 	 1.8552599
0.029492145 	 2.0247781
0.025995672 	 1.4515252
0.02663968 	 1.2150834
0.31510785 	 1.1066452
0.28214815 	 1.1269289
0.11722957 	 1.5002071
0.19555907 	 1.6612839
0.20059596 	 1.663509
0.22633292 	 1.6552483
0.28231603 	 1.5943996
0.26502043 	 1.656478
0.29158807 	 1.3933053
0.2848489 	 1.2372499
0.34037 	 1.5234293
0.2537241 	 1.8863082
0.09132107 	 1.3402963
0.062362507 	 2.0837104
0.046525527 	 2.3690953
0.052060243 	 1.3287975
0.046597715 	 1.9334315
0.04458 	 1.9354856
0.085772455 	 1.6567351
0.14981586 	 1.8387786
0.42141348 	 1.5134449
0.51776886 	 1.9380054
0.5599817 	 1.8164828
0.6542623 	 1.4191537
0.6144037 	 1.5352463
0.5360306 	 1.3031194
0.4258382 	 1.485824
0.3493755 	 1.9216732
0.36772853 	 1.546709
0.3689336 	 1.9377881
0.4133101 	 1.3592108
0.044996027 	 1.552814
0.118477896 	 1.546116
0.12202851 	 1.8357458
0.10518843 	 1.9336371
0.09882129 	 1.8837026
0.08622794 	 1.9206893
0.029629113 	 2.1484218
0.0368411 	 1.9656049
0.021088451 	 2.105262
0.1875355 	 1.1152444
0.14891402 	 1.3357939
0.09636604 	 1.6293255
0.07808307 	 1.6684946
0.07513485 	 1.929362
0.07617158 	 2.0931456
0.10073652 	 1.492495
0.08459554 	 1.385611
0.10248525 	 1.5598629
0.12939875 	 1.5671709
0.08975604 	 1.804685
0.096311636 	 1.9087638
0.073206924 	 1.6781256
0.03986768 	 1.8833236
0.017312637 	 1.979529
0.016952286 	 1.8857007
0.012162258 	 1.4317027
0.018286897 	 2.0287318
0.05672364 	 1.778065
0.059494313 	 1.7064464
0.10790917 	 1.6964816
0.04535939 	 2.0714514
0.05293956 	 1.8433094
0.100490205 	 1.9406013
0.089898326 	 1.1733264
0.104797766 	 1.5568326
0.108423546 	 2.4102755
0.033853486 	 1.7421352
0.034595866 	 2.0010028
0.026813725 	 1.4435538
0.060850352 	 2.0427694
0.22712193 	 0.89843595
0.067254074 	 2.0926263
0.06715374 	 1.7836655
0.08411448 	 1.6839414
0.07491133 	 1.8535529
0.08787641 	 1.6437635
0.08392161 	 1.4655944
0.09692147 	 1.7794247
0.073252656 	 1.8915726
0.020853441 	 1.3686272
0.018296914 	 1.9979258
0.013120399 	 2.1356304
0.08955746 	 1.428728
0.08573154 	 0.51384205
0.093983665 	 0.48421228
0.111350834 	 0.8849848
0.11580498 	 0.6662459
0.09218228 	 0.60189986
0.090721175 	 0.8189597
0.104999736 	 0.5277957
0.08968093 	 1.0520396
0.09530517 	 0.51184326
0.1018278 	 0.5483138
0.10674101 	 0.5358682
0.099753916 	 0.6860365
0.10509732 	 0.6093653
0.11014664 	 1.105335
0.0997011 	 0.85397094
0.10930028 	 1.0210295
0.10453827 	 0.7171544
0.09475123 	 0.64535177
0.104425386 	 0.79734015
0.08213605 	 0.5315552
0.08966014 	 1.1634895
0.09560281 	 0.78970116
0.08660686 	 0.63835347
0.06947444 	 1.5540164
0.06956754 	 0.35512015
0.06787348 	 0.5019826
0.056834925 	 0.46077803
0.044880874 	 0.5858797
0.036619544 	 1.012617
0.03127505 	 0.451172
0.029301183 	 0.9454459
0.02539304 	 0.8648287
0.030987771 	 2.0658088
0.028741091 	 0.9827749
0.023602886 	 0.6562239
0.021351162 	 1.10938
0.027929245 	 1.0111473
0.025805866 	 1.0430381
0.03541722 	 0.6263211
0.028414803 	 0.8027321
0.028544508 	 0.49739477
0.022064693 	 0.98183304
0.024806108 	 0.99867404
0.02137899 	 0.43761095
0.019241266 	 0.7646478
0.016686728 	 0.58321756
0.020179393 	 0.6910899
0.020106412 	 0.37182882
0.018431325 	 0.6814941
0.019466355 	 0.46785244
0.018585062 	 1.0504975
0.019606758 	 0.58027935
0.01580346 	 0.6402157
0.019196605 	 0.6568243
0.020879308 	 0.38320524
0.019670099 	 0.442675
0.019276872 	 0.57452804
0.015199918 	 0.9909262
0.0146638155 	 0.53968793
0.009180477 	 0.6911434
0.008028403 	 0.6974317
0.010498545 	 0.59167814
0.0099799475 	 0.38630974
0.010193147 	 0.5779361
0.012316906 	 1.1189684
0.015336939 	 1.235647
0.0095639145 	 0.9166607
0.012282511 	 0.83069235
0.008317394 	 1.426317
0.011176947 	 0.5071418
0.012053059 	 0.86690724
0.009803028 	 1.2710581
0.007898266 	 0.83887684
0.009088385 	 0.78659695
0.00925832 	 1.2188504
0.013815388 	 0.37693477
0.011316673 	 0.7388672
0.010473006 	 0.4969769
0.009159544 	 0.8805098
0.0070254244 	 0.6420918
0.010643298 	 0.8230074
0.014547026 	 0.79329705
0.01468807 	 0.41499445
0.019382184 	 0.53327715
0.02200888 	 1.1688417
0.022192115 	 0.90050447
0.021963974 	 0.97167516
0.01600137 	 0.9191761
0.018404793 	 0.4672322
0.022146592 	 0.40207943
0.020746393 	 1.1174098
0.01862168 	 0.4885382
0.017410645 	 0.7241166
0.030130608 	 1.0034289
0.017423078 	 0.5961357
0.03696126 	 0.82498723
0.045768127 	 0.39423501
0.06427598 	 0.6778556
0.06610734 	 0.7549988
0.071269974 	 1.0758466
0.074559614 	 0.33835036
0.09065434 	 0.76480657
0.081823625 	 1.0114013
0.084309585 	 0.7774862
0.0858687 	 0.69670105
0.066171594 	 0.4765542
0.04265561 	 1.0286589
0.02217426 	 1.0076549
0.0131140575 	 1.0179946
0.019806882 	 0.35569742
0.015126936 	 0.5393459
0.30322233 	 0.9953559
0.26973328 	 0.9379886
0.21934211 	 1.2615542
0.151363 	 1.0981739
0.15857483 	 1.0842894
0.16245699 	 1.4078685
0.16543895 	 1.4186699
0.17556377 	 1.1623758
0.17102982 	 1.4189361
0.18771769 	 1.215791
0.18754484 	 1.112656
0.15933527 	 1.2188557
0.15880193 	 1.099432
0.15069334 	 1.1561875
0.16708063 	 1.3337214
0.16250193 	 1.2995703
0.15966147 	 0.9498053
0.1509258 	 0.9579168
0.15404442 	 1.0329783
0.16802855 	 1.5911233
0.1489967 	 1.6680846
0.15076314 	 1.3513021
0.16125363 	 1.4259721
0.16899945 	 1.4577415
0.15560913 	 1.3426601
0.1829087 	 1.4244288
0.19292353 	 1.2506526
0.27596924 	 1.3607186
0.25413755 	 1.145116
0.23455933 	 1.3771942
0.18055175 	 1.3950187
0.19428904 	 1.2388037
0.2630192 	 1.1762997
0.18253933 	 1.3383445
0.20066153 	 1.6820437
0.1868952 	 1.1131692
0.13995406 	 0.84397864
0.13655126 	 0.6443216
0.12599714 	 0.9849489
0.10031214 	 1.5676001
0.09957322 	 2.0862944
0.09812041 	 1.548995
0.10537955 	 1.2428879
0.09495826 	 1.446877
0.12967014 	 1.4479094
0.12261616 	 1.4886421
0.14671603 	 1.2554153
0.15441321 	 1.1410214
0.15925425 	 1.2548119
0.2387334 	 0.9504752
0.24508782 	 1.1136484
0.23985699 	 0.99275845
0.27468064 	 0.8552945
0.2793354 	 1.2753872
0.27162075 	 1.0051558
0.24992523 	 1.1900321
0.23804913 	 0.9013575
0.21789633 	 0.92770714
0.16279024 	 1.3949152
0.13705693 	 0.86278504
0.12555076 	 1.4591961
0.11305563 	 1.6896822
0.10853615 	 1.2226439
0.094067745 	 1.050483
0.08950694 	 1.3881606
0.086779445 	 1.3985877
0.11186258 	 1.3281544
0.14890371 	 1.7911799
0.14833608 	 1.0820962
0.18461704 	 1.1905601
0.25218627 	 1.3172379
0.26514924 	 1.2452494
0.32894346 	 0.879496
0.3820648 	 0.8347346
0.38909703 	 0.85098207
0.41526854 	 0.7702409
0.3998132 	 0.77160865
0.43912646 	 0.68720526
0.46534938 	 0.74648565
0.48287922 	 0.76005155
0.52472305 	 0.75195503
0.4952297 	 0.7152459
0.506443 	 0.6806878
0.40292433 	 0.7891915
0.3689285 	 0.70914817
0.35267127 	 0.8897297
0.19751137 	 0.9522261
0.19320513 	 0.73007524
0.14506958 	 1.374316
0.120355554 	 1.5173551
0.10610899 	 1.0837091
0.1051099 	 1.2823207
0.112022445 	 1.2134929
0.107902795 	 1.387571
0.11535944 	 1.3996902
0.10315614 	 1.2389863
0.11350255 	 0.99794066
0.11469816 	 1.252894
0.12760738 	 1.407441
0.12285067 	 1.2582195
0.117116585 	 1.2707484
0.09148781 	 1.3750341
0.09635849 	 1.2173231
Summary
0.0070254244  -  0.6542623 ,  0.33835036  -  2.4102755
accuracy:  100.0
equal predictions:  0
TensorFlow version: 1.13.1
Found 939 images belonging to 1 classes.
argN = 3136
argN = 3136
0.5066975 	 1.9685475
0.4960372 	 1.941146
0.2977703 	 1.56415
0.33445677 	 2.2027483
0.31388035 	 1.5224221
0.274938 	 1.9040328
0.17737596 	 1.8891338
0.11343578 	 1.9754622
0.09359801 	 2.4189017
0.04587851 	 2.380524
0.304495 	 1.1207808
0.26694718 	 1.2816669
0.20006171 	 1.361523
0.17927738 	 1.4901317
0.2779041 	 1.9123747
0.34997305 	 1.476036
0.37758267 	 1.8284374
0.36396885 	 1.8808005
0.38741815 	 1.8557615
0.41581547 	 1.4406401
0.10841883 	 1.9958189
0.097592585 	 1.3585743
0.12713557 	 1.5829043
0.06981415 	 2.0732543
0.067066595 	 1.7377975
0.08492343 	 2.3650718
0.08321665 	 2.8087044
0.08340628 	 1.6954108
0.08975578 	 2.1856565
0.09017473 	 2.0130987
0.16252948 	 1.7481447
0.7509394 	 1.9451387
0.92542523 	 1.9866933
1.0152854 	 2.1565728
0.9619722 	 2.0428655
0.98914707 	 1.5998673
0.85494363 	 2.3649645
0.4808696 	 2.3174925
0.49787262 	 2.034559
0.6046866 	 2.01698
0.6539605 	 1.6203451
0.14348955 	 1.6052673
0.16745116 	 1.7590879
0.1564255 	 1.775207
0.050153 	 2.4112709
0.064169645 	 1.5568987
0.038005695 	 1.7983849
0.03018571 	 1.9193277
0.15587449 	 1.6652234
0.11671695 	 1.6459599
0.13854672 	 1.6072788
0.14438342 	 1.5627517
0.13110228 	 1.5043539
0.07355958 	 1.7944385
0.04858553 	 2.2815645
0.03465183 	 1.7366085
0.021970736 	 2.3552155
0.027238468 	 2.4076705
0.038958315 	 2.133981
0.05334518 	 2.4290278
0.12959883 	 2.0019982
0.2569578 	 1.8716365
0.25409466 	 1.5343857
0.24161233 	 1.8689201
0.17527524 	 1.5302796
0.16944315 	 2.292203
0.18179944 	 2.325943
0.15841566 	 1.864437
0.11979745 	 2.256042
0.058659587 	 2.3217862
0.110324994 	 1.7573559
0.13826141 	 1.6318276
0.124620296 	 1.752622
0.15142193 	 1.8110859
0.1472538 	 1.8852317
0.14363576 	 2.4189136
0.05170372 	 1.9654241
0.22597735 	 1.374239
0.12859912 	 1.8132175
0.10668882 	 1.6911933
0.3162951 	 1.1421108
0.12453631 	 1.4145265
0.09472168 	 2.1208942
0.09436914 	 1.9053937
0.04793205 	 2.2995944
0.043407977 	 2.1094298
0.02911842 	 2.2781658
0.027849568 	 2.1988504
0.017835235 	 2.342088
0.03006992 	 2.6297653
0.036891807 	 1.8987954
0.054096013 	 1.7818073
0.08144405 	 1.7612009
0.117786914 	 1.2850491
0.09589254 	 1.305738
0.04296312 	 1.8678845
0.15069321 	 0.7907046
0.15071593 	 0.9620519
0.16324438 	 0.7860671
0.15312119 	 0.685251
0.14515455 	 1.1913702
0.14150324 	 0.9582723
0.15439805 	 1.1334149
0.14768477 	 0.57706726
0.16382103 	 0.9296781
0.15386046 	 0.80144167
0.1383081 	 0.93403834
0.12544061 	 1.0665711
0.13073362 	 1.2476397
0.12403741 	 0.81877005
0.09886583 	 1.3702244
0.09697236 	 1.01058
0.09749658 	 1.4374743
0.07251698 	 2.4480495
0.07083603 	 0.9821734
0.058261026 	 0.7785315
0.050274648 	 0.9854533
0.04721289 	 0.8571287
0.041362826 	 0.37898716
0.053048227 	 0.73304904
0.042273324 	 1.087129
0.043481868 	 1.9450829
0.042541973 	 1.6095144
0.043732222 	 1.6038275
0.044136245 	 0.665142
0.03827852 	 0.5685419
0.045600172 	 0.6998616
0.04367064 	 1.3212571
0.044490635 	 0.9358685
0.048489675 	 1.2631396
0.04731781 	 0.8699742
0.04656343 	 1.209252
0.044488143 	 0.76410145
0.046224847 	 1.4885528
0.04054713 	 0.6282207
0.02988554 	 1.0404359
0.031363796 	 1.0546309
0.026099918 	 0.7093763
0.03169523 	 1.8916014
0.028046014 	 0.89599025
0.027489014 	 1.1221197
0.02781537 	 1.3615208
0.021697875 	 0.6397346
0.019473406 	 1.2731072
0.025035206 	 1.1730552
0.015233869 	 1.1065515
0.020105561 	 0.67378974
0.023203414 	 1.0939527
0.025194608 	 0.6825259
0.018128835 	 1.6638188
0.018823732 	 1.3688767
0.018392226 	 1.1339579
0.020722661 	 0.73635453
0.018388158 	 0.8467156
0.023550037 	 0.9978605
0.018250596 	 1.959608
0.01918488 	 1.011986
0.021381365 	 0.7242606
0.022833616 	 1.4443846
0.032024134 	 0.5621152
0.02920452 	 0.55892485
0.0345238 	 1.0094892
0.033614963 	 0.6346812
0.034191795 	 0.6434278
0.029283691 	 0.89681077
0.025501566 	 0.7461985
0.027584104 	 0.63280565
0.029769722 	 1.3522707
0.03654399 	 1.2704943
0.031998225 	 1.2251318
0.03386477 	 1.2084962
0.031089958 	 0.6050864
0.039001822 	 0.7059303
0.044645566 	 0.85971713
0.043353323 	 0.50701445
0.046476822 	 1.1653693
0.042999834 	 0.8839514
0.052246243 	 1.626709
0.05461094 	 0.49760652
0.05714443 	 1.2026316
0.09450219 	 0.47609717
0.10897952 	 0.9150134
0.11158318 	 0.45912522
0.109590545 	 0.74055934
0.122654706 	 0.6395926
0.11507091 	 0.7839461
0.12021405 	 0.90595603
0.13598199 	 0.63848954
0.11834384 	 1.1585292
0.13088274 	 0.8664193
0.12549642 	 0.9701033
0.10771531 	 1.0969613
0.10222325 	 0.9908297
0.094260745 	 0.7865196
0.08754456 	 1.1460214
0.06381977 	 1.08418
0.056452166 	 1.1856698
0.058172643 	 1.8589616
0.046738546 	 1.1784531
0.030915903 	 0.8075334
0.032925546 	 1.4510199
0.0336747 	 1.1769222
0.4096416 	 1.0222263
0.40531883 	 1.0286064
0.39594665 	 0.7651646
0.44111067 	 0.966576
0.40780923 	 0.9601723
0.41170382 	 1.0427381
0.42353323 	 0.8803847
0.3136171 	 1.2488049
0.23414613 	 1.432805
0.23648486 	 1.0144192
0.23566346 	 0.7447283
0.2939954 	 1.4013765
0.28638726 	 1.1132464
0.28059694 	 1.4521728
0.29280016 	 1.1691399
0.24694309 	 1.1481684
0.25799283 	 1.367652
0.26002768 	 1.0144125
0.24913691 	 1.3154681
0.2581759 	 1.371491
0.24869472 	 1.4108511
0.23351605 	 1.1431152
0.25573248 	 1.4876846
0.24375896 	 1.5721241
0.26312536 	 1.3949509
0.28421187 	 0.988621
0.27790654 	 1.2143562
0.26460642 	 1.4447005
0.3263904 	 1.328304
0.40550995 	 1.2104125
0.4062825 	 1.3106
0.35297567 	 1.4771894
0.320357 	 1.4397712
0.29224107 	 1.0447813
0.3 	 1.4866569
0.27920985 	 0.9012375
0.27338946 	 1.5013216
0.29587686 	 1.2080721
0.29930615 	 1.3676085
0.27294168 	 1.6058298
0.265815 	 1.036234
0.383498 	 1.1731386
0.2834916 	 1.3205332
0.24160764 	 1.1047508
0.23035242 	 1.3365474
0.20020835 	 1.4204412
0.20029727 	 1.4680951
0.18825877 	 1.6569054
0.18345398 	 1.7312781
0.19566621 	 1.1260997
0.17834644 	 1.7777817
0.15603283 	 1.2532085
0.16561212 	 0.8384467
0.1677096 	 1.8532133
0.17396116 	 1.1022334
0.17661257 	 1.8145016
0.17438613 	 1.309718
0.17176518 	 1.9103965
0.18859383 	 1.2413044
0.23006204 	 1.369766
0.21167397 	 1.1757752
0.25230733 	 0.96735096
0.23288673 	 1.3982768
0.22841063 	 1.4114212
0.24516976 	 1.167725
0.22939208 	 1.4602644
0.22065264 	 1.5371152
0.25512573 	 1.3820595
0.288073 	 1.3507321
0.29588056 	 1.0152858
0.30225667 	 1.1801873
0.31418625 	 0.7940195
0.3547424 	 1.0709075
0.22289896 	 0.951836
0.17579846 	 1.5060563
0.1608387 	 1.4840015
0.17680106 	 1.5642898
0.16860712 	 1.187988
0.1872948 	 0.8752473
0.19765997 	 1.5821993
0.21510568 	 1.5695624
0.31186673 	 0.72972536
0.29481214 	 1.1919906
0.39062527 	 1.0551237
0.4263598 	 0.8131231
0.44805402 	 0.80897045
0.44879666 	 0.75364447
0.45401832 	 0.720011
0.5171634 	 0.6432708
0.46956113 	 0.6667472
0.5014827 	 0.66292554
0.4459721 	 0.8632829
0.3803606 	 0.70285183
0.37239307 	 0.7738745
0.2847432 	 1.0958642
0.19270907 	 1.6615862
0.18884571 	 1.8118924
0.19704643 	 1.123898
0.17956464 	 1.2522146
0.20286714 	 1.6897792
0.22235736 	 1.5908694
0.21251136 	 1.7071152
0.22069001 	 1.2934139
0.21623121 	 1.4986229
0.2123209 	 0.81789404
0.20730871 	 1.5331851
0.21127117 	 1.7077516
0.19593886 	 1.3298632
0.18787865 	 1.1357354
0.18883915 	 1.3017608
0.19878413 	 1.2567118
Summary
0.015233869  -  1.0152854 ,  0.37898716  -  2.8087044
accuracy:  100.0
equal predictions:  0
