TensorFlow version: 1.13.1
Found 939 images belonging to 1 classes.
argN = 784
argN = 784
0.654585 	 0.93337554
0.8533323 	 1.1851083
0.48444116 	 1.0793138
0.58857656 	 0.68105704
0.5633712 	 0.65764827
0.5075417 	 0.81755567
0.36152917 	 0.95333916
0.3536917 	 0.81707245
0.29343548 	 1.175957
0.20281494 	 1.2626151
0.26688778 	 1.2637163
0.19795497 	 1.5951053
0.18296023 	 1.4041716
0.3101242 	 1.1934971
0.39427003 	 1.0958198
0.46556187 	 1.0646473
0.5783233 	 1.0128459
0.59222734 	 0.8788928
0.59172875 	 0.7892839
0.50635815 	 0.90980273
0.46596736 	 0.87143576
0.3801356 	 1.0176818
0.24295087 	 1.3304574
0.3638479 	 1.2953194
0.30770645 	 1.2257322
0.22783633 	 1.0672544
0.18261431 	 1.4227571
0.14588334 	 1.5559016
0.13505435 	 1.2215868
0.09503639 	 1.2112772
0.09996244 	 1.0326238
0.10506845 	 1.7629131
0.115731366 	 1.390477
0.6354699 	 0.8871442
0.534593 	 0.66203874
0.67372555 	 0.6547791
0.7161734 	 0.73100185
0.8341058 	 0.8127107
0.7669531 	 0.9118463
0.88988507 	 0.9782274
0.7768663 	 0.9405358
0.72289616 	 0.95216167
0.5251166 	 1.043612
0.6733775 	 0.8480385
0.5724429 	 0.75779545
0.48418307 	 0.9605876
0.5696798 	 0.7106144
0.5774945 	 0.85546386
0.4985313 	 0.79186326
0.39138702 	 0.83308446
0.24539424 	 1.1744585
0.11756506 	 1.5290412
0.10743076 	 1.2655172
0.3730768 	 0.93878883
0.48691174 	 1.0785071
0.5429655 	 1.0476028
0.5493137 	 0.99468327
0.52932256 	 0.94150174
0.51122284 	 0.8131203
0.35138503 	 1.0343229
0.25577283 	 1.2011533
0.20002472 	 1.1338444
0.031923883 	 0.94992584
0.04972474 	 1.9358598
0.050469473 	 1.7074051
0.054578457 	 1.8069874
0.23269649 	 1.2297384
0.46500963 	 0.66083866
0.54613197 	 0.7932412
0.67633474 	 0.71371776
0.6664946 	 0.6434625
0.5071809 	 0.9878223
0.46661153 	 1.2574233
0.30362937 	 1.186453
0.6412235 	 0.67385566
0.5293661 	 0.80127466
0.54424906 	 0.76274955
0.55516076 	 0.7310431
0.4014484 	 0.9604884
0.32401258 	 0.831101
0.19294009 	 1.2944283
0.15847914 	 1.6060258
0.37461516 	 0.9742853
0.39649233 	 0.9371585
0.30576727 	 0.9950569
0.2352158 	 1.3413892
0.24105626 	 1.3108275
0.16791524 	 1.0302163
0.13926761 	 1.5241313
0.12050246 	 1.7428856
0.21495418 	 1.5214825
0.23669153 	 1.603929
0.23559186 	 1.2355157
0.45949546 	 0.8027702
0.43388307 	 0.7613294
0.44637272 	 0.8188533
0.44904324 	 0.7556983
0.37980807 	 0.9084551
0.38764787 	 0.81615275
0.40246746 	 0.9507514
0.39304134 	 0.733748
0.35475388 	 0.90322006
0.33666876 	 1.0463051
0.40951017 	 0.9181219
0.39599255 	 0.86529773
0.3137344 	 0.7122444
0.29091787 	 0.9920167
0.31027514 	 0.8105247
0.29152793 	 0.86575365
0.2532802 	 0.84748197
0.29215965 	 0.99171615
0.26569113 	 0.95093805
0.2593972 	 0.7580271
0.26757488 	 0.92225933
0.25684014 	 1.0385283
0.23358749 	 0.90560776
0.23662086 	 1.4779122
0.24755192 	 0.74910986
0.23133448 	 0.85716546
0.24887359 	 0.64490306
0.22749428 	 0.8343622
0.23908369 	 0.9330308
0.25004032 	 1.1481501
0.23708177 	 0.9180399
0.23899974 	 0.9934532
0.2292557 	 0.79418963
0.21132131 	 1.0709699
0.21114674 	 1.0512167
0.1952329 	 0.9533738
0.17757776 	 0.8837065
0.19682136 	 0.88022196
0.18168871 	 0.7906335
0.16942894 	 1.1663067
0.14594851 	 1.0416247
0.1266614 	 1.0006865
0.16137263 	 0.963332
0.15451053 	 1.1557007
0.15485333 	 0.7759138
0.14827387 	 1.4778495
0.1498894 	 1.3588247
0.14039485 	 0.8791316
0.1183651 	 0.8739482
0.14675248 	 0.83728665
0.16019401 	 1.2594508
0.12977824 	 1.381641
0.11739539 	 0.97784585
0.12367304 	 1.1211394
0.12942947 	 1.2425566
0.12059519 	 1.2286377
0.107670836 	 1.3492707
0.099976666 	 1.0707351
0.12621345 	 0.88048935
0.12577805 	 0.75622624
0.11389035 	 1.067447
0.11221734 	 0.9974079
0.13710937 	 1.4109735
0.14615566 	 1.2822782
0.19880646 	 0.93796587
0.20788038 	 0.9902585
0.22316745 	 0.99909455
0.21410641 	 0.89781564
0.22474475 	 1.0290229
0.20503117 	 1.1430984
0.21671931 	 1.100529
0.21504293 	 0.86748135
0.24023147 	 0.96829766
0.23357597 	 0.9788763
0.24982704 	 0.58525044
0.23909724 	 0.61831826
0.24877544 	 0.9023443
0.25167412 	 1.0500278
0.24853446 	 1.0200212
0.25336495 	 1.3838705
0.2194562 	 0.8660793
0.20366356 	 0.90085566
0.17175767 	 1.1090108
0.17557187 	 1.1916145
0.17159964 	 1.2492741
0.16019946 	 1.2930937
0.15898933 	 1.1015426
0.19502714 	 0.92386806
0.5633302 	 0.7485141
0.6023624 	 0.68220615
0.60010254 	 0.6967102
0.554978 	 0.6584791
0.5130098 	 0.8712855
0.38371155 	 1.0020658
0.3846393 	 0.8910875
0.35019603 	 1.0242074
0.36670753 	 0.6115821
0.38904145 	 0.9920117
0.42167205 	 0.7213038
0.3895348 	 0.85920304
0.41273412 	 0.82283854
0.38615397 	 0.7366903
0.38013768 	 0.56180423
0.36442852 	 0.7426451
0.3869532 	 1.0932374
0.40421614 	 0.9671335
0.3533065 	 0.8675018
0.3807669 	 0.82158285
0.34094432 	 1.1598393
0.36525548 	 0.77970093
0.37180877 	 0.89600235
0.36912057 	 0.8791582
0.3664359 	 0.8781427
0.35190997 	 0.75735056
0.3490833 	 0.77548045
0.37165904 	 0.61856204
0.36699554 	 0.59721845
0.38312426 	 0.82381904
0.36372012 	 1.1642088
0.34271753 	 0.66011435
0.37256625 	 0.89550644
0.3214181 	 0.9728998
0.31097347 	 0.8136617
0.28966594 	 0.701936
0.28024003 	 0.97475094
0.31350163 	 0.97171956
0.3006525 	 1.0214627
0.40836734 	 0.71031487
0.5020746 	 0.6920852
0.50557095 	 0.76104844
0.47221747 	 0.58906955
0.4551964 	 0.74473375
0.44875994 	 0.808919
0.4483978 	 0.6406834
0.4376708 	 0.72675526
0.42484283 	 0.8634067
0.4152315 	 0.7469307
0.4520213 	 0.7000648
0.46319646 	 0.84218115
0.5369321 	 0.6550889
0.6012894 	 0.8319275
0.34708127 	 0.8535316
0.40686616 	 0.9172901
0.361259 	 0.5927553
0.3480282 	 1.0899168
0.32994276 	 1.1254375
0.33353877 	 0.7714809
0.34682146 	 1.1205512
0.3418641 	 1.1621125
0.3673374 	 0.49442586
0.3582941 	 1.0096687
0.32205027 	 0.92112416
0.3241357 	 0.657982
0.30721587 	 0.5010966
0.30220476 	 1.3289251
0.3019124 	 0.56492597
0.32546937 	 1.0726737
0.28951296 	 0.8860964
0.29370913 	 0.7587372
0.32020655 	 0.7850908
0.3908827 	 0.5699312
0.45312476 	 0.8496563
0.41578096 	 0.94428474
0.4734438 	 0.8662533
0.50095534 	 0.62827873
0.4718548 	 0.74320465
0.4655531 	 0.6566715
0.47117543 	 0.76382315
0.45888433 	 0.6311697
0.5124978 	 0.79534996
0.39779678 	 0.7555359
0.44168165 	 0.62624115
0.40183076 	 0.79722834
0.37659577 	 1.1081558
0.40819806 	 0.7345654
0.41140428 	 0.7902129
0.35135317 	 0.71271753
0.35681188 	 0.7589022
0.30916452 	 0.9075043
0.33237022 	 0.6340671
0.35330406 	 0.7962589
0.337479 	 0.57617986
0.35765553 	 0.7023441
0.36579645 	 1.020696
0.349013 	 0.8152724
0.36668965 	 0.8841057
0.3929082 	 0.5841233
0.41278562 	 0.7397939
0.41437364 	 0.80583566
0.4137586 	 0.7475156
0.44777435 	 0.7126932
0.4510594 	 0.7425707
0.4399333 	 0.67348564
0.44922444 	 0.67295814
0.48067427 	 0.7302378
0.45458555 	 0.639285
0.4588102 	 0.6344496
0.43103883 	 0.78352547
0.42784655 	 0.7340384
0.38810188 	 0.70571274
0.4108905 	 0.9122141
0.39739317 	 0.7054915
0.3823349 	 0.4901199
0.35853142 	 0.6939557
0.35903707 	 0.5633126
0.3694289 	 0.7388936
0.42756382 	 0.57259816
0.43089327 	 0.76372886
0.4944325 	 0.6484803
0.5151687 	 0.8533203
0.5880404 	 0.710201
0.58051825 	 0.82063395
0.5431354 	 0.7506948
0.50698125 	 0.72138083
0.5180586 	 0.7244173
0.49777317 	 0.80213493
0.5094894 	 0.8366541
0.5002623 	 0.7831428
0.46400332 	 0.66218793
0.43590638 	 0.74805576
Summary
0.031923883  -  0.88988507 ,  0.4901199  -  1.9358598
accuracy:  99.0
equal predictions:  0
TensorFlow version: 1.13.1
Found 939 images belonging to 1 classes.
argN = 784
argN = 784
0.5664573 	 0.7086229
0.2978297 	 0.5121213
0.30737326 	 0.77740514
0.259795 	 1.1763902
0.3327033 	 0.67823625
0.3399631 	 1.395419
0.29799926 	 1.157497
0.1914142 	 1.3660188
0.35355467 	 0.69590306
0.36217394 	 0.66930246
0.31407657 	 0.50961703
0.24539243 	 0.8543327
0.40913087 	 0.6636216
0.3935303 	 0.5961784
0.3636601 	 0.5046165
0.26468205 	 0.6841568
0.40884662 	 0.52133495
0.16453016 	 0.67473644
0.238875 	 0.6708997
0.28912118 	 1.0468131
0.27441716 	 1.5770261
0.26598305 	 1.0010295
0.22914875 	 1.4484816
0.328433 	 1.012336
0.16309695 	 0.35302225
0.19281806 	 0.5924923
0.21303518 	 0.32740915
0.3137885 	 0.30950058
0.28837985 	 0.30545437
0.39034483 	 0.40600076
0.40566233 	 0.541738
0.44962513 	 0.7685626
0.35717118 	 0.7523261
0.3322362 	 0.72456884
0.36248213 	 0.67849976
0.22463223 	 0.9206751
0.30913344 	 0.5746878
0.32529962 	 0.523105
0.28360668 	 0.44880775
0.3752815 	 0.6869635
0.20620878 	 1.1744269
0.1844488 	 1.7566223
0.19374412 	 1.4662455
0.16450164 	 1.1889273
0.24728528 	 0.81845003
0.3616452 	 0.7433536
0.3899275 	 0.58174086
0.40916684 	 0.51098484
0.3557717 	 0.5606556
0.49632835 	 0.4962505
0.35146278 	 0.7036965
0.24799514 	 0.8188191
0.20911726 	 0.69083863
0.17801252 	 0.71154886
0.2897783 	 0.76583344
0.23277938 	 0.93089956
0.14745907 	 0.5612091
0.10800219 	 1.3776971
0.12345445 	 1.4663948
0.13105634 	 0.63072824
0.18660985 	 1.2371308
0.37757397 	 0.8247384
0.20875263 	 0.25883496
0.24996556 	 0.40155715
0.32255477 	 0.56582963
0.46121204 	 0.32678542
0.49799442 	 0.4825041
0.48311207 	 0.67221445
0.50401634 	 0.5348815
0.46443522 	 0.68591344
0.54435873 	 0.5705408
0.45716724 	 0.76172596
0.38012984 	 0.71529436
0.33234638 	 0.7845752
0.3141323 	 0.62975425
0.34667763 	 0.51238894
0.3249626 	 0.6436077
0.3435813 	 0.5053833
0.30747718 	 0.64692235
0.33454496 	 0.6341227
0.3343892 	 0.92261016
0.24314028 	 0.9747629
0.2362684 	 0.85798085
0.38287276 	 0.81103814
0.2796894 	 0.66525096
0.2847615 	 0.71138215
0.23853007 	 0.9608987
0.47584552 	 0.73144704
0.39461276 	 0.32906702
0.3905208 	 0.24887772
0.33840176 	 0.27097544
0.32131028 	 0.4557837
0.25771862 	 0.55996096
0.24224041 	 0.71157634
0.22251104 	 1.1978126
0.23295294 	 0.65080273
0.21485028 	 1.3629556
0.15796903 	 1.1831193
0.14180315 	 1.4339583
0.21913853 	 1.0724607
0.45091167 	 0.44831416
0.42134598 	 0.48064536
0.42897663 	 0.47926256
0.46808696 	 0.7212306
0.3797453 	 0.396209
0.4026069 	 0.49012145
0.36968663 	 0.34295654
0.32760084 	 0.7637845
0.33146587 	 0.40167552
0.3651494 	 0.7420315
0.32371247 	 0.61089665
0.3372682 	 0.7037124
0.28755167 	 0.6921414
0.30092895 	 0.6034255
0.26587197 	 0.5132866
0.24462815 	 0.72681785
0.2334891 	 0.70303583
0.22304349 	 0.86489934
0.24933575 	 0.41882515
0.23575845 	 0.79248434
0.2230151 	 1.1807724
0.2470603 	 1.0490994
0.2625541 	 0.97162384
0.22460201 	 0.815025
0.25902167 	 1.041446
0.28013724 	 0.82714176
0.23354782 	 0.9004585
0.261019 	 0.7815938
0.25274643 	 1.10635
0.23529942 	 0.81997657
0.27553356 	 0.7626933
0.24464794 	 0.90712434
0.21636404 	 1.2002398
0.21076944 	 0.7507152
0.21263115 	 1.2201551
0.19684553 	 0.726972
0.16627994 	 0.53222996
0.16874512 	 0.72387505
0.15165907 	 0.51682925
0.16697694 	 1.3588071
0.16541736 	 0.62276256
0.1570603 	 0.4878902
0.1511009 	 0.8705261
0.16301177 	 0.9818795
0.15614076 	 0.6282897
0.16846567 	 0.68122584
0.16957441 	 0.86493546
0.1707141 	 1.1036817
0.20083725 	 0.94014996
0.16045192 	 0.5142281
0.18285245 	 0.69475234
0.16880009 	 0.6526148
0.18397562 	 1.1594591
0.15431827 	 1.2180287
0.16968727 	 0.7887701
0.14982319 	 0.9244775
0.1601386 	 1.1691871
0.16729113 	 0.8995918
0.15782796 	 0.79656506
0.15909357 	 0.6624961
0.15509963 	 0.8694354
0.12911502 	 0.6210588
0.11965844 	 1.4046288
0.120645486 	 0.7220971
0.119403526 	 1.0340931
0.09675284 	 0.47289973
0.10498497 	 0.89674807
0.12771364 	 0.59148395
0.113275155 	 1.4328684
0.10281251 	 0.8455003
0.089093156 	 0.9480851
0.12516266 	 0.61160904
0.12765017 	 1.2348614
0.1333071 	 1.1155992
0.14991459 	 0.82705015
0.1455729 	 1.1360435
0.14479034 	 0.6141064
0.14409465 	 0.99574363
0.15049677 	 0.90179455
0.14782566 	 0.7917701
0.15146896 	 0.7154737
0.15259601 	 1.0138607
0.15794075 	 1.0191828
0.17134535 	 0.86835736
0.16087712 	 0.908465
0.20363967 	 1.2288436
0.18383756 	 1.0034237
0.18728825 	 1.0333937
0.17928877 	 1.0351094
0.1711908 	 0.90874964
0.19428419 	 0.41212064
0.18906185 	 1.1574861
0.18238309 	 0.6808493
0.18359339 	 0.87292063
0.19796754 	 0.85367435
0.19519371 	 0.91500324
0.1954429 	 0.66946846
0.2057566 	 1.0294348
0.20214584 	 1.0543462
0.20071128 	 0.88253343
0.22215533 	 1.0083432
0.19434905 	 0.58817303
0.18110982 	 0.7572701
0.19880748 	 1.0963902
0.18158828 	 1.0453756
0.18451782 	 0.8584939
0.15731823 	 1.3254684
0.13877568 	 0.9133582
0.13678154 	 0.9020516
0.12957874 	 0.5961451
0.12819548 	 1.0116199
0.13939156 	 1.0429018
0.12582631 	 0.64688736
0.11663952 	 0.73040354
0.124272116 	 0.57427365
0.11416732 	 1.3956985
0.114251174 	 0.97544014
0.10707014 	 0.67151254
0.09333263 	 0.7518411
0.45799553 	 0.73844665
0.52248794 	 0.68510073
0.4945363 	 0.568133
0.47410586 	 0.6275757
0.4555924 	 0.69972503
0.44419432 	 0.7382284
0.50779134 	 0.6185372
0.5136358 	 0.6426835
0.47888628 	 0.6695298
0.49762926 	 0.7766041
0.55804336 	 0.6206423
0.5106232 	 0.5690478
0.5270763 	 0.69490814
0.53789955 	 0.59496164
0.56941676 	 0.61499494
0.5583344 	 0.58182025
0.6042196 	 0.80929464
0.6129436 	 0.7833347
0.5472232 	 0.58877563
0.5681305 	 0.72680444
0.53103137 	 0.5968857
0.5575377 	 0.55683035
0.5186274 	 0.812009
0.58023983 	 0.70026135
0.6163638 	 0.62806493
0.6626131 	 0.5783792
0.5700142 	 0.58045644
0.5093606 	 0.57993853
0.6709826 	 0.6389757
0.5447587 	 0.5548886
0.50275373 	 0.66527647
0.50925136 	 0.87254286
0.49456865 	 0.7133845
0.567469 	 0.634332
0.6080359 	 0.85780054
0.5871732 	 0.63046485
0.6433204 	 0.5988497
0.5424209 	 0.5055888
0.6399306 	 0.72802216
0.62320715 	 0.46046248
0.60034156 	 0.7384969
0.51319975 	 0.49001735
0.5624983 	 0.56937474
0.4241121 	 0.5565775
0.4788687 	 0.6159763
0.51537174 	 0.5050551
0.5314049 	 0.6514177
0.5087046 	 0.7691379
0.54606795 	 0.67426807
0.5731689 	 0.6587145
0.5050178 	 0.6751371
0.53948283 	 0.70163924
0.5750285 	 0.61583436
0.5699556 	 0.6617972
0.5564498 	 0.6649394
0.5114535 	 0.5861254
0.49646074 	 0.47180015
0.53074604 	 0.48959556
0.509841 	 0.54470766
0.54958874 	 0.63743055
0.53756213 	 0.519331
0.5261214 	 0.5547488
0.55155236 	 0.60267276
0.52899796 	 0.5570185
0.5217749 	 0.7265539
0.5035116 	 0.5723161
0.44094446 	 0.5403051
0.46982712 	 0.78067356
0.50214094 	 0.7457859
0.34055564 	 0.62045807
0.29461646 	 0.71395594
0.29007596 	 0.7293528
0.30197012 	 0.634078
0.31666046 	 0.902349
0.42319444 	 0.8315398
0.4371736 	 0.6021421
0.51063734 	 0.82532024
0.50021946 	 0.7525639
0.51648223 	 0.69487244
0.52712256 	 0.7161824
0.5159272 	 0.8435996
0.510544 	 0.5765579
0.50628126 	 0.748323
0.45555204 	 0.73230755
0.5313795 	 0.64722824
0.54727024 	 0.6155413
0.56425107 	 0.58702856
0.6121717 	 0.61545575
0.6819864 	 0.58150524
0.65561414 	 0.634446
0.5555729 	 0.67198616
0.5650156 	 0.60701877
0.54128236 	 0.6184191
0.5271092 	 0.74754417
Summary
0.089093156  -  0.6819864 ,  0.24887772  -  1.7566223
accuracy:  93.0
equal predictions:  0
TensorFlow version: 1.13.1
Found 939 images belonging to 1 classes.
argN = 784
argN = 784
0.46682665 	 0.8600049
0.4757284 	 0.7913755
0.4228465 	 1.1364366
0.62825954 	 1.0535622
0.319275 	 1.5107192
0.27718535 	 1.5382744
0.23502955 	 1.237226
0.244332 	 1.2773138
0.17478764 	 0.90921265
0.19340183 	 1.1762414
0.21563517 	 1.1156441
0.20980912 	 1.271329
0.14711562 	 1.1937792
0.15351334 	 1.129061
0.19956006 	 1.1379963
0.35638806 	 0.85627425
0.2668166 	 1.0156505
0.33959556 	 0.902108
0.3157347 	 0.9839871
0.31295416 	 1.0782335
0.34618846 	 0.9663474
0.2991703 	 0.67947805
0.24855188 	 0.891427
0.2413195 	 1.1710061
0.15935358 	 1.1579607
0.09945372 	 0.982359
0.09221117 	 1.3642468
0.09231706 	 1.228501
0.104441196 	 1.2256504
0.16169648 	 1.2749411
0.26996306 	 1.0800052
0.6159485 	 0.85115653
0.52731884 	 0.8886195
0.57752424 	 0.92454845
0.5981251 	 0.8294571
0.6343595 	 0.7243359
0.6174337 	 0.77991515
0.5290605 	 0.8650862
0.5379085 	 0.64138997
0.54395306 	 1.0628546
0.35737777 	 0.8173244
0.101282835 	 1.1323541
0.24891809 	 1.1192322
0.58348054 	 1.0416676
0.2685333 	 1.2621418
0.2417639 	 1.3751687
0.20678766 	 1.007452
0.10396875 	 1.410847
0.117439896 	 1.3841866
0.13512973 	 1.490383
0.10664863 	 1.4291804
0.13198179 	 1.0879568
0.10010513 	 1.4424229
0.21051413 	 0.879913
0.2523733 	 1.2943689
0.29590282 	 0.8170239
0.2514069 	 0.94346416
0.1348046 	 0.92828786
0.06589792 	 1.1102406
0.05892439 	 1.3085972
0.014128968 	 1.0519744
0.17534412 	 1.2333537
0.56726897 	 0.83873963
0.65962523 	 0.82284087
0.442085 	 0.7297638
0.57247657 	 0.8833637
0.35898057 	 1.0279634
0.3036091 	 0.8324904
0.33113748 	 1.0721486
0.5053962 	 0.8950798
0.42290854 	 1.1934735
0.37546736 	 1.1521546
0.26007065 	 1.1799669
0.13065116 	 1.1681995
0.12810963 	 1.1483129
0.29597077 	 0.94803375
0.31946236 	 1.0745113
0.15985994 	 1.0180345
0.22504808 	 0.66494656
0.23904319 	 0.9862591
0.22094513 	 0.9817651
0.21209118 	 1.2851164
0.1634352 	 1.070932
0.13524327 	 1.1721342
0.13933805 	 0.9922689
0.11882299 	 0.8692623
0.13332713 	 1.0226012
0.13375151 	 1.0251845
0.1376467 	 0.8946244
0.13452902 	 0.8883944
0.15413329 	 0.94324553
0.24141905 	 0.72891736
0.20078872 	 0.9491545
0.22049813 	 0.6428575
0.2143905 	 0.8611773
0.18297583 	 0.6999276
0.21926092 	 0.8442419
0.20168543 	 0.8106232
0.16223122 	 0.7212663
0.19545224 	 0.83223414
0.17718239 	 0.42588162
0.16775684 	 0.81112325
0.16602658 	 0.9331696
0.1598747 	 0.9175712
0.16845241 	 0.613591
0.16055527 	 0.75854105
0.16066593 	 0.7928178
0.14575142 	 0.8725229
0.15687041 	 0.5846698
0.16331603 	 0.7671412
0.15350556 	 0.870029
0.16889726 	 0.9475772
0.15373422 	 0.91349924
0.16114235 	 0.88016075
0.16730319 	 0.6497348
0.17593554 	 0.67617464
0.144163 	 1.0066121
0.16372806 	 0.66527
0.1663209 	 0.8301608
0.19818036 	 0.7704047
0.1627622 	 0.8408543
0.18296345 	 0.6759152
0.16468595 	 0.81528586
0.17495447 	 0.633599
0.17524761 	 0.8875566
0.16837157 	 0.78055245
0.18199341 	 0.95296884
0.15195899 	 0.7707811
0.17592652 	 0.78691727
0.1740653 	 0.67749923
0.18164746 	 0.9913163
0.1609479 	 1.0012935
0.14396447 	 1.1168908
0.16272298 	 0.62464255
0.13426866 	 0.7476619
0.13662587 	 0.66341007
0.12634546 	 0.6409497
0.15532991 	 0.7078108
0.14077064 	 0.6166962
0.14362352 	 0.705275
0.14144969 	 0.8170622
0.14644729 	 0.79492253
0.14237319 	 1.0149415
0.1467453 	 0.7860012
0.13956122 	 0.8746382
0.13941959 	 0.5558812
0.12937996 	 0.8117416
0.10877336 	 0.8275566
0.10214039 	 0.83191264
0.119778365 	 1.0589879
0.12719399 	 0.8537538
0.11850561 	 0.7818002
0.12911339 	 0.8460398
0.12548508 	 0.5931097
0.13311677 	 0.92287326
0.13768905 	 0.7811473
0.12216118 	 0.6510363
0.13966519 	 0.94857043
0.13461801 	 0.57713467
0.12756607 	 0.6022795
0.13184005 	 1.3040237
0.13719866 	 0.8927207
0.1019093 	 0.57944506
0.126215 	 0.70090204
0.13213761 	 0.6906048
0.14120157 	 0.50945693
0.14043456 	 1.016326
0.12432645 	 0.5094474
0.15663894 	 0.96123546
0.13531171 	 0.8917013
0.13744591 	 0.6341794
0.15549876 	 0.65583646
0.16080774 	 0.83562636
0.16681664 	 0.9942553
0.18185206 	 0.7996564
0.20517218 	 0.98575324
0.19933145 	 0.596347
0.20653862 	 0.6717129
0.1971993 	 0.8022719
0.18905056 	 0.6174744
0.22640498 	 0.69489115
0.19179662 	 0.6276382
0.20409527 	 0.8730833
0.1997904 	 0.87498957
0.18402612 	 0.7874895
0.16196893 	 0.67086655
0.146423 	 0.73398566
0.17594904 	 0.8625384
0.1646298 	 0.829343
0.15518929 	 0.85734046
0.15118854 	 0.7161656
0.149611 	 0.7203098
0.3206393 	 1.0833688
0.273915 	 0.68479705
0.23624213 	 0.7400864
0.20029974 	 0.9914782
0.15230806 	 0.6072858
0.14958338 	 1.2717017
0.1679206 	 1.1357429
0.23157302 	 0.9759042
0.22583681 	 0.88944966
0.21641703 	 0.8413104
0.22877592 	 0.53694975
0.21868196 	 0.8571579
0.21295258 	 1.33356
0.17899874 	 1.1823134
0.17168613 	 0.78819305
0.17065202 	 0.7271365
0.17130539 	 0.87559986
0.19567418 	 0.92944676
0.1721371 	 1.0204784
0.16838384 	 0.90425205
0.19724062 	 1.2071034
0.17673945 	 1.2915555
0.20112467 	 0.5401149
0.1823243 	 0.74373406
0.18830374 	 0.8591031
0.24872759 	 0.82733667
0.29452348 	 0.90033287
0.42029727 	 0.83786786
0.41600186 	 0.94604415
0.3456201 	 0.8763405
0.3257482 	 0.937567
0.25722888 	 0.73547107
0.22525384 	 0.9788725
0.16611136 	 1.4104197
0.16303213 	 1.2413578
0.17521216 	 0.81197983
0.22825037 	 0.820216
0.19051369 	 0.99257445
0.46785608 	 0.794614
0.26543245 	 0.7533991
0.23636964 	 1.1325854
0.20765778 	 0.86077565
0.2374274 	 1.1925306
0.25297132 	 1.3964751
0.21791707 	 0.7804345
0.16681586 	 0.61450046
0.18902506 	 0.7454238
0.16340657 	 1.0337138
0.15090431 	 0.79990184
0.18350518 	 1.301252
0.1948192 	 1.0334718
0.18712136 	 0.6823777
0.16678643 	 0.9815304
0.16029868 	 1.2089947
0.15402079 	 1.1274405
0.17523581 	 0.9554123
0.16733271 	 0.9117887
0.16816154 	 1.0833756
0.17160206 	 0.8005252
0.1510435 	 0.8469906
0.21183103 	 0.8399058
0.210382 	 0.91785353
0.25254232 	 0.7990418
0.2588239 	 0.5833903
0.2608711 	 0.9895767
0.27591765 	 0.9554066
0.34512514 	 0.92377406
0.36536515 	 0.62427574
0.36682123 	 0.5241995
0.37937087 	 0.7530064
0.3837216 	 0.7209948
0.3347611 	 0.72847885
0.25291988 	 0.931251
0.18539618 	 0.9935321
0.1564032 	 0.7619533
0.17926781 	 0.910291
0.15533388 	 1.1723465
0.15564924 	 0.8982998
0.1656477 	 0.9751641
0.15559791 	 0.8797169
0.17985043 	 0.93388194
0.22893447 	 1.2172227
0.18635567 	 0.91791964
0.18959077 	 1.1889431
0.21704398 	 1.1673367
0.24057919 	 1.0650495
0.23577271 	 0.9212703
0.26334608 	 0.67236626
0.27981058 	 1.0290997
0.2541258 	 0.8323389
0.27607268 	 0.9971172
0.34493586 	 0.7907401
0.3106732 	 0.81673896
0.363781 	 0.68225694
0.33606198 	 0.9913216
0.3144227 	 0.8580393
0.35598633 	 0.6412808
0.3155757 	 0.8117771
0.35372472 	 0.68993723
0.32150844 	 0.7636639
0.2993236 	 0.90018326
0.29276112 	 0.911015
0.31945875 	 0.6408892
0.26080504 	 1.0116969
0.25820354 	 1.1840765
0.24436441 	 0.9336589
0.23891762 	 0.62303454
0.23741145 	 0.6211007
0.2510906 	 0.8272835
0.2092371 	 1.1635203
0.24834678 	 1.1403228
0.24181736 	 0.93204755
0.2793347 	 1.1242583
0.3010449 	 1.0037336
0.28847116 	 1.241437
0.2989813 	 0.8300936
0.3154729 	 0.80454946
0.24882016 	 1.1828161
0.2526354 	 0.8448949
0.2511142 	 0.70291376
0.23032713 	 0.6972635
Summary
0.014128968  -  0.65962523 ,  0.42588162  -  1.5382744
accuracy:  100.0
equal predictions:  0
TensorFlow version: 1.13.1
Found 939 images belonging to 1 classes.
argN = 784
argN = 784
0.38037848 	 0.83772707
0.5171927 	 0.805458
0.468739 	 0.75786567
0.44703403 	 0.51739836
0.4057498 	 0.726434
0.17623203 	 0.784779
0.16314256 	 0.78395224
0.12801586 	 0.7585035
0.086797774 	 0.75552285
0.1124048 	 0.9150305
0.13224639 	 0.6982218
0.13963723 	 0.7623391
0.2964254 	 0.8640572
0.30964208 	 0.7777546
0.337413 	 0.9305476
0.33042058 	 0.7257037
0.3096442 	 0.93385226
0.44770643 	 0.69091606
0.44663018 	 0.7159053
0.44515973 	 0.64307374
0.54305875 	 0.7887539
0.43189138 	 0.7850677
0.27505937 	 0.6618045
0.20674515 	 0.919168
0.2293812 	 0.5451669
0.12600945 	 0.82454556
0.12196878 	 0.93754673
0.21844737 	 1.142827
0.25741255 	 1.2778859
0.38678208 	 0.5895884
0.3687163 	 0.83997
0.3966895 	 0.77074707
0.471284 	 0.6850664
0.6441558 	 0.63416636
0.5501753 	 0.7430587
0.39528206 	 0.791562
0.3866359 	 0.8298174
0.35035238 	 0.61348414
0.425657 	 0.6979579
0.40430632 	 0.54707426
0.33768928 	 0.7586638
0.1930063 	 0.71876395
0.11203778 	 0.8611453
0.17535897 	 0.76920134
0.18302163 	 0.7044566
0.17689118 	 0.80267245
0.3570421 	 0.8801367
0.32140267 	 0.8675214
0.44895118 	 0.54736626
0.4696945 	 1.0032026
0.5422528 	 0.69776046
0.5022418 	 0.7284186
0.45199442 	 0.73785555
0.4684115 	 0.52235544
0.3685062 	 0.81669647
0.318116 	 0.5035005
0.2734302 	 0.76592803
0.21319193 	 1.1080847
0.21048875 	 0.8021521
0.19620638 	 0.9420433
0.21080132 	 0.85827047
0.15858349 	 1.1946881
0.09491395 	 0.85042745
0.087959066 	 0.95930684
0.07066061 	 0.7289983
0.029453533 	 0.9456185
0.048447255 	 0.9158844
0.07611363 	 1.2539299
0.1479969 	 0.647612
0.17280433 	 0.90437305
0.30531663 	 0.8835968
0.43405786 	 0.74146336
0.47718024 	 0.64220995
0.41895446 	 0.7006924
0.48514947 	 0.7170634
0.29951957 	 0.6661401
0.32553145 	 0.7899975
0.58567965 	 0.740771
0.2988638 	 0.8335801
0.13614385 	 0.7459553
0.04830556 	 0.6920481
0.24755529 	 0.57903606
0.30025664 	 1.0382291
0.29466096 	 0.7008247
0.32738945 	 0.8050257
0.27593735 	 0.6494052
0.3078357 	 0.66201437
0.34306112 	 0.8891042
0.3777084 	 0.7835
0.3740632 	 0.79339457
0.34789023 	 0.7779209
0.32098305 	 0.7182366
0.34618878 	 0.83257383
0.3204524 	 1.0390127
0.24666578 	 0.7897941
0.16785496 	 0.8316361
0.13826689 	 0.8089272
0.24282685 	 0.7862698
0.27190578 	 0.866587
0.2639928 	 0.80135745
0.28196228 	 1.1743655
0.24729237 	 0.45902976
0.17806822 	 0.98846275
0.35827824 	 0.6566885
0.37363586 	 0.7440772
0.3163417 	 0.83719647
0.31659347 	 0.67417836
0.3305684 	 0.76555026
0.32101163 	 0.5814075
0.33036932 	 0.6934982
0.28014448 	 0.82653254
0.28596875 	 0.7079318
0.32464933 	 0.5508668
0.35233158 	 0.6813122
0.32167378 	 0.7155463
0.33968395 	 0.70210063
0.30667937 	 1.0336668
0.34163725 	 0.62640524
0.3624893 	 0.9427452
0.30326444 	 0.64990485
0.31715235 	 0.9633423
0.3450605 	 0.61795086
0.3015391 	 0.68003064
0.32711893 	 0.8236737
0.3251955 	 0.4810388
0.2945454 	 1.0121106
0.309368 	 0.6804606
0.3325008 	 0.8269207
0.3063033 	 0.81567967
0.33151504 	 0.82873696
0.33354545 	 0.7756471
0.32531413 	 0.8200601
0.2963507 	 0.8767819
0.28265655 	 0.9723851
0.24483606 	 0.86625427
0.25374645 	 0.74332273
0.2620209 	 0.82964563
0.22953004 	 0.84163934
0.21332598 	 0.9719168
0.22184828 	 0.62871253
0.20660736 	 0.558501
0.1788303 	 1.1090866
0.15185782 	 0.555774
0.15902118 	 0.8860515
0.13649026 	 0.89359665
0.13350564 	 0.7166561
0.12526265 	 1.1478637
0.15172851 	 0.7741379
0.1481334 	 1.0055047
0.12192164 	 0.8714054
0.13246188 	 0.62560177
0.13426736 	 0.5684084
0.1607999 	 0.5417776
0.14354481 	 0.48238164
0.16336642 	 0.6683113
0.15777595 	 0.90979046
0.17447802 	 0.406487
0.16218363 	 0.73407555
0.16181155 	 1.0924674
0.16563307 	 0.66603076
0.17082721 	 0.82143503
0.15797174 	 0.6936245
0.15829262 	 0.8655177
0.12901784 	 0.8418435
0.16662075 	 0.97533816
0.16813742 	 1.0107952
0.1909075 	 0.6624101
0.17487851 	 0.5801212
0.18466213 	 0.70902354
0.20928411 	 0.4400064
0.2008046 	 0.49632716
0.19993992 	 0.68075913
0.2208597 	 0.7128567
0.2395146 	 0.7026191
0.24942401 	 0.7973253
0.2614984 	 0.5243601
0.27207327 	 0.72721374
0.275476 	 0.6635625
0.27249447 	 0.82144856
0.23715301 	 0.68090063
0.24737152 	 0.53624415
0.22874895 	 0.7399884
0.24127816 	 0.74132437
0.22573298 	 0.7421587
0.26043198 	 0.85006547
0.2282992 	 0.71522063
0.23146182 	 0.7409169
0.21818149 	 0.9731011
0.23297139 	 0.62819237
0.24339913 	 0.67767304
0.23095791 	 0.86207026
0.22447696 	 0.7673169
0.22370823 	 0.6266755
0.24040186 	 0.8922372
0.22482894 	 0.97922724
0.25246114 	 0.32126653
0.23937762 	 0.6339847
0.2260665 	 0.7283944
0.20545387 	 0.8980851
0.23901822 	 0.559689
0.23316401 	 0.702025
0.21252212 	 0.5133583
0.2118412 	 0.39828712
0.23667213 	 0.6620224
0.5382932 	 0.63864577
0.4327241 	 0.7547652
0.4234837 	 0.63003075
0.488538 	 0.727839
0.51932776 	 0.55647933
0.5322418 	 0.5940057
0.48657095 	 0.777331
0.49688062 	 0.57581735
0.43106037 	 0.8097975
0.4384708 	 0.62471384
0.3657552 	 0.5215109
0.37994853 	 0.5289316
0.36189836 	 0.6518052
0.37215635 	 0.5928608
0.43948418 	 0.8588107
0.46469587 	 0.65152586
0.3899299 	 0.57135826
0.4273959 	 0.7183663
0.42829925 	 0.78699934
0.42112547 	 0.61040115
0.54400694 	 0.6872024
0.52964956 	 0.8877267
0.49824965 	 0.617865
0.55960226 	 0.64104074
0.5129224 	 0.6064629
0.5159232 	 0.64890337
0.5334936 	 0.6365738
0.49898663 	 0.6789494
0.5750676 	 0.73648876
0.4995114 	 0.52735853
0.5617554 	 0.7152099
0.5362007 	 0.77090687
0.53732383 	 0.67991364
0.5895938 	 0.70386386
0.50841045 	 0.54449993
0.49119395 	 0.4861046
0.5253403 	 0.90074724
0.46065974 	 0.56956947
0.46296743 	 0.6609788
0.42029154 	 0.93249756
0.43079826 	 0.57728475
0.4198942 	 0.6679365
0.44224027 	 0.58195335
0.49702942 	 0.49002534
0.49947506 	 0.6259969
0.53816456 	 0.63285416
0.5044104 	 0.6426484
0.45888525 	 0.5947856
0.42540634 	 0.7392758
0.4422744 	 0.8577016
0.4437945 	 0.7216071
0.36862168 	 0.9067877
0.40701714 	 0.7622173
0.39995033 	 0.70055205
0.45541313 	 0.7580936
0.4638311 	 0.6754066
0.45755446 	 0.5090671
0.47250375 	 0.8907811
0.43588498 	 0.7608041
0.4034665 	 0.82060266
0.5430373 	 0.64979416
0.53967583 	 0.78409386
0.58058256 	 0.51984257
0.53116983 	 0.6311306
0.5348796 	 0.6883072
0.46974504 	 0.6992513
0.41311595 	 0.69376606
0.3822816 	 0.5533127
0.3470267 	 0.87589824
0.34205827 	 0.4836483
0.3489613 	 0.7295791
0.3911202 	 0.5894339
0.35389715 	 0.72599006
0.37314337 	 0.6495225
0.37923256 	 0.6452972
0.35992151 	 0.52880275
0.38924992 	 0.49395093
0.37574366 	 0.5305735
0.407015 	 0.7782034
0.4165649 	 0.68421465
0.401794 	 0.6428869
0.45199132 	 0.74298686
0.46868795 	 0.7049824
0.43669236 	 0.6695815
0.4558436 	 0.67172146
0.43350214 	 0.6452672
0.4474819 	 0.6841355
0.4646841 	 0.67780626
0.42551178 	 0.72612166
0.43566197 	 0.66207236
0.4134972 	 0.6380777
0.4274948 	 0.7411684
0.40273884 	 0.7748251
0.4255406 	 0.76825196
0.4606158 	 0.61821747
0.40927938 	 0.829527
0.39662296 	 0.5610506
0.41930348 	 0.99912137
0.38236162 	 0.49725845
0.39619696 	 0.85903287
0.37813598 	 0.5122417
0.4369396 	 0.677284
0.41738784 	 0.7076115
0.5323562 	 0.71418965
0.52303904 	 0.7844325
0.5449334 	 0.7060701
0.5281604 	 0.69029605
0.5264226 	 0.65323794
0.5552896 	 0.7214256
Summary
0.029453533  -  0.6441558 ,  0.32126653  -  1.2778859
accuracy:  98.7
equal predictions:  0
