TensorFlow version: 1.13.1
Found 939 images belonging to 1 classes.
argN = 196
argN = 196
0.19163871 	 2.62119
0.51653546 	 2.326607
0.65845305 	 2.7045152
0.42654133 	 2.8796554
0.337681 	 3.6560404
0.202966 	 2.590843
0.15524845 	 3.0189695
0.10080799 	 4.1778617
0.061719812 	 3.484413
0.10590846 	 1.5532811
0.08600011 	 3.0739844
0.14357667 	 2.3222737
0.165004 	 2.1749358
0.14895746 	 1.7197556
0.18348826 	 1.6148993
0.14487782 	 1.7163123
0.22483379 	 3.3286736
0.24400626 	 2.651981
0.37250265 	 3.1648688
0.324712 	 2.7930179
0.31168315 	 2.223367
0.32423082 	 2.0459387
0.24003445 	 2.4842885
0.24669828 	 3.3036282
0.10227032 	 2.92776
0.13644797 	 2.7883382
0.13119605 	 2.7801497
0.033013456 	 7.3911986
0.01033135 	 3.455142
0.08064398 	 3.3600245
0.09878714 	 3.9200017
0.1619402 	 2.2882285
0.2905287 	 1.8095976
0.091013275 	 3.8431053
0.34497684 	 2.0457304
0.24538024 	 2.1140869
0.3617092 	 3.0219193
0.3417771 	 1.9622704
0.13721465 	 2.6293619
0.42386866 	 2.5920978
0.23434676 	 3.0095508
0.32226825 	 3.0685577
0.26882774 	 2.235587
0.20501398 	 2.1376803
0.19369023 	 2.614961
0.12833005 	 3.661644
0.08089593 	 2.171277
0.11637405 	 2.2058065
0.111411795 	 2.533652
0.17030199 	 2.8823571
0.14116512 	 2.909436
0.1409997 	 2.2184415
0.10278371 	 3.0733864
0.050214544 	 4.178807
0.056382794 	 2.5687785
0.10323261 	 2.8158398
0.15157875 	 2.258392
0.26708668 	 3.3285704
0.16215965 	 3.6082628
0.09555113 	 3.0535886
0.04691962 	 3.3710382
-9.5367386e-07 	 3.6244295
-9.5367386e-07 	 2.9755104
-9.5367386e-07 	 4.033302
-9.5367386e-07 	 3.8902018
-7.152555e-07 	 3.0926342
0.015499767 	 1.9010233
0.15895124 	 2.6174738
0.37892658 	 2.18654
0.31877175 	 2.1034267
0.05544286 	 2.416836
0.111925445 	 3.2692792
0.18683285 	 3.0293047
0.1957906 	 2.6547627
0.4160398 	 2.5391333
0.23897423 	 2.684435
0.29451627 	 2.9500237
0.20546302 	 2.1437747
0.050669976 	 2.7496362
0.10266548 	 2.067356
0.15958722 	 1.9120041
0.08000138 	 2.6172297
0.068793446 	 2.9162004
0.08822829 	 3.2839642
0.026423985 	 3.1740036
0.062193897 	 3.0790117
0.068935074 	 2.7843778
0.019196242 	 4.584841
0.01542301 	 3.4865918
0.0051141996 	 3.331895
0.017834445 	 1.9341418
0.038201917 	 2.8454003
0.06357019 	 2.4092708
0.020614166 	 2.8158827
0.0051191123 	 3.8844013
0.016182661 	 2.947542
0.0050864015 	 3.5999284
0.020613132 	 3.6338692
0.02070191 	 3.120071
0.026145684 	 3.2307823
0.027226832 	 1.7021735
0.024630701 	 2.4578228
0.015423192 	 2.187019
0.0052347463 	 3.0816686
0.021233223 	 2.044203
0.020618243 	 3.1985893
0.015424221 	 1.914095
0.010428315 	 2.364571
0.0036093683 	 2.4950557
0.0050623785 	 2.6303856
0.010162799 	 2.4896266
0.010235298 	 2.0271854
0.015862804 	 3.7447536
0.031084424 	 2.7819972
0.015423252 	 2.958967
0.015423918 	 1.7901893
0.020749923 	 1.7723703
0.02577137 	 2.3327072
0.030500472 	 2.1541448
0.052034184 	 1.53641
0.041545108 	 2.0418477
0.050204076 	 1.5273352
0.04373608 	 1.2727786
0.03789995 	 1.740886
0.028650185 	 3.054932
0.023416523 	 2.7780886
0.030910986 	 1.3760517
0.036347352 	 1.9112127
0.041774593 	 1.8439946
0.020495037 	 2.154686
0.016979324 	 1.555186
0.015448191 	 1.5669706
0.0254027 	 1.9915744
0.036567733 	 2.290031
0.017947372 	 1.8548846
0.010310332 	 2.9476895
0.020373367 	 1.5586704
0.02147088 	 2.737251
0.02187484 	 1.4589584
0.025839629 	 3.1063397
0.027380763 	 1.7045571
0.010252822 	 2.3930883
0.011727224 	 2.285951
0.017546877 	 1.9483153
0.014569221 	 3.0667503
0.025593897 	 1.9534266
0.029448623 	 1.6967641
0.029626902 	 2.6778412
0.011169714 	 2.044384
0.016295038 	 2.2160234
0.04699715 	 1.4746338
0.02055168 	 2.10361
0.020493332 	 2.4434085
0.015423676 	 1.4709297
-9.5367386e-07 	 1.94392
0.0063198414 	 2.3650165
0.0071385177 	 2.5775473
0.010255472 	 2.09588
4.172326e-07 	 3.9204493
0.009521309 	 2.4145222
0.019646026 	 2.3866868
0.00080761133 	 3.1986563
0.00511408 	 1.6718159
0.020519434 	 2.3325555
0.036366574 	 3.0096426
0.034538236 	 2.9747782
0.052366704 	 2.638928
0.02916334 	 2.7127337
0.03640193 	 1.3421141
0.031743098 	 1.5827906
0.024038356 	 3.4826984
0.022646237 	 2.0258129
0.011687542 	 1.1948934
0.015423434 	 2.5325825
0.020588063 	 1.8002595
0.010378025 	 2.621299
0.015423676 	 2.9491882
0.015174743 	 1.794034
0.015427853 	 1.8530833
0.008117873 	 1.599659
0.021014249 	 1.7840395
0.008916013 	 2.4999259
0.040298875 	 1.0489503
0.025885075 	 1.3885275
0.0387573 	 3.227
0.0102713695 	 1.6086
0.032202072 	 2.6942039
0.01578263 	 2.1203465
0.027259232 	 1.8815094
0.015635135 	 2.167201
0.029575393 	 1.9833676
0.018982086 	 1.3338441
0.020570965 	 1.6462158
0.0152188605 	 3.089106
0.02594857 	 2.7484114
0.010108668 	 1.8545341
0.041023824 	 1.6115305
0.020198917 	 3.2105258
0.04095322 	 1.8823341
0.043386064 	 1.0916474
0.023305051 	 2.0004528
0.02684293 	 2.2663155
0.036975056 	 2.4493299
0.013900965 	 2.1240396
0.019406978 	 1.8926219
0.045051828 	 2.4144847
0.03184887 	 1.4628702
0.017670935 	 2.137325
0.023839397 	 1.4098837
0.031433914 	 1.9823112
0.119267255 	 2.1838536
0.16574977 	 1.4584283
0.10323531 	 2.3757465
0.07757504 	 2.5777404
0.041671246 	 2.8801734
0.032026287 	 5.3591805
0.015481122 	 3.3224912
0.016205316 	 13.815511
0.010375435 	 4.1016865
0.04362911 	 1.9240984
0.048931424 	 3.6681218
0.05236168 	 2.7836573
0.036366574 	 4.0475574
0.07129743 	 3.3416393
0.057134587 	 3.465742
0.052973498 	 3.0514712
0.020602422 	 2.1458955
0.010785298 	 1.3554938
0.020618364 	 2.5699313
0.025748558 	 4.582956
0.05189719 	 2.7959502
0.029836964 	 2.305718
0.038976785 	 2.0965729
0.04427604 	 2.558934
0.031089589 	 2.3809004
0.019377382 	 5.2776155
0.013854126 	 1.5964282
0.06284642 	 2.4722424
0.03635199 	 1.5165964
0.023590008 	 2.5003545
0.07041059 	 2.8123376
0.41146293 	 2.4226024
0.23851866 	 2.304889
0.101997875 	 2.9297276
0.0605062 	 2.4625013
0.036366515 	 1.532009
0.073804304 	 2.2128062
0.06973369 	 3.8917456
0.036366574 	 3.104843
0.058750037 	 1.825818
0.09785041 	 0.9070645
0.24677502 	 1.944902
0.34153157 	 2.699668
0.1460052 	 2.2834694
0.042506147 	 2.8804262
0.031070342 	 4.1788263
0.107565895 	 4.185672
0.08582811 	 2.9707832
0.05661956 	 2.550547
0.04640914 	 2.9924583
0.036078203 	 1.1600858
0.015436267 	 3.0799515
0.020565672 	 3.4854841
0.02065469 	 2.8025997
0.021388123 	 4.8022294
0.03738056 	 2.7889547
0.041849483 	 2.7037485
0.036155757 	 2.6970365
0.03632331 	 2.4443579
0.06302479 	 1.9834876
0.043166168 	 2.2731094
0.057111364 	 1.6947958
0.052530333 	 2.4406612
0.042324685 	 2.5843105
0.17762303 	 2.009529
0.15285079 	 1.9172031
0.14254928 	 1.9291806
0.19001326 	 2.1959682
0.10503085 	 2.0362346
0.076123595 	 2.8468506
0.046455342 	 3.3506832
0.0879163 	 2.9804175
0.015417744 	 2.9741573
0.02740343 	 1.5358803
0.02906043 	 2.332208
0.02520396 	 4.1772437
0.02584024 	 3.486292
0.047762983 	 1.2116753
0.07966774 	 2.1013913
0.07414799 	 3.668638
0.104599416 	 3.899818
0.17561045 	 2.4298031
0.19293444 	 2.5733454
0.15792483 	 2.2266347
0.20648974 	 1.910444
0.13912278 	 2.3415945
0.16562034 	 1.7796427
0.15972301 	 1.5833378
0.15123555 	 1.7102653
0.16092123 	 2.9073212
0.122454666 	 3.0771284
0.12637657 	 3.5812876
0.04695448 	 4.3620405
0.04244327 	 2.5771692
0.036461152 	 2.019426
0.039772842 	 2.9088018
0.07455043 	 2.0768058
0.13437705 	 2.0988874
0.100614116 	 1.4199582
0.06619611 	 1.973967
0.07433019 	 3.6682525
0.11105486 	 2.1857457
0.09370031 	 4.380366
Summary
-9.5367386e-07  -  0.65845305 ,  0.9070645  -  13.815511
accuracy:  100.0
equal predictions:  0
TensorFlow version: 1.13.1
Found 939 images belonging to 1 classes.
argN = 196
argN = 196
0.19536948 	 2.8725467
0.24746619 	 2.6520638
0.46781695 	 1.9870985
0.40312305 	 2.714398
0.3250955 	 2.8602223
0.3008022 	 2.7880197
0.1415535 	 3.3991714
0.1309822 	 2.0250092
0.17989324 	 2.0364542
0.28284103 	 1.3128221
0.051942457 	 3.304607
0.17908971 	 2.2998428
0.1946538 	 2.920373
0.17098194 	 2.6906338
0.17196308 	 2.0111244
0.18856598 	 2.7017164
0.16822529 	 3.11655
0.17980634 	 4.584829
0.23449543 	 3.6988366
0.21397558 	 3.2392886
0.16168366 	 2.2830012
0.103364654 	 3.0714095
0.026942367 	 2.9537842
0.021199921 	 4.5685735
0.015199737 	 4.1004696
0.0051148585 	 4.0586247
0.010256073 	 4.1724415
0.03540697 	 2.712908
0.24515232 	 2.498606
0.30827564 	 2.206109
0.36976826 	 2.3668027
0.29747346 	 3.667984
0.20325643 	 2.4010637
0.0852152 	 2.3460095
0.10812319 	 3.397383
0.08042052 	 2.3085544
0.23310208 	 3.0194857
0.3801947 	 2.3255305
0.27208203 	 2.4078434
0.2988495 	 2.6857944
0.24087317 	 2.266204
0.30035877 	 2.2732742
0.30199897 	 1.307423
0.27013224 	 2.8392916
0.22392048 	 2.388326
0.15394527 	 3.2625911
0.025213802 	 4.173513
0.043973792 	 3.5042214
0.051759087 	 2.966655
0.054464906 	 2.4061325
0.044182528 	 2.368386
0.08484511 	 2.1054602
0.10885703 	 2.5771692
0.13883142 	 2.387817
0.092204176 	 3.663676
0.12604676 	 2.5683212
0.07301647 	 2.6625285
0.08831605 	 3.6735988
0.19007078 	 3.5857701
0.07205745 	 2.8683743
0.08026615 	 2.087061
0.029387606 	 3.105701
0.0051109646 	 2.003841
0.019353379 	 3.0284998
0.00022079998 	 2.9726186
-9.5367386e-07 	 3.1531062
-9.5367386e-07 	 2.8782105
0.051596332 	 2.262293
0.22532028 	 3.168202
0.24723978 	 3.0193257
0.11660844 	 3.631917
0.09606955 	 2.0482142
0.17171761 	 2.4620287
0.22756179 	 3.1953354
0.30093095 	 4.558124
0.42586538 	 2.945718
0.1345096 	 1.3629347
0.24906068 	 3.0700321
0.21820943 	 2.8593638
0.2155493 	 2.142226
0.19560409 	 3.029105
0.24005437 	 3.3303196
0.15334816 	 3.0442123
0.026006132 	 3.2190874
0.04120915 	 2.658948
0.06021135 	 2.3656726
0.089794904 	 2.9664998
0.06853834 	 3.4448922
0.044823837 	 2.9307513
-5.960463e-07 	 3.076318
0.010241079 	 2.368914
0.02825096 	 2.8006244
0.03719947 	 2.3762884
0.010339842 	 3.268496
0.00511408 	 2.5104542
-7.152555e-07 	 3.3263862
0.00511408 	 3.4656982
0.03108848 	 3.4861012
0.020633942 	 3.4863229
0.024710918 	 2.7754283
0.022941254 	 4.14465
0.018263951 	 2.6708565
0.012015778 	 2.0062225
0.01025252 	 3.0506926
0.02583657 	 2.021292
0.016688304 	 2.4492738
0.02059579 	 2.4481695
0.012117491 	 3.49742
0.00511408 	 1.2406409
-9.5367386e-07 	 2.6388428
-9.5367386e-07 	 2.4444177
0.00030498387 	 2.7068853
0.005139422 	 2.0334473
0.0051141395 	 1.5912132
0.010121673 	 1.9502778
0.030453771 	 2.6261697
0.010256737 	 2.5600977
0.026338613 	 3.3457873
0.027034035 	 1.4262323
0.031810164 	 1.9367086
0.028067531 	 1.646505
0.020618303 	 2.0037565
0.036334433 	 3.1537187
0.034797285 	 2.0079293
0.036700048 	 2.3082616
0.04163067 	 2.7113855
0.043710988 	 2.773734
0.023097273 	 3.229423
0.031088972 	 2.0191002
0.029084915 	 1.4740548
0.03670852 	 1.4272374
0.025006909 	 2.2303243
0.031069912 	 2.0688007
0.01903111 	 2.3953238
0.02583596 	 2.0569024
0.0063326773 	 2.0901635
0.010255472 	 2.9771192
0.00511408 	 2.4226475
0.010176166 	 2.1367776
0.015821021 	 2.2813215
0.003056723 	 1.90036
0.015026308 	 2.1874309
0.015105273 	 2.5510428
0.01668291 	 2.5074377
0.0104710795 	 2.145248
0.010283594 	 1.9601572
0.009735555 	 1.7809466
0.015613701 	 2.0639431
0.015264129 	 2.6411755
0.010255472 	 1.713698
0.022717819 	 1.8820835
0.020665765 	 3.6629162
0.025428135 	 2.2818067
0.0034241225 	 1.7744771
0.0037247082 	 2.0327501
0.005062079 	 1.4920764
0.0050223614 	 1.8236133
-7.152555e-07 	 2.9569638
0.00511408 	 2.4136858
0.017177103 	 1.417864
0.010000115 	 3.4862761
0.00511408 	 3.5311806
0.023857223 	 3.336388
0.020618243 	 1.559775
0.035855025 	 2.250414
0.041852217 	 1.8018596
0.030034108 	 2.7916386
0.031110678 	 2.309798
0.02425549 	 1.5956749
0.02679248 	 1.7015057
0.015424281 	 5.253208
0.010346347 	 1.841265
0.018850151 	 2.8755052
0.012083224 	 2.16542
-2.3841855e-07 	 2.5326238
0.0052878344 	 2.553396
0.0101732155 	 1.9973828
0.029935593 	 2.2695565
0.030832237 	 1.3856254
0.025826294 	 2.9271653
0.0303777 	 3.2458787
0.02089927 	 1.5203488
0.00826138 	 1.8509694
0.024692161 	 2.583993
0.0067161643 	 2.6408913
0.018823184 	 1.6724448
0.020492785 	 2.1133752
0.0022877974 	 2.4515688
0.021664374 	 2.4331996
0.028073048 	 2.5044327
0.042027254 	 2.1687014
0.022379957 	 2.1016529
0.012254332 	 1.4606596
0.0074794358 	 2.7236133
0.018754736 	 1.6243494
0.13553482 	 1.8126265
0.1859113 	 2.3894527
0.12773064 	 3.198652
0.0154204685 	 1.7748142
0.036366083 	 1.5139247
0.052453633 	 2.7929275
0.046696074 	 2.3979535
0.02568098 	 1.5332937
0.020618485 	 2.2780802
0.033202354 	 2.6224933
0.054889787 	 3.3490458
0.041673858 	 2.101572
0.052367017 	 4.578216
0.057764363 	 2.1578548
0.031718675 	 2.6710978
0.015835252 	 4.8876867
0.03276306 	 3.668638
0.038306452 	 2.8800905
0.03188942 	 2.389825
0.0102612525 	 0.8840731
0.02557219 	 3.3321736
0.022127336 	 2.9542177
0.030938895 	 2.4915884
0.051784694 	 3.263088
0.079272725 	 3.4863133
0.15058193 	 2.5908947
0.29319805 	 2.18397
0.19142489 	 2.7584238
0.052774105 	 3.7773695
0.09016533 	 2.3426592
0.047242884 	 3.6686263
0.048001215 	 4.755219
0.0631769 	 2.681297
0.0796163 	 3.6650789
0.041414637 	 2.6211827
0.09013416 	 2.8803942
0.11499828 	 3.2171085
0.04652103 	 3.6576521
0.13644604 	 4.584852
0.13000447 	 2.8791895
0.14550519 	 2.102032
0.11890952 	 2.913902
0.1662263 	 4.1794257
0.12277654 	 4.5847006
0.1399147 	 3.668631
0.10974851 	 3.043762
0.07992732 	 2.3875268
0.06390034 	 3.8917718
0.074088745 	 2.500538
0.07248955 	 2.5711927
0.07204367 	 1.2208529
0.0627893 	 1.8508723
0.047004834 	 2.5702817
0.020546751 	 4.5843678
0.020629864 	 4.190534
0.033434246 	 2.239091
-7.152555e-07 	 1.2352617
0.010285461 	 2.772199
0.036404036 	 3.0791452
0.035860647 	 2.7131722
0.04656418 	 4.1794376
0.04118188 	 2.715136
0.04339229 	 2.794446
0.047469866 	 4.1607933
0.061247915 	 3.1376412
0.117834665 	 2.9448872
0.14413533 	 2.0585756
0.17273717 	 2.0131238
0.19629195 	 1.8095518
0.19912915 	 1.975283
0.16321076 	 1.7751578
0.14716844 	 1.8370082
0.17506282 	 2.136569
0.12500447 	 2.634782
0.078441575 	 1.6898282
0.055735424 	 3.6667845
0.025840178 	 5.2779193
0.041765645 	 2.4737847
0.024919704 	 4.1794376
0.0168285 	 2.8801723
0.015801402 	 4.58487
0.022228925 	 3.8870082
0.03983332 	 2.4477627
0.036550608 	 2.659831
0.043290894 	 3.3376021
0.09077397 	 2.0903947
0.09780815 	 3.0811245
0.09185782 	 1.1917293
0.16010587 	 3.66854
0.11658841 	 3.198309
0.22265065 	 3.3339293
0.2872361 	 2.4431696
0.27400106 	 2.1872783
0.2470709 	 2.2865376
0.15230764 	 2.3915424
0.21742098 	 1.5178964
0.22488596 	 1.4978498
0.16372132 	 1.5359994
0.15369405 	 2.1824858
0.13610916 	 2.1837218
0.1728326 	 2.3224232
0.10740847 	 3.668638
0.07951639 	 3.6449013
0.072139636 	 4.1794257
0.07410428 	 1.53906
0.04991739 	 2.497976
0.042623263 	 2.0128098
0.0676496 	 5.2779193
0.050071094 	 3.8752246
0.041593138 	 3.668472
0.05775685 	 3.4859452
0.1024101 	 2.7670226
0.09537696 	 2.6934757
0.11338844 	 2.8574634
0.11873077 	 2.8324337
0.13599545 	 1.7558813
0.093965136 	 1.9413836
0.07306251 	 1.6089824
Summary
-9.5367386e-07  -  0.46781695 ,  0.8840731  -  5.2779193
accuracy:  100.0
equal predictions:  0
TensorFlow version: 1.13.1
Found 939 images belonging to 1 classes.
argN = 196
argN = 196
0.16042309 	 2.5620296
0.1872976 	 4.250917
0.308066 	 3.378488
0.16164072 	 2.880731
0.3412483 	 2.728333
0.5541688 	 2.5530093
0.14087076 	 3.3368876
0.09452951 	 3.1353467
0.112714514 	 2.5350678
0.08311127 	 2.7786248
0.14253896 	 1.7601504
0.18818718 	 2.5740561
0.23976389 	 3.8886108
0.17689666 	 3.8908784
0.32493776 	 3.116492
0.06991847 	 2.2725875
0.010255472 	 3.8917718
0.10785426 	 3.6779804
0.08820954 	 2.4469202
0.025819322 	 3.5251408
0.010500774 	 3.6359406
0.010306298 	 3.891649
0.019049335 	 3.4836397
0.26161322 	 7.5596633
0.13657162 	 2.4939198
0.13260329 	 3.3025858
0.29096085 	 3.8557725
0.26932573 	 3.5945206
0.39902985 	 2.3000681
0.0226966 	 3.0916064
0.14033051 	 2.4751544
0.21351457 	 2.8438609
0.17958596 	 2.597895
0.047062434 	 5.260918
0.022852642 	 2.2081861
0.047001958 	 2.63703
0.068300456 	 3.0777261
0.056394145 	 3.3143022
0.040139217 	 3.6687012
0.040841762 	 2.4836833
0.05114048 	 3.0438008
0.09402629 	 2.480097
0.07739335 	 3.2051451
0.09240015 	 2.9482112
0.06721557 	 2.648754
0.07831116 	 1.897641
0.030389069 	 2.9599223
0.031089773 	 2.463465
0.064329945 	 3.6966286
0.103484824 	 2.568837
0.0015551613 	 3.7085812
-9.5367386e-07 	 2.7809541
0.0040781694 	 3.2681093
0.0048789596 	 4.592704
0.010255893 	 3.6635413
0.038275424 	 2.5690408
0.14415921 	 3.0715485
0.30377626 	 2.0353873
0.036903683 	 1.9054843
0.05298588 	 2.695033
0.06794557 	 2.721036
0.06567722 	 2.5552752
0.080584995 	 2.8090663
0.14555703 	 3.2979467
0.35684168 	 3.5793583
0.18752442 	 2.2011938
0.23114978 	 2.2102742
0.21612297 	 2.6246247
0.2668673 	 2.5658753
0.18844327 	 3.816813
0.11030516 	 1.3083943
0.07998466 	 3.1224904
-9.5367386e-07 	 1.5367421
-9.5367386e-07 	 2.7910917
0.09636007 	 2.9739637
0.06128708 	 2.6811194
0.049011674 	 1.7693373
0.029758055 	 2.981156
0.057005033 	 5.277884
0.014171346 	 3.846153
0.015423373 	 3.2140162
0.0154270055 	 4.495462
0.03086365 	 2.2697768
0.039965194 	 2.8927336
0.00991457 	 5.023669
0.025833083 	 2.155726
0.018818872 	 2.3879967
0.015425674 	 2.132519
0.024351371 	 2.7181273
0.0154241 	 1.2658833
0.005114499 	 3.4857254
0.015480395 	 3.0817363
0.014637444 	 1.3146428
0.0102206655 	 1.8672746
0.008595827 	 1.2254238
0.0057513085 	 2.707895
0.002278956 	 2.3899286
0.00511408 	 1.6716313
0.020617573 	 3.4941082
0.010271791 	 1.1260087
0.024492463 	 2.4460151
0.015423434 	 1.841847
0.025718896 	 2.4943528
0.041349594 	 1.7551291
0.036210943 	 2.1034727
0.06155093 	 2.06429
0.024348073 	 2.0050125
0.056833662 	 3.2856083
0.057507757 	 2.345022
0.032695744 	 3.4912064
0.047102857 	 1.818089
0.03813318 	 3.2014832
0.03596568 	 1.9425094
0.025882874 	 2.427052
0.015920822 	 2.273994
0.010255472 	 2.9719129
0.024562038 	 2.9510949
0.015423434 	 2.3285363
0.010189534 	 2.6011403
0.025734674 	 1.40108
0.005828645 	 2.5577354
0.008142931 	 1.4575831
0.022705868 	 2.4682615
0.017791487 	 1.4954228
0.0116962865 	 1.6324257
0.021179525 	 1.6488279
0.022587648 	 2.9382708
0.020572122 	 2.437298
0.016491894 	 1.9349015
0.020709455 	 1.7223003
0.010255472 	 2.793161
0.03565772 	 1.6853259
0.006345514 	 2.891053
0.0051143793 	 1.8235424
0.0121843405 	 2.5022557
0.00511408 	 1.8061653
0.005065374 	 3.356776
-9.5367386e-07 	 2.4009497
0.0051200707 	 3.0747402
4.4168017e-05 	 1.7939781
-7.152555e-07 	 2.2552292
0.005936686 	 2.8232872
0.010263541 	 2.2414055
0.015423918 	 1.5046297
0.011351577 	 1.9155827
0.015420711 	 1.5270404
0.015879882 	 2.3889892
0.029727045 	 3.315982
0.028784892 	 2.3473232
0.053244848 	 2.5806792
0.017384443 	 1.5144228
0.02070556 	 1.9324908
0.047559373 	 2.4052596
0.015423434 	 3.8400195
0.015472465 	 2.898323
0.03520864 	 3.1700733
0.0206138 	 2.7929235
0.020617696 	 1.9419981
0.019320503 	 2.0544086
0.020618243 	 2.3960493
0.036199264 	 1.5179069
0.020618303 	 1.4447156
0.010173758 	 2.221757
0.015422707 	 1.9759531
0.016171152 	 1.9459229
0.03319866 	 1.7253041
0.008024918 	 1.3745476
0.018888175 	 2.8543847
0.0054826555 	 1.2572368
0.02600656 	 1.7589228
0.02708664 	 1.8553902
0.056721367 	 1.5735394
0.025422387 	 2.13647
0.031972375 	 1.4128585
0.028234284 	 1.8479605
0.020626275 	 2.2148838
0.017842153 	 2.2713995
0.00731995 	 2.3783598
0.0102251815 	 1.22542
0.017918851 	 2.1784945
0.024904426 	 1.8246213
0.015097709 	 1.5586996
0.020654995 	 1.6725235
0.017753627 	 1.3365202
0.010245114 	 2.370547
0.022558078 	 2.6355703
0.014355631 	 1.8066214
0.011506402 	 1.5938047
0.009138671 	 1.0845861
0.16596591 	 2.4409015
0.14705962 	 3.0011532
0.22187766 	 2.186791
0.17789131 	 2.2339118
0.16791545 	 2.061015
0.20760679 	 1.9120972
0.1596735 	 1.8679776
0.09987754 	 2.7061255
0.13077398 	 2.2598507
0.041672926 	 1.7001935
0.036306556 	 3.1575851
0.04648369 	 4.58487
0.063069604 	 3.9054718
0.061009422 	 5.432715
0.047521245 	 3.5588553
0.063872695 	 3.4729068
0.036777772 	 2.676048
0.030891497 	 2.1060987
0.04164316 	 3.35525
0.02265837 	 2.8648791
0.016032986 	 3.4771402
0.013300684 	 4.1794376
0.040891744 	 2.5620403
0.015423494 	 1.4436861
0.015423494 	 3.1294441
0.02577345 	 2.7905934
0.013524079 	 2.9445643
0.01858828 	 5.400896
0.009754755 	 2.5751936
0.020461028 	 3.8852918
0.046990838 	 4.584864
0.052243855 	 3.8585768
0.031157656 	 3.6693206
0.02569908 	 3.7275095
0.017158851 	 13.815511
0.06735665 	 2.0275567
0.05775773 	 2.8730304
0.07431445 	 4.4213834
0.1364425 	 2.8833656
0.08515906 	 3.0708683
0.07280708 	 2.975501
0.1274121 	 3.3066268
0.111379415 	 1.330074
0.0808503 	 2.1422443
0.09057766 	 2.6381454
0.074147284 	 2.142583
0.079068534 	 3.6845558
0.06298003 	 2.5053403
0.06309373 	 1.5507323
0.052380018 	 3.198588
0.041584253 	 4.584823
0.04080997 	 2.31228
0.041525725 	 2.8878822
0.027032504 	 1.8538471
0.019487444 	 3.457534
0.02734793 	 2.4448676
0.04298658 	 2.0601711
0.027345235 	 2.0186408
0.025614444 	 2.3447728
0.052203853 	 3.3308995
0.1279148 	 2.2073133
0.11647992 	 1.4442284
0.1570241 	 2.0577843
0.17141908 	 2.3312917
0.15418224 	 2.4942286
0.15958548 	 1.6215184
0.13594198 	 2.3394852
0.08631637 	 2.970524
0.09679873 	 1.5045699
0.09443989 	 1.8861294
0.03326305 	 2.3710134
0.025116615 	 2.0674791
0.025071265 	 2.439777
0.02964299 	 3.1961741
0.01047397 	 2.6849658
0.031073418 	 3.668638
0.030972647 	 2.5063863
0.034908317 	 2.880202
0.07342192 	 2.6218755
0.039298415 	 1.4152881
0.04322685 	 1.7740076
0.107390285 	 2.9754672
0.14212066 	 2.5928617
0.14236143 	 3.3283577
0.15841077 	 3.6680005
0.21510413 	 2.0737412
0.28616282 	 2.1003501
0.22339033 	 1.9621483
0.22630093 	 1.4099787
0.23810843 	 2.0223377
0.26870048 	 2.034736
0.21046115 	 1.9094386
0.18950395 	 2.0215683
0.22367804 	 2.0642521
0.20507537 	 1.5505234
0.19461194 	 1.8843827
0.22006218 	 2.3701286
0.164527 	 2.2899344
0.14208452 	 2.1031914
0.14602038 	 1.8543274
0.12278065 	 2.2439446
0.121675774 	 2.7839997
0.14903238 	 2.0969772
0.13185875 	 3.4863229
0.09014003 	 3.3028436
0.073025964 	 1.3070371
0.06748717 	 2.7081623
0.045464616 	 2.5462255
0.045606907 	 2.2840848
0.041787457 	 2.5320132
0.041719656 	 2.042484
0.046618886 	 2.417276
0.03918076 	 3.2313223
0.08476667 	 2.7918806
0.1233235 	 2.943971
0.0914319 	 2.8711333
0.10695465 	 3.189684
0.060898494 	 2.3081377
0.07111995 	 2.4444444
0.09548804 	 2.7889295
0.10207537 	 1.4090229
0.09620387 	 2.7247808
0.070401765 	 4.4083357
0.0956236 	 2.118674
Summary
-9.5367386e-07  -  0.5541688 ,  1.0845861  -  13.815511
accuracy:  100.0
equal predictions:  0
TensorFlow version: 1.13.1
Found 939 images belonging to 1 classes.
argN = 196
argN = 196
0.15009195 	 3.2005756
0.17097734 	 2.926055
0.16324592 	 2.5234146
0.10144629 	 2.8793964
0.0632056 	 2.8771174
0.070981406 	 2.5174913
0.08083421 	 3.606228
0.09319366 	 3.1999087
0.12066391 	 1.2895961
0.12601094 	 2.0406804
0.11936336 	 2.4509773
0.085836686 	 2.5173562
0.15300123 	 2.5721319
0.19415753 	 3.123614
0.17205115 	 2.792691
0.08012032 	 2.7859385
0.1855645 	 2.7314188
0.1400523 	 2.6573277
0.103620805 	 2.0592237
0.26610094 	 2.424707
0.14067617 	 3.0694788
0.19446373 	 3.690673
0.30153343 	 3.677464
0.35121733 	 3.0221908
0.32962698 	 3.4842944
0.2533158 	 3.489527
0.08455234 	 2.5388381
0.08463206 	 2.7755995
0.037036967 	 2.727245
0.020616842 	 2.638918
0.015276113 	 3.3422408
0.015300987 	 2.2298934
0.005295205 	 1.8908832
0.21868308 	 2.5322764
0.35514396 	 1.7724117
0.35911167 	 2.6325545
0.3450844 	 2.4168642
0.12225574 	 3.4131558
0.08557596 	 2.8953211
0.1623197 	 2.9772422
0.44919997 	 2.5881233
0.4722513 	 3.0313098
0.43824083 	 2.390906
0.41696158 	 3.0748718
0.22214745 	 2.3564873
0.37343973 	 2.441497
0.3823348 	 4.4188523
0.45591694 	 2.7575252
0.29459575 	 2.8159802
0.09028288 	 2.7720752
0.25529343 	 2.5947695
0.1629163 	 3.3311913
0.10027524 	 1.7608489
0.06845197 	 2.4302433
0.0787018 	 2.072518
0.08699224 	 2.2803133
0.09258308 	 1.9726342
0.11326988 	 5.277884
0.100180365 	 5.2056
0.07942604 	 2.8129184
0.18564093 	 3.419883
0.26216048 	 3.0733943
0.16286306 	 2.955922
0.03197059 	 3.198839
0.046149377 	 2.490283
0.030353062 	 2.8806577
-9.5367386e-07 	 3.3689098
-9.5367386e-07 	 5.335506
0.022167617 	 3.193637
0.059838623 	 3.3293722
0.41693166 	 2.5064602
0.2923246 	 2.9726908
0.28497246 	 2.465294
0.2167661 	 1.8290613
0.1565079 	 3.00158
0.1063036 	 2.67194
0.15689872 	 2.2082942
0.06673814 	 1.9907131
0.18073876 	 2.351512
0.1703863 	 2.9289188
0.035087265 	 2.76271
0.07828764 	 2.5196397
0.07336984 	 2.0574718
0.122960865 	 2.2969432
0.03895249 	 4.2930436
0.0154241 	 3.0082197
0.057752617 	 2.6553366
0.0861336 	 2.97379
0.036691576 	 3.1278987
0.017676394 	 4.574429
0.030013656 	 3.3725
0.014262699 	 2.94153
0.0051141395 	 3.9203413
0.010617634 	 4.377941
0.016427059 	 2.43833
0.020258645 	 2.562873
0.01021085 	 3.741225
0.028505871 	 2.9428635
0.010255411 	 2.2119687
0.015448857 	 2.010453
0.010255472 	 1.6216662
0.00014747276 	 1.6105154
0.025591208 	 1.9105322
0.011917212 	 3.9086032
-9.5367386e-07 	 1.3542737
-9.5367386e-07 	 2.6015332
-9.5367386e-07 	 1.5454283
0.005072383 	 1.4819956
0.009776664 	 1.7668575
0.010255531 	 2.1000693
0.00511408 	 3.0196517
0.012424263 	 2.1900067
0.00516818 	 1.2378564
0.03110287 	 1.5558852
0.036738507 	 1.4787408
0.04301881 	 2.3749964
0.019205963 	 2.0643644
0.035553336 	 2.6517909
0.036406383 	 2.0442965
0.043851413 	 2.3689158
0.035296686 	 1.9689581
0.036864348 	 1.2697014
0.020422094 	 1.7193553
0.019785421 	 3.151624
0.015472344 	 1.5875767
0.010250835 	 3.6677833
0.020595426 	 2.3229146
0.021488298 	 2.166869
5.3466796e-05 	 3.6630743
-9.5367386e-07 	 2.9820929
0.021880383 	 1.7979138
0.00511408 	 2.2063472
0.0155007355 	 1.3261646
0.029309163 	 1.5144566
0.027016582 	 2.7409105
0.015436024 	 1.9257134
0.010492582 	 3.3999264
0.018298613 	 1.4993751
0.015430335 	 1.5370537
0.016019965 	 2.1546767
0.020787835 	 3.184964
0.025830025 	 2.047518
0.025827823 	 3.0112855
0.009343027 	 5.280176
0.010004931 	 2.1342175
0.00511408 	 2.052758
0.010579563 	 1.915157
0.005115697 	 1.3992524
0.010192785 	 2.502421
0.0051182136 	 2.4615402
0.016756065 	 2.1893647
0.01012342 	 2.2291539
0.008084764 	 4.010306
0.010255531 	 1.6678306
0.005233548 	 2.6130712
0.011910757 	 2.3019397
0.025958663 	 1.3049212
0.010261012 	 2.5690906
0.010255472 	 2.160916
0.031289626 	 2.975528
0.015283496 	 1.8442056
0.010257098 	 1.6944944
0.015423434 	 1.81421
0.02863804 	 2.8802032
0.041323565 	 1.3674293
0.024127988 	 3.668638
0.0150293335 	 2.1525798
0.04069431 	 2.8983371
0.007598406 	 2.225929
0.010255472 	 1.6743441
0.015212868 	 2.1386628
0.010255472 	 2.5510657
0.0056221876 	 3.133312
0.0102556525 	 2.3317542
0.025825866 	 2.1869385
0.010056708 	 1.9875141
0.015512177 	 2.2813175
0.008762972 	 2.1159937
0.004988276 	 2.080245
0.014730593 	 3.186071
0.0051052133 	 2.1177793
0.019068107 	 1.3482773
0.012917986 	 2.1513617
0.05236306 	 1.2565508
0.041242566 	 1.8644263
0.03812637 	 2.1421716
0.022941131 	 4.2262383
0.043584656 	 1.8434943
0.014218139 	 3.4157379
0.01573988 	 1.5198697
0.0063693877 	 3.9638665
0.008753171 	 2.4148035
0.025587233 	 3.1668315
0.020390825 	 3.658556
0.0072354735 	 2.1543086
0.014760415 	 1.9845842
0.026180986 	 1.742464
0.030466182 	 1.9061308
0.018816443 	 2.0713246
0.025780238 	 1.540694
0.033692636 	 1.4184569
0.023307126 	 2.3413844
0.19240312 	 2.011586
0.104877725 	 3.2968926
0.0720119 	 1.9463623
0.12135667 	 2.5527284
0.08208428 	 2.742685
0.046509918 	 3.8917718
0.04167162 	 3.6684115
0.050220497 	 3.0799022
0.03902333 	 2.82426
0.020568289 	 1.9239526
0.025795346 	 3.0697124
0.030768493 	 2.465737
0.051718976 	 3.1979396
0.025840178 	 4.583942
0.025850577 	 2.473733
0.010264625 	 2.7922716
0.031081963 	 1.9925821
0.047432866 	 1.1511952
0.047773924 	 2.734708
0.052419275 	 2.4998672
0.03633913 	 1.7750424
0.4921379 	 2.3056056
0.35013697 	 2.2961192
0.1128523 	 1.544129
0.10749753 	 2.2814279
0.052368023 	 5.080796
0.06562522 	 2.9202402
0.05774643 	 2.7931757
0.04558389 	 4.1794376
0.07861785 	 3.333518
0.040720943 	 3.4565585
0.04690669 	 1.9377687
0.05391816 	 3.541721
0.07717261 	 2.6921628
0.12074461 	 2.1725512
0.057790887 	 3.1739552
0.07410819 	 1.8304409
0.09071517 	 2.1862395
0.06380567 	 2.233575
0.079576865 	 3.0285356
0.06328694 	 3.668638
0.05928868 	 2.5502574
0.041243684 	 3.4863229
0.052374553 	 2.1152165
0.041672427 	 3.891763
0.03443132 	 2.9755104
0.015423252 	 1.3060393
0.010255472 	 4.178149
0.010255592 	 2.8805208
0.025852717 	 3.7427084
0.025889296 	 3.640051
0.025840119 	 3.6101937
0.067471236 	 2.811918
0.065575704 	 3.676166
0.049412698 	 2.1643133
0.041298594 	 2.792264
0.04156698 	 3.486286
0.052364003 	 1.5977796
0.16691834 	 2.7130349
0.12006444 	 2.8943415
0.12802298 	 2.551022
0.15143095 	 2.1648254
0.15397878 	 1.4690653
0.20658839 	 1.3091111
0.14621773 	 1.6945337
0.14448148 	 2.2888162
0.13657777 	 1.8159031
0.10634264 	 0.78810626
0.03602988 	 4.151878
0.020119365 	 3.061602
0.025986925 	 2.9736536
0.022460967 	 3.7036352
0.031083748 	 4.179418
0.00511408 	 3.1986492
0.03108848 	 2.7931716
0.04016112 	 1.561454
0.046550505 	 3.5804873
0.041658696 	 3.7895029
0.078375176 	 2.8700876
0.13062942 	 3.0808702
0.13416715 	 3.1975794
0.17820548 	 1.8248545
0.18699898 	 2.0422869
0.19571368 	 3.3439972
0.2821649 	 2.8550172
0.19623625 	 2.1300623
0.21547943 	 2.4432979
0.19846818 	 1.7513194
0.14255601 	 2.1308134
0.19153447 	 1.5918674
0.13322163 	 1.1033685
0.10848938 	 2.0188422
0.100217395 	 0.93807054
0.11290548 	 2.9721632
0.09181371 	 2.577534
0.06896681 	 3.8917718
0.056614827 	 1.7529601
0.06487109 	 2.335535
0.053674426 	 2.2920272
0.06862286 	 1.6790563
0.044971023 	 1.6413078
0.054374717 	 2.1490364
0.08566985 	 2.4616485
0.12264062 	 2.7313128
0.11513263 	 3.6675406
0.14784873 	 2.2485888
0.106091164 	 3.1996806
0.0846019 	 3.4724498
0.08479295 	 3.589243
0.11318391 	 2.5698004
0.047498744 	 3.3317816
Summary
-9.5367386e-07  -  0.4921379 ,  0.78810626  -  5.335506
accuracy:  100.0
equal predictions:  0
