TensorFlow version: 1.13.1
Found 939 images belonging to 1 classes.
argN = 49
argN = 49
0.34241512 	 0.8851425
0.38575408 	 0.5286215
0.2953203 	 0.56951904
0.26012385 	 1.1767163
0.2547467 	 0.7052196
0.30218974 	 0.8657715
0.20225966 	 0.6864805
0.060769085 	 0.8587017
0.117579 	 0.770131
0.045893677 	 1.0798967
0.06991028 	 1.1890097
0.25204057 	 0.37690634
0.3797596 	 0.9759945
0.20074749 	 0.8067056
0.2815626 	 1.3338925
0.21856359 	 0.89934474
0.17007488 	 0.61438334
0.22469789 	 0.3020976
0.15986091 	 0.40897724
0.18060115 	 0.52808183
0.13429148 	 0.68327737
0.31095168 	 0.6603467
0.53824884 	 0.9746762
0.41666228 	 0.92237926
0.06946115 	 1.0109072
0.029101545 	 0.69119287
0.03419019 	 0.8599115
0.3759103 	 1.1225697
0.44891673 	 1.2292203
0.23526911 	 1.1227083
0.19691251 	 0.6568019
0.43333325 	 0.8819258
0.21547537 	 0.6054408
0.10394117 	 0.824698
0.19315423 	 0.27481738
0.22490843 	 1.0175834
0.3254891 	 0.37106472
0.2045837 	 0.97722137
0.294063 	 1.3030088
0.33233476 	 0.79655695
0.33625886 	 0.8450696
0.37314233 	 0.8539963
0.33231762 	 0.6174931
0.32083368 	 0.34845123
0.3567556 	 0.5683494
0.20903638 	 0.73084253
0.04142433 	 0.7103629
0.15485896 	 0.6832097
0.26087856 	 0.30589595
0.27907583 	 0.8790399
0.27343318 	 0.43970102
0.37916473 	 0.787672
0.23508172 	 0.6326692
0.35348755 	 0.36876026
0.17448683 	 0.88274854
0.16480528 	 0.8683092
0.14576423 	 0.4063045
0.14486901 	 0.77281797
0.25909612 	 0.6394458
0.17190744 	 0.8436006
0.40442288 	 0.9502244
0.20039594 	 0.75528735
0.10437285 	 0.49622074
0.104866676 	 0.95954657
0.21154678 	 0.7671826
0.14484352 	 0.8635869
0.26912868 	 0.9396648
0.3028318 	 0.9782854
0.21285856 	 0.6138715
0.26567614 	 0.4524263
0.2823577 	 0.6037675
0.2139171 	 0.81554693
0.37197796 	 0.6740525
0.26314133 	 0.81438273
0.31406933 	 1.0870937
0.1975068 	 0.9209352
0.39161256 	 1.7810173
0.34389657 	 0.73610425
0.40253806 	 1.1658844
0.25396994 	 0.6953518
0.13388547 	 0.54558855
0.09848105 	 1.0609143
0.29791367 	 0.4569857
0.3749764 	 0.63070536
0.20704041 	 1.1500479
0.09376571 	 0.80974436
0.104254425 	 1.47284
0.012943104 	 1.0624382
0.019627608 	 1.0969476
0.08440946 	 1.7391927
0.25458637 	 0.3463922
0.17711522 	 0.3548924
0.22800215 	 0.85761
0.33540007 	 1.2207079
0.2485061 	 1.2256143
0.0875538 	 0.9025277
0.070645705 	 0.78450745
0.21874331 	 0.470753
0.2984336 	 0.8207064
0.33949268 	 0.36233723
0.18354441 	 0.7270646
0.2665127 	 0.8833313
0.17029662 	 1.4466132
0.1285211 	 0.8763471
0.1408416 	 0.8216105
0.049824722 	 0.82601297
0.09879234 	 1.3089418
0.07380809 	 1.191325
0.07575177 	 1.3085862
0.093275964 	 0.992605
0.025314176 	 0.8885153
0.11128061 	 1.3316928
0.07667683 	 0.72918
0.041672055 	 1.11876
0.08150354 	 0.83253914
0.05740732 	 1.0358515
0.0765406 	 0.8416443
0.07987574 	 0.99287504
0.094386175 	 0.9601667
0.08927549 	 1.0183952
0.05437075 	 1.2093313
0.0641298 	 1.022275
0.067743674 	 1.1635044
0.13756806 	 0.6130624
0.1830323 	 0.7728515
0.19721565 	 0.8565945
0.2163468 	 0.9778625
0.17305587 	 0.53924793
0.1992838 	 1.1696901
0.23980412 	 1.0480807
0.41945145 	 0.69888437
0.33223635 	 0.8190062
0.47155866 	 0.86356205
0.427018 	 0.7674874
0.32167363 	 0.6314336
0.31904805 	 0.7674305
0.21033059 	 0.5550165
0.2500841 	 0.33059046
0.22066304 	 0.4692426
0.2746208 	 0.68826073
0.29672593 	 0.46949878
0.35258526 	 0.70726407
0.34955683 	 0.6334914
0.39773417 	 0.80063945
0.27283657 	 0.56817394
0.2689499 	 0.77912307
0.2392682 	 1.0239465
0.28449512 	 0.62048507
0.30785793 	 0.7557831
0.26713043 	 1.0748905
0.26456797 	 0.66066533
0.27289546 	 0.98856384
0.14566143 	 1.1312826
0.19207717 	 1.2148955
0.16627881 	 0.81350636
0.12863192 	 0.65059525
0.12786934 	 0.8506644
0.15431903 	 0.8643786
0.09873319 	 1.0399109
0.072259635 	 1.2442163
0.07205476 	 1.1490761
0.12278213 	 0.86091393
0.113647446 	 0.7847295
0.11975008 	 0.7288289
0.1315833 	 0.6798779
0.1258163 	 0.5632642
0.088130444 	 0.7263401
0.16145802 	 0.3724064
0.22298634 	 1.1481245
0.2193015 	 0.5891704
0.17439671 	 0.9222301
0.09779639 	 0.62454206
0.14397864 	 0.6027032
0.1179254 	 0.68053496
0.12844153 	 0.3670591
0.17864549 	 0.5403626
0.114711724 	 0.6497746
0.08841808 	 0.6720681
0.12588559 	 0.56607133
0.08959064 	 0.76400673
0.07673861 	 0.8908935
0.1090216 	 0.3942893
0.0828969 	 0.45934826
0.13147113 	 0.55789053
0.07906518 	 0.65862143
0.061425112 	 1.0533673
0.04958493 	 0.84344053
0.049485344 	 0.9433686
0.029208632 	 1.4407878
0.05893343 	 1.6630325
0.058729555 	 1.0793104
0.027418315 	 1.1392357
0.056840476 	 1.1019421
0.055757165 	 0.5804239
0.0526404 	 0.93800426
0.05467515 	 0.8996022
0.082599066 	 0.8447441
0.07560371 	 0.9020713
0.12452349 	 1.2550845
0.10186832 	 0.5190004
0.11048501 	 0.5369587
0.115865074 	 1.1467133
0.17312638 	 1.1057454
0.07883349 	 0.8779623
0.13153319 	 0.8879318
0.15767525 	 0.87283313
0.08892597 	 0.46412212
0.10229554 	 0.7514496
0.056203462 	 0.5106066
0.040016066 	 0.63404095
0.06406326 	 1.1046792
0.35279363 	 0.37954623
0.5948131 	 0.61238503
0.6581019 	 0.09447317
0.25652647 	 0.6678242
0.24454625 	 0.74250185
0.38271594 	 0.4921069
0.33879003 	 0.42867637
0.36047232 	 0.74149513
0.42882222 	 0.44930926
0.28056988 	 0.39244813
0.25233024 	 0.91810817
0.2974213 	 0.27094465
0.13960454 	 0.6311657
0.13957857 	 0.57364786
0.26540384 	 0.5955724
0.24035592 	 0.34361172
0.22001405 	 0.796956
0.113523915 	 0.48303303
0.22196443 	 0.52078056
0.17516394 	 0.4436063
0.31240097 	 0.36891478
0.24866965 	 0.79156107
0.20839092 	 0.4005763
0.20362352 	 0.39053464
0.23217045 	 0.46407878
0.20451385 	 0.38392913
0.3347885 	 0.70796144
0.2774601 	 0.35911885
0.5025986 	 0.36469525
0.49604934 	 0.3107341
0.3010573 	 0.39673516
0.32999757 	 0.3173431
0.32219914 	 0.45652306
0.43862024 	 0.2758816
0.2940553 	 0.4514165
0.26553324 	 0.35572055
0.22714423 	 0.5752371
0.3413454 	 0.4763621
0.29233402 	 0.30410632
0.30925888 	 0.52444094
0.29115254 	 0.77422106
0.26091987 	 0.45433936
0.3197968 	 0.15419587
0.39408225 	 0.98682165
0.27752444 	 0.6857362
0.3248608 	 0.23840834
0.10937461 	 0.1433896
0.1655014 	 1.1005503
0.23438618 	 1.1095296
0.12795971 	 0.4156294
0.16371164 	 1.273743
0.34028706 	 0.4905164
0.28101408 	 0.444777
0.3097347 	 0.44940025
0.33754525 	 0.27815178
0.51259345 	 0.45702186
0.5536789 	 0.6515232
0.4683021 	 0.46107176
0.37475353 	 0.86426806
0.45788077 	 0.46466854
0.4130763 	 0.56834984
0.31538546 	 0.4494391
0.4864272 	 0.39074615
0.5535551 	 0.37202352
0.38349766 	 0.35003784
0.4601579 	 0.53760034
0.40450156 	 0.33095604
0.2901362 	 0.33843654
0.40714306 	 0.35179132
0.43972427 	 0.406072
0.2971651 	 0.35192233
0.389943 	 0.21758486
0.24941675 	 0.36468118
0.20596941 	 0.22951812
0.25534683 	 0.29352295
0.26701334 	 0.5185496
0.23949924 	 0.37702513
0.29357043 	 0.42953745
0.2827463 	 0.798297
0.27218562 	 0.4344227
0.33153728 	 0.5586134
0.26640663 	 0.4185894
0.31726506 	 0.4739112
0.4421924 	 0.5619576
0.4814287 	 0.53937465
0.30246234 	 0.44664332
0.304415 	 0.4177684
0.28263274 	 0.59767175
0.37136072 	 0.5974542
0.17843671 	 0.20041278
0.29111236 	 0.21786919
0.39501455 	 0.4083477
0.28631195 	 0.367774
0.3665689 	 0.57412726
0.46627247 	 0.44072974
0.32116857 	 0.30611658
0.4028974 	 0.7007878
0.24644856 	 0.53658026
0.27057138 	 0.6435087
0.3946617 	 0.27972782
0.25921142 	 0.54249597
0.20608543 	 0.52751786
Summary
0.012943104  -  0.6581019 ,  0.09447317  -  1.7810173
accuracy:  93.0
equal predictions:  0
TensorFlow version: 1.13.1
Found 939 images belonging to 1 classes.
argN = 49
argN = 49
0.31098136 	 0.50658923
0.18776774 	 0.4317491
0.3988696 	 0.4165753
0.14183873 	 0.4344376
0.101676814 	 0.35576963
0.17340219 	 0.50959015
0.2205477 	 0.3223316
0.08274137 	 0.7104277
0.10062064 	 1.2787412
0.045198616 	 0.89371085
0.008608633 	 0.6407943
0.03504788 	 0.8354703
0.1133779 	 0.35255483
0.13583642 	 0.7930109
0.12909853 	 0.758957
0.14682095 	 0.72887266
0.38768002 	 0.5444851
0.35186827 	 0.35383263
0.20579073 	 0.73492724
0.20232525 	 0.56910616
0.14888628 	 0.55416334
0.17489313 	 0.79604733
0.3361218 	 0.4096685
0.21496187 	 1.0886387
0.2954063 	 0.4763867
0.3439153 	 0.6147773
0.1450011 	 0.9960162
0.09803231 	 0.870029
0.08117593 	 0.3711962
0.0053921617 	 0.98725903
0.121166185 	 0.47733146
0.13961495 	 0.18820783
0.14545618 	 0.26837036
0.10966656 	 0.6124229
0.22586596 	 0.7870921
0.32985705 	 0.65511644
0.3197464 	 0.44642934
0.3831106 	 0.34968814
0.19627056 	 0.5251172
0.11819309 	 0.25263992
0.076145336 	 0.22419722
0.1417326 	 0.4987485
0.3085718 	 0.29783356
0.346108 	 0.25896397
0.24118483 	 0.3830706
0.09691522 	 0.13603635
0.14673853 	 0.47540665
0.15115817 	 0.5392658
0.07562557 	 0.4572143
0.065578885 	 0.7285462
0.050940134 	 0.7537617
0.15117703 	 0.38275063
0.13527207 	 0.47740927
0.1157042 	 1.0057961
0.22978914 	 0.46093944
0.44482294 	 0.56347007
0.22831462 	 0.9951042
0.107849546 	 0.7151986
0.100676276 	 0.39733306
0.051394578 	 0.8944575
0.022533145 	 0.86486095
0.017068993 	 0.94646347
0.09621628 	 0.4795023
0.12146651 	 0.60436535
0.30519804 	 0.5688446
0.096741214 	 0.3496806
0.20615412 	 0.5958832
0.19051729 	 0.38243535
0.31934538 	 0.47034797
0.2435861 	 0.41023818
0.39127472 	 0.521084
0.3938749 	 0.31630737
0.079665355 	 0.33660048
0.04182071 	 0.82428026
0.14947858 	 0.4241798
0.008259757 	 1.0113426
0.15937336 	 0.82398903
0.2551608 	 0.8616403
0.15879124 	 0.60971206
0.105184525 	 0.53039724
0.089809835 	 0.15292858
0.18009639 	 0.2499827
0.13172288 	 0.72777086
0.1740448 	 0.5974106
0.14662237 	 0.5762815
0.17670062 	 0.42716572
0.06940052 	 0.43588093
0.11806933 	 0.6980668
0.32737383 	 0.39371857
0.2315658 	 0.58494955
0.12326996 	 0.33011872
0.01810911 	 1.3641685
0.036520004 	 1.0600865
0.03837402 	 0.47103977
0.16944787 	 0.5409355
0.114948265 	 0.5338908
0.10423696 	 0.7005782
0.11524834 	 0.717288
0.07642948 	 0.71263003
0.06404718 	 0.7052857
0.19489148 	 0.5393387
0.19990745 	 0.7017469
0.19768946 	 0.52800524
0.16009048 	 0.34466702
0.14919499 	 0.779742
0.14759316 	 1.2496655
0.13787206 	 0.6081016
0.13456134 	 0.64597726
0.1483773 	 0.38726616
0.1926926 	 0.51531005
0.15919463 	 0.51890767
0.22513571 	 0.46220437
0.18346485 	 0.3646029
0.19920006 	 1.0399947
0.26957345 	 0.3991743
0.2707078 	 0.48071554
0.20519778 	 0.8984494
0.32880026 	 0.519633
0.3485553 	 0.71990216
0.35927472 	 0.3727103
0.31681395 	 0.3939047
0.42695796 	 0.86075056
0.2488265 	 0.5958726
0.42879698 	 0.34184918
0.23929614 	 0.7775407
0.29538164 	 0.62191516
0.25923067 	 0.56229794
0.24874249 	 0.75981706
0.19630675 	 0.36263785
0.2349473 	 1.100082
0.18060587 	 0.59794056
0.094244234 	 0.6698817
0.11521322 	 0.7996586
0.11844334 	 0.68657285
0.070043825 	 0.5613891
0.14638485 	 0.5454632
0.15502752 	 0.7288702
0.092298105 	 0.64056206
0.13594553 	 0.6466662
0.15702912 	 0.6428729
0.16522953 	 0.4320347
0.09933528 	 0.29950342
0.14460434 	 0.64874554
0.08224113 	 0.6176685
0.15495758 	 0.60458505
0.14678575 	 0.74887544
0.08485932 	 0.9464137
0.18341044 	 0.5353397
0.16128486 	 0.5062021
0.1613895 	 0.54779404
0.18853763 	 0.72526366
0.1137595 	 0.7173961
0.18605208 	 1.2582003
0.10228366 	 0.61458206
0.08364155 	 0.946837
0.15302478 	 1.0033134
0.14046995 	 0.63229764
0.14750376 	 0.8232652
0.14042297 	 0.66714287
0.20608762 	 0.6305459
0.123747304 	 0.6152802
0.09535985 	 0.5577096
0.16396785 	 0.24139036
0.123516224 	 0.6528924
0.07674627 	 0.22118075
0.12986206 	 0.60532224
0.0890467 	 0.6668918
0.10558952 	 0.67937803
0.10749448 	 0.5280278
0.1298303 	 0.7279282
0.10161499 	 0.699558
0.08793902 	 0.36988765
0.10988335 	 0.27675116
0.08759517 	 0.8066426
0.15958036 	 0.35926473
0.15024307 	 0.47949755
0.1492493 	 0.78462183
0.16023137 	 0.5930668
0.117154785 	 1.0128605
0.104873955 	 0.3798675
0.13436873 	 0.8930996
0.04265486 	 1.1603578
0.087865345 	 0.49658343
0.14782585 	 0.65855414
0.07889128 	 0.82340765
0.09599003 	 0.57737535
0.08840226 	 0.90425396
0.04177919 	 0.96278405
0.11784975 	 0.62016845
0.037703723 	 0.5352606
0.04906695 	 0.8256431
0.02185711 	 0.77938914
0.0514161 	 0.99429816
0.03576965 	 0.41655812
0.019442227 	 0.99025726
0.03517394 	 0.37224457
0.030398408 	 0.86981744
0.022952842 	 0.7974755
0.040885784 	 1.2242892
0.07015417 	 0.64665294
0.07804704 	 0.6414217
0.046759594 	 0.9296997
0.033564974 	 0.7260523
0.037254408 	 0.6084801
0.21860594 	 0.4945593
0.21046521 	 0.37978035
0.31864247 	 0.5608162
0.3692256 	 0.4526576
0.37615642 	 0.40609774
0.38417873 	 0.5310559
0.23247723 	 0.45208743
0.33315122 	 0.67132646
0.28072053 	 0.473833
0.15607923 	 0.6929295
0.23395023 	 0.7009274
0.42396864 	 0.3419444
0.36943272 	 0.76334363
0.12599869 	 0.85350907
0.18306322 	 0.8462204
0.1760361 	 1.1737859
0.23574984 	 0.6505379
0.14784838 	 0.4845598
0.19891539 	 0.41835797
0.1123998 	 0.7900573
0.1690265 	 0.27451363
0.23705903 	 0.52855194
0.2592163 	 0.52921146
0.18037033 	 0.539289
0.35199317 	 0.5841563
0.2830951 	 0.6405303
0.32125142 	 0.72321093
0.4507678 	 0.498108
0.55429584 	 0.6945237
0.41053817 	 1.0868597
0.608073 	 0.5957807
0.39604947 	 0.42970908
0.4876551 	 0.36556858
0.42793688 	 0.7161984
0.45667768 	 0.9251687
0.3647574 	 0.63457584
0.3586751 	 0.97339696
0.3049658 	 0.9310574
0.38229644 	 0.9517288
0.54575056 	 0.56157446
0.37406188 	 0.62510276
0.3855359 	 0.74408937
0.27877346 	 0.71556
0.36911196 	 0.7560338
0.3173609 	 0.28481618
0.24891664 	 0.61926377
0.21272767 	 0.8575862
0.23986086 	 0.60074925
0.17218503 	 0.74026704
0.21433997 	 0.338706
0.19736433 	 0.45910674
0.26946643 	 0.84128827
0.37664154 	 0.40685418
0.30894783 	 0.39884242
0.2764771 	 0.33079472
0.39544588 	 0.45905468
0.31081918 	 0.55321795
0.33524022 	 0.6368621
0.2737289 	 0.32861042
0.32374278 	 0.3481904
0.23157594 	 0.74833673
0.18181853 	 0.45498493
0.36545122 	 0.60733646
0.29709715 	 0.9130246
0.3258412 	 0.76511747
0.4976614 	 0.7116165
0.69526213 	 0.47539812
0.6742643 	 0.45731243
0.51075566 	 0.48913664
0.6395438 	 0.6491583
0.5309872 	 0.2723783
0.33567804 	 0.45072147
0.29245904 	 0.73525965
0.35675415 	 0.72307706
0.16933694 	 0.44628555
0.17753376 	 0.52817744
0.26955658 	 0.2295706
0.19567236 	 0.65428394
0.1310545 	 0.6020087
0.3926435 	 0.41511145
0.21078314 	 0.36209852
0.11055851 	 0.58220786
0.21217011 	 0.26266742
0.366728 	 0.69321287
0.38543478 	 0.4607994
0.4586036 	 0.739867
0.28797576 	 0.58767706
0.43783996 	 0.63435745
0.28618282 	 0.6542926
0.21890281 	 0.4052649
0.29184917 	 0.4395073
0.24605916 	 0.81295335
0.19788995 	 0.45757386
0.19958787 	 0.65776956
0.17202601 	 0.47532755
0.32086933 	 0.74898785
0.26082146 	 0.55219316
0.15995134 	 0.7565808
0.15378559 	 0.51039743
0.21954617 	 0.5607939
0.37888113 	 0.34414443
0.361477 	 0.62051356
0.5312755 	 0.45394605
0.3308091 	 0.44439963
0.4894287 	 0.23426674
0.2949222 	 0.4354285
0.47009966 	 0.4661164
0.33191234 	 0.6686402
0.32432488 	 0.6076809
Summary
0.0053921617  -  0.69526213 ,  0.13603635  -  1.3641685
accuracy:  94.2
equal predictions:  0
TensorFlow version: 1.13.1
Found 939 images belonging to 1 classes.
argN = 49
argN = 49
0.36824724 	 1.0181118
0.3748607 	 0.38167116
0.28382745 	 0.29226446
0.14527531 	 0.37799767
0.17068036 	 0.79744613
0.044149637 	 0.6034713
0.045852926 	 0.2778642
0.094436355 	 1.1349952
0.085579075 	 1.2570419
0.036681186 	 1.1502012
0.053262196 	 1.0957975
0.16656448 	 1.046643
0.30221587 	 0.85239863
0.11269604 	 0.7836995
0.13720685 	 0.53211194
0.29489195 	 0.5196021
0.32478765 	 0.6001518
0.36516342 	 0.95958287
0.23822393 	 0.5283906
0.29381317 	 0.4137193
0.26873347 	 0.62801135
0.3431988 	 0.5333023
0.38675472 	 0.56259316
0.27844095 	 0.40972275
0.22950311 	 0.77671736
0.11146517 	 1.0986894
0.02272727 	 1.2933116
0.03126201 	 0.33439213
0.05195451 	 0.91623986
0.10703531 	 0.7339052
0.059196282 	 0.6795549
0.12865978 	 0.6385379
0.2232085 	 0.4514019
0.5858329 	 0.36469114
0.38236207 	 1.3084745
0.43828768 	 0.49413303
0.3937715 	 0.6616206
0.20449015 	 0.5043514
0.28910843 	 0.9439834
0.30673152 	 0.8975228
0.26700696 	 0.42501295
0.42696884 	 0.3355452
0.2589082 	 0.56172645
0.22971009 	 0.58381784
0.21241774 	 0.46133068
0.22250575 	 0.73699963
0.19516197 	 0.39808857
0.20342459 	 0.6475573
0.11722823 	 0.8618038
0.05898123 	 1.2056297
0.049791083 	 0.83868563
0.029554456 	 1.2592247
0.032079216 	 1.0364136
0.17234866 	 0.42548314
0.17595083 	 1.1727524
0.10107747 	 0.5809337
0.11412015 	 0.5591146
0.18873578 	 0.25480247
0.48906744 	 0.97152966
0.23734525 	 0.32797295
0.35777202 	 1.0264902
0.37384358 	 0.43697134
0.46857023 	 0.3808878
0.46638384 	 0.5828873
0.3905889 	 0.8071623
0.14477842 	 1.2016337
0.030770337 	 1.0950443
0.046183024 	 0.33750856
0.017945066 	 1.3546041
0.0189426 	 1.03144
0.08422594 	 0.6110688
0.042980295 	 0.5886494
0.017593829 	 0.35778293
0.30715105 	 1.2524992
0.119536586 	 0.33805186
0.27627784 	 0.58592635
0.5613287 	 0.5442587
0.7121992 	 0.8510626
1.1956352 	 0.3925172
0.6210726 	 0.5661849
0.30392304 	 0.49226332
0.29747674 	 0.27402818
0.31963155 	 0.42572197
0.21037215 	 0.53261864
0.057031725 	 0.82617897
0.08273224 	 1.0061224
0.16314235 	 0.8097002
0.33899522 	 1.8876212
0.39368474 	 0.72257054
0.15086058 	 1.0876157
0.29604834 	 1.166947
0.025382709 	 1.0681996
0.07818064 	 1.2795402
0.11312891 	 1.0013293
0.07192319 	 0.50826
0.08223797 	 1.6917259
0.1137949 	 1.0632515
0.108975664 	 1.276384
0.17980604 	 0.93972653
0.14438444 	 1.3688362
0.25224304 	 0.55377966
0.19486548 	 0.64645064
0.22451016 	 1.0594118
0.18748106 	 0.7656067
0.18347646 	 1.3689648
0.2524623 	 0.9245522
0.14945118 	 1.3075199
0.14769942 	 1.1044751
0.08976485 	 0.6482854
0.10512586 	 1.062732
0.13265379 	 0.43269092
0.07765093 	 1.4174701
0.06450502 	 0.35901487
0.09784772 	 0.3438595
0.11543958 	 0.88303
0.19640446 	 0.5452716
0.2410341 	 0.9436439
0.29318982 	 1.4002864
0.21593781 	 0.8265354
0.23494887 	 1.2728357
0.23462331 	 0.20438348
0.27803087 	 1.2260795
0.22617635 	 1.0837888
0.23924677 	 1.0253131
0.22039826 	 0.57873744
0.18016241 	 0.72395617
0.16092774 	 0.8044866
0.17304191 	 1.1454017
0.10069328 	 1.2802634
0.12298433 	 0.82269347
0.13350898 	 1.0021106
0.16372603 	 1.0412655
0.028939309 	 1.1908344
0.058389798 	 1.5903088
0.12786894 	 0.14670831
0.09327982 	 1.4344838
0.08836931 	 0.5593349
0.08275076 	 0.44133452
0.017861448 	 1.2803295
0.051924687 	 1.8962488
0.11825507 	 0.67971367
0.09444303 	 1.2840285
0.066045254 	 0.15724282
0.023449594 	 0.82454884
0.06600807 	 0.3562112
0.1057831 	 0.7556063
0.08665067 	 1.1969137
0.09282661 	 1.0474596
0.07984261 	 1.1797751
0.08941418 	 0.55277914
0.08157694 	 0.6789597
0.10398621 	 0.79001355
0.15955597 	 0.74805003
0.08439525 	 1.0120081
0.053185128 	 0.6923949
0.08601693 	 0.21450904
0.10997643 	 1.050229
0.07748352 	 0.9799478
0.05644523 	 0.77568203
0.07680696 	 0.9549254
0.064664476 	 1.3663602
0.09470255 	 1.392445
0.05406814 	 1.0530368
0.025844337 	 0.9718136
0.02770359 	 0.24185143
0.07742034 	 1.1178329
0.124292165 	 0.92196333
0.09502367 	 0.7051578
0.09366189 	 0.86235374
0.11893107 	 0.98298866
0.106343776 	 0.757653
0.15027896 	 0.7920954
0.16188863 	 0.5220562
0.1345722 	 0.6703789
0.070207685 	 0.7712776
0.12070823 	 0.63958114
0.105753146 	 0.39052162
0.10214858 	 1.0809194
0.11909596 	 1.461745
0.08734771 	 0.9407885
0.04607042 	 0.44140005
0.069174 	 0.44126865
0.036343273 	 1.0927961
0.039061505 	 1.1013666
0.06256122 	 0.42195842
0.03112845 	 1.4400707
0.024755519 	 1.5568566
0.041448187 	 0.8105624
0.018520152 	 0.6216267
0.01473761 	 1.1407071
0.012120689 	 1.0619086
0.02792281 	 0.65862024
0.30613044 	 0.37850177
0.20192371 	 0.6742856
0.23643517 	 0.5339315
0.20283495 	 0.5326306
0.28609982 	 0.63435835
0.25537232 	 0.8961345
0.24982414 	 0.38410702
0.30900255 	 0.54785323
0.16146767 	 0.5455857
0.23777057 	 0.44702408
0.25904143 	 0.6432429
0.18026762 	 0.5066527
0.097643055 	 1.0527208
0.10637109 	 0.56197274
0.20027906 	 0.7105088
0.16549008 	 0.9944922
0.08404757 	 0.45113793
0.073616296 	 0.3546054
0.10790957 	 0.83510166
0.062758006 	 1.3087658
0.10742997 	 0.87627137
0.1320987 	 1.0218273
0.15440904 	 1.4035016
0.1576405 	 0.8056594
0.11818195 	 1.176739
0.10399084 	 0.80027294
0.25608486 	 1.0653695
0.20742239 	 1.0775503
0.08455493 	 0.561149
0.46699873 	 0.43425798
0.122236274 	 0.6077826
0.20024084 	 0.46153653
0.19481145 	 0.84163404
0.5565126 	 0.6175714
0.31476763 	 1.0318651
0.06418153 	 1.1855505
0.16602017 	 1.2364343
0.1609068 	 1.059761
0.11952906 	 0.6461937
0.13240199 	 0.7738691
0.3068822 	 0.44290367
0.31332093 	 1.3057905
0.14814751 	 1.3084255
0.13839215 	 1.2113378
0.07379981 	 2.0298219
0.078437254 	 0.36475378
0.13293579 	 0.5873697
0.03014406 	 1.5805765
0.078749135 	 0.9520577
0.042415414 	 1.0411172
0.12344831 	 0.6826228
0.119954824 	 1.251952
0.17400025 	 1.0839514
0.19200177 	 0.5866123
0.08512298 	 1.5253503
0.12638414 	 0.5760405
0.15918863 	 0.64901924
0.49088258 	 0.5621084
0.4105955 	 0.6530862
0.15714923 	 0.7817988
0.18486325 	 0.9279011
0.28748176 	 0.49426445
0.15283377 	 0.92036813
0.26215738 	 0.77518046
0.20709299 	 0.40444493
0.21177615 	 0.4248687
0.1342677 	 0.79784673
0.092329286 	 1.1485378
0.07473526 	 0.8950683
0.07746104 	 0.95744497
0.08145097 	 1.3236507
0.06068307 	 0.6366195
0.10412616 	 0.6963783
0.076935634 	 0.637675
0.18632019 	 0.6150318
0.20314461 	 0.79144096
0.20422305 	 0.9281042
0.19533797 	 0.94748276
0.18134315 	 0.49424657
0.32657146 	 0.9818502
0.28291783 	 0.5676076
0.29938665 	 0.54700404
0.41067567 	 0.52847075
0.4458669 	 0.43797922
0.5408476 	 0.68750083
0.53053117 	 0.63031507
0.3485536 	 0.41306037
0.47043908 	 0.30106407
0.23406728 	 0.5992494
0.15179685 	 0.5669258
0.13032776 	 0.9455567
0.16869418 	 0.3164787
0.1919079 	 0.4753935
0.2068938 	 0.26706403
0.19965474 	 0.62073433
0.32638857 	 0.8583675
0.2551092 	 0.37443703
0.24489409 	 0.70990556
0.31200433 	 0.29359704
0.22511064 	 0.98151374
0.124619424 	 1.0087421
0.15297005 	 1.1539652
0.123676814 	 0.7931783
0.098490454 	 0.75737613
0.19593161 	 0.25480944
0.16803786 	 0.93622506
0.2149572 	 0.7177138
0.2112376 	 0.61738974
0.22387277 	 0.77904963
0.15636688 	 0.48888683
0.24722582 	 0.58284247
0.25857222 	 0.59966344
0.31125 	 0.3839567
0.34712386 	 0.5642649
0.37340343 	 0.5777825
0.35350153 	 0.5113077
0.38451347 	 0.50859857
0.40818262 	 0.56270206
0.45839608 	 0.7924799
0.32151708 	 0.60136116
0.16711923 	 0.5943256
Summary
0.012120689  -  1.1956352 ,  0.14670831  -  2.0298219
accuracy:  96.2
equal predictions:  0
TensorFlow version: 1.13.1
Found 939 images belonging to 1 classes.
argN = 49
argN = 49
0.2640489 	 0.22609885
0.39966777 	 0.46006215
0.29216596 	 0.34838927
0.47262633 	 0.5710169
0.44416252 	 0.47305652
0.23910701 	 0.28030336
0.35334522 	 0.550049
0.203905 	 1.1153135
0.20954567 	 1.5896229
0.1232111 	 1.6118248
0.26875663 	 1.1937377
0.18149623 	 0.4859319
0.039509527 	 1.7964302
0.09087338 	 0.92209494
0.25008106 	 1.0488154
0.091251396 	 0.85565335
0.2778139 	 0.784062
0.1746424 	 1.1043886
0.40887657 	 0.9945055
0.30846727 	 0.86634374
0.35794714 	 0.5509522
0.07505621 	 0.9737061
0.052971173 	 0.9080616
0.06445797 	 1.2902234
0.035362754 	 0.8292779
0.3310981 	 0.7287552
0.4366107 	 0.74759316
0.56337285 	 0.5551746
0.8600129 	 1.1465814
0.20397575 	 0.26350084
0.22341143 	 0.90370345
0.5675041 	 1.8879582
0.66595006 	 1.3057857
0.54057604 	 0.49870867
0.4679972 	 0.3764995
0.39730504 	 1.2469857
0.33982202 	 0.38110933
0.28246915 	 0.34990022
0.061876357 	 1.6188962
0.07240342 	 1.8956518
0.10873156 	 1.6066848
0.05098874 	 0.9687451
0.029492022 	 1.0384414
0.2999634 	 0.857496
0.22120722 	 1.4146935
0.22662753 	 0.96813476
0.3122177 	 1.0483563
0.23916152 	 0.71046954
0.24451701 	 0.73493135
0.5280461 	 0.93361795
0.4020201 	 0.5878012
0.35206243 	 0.8862551
0.35728568 	 0.84407276
0.2724139 	 0.77110094
0.14857948 	 0.64917576
0.025461273 	 1.268375
0.089553416 	 1.6092265
0.18199025 	 0.8129636
0.30151248 	 0.45264673
0.16610299 	 1.4203967
0.40332428 	 0.98495543
0.67959553 	 0.49385425
0.60912114 	 1.5912291
0.4310502 	 0.49325433
0.26844403 	 0.32896897
0.26257008 	 0.33134058
0.42822808 	 0.4070879
0.32640466 	 0.62652695
0.3429347 	 0.27477595
0.20163257 	 0.32068187
0.26576778 	 0.34807888
0.24913822 	 0.38765007
0.29249442 	 0.9921135
0.32007095 	 0.7389614
0.36509094 	 0.49168718
0.4484913 	 1.6452127
0.09113223 	 0.8199728
0.060203943 	 0.6979897
0.19213843 	 0.8273087
0.23039392 	 1.0155433
0.13145202 	 0.9432414
0.09879589 	 1.696046
0.20447393 	 1.239886
0.08889308 	 0.837591
0.20881806 	 1.3313001
0.13477309 	 1.7663826
0.10547592 	 1.8952658
0.060403243 	 0.6803332
0.101364695 	 0.36327672
0.13307925 	 1.1772345
0.12123441 	 1.1812438
0.16755216 	 1.3898956
0.0901307 	 0.52400136
0.10000684 	 0.81633353
0.060058735 	 1.0654154
0.09004363 	 1.0614973
0.06557335 	 0.8237041
0.11773623 	 0.66183823
0.078789055 	 1.4316235
0.09270229 	 0.8876939
0.14543143 	 0.9546132
0.05819734 	 0.5229419
0.108190596 	 1.1629463
0.14744948 	 0.8904398
0.09167489 	 1.108761
0.15724973 	 0.80118036
0.22273481 	 1.1827685
0.36499065 	 0.38484883
0.26616618 	 0.9119583
0.43169248 	 0.9068019
0.30714408 	 1.0972599
0.29309073 	 1.7167199
0.22115599 	 1.2360051
0.2400971 	 1.0750129
0.22437543 	 0.3760707
0.091719046 	 1.2296993
0.119581185 	 1.1016792
0.1737245 	 0.7366547
0.20624071 	 1.0335045
0.30044845 	 1.3700775
0.2874193 	 1.247329
0.12367385 	 1.108231
0.13880321 	 1.4210311
0.24921094 	 0.7736538
0.16152869 	 0.64531094
0.16167308 	 0.44048315
0.13425365 	 0.66420907
0.20928933 	 0.44602537
0.15171714 	 1.1097199
0.25478515 	 0.94621974
0.21130481 	 0.8717899
0.15563907 	 0.72819155
0.17607208 	 0.45766568
0.20860341 	 1.362886
0.14004518 	 1.077957
0.13918924 	 0.6590658
0.1351717 	 0.4094263
0.13763167 	 0.82774097
0.076397054 	 0.7037754
0.04067544 	 0.7040135
0.091161154 	 0.520049
0.09572146 	 1.1140321
0.1058962 	 1.2133415
0.083721004 	 1.4100275
0.09465629 	 1.3623372
0.12398835 	 0.821398
0.08880109 	 0.34104627
0.13727865 	 1.5573419
0.10306932 	 1.1377401
0.12638374 	 0.982992
0.13724692 	 1.1347424
0.052839704 	 1.3280622
0.0431129 	 0.8206432
0.078484 	 1.1032733
0.057251155 	 1.0975938
0.0975638 	 1.1558903
0.18858433 	 0.98852795
0.18092608 	 0.8526191
0.13158636 	 1.0474416
0.1017232 	 1.0846702
0.108317725 	 1.0201526
0.11695162 	 0.6472747
0.14524001 	 1.2416018
0.13896881 	 1.0882142
0.13186806 	 1.3504587
0.16976264 	 0.34638557
0.10821019 	 1.5193309
0.065780595 	 1.3102928
0.12883191 	 0.6066232
0.14891063 	 1.0622
0.09681108 	 0.48143712
0.077845804 	 1.8443338
0.0802024 	 0.1634335
0.1793305 	 1.7082344
0.06203654 	 0.9067393
0.177062 	 1.0081987
0.10405479 	 0.90950316
0.13062751 	 0.49285266
0.10277195 	 1.0321952
0.10355608 	 0.68533486
0.101181395 	 0.3230203
0.09866971 	 1.4886671
0.06213878 	 0.62132365
0.07307566 	 0.59356606
0.08318763 	 0.83214074
0.041378234 	 1.0774151
0.046018366 	 0.793832
0.030742679 	 1.0646179
0.027870651 	 1.4028293
0.29089493 	 0.8612099
0.32509854 	 0.51277107
0.28560507 	 0.84887433
0.16407348 	 0.96271414
0.17353532 	 0.98694414
0.13461222 	 1.2697453
0.19010243 	 1.0568442
0.12278024 	 1.1730549
0.15319288 	 0.8489635
0.14572479 	 1.4452351
0.13874172 	 1.4956827
0.11041212 	 0.82208234
0.046375927 	 2.502847
0.041583136 	 1.8158877
0.0120554725 	 1.5483177
0.053033393 	 2.4744625
0.03013669 	 0.9560373
0.046951108 	 1.2372007
0.05525683 	 2.3541443
0.0099095125 	 1.375639
0.022228437 	 2.068911
0.00039668797 	 1.3745382
0.006022732 	 2.0117798
0.0019412393 	 1.2341079
0.0003452897 	 2.18117
0.0020448596 	 2.1769392
7.8144745e-05 	 1.5684688
0.08082633 	 1.198203
0.050770115 	 1.9544078
0.07336643 	 0.7072648
0.1366653 	 0.94409275
0.37790146 	 1.0228689
0.5197377 	 1.6701139
0.14901039 	 1.369596
0.04979296 	 1.0211368
0.029907096 	 0.71734285
0.012344242 	 1.4514605
0.028292594 	 0.81510067
0.1066538 	 1.5742176
0.0663859 	 1.0862552
0.00031971082 	 1.4760662
0.12636466 	 2.755665
0.03870104 	 2.1649494
0.06510084 	 2.8722873
0.117458336 	 2.6857262
0.15988357 	 2.2688398
0.12670234 	 2.0610838
0.15794061 	 1.2378135
0.1854505 	 1.5280333
0.15360118 	 1.1647103
0.06786372 	 0.89618987
0.040732365 	 1.0355461
0.039253164 	 1.8259256
0.074929 	 1.0008451
0.042526238 	 3.3707154
0.040364098 	 1.5665023
0.025400499 	 2.2580974
0.06079784 	 1.0851052
0.02194923 	 1.6247681
0.0013590149 	 1.1990372
0.013813031 	 2.892753
0.08289664 	 0.95785326
0.046471328 	 1.2363929
0.023232574 	 1.2443767
0.060742483 	 0.858915
0.09394818 	 1.4962156
0.10262948 	 1.627119
0.08269469 	 1.0776392
0.13651136 	 0.9912604
0.23288079 	 1.128538
0.23495498 	 1.1568731
0.31002024 	 0.49601683
0.2257037 	 1.060882
0.1690471 	 0.9175224
0.0927601 	 0.88335794
0.04627054 	 1.2079421
0.08939143 	 0.9601969
0.021727234 	 1.8423768
0.023773719 	 1.8982378
0.014549687 	 1.8074232
0.0031705042 	 1.4811155
0.07596686 	 2.1115034
0.043169342 	 1.944249
0.049173318 	 1.2560968
0.037843246 	 1.7336043
0.12094054 	 0.54501015
0.146413 	 0.8804008
0.17804378 	 1.3671898
0.22536568 	 1.6045746
0.31911522 	 1.1216072
0.20385918 	 1.1705484
0.14646572 	 1.8998734
0.26848745 	 0.842716
0.38377443 	 0.9357969
0.31808653 	 0.65445447
0.43468955 	 1.326422
0.29965925 	 0.8741982
0.3502598 	 0.76078445
0.41282308 	 0.34872204
0.5705555 	 0.5311659
0.43050772 	 0.55158174
0.29760805 	 0.56555074
0.2602978 	 0.5399823
0.22574838 	 1.3224866
0.1044363 	 1.1919168
0.12287817 	 1.3580663
0.12135385 	 0.9130758
0.112556145 	 1.1757067
0.11495529 	 1.1360127
0.14860451 	 0.7265096
0.020631751 	 0.8501046
0.061799698 	 1.2776042
0.23776656 	 0.95423114
0.25075185 	 1.3186756
0.3228099 	 0.7753642
0.28653094 	 0.8425162
0.29266047 	 0.64894444
0.39595482 	 0.9462293
0.27096614 	 0.28869522
0.29894143 	 0.564249
0.37072873 	 1.1565052
0.23365879 	 0.8395705
0.16620892 	 1.0590665
0.08608163 	 1.3671871
Summary
7.8144745e-05  -  0.8600129 ,  0.1634335  -  3.3707154
accuracy:  97.1
equal predictions:  0
