TensorFlow version: 1.13.1
Found 939 images belonging to 1 classes.
argN = 49
argN = 49
0.62333965 	 0.49484864
0.56149507 	 0.80940205
0.3546785 	 1.030536
0.32883978 	 0.48202428
0.2335384 	 0.2711527
0.13956992 	 1.4968438
0.0035924392 	 0.75887114
0.58904797 	 0.7466202
0.19207905 	 0.63536507
0.33507788 	 0.9650725
0.29460895 	 0.70819134
0.18858433 	 0.58127666
0.38865268 	 0.6965742
0.32250273 	 0.71644545
0.3226685 	 0.5683091
0.3112065 	 0.73822635
0.185759 	 0.56400985
0.11298696 	 1.4107175
0.13977692 	 0.4384077
0.0004730151 	 1.0181744
0.0028303945 	 0.94207317
0.19692667 	 1.3483918
0.19281098 	 1.3798518
0.20103174 	 0.7675141
0.30052474 	 0.76124144
0.30659416 	 1.5496578
0.21418992 	 0.24037571
0.26006973 	 0.7878782
0.5316373 	 1.358074
0.8536773 	 0.52633625
0.35935003 	 0.80956984
0.28664875 	 0.45547017
0.20217013 	 1.1058538
0.3132597 	 0.45145983
0.044862486 	 2.1100235
0.106130466 	 1.1142855
0.15141647 	 1.8920792
0.09064742 	 1.7396177
0.14092655 	 1.073936
0.3279328 	 0.93802756
0.20359956 	 1.3648905
0.2558143 	 1.5541024
0.29509592 	 0.49352047
0.32096332 	 0.7153847
0.17052251 	 0.7219151
0.2865107 	 0.69285816
0.40737656 	 0.73065513
0.3642895 	 0.6283154
0.25544986 	 0.43384132
0.3275103 	 1.2014945
0.001171679 	 2.249408
0.0013739364 	 0.5667721
0.021405052 	 2.810044
0.052421033 	 3.120815
0.044297412 	 0.8579391
0.11930191 	 0.90866756
0.31835034 	 0.7663824
0.2197551 	 0.68786055
0.13534386 	 1.3021848
0.27677697 	 0.45893252
0.31169292 	 1.0188738
0.56937534 	 0.46012342
0.4746505 	 0.4497129
0.27196124 	 0.34274307
0.46524233 	 0.5833926
0.31241563 	 0.3082925
0.25125992 	 0.1977921
0.23941343 	 0.6180512
0.019822871 	 0.9481948
0.0005361683 	 3.30411
0.0004316904 	 1.5373864
0.2661557 	 0.9230153
0.32128397 	 0.47311515
0.14984383 	 0.9991789
0.19173828 	 0.81118256
0.067475505 	 1.143665
0.051191233 	 0.692613
0.074647725 	 0.8752597
0.11743862 	 0.98131895
0.14024109 	 1.5154029
0.26709384 	 1.2496797
0.25771862 	 0.95888114
0.2027956 	 0.56134605
0.20077874 	 1.066142
0.21944061 	 1.4723966
0.19936797 	 1.913971
0.11264387 	 1.4967312
0.18430996 	 1.7160769
0.19439241 	 1.7708775
0.22560138 	 1.2100712
0.15301387 	 1.2242541
0.2470951 	 1.2706984
0.23755951 	 1.3616
0.24078217 	 1.0459579
0.17105259 	 0.90171146
0.18565851 	 0.45993268
0.20200671 	 1.1845715
0.19569635 	 0.945905
0.33895206 	 0.5418759
0.25554246 	 0.3659757
0.28575718 	 0.42008176
0.27553764 	 0.7264721
0.38695356 	 0.42893296
0.47692573 	 0.78329766
0.22671396 	 1.1254659
0.2218005 	 1.3329682
0.20734237 	 1.5186255
0.24080476 	 1.4007797
0.31741643 	 1.114915
0.22708191 	 0.16593024
0.2537181 	 1.019979
0.10404937 	 1.0412717
0.09211588 	 0.8296769
0.14102256 	 0.6684362
0.2233196 	 1.1113642
0.1924659 	 1.1652414
0.16468468 	 0.8952251
0.16944279 	 0.61403215
0.35652834 	 1.3851727
0.2830872 	 1.1059948
0.19384158 	 0.7330689
0.2019569 	 1.0100923
0.20565116 	 0.85619456
0.14561847 	 0.6346639
0.14775835 	 1.3650861
0.15497519 	 0.8051764
0.1102048 	 1.7852759
0.11461079 	 0.7114093
0.081628226 	 1.314879
0.17827207 	 0.76789784
0.09283747 	 0.96925986
0.07888567 	 1.4673952
0.046312556 	 1.1326427
0.03357015 	 1.1416407
0.022330342 	 1.275789
0.09110781 	 0.56532276
0.08697091 	 1.5296004
0.035229012 	 1.4335338
0.032735653 	 1.0624809
0.03920481 	 2.0502355
0.05456184 	 1.2605721
0.016197018 	 1.2158628
0.049890883 	 1.3310679
0.06356707 	 0.7552767
0.058760595 	 0.48818558
0.016038923 	 1.4902409
0.04870699 	 2.1666796
0.034106437 	 1.5966554
0.052472543 	 1.2898102
0.035873126 	 2.4242105
0.0070373095 	 2.0460463
0.04816732 	 2.0970888
0.037133526 	 1.9883484
0.21608213 	 1.9578406
0.1445053 	 1.8964727
0.11753315 	 1.362596
0.1249428 	 1.3329347
0.059455596 	 0.41045856
0.084776275 	 1.1556791
0.07240816 	 1.4454894
0.06717515 	 1.3068162
0.06642852 	 0.7162402
0.07161234 	 1.3902932
0.104029395 	 0.46702898
0.15317774 	 1.1841209
0.13673194 	 1.2640182
0.13385952 	 0.96737325
0.17414618 	 1.2071007
0.09025033 	 1.1788688
0.13395621 	 0.8971649
0.09158461 	 0.98509395
0.07643096 	 1.1133691
0.15002137 	 0.72773963
0.09974963 	 0.40541115
0.083526015 	 1.213179
0.07708968 	 1.0298445
0.17439671 	 1.3314238
0.07531671 	 0.8860409
0.09278541 	 1.1293
0.17591919 	 0.6698192
0.13049094 	 0.47161484
0.2511916 	 1.385239
0.14432164 	 0.8904161
0.14073963 	 1.6257668
0.10978058 	 1.0990418
0.121760055 	 1.3101611
0.11289153 	 0.60074174
0.10537697 	 1.6234598
0.11309607 	 1.7049482
0.057684105 	 0.50569105
0.078169875 	 0.6426391
0.027298557 	 1.7745249
0.03470447 	 1.9332848
0.014926053 	 1.4200697
0.0017127153 	 1.5471871
0.0015426846 	 1.8331071
0.0010565735 	 1.5707937
0.20493203 	 0.6996222
0.16479945 	 0.49152267
0.20235911 	 0.8166511
0.25433278 	 0.6891229
0.15701169 	 0.60185134
0.12442587 	 1.0673673
0.15879543 	 0.5503356
0.065741576 	 0.8697557
0.08944619 	 0.77590394
0.15373088 	 1.6903952
0.12797475 	 1.2752191
0.036547083 	 1.0826997
0.0341728 	 0.76893264
0.024090009 	 1.7422067
0.064407304 	 1.3988621
0.022550458 	 1.2021259
0.03673999 	 2.2811832
0.016420394 	 1.1950005
0.037106495 	 1.4009886
0.041774966 	 1.6756707
0.048153877 	 1.0922122
0.13808025 	 0.9453792
0.11106565 	 1.0240958
0.075363375 	 1.271769
0.060145833 	 1.2898545
0.18729667 	 0.8969024
0.5330446 	 1.090931
0.37603885 	 0.7918843
0.10226352 	 0.7349521
0.111869715 	 2.0242891
0.14562577 	 1.1762828
0.08253906 	 1.1392956
0.0877447 	 2.165527
0.15423559 	 1.303847
0.3105883 	 1.1579696
0.6256087 	 0.75372565
0.11332529 	 1.0617138
0.10981936 	 0.7934097
0.091666 	 0.8876403
0.053846385 	 1.3888781
0.2374518 	 1.686531
0.25524727 	 1.963369
0.21433894 	 1.3287036
0.3028205 	 2.0059252
0.35133666 	 0.44133037
0.23408234 	 0.7134074
0.32077083 	 1.0432085
0.05597871 	 0.14432481
0.056761555 	 0.8717372
0.17432539 	 2.5700371
0.009134881 	 1.6839529
0.056742754 	 1.0414112
0.09789551 	 1.3954557
0.12391602 	 0.9068112
0.15734383 	 1.0105414
0.17378591 	 1.4354417
0.18757805 	 1.0548056
0.1922772 	 1.0213715
0.13130255 	 0.6457939
0.18708773 	 0.99995494
0.36998567 	 0.4853474
0.3521049 	 0.67072576
0.20225812 	 0.8808376
0.114902735 	 0.6455384
0.19306761 	 0.6577503
0.12490343 	 1.1684524
0.053262763 	 0.6153886
0.1299841 	 1.341665
0.084892415 	 1.8762984
0.039761305 	 1.5781606
0.023763036 	 0.4139538
0.11810333 	 0.79211485
0.12441285 	 1.2278568
0.07768378 	 1.2231752
0.19027212 	 0.94019055
0.16575295 	 0.6954163
0.15073049 	 1.2248262
0.26047274 	 0.49203068
0.49241447 	 0.41167063
0.28354478 	 0.7921196
0.3895833 	 0.42331895
0.22432135 	 0.35668534
0.47240922 	 0.4110338
0.40646183 	 0.32096183
0.36829874 	 0.33409873
0.35279813 	 0.7153509
0.28822798 	 0.3584956
0.40439546 	 0.383891
0.28362012 	 0.38243657
0.41913652 	 0.5093703
0.3967293 	 0.4128412
0.36960003 	 0.32624003
0.3862029 	 0.41002142
0.4364682 	 0.25233603
0.57880956 	 0.5807775
0.5964824 	 0.5890685
0.3375729 	 0.37243587
0.28691536 	 0.6799782
0.2741345 	 0.45505285
0.26753896 	 0.891136
0.18878344 	 0.9153481
0.09903574 	 1.253415
0.19920821 	 0.9022763
0.042185098 	 1.1370085
0.09722793 	 1.0766661
0.06778749 	 1.1807832
0.092261046 	 1.1299282
0.2293959 	 1.0593821
0.19749199 	 0.37098405
0.20997852 	 0.7373075
0.2603866 	 0.5548086
0.23553838 	 0.6820024
0.25452533 	 0.76254433
0.21062581 	 0.36623082
0.24753796 	 0.6283536
0.3437968 	 1.3276309
Summary
0.0004316904  -  0.8536773 ,  0.14432481  -  3.30411
accuracy:  95.2
equal predictions:  0
TensorFlow version: 1.13.1
Found 939 images belonging to 1 classes.
argN = 49
argN = 49
1.3485465 	 0.9428738
1.5984294 	 1.3989134
1.0670797 	 1.3806148
0.6078187 	 1.2907602
0.47093934 	 0.2990477
0.34425342 	 0.9899096
0.22903745 	 1.0694296
0.2313383 	 1.2686093
0.18424425 	 1.2334509
0.32485503 	 1.5706538
0.32231054 	 1.0758156
0.42944065 	 0.8109531
0.1740536 	 1.3537879
0.1462341 	 0.74915075
0.139685 	 1.3069822
0.26293463 	 0.7164178
0.5933086 	 0.7304563
0.44768277 	 1.6649041
0.36792263 	 1.2380124
0.5907884 	 1.3971053
0.7674987 	 1.5311133
0.48825794 	 1.0912836
0.6906128 	 1.186715
0.7715615 	 1.6467768
0.51915044 	 1.1363523
0.5437389 	 1.3607981
0.22636214 	 1.4283628
0.40699852 	 1.2605622
0.2189905 	 1.3480303
0.10961489 	 1.2909122
0.12845828 	 0.9868974
0.09652279 	 0.5847987
0.14033504 	 0.9174942
0.80157584 	 0.7788825
0.7228569 	 0.17724644
0.9322547 	 1.0239323
0.8183145 	 1.165228
0.8243683 	 0.79037875
0.5101399 	 0.6724223
0.7593587 	 0.9104568
0.76304036 	 0.49907923
0.9074439 	 1.0500498
0.40805158 	 2.0408373
0.7752282 	 1.0996828
0.7300452 	 1.7172755
1.0277327 	 1.6370399
0.83403784 	 1.1980369
0.83809066 	 1.6349331
0.89827466 	 1.0763911
0.20009157 	 2.0567439
0.33105174 	 0.66129607
0.17967214 	 0.5519949
0.18506764 	 1.0093966
0.14933263 	 1.1143355
0.20738389 	 1.0028374
0.13294485 	 0.77433467
0.09056037 	 1.1437964
0.1342788 	 1.5578903
0.06892696 	 1.3698169
0.04348716 	 1.3168201
0.030946335 	 1.6291857
0.018560834 	 1.9512367
0.2503261 	 0.924569
0.3454149 	 1.0081216
0.083674476 	 0.7039564
0.33877656 	 0.6002725
0.34194422 	 0.6948851
0.20124419 	 1.4575943
0.24933292 	 0.5467511
0.16693504 	 1.5385249
0.28120485 	 1.7550998
0.2646808 	 1.1662233
0.03677969 	 0.75309056
0.041271575 	 0.9097671
0.074078664 	 0.59178305
0.03954946 	 1.521733
0.02031795 	 1.7137179
0.018774414 	 1.6381524
0.017298324 	 1.2469572
0.21097516 	 0.8888617
0.45326757 	 1.3969465
0.34731752 	 1.0183752
0.26376122 	 1.3083788
0.570325 	 1.0495454
0.4870917 	 0.89334947
0.3074647 	 2.0354607
0.3980969 	 0.98636043
0.5923681 	 1.1032056
0.21262902 	 0.90256006
0.18675439 	 0.6119912
0.105237365 	 0.89250666
0.16384138 	 1.1325369
0.22704346 	 1.7294307
0.29666147 	 2.113388
0.406388 	 1.160563
0.39993253 	 1.3377191
0.22099873 	 1.7307276
0.12049755 	 0.96650296
0.1375422 	 0.8699145
0.071491204 	 1.3639964
0.23534046 	 2.1891253
0.15382479 	 1.7683415
0.11617834 	 1.378372
0.10867428 	 0.816736
0.15898709 	 1.4560874
0.11809059 	 1.4332211
0.10181744 	 1.2821794
0.05469454 	 1.0654995
0.01697611 	 1.4274884
0.010202059 	 2.8142695
0.045015354 	 0.67761284
0.022626178 	 1.1749703
0.11250452 	 0.9083427
0.16450979 	 0.9990756
0.031068007 	 1.4668689
0.03679552 	 0.44319814
0.19403674 	 1.0976461
0.15486816 	 0.5045002
0.10133349 	 1.0590836
0.07151554 	 1.0450852
0.0573019 	 0.63521767
0.08832634 	 0.57775235
0.122838 	 0.99116373
0.06569854 	 0.65813136
0.09059209 	 0.61354446
0.107944496 	 1.090627
0.09390476 	 0.7163358
0.13858992 	 1.0533612
0.08247005 	 1.3155962
0.17425409 	 1.2988367
0.24801767 	 1.028921
0.13075875 	 1.3276619
0.14310208 	 0.7936716
0.21652901 	 1.11266
0.24060921 	 0.3021478
0.1637256 	 1.4628804
0.1697745 	 1.2974871
0.11324705 	 1.0220836
0.19081487 	 0.85539615
0.14689648 	 1.0823514
0.0945187 	 0.4889263
0.19652416 	 1.0331119
0.066185474 	 1.7415562
0.07297531 	 0.968603
0.08897764 	 1.5694475
0.02989383 	 1.6504573
0.03421252 	 1.7759217
0.02921354 	 2.4575527
0.007031367 	 0.39247936
0.035414133 	 0.99427176
0.015834343 	 1.722618
0.01460563 	 0.92379373
0.010200674 	 2.3296006
0.029152049 	 0.8003585
0.059365716 	 0.94706994
0.08661122 	 1.127893
0.033236243 	 1.3175967
0.020028997 	 1.3273071
0.020996109 	 1.0400288
0.029232383 	 1.4104795
0.019458577 	 0.2463964
0.04367126 	 0.87808794
0.03329996 	 0.9350381
0.04447593 	 0.20909235
0.07244854 	 1.4608862
0.043972984 	 1.3629894
0.04534324 	 0.3390979
0.07478665 	 1.4080088
0.16509622 	 1.576378
0.12463826 	 1.0240562
0.10948966 	 0.6822692
0.09467581 	 0.46169758
0.086027585 	 0.91140354
0.13861074 	 0.41986334
0.07750136 	 0.9188076
0.13391492 	 0.4184079
0.0716959 	 0.38814053
0.12133723 	 0.46903124
0.1341238 	 0.9078082
0.18417323 	 1.3371158
0.11132212 	 0.69652134
0.068100795 	 0.8406365
0.098962754 	 0.7313704
0.07300025 	 0.6755498
0.12637554 	 0.35917935
0.101625085 	 1.571129
0.12907514 	 1.0885572
0.12012183 	 1.2311623
0.057195805 	 0.51656425
0.03718951 	 1.6788017
0.030866109 	 1.4752854
0.02919022 	 0.81165755
0.04023285 	 1.3768711
0.029924784 	 0.23736542
0.011315347 	 0.48909074
0.019441864 	 0.8023769
0.018829986 	 0.59897035
0.040651165 	 0.22349243
0.05810353 	 1.1526788
0.0494251 	 1.047404
0.03378277 	 1.4741995
0.048923224 	 0.6371441
0.03478877 	 0.76785624
0.048401896 	 1.3512245
0.039089024 	 0.7180469
0.044460725 	 0.375298
0.029630156 	 0.58201146
0.17380428 	 0.8478527
0.13588585 	 1.5960573
0.24184528 	 1.0580212
0.24618511 	 0.9925955
0.09585593 	 1.0751097
0.24988872 	 1.8386425
0.21780598 	 0.85934055
0.15627664 	 0.9034145
0.10266033 	 0.5576197
0.075049594 	 1.2022957
0.042262256 	 1.0603514
0.06420702 	 1.4212985
0.11917942 	 1.0131575
0.1937292 	 0.47663808
0.16725661 	 0.7205835
0.174974 	 0.77447706
0.1584306 	 1.1310065
0.113798775 	 1.327738
0.06978111 	 0.8716375
0.05112072 	 0.80185676
0.079419844 	 1.3781643
0.025649302 	 1.4272147
0.05002215 	 1.1327722
0.061029505 	 1.1859587
0.099800214 	 1.777231
0.06031169 	 1.0653666
0.07070251 	 1.7659112
0.06879868 	 1.6589855
0.22068237 	 0.99036026
0.1493893 	 1.1791968
0.13746382 	 1.316481
0.22605872 	 1.3251309
0.40538657 	 1.0439609
0.48174468 	 0.7258852
0.2421338 	 1.267408
0.19012189 	 1.6896728
0.26334617 	 1.7166144
0.15493587 	 1.3459448
0.17388457 	 1.4660461
0.13234457 	 1.0443541
0.1936798 	 0.88659596
0.26769668 	 1.5225562
0.105730094 	 1.1207956
0.17798346 	 1.8953273
0.09347823 	 1.0288696
0.04361809 	 0.9063549
0.11253127 	 1.0500466
0.046551503 	 1.2927126
0.0040919944 	 1.6727136
0.04909462 	 1.0853069
0.040919688 	 1.5476619
0.016280195 	 1.4552282
0.122242205 	 0.98643553
0.07840554 	 0.59581614
0.048562314 	 1.1409246
0.1345591 	 1.0310084
0.04139072 	 1.5343819
0.14613806 	 1.1880512
0.1528344 	 1.1660397
0.18542832 	 0.8196855
0.24331276 	 1.2259727
0.3198934 	 1.0461351
0.4086161 	 0.6885037
0.22643024 	 1.7205622
0.12830253 	 1.1077584
0.30719173 	 1.3964124
0.17540309 	 1.0603901
0.17465249 	 1.4907072
0.34447184 	 1.0549581
0.3393736 	 1.2180192
0.26377502 	 1.3198656
0.27494872 	 1.211597
0.18439956 	 0.6226811
0.25969455 	 1.171466
0.21783622 	 1.5471871
0.20405412 	 0.9894997
0.18553947 	 1.1608018
0.30053094 	 0.61031926
0.35057232 	 0.80645406
0.54280484 	 1.2371451
0.5255118 	 0.65795404
0.5294209 	 0.7477732
0.33000296 	 0.56486094
0.55775565 	 0.730218
0.5914662 	 0.77061415
0.4118879 	 0.7194368
0.21235251 	 0.48101276
0.30215958 	 0.5212466
0.4379081 	 0.6259344
0.2885456 	 0.7819216
0.37777814 	 1.4505962
0.34276035 	 1.3710073
0.3465195 	 1.0814284
0.20674244 	 0.5855725
0.19723895 	 0.922361
0.24593155 	 0.9720405
0.32198396 	 0.89974713
0.35860187 	 0.93217987
0.25913465 	 0.9095277
0.27405357 	 0.99933803
0.3874832 	 1.0157715
0.3340511 	 1.4097197
0.22861934 	 1.0671334
0.22968061 	 1.7354132
0.2148282 	 1.4660875
0.20472816 	 1.2117201
Summary
0.0040919944  -  1.5984294 ,  0.17724644  -  2.8142695
accuracy:  97.8
equal predictions:  0
TensorFlow version: 1.13.1
Found 939 images belonging to 1 classes.
argN = 49
argN = 49
0.3982769 	 0.67227703
0.25257593 	 0.41753623
0.2081111 	 0.32241735
0.119927675 	 0.38604227
0.13763057 	 0.54392767
0.049618438 	 0.6761004
0.07325605 	 0.2520257
0.13059254 	 1.2260789
0.15406202 	 1.2632499
0.13773447 	 1.2343208
0.09830341 	 2.419032
0.020726677 	 1.6851027
0.02644253 	 1.374997
0.2699358 	 1.3301461
0.16072011 	 0.9475577
0.1339834 	 0.49321344
0.14121695 	 0.72928834
0.18107039 	 0.2953588
0.3332624 	 0.5024
0.20159692 	 0.41227537
0.42941508 	 0.5540817
0.3166419 	 0.38022232
0.33340433 	 0.9023665
0.17708285 	 1.1772845
0.25624093 	 0.68633986
0.42178157 	 0.59567004
0.033605658 	 0.4868971
0.029048035 	 1.614549
0.0850098 	 0.8493847
0.2130804 	 0.9079642
0.26404175 	 0.5756425
0.483252 	 1.369514
0.37709013 	 0.2692563
0.5789986 	 0.77964234
0.3293714 	 0.77365625
0.3225379 	 0.54784065
0.19684763 	 0.60699546
0.24521416 	 0.4657981
0.3747053 	 0.23573203
0.29121953 	 0.8065148
0.23282655 	 0.48278254
0.06648164 	 0.10490672
0.057528846 	 0.3350242
0.15279232 	 0.27419996
0.12706646 	 0.81692094
0.2538725 	 0.33812082
0.36945358 	 0.8487223
0.32703692 	 0.7292013
0.25683683 	 0.69219625
0.2436744 	 0.3498045
0.519239 	 0.4983813
0.472281 	 0.42357072
0.17141087 	 0.8858591
0.12552041 	 0.73808587
0.023151439 	 1.8404386
0.03438542 	 0.7166899
0.0063913427 	 0.8489811
0.04877802 	 1.0528566
0.26594222 	 0.6862855
0.27041763 	 0.68027437
0.7567363 	 0.46134126
0.52435213 	 0.7937677
0.42489535 	 0.827447
0.50860983 	 0.51437515
1.1013557 	 0.963017
0.31827334 	 0.6746304
0.37020937 	 0.73686165
0.29572192 	 0.40364856
0.14899628 	 0.5363856
0.2525433 	 0.38850668
0.2647439 	 0.48256716
0.0875793 	 0.8668532
0.20424616 	 1.1905123
0.25043502 	 1.2394392
0.15871398 	 0.44981945
0.15844381 	 0.92666423
0.19116725 	 0.97685206
0.104451455 	 0.29974413
0.12881008 	 0.5955222
0.31799158 	 0.5474161
0.24890456 	 0.8286096
0.29053196 	 0.9684239
0.14223279 	 0.75630635
0.16636996 	 1.2896664
0.19588412 	 1.0115772
0.09058856 	 0.89816505
0.09667234 	 0.70373565
0.11975983 	 1.2725276
0.083658144 	 1.4884725
0.07596287 	 0.36744422
0.046196006 	 1.283206
0.032687433 	 1.5737116
0.06570172 	 1.054487
0.35510552 	 0.6485168
0.20702231 	 0.7651359
0.19571716 	 1.0939906
0.17239109 	 0.69807357
0.15209562 	 0.5952286
0.2049479 	 0.5316994
0.27615407 	 0.7667707
0.22084878 	 1.0241795
0.13686547 	 0.5189754
0.24854997 	 0.71406597
0.16654794 	 0.6537089
0.19700947 	 1.5795567
0.07810253 	 1.0301788
0.1743647 	 1.1518211
0.15696204 	 0.15709531
0.31122276 	 0.9006931
0.22195543 	 1.16112
0.23049794 	 1.7103032
0.16564524 	 0.28815567
0.16901223 	 0.8191836
0.1973183 	 0.9988983
0.18041831 	 0.9591504
0.18039368 	 1.5530013
0.21360675 	 1.6812419
0.25505173 	 0.7064441
0.24346878 	 1.2993674
0.19311243 	 1.059914
0.13691379 	 0.9780517
0.108520605 	 0.7070982
0.17617899 	 1.1631361
0.1719858 	 0.58745867
0.14315468 	 1.2053132
0.16258173 	 1.4769108
0.17120317 	 0.7741046
0.09226013 	 0.72526735
0.10158609 	 0.30884612
0.12617476 	 1.0026873
0.11753536 	 1.3472867
0.12562935 	 0.99929136
0.16970006 	 1.390397
0.19604807 	 1.2452474
0.20612872 	 0.5638848
0.1113038 	 1.5235294
0.11767219 	 1.0148011
0.15639065 	 0.8644073
0.10597983 	 0.59183127
0.06902736 	 1.1618596
0.12909468 	 0.41636315
0.102753 	 1.4667976
0.13341376 	 0.20751774
0.0804733 	 1.174401
0.07448647 	 0.35134944
0.114662595 	 0.9718796
0.13924693 	 0.44743845
0.09406519 	 0.6708892
0.11525563 	 0.8827701
0.12703215 	 1.3720236
0.10046015 	 1.2810894
0.065291636 	 1.7192549
0.09756202 	 1.4949794
0.10936072 	 0.9326175
0.14099064 	 1.0067648
0.16279985 	 1.0006154
0.091475 	 0.6193017
0.071051985 	 1.2553588
0.090292215 	 0.59543
0.15445586 	 1.1156911
0.081075415 	 0.3053472
0.091130726 	 0.7265076
0.08196077 	 0.550861
0.119564526 	 1.1581882
0.1272553 	 0.7143642
0.15196322 	 0.8588737
0.0973948 	 1.4572498
0.123933025 	 1.182135
0.056077056 	 0.8539456
0.091315195 	 0.94364375
0.05314628 	 1.79924
0.031428378 	 0.47001678
0.041069966 	 1.272001
0.029950885 	 0.5235788
0.041124806 	 1.366738
0.083985075 	 1.6454326
0.09113608 	 0.74011225
0.05520568 	 0.6184832
0.019836612 	 1.7102125
0.031935573 	 1.9071254
0.0553997 	 1.802645
0.094811454 	 1.0012223
0.093062356 	 1.5682477
0.10094862 	 1.5001547
0.069789164 	 1.6397463
0.05194101 	 1.5054638
0.07793337 	 1.549595
0.053802922 	 1.1815864
0.08465042 	 1.1949878
0.058469165 	 1.2438462
0.046177343 	 0.6365979
0.082197584 	 0.51306295
0.06139304 	 0.4517376
0.01639743 	 0.89813066
0.035237595 	 1.8235445
0.26149786 	 0.8077871
0.32556686 	 0.26219752
0.21954751 	 0.6451988
0.26983148 	 0.3280969
0.23101152 	 0.45885715
0.27586752 	 0.65570706
0.5436782 	 0.5101945
0.20240779 	 0.8561036
0.30410892 	 0.80683327
0.2088368 	 0.8747071
0.22807589 	 0.42658186
0.27883476 	 1.3948535
0.18058352 	 0.2410957
0.13087533 	 1.1959913
0.107431695 	 0.58165044
0.21153316 	 0.8007024
0.1951406 	 0.4867165
0.28118882 	 0.76137125
0.20396385 	 0.500678
0.14489464 	 1.4418308
0.20836882 	 0.36178333
0.2979294 	 1.1058792
0.22412676 	 0.5527815
0.3329834 	 0.8710597
0.2818326 	 0.5068025
0.5697744 	 0.7415016
0.6836032 	 0.7982729
0.43685082 	 0.3714645
0.35066447 	 0.36128715
0.24207327 	 0.802261
0.18599407 	 0.5051845
0.3147634 	 0.34015957
0.29874244 	 1.1690854
0.3404702 	 0.69847304
0.17096892 	 0.75900966
0.1990316 	 0.6567692
0.46505213 	 0.25767294
0.39713904 	 0.6590822
0.2693146 	 0.98103195
0.21003243 	 0.9864175
0.42534384 	 0.8787606
0.45678675 	 0.39259604
0.21532337 	 0.26092806
0.29560903 	 1.0170175
0.2332474 	 1.2594615
0.13629405 	 0.81061304
0.19256714 	 0.7666364
0.37339357 	 0.9328155
0.30137697 	 0.72712046
0.45335498 	 0.64612347
0.45342457 	 0.7182596
0.42156202 	 0.4981743
0.3206329 	 0.3820902
0.19369593 	 0.47711226
0.24254787 	 1.0706247
0.3225681 	 0.44633994
0.27101177 	 0.9824954
0.30453283 	 0.6118154
0.2525552 	 1.1070853
0.27523306 	 0.5988765
0.27484947 	 0.9216271
0.35413375 	 0.7526446
0.4221684 	 0.67797136
0.33831617 	 0.5323163
0.1818306 	 0.49294645
0.2327556 	 0.5292711
0.23862314 	 0.7530693
0.2442298 	 0.718173
0.3188235 	 0.52025133
0.39107376 	 0.35281307
0.3150079 	 0.692406
0.24001087 	 0.6623947
0.24173856 	 0.9090733
0.16726577 	 0.41773498
0.15657774 	 0.43432498
0.104982324 	 0.7724575
0.10987358 	 1.7723209
0.23718376 	 0.89619964
0.2698756 	 1.0705745
0.26393086 	 0.527354
0.3738992 	 0.49988884
0.33883628 	 0.48000488
0.16653913 	 0.28231087
0.2150898 	 0.5883976
0.34163138 	 0.6791811
0.305178 	 0.31691393
0.31309077 	 0.36727637
0.24671765 	 1.3141917
0.16898131 	 0.057351768
0.1294786 	 0.088624775
0.091197394 	 0.28469762
0.0880632 	 0.32359317
0.06641903 	 0.3251771
0.056669705 	 0.6553591
0.30103943 	 0.30164674
0.23636119 	 0.7015105
0.18244189 	 0.49726814
0.26698524 	 0.58419204
0.23812515 	 0.7512526
0.25578514 	 0.8451626
0.21521263 	 0.67527026
0.33483374 	 0.5811505
0.20621215 	 0.50371516
0.2745655 	 0.82537603
0.30826434 	 1.2718284
0.40023932 	 0.5947674
0.28715754 	 0.73389214
0.34556007 	 0.6608934
0.3439888 	 0.5976079
0.42255723 	 0.62443084
0.36540073 	 0.6051827
0.2946307 	 0.60739434
0.25350228 	 0.51104546
0.24705862 	 0.4888735
0.22942169 	 0.52875036
0.279984 	 1.1753979
0.20658128 	 0.8562465
0.18496966 	 0.53404146
Summary
0.0063913427  -  1.1013557 ,  0.057351768  -  2.419032
accuracy:  95.5
equal predictions:  0
TensorFlow version: 1.13.1
Found 939 images belonging to 1 classes.
argN = 49
argN = 49
0.42279118 	 0.5577319
0.34646842 	 0.45520064
0.43224892 	 0.4265038
0.29971203 	 0.77337295
0.42087302 	 0.8110682
0.100172326 	 1.6278254
0.06287765 	 1.6074197
0.08705297 	 3.546077
0.074511066 	 0.9215774
0.06106042 	 1.9839959
0.028679077 	 1.2604672
0.014556581 	 1.6906279
0.12162057 	 1.5693454
0.29478717 	 1.4419855
0.34806156 	 1.2363482
0.1793725 	 0.92790896
0.17286718 	 0.7028781
0.19755785 	 0.761224
0.19408001 	 0.5718711
0.31342173 	 0.7584639
0.32040936 	 0.90603507
0.20174035 	 0.5357967
0.339692 	 0.41417214
0.31243715 	 0.83729476
0.24653779 	 0.5162555
0.13536255 	 1.3400791
0.14250179 	 1.2215393
0.017853498 	 1.7205689
0.08991195 	 0.6598748
0.4637125 	 1.3831384
0.33645695 	 0.9507491
0.25416237 	 0.72296417
0.36337426 	 0.6908913
0.47798398 	 0.54051995
0.7245713 	 0.8856352
0.52924156 	 0.2607659
0.22848868 	 1.485215
0.5605627 	 0.80339414
0.3993025 	 0.6331552
0.6476038 	 0.7284158
0.5446563 	 0.5811296
0.59025675 	 1.0890442
0.25594988 	 0.37150416
0.26943305 	 0.61327887
0.10982548 	 1.4480503
0.012532295 	 2.1653433
0.07853944 	 2.8073466
0.0807075 	 0.8571076
0.15239254 	 0.62164575
0.058128927 	 1.8991408
0.1795381 	 0.7667676
0.23429425 	 1.0958304
0.25385985 	 0.8266934
0.30415043 	 0.7264686
0.2558765 	 0.5158107
0.2693859 	 0.4913958
0.25096416 	 0.29964784
0.17545252 	 1.1760856
0.2141386 	 1.11518
0.35503674 	 1.0308117
0.32735986 	 0.5072051
0.31301188 	 0.7368102
0.082086354 	 1.2862589
0.15559575 	 0.6116266
0.23878759 	 1.0911636
0.1996476 	 0.6767651
0.12732321 	 0.6670879
0.2217578 	 0.51928025
0.2547922 	 0.6479148
0.32807174 	 1.1553524
0.41258264 	 0.40010965
0.5455077 	 0.30728468
0.5290963 	 1.2312448
0.56186944 	 1.2877326
0.5060281 	 0.6594749
0.4191467 	 0.6554401
0.40395203 	 0.89522755
0.22301927 	 0.5133651
0.2575704 	 0.43214333
0.3588686 	 0.4405813
0.1610028 	 0.71054786
0.14441274 	 0.72385305
0.18310975 	 0.84401494
0.14522162 	 1.2162389
0.016040195 	 1.8971401
0.08024367 	 1.8250242
0.0799709 	 0.661887
0.12684903 	 1.4508777
0.014188818 	 1.85891
0.047268193 	 0.81704414
0.33716148 	 1.2950372
0.22214678 	 0.521732
0.05445024 	 1.3586518
0.025875166 	 1.2965397
0.019888049 	 1.6094989
0.054255962 	 0.83663666
0.071740024 	 0.8257267
0.035945106 	 1.5876004
0.06726759 	 2.831454
0.15795317 	 0.850753
0.17520556 	 0.9486075
0.13561237 	 0.7648887
0.22007875 	 0.95112073
0.15971832 	 0.5736409
0.1486628 	 0.7082809
0.21023946 	 0.7209167
0.1694408 	 0.879237
0.14410752 	 0.92244285
0.1491752 	 1.0839804
0.19910593 	 0.7081252
0.18674533 	 1.1351566
0.15062724 	 0.97857094
0.052509543 	 1.1476599
0.10479195 	 1.092403
0.056993924 	 0.8632371
0.07676796 	 0.9010241
0.12450803 	 0.52962536
0.10575918 	 1.7794029
0.18568838 	 0.5882896
0.1159557 	 1.0314405
0.14151375 	 0.797263
0.22202814 	 1.3120195
0.2278522 	 0.58323187
0.29865673 	 0.24662222
0.24591608 	 0.58985204
0.21784963 	 0.720838
0.19844186 	 0.87630004
0.28816086 	 0.4072705
0.240837 	 0.5585879
0.24721414 	 0.84316254
0.16594931 	 0.53125864
0.13152164 	 0.78613466
0.10904978 	 0.83626604
0.08028707 	 0.41857943
0.11851883 	 1.5397248
0.12683144 	 0.942368
0.087908685 	 1.1496677
0.13417588 	 0.78708094
0.15055157 	 0.64501
0.09110879 	 0.40323812
0.06510205 	 0.37942576
0.056739222 	 1.2488383
0.13546336 	 2.0137625
0.108794294 	 0.8032194
0.094719715 	 1.4452208
0.06966032 	 1.3510982
0.08785519 	 0.81602776
0.061014425 	 0.74408597
0.05481366 	 0.69882977
0.019138034 	 0.60641754
0.022556433 	 0.38291776
0.018095696 	 0.6257367
0.019311631 	 1.3854791
0.04497015 	 0.7941001
0.026933488 	 1.8783001
0.020981075 	 0.5142648
0.008593001 	 1.3309958
0.012771456 	 0.9881015
0.023503292 	 1.8834659
0.069259785 	 1.3601998
0.056167085 	 0.9552676
0.12094545 	 1.0302745
0.06185055 	 0.5947579
0.044760566 	 1.5020783
0.03334365 	 1.4309753
0.030514421 	 1.2239015
0.0176076 	 1.3852137
0.055526845 	 1.4441822
0.052829023 	 1.3811398
0.044065606 	 0.21169622
0.048850995 	 1.3416194
0.06795686 	 1.3262241
0.07450875 	 1.3982975
0.07639306 	 1.0268945
0.1116269 	 0.93371654
0.08569154 	 0.98315096
0.047203705 	 0.98444784
0.10292244 	 0.84851074
0.066949196 	 1.5516539
0.043435555 	 0.9859954
0.02805521 	 0.9003128
0.028729437 	 1.4181026
0.023221288 	 1.5184399
0.0607428 	 1.1255958
0.04054955 	 1.2281686
0.021378564 	 1.5938728
0.040441427 	 0.9104628
0.0045970683 	 1.5104604
0.008387896 	 0.78869647
0.0026611898 	 0.23395112
0.0016300844 	 0.9371003
0.021108724 	 0.8452632
0.0197056 	 2.1436207
0.025180427 	 0.62168926
0.002063196 	 1.3594187
0.0029199393 	 0.7514285
0.01820932 	 0.55342567
0.13914135 	 0.92232484
0.06094645 	 0.3689254
0.18139353 	 0.7833136
0.075803526 	 1.032015
0.2835042 	 1.1139889
0.12196602 	 0.81423473
0.19844201 	 1.0966992
0.1857676 	 1.0221527
0.19282645 	 0.6328985
0.100205995 	 1.466989
0.09799457 	 0.97595406
0.15273808 	 1.1145445
0.13054839 	 1.5776279
0.06268395 	 1.0552673
0.1813731 	 2.064414
0.1251624 	 1.0390663
0.067139834 	 0.90502673
0.12202723 	 1.6292841
0.0828054 	 2.021689
0.018540796 	 0.92648387
0.003075556 	 2.127586
0.0022781792 	 2.373017
0.00026330838 	 1.925798
0.015109387 	 2.009304
0.00050658896 	 1.9339079
0.023874376 	 1.2761139
8.982823e-05 	 2.7829208
0.031426653 	 1.2477621
0.07072075 	 1.482442
0.05025967 	 1.1904186
0.08745576 	 0.9074405
0.083695345 	 1.3590493
0.046386164 	 1.6293483
0.10836894 	 1.4838547
0.40426615 	 0.78715193
0.15176597 	 1.5904491
0.03436241 	 1.5363005
0.18645872 	 1.0327629
0.22070235 	 0.6110619
0.30158275 	 2.1473153
0.2279329 	 1.0038184
0.33517513 	 1.2529095
0.19791189 	 1.3098788
0.07000751 	 1.7455746
0.11798227 	 0.24886037
0.07733204 	 1.4033093
0.16475876 	 0.7095845
0.22502732 	 0.9623909
0.26077148 	 1.5242689
0.25959 	 0.9459867
0.017276432 	 1.2627875
0.031782046 	 1.3251483
0.054749314 	 0.7442152
0.001771349 	 0.37779605
0.008854614 	 1.7216196
0.03846904 	 0.5308617
0.06630183 	 0.8993546
0.22332668 	 0.9853622
0.1553487 	 1.446245
0.0668919 	 1.690298
0.107926436 	 0.56660014
0.13006963 	 1.8612366
0.14488561 	 1.0024481
0.10293658 	 0.67122537
0.11170034 	 1.2728629
0.16818559 	 1.0593029
0.10973574 	 0.73342836
0.09605604 	 0.75749475
0.20133306 	 0.4918702
0.11562751 	 0.52306145
0.16145346 	 1.383938
0.11532693 	 0.7590266
0.1654578 	 1.3226607
0.1472286 	 1.1666814
0.16227694 	 1.3951255
0.13319099 	 1.4047176
0.17987047 	 1.3235029
0.09359355 	 1.5426451
0.122763395 	 1.2300524
0.080759056 	 1.0024471
0.120596126 	 0.8606474
0.1610619 	 1.3668029
0.21020025 	 0.7547977
0.2663829 	 0.7006181
0.26011133 	 0.6471182
0.2628347 	 0.3893729
0.25879666 	 0.35895437
0.2167892 	 0.28121108
0.1626135 	 0.31083316
0.109996796 	 0.21608257
0.14255333 	 0.40272975
0.13419619 	 0.4194759
0.19773188 	 0.45615506
0.11365867 	 0.3987063
0.14696462 	 1.0130795
0.12837261 	 0.8496274
0.23065887 	 1.0919043
0.20581988 	 0.54649633
0.20660904 	 1.2506533
0.19165733 	 0.8932449
0.102437235 	 2.1519716
0.0756516 	 2.0362163
0.24332894 	 1.0934669
0.13842739 	 1.3335825
0.23436062 	 0.7471321
0.301456 	 1.3466712
0.24606374 	 0.8610706
0.19947703 	 0.84913504
0.124930784 	 1.3512743
0.2274422 	 0.8566386
0.23202762 	 0.59034526
0.11313285 	 0.7301372
0.14582926 	 0.8663049
0.23247212 	 1.0211293
0.23471949 	 1.7544528
0.15566951 	 1.5833291
Summary
8.982823e-05  -  0.7245713 ,  0.21169622  -  3.546077
accuracy:  98.4
equal predictions:  0
