TensorFlow version: 1.13.1
Found 939 images belonging to 1 classes.
argN = 784
argN = 784
0.39148152 	 0.7695806
0.24734993 	 0.84244716
0.2662117 	 0.55609715
0.36596403 	 0.47699824
0.28450796 	 0.5363269
0.33115208 	 0.79160935
0.4244504 	 0.544432
0.43212524 	 0.38520414
0.5668666 	 0.68462354
0.5142497 	 0.59376174
0.586238 	 0.5380927
0.6159711 	 0.72681504
0.63403106 	 0.69104975
0.402364 	 0.54453975
0.35744926 	 0.45777658
0.4564288 	 0.4986001
0.32827285 	 0.4452633
0.33392027 	 1.002137
0.39802822 	 0.5259346
0.4622759 	 0.71369755
0.51507556 	 0.6011567
0.5341803 	 0.4292327
0.48309082 	 0.92169106
0.3883082 	 0.39571404
0.36851335 	 0.7642544
0.3442045 	 0.4560579
0.38065177 	 0.74740595
0.49740487 	 0.68033487
0.51710147 	 0.63644254
0.36546257 	 0.569521
0.36243537 	 0.55032206
0.36808497 	 0.848794
0.37748373 	 0.7923142
0.20414345 	 0.60326445
0.12703316 	 0.72909755
0.17463821 	 0.62598616
0.38470435 	 0.7615522
0.4142745 	 0.4934248
0.3942207 	 0.52130544
0.34931582 	 0.53799945
0.6022256 	 1.0378432
0.59859043 	 0.8163481
0.51023895 	 0.70223445
0.57310784 	 0.617357
0.3508374 	 0.6673875
0.49225783 	 0.59066296
0.18306479 	 0.48861134
0.2436039 	 0.5435485
0.26803625 	 0.40772498
0.36724472 	 0.66509587
0.36012197 	 0.96455085
0.426706 	 0.67608744
0.41541806 	 0.8194159
0.44414234 	 0.7119674
0.4832716 	 0.84596133
0.47760528 	 0.40282196
0.5219341 	 0.49830124
0.5523438 	 0.6370132
0.53494394 	 0.74946725
0.4207617 	 0.8349078
0.3665148 	 0.5227738
0.4182932 	 0.47569692
0.5050629 	 0.7276872
0.4055079 	 0.6116618
0.4129092 	 0.6794528
0.35965043 	 0.3784889
0.1575498 	 1.0053807
0.35159782 	 0.30526972
0.46020877 	 0.46835256
0.5421644 	 0.67598456
0.4981804 	 0.5689142
0.34206295 	 0.4951623
0.39550307 	 0.6867887
0.39705446 	 0.60419494
0.5470786 	 0.7153016
0.5361979 	 0.5376183
0.59223694 	 0.5997865
0.44310716 	 0.5131828
0.48456725 	 0.9336304
0.46271187 	 0.9028095
0.60333484 	 0.70699763
0.36723542 	 0.6113939
0.3812267 	 0.760725
0.33060613 	 0.95171696
0.15284559 	 0.45748532
0.18255013 	 0.5969145
0.1992483 	 0.3607752
0.12149538 	 0.98216975
0.43960446 	 0.6577592
0.45223927 	 0.7144241
0.46650568 	 0.56405574
0.45303202 	 0.7967689
0.510913 	 0.59723264
0.53751296 	 0.80609566
0.5851434 	 0.6148823
0.47080886 	 0.7994205
0.22254051 	 0.5402284
0.22821428 	 0.2664071
0.2136939 	 1.0788444
0.19004405 	 0.3932994
0.18492642 	 0.69926435
0.1955777 	 0.48469353
0.21051663 	 0.64990747
0.19146453 	 0.5217406
0.14027743 	 0.69845355
0.13402136 	 0.9374781
0.1547045 	 0.5187998
0.1216889 	 0.9093223
0.14878896 	 0.5837771
0.19958138 	 0.5289099
0.22486043 	 0.59321696
0.30796593 	 0.4478622
0.30886152 	 0.91261995
0.31747186 	 0.55531585
0.3188242 	 0.5806031
0.3855694 	 0.3934423
0.44959682 	 0.7705804
0.4163455 	 0.43664032
0.4125603 	 0.6389946
0.44457376 	 0.57862425
0.47166336 	 0.65161914
0.47853574 	 0.682088
0.4703618 	 0.55576354
0.4652296 	 0.79259735
0.4937481 	 0.54444176
0.47316357 	 0.5667758
0.438672 	 0.6011388
0.43263653 	 0.5763984
0.46041158 	 0.54863936
0.47880673 	 0.68373483
0.4372707 	 0.5777043
0.45711923 	 0.67013526
0.4695897 	 0.48457122
0.471756 	 0.54881537
0.42697963 	 0.5495749
0.46212423 	 0.60826653
0.5078237 	 0.68124455
0.43696025 	 0.5799213
0.4751687 	 0.62076336
0.50956285 	 0.6444781
0.49667412 	 0.51540655
0.53833956 	 0.60348934
0.5456834 	 0.7748226
0.5145366 	 0.65490943
0.56593966 	 0.6627468
0.5022979 	 0.62449294
0.6088236 	 0.6598602
0.5428424 	 0.5786705
0.5088436 	 0.68763644
0.5714544 	 0.660002
0.546351 	 0.6464943
0.61162966 	 0.67334074
0.63520443 	 0.71109766
0.59949785 	 0.6945875
0.6159314 	 0.7176659
0.5975381 	 0.69793963
0.53056073 	 0.61510164
0.53264505 	 0.59997
0.54570913 	 0.5693503
0.5829198 	 0.73851675
0.57279646 	 0.59421587
0.5465627 	 0.6015158
0.56493914 	 0.64310277
0.51489 	 0.6829769
0.4778346 	 0.7568411
0.43494475 	 0.7631553
0.43364742 	 0.72369003
0.42294028 	 0.6684069
0.40092975 	 0.6347963
0.40316585 	 0.7731706
0.39148912 	 0.6929289
0.41276655 	 0.6879151
0.3797692 	 0.5084981
0.3786936 	 0.71311015
0.3696323 	 0.8727925
0.38075575 	 0.6683218
0.33934683 	 0.58016425
0.32148454 	 0.5868366
0.33646396 	 0.5940269
0.33721125 	 0.80492693
0.34915674 	 0.6002173
0.34575024 	 0.6959395
0.3790779 	 0.73466057
0.34734824 	 0.6448026
0.36218926 	 0.78981483
0.4258382 	 0.44523576
0.40799332 	 0.5400359
0.4374865 	 0.7765059
0.40435544 	 0.63955426
0.45571536 	 0.6225096
0.43443063 	 0.69069433
0.45577252 	 0.41778043
0.42165625 	 0.6342349
0.41658354 	 1.0002621
0.44395772 	 0.7413502
0.55628294 	 0.7415433
0.4675731 	 0.73001707
0.48046476 	 0.7018611
0.5183124 	 0.7931156
0.5344824 	 0.7840025
0.58668375 	 0.74087876
0.57404035 	 0.70422816
0.62751865 	 0.592546
0.43676716 	 0.79584706
0.46554685 	 0.996935
0.45034575 	 0.8496514
0.4730261 	 0.90295184
0.50153726 	 0.840181
0.50986445 	 0.9657
0.50267476 	 0.91540754
0.48879936 	 0.7144284
0.42511004 	 1.0184044
0.45140833 	 0.63117945
0.46196213 	 0.6979951
0.4483653 	 0.6988161
0.42390946 	 0.996236
0.38541514 	 0.6471664
0.42594787 	 0.6715513
0.41060862 	 1.1241161
0.3923535 	 0.8214353
0.46565482 	 1.0839132
0.45461747 	 0.96808565
0.4263517 	 0.65929174
0.4643084 	 0.7896406
0.45344016 	 1.0494546
0.43262717 	 0.711438
0.44188672 	 0.9963514
0.47155896 	 0.85193354
0.44822213 	 0.71491015
0.434351 	 0.7380577
0.66815156 	 0.7416951
0.48672253 	 0.77205646
0.5113573 	 1.0455968
0.47613728 	 0.95342356
0.4507324 	 0.8278692
0.4090075 	 1.0317078
0.4805115 	 0.72292167
0.5503504 	 0.56262326
0.5219897 	 0.9604825
0.583406 	 0.7647199
0.6272553 	 0.8245828
0.45825282 	 0.8683135
0.4357567 	 0.90599763
0.45541087 	 1.2165064
0.45430762 	 0.9441594
0.51738167 	 0.6408498
0.46948126 	 0.99469084
0.47238627 	 0.9265278
0.40104297 	 0.8768405
0.41844702 	 0.8749264
0.35805532 	 0.77803785
0.43622422 	 1.1617385
0.4403239 	 0.99073696
0.4823303 	 0.8013379
0.40788215 	 0.93637705
0.44613487 	 0.7577302
0.44771838 	 1.1055844
0.48118547 	 0.93917084
0.4740985 	 1.0199294
0.46950507 	 0.9313029
0.50322425 	 0.70149076
0.4233598 	 0.9153443
0.5083732 	 0.95248854
0.47964516 	 0.9408065
0.5027043 	 0.80726224
0.4891895 	 0.92398083
0.51844156 	 0.881597
0.49338895 	 0.65783536
0.46305275 	 0.68766844
0.51558053 	 0.7036842
0.5312381 	 0.82863593
0.51031756 	 0.7254169
0.49853948 	 0.97076523
0.5222666 	 0.81346023
0.5024338 	 0.75049675
0.5084455 	 0.69642687
0.46189913 	 0.78628415
0.48459134 	 0.7986737
0.4858141 	 0.8969076
0.5272154 	 0.7522302
0.44627354 	 0.72599006
0.47694552 	 0.725468
0.46609387 	 0.7554523
0.4166941 	 0.67860276
0.42881024 	 0.8183338
0.44100022 	 0.8898874
0.4322468 	 0.66433495
0.43052888 	 0.81988335
0.4291297 	 0.7262779
0.42268476 	 0.6751916
0.41807455 	 0.8779494
0.40532097 	 0.7101152
0.3908436 	 0.67195606
0.47242996 	 0.72439075
0.486287 	 0.6918172
0.46748185 	 0.69591177
0.49955186 	 0.69838536
0.5013768 	 0.79118496
0.6039679 	 0.8426865
0.6048501 	 0.73255825
0.57763946 	 0.8113651
0.5469632 	 0.76344275
0.552085 	 0.9177696
0.55912894 	 0.75810045
0.53229827 	 0.79983777
0.6176579 	 0.6768181
0.57780534 	 0.65755254
0.63176876 	 0.82691854
0.55768687 	 0.7851351
0.61400825 	 0.83954954
0.54821503 	 0.71549463
0.56667703 	 0.7159348
0.5867251 	 0.7986651
Summary
0.12149538  -  0.66815156 ,  0.2664071  -  1.2165064
accuracy:  97.4
equal predictions:  0
TensorFlow version: 1.13.1
Found 939 images belonging to 1 classes.
argN = 784
argN = 784
0.45999217 	 0.7184565
0.64539516 	 0.5671526
0.55392754 	 0.6747163
0.4989405 	 0.7925302
0.39159527 	 0.7495665
0.34929714 	 0.7430939
0.35615465 	 0.87952125
0.374117 	 0.7908245
0.3245531 	 0.72006166
0.36615983 	 0.7686292
0.31720588 	 0.70514804
0.34634957 	 0.78101766
0.34842354 	 0.82004195
0.43782914 	 0.79241985
0.4371865 	 0.57652557
0.44188878 	 0.60454684
0.443244 	 0.62635696
0.46760535 	 0.59853363
0.5060406 	 0.7824107
0.43438873 	 0.5722094
0.50274974 	 0.5840186
0.47176853 	 0.5046926
0.39813107 	 0.45360142
0.4380762 	 0.6784308
0.45958766 	 0.52151346
0.4138134 	 0.6621567
0.37695718 	 0.66446066
0.41034797 	 0.6991508
0.26184282 	 0.8407476
0.2521595 	 0.8049096
0.24629468 	 0.7488144
0.2888779 	 0.82549185
0.33981976 	 0.82667696
0.36707503 	 0.6338499
0.42659438 	 0.62687224
0.3609889 	 0.6617307
0.35124764 	 0.602218
0.36333638 	 0.56424606
0.27367663 	 0.5266429
0.26889366 	 0.4891244
0.2511139 	 0.49572676
0.30929396 	 0.5361541
0.2833475 	 0.49826074
0.2623757 	 0.4689696
0.36396515 	 0.65690327
0.46397564 	 0.64421207
0.55172443 	 0.65561026
0.48583695 	 0.7154307
0.5682738 	 0.69961286
0.49538943 	 0.64344794
0.49377787 	 0.7229281
0.45699382 	 0.76326483
0.48374614 	 0.64891565
0.43702355 	 0.7691735
0.45211524 	 0.7440067
0.3903578 	 0.659338
0.39957997 	 0.7355054
0.3163193 	 0.7215215
0.3087077 	 0.77758336
0.24388394 	 0.9741662
0.35416391 	 0.7424515
0.29829785 	 0.9059867
0.31265143 	 0.91926605
0.49850217 	 0.6008284
0.4499041 	 0.51675093
0.46301582 	 0.52307856
0.44375685 	 0.55478483
0.4378282 	 0.51043874
0.40134797 	 0.43166393
0.41045588 	 0.7063128
0.5355761 	 0.6129942
0.50191426 	 0.6368239
0.44855747 	 0.6545237
0.2601339 	 0.7652467
0.15159616 	 0.55901575
0.19511828 	 0.89248323
0.22860225 	 0.6842376
0.19866496 	 0.6867337
0.20637691 	 0.7776328
0.19478509 	 0.8307198
0.22723377 	 0.69490707
0.4190575 	 0.687064
0.44828224 	 0.5116745
0.40383115 	 0.44437024
0.36774155 	 0.48902154
0.34681523 	 0.4623661
0.38895184 	 0.5566405
0.40020198 	 0.62482584
0.56937516 	 0.6651172
0.49773672 	 0.6780076
0.4769854 	 0.7010299
0.32089102 	 0.92093927
0.31276256 	 0.7156552
0.5236122 	 0.6230557
0.6458817 	 0.59405696
0.41968158 	 0.6099673
0.43192333 	 0.57086486
0.44264847 	 0.6252069
0.50787205 	 0.6235325
0.45261496 	 0.5552121
0.49912223 	 0.5564834
0.49935997 	 0.48410723
0.6569858 	 0.4906675
0.80821395 	 0.54658574
0.435998 	 0.7038648
0.50166154 	 0.7570524
0.49297696 	 0.6657919
0.4787743 	 0.66745466
0.4802542 	 0.6309897
0.53127205 	 0.6058146
0.58198833 	 0.69157094
0.51800686 	 0.56013346
0.50822276 	 0.50353247
0.558647 	 0.6072916
0.59052753 	 0.52138054
0.5439848 	 0.49996677
0.54070604 	 0.597853
0.6311387 	 0.7284657
0.6048408 	 0.5268976
0.7459289 	 0.40095448
0.7174027 	 0.69136685
0.73598194 	 0.52893394
0.7781479 	 0.5506592
0.8382272 	 0.53206974
0.8123452 	 0.46275714
0.75221616 	 0.52173036
0.7841798 	 0.54618675
0.8041523 	 0.5860179
0.7247856 	 0.59777606
0.69581735 	 0.5508241
0.71329963 	 0.6758847
0.6400605 	 0.656463
0.5775909 	 0.6308745
0.5454503 	 0.60244787
0.45006704 	 0.6718207
0.47549477 	 0.6939059
0.48384088 	 0.63945097
0.44447947 	 0.63239455
0.49758944 	 0.5856002
0.4869675 	 0.72774655
0.45103425 	 0.6121394
0.44613487 	 0.594918
0.49004537 	 0.7081795
0.4523995 	 0.5427173
0.45364842 	 0.7480342
0.48944288 	 0.7650964
0.4761363 	 0.6925209
0.46077085 	 0.6111973
0.45805508 	 0.77326447
0.46892008 	 0.6006204
0.4475119 	 0.6428855
0.4269154 	 0.6155342
0.39419702 	 0.5190513
0.40983534 	 0.444367
0.4051996 	 0.82635736
0.38347578 	 0.74920416
0.39930287 	 0.7389048
0.39372945 	 0.6410371
0.37746903 	 0.6355433
0.3700813 	 0.648669
0.372487 	 0.6045161
0.37453696 	 0.7104478
0.40895346 	 0.6719785
0.4449634 	 0.60974354
0.4326212 	 0.6280799
0.41764545 	 0.66935146
0.4519978 	 0.71242386
0.46809554 	 0.624248
0.4430275 	 0.59262615
0.4056608 	 0.630023
0.4115885 	 0.6420425
0.43881303 	 0.69842464
0.44479197 	 0.81550735
0.42665043 	 0.593497
0.45611218 	 0.5724272
0.47252536 	 0.70448714
0.49996796 	 0.6163011
0.5265334 	 0.6441592
0.47016454 	 0.62255055
0.49163112 	 0.6133201
0.5192265 	 0.6324177
0.4617913 	 0.73461133
0.5170315 	 0.6864192
0.52567583 	 0.5916676
0.49640402 	 0.63228214
0.5100152 	 0.66112083
0.45748946 	 0.6290024
0.5099127 	 0.67165405
0.5175315 	 0.622884
0.47597876 	 0.671159
0.48949286 	 0.62068444
0.45630443 	 0.6295499
0.4854022 	 0.74279666
0.49512926 	 0.62880856
0.47849938 	 0.636449
0.50452787 	 0.5985777
0.50463134 	 0.57997626
0.49881378 	 0.63176763
0.4538158 	 0.59385616
0.5073268 	 0.62845707
0.47921848 	 0.68754566
0.47694024 	 0.64653325
0.49627763 	 0.59863406
0.4855163 	 0.6932484
0.5032517 	 0.5933647
0.49584508 	 0.5626416
0.5307243 	 0.6167397
0.4924207 	 0.70592123
0.49040174 	 0.5936481
0.5085143 	 0.52368325
0.5462203 	 0.6550538
0.539535 	 0.56713766
0.5616816 	 0.650318
0.55403876 	 0.6978382
0.57775307 	 0.59435844
0.5419242 	 0.6607047
0.5638219 	 0.70759106
0.45700568 	 0.53830993
0.459884 	 0.60952556
0.4124301 	 0.50258934
0.41096222 	 0.47668186
0.39082968 	 0.47853747
0.4477017 	 0.6390731
0.43474948 	 0.33473262
0.43827677 	 0.36708087
0.4644205 	 0.41537362
0.49071443 	 0.46372247
0.4844586 	 0.43110222
0.47237164 	 0.3862636
0.44596764 	 0.44893306
0.44979683 	 0.500571
0.43374473 	 0.41657838
0.48998135 	 0.41376212
0.4610003 	 0.47505012
0.46758842 	 0.5398638
0.48069838 	 0.41622424
0.46690908 	 0.51599324
0.5002114 	 0.54407066
0.44265792 	 0.4369108
0.3810494 	 0.5061243
0.46995413 	 0.46022126
0.4300256 	 0.5591089
0.44425473 	 0.40777963
0.48481944 	 0.45174828
0.5334292 	 0.5240349
0.48197216 	 0.5244785
0.45170653 	 0.5368765
0.50115544 	 0.44809523
0.50374603 	 0.51911056
0.4725613 	 0.3600319
0.45698506 	 0.3675513
0.36388254 	 0.5591819
0.35603145 	 0.45939186
0.3293665 	 0.322991
0.36321458 	 0.33724064
0.35380173 	 0.4872631
0.3828342 	 0.49882782
0.41024995 	 0.36955586
0.3617397 	 0.46320847
0.3911767 	 0.34357977
0.38535047 	 0.43181363
0.3958744 	 0.49144024
0.39042938 	 0.76730096
0.40973064 	 0.46619895
0.44600385 	 0.41666138
0.39897984 	 0.6176603
0.3916046 	 0.35298714
0.43239596 	 0.49607792
0.41492206 	 0.44381753
0.49570602 	 0.3799866
0.41474724 	 0.460631
0.41459918 	 0.4277864
0.47292605 	 0.5719187
0.51408976 	 0.60467553
0.55908495 	 0.55469865
0.598847 	 0.53324246
0.57508177 	 0.68625176
0.54009926 	 0.6144581
0.4833469 	 0.47226992
0.47879586 	 0.52391595
0.4826812 	 0.49757025
0.47694612 	 0.44836736
0.44016495 	 0.4211903
0.47803897 	 0.40727273
0.4736978 	 0.5051241
0.4139604 	 0.4733462
0.39222327 	 0.5597623
0.38370898 	 0.6903932
0.38998735 	 0.6116169
0.41030815 	 0.6513468
0.42737287 	 0.4936177
0.39731798 	 0.54046124
0.46186283 	 0.54796165
0.4376259 	 0.59455264
0.49870422 	 0.5545814
0.42154366 	 0.6014545
0.44949687 	 0.59421676
0.4304935 	 0.53127927
0.45076188 	 0.53659695
0.48480773 	 0.55333376
0.5807545 	 0.49954656
0.5298493 	 0.4882127
0.5161219 	 0.55031544
0.46810943 	 0.38839066
0.46566555 	 0.3822367
0.4296926 	 0.5364982
0.4355055 	 0.5100676
0.45654604 	 0.3562509
0.44749558 	 0.43962184
0.41201857 	 0.5344745
0.45695353 	 0.57381594
0.53233135 	 0.53751993
0.55146056 	 0.42315966
Summary
0.15159616  -  0.8382272 ,  0.322991  -  0.9741662
accuracy:  81.5
equal predictions:  0
TensorFlow version: 1.13.1
Found 939 images belonging to 1 classes.
argN = 784
argN = 784
0.45758694 	 0.6709053
0.4324622 	 0.57765377
0.36542493 	 0.704268
0.662749 	 0.6227602
0.48652104 	 0.57477736
0.4396679 	 0.58107865
0.48238677 	 0.50377613
0.5017934 	 0.61642766
0.4753144 	 0.6924931
0.51952904 	 0.6370209
0.50807375 	 0.6363728
0.43609884 	 0.7413784
0.44629207 	 0.8162099
0.527028 	 0.5175221
0.48214734 	 0.70562255
0.47866887 	 0.5675632
0.5509865 	 0.6358956
0.45795983 	 0.87486064
0.45175186 	 0.73729825
0.4360002 	 0.42443362
0.4792006 	 0.67308503
0.56703234 	 0.6491513
0.55788887 	 0.6303594
0.6138532 	 0.61254954
0.5973229 	 0.6852142
0.60979116 	 0.6869432
0.5445322 	 0.6544871
0.49676844 	 0.8967063
0.52219677 	 0.656094
0.59699506 	 0.65210325
0.5545155 	 0.587677
0.51399285 	 0.7963561
0.42343235 	 0.6143815
0.42801124 	 0.9086265
0.36234322 	 0.7097794
0.36379138 	 0.8480638
0.3976716 	 0.6566683
0.51093477 	 0.546225
0.5393908 	 0.63091874
0.5242584 	 0.8162273
0.513642 	 0.679987
0.46591794 	 0.57400936
0.32079753 	 0.91136724
0.5593157 	 0.73046607
0.501218 	 0.7637898
0.46465743 	 0.7759467
0.3949875 	 0.6827365
0.39065278 	 0.58066887
0.39596206 	 0.60148233
0.47186533 	 0.590378
0.4971523 	 0.74120015
0.44882092 	 0.7136994
0.52228755 	 0.6935136
0.45618063 	 0.7815883
0.39815602 	 0.66951257
0.42921823 	 0.691134
0.4244973 	 0.7653133
0.45150468 	 0.7043944
0.5007059 	 0.68131924
0.49502647 	 0.7158364
0.52167153 	 0.69375986
0.42405152 	 0.59200615
0.49419692 	 0.6209413
0.47031906 	 0.64944434
0.5707467 	 0.6686167
0.5996669 	 0.77356416
0.55732185 	 0.8352278
0.42870235 	 0.44805047
0.546139 	 0.7741651
0.5936989 	 0.638158
0.55283684 	 0.64154667
0.49346364 	 0.54961336
0.33976066 	 0.9038253
0.43925935 	 0.6945855
0.54722095 	 0.6985285
0.57406765 	 0.659781
0.4522092 	 0.6486942
0.41064972 	 0.6341755
0.4394917 	 0.7635869
0.4123926 	 0.720406
0.40991068 	 0.7611253
0.41686592 	 0.6054338
0.41237321 	 0.73974335
0.33568037 	 0.7192824
0.37106058 	 0.6927654
0.41339087 	 0.66203374
0.5067207 	 0.5193314
0.3885072 	 0.6914285
0.3478433 	 0.75197566
0.3274905 	 0.6965984
0.33354944 	 0.6608927
0.2712333 	 0.9578494
0.27365014 	 0.83744776
0.3721565 	 0.64271843
0.40570864 	 0.79225266
0.4425809 	 0.70505166
0.38937572 	 0.6921412
0.3828905 	 0.634985
0.44407666 	 0.5186257
0.4981337 	 0.64688784
0.53629184 	 0.6324069
0.54554474 	 0.66762966
0.5137474 	 0.6266869
0.5404373 	 0.5966984
0.5435047 	 0.787289
0.5426864 	 0.692
0.55800384 	 0.52908295
0.5586378 	 0.62857443
0.48296288 	 0.7285057
0.48591584 	 0.5362038
0.44087034 	 0.7447105
0.44517806 	 0.68697476
0.4017333 	 0.51800424
0.44625026 	 0.5823596
0.40793613 	 0.5761854
0.41046134 	 0.61525613
0.36785424 	 0.43274128
0.3360494 	 0.70031166
0.35666594 	 0.6402293
0.32497662 	 0.74265563
0.3483178 	 0.70902866
0.3264847 	 0.61501724
0.33298847 	 0.8441842
0.32209945 	 0.6648518
0.3873481 	 0.67439103
0.33016333 	 0.5745769
0.3336631 	 0.6535925
0.35243705 	 0.7724408
0.35614845 	 0.8426217
0.34030432 	 0.78719527
0.36528313 	 0.6723201
0.36746866 	 0.71999484
0.3261933 	 0.5378136
0.33900258 	 0.6978963
0.32315198 	 0.66965556
0.32491425 	 0.55535114
0.33158046 	 0.66764057
0.38047615 	 0.7221459
0.34055364 	 0.6342029
0.34821817 	 0.72240305
0.31901878 	 0.7213595
0.34005496 	 0.55328596
0.3732959 	 0.45901787
0.3406475 	 0.707392
0.33933637 	 0.68929994
0.32771748 	 0.6351497
0.3742077 	 0.7488066
0.34885043 	 0.7460366
0.3489677 	 0.79577744
0.37136745 	 0.65015376
0.32885417 	 0.6327615
0.32258454 	 0.5478041
0.33911228 	 0.77097344
0.28302035 	 0.68792766
0.29692966 	 0.7131942
0.2994431 	 0.6442053
0.2935298 	 0.630814
0.2882566 	 0.7589013
0.32688144 	 0.82744265
0.27301112 	 0.6635545
0.29140827 	 0.7201802
0.26392657 	 0.56582147
0.26920763 	 0.69155353
0.2827953 	 0.71844614
0.3002184 	 0.67121696
0.26211572 	 0.57262766
0.29711542 	 0.81709754
0.3371441 	 0.6913729
0.30525953 	 0.5853095
0.36561567 	 0.63139755
0.3302566 	 0.6888039
0.3712336 	 0.60678333
0.35271373 	 0.744935
0.40898514 	 0.80884326
0.3868198 	 0.77226865
0.38994157 	 0.6797543
0.39879614 	 0.92557216
0.3865357 	 0.7096343
0.4231029 	 0.59633434
0.38904092 	 0.5669773
0.4232321 	 0.71202767
0.4510391 	 0.5369687
0.4068813 	 0.6413289
0.3963062 	 0.46860757
0.4161101 	 0.70718354
0.38363692 	 0.6412693
0.434499 	 0.5950988
0.44649398 	 0.64179236
0.43211138 	 0.70357037
0.43886814 	 0.82023793
0.39284718 	 0.7169036
0.425713 	 0.68477815
0.39228857 	 0.7770002
0.40022367 	 0.756095
0.409939 	 0.8333374
0.39457527 	 0.6476448
0.43302652 	 0.5678831
0.45426002 	 0.667573
0.43745556 	 0.5854058
0.41155547 	 0.6127676
0.54789084 	 0.6004378
0.58599716 	 0.58997095
0.61054665 	 0.63737404
0.5309256 	 0.7157934
0.5330548 	 0.58627456
0.5491421 	 0.6076241
0.6168464 	 0.6102894
0.57985854 	 0.5361447
0.6042894 	 0.577697
0.5987798 	 0.58609164
0.5523981 	 0.5592482
0.5869026 	 0.698402
0.61173296 	 0.5995186
0.6309321 	 0.64778674
0.64648205 	 0.56109595
0.6398386 	 0.59510607
0.62783355 	 0.57792187
0.60248685 	 0.6000881
0.6366299 	 0.7081906
0.6094023 	 0.6573943
0.58269215 	 0.6196846
0.5900853 	 0.65443283
0.6387264 	 0.62018204
0.6180092 	 0.6680274
0.5865897 	 0.7016528
0.61691594 	 0.6858557
0.6383243 	 0.62967443
0.5409663 	 0.66322577
0.5767162 	 0.6038973
0.55287665 	 0.5993113
0.57261825 	 0.5887337
0.61104375 	 0.62804997
0.63956183 	 0.50644004
0.56492305 	 0.5428461
0.6272916 	 0.69023603
0.6050576 	 0.6234355
0.593946 	 0.6502383
0.6202448 	 0.5452089
0.63201004 	 0.62028766
0.5581543 	 0.73997194
0.6010298 	 0.5439143
0.5905877 	 0.67362744
0.68302304 	 0.5932909
0.6559922 	 0.6071378
0.63209033 	 0.7060253
0.6147498 	 0.7230195
0.64567 	 0.666118
0.64063025 	 0.6680223
0.5939155 	 0.6513939
0.5762923 	 0.6105761
0.5620006 	 0.68039346
0.59130037 	 0.66423476
0.56984586 	 0.5953631
0.59849894 	 0.6908057
0.6424242 	 0.5655717
0.57324237 	 0.6794523
0.6131906 	 0.639915
0.6558142 	 0.6461247
0.5908519 	 0.6156934
0.6419398 	 0.65488166
0.6045216 	 0.65360034
0.61250955 	 0.6975776
0.5414639 	 0.76550776
0.53843206 	 0.59787405
0.55720186 	 0.67712116
0.62932545 	 0.7067153
0.59858406 	 0.6254661
0.55139244 	 0.6890853
0.6042468 	 0.6203326
0.6342339 	 0.6596176
0.59940964 	 0.6048969
0.64499813 	 0.6519561
0.592101 	 0.5673088
0.60662216 	 0.62109953
0.55147064 	 0.60606605
0.5243799 	 0.54199183
0.55314064 	 0.6017003
0.56284344 	 0.65940446
0.47821558 	 0.6487598
0.51097786 	 0.654651
0.50319093 	 0.6337368
0.46960345 	 0.66002107
0.48728845 	 0.6075169
0.44114855 	 0.73567986
0.46075082 	 0.6256079
0.42393824 	 0.6882128
0.38709417 	 0.60946965
0.5001471 	 0.64395624
0.56610215 	 0.6006784
0.587564 	 0.63847184
0.5644874 	 0.6325483
0.5683386 	 0.69265676
0.54793334 	 0.8014928
0.5758876 	 0.6361474
0.61303157 	 0.5428795
0.5978929 	 0.7305783
0.60896343 	 0.6783915
0.6390611 	 0.6317162
0.63325626 	 0.65972805
0.7122712 	 0.6403681
0.6524271 	 0.70532835
0.63193154 	 0.5821673
0.65929246 	 0.66211903
0.64967257 	 0.6678879
0.6421029 	 0.62485164
0.6357092 	 0.6717166
0.63275945 	 0.58941585
0.6329501 	 0.60289335
0.6583312 	 0.60376406
0.61639506 	 0.6248091
0.61444515 	 0.58208346
0.6160662 	 0.61344737
0.6033584 	 0.65773284
Summary
0.26211572  -  0.7122712 ,  0.42443362  -  0.9578494
accuracy:  88.5
equal predictions:  0
TensorFlow version: 1.13.1
Found 939 images belonging to 1 classes.
argN = 784
argN = 784
0.44233015 	 0.60555744
0.4757963 	 0.6330683
0.44616643 	 0.7019724
0.53001153 	 0.6293082
0.6098545 	 0.65791684
0.6115176 	 0.7116801
0.5401541 	 0.77038306
0.5376554 	 0.93217367
0.54251176 	 0.7352149
0.5569345 	 0.76103896
0.6105752 	 0.7818324
0.36116183 	 0.58485496
0.4283104 	 0.5939232
0.4628412 	 0.61986804
0.47572416 	 0.60773706
0.410453 	 0.45859557
0.4520699 	 0.47460854
0.4173339 	 0.5930918
0.37729073 	 0.47632018
0.38384742 	 0.40021202
0.42888793 	 0.5422062
0.38786605 	 0.56646967
0.46110332 	 0.594864
0.43168202 	 0.58003116
0.61620617 	 0.7047552
0.7570744 	 0.73319435
0.7086783 	 0.72280467
0.26378915 	 0.43910658
0.31355986 	 0.48887712
0.47307602 	 0.58623266
0.5173316 	 0.54318297
0.48597434 	 0.5281426
0.51702935 	 0.63796014
0.47753552 	 0.55642736
0.51646817 	 0.58210003
0.58610326 	 0.6164203
0.66407406 	 0.7871598
0.65355074 	 0.818791
0.4675125 	 0.4992266
0.49204022 	 0.6037942
0.45634243 	 0.5854296
0.42168325 	 0.6087204
0.35861433 	 0.63115627
0.4151377 	 0.4630721
0.554587 	 0.5492892
0.57203954 	 0.629587
0.59850305 	 0.6622832
0.6136721 	 0.6126435
0.56398433 	 0.6923581
0.5162934 	 0.67438537
0.52164865 	 0.5610796
0.5684773 	 0.6867161
0.5235382 	 0.7370883
0.58772534 	 0.81408215
0.49455535 	 0.8137515
0.6285078 	 0.6595104
0.50930077 	 0.6127123
0.40035844 	 0.5693601
0.37457007 	 0.49849138
0.30247572 	 0.37082055
0.3394538 	 0.54917204
0.31883773 	 0.5251304
0.37841892 	 0.52319777
0.47999004 	 0.63019705
0.4976162 	 0.4511569
0.516296 	 0.6396051
0.53297836 	 0.5925433
0.5176402 	 0.6206115
0.50772035 	 0.5836489
0.5635408 	 0.6358272
0.5689981 	 0.6025044
0.4308909 	 0.59387076
0.35607094 	 0.64898914
0.34643435 	 0.45273697
0.5854638 	 0.6310181
0.58349943 	 0.62584996
0.5570462 	 0.65983415
0.54490703 	 0.6143628
0.55671084 	 0.6622138
0.5326486 	 0.68833333
0.5568165 	 0.5678297
0.3386056 	 0.7171561
0.31676903 	 0.7023196
0.2975139 	 0.62178683
0.29397807 	 0.6914679
0.3657088 	 0.48175365
0.29874253 	 0.41093132
0.30798817 	 0.39221868
0.2810687 	 0.6640363
0.30921397 	 0.7960911
0.29671872 	 0.61722773
0.2666182 	 0.77099496
0.25665882 	 0.6329702
0.28779787 	 0.6322956
0.3533952 	 0.46514323
0.2963119 	 0.46849883
0.32014892 	 0.68569237
0.44399673 	 0.55443233
0.41478127 	 0.46534333
0.40831012 	 0.67172986
0.45889384 	 0.5672104
0.49258262 	 0.6009163
0.50273556 	 0.65800524
0.5542237 	 0.6834751
0.58675385 	 0.5807349
0.57807744 	 0.572687
0.59086615 	 0.5515833
0.5337883 	 0.6332282
0.536491 	 0.6597901
0.5475197 	 0.6145591
0.58374465 	 0.6556452
0.5718666 	 0.62830263
0.55849695 	 0.65536183
0.54429054 	 0.56570286
0.529294 	 0.5368445
0.5903736 	 0.6132786
0.55960697 	 0.6251423
0.56249034 	 0.62261665
0.60891086 	 0.7473487
0.5623421 	 0.58613276
0.5631635 	 0.5931249
0.5772539 	 0.6301974
0.55105084 	 0.5753856
0.62271965 	 0.6184811
0.6162446 	 0.5444809
0.672814 	 0.6164546
0.66592985 	 0.69456655
0.5905556 	 0.69951516
0.6427291 	 0.624797
0.57640904 	 0.66643786
0.6108111 	 0.66277224
0.5406482 	 0.6708081
0.5683254 	 0.61353236
0.5867474 	 0.6591716
0.6589733 	 0.6035151
0.5516219 	 0.6843801
0.5636959 	 0.67105114
0.5915551 	 0.58343965
0.55985487 	 0.59595805
0.61769646 	 0.70937353
0.60656786 	 0.59546214
0.6049083 	 0.6096376
0.6254721 	 0.6391092
0.61440295 	 0.648924
0.5618087 	 0.6470208
0.569695 	 0.59375775
0.58050334 	 0.6390624
0.6059094 	 0.5788927
0.5557291 	 0.6842566
0.5742318 	 0.58887416
0.5531077 	 0.56281203
0.57445127 	 0.6258397
0.5552963 	 0.6082438
0.5344294 	 0.6544742
0.6280397 	 0.62114537
0.5337119 	 0.5989508
0.5791113 	 0.6735389
0.58540666 	 0.5957748
0.5334917 	 0.6130396
0.511579 	 0.59009135
0.5676105 	 0.5114897
0.51544255 	 0.54976094
0.48322687 	 0.6853323
0.46738207 	 0.590125
0.466553 	 0.5273674
0.43479505 	 0.6404258
0.49988237 	 0.68953514
0.4712585 	 0.6856719
0.5018611 	 0.5716966
0.5320617 	 0.6563395
0.55710405 	 0.58981264
0.56523967 	 0.61238825
0.59186953 	 0.628635
0.5701518 	 0.63001484
0.65280837 	 0.6325911
0.5630515 	 0.62939346
0.6091767 	 0.6000548
0.62949544 	 0.6093261
0.5545716 	 0.5447871
0.5958574 	 0.6195902
0.5789917 	 0.6709981
0.56831986 	 0.5990721
0.5602095 	 0.6320675
0.5682228 	 0.6027704
0.5511518 	 0.5219307
0.5926352 	 0.7048298
0.5373081 	 0.66017234
0.62108433 	 0.6471623
0.5880702 	 0.61513937
0.589965 	 0.69859457
0.5430055 	 0.6408651
0.59502476 	 0.6055316
0.58682823 	 0.6279568
0.6561296 	 0.70667833
0.6016232 	 0.67154837
0.676008 	 0.64650774
0.61701894 	 0.64272773
0.645904 	 0.6450944
0.608988 	 0.682826
0.6215634 	 0.620076
0.6355308 	 0.61747617
0.70314175 	 0.71645117
0.70191413 	 0.6215654
0.71517205 	 0.73546845
0.64241654 	 0.5987564
0.6453361 	 0.7004716
0.6508617 	 0.70758605
0.6652141 	 0.6794369
0.64558566 	 0.697322
0.59906363 	 0.66643846
0.650962 	 0.6363381
0.720328 	 0.5747915
0.69236535 	 0.71135354
0.7582829 	 0.6804438
0.7335992 	 0.6674555
0.7545035 	 0.69003576
0.65062517 	 0.6871436
0.71339136 	 0.61727965
0.73484993 	 0.67787486
0.6957533 	 0.6544435
0.6766537 	 0.671515
0.65313214 	 0.660919
0.63979584 	 0.6107862
0.6417679 	 0.61520666
0.66093665 	 0.62020856
0.6546653 	 0.66553247
0.6586265 	 0.61883825
0.6381608 	 0.6108862
0.67077005 	 0.7044905
0.71446365 	 0.6023402
0.7456232 	 0.65983737
0.7458765 	 0.6853728
0.6794622 	 0.62817216
0.6514697 	 0.6391501
0.71835655 	 0.7217018
0.69845116 	 0.61563945
0.7162388 	 0.65858454
0.7246787 	 0.6650884
0.7422505 	 0.69302404
0.6982642 	 0.65749985
0.712124 	 0.7129033
0.72676 	 0.7427903
0.7280144 	 0.6694769
0.722056 	 0.641928
0.63503295 	 0.6244353
0.70899993 	 0.7529402
0.69523877 	 0.59564203
0.7009262 	 0.65525234
0.71139896 	 0.69116634
0.66636854 	 0.7374864
0.7177374 	 0.78154653
0.67056656 	 0.7108149
0.7198383 	 0.56860775
0.6797026 	 0.6906022
0.6421781 	 0.71689117
0.73425686 	 0.7200584
0.70537585 	 0.7244821
0.7503677 	 0.69210607
0.7990593 	 0.6861435
0.7084368 	 0.7089104
0.77122 	 0.7224356
0.69118655 	 0.7694517
0.69370157 	 0.5493621
0.67537004 	 0.6945891
0.6813892 	 0.6628388
0.6815947 	 0.69021297
0.68765694 	 0.6137149
0.6218309 	 0.69933367
0.5902586 	 0.73523307
0.5442653 	 0.6106235
0.56816506 	 0.62810606
0.4838324 	 0.58178204
0.40664917 	 0.58804685
0.4389002 	 0.6603054
0.4314692 	 0.6574444
0.48034585 	 0.60728276
0.45849526 	 0.6356491
0.4571099 	 0.7420027
0.417297 	 0.638154
0.38440412 	 0.687173
0.38130838 	 0.65421116
0.37202647 	 0.77939045
0.35970765 	 0.7617342
0.3694824 	 0.6764595
0.4223648 	 0.7828981
0.38129407 	 0.72640467
0.48031422 	 0.7196732
0.49874476 	 0.6441879
0.5172482 	 0.71285963
0.6195702 	 0.63061756
0.5946274 	 0.6736622
0.6615146 	 0.6919907
0.70553327 	 0.67490137
0.73217654 	 0.732907
0.7488783 	 0.7237236
0.6928045 	 0.73066604
0.7748613 	 0.7129506
0.7221146 	 0.61863375
0.67434174 	 0.64825463
0.7480799 	 0.74685335
0.6970369 	 0.69381046
0.7380239 	 0.6904033
0.71989894 	 0.6837419
0.73102146 	 0.6440592
0.6557621 	 0.6805225
0.70277435 	 0.73816514
0.72292906 	 0.64752364
0.66750866 	 0.61361164
0.6429315 	 0.6120325
0.6521164 	 0.68373454
0.6484808 	 0.66004896
0.6231147 	 0.6159199
0.66409487 	 0.66760546
Summary
0.25665882  -  0.7990593 ,  0.37082055  -  0.93217367
accuracy:  74.4
equal predictions:  0
