TensorFlow version: 1.13.1
Found 939 images belonging to 1 classes.
argN = 49
argN = 49
0.3011179 	 2.364976
0.28914416 	 2.1012225
0.65820897 	 2.4511364
0.5911292 	 1.2899417
0.34069902 	 0.5415885
0.2547744 	 3.127099
0.19018807 	 1.2735277
0.27055034 	 2.3081832
0.27412814 	 2.37961
0.06150472 	 1.9397775
0.090345904 	 1.613352
0.03095242 	 2.9864237
0.21690826 	 2.3362813
0.28598478 	 2.0239332
0.38743675 	 3.6069813
0.4712308 	 1.717662
0.43932787 	 1.647479
0.09314675 	 1.971289
0.011003552 	 1.5995241
0.0031442551 	 2.8452127
0.094115414 	 2.4838405
0.2034592 	 1.0881504
0.33282933 	 1.6377167
0.37153494 	 0.96332544
0.7398316 	 3.0341156
0.88500893 	 2.9919083
0.546127 	 1.653551
0.50163096 	 1.4923958
0.16068622 	 4.384272
0.06551212 	 5.5098767
0.0737907 	 1.7885909
0.36306116 	 2.7898965
0.12794724 	 3.1798892
0.14779836 	 2.1004806
0.3446296 	 4.5971994
0.37686247 	 1.5217146
0.4338757 	 2.8429089
0.42462006 	 2.598785
0.19266102 	 2.0244412
0.15077055 	 1.3263783
0.20324329 	 2.061265
0.13846415 	 0.52345866
0.026512668 	 2.4911125
0.0022300296 	 2.4902184
0.04127381 	 2.5065405
0.0006479932 	 1.0482402
7.2481875e-05 	 1.9580163
0.050194614 	 1.2219377
0.22221756 	 1.7526746
0.06051886 	 3.594412
0.18222517 	 1.9168878
0.18609874 	 1.6992596
0.11360738 	 2.3919575
0.1716891 	 2.701608
0.42868835 	 1.2943059
0.4187184 	 0.8980161
0.36817047 	 1.3385502
0.032854833 	 2.0589497
0.12037176 	 2.0442548
0.047545746 	 1.1512483
0.00096940284 	 2.946386
0.0006704193 	 2.7899914
0.011097146 	 2.1267333
0.04205939 	 1.8290869
0.2732501 	 1.2535006
0.29492158 	 0.9570717
0.1183549 	 3.0532436
0.073540084 	 1.9448373
0.29419658 	 1.1903241
0.25188702 	 3.9412148
0.22591339 	 0.9911764
0.3157614 	 1.7232573
0.17741597 	 2.9004688
0.16030805 	 1.0588282
0.21308638 	 1.6302212
0.18483628 	 2.7631805
0.09562196 	 2.2676506
0.0025486615 	 4.1859927
0.14487879 	 2.3763757
0.0030030354 	 2.8034766
0.09802686 	 2.3723304
0.2564009 	 1.7151661
0.08242462 	 1.9651165
0.075781666 	 2.5033996
0.013920971 	 1.8189481
0.0027654825 	 2.4497337
0.004007132 	 1.2185637
0.0002854874 	 1.7368157
0.021951972 	 1.5801091
0.00020482253 	 4.6396513
0.03850633 	 1.3675835
0.0012052763 	 1.364968
0.021433854 	 0.97473115
0.00012833704 	 5.245263
0.0019392088 	 2.2870035
0.011861056 	 1.9659853
0.0008042708 	 3.3462763
0.0015146873 	 2.1798568
0.021307748 	 1.9152415
0.02863896 	 1.9434354
0.0065704198 	 2.1853693
0.015671158 	 2.4026778
0.0011763336 	 2.093883
0.011912627 	 1.8518597
0.0023688695 	 2.0574005
0.022159694 	 2.6463091
0.00094380794 	 1.7870798
0.00050861656 	 1.6203219
0.00024387233 	 1.3978703
0.00028596437 	 1.4734665
0.00012714478 	 2.9269493
0.0012907367 	 1.6392249
0.011743085 	 1.1531101
0.00052740175 	 0.52077585
0.00060946436 	 2.7191002
0.0019496002 	 2.0221655
0.0015496692 	 0.7450379
0.00026646827 	 1.0424708
0.00038452388 	 2.4975748
1.3709162e-05 	 2.6053743
5.36442e-07 	 3.1374776
0.00010139264 	 5.3857555
0.00056384003 	 2.603366
0.01333439 	 3.1863694
0.00060856977 	 1.2909724
0.00041242997 	 3.0434682
0.04241647 	 3.420231
0.01981132 	 3.536301
0.020702701 	 2.1334715
0.009828851 	 2.5196173
0.0073318384 	 1.4061203
0.020152694 	 0.72604537
0.00039024814 	 2.2961025
0.027057918 	 2.5895724
0.040168878 	 1.708418
0.0019997074 	 4.862377
0.004020238 	 2.328962
0.0002631295 	 2.6663375
0.00025013238 	 4.0990744
0.004552459 	 2.291477
0.0010162987 	 1.4441446
0.02285496 	 1.8146926
0.0030467384 	 2.5761876
0.0030085954 	 2.3578105
0.0066088787 	 2.1258447
0.006063149 	 0.92670095
0.018596174 	 1.7692488
0.00039227548 	 1.6636618
0.00012219699 	 2.4744399
0.0055299434 	 2.5021574
0.00019981473 	 1.5770288
4.3631553e-05 	 1.3098278
0.0043951757 	 2.4153693
0.00015313606 	 1.4687183
0.008122561 	 3.215576
0.02148836 	 1.5968642
0.005321031 	 0.7692789
0.00010496929 	 2.308537
0.0023867935 	 2.9373932
0.007491266 	 1.2601956
6.318292e-05 	 2.7092252
0.019822933 	 2.9395547
0.023385404 	 1.5129311
0.059559785 	 0.96994185
0.023917902 	 2.0962844
0.023516595 	 2.1985323
0.03252917 	 2.3721814
0.021369308 	 3.0346916
0.035809062 	 0.9640796
0.0051055728 	 1.6360453
0.0011007285 	 3.4984405
0.0017651989 	 3.0039558
0.010208261 	 1.886878
0.0067698113 	 2.4460826
0.00689764 	 2.6407592
0.00049806124 	 2.3649309
0.0027292029 	 1.2277485
0.0009800228 	 2.293059
0.0009475666 	 4.267414
0.00060415635 	 1.1126348
0.020701544 	 1.4749774
0.002325196 	 1.2548338
0.00095090765 	 1.6497077
0.013217151 	 2.5161946
0.0030083563 	 2.4244153
0.00030748802 	 2.5958846
0.0026819876 	 1.9863052
0.0001550437 	 1.6027564
6.103702e-05 	 2.2403133
0.00027356314 	 1.4511511
0.0068597095 	 3.183414
0.0030714904 	 1.8531308
0.0044331322 	 2.5532558
0.0015747423 	 2.3957043
0.003068202 	 3.1143167
0.0026133202 	 2.0940287
0.0029440306 	 1.134029
0.0012490798 	 1.1186844
0.003073284 	 1.7548499
0.0015995771 	 4.0001845
0.08731642 	 1.696874
0.090565726 	 1.9750158
0.16279067 	 2.7789807
0.12952825 	 1.4641032
0.07568388 	 2.695085
0.040064268 	 5.2710285
0.05632043 	 1.8249196
1.2516983e-06 	 8.745033
0.041855387 	 1.3665181
0.020907853 	 3.480797
0.005737221 	 4.00644
0.01981211 	 2.9939933
0.021916633 	 2.4656446
0.01919217 	 0.98742783
0.0008290269 	 3.4810662
0.011376235 	 2.1843894
7.826396e-05 	 6.1344514
4.011473e-05 	 4.074454
6.288488e-05 	 0.8777996
0.00030915748 	 2.4903333
2.920632e-06 	 2.9932606
8.9407007e-07 	 1.2131311
1.7881409e-06 	 1.6100713
6.5567256e-05 	 1.4762989
0.00034332208 	 1.0111879
0.02244463 	 1.6193233
0.004474383 	 1.1987072
0.00017674339 	 5.3160486
0.19575776 	 1.5595946
0.09947011 	 2.255579
0.00027779624 	 3.2630334
0.020498382 	 2.7227602
0.020395873 	 2.8357236
0.02088594 	 1.7732104
0.0065677795 	 2.351044
0.02160724 	 2.4037461
0.0804866 	 1.2666969
0.02909056 	 2.8943093
0.045517202 	 2.1373813
0.0026436194 	 7.351776
0.040460605 	 1.1532576
0.060497522 	 2.1988106
0.0074563758 	 2.6017294
0.039063737 	 1.1915778
0.017535958 	 4.1809964
2.6882057e-05 	 1.8739576
0.04331635 	 0.9062395
0.030946642 	 1.5393409
0.0269142 	 1.4401081
0.01622246 	 2.5285141
0.007981778 	 1.7862102
0.0003097537 	 3.151801
0.00030206234 	 2.9720795
0.0014397729 	 2.8890238
0.0015890701 	 3.4149325
0.0002777366 	 2.3318868
0.025954442 	 3.026279
0.0025207554 	 4.6347156
0.04848398 	 1.9049382
0.08485757 	 1.5614728
0.14929374 	 1.862735
0.16319035 	 1.4530574
0.040214483 	 1.7114681
0.096335724 	 3.1880035
0.095228724 	 1.9797038
0.04452871 	 2.0482743
0.13300803 	 2.7111325
0.04214854 	 0.8332782
0.019571869 	 2.5725777
0.021240346 	 1.8750224
0.032168094 	 1.667902
0.049367923 	 2.9748425
0.0036279128 	 2.1424391
0.002394919 	 3.0052643
0.0026828244 	 2.6049726
0.026495103 	 4.9701624
0.00034046007 	 2.3242915
0.00046085007 	 2.8164814
0.010542457 	 3.0921996
0.001680295 	 2.120186
0.00096844824 	 3.2910006
0.17793234 	 1.3067256
0.10315938 	 1.9981829
0.08292248 	 1.1256459
0.18701637 	 2.744359
0.17964083 	 1.4455086
0.176104 	 1.5943311
0.18728466 	 1.3315927
0.13615642 	 1.4817983
0.1264789 	 2.192244
0.053739775 	 1.9568163
0.08095797 	 1.2147391
0.071892574 	 1.2381045
0.10084266 	 1.0639685
0.19498304 	 1.2862874
0.08792196 	 1.9789673
0.10942575 	 2.0022824
0.107469656 	 4.4947996
0.014086773 	 2.2411706
0.1053316 	 2.3706849
0.12260632 	 1.4691695
0.121759586 	 1.2447648
0.067343965 	 1.7133213
0.0635672 	 1.7560376
0.020696554 	 1.4730873
0.07280022 	 1.4875764
0.0050115786 	 3.19849
0.031892743 	 3.7724092
0.065486096 	 1.3474782
0.01514031 	 2.820223
0.0034259167 	 2.640628
0.010552636 	 3.437461
0.046389163 	 3.137501
Summary
5.36442e-07  -  0.88500893 ,  0.52077585  -  8.745033
accuracy:  100.0
equal predictions:  0
TensorFlow version: 1.13.1
Found 939 images belonging to 1 classes.
argN = 49
argN = 49
0.6111832 	 2.1631405
0.37579355 	 2.7210984
0.61645293 	 3.8207197
0.13573477 	 2.8889618
0.14314224 	 1.1901743
0.1593858 	 4.128068
0.27403525 	 3.5933216
0.2167148 	 2.9543824
0.13705604 	 2.3839178
0.22828302 	 2.4628105
0.07276573 	 2.0765185
0.07274913 	 1.7141246
0.1169068 	 2.353443
0.06784969 	 2.6937294
0.59922445 	 1.7910234
0.50095046 	 1.1736139
0.6860675 	 0.6766143
0.5866214 	 1.4519826
0.18041325 	 1.5731304
0.22412787 	 3.544035
0.09344754 	 2.0911434
0.05799817 	 3.2932293
0.06819344 	 2.3426194
0.06162421 	 3.7965782
0.081776276 	 2.893561
0.15342203 	 1.4435258
0.017858231 	 1.5985464
0.032770514 	 1.8427482
0.24462922 	 0.49268737
0.2638732 	 2.653046
0.4031737 	 1.7812895
0.53462934 	 2.1371574
0.35930374 	 1.4946929
0.12234014 	 0.5404989
0.07343898 	 2.442239
0.1763014 	 4.559974
0.42571446 	 0.89765036
0.16864634 	 1.7492574
0.121569686 	 1.3831097
0.39040172 	 5.416766
0.25008014 	 2.453955
0.0012879317 	 4.7781396
0.20462772 	 1.9849728
0.2557033 	 2.383201
0.17679387 	 2.7159314
0.050227392 	 3.0928378
0.016005792 	 2.542113
0.10384819 	 3.466996
0.0014046754 	 2.2693098
0.22058724 	 2.88702
0.21049374 	 1.2460691
0.092909485 	 3.2520196
0.26557016 	 1.8404202
0.31434426 	 1.802338
0.33439162 	 1.2365117
0.071814954 	 1.7547293
0.055769455 	 1.8134346
0.017909264 	 1.2888687
0.021880506 	 3.1051767
0.001508479 	 1.780052
0.0007306622 	 3.1080523
0.00023850662 	 3.9829717
0.00093402364 	 2.3306715
0.040896896 	 2.1107175
0.044922646 	 1.3041484
0.07767798 	 1.9674747
0.08426945 	 1.879731
0.34700242 	 2.0743022
0.14283712 	 2.1395173
0.053357504 	 3.627037
0.087173864 	 6.517951
0.2971257 	 1.5554898
0.16126315 	 2.6839564
0.28294566 	 3.840824
0.10738643 	 2.5055726
0.119676985 	 1.7691985
0.20250471 	 1.012583
0.20168273 	 1.8044496
0.19930649 	 2.7025678
0.21853259 	 2.5935967
0.32356617 	 2.122307
0.162804 	 1.9442086
0.12397742 	 0.66265476
0.021553949 	 2.4022477
0.048655927 	 5.1419244
0.18234684 	 1.9024423
0.066682 	 1.7803401
0.092143655 	 2.0431597
0.17302327 	 1.5289633
0.16278422 	 2.0985963
0.12657042 	 3.681801
8.54171e-05 	 1.4342041
0.01605782 	 3.3146875
0.008085125 	 2.8321664
3.0458437e-05 	 4.6686707
0.025860913 	 2.917335
0.00058876915 	 2.8308141
0.0008772882 	 0.94417197
0.051266205 	 2.0321214
0.06595675 	 2.935185
0.054896776 	 2.352586
0.01700788 	 3.1257691
0.04502377 	 1.0121808
0.023947267 	 3.1574786
0.06915873 	 1.1982528
0.012433134 	 1.648388
0.0018108183 	 3.5394826
0.0021721453 	 1.7694125
0.0035482938 	 2.304629
0.0024319035 	 3.529191
0.00039090405 	 2.9136462
4.9592294e-05 	 1.8593671
7.218383e-05 	 2.8606212
0.00011659348 	 1.8145151
0.00019939741 	 1.7720753
3.5465393e-05 	 2.843218
0.00036031537 	 1.430349
1.5914567e-05 	 1.7854774
0.01438919 	 3.6312685
0.014129814 	 0.81583464
0.0006538382 	 2.9867215
-5.960463e-07 	 1.7463989
0.000176803 	 1.4986768
0.01528168 	 1.7856083
0.005632977 	 2.2650506
0.000848713 	 1.8668501
0.016078232 	 2.1242757
0.020711828 	 1.9681263
0.0076150424 	 4.1226563
0.010315211 	 1.4912697
0.026574304 	 2.2222779
0.025730822 	 1.7077395
0.0029578398 	 1.4730638
0.011690618 	 1.9556099
0.0019554528 	 1.6332729
0.0132326735 	 0.72531015
0.025206711 	 1.7479494
0.035970315 	 1.759591
0.017981296 	 1.9626272
0.00032907177 	 2.9155731
0.003577365 	 2.356795
7.385288e-05 	 1.8782264
0.002208106 	 0.5245067
0.0035537372 	 1.9988092
0.005219887 	 1.7584879
8.875525e-05 	 1.4581116
0.0016899671 	 1.8683493
0.00046997383 	 2.2865138
0.019641042 	 1.656185
0.020734284 	 2.0996327
5.4003267e-05 	 2.6876569
0.0006411939 	 3.51425
0.00014019995 	 2.7715805
0.014878682 	 2.488486
0.017624889 	 2.8657372
0.0018563204 	 0.6766241
0.0016553983 	 3.6125567
2.4199779e-05 	 2.0869498
0.0001592763 	 2.1168036
0.007200112 	 1.1682917
0.0023486158 	 4.0712476
0.021442624 	 2.172682
0.00015087074 	 3.0696611
0.006448452 	 2.0500448
0.035425004 	 2.7140012
0.039464265 	 2.8072667
0.031520333 	 2.3767083
0.02184048 	 3.4099631
0.029998977 	 5.1060176
0.018581359 	 1.6209098
0.021028858 	 2.5874264
0.021296361 	 1.0019935
0.050540626 	 1.9280936
0.019639157 	 2.9789639
0.002948753 	 2.2255597
0.023118926 	 2.1068637
0.0070982976 	 1.391731
0.0047291704 	 4.0107336
0.00093808054 	 2.1021543
0.0030764528 	 1.8121843
0.0024535332 	 2.2607856
0.020063173 	 1.5518825
0.0011229857 	 1.922199
0.008584465 	 1.2830517
0.0007411007 	 2.271173
0.0028638085 	 0.6198576
0.00039221585 	 2.3116298
0.007525977 	 1.4795612
0.0016828623 	 2.9058523
0.0010492344 	 2.3473792
9.9127436e-05 	 2.0678914
0.00042530996 	 1.0856717
0.0003617464 	 2.1038454
0.00010043887 	 0.8383852
0.00022437706 	 1.054522
0.00026646827 	 2.9569743
0.0023386385 	 1.5747544
0.005591319 	 2.211723
0.0063103638 	 1.4149756
0.0038465236 	 1.9562893
0.0012423361 	 2.4205983
0.0010864077 	 2.3763046
0.0014718869 	 2.5543118
0.14440785 	 2.2306597
0.2257524 	 1.3777928
0.034802098 	 2.354774
0.041044567 	 1.5725365
0.00040807706 	 2.120985
0.020359071 	 2.554775
0.019221274 	 2.0920556
0.00048297385 	 2.4312074
0.042066853 	 2.8234289
0.021504924 	 1.6372262
2.4437934e-06 	 3.7325003
0.0010359287 	 2.3871517
0.012977522 	 3.039881
-1.1920928e-07 	 2.1232693
4.1187657e-05 	 3.3106172
-4.7683704e-07 	 1.307496
4.589568e-06 	 6.896343
0.00067966426 	 5.816179
0.0018606797 	 3.8215387
0.040490273 	 2.9850028
0.00013584821 	 3.2931106
0.00016875498 	 2.5849886
0.0004595978 	 3.0413897
0.0005667027 	 2.1852164
0.16830048 	 1.9285871
0.112996496 	 1.25271
0.013542144 	 1.7513301
0.012549255 	 1.9881685
-8.344647e-07 	 1.824332
0.00014288253 	 5.633803
7.176657e-05 	 3.091798
0.22462298 	 1.6980557
0.037643068 	 2.9842389
0.0148112895 	 4.3463287
0.08122998 	 4.780339
0.070719145 	 3.1091251
0.13015781 	 2.8712595
0.01943846 	 1.8501214
0.042867366 	 1.4559542
0.041576363 	 1.5380069
0.019301848 	 2.2731192
0.01195455 	 2.044154
0.00030856126 	 2.5837908
0.00767054 	 7.097344
0.07818373 	 2.2613013
0.047046814 	 3.052171
0.026567327 	 1.1227049
0.00097149104 	 6.44789
-8.344647e-07 	 0.93710923
0.025025183 	 1.718307
0.044871274 	 2.4092026
0.02141991 	 4.1631117
0.0013535835 	 3.9440417
9.477183e-06 	 6.3578715
0.021214593 	 2.1715145
0.039078426 	 1.814168
0.003238253 	 2.6395288
0.027715417 	 2.7681756
0.062336877 	 1.8248467
0.04755137 	 2.7657573
0.12886852 	 2.4173894
0.10760904 	 2.460644
0.13990991 	 1.3802234
0.08927927 	 1.1413549
0.08832614 	 6.6845994
0.11160078 	 1.1536158
0.056620568 	 1.622225
0.07062287 	 2.2742877
0.00269406 	 1.5250608
0.03138803 	 0.9105237
0.01955181 	 2.2790213
0.00015009576 	 2.5317838
1.2576659e-05 	 3.7071865
0.0037517503 	 1.3512923
0.0028499407 	 2.7441597
0.0012388151 	 3.6954663
0.034873936 	 2.090917
0.12428001 	 2.2023394
0.17945223 	 3.7879407
0.14330602 	 3.1890025
0.19150631 	 1.1889521
0.278529 	 1.9795402
0.19558974 	 1.6258973
0.09035941 	 1.6309563
0.1357379 	 1.830354
0.116461776 	 2.0448575
0.17125566 	 1.6397175
0.14015934 	 1.7073705
0.205967 	 1.4530053
0.16446987 	 1.042812
0.36497545 	 1.0208834
0.30722138 	 1.1425155
0.04668827 	 1.8393627
0.1430377 	 2.764261
0.056843065 	 2.0894508
0.12283423 	 2.6478786
0.09389508 	 2.0497818
0.06508227 	 2.1162455
0.07757833 	 1.4121404
0.0004823775 	 1.8862606
0.0037723316 	 4.811498
0.0003347361 	 2.1309185
0.008297199 	 1.6707703
0.06910163 	 2.294935
0.026144275 	 3.431606
0.09291432 	 1.7843362
0.06652426 	 2.9500146
0.065132454 	 2.0153446
0.021783277 	 1.9334582
0.024746047 	 1.6263098
Summary
-8.344647e-07  -  0.6860675 ,  0.49268737  -  7.097344
accuracy:  99.7
equal predictions:  0
TensorFlow version: 1.13.1
Found 939 images belonging to 1 classes.
argN = 49
argN = 49
0.43005037 	 4.0039377
0.34900904 	 1.891969
0.70664835 	 2.7763927
0.3072324 	 1.4849994
0.4411797 	 1.6365422
0.18333532 	 4.275204
0.10314181 	 2.982674
0.20882365 	 2.4877915
0.15933946 	 2.0949154
0.2528588 	 3.4412582
0.24150223 	 2.6910088
0.21006744 	 3.1361887
0.17873935 	 1.1558517
0.08706077 	 2.1681895
0.1819718 	 1.9677778
0.11873144 	 1.8038847
0.20069125 	 1.6950374
0.19445504 	 1.075529
0.19404882 	 1.9400815
0.27523926 	 2.7525878
0.57725126 	 2.590816
0.26946792 	 1.7429407
0.3830549 	 0.80083156
0.48161027 	 2.174294
0.25531074 	 2.1811826
0.002172623 	 2.0418284
0.0024253908 	 1.9833901
0.038343675 	 1.7590474
0.0733073 	 2.3575535
0.15052289 	 2.4323394
0.2201664 	 2.723114
0.3259747 	 1.4504279
0.12045654 	 6.46608
0.59838116 	 1.8355683
0.46754417 	 0.87122107
0.6102622 	 1.192234
0.52045435 	 4.5721254
0.519823 	 2.978242
0.41568556 	 3.5658827
0.23579836 	 0.92623353
0.17093739 	 1.9038624
0.16647078 	 1.7793276
0.055328265 	 3.8665729
0.068356365 	 2.804703
0.0008756775 	 3.1609602
0.02991729 	 2.5781531
0.18198118 	 1.4361955
0.33051795 	 2.099643
0.43257216 	 3.3385122
0.29823667 	 2.8172607
0.23690212 	 2.0974863
0.14944066 	 2.165353
0.21302737 	 6.5711694
0.3274209 	 2.829712
0.3138664 	 2.7833815
0.2411705 	 2.1066766
0.10582364 	 1.3267952
0.16616261 	 1.2899613
0.10469392 	 2.27224
0.09049551 	 1.7523328
0.006792915 	 1.6007557
0.01737007 	 1.668566
0.00062270474 	 2.9044628
0.039530054 	 1.7111256
0.1406381 	 1.4386742
0.16772307 	 1.2099093
0.28223097 	 2.011208
0.070455484 	 1.2387391
0.061911423 	 3.56575
0.2827074 	 5.839867
0.14624934 	 2.3850634
0.21168526 	 1.0295784
0.2739567 	 2.3813212
0.22121117 	 1.4105228
0.22164598 	 1.978646
0.2440437 	 3.0634193
0.23625587 	 1.1039673
0.13041909 	 2.5476983
0.0468481 	 2.3487978
0.15362433 	 2.2346137
0.043125283 	 2.6666188
0.16180663 	 0.72591835
0.04995304 	 2.330744
0.03743625 	 7.6105847
0.0005915126 	 1.8301882
0.03923407 	 2.1271453
0.028017266 	 2.569787
0.053284515 	 1.3854033
0.00068932684 	 2.264004
0.0094951335 	 3.9341636
0.019236708 	 4.615158
0.003773289 	 2.2222893
0.06386857 	 3.166833
0.04433118 	 2.9507928
0.031677023 	 6.065581
0.021381121 	 1.4992667
0.051303033 	 8.435855
0.012752559 	 0.9745478
0.0044967155 	 2.8414133
0.0022723845 	 1.6260794
0.000921853 	 1.8995643
0.0007254728 	 1.4976177
0.0016537266 	 1.4741465
7.027634e-05 	 1.569951
6.532882e-05 	 3.3042123
0.00079168414 	 2.039802
0.001211602 	 2.4289918
0.00010741334 	 1.9718455
0.010845914 	 3.873084
0.0020657643 	 1.3795174
1.4901173e-06 	 1.1573741
0.056558248 	 2.4423816
0.020887889 	 0.9597624
0.012504471 	 1.9700509
0.008754855 	 1.4487365
0.004472647 	 3.2237978
0.0295202 	 3.1100802
0.031449288 	 2.2491446
0.034445632 	 1.7718267
0.0014998234 	 0.7829071
0.00497995 	 2.081006
0.0012144069 	 1.4679083
0.025669666 	 2.4717765
0.008269253 	 1.5799528
0.06415236 	 1.5834646
0.028402109 	 2.313353
0.05573038 	 2.0618536
0.0083048325 	 1.5240825
0.004685394 	 4.2443514
0.03575581 	 1.8205624
0.00013686164 	 1.9815617
0.026520625 	 2.4196491
0.0008274759 	 1.333486
0.009110339 	 1.2273246
0.01087333 	 2.472988
0.0403672 	 1.1177993
0.029849922 	 1.7336344
0.06709567 	 1.7262627
0.0057135415 	 2.5979302
0.003499724 	 1.9933981
0.021602126 	 2.0507274
0.004421757 	 2.6844723
0.0010384943 	 2.8223999
0.018584333 	 1.2988786
0.010141002 	 1.3026347
0.0043803286 	 1.4618777
0.003345895 	 3.065805
0.0040638056 	 1.4261639
4.7923284e-05 	 2.751165
0.00071813614 	 1.6617658
0.0022361227 	 1.8891788
0.0014309387 	 1.470063
0.0034092302 	 2.641777
0.013473149 	 2.6987243
0.0005431458 	 2.7780962
0.002493866 	 2.74784
0.020478792 	 3.6751096
0.009607122 	 3.0443726
0.034943867 	 2.7077644
0.022924848 	 2.811793
0.02329535 	 1.2346464
0.021590736 	 1.1784782
0.03871938 	 0.7881752
0.034483325 	 2.5378904
0.051926322 	 2.1095016
0.039217703 	 1.4911003
0.041837238 	 3.7536983
0.03977855 	 1.6311357
0.0021962782 	 0.7397877
0.0004130859 	 1.95918
0.034875482 	 3.0448933
0.010514507 	 2.5276277
0.0012813668 	 2.8531766
0.023067262 	 2.5246396
0.017197357 	 1.2365191
0.0029737419 	 2.3679564
0.0027615975 	 0.8283691
0.0007008385 	 1.7847648
0.00018842804 	 1.9580986
0.0075934813 	 3.7411547
0.037128143 	 1.4398865
0.003892238 	 3.1578557
0.01700988 	 1.4988731
0.00020512062 	 2.0553226
0.00062592543 	 0.5778427
0.00076287275 	 2.4219124
0.024955574 	 2.819607
0.0022269231 	 3.0515633
0.0053379894 	 1.3815033
0.0025385625 	 1.4110217
0.0013291725 	 3.294826
0.0015297902 	 2.702086
0.0008509799 	 2.8514879
0.003422328 	 1.5426831
0.0025909103 	 1.1764206
0.0020196554 	 2.3783798
0.097523 	 3.1972046
0.12391953 	 1.4810699
0.066207506 	 2.325891
0.09617428 	 1.3676509
0.022501383 	 2.928063
0.020234376 	 3.5047548
0.00035721483 	 2.0895731
2.3245839e-06 	 2.0430567
8.112521e-05 	 2.9029408
0.012781598 	 3.2817736
0.022838982 	 2.7749033
4.5300556e-05 	 6.816091
0.001984 	 2.6003172
0.004239653 	 1.8499451
0.0016832205 	 1.8216926
0.001064569 	 2.0667758
0.00035548568 	 1.9225279
0.0068495674 	 4.100038
2.8670245e-05 	 2.7789636
2.4437934e-06 	 6.125797
7.212422e-05 	 4.5543385
0.0010507858 	 2.0578988
9.954025e-06 	 3.7858422
0.0020606276 	 3.0727193
0.01391251 	 1.4486837
0.001203128 	 3.3344827
0.0017254925 	 3.1574185
0.04947739 	 2.2576015
0.53196084 	 1.960381
0.03236127 	 2.961779
0.020619338 	 2.2355697
0.030875636 	 3.9379797
0.041738547 	 3.199884
7.3674055e-05 	 2.590937
0.016173212 	 3.5250397
0.09021237 	 1.5274595
0.08979692 	 2.3564653
0.017793247 	 2.2137783
0.0464747 	 2.0766037
0.035776567 	 5.356309
0.08800078 	 1.670981
0.05895271 	 2.931375
0.05768688 	 1.6222752
0.040478107 	 2.5765276
0.02808298 	 2.6139677
0.010811388 	 1.6975635
0.00059473317 	 3.434434
0.041468006 	 2.1181073
0.03819523 	 1.4290928
0.058138844 	 1.744022
0.005273394 	 2.1122112
0.015019652 	 2.7687957
0.00028268519 	 3.6820972
0.03626218 	 3.1349137
0.001482154 	 4.4979324
0.0406755 	 2.1532073
0.01812143 	 1.5843954
0.00037241954 	 1.3795153
0.025947774 	 2.1812708
0.050933048 	 1.5177723
0.026376434 	 2.1282802
0.04430364 	 1.6936641
0.044992283 	 2.2577524
0.09517142 	 2.0497813
0.123568356 	 2.72874
0.15856212 	 2.6616995
0.19328772 	 1.196946
0.10368342 	 2.3622718
0.15020546 	 2.5765042
0.09555572 	 1.7901311
0.06513831 	 1.9153949
0.1726477 	 1.9639139
0.111480296 	 2.6088474
0.07684236 	 1.794333
0.13356347 	 3.4605846
0.15301353 	 2.2088313
0.032546964 	 2.5408695
0.020808648 	 2.4125268
0.0037694 	 1.5499507
0.004444627 	 2.7598445
0.0046998863 	 2.8625746
0.0015788615 	 3.041159
0.019233184 	 3.939498
0.033610526 	 1.6379644
0.06761745 	 2.145925
0.10990458 	 1.7391677
0.16218987 	 3.0167744
0.13220659 	 2.4044092
0.1378923 	 2.9571428
0.1679125 	 1.8006718
0.15802439 	 1.0284919
0.26602727 	 1.047651
0.13632937 	 1.6522175
0.038310725 	 1.2310019
0.10249971 	 2.0054972
0.08510955 	 1.1672999
0.13824718 	 1.4448678
0.15585603 	 1.1708498
0.19550306 	 2.483284
0.08633586 	 1.4518024
6.914378e-05 	 3.3357615
0.002632205 	 2.032976
0.011035372 	 3.0904655
0.0055563753 	 2.899154
0.037058122 	 2.0207562
0.025257936 	 1.6904973
0.07986637 	 2.0031626
0.07832296 	 1.8429495
0.07180477 	 3.0803173
0.08925685 	 1.9444648
0.08584792 	 1.8607808
0.08065723 	 0.9188853
0.06383108 	 1.4032599
0.06468279 	 3.1999965
0.095412105 	 1.577582
0.09775537 	 1.2660699
0.028150659 	 1.7467372
Summary
1.4901173e-06  -  0.70664835 ,  0.5778427  -  8.435855
accuracy:  100.0
equal predictions:  0
TensorFlow version: 1.13.1
Found 939 images belonging to 1 classes.
argN = 49
argN = 49
0.75226927 	 5.062587
0.6311731 	 3.4376261
0.28125104 	 1.7339263
0.4608576 	 2.8199441
0.7676185 	 2.211263
0.35436326 	 1.9058578
0.15576778 	 3.9488568
0.15595543 	 2.6091576
0.082335755 	 3.659602
0.095795184 	 1.4997196
0.11044421 	 3.4226654
0.20051132 	 1.254768
0.38205203 	 1.0577143
0.32425696 	 3.092457
0.2685174 	 2.173634
0.65725696 	 2.9111784
0.9113868 	 3.226222
0.77432203 	 3.3093
0.5813511 	 2.1249197
0.47747943 	 2.9144337
0.29704764 	 2.1095133
0.3963467 	 0.9927988
0.35384196 	 3.2742927
0.46884874 	 2.0576346
0.42705855 	 1.5640597
0.29966554 	 0.96421844
0.39099285 	 1.5376546
0.20937192 	 1.2780216
0.16117695 	 2.2234898
0.06249187 	 2.565997
0.35179317 	 1.586559
0.43085137 	 2.2184222
0.022019846 	 3.0863812
0.023242151 	 1.658179
0.19351928 	 2.2561734
0.22567599 	 2.0523286
0.14425726 	 4.5845895
0.13212048 	 1.7444978
0.41017324 	 2.2271328
0.35351273 	 6.7834024
0.37112468 	 4.1716332
0.40196022 	 2.415101
0.2196115 	 1.8256896
0.500234 	 1.5353038
0.35424265 	 2.9848177
0.07424165 	 2.1376379
0.37172094 	 2.9677463
0.19717993 	 1.8120855
0.22011827 	 2.4523022
0.07645605 	 2.1833198
0.028283397 	 3.7831898
0.0243154 	 2.4373226
0.05367273 	 2.3349912
0.0007344797 	 2.5670695
0.27295005 	 2.3897622
0.32246244 	 1.0737177
0.2585912 	 1.5933057
0.24945462 	 2.3392868
0.2849405 	 1.6764008
0.3543039 	 1.38579
0.12429453 	 1.3955761
0.006327039 	 3.2238111
0.00072589034 	 1.1990099
0.05584792 	 3.8504257
0.048134238 	 1.7609879
0.082654096 	 2.2412238
0.03484283 	 2.5870287
0.1442426 	 2.2190416
0.25123036 	 2.3204024
0.10747656 	 4.9027185
0.17076443 	 2.3731103
0.0958476 	 2.064393
0.1352127 	 3.5233955
0.23925245 	 3.2989407
0.16531828 	 2.2240229
0.30967653 	 1.803046
0.08118873 	 2.565845
8.7920715e-05 	 1.3994586
0.010818016 	 4.308744
0.30229926 	 2.3496552
0.073099256 	 2.2726789
0.32246605 	 1.9393028
0.24741153 	 1.2057738
0.070118494 	 1.3113561
0.14557311 	 2.5067978
0.02346064 	 3.626094
0.02690667 	 8.335805
0.014711721 	 2.7993698
0.016903242 	 1.7172549
0.013634586 	 1.7918857
0.0050432086 	 5.6840982
0.00030319518 	 2.5412824
0.016443782 	 2.70836
0.0001871761 	 3.5219095
0.015831739 	 2.3851132
9.8650555e-05 	 2.5950472
0.026052933 	 4.7179704
0.010685529 	 2.3646631
0.0007368656 	 2.7053497
0.07331275 	 2.5370936
0.041754518 	 2.399684
0.0060058217 	 1.8752906
0.02270605 	 0.9310134
0.0024455863 	 1.2132583
0.007839934 	 2.609812
0.00015903784 	 1.4169729
0.00011724921 	 2.6470952
0.0010546044 	 2.2302084
2.4676627e-05 	 1.9751459
4.6254274e-05 	 2.5897384
0.0013306646 	 2.9055548
2.163672e-05 	 2.0915365
0.011953102 	 2.4243014
0.031903576 	 1.5629246
0.026777972 	 2.1226084
0.009670193 	 2.3579164
0.01287886 	 0.457232
5.8175825e-05 	 2.2973576
0.022457797 	 1.9245418
0.02206445 	 2.8257987
0.031761188 	 2.184952
0.004699407 	 1.6316947
0.034226395 	 2.2163455
0.00279997 	 3.7568858
0.00047116648 	 2.3212967
0.012732094 	 1.9217831
0.0034144334 	 2.2987194
0.014064044 	 1.8087952
0.024168776 	 3.104007
0.035272606 	 2.5760474
0.00044999708 	 3.0000355
0.0054321936 	 0.9753326
0.0002907341 	 1.9098345
0.012370734 	 2.4567368
0.0013300678 	 2.55737
0.024706457 	 1.8860044
0.0006045738 	 2.312525
0.0076942653 	 1.0314829
0.0004346123 	 1.0479548
5.4897384e-05 	 2.2929347
0.003357557 	 2.1675472
4.0830015e-05 	 5.3880086
0.036238756 	 2.7267566
0.020357672 	 2.0693607
0.000623659 	 1.446178
0.00041260885 	 1.0669562
0.019712772 	 1.537469
0.022374898 	 3.0863147
1.919288e-05 	 2.1424448
8.53575e-05 	 0.9338539
0.0189963 	 2.0717585
9.7935226e-05 	 3.611797
0.015663529 	 2.3123174
0.0001716165 	 2.5018432
0.00013841156 	 3.724409
0.017819216 	 2.7218332
0.020246966 	 3.5156446
0.021258246 	 2.308562
0.046629127 	 1.8537151
0.0018083701 	 1.6388435
0.041860234 	 0.9776134
0.0021802094 	 2.7391934
0.00052775955 	 2.1338878
0.00032263238 	 1.3557884
0.024310635 	 2.300315
0.0004912033 	 3.1287372
0.01073969 	 1.4597363
0.0022587636 	 2.390884
0.0056224875 	 1.1609612
0.0026294559 	 1.1504784
0.004101869 	 1.6664338
0.0018138039 	 1.625224
0.0009093842 	 3.83795
0.00063737674 	 1.568123
0.024541756 	 2.615987
0.0016168903 	 4.182206
0.00094106357 	 2.1607184
0.00073298847 	 2.093909
0.019398471 	 2.5918558
0.0026265276 	 1.531415
0.0019420157 	 1.1453438
0.0011242388 	 2.7137997
0.00045739143 	 1.6709487
0.00025502118 	 1.9910016
0.0017248954 	 2.5187106
0.0037232125 	 1.1576546
0.0021741164 	 1.1280742
0.0026719472 	 2.4817379
0.0026127228 	 1.9712352
0.003531306 	 2.1653972
0.0009345009 	 2.1164315
0.0013361555 	 2.0691414
0.001479647 	 1.5269443
0.0026619069 	 1.2411852
0.0011306237 	 1.027681
0.0037607248 	 3.2878585
0.0018729812 	 1.2756877
0.1283703 	 2.0987952
0.11823334 	 1.4242063
0.16600828 	 1.7480873
0.050903633 	 2.1681406
0.034007456 	 2.5703464
0.021785531 	 1.9181441
0.06894133 	 2.6866815
0.05431625 	 2.3734372
0.0049885157 	 1.5737712
5.9604645e-08 	 2.9861689
0.01447512 	 0.8186085
0.00036109053 	 1.4665658
0.02147344 	 3.19566
0.020674832 	 1.2743996
0.0031470056 	 1.356252
0.015488144 	 2.4783306
8.297311e-05 	 4.859721
0.010371641 	 2.3867438
7.987054e-06 	 5.226271
0.009897835 	 3.3158689
0.026843786 	 2.8786433
0.08129896 	 1.3079731
0.035725664 	 1.7424337
0.0015768317 	 2.475576
0.00017233187 	 3.0174406
5.4658954e-05 	 3.1587646
2.1994356e-05 	 2.4937472
0.009428885 	 1.3730576
0.00016279354 	 3.8787987
0.014750192 	 0.91168076
0.019351313 	 1.2721163
0.02879624 	 1.8479302
0.0010616452 	 0.6814162
0.012348165 	 3.288996
-8.344647e-07 	 1.4491673
0.23584077 	 2.1804032
0.021118343 	 2.118928
0.020531114 	 3.4186287
0.0018477811 	 2.0678039
-9.5367386e-07 	 1.2613937
0.00079019286 	 4.6181912
0.0005226905 	 4.391529
7.7486067e-07 	 1.6839876
3.5762793e-07 	 4.040772
0.00016619156 	 2.0284996
0.002914559 	 3.1577015
0.20820609 	 2.552573
0.016360167 	 2.6685102
0.03457143 	 0.9510419
0.10955303 	 3.8348193
0.05375946 	 3.0294797
0.018905852 	 1.3752007
0.08192273 	 2.0112474
0.00870014 	 2.6266096
0.008744333 	 1.6812143
2.2113567e-05 	 2.7190154
0.02048737 	 2.0609035
0.028822986 	 2.8663654
0.012919314 	 2.1354387
0.02714176 	 1.6893542
0.0021216113 	 1.8084551
0.020262538 	 1.9513335
0.046717558 	 1.2663122
0.057448667 	 1.7212976
0.16418487 	 2.1825879
0.092219144 	 1.9968461
0.04118269 	 2.5041075
0.097149305 	 2.8873346
0.09745755 	 2.8326414
0.06125387 	 2.8794832
0.10141562 	 1.3149451
0.12147714 	 2.2311032
0.021995414 	 3.5753257
0.007762862 	 1.4554883
0.07119048 	 3.689217
0.05084775 	 2.1204534
0.013312403 	 3.1000323
0.00114954 	 1.2299688
0.0077457423 	 3.774989
0.0055681826 	 1.2516282
0.12500852 	 2.9112036
0.18111739 	 0.80425763
0.14151828 	 2.0136037
0.17748116 	 1.3248256
0.180658 	 2.1585073
0.284655 	 2.0325112
0.16661863 	 0.76981646
0.064805076 	 1.2852124
0.0889837 	 1.8246132
0.14764725 	 1.5707103
0.17137648 	 1.0743382
0.11753576 	 0.824487
0.16939217 	 0.995587
0.28396472 	 1.648121
0.18772316 	 1.5532745
0.13199614 	 1.8109267
0.15345399 	 2.7169654
0.061051868 	 2.450808
0.061141904 	 3.197998
4.1902942e-05 	 3.222427
0.039446965 	 2.6355984
0.06822617 	 2.1216254
0.10833685 	 3.1219437
0.087231226 	 3.141057
0.09123814 	 2.2374878
0.021752087 	 1.1226413
0.05998538 	 2.131639
0.062002994 	 2.3320162
0.052778125 	 2.8689287
0.012945036 	 2.64541
0.018910892 	 2.4537246
0.03203835 	 3.4585733
0.0025261333 	 1.6482533
0.042340044 	 3.009118
0.084165506 	 2.010029
0.06320383 	 1.271872
Summary
-9.5367386e-07  -  0.9113868 ,  0.457232  -  8.335805
accuracy:  100.0
equal predictions:  0
