TensorFlow version: 1.13.1
Found 939 images belonging to 1 classes.
argN = 196
argN = 196
0.4484853 	 0.8757674
0.6083116 	 0.9488181
0.4045564 	 0.47166544
0.27983534 	 0.40164024
0.3377522 	 0.51526177
0.28246093 	 0.936117
0.23704399 	 0.68795633
0.086417936 	 0.83972675
0.113044485 	 1.2056165
0.08924284 	 0.6709102
0.08110301 	 1.2448356
0.069046766 	 1.0869474
0.034914058 	 1.495688
0.03116356 	 1.0527912
0.34229946 	 0.8265309
0.2514313 	 0.69159234
0.31559163 	 0.8147763
0.23312895 	 0.6757693
0.34942377 	 0.37515366
0.36393264 	 0.9618735
0.19277926 	 0.75938517
0.21303003 	 0.5432569
0.19452085 	 1.0066077
0.25404733 	 0.7940667
0.2532255 	 0.53957105
0.0404791 	 0.6187938
0.07496131 	 0.74421847
0.076638214 	 0.6920052
0.10985468 	 0.537261
0.123131074 	 0.8889928
0.23275839 	 0.83535737
0.28694493 	 0.6655267
0.24556415 	 0.48068836
0.2829721 	 0.66977644
0.3301965 	 0.60717094
0.35470808 	 0.5331616
0.44978878 	 0.66442657
0.33588466 	 0.6428227
0.4068539 	 0.7797496
0.50245744 	 0.7306138
0.31239682 	 1.1660825
0.5023731 	 0.45395693
0.22459738 	 0.7418351
0.093503304 	 1.438208
0.06627094 	 1.1048212
0.10915255 	 0.73289484
0.054530114 	 1.5697285
0.04679282 	 1.3544656
0.31279492 	 0.6329861
0.40921816 	 0.68301123
0.44997403 	 0.9313269
0.45461082 	 1.0261565
0.43511367 	 0.86000586
0.3178496 	 0.51098365
0.38209745 	 0.7492975
0.40353397 	 0.48413247
0.3445292 	 0.44387352
0.3822545 	 0.49993023
0.22357047 	 0.61950475
0.2808116 	 0.7077305
0.22485341 	 0.5180688
0.27601817 	 0.6601169
0.2926758 	 0.5598734
0.093486086 	 0.80668414
0.03929073 	 1.4199116
0.04072181 	 1.5478947
0.060617145 	 0.9775339
0.07921659 	 1.5071235
0.13527896 	 1.1134055
0.12374049 	 0.70344055
0.20304756 	 0.99747205
0.29770783 	 0.77572995
0.28061107 	 0.44042158
0.38083154 	 0.8269977
0.4761721 	 0.6792644
0.46845138 	 0.7221955
0.5568577 	 0.6028971
0.53370947 	 0.5516399
0.4685689 	 0.7281976
0.50736606 	 0.762621
0.4545415 	 0.59303766
0.30301628 	 0.63476497
0.22757122 	 0.56319195
0.2317 	 0.6332721
0.09856195 	 0.87879443
0.042233903 	 0.9831325
0.36122546 	 0.7084948
0.25761333 	 0.9759401
0.27793896 	 0.86250526
0.2994529 	 0.81564665
0.29619342 	 0.59684944
0.3533917 	 0.6533193
0.3703739 	 0.83854663
0.4176479 	 1.1521623
0.5002351 	 0.6722904
0.5434805 	 0.9025574
0.5168969 	 0.59371394
0.47194692 	 0.701821
0.2504109 	 1.0092306
0.13947392 	 1.1622542
0.13856076 	 1.1632837
0.1229205 	 0.51020044
0.15114029 	 1.0025064
0.121522374 	 0.914
0.2103806 	 1.304804
0.17962962 	 1.0079411
0.5180094 	 0.694221
0.50671405 	 0.5737765
0.48059005 	 0.63922554
0.5165143 	 0.63087785
0.53330624 	 0.6608574
0.58624727 	 0.73802847
0.562057 	 0.6419749
0.4432768 	 0.6274556
0.5178869 	 0.5753055
0.43567967 	 0.68116385
0.46896172 	 0.6726271
0.4587839 	 0.6036655
0.47955552 	 0.74101335
0.50260156 	 0.5689703
0.45828524 	 0.6974805
0.4671736 	 0.6266793
0.5120078 	 0.58666295
0.46107554 	 0.72739124
0.439684 	 0.66906303
0.4453485 	 0.7109241
0.4415411 	 0.5232434
0.44332367 	 0.9156793
0.40391365 	 0.6448955
0.29868186 	 0.92767066
0.3110965 	 0.9691194
0.32621443 	 0.94964397
0.40505782 	 0.9299272
0.38234922 	 0.625629
0.29330218 	 0.86529773
0.35510707 	 0.7566249
0.37603775 	 0.8649848
0.30621666 	 0.6873299
0.34149268 	 0.8244893
0.31125042 	 0.9706191
0.33565152 	 0.60997784
0.32045642 	 0.68125916
0.32151675 	 0.892573
0.30946353 	 1.1147976
0.33052543 	 0.7527553
0.25864843 	 0.8865585
0.3379564 	 0.81264985
0.20855847 	 0.6935404
0.2469167 	 1.1168517
0.23075369 	 1.0237792
0.1822984 	 0.8448802
0.20694746 	 0.92037714
0.15707481 	 1.2661767
0.1609068 	 0.9950659
0.15283711 	 1.3250542
0.20106898 	 0.5622946
0.16450894 	 1.3649462
0.1482993 	 0.4084735
0.14310937 	 1.3078104
0.20131315 	 0.52599114
0.16072683 	 0.807556
0.15163028 	 1.018764
0.1450877 	 0.7914414
0.13386749 	 1.3376662
0.12158167 	 1.3176227
0.11476207 	 0.6078356
0.08599211 	 0.89669544
0.102824666 	 0.71651137
0.13985506 	 0.69935435
0.12652273 	 0.9974759
0.13628517 	 0.72399735
0.13960557 	 1.0689641
0.07451517 	 0.7453747
0.11495642 	 1.7533861
0.07343879 	 1.4561173
0.12331352 	 1.0871345
0.11388193 	 1.3535973
0.1545275 	 1.0209134
0.12062168 	 1.1101872
0.14956392 	 1.0759419
0.13159153 	 0.55830514
0.12609997 	 1.0109777
0.08875901 	 1.0649873
0.121164165 	 0.8067315
0.1083969 	 0.91988766
0.15465106 	 1.1878211
0.18833347 	 0.34510073
0.24071059 	 0.6706936
0.20548975 	 0.777053
0.2391207 	 0.89880955
0.2825453 	 0.9082029
0.21093652 	 1.0062852
0.18681288 	 1.1446046
0.24057077 	 0.3220139
0.1716051 	 0.90081763
0.2344824 	 0.7801833
0.22731411 	 0.8037201
0.17132534 	 1.0926363
0.19091962 	 0.67230797
0.18058309 	 0.93643606
0.22441848 	 1.038929
0.17144476 	 1.1385765
0.190404 	 0.5684432
0.14952663 	 0.73269403
0.17819628 	 0.7058959
0.21507265 	 1.2623825
0.15287746 	 0.8118534
0.21543352 	 1.2859641
0.09407848 	 0.65118194
0.11772939 	 0.38912404
0.16025361 	 0.79162025
0.12532629 	 0.9242459
0.082485594 	 0.81297797
0.10617169 	 1.4330554
0.10852213 	 0.3725241
0.34463254 	 0.49770454
0.26341504 	 0.70178556
0.27395082 	 0.64400685
0.3066243 	 0.71077293
0.32965946 	 0.4416416
0.3663161 	 0.665069
0.38175076 	 0.6628762
0.41210696 	 0.68319696
0.41922408 	 0.95144665
0.46937412 	 0.7359497
0.48293835 	 0.8035742
0.45838055 	 0.7003556
0.53019714 	 0.62146163
0.45644987 	 0.61106044
0.40067035 	 0.81084764
0.47392863 	 0.9158973
0.43891066 	 0.53940475
0.44322637 	 1.3314536
0.35449615 	 1.0906907
0.3880915 	 0.87101954
0.27506974 	 1.1611933
0.4038281 	 0.6681712
0.5675043 	 0.69273275
0.42443416 	 0.7777554
0.6073405 	 0.8499475
0.76273423 	 0.85342664
0.75919265 	 0.63441473
0.6940667 	 0.75235516
0.58838683 	 0.58107096
0.73483616 	 0.696771
0.6189279 	 0.84932756
0.5205259 	 0.59798783
0.4948496 	 0.7693431
0.5548733 	 0.8280992
0.38432208 	 0.6808872
0.7626506 	 0.6584313
0.47452748 	 0.7946004
0.4313099 	 0.687495
0.41827855 	 0.6492145
0.47952133 	 0.7577011
0.45548823 	 0.5196009
0.47706404 	 0.8843412
0.40474784 	 0.52888465
0.299255 	 0.5243033
0.30027604 	 1.0542222
0.41372365 	 0.40301216
0.2931326 	 0.7295017
0.4336938 	 0.64198524
0.38906977 	 0.7931326
0.4258997 	 0.7497543
0.40894297 	 0.7578077
0.31537288 	 0.7501793
0.32020664 	 0.81265336
0.3117726 	 0.87155604
0.35580266 	 0.62076783
0.30683935 	 0.88631785
0.44750333 	 0.927141
0.40793055 	 0.54645765
0.5012312 	 0.78115606
0.4272727 	 0.8141393
0.48062474 	 0.724794
0.38130802 	 0.6683399
0.4885999 	 0.78671515
0.38883734 	 0.6202683
0.29424554 	 0.82195175
0.2559776 	 0.668126
0.20416677 	 0.9459207
0.31626648 	 0.7341137
0.35369813 	 0.6890777
0.2799197 	 0.49739516
0.27132368 	 0.533453
0.30612025 	 0.61780393
0.33404586 	 0.516149
0.31854844 	 0.75830376
0.36162433 	 0.7491415
0.31471163 	 0.5084804
0.3340451 	 0.57704383
0.32101345 	 0.48981237
0.31151327 	 0.7541509
0.3804015 	 0.69698304
0.3722954 	 0.7512627
0.44072244 	 0.5974762
0.33287057 	 0.6759528
0.3747582 	 0.8546116
0.33172613 	 0.77575946
0.31563354 	 0.672551
0.3490833 	 0.9921979
0.31464612 	 0.67551523
0.4385206 	 0.54460305
0.30078688 	 0.76177925
0.3843044 	 0.48188993
0.32076615 	 0.63130313
0.39339718 	 0.8986107
0.4961856 	 0.9567989
0.39768803 	 0.7269925
0.3985326 	 0.781247
0.4112086 	 0.74384266
0.45969555 	 0.67625904
Summary
0.03116356  -  0.76273423 ,  0.3220139  -  1.7533861
accuracy:  98.1
equal predictions:  0
TensorFlow version: 1.13.1
Found 939 images belonging to 1 classes.
argN = 196
argN = 196
0.52135444 	 1.2261267
0.45342374 	 0.87235403
0.3297201 	 1.4476446
0.3464025 	 1.0630144
0.28783944 	 1.7347323
0.34220368 	 1.916101
0.15689377 	 1.0342937
0.20192845 	 1.2735739
0.056259453 	 1.9967754
0.07866337 	 1.3263788
0.03643927 	 1.9830211
0.30531088 	 1.4011228
0.42798188 	 1.1835297
0.21389142 	 1.1589391
0.2694953 	 1.1217698
0.42957076 	 1.6868848
0.52252895 	 0.978166
0.41701224 	 1.3033226
0.5375475 	 1.1869907
0.43265694 	 1.355412
0.26065993 	 1.1161956
0.2788424 	 1.3315243
0.14392708 	 1.6747735
0.14343534 	 1.9931365
0.32094055 	 0.9408557
0.28371614 	 1.1144373
0.6541279 	 0.6998671
0.53019625 	 0.972899
0.36394122 	 0.93829805
0.7111102 	 0.9905536
0.29054633 	 1.3960825
0.33471262 	 1.1374732
0.38490105 	 1.0932518
0.6801701 	 0.97329426
0.75059456 	 1.0666945
0.51237005 	 1.4116248
0.6247708 	 1.3563743
0.47718456 	 1.3591425
0.32429117 	 1.1566917
0.453799 	 0.9238481
0.52109027 	 1.0854443
0.37402046 	 0.6997826
0.3162197 	 1.2979351
0.25121287 	 0.993155
0.16269737 	 1.7929342
0.09176047 	 1.3428395
0.10062743 	 2.503705
0.07331525 	 1.9445585
0.091685794 	 1.6143852
0.05614149 	 1.9357383
0.07516101 	 1.7926164
0.029506817 	 1.9922708
0.3081762 	 1.086728
0.25662076 	 1.2187709
0.26502487 	 0.7878945
0.4229362 	 1.326488
0.18470824 	 1.4789145
0.23494986 	 1.1575292
0.39768535 	 0.9163437
0.34197453 	 1.5788512
0.2421921 	 0.7743485
0.26919982 	 1.1496476
0.3055056 	 1.3591676
0.24661703 	 1.4261616
0.22948085 	 1.0284953
0.03034999 	 1.5279105
0.035361025 	 1.6841838
0.07417373 	 1.8071342
0.09420487 	 1.065725
0.64506567 	 0.97399145
0.49481246 	 1.0012116
0.31181625 	 1.0893805
0.25146034 	 1.1184396
0.35476568 	 0.8458962
0.44655547 	 1.0168462
0.3745812 	 1.4463499
0.36205065 	 1.0572225
0.2747602 	 1.1650677
0.4976761 	 1.0043783
0.17180063 	 1.3925045
0.15783061 	 1.2899908
0.15177964 	 1.3474864
0.1078601 	 1.0555102
0.22786911 	 1.4602175
0.032535758 	 2.0422547
0.11097607 	 1.9811087
0.102577634 	 1.465067
0.09672782 	 1.1917198
0.14310138 	 1.3019602
0.17634833 	 1.2997041
0.10376891 	 1.4917839
0.07462133 	 1.5316786
0.118157536 	 1.2960006
0.14900824 	 1.2229627
0.112353444 	 1.7249254
0.063024156 	 0.77290523
0.11173267 	 1.4112179
0.08102655 	 1.0973192
0.1110556 	 1.4105904
0.09096751 	 0.9231845
0.063342184 	 1.1063362
0.075823076 	 1.7656064
0.05992785 	 1.5943512
0.046791945 	 1.0144616
0.057573795 	 1.6609757
0.037180044 	 0.97703004
0.07074614 	 1.401928
0.118506216 	 1.3022298
0.09162119 	 1.3404819
0.08334557 	 0.866457
0.11923919 	 1.1168615
0.083157904 	 1.0360718
0.13088314 	 0.77354306
0.16675854 	 0.93629956
0.1589896 	 1.1941671
0.16527776 	 0.89374334
0.1677481 	 1.5445118
0.15355018 	 0.31872347
0.17265825 	 1.5289084
0.17024122 	 1.268779
0.17116675 	 0.5096112
0.16572128 	 1.5887501
0.12558211 	 0.92629206
0.11601266 	 1.0888262
0.14371125 	 0.8810778
0.0964727 	 1.8213592
0.12138164 	 1.3156471
0.10747682 	 0.8263387
0.09233177 	 1.5762889
0.12154512 	 0.96617097
0.1366181 	 1.1137599
0.098260336 	 1.4541825
0.07409786 	 0.67767525
0.112853564 	 1.2861416
0.07196117 	 1.7568668
0.115082406 	 1.0267134
0.0817482 	 0.6783185
0.07502569 	 1.0536103
0.09635436 	 1.5119772
0.054276858 	 0.93820953
0.07348895 	 1.2390665
0.08413775 	 1.0053599
0.0575582 	 0.75175
0.06819746 	 0.9229724
0.056154978 	 1.0109743
0.078650154 	 0.71578217
0.057530295 	 0.84544295
0.07907563 	 1.1001552
0.06349447 	 1.9908079
0.07403207 	 1.0435612
0.052610245 	 1.3872987
0.11590952 	 1.6940833
0.10272704 	 0.9653337
0.07795702 	 1.7706254
0.059455976 	 0.6973182
0.13553162 	 1.6670303
0.108410984 	 1.9757622
0.085661866 	 0.9674863
0.10037448 	 1.1444769
0.107223794 	 1.1339225
0.10415441 	 1.4178101
0.15128887 	 0.84312415
0.10466189 	 1.6586354
0.13645342 	 0.767637
0.15445377 	 0.87031686
0.10890807 	 0.8919643
0.15254152 	 0.8728915
0.15780799 	 1.1262391
0.1182224 	 1.0559577
0.13303077 	 1.0841135
0.112351984 	 1.0090891
0.12958458 	 0.9648551
0.17148587 	 0.9765901
0.11496946 	 1.1890136
0.13133919 	 0.88503784
0.091193475 	 0.87191045
0.120192744 	 0.7219078
0.11583215 	 0.8765476
0.07524049 	 1.0142374
0.093471885 	 1.1342736
0.13172975 	 1.5335464
0.09636631 	 1.0665504
0.10343108 	 1.7554873
0.085441366 	 1.669143
0.09779665 	 1.1702037
0.109833464 	 1.3244653
0.09369881 	 1.6293359
0.1262904 	 1.6550951
0.094457775 	 1.0666603
0.12414612 	 1.0140516
0.060039494 	 1.1630672
0.09833748 	 1.6520903
0.07508416 	 0.90814394
0.08927908 	 0.46959773
0.06858302 	 1.4701363
0.06886515 	 1.2545037
0.056935623 	 1.6916132
0.066832446 	 1.340901
0.07603098 	 1.3056828
0.06163283 	 0.7832161
0.069577955 	 0.55652344
0.10395962 	 1.3114396
0.086246066 	 1.1370803
0.4367357 	 0.93685806
0.44788432 	 1.5184546
0.29331392 	 1.1256212
0.41423634 	 0.8145994
0.36399114 	 0.96061504
0.2913607 	 1.6514299
0.1546379 	 0.8154582
0.10973062 	 1.618066
0.1275608 	 2.1625652
0.100225896 	 1.6803415
0.15259588 	 1.2889303
0.052406587 	 1.5495902
0.07405556 	 1.1118513
0.057648428 	 1.1487427
0.036096677 	 1.0090146
0.09829703 	 1.3858868
0.06319785 	 1.840904
0.06847993 	 1.9504749
0.08752049 	 0.9850638
0.057626706 	 1.4953691
0.067580596 	 1.0771123
0.04228439 	 0.85390586
0.07236773 	 1.8161764
0.057311624 	 2.1864803
0.07824142 	 0.8584478
0.07315332 	 2.3116603
0.047475554 	 0.89253926
0.057771437 	 0.79274404
0.056834295 	 1.5027641
0.18076639 	 1.3459148
0.57589144 	 1.0585055
0.3305805 	 0.90855134
0.21805161 	 1.331406
0.13047817 	 0.7135918
0.1799556 	 1.6355276
0.18239912 	 2.0577052
0.51378787 	 1.1686329
0.5966036 	 1.0830816
0.25440025 	 1.6798477
0.32965547 	 1.5172757
0.2795367 	 1.72575
0.33901465 	 0.56312466
0.317236 	 0.71853393
0.28113487 	 1.6804125
0.19331996 	 1.655142
0.1826136 	 0.9369531
0.2042406 	 1.5416644
0.118726805 	 2.0325947
0.14419489 	 1.926581
0.16484098 	 1.2699426
0.12296148 	 0.652052
0.14148593 	 0.91977763
0.11536613 	 1.0686977
0.09078591 	 1.9737228
0.1168451 	 1.542619
0.090906605 	 2.0519407
0.1128158 	 1.2357652
0.09800746 	 2.2287972
0.085210666 	 1.7926804
0.10164844 	 0.6906092
0.14529322 	 1.3546628
0.15314579 	 1.110917
0.27071732 	 0.7931002
0.2686037 	 1.049497
0.26327264 	 1.2951479
0.27912349 	 1.7289392
0.27021503 	 1.2962407
0.21152808 	 1.2538807
0.3576724 	 0.6360552
0.42104244 	 0.84025127
0.35247222 	 1.0162127
0.3129766 	 1.1190585
0.24819574 	 1.0641232
0.16265614 	 1.1659427
0.07739219 	 0.861744
0.07692501 	 1.9972074
0.045277193 	 0.8233774
0.056292873 	 1.9366218
0.10229666 	 0.992
0.1422251 	 1.7217599
0.13696375 	 0.9414724
0.16223943 	 1.325186
0.16842912 	 0.92509747
0.17299294 	 0.9375469
0.23345493 	 0.94973165
0.19357614 	 1.3872918
0.21818067 	 0.9237568
0.2974592 	 1.0169708
0.4447331 	 0.74960446
0.48364094 	 1.1844852
0.49004352 	 0.9990141
0.5150963 	 1.0020384
0.40159732 	 1.0308907
0.40833342 	 0.73748904
0.35576546 	 0.8187419
0.2958315 	 0.5867901
0.37217227 	 0.68018115
0.24803287 	 1.7678518
0.18488663 	 1.2079176
0.20816615 	 1.445022
0.25937775 	 0.8950824
0.34783745 	 1.0724391
0.41230723 	 1.3795011
0.39956182 	 1.2600733
0.3986926 	 1.1083542
0.42137632 	 1.0693711
0.25376213 	 0.52014196
0.24917239 	 1.0946596
0.2761338 	 1.6411718
0.23066495 	 0.7966646
Summary
0.029506817  -  0.75059456 ,  0.31872347  -  2.503705
accuracy:  100.0
equal predictions:  0
TensorFlow version: 1.13.1
Found 939 images belonging to 1 classes.
argN = 196
argN = 196
0.49627724 	 0.73437303
0.4491458 	 0.6343162
0.33518404 	 0.5646387
0.40884554 	 0.6616093
0.33885905 	 0.5991413
0.29527178 	 0.59906644
0.1603135 	 0.66105384
0.23378055 	 0.69479626
0.27360407 	 0.4256547
0.37035474 	 0.90355855
0.38623652 	 0.6379385
0.41891974 	 0.7577682
0.4225636 	 0.6676041
0.42941627 	 0.7128645
0.4829968 	 0.62396157
0.4361169 	 0.76782376
0.48344028 	 0.626203
0.29619148 	 0.49329066
0.41396543 	 0.6998188
0.35443905 	 0.5664364
0.3946247 	 0.5246716
0.5617965 	 0.67810065
0.6199862 	 0.664948
0.6305878 	 0.6430347
0.5924996 	 0.54796743
0.41503987 	 0.77505225
0.3138621 	 0.41484165
0.22884567 	 0.5188582
0.32444072 	 0.83130807
0.21819662 	 0.7406197
0.42884952 	 0.69651705
0.40382197 	 0.71607655
0.3841439 	 0.5528186
0.5187703 	 0.54472905
0.4147228 	 0.7576899
0.5700249 	 0.46225053
0.49072212 	 0.613917
0.37916255 	 0.5617144
0.38505504 	 0.73414695
0.38682437 	 0.74862045
0.24392448 	 0.5268239
0.4048052 	 0.91142255
0.41978335 	 0.53979987
0.4077427 	 0.64726377
0.30033094 	 0.77946985
0.3509164 	 0.5827955
0.27303126 	 0.75355214
0.35562867 	 0.718485
0.43186054 	 0.54364246
0.42854697 	 0.7583526
0.37955242 	 0.8926596
0.567609 	 0.565835
0.4115186 	 0.65235245
0.3833008 	 0.7164508
0.31074876 	 0.5889915
0.2644567 	 0.5499664
0.27275655 	 0.5080817
0.26531655 	 0.49669498
0.2898984 	 0.69800097
0.8740185 	 0.64998275
0.51931876 	 0.6162647
0.42773703 	 0.5534655
0.25495481 	 0.9131675
0.40335935 	 0.632748
0.33431935 	 0.6231269
0.31297904 	 0.5865423
0.2376475 	 0.560646
0.30737495 	 0.65720534
0.31431064 	 0.9397236
0.4105799 	 0.6798807
0.31895533 	 0.55222803
0.28186935 	 0.69651026
0.4081543 	 0.7417089
0.35289907 	 0.81134784
0.29558253 	 0.67637885
0.27599248 	 0.5655359
0.2557207 	 0.4623638
0.30296543 	 0.62321275
0.34593865 	 0.44052693
0.2974599 	 0.5266695
0.39660046 	 0.83748055
0.47070053 	 0.65480065
0.38598737 	 0.56184906
0.41340628 	 0.6248198
0.3948463 	 0.70331746
0.3539459 	 0.83776414
0.4975812 	 0.5843225
0.25327027 	 0.79591984
0.24643315 	 0.61364496
0.29003572 	 0.68224585
0.32131585 	 0.9373655
0.3494919 	 0.68707454
0.30613035 	 0.43843782
0.36651963 	 0.8031504
0.28242448 	 0.5709232
0.36147553 	 0.81379616
0.3800852 	 0.55942017
0.39769903 	 0.6922823
0.45433202 	 0.8349452
0.40677914 	 0.61735594
0.451248 	 0.815931
0.33465657 	 0.60911226
0.45525375 	 0.6221977
0.42712396 	 0.6675867
0.45322594 	 0.6317452
0.40096694 	 0.6840645
0.4063428 	 0.7061084
0.4243179 	 0.6663206
0.38327044 	 0.75916904
0.39958644 	 0.6262508
0.45016456 	 0.71177876
0.36388847 	 0.51404613
0.45681554 	 0.5826649
0.37957036 	 0.56624055
0.4402591 	 0.72010076
0.40655106 	 0.58359563
0.41992664 	 0.6311396
0.45751658 	 0.72425854
0.43146333 	 0.6409205
0.47997108 	 0.7018564
0.35523254 	 0.73029876
0.40092477 	 0.8122853
0.4433413 	 0.60965407
0.4223037 	 0.6634499
0.3758412 	 0.925074
0.3760432 	 0.7440938
0.3141062 	 0.6823073
0.31977892 	 0.7757355
0.3271062 	 0.76309735
0.33630624 	 0.59762764
0.3879084 	 0.7148597
0.3410835 	 0.77216715
0.40689033 	 0.5004074
0.40970838 	 0.6009634
0.37405097 	 0.6243964
0.29307556 	 0.787754
0.35524988 	 0.52465194
0.29589817 	 0.65689707
0.33100948 	 0.6119558
0.36283025 	 0.8372734
0.39822224 	 0.6790902
0.35222086 	 0.6004526
0.38014892 	 0.7648144
0.26880926 	 0.46891597
0.32206127 	 0.633403
0.29244772 	 0.6218986
0.34879696 	 0.6129765
0.3884133 	 0.783888
0.37176484 	 0.7078286
0.40357697 	 0.8562933
0.402349 	 0.6771824
0.42655274 	 0.69396186
0.36839524 	 0.60125566
0.36388925 	 0.9516274
0.42600566 	 0.57796574
0.47474298 	 0.6251969
0.43273365 	 0.8352973
0.29332617 	 0.47992426
0.34292933 	 0.75168365
0.2613157 	 0.58131987
0.26702315 	 0.624114
0.26187658 	 0.71677315
0.30073616 	 0.7424103
0.27502775 	 0.52625775
0.325354 	 0.7525526
0.34451056 	 0.52516216
0.26321012 	 0.6198417
0.30291024 	 0.7928615
0.24586189 	 0.81722087
0.2953457 	 0.62201405
0.24302512 	 0.5667928
0.2422957 	 0.58359647
0.25701445 	 0.72326696
0.27678245 	 0.7434292
0.20151408 	 0.64709866
0.18767671 	 0.5516697
0.20787987 	 0.5311802
0.16914655 	 0.542973
0.145268 	 0.547222
0.2091889 	 0.75626355
0.23581979 	 0.7724084
0.2025472 	 0.7574528
0.3945546 	 0.5998719
0.3670179 	 0.5893195
0.28587854 	 0.6203605
0.3611561 	 0.57610375
0.33898 	 0.54663414
0.35791552 	 0.760948
0.43559083 	 0.8671845
0.49520397 	 0.86113155
0.31094158 	 1.225882
0.40412042 	 0.6140545
0.39219365 	 0.8854949
0.37371278 	 0.7589478
0.38487723 	 0.6589634
0.3854826 	 0.613526
0.45787418 	 0.6386404
0.28531435 	 0.55442405
0.28406125 	 0.6329204
0.29378918 	 0.8178084
0.24237293 	 0.5520485
0.25558433 	 0.6746625
0.20158823 	 0.7571969
0.19093874 	 0.84830034
0.24708739 	 0.893812
0.1844465 	 0.5863971
0.26364326 	 0.8987637
0.2683749 	 0.91390544
0.26507607 	 0.47252393
0.28025556 	 0.50503904
0.23414078 	 0.79401517
0.2721731 	 0.58910596
0.2850973 	 0.531883
0.33735514 	 0.63214487
0.3693457 	 0.7588366
0.48140797 	 0.6281686
0.48103407 	 0.9550958
0.45610294 	 0.86260605
0.4790699 	 0.7883243
0.37226635 	 0.57943153
0.34421584 	 0.6759622
0.41379791 	 0.58084273
0.3745198 	 0.54417497
0.39329675 	 0.6762777
0.47065654 	 0.78474045
0.48828116 	 0.6063799
0.42165735 	 0.5875704
0.4025296 	 0.7988638
0.2585391 	 0.82909304
0.27985427 	 0.79969245
0.26327094 	 0.65709573
0.31493634 	 0.72176385
0.24964532 	 0.45959458
0.4167867 	 0.5744326
0.3902214 	 0.7091747
0.39015508 	 0.7381657
0.33862787 	 0.53951544
0.33382297 	 0.6854092
0.41524172 	 0.6096293
0.30529696 	 0.5381862
0.32378685 	 0.8633701
0.3529739 	 0.72908694
0.39063725 	 0.7524636
0.42141268 	 0.8576248
0.33930716 	 0.6646112
0.40206358 	 0.8554086
0.3697063 	 0.75027114
0.32879207 	 0.59361094
0.3298874 	 0.52245677
0.3046392 	 0.7088924
0.306912 	 0.6287948
0.38493818 	 0.7821353
0.33952373 	 0.54341716
0.32752872 	 0.5959437
0.3447997 	 0.61241364
0.44645086 	 0.57203007
0.45244542 	 0.6130466
0.42348552 	 0.6228542
0.4037486 	 0.79433906
0.3617039 	 0.5724685
0.44902533 	 0.71757245
0.4441315 	 0.8930491
0.40958053 	 0.64941555
0.37178758 	 0.77681977
0.30533984 	 0.7525708
0.30187517 	 0.54844296
0.26448247 	 0.58391726
0.31117246 	 0.8960507
0.28423834 	 0.8344307
0.24521653 	 0.8641952
0.2234068 	 0.50710136
0.25524813 	 0.4813124
0.22700375 	 0.8554093
0.24938478 	 0.78224415
0.2427593 	 0.49008644
0.26435125 	 0.52423584
0.2987402 	 0.7365302
0.35621944 	 0.6978708
0.36831665 	 0.8601819
0.3295813 	 0.6736532
0.41912103 	 0.7224114
0.40797895 	 0.7187489
0.4726949 	 0.8225175
0.5022697 	 0.65893483
0.4212221 	 0.72282404
0.5708882 	 0.6549732
0.58500797 	 0.88234055
0.47857133 	 0.7380468
0.471305 	 0.68689173
0.45218796 	 0.63316375
0.4297144 	 0.5235072
0.4374662 	 0.69305885
0.4843897 	 0.59831804
0.43356034 	 0.84462315
0.46204787 	 0.7892875
0.45807138 	 0.85856986
0.48385897 	 0.78916156
0.3593297 	 0.6496007
0.3081636 	 0.76172715
0.3098063 	 0.93577445
0.28441638 	 0.7655749
0.28697613 	 0.7154092
0.2811138 	 0.57059413
0.309853 	 0.7695205
0.37642255 	 0.6105382
0.40491804 	 0.52181745
0.31422934 	 0.6938274
0.35161078 	 0.6520433
0.25736704 	 1.0014962
0.22506614 	 1.1705767
0.2737214 	 0.9872373
0.34385866 	 0.6295898
0.29522973 	 0.70504624
Summary
0.145268  -  0.8740185 ,  0.41484165  -  1.225882
accuracy:  98.7
equal predictions:  0
TensorFlow version: 1.13.1
Found 939 images belonging to 1 classes.
argN = 196
argN = 196
0.39609137 	 1.4335805
0.45545438 	 1.084945
0.6689334 	 1.3632209
0.50403804 	 0.92715275
0.5184341 	 0.7043087
0.27960482 	 1.5996251
0.1837264 	 1.3187461
0.20599973 	 1.1333771
0.19039348 	 1.1813507
0.13548642 	 1.187766
0.09683157 	 0.9648834
0.12567146 	 1.1577307
0.22201668 	 1.6314105
0.28465328 	 1.1598982
0.2983998 	 1.7567712
0.46880016 	 0.8712482
0.4777234 	 2.3573225
0.40556094 	 1.7462062
0.310735 	 1.3947653
0.34302467 	 0.8827621
0.3273908 	 0.5440623
0.3580301 	 1.5175912
0.33132565 	 1.0023715
0.40716633 	 1.1676599
0.40025187 	 1.0784543
0.35401222 	 1.0377005
0.35577348 	 1.1165732
0.20284261 	 2.030072
0.18119247 	 1.4441077
0.33902818 	 1.1242335
0.39442036 	 1.4366585
0.35897237 	 1.2228163
0.460362 	 0.7685783
0.76315594 	 0.48853955
0.832469 	 0.87973255
0.6076784 	 1.3400702
0.6738509 	 0.49141997
0.6418388 	 1.0132959
0.6144282 	 1.2130343
0.58100724 	 1.270528
0.36337048 	 1.7419096
0.40093848 	 1.0817021
0.3961353 	 0.6434012
0.38795558 	 0.7721893
0.33789358 	 0.5002676
0.22326194 	 1.1739855
0.16627374 	 1.4286691
0.105003044 	 1.722908
0.23151508 	 0.5890299
0.20782138 	 1.1820936
0.22535239 	 0.9080669
0.34253946 	 1.346552
0.34718913 	 1.6512879
0.3112544 	 1.1324755
0.2108919 	 0.60096186
0.20397489 	 1.4582276
0.15829618 	 0.75786346
0.15079668 	 0.5700809
0.103137046 	 1.878256
0.101425715 	 0.8676588
0.3044773 	 1.1308463
0.381209 	 1.0707887
0.4352041 	 1.4720495
0.32188296 	 1.027194
0.304011 	 1.3649616
0.29302827 	 1.1122832
0.29580316 	 0.5455941
0.32359877 	 0.6995734
0.4236918 	 1.7848604
0.46558446 	 1.4533956
0.69629997 	 1.1429336
0.4046786 	 0.89436084
0.23930848 	 0.6997622
0.5050571 	 1.1216207
0.5291248 	 0.65451777
0.4007313 	 0.977262
0.32096347 	 0.7577919
0.29305926 	 0.73824245
0.31688768 	 0.90557694
0.17696539 	 0.9562482
0.1305738 	 0.9767984
0.25049806 	 1.0439639
0.3558695 	 1.5208452
0.36181524 	 1.0602909
0.31050342 	 0.5497602
0.20208937 	 1.3557428
0.29187143 	 1.7678015
0.36369166 	 1.4605328
0.22520351 	 0.6209373
0.28516617 	 1.4916914
0.20439291 	 1.1926068
0.09981365 	 1.6439388
0.07972835 	 1.7260658
0.31308338 	 1.9358308
0.31252742 	 1.9412826
0.3030613 	 0.77270204
0.29647335 	 1.1862059
0.3526726 	 1.5460321
0.3106727 	 0.8800691
0.3924871 	 0.82466197
0.27619305 	 0.8404441
0.2642934 	 1.7059405
0.26384813 	 1.4035871
0.2508309 	 1.4436615
0.228497 	 0.709477
0.23185308 	 0.92127675
0.32455796 	 1.2771045
0.2949139 	 1.1975439
0.23281887 	 1.1893983
0.3167202 	 0.70994663
0.22824235 	 1.2368932
0.30906922 	 0.7163686
0.27598622 	 0.83289224
0.2333238 	 0.9232459
0.33305982 	 1.4122396
0.40189216 	 1.6096276
0.3405952 	 1.4925079
0.37405357 	 1.2224962
0.37232015 	 1.4124871
0.39949375 	 0.9520313
0.29109257 	 1.2687984
0.30236393 	 0.43839273
0.29198995 	 0.49815282
0.33139962 	 1.2308083
0.25944218 	 0.92100364
0.28461087 	 1.4710625
0.26408345 	 0.8822635
0.24115115 	 1.028445
0.2498722 	 1.1577315
0.25915235 	 0.70954204
0.33080602 	 1.3753203
0.19073394 	 0.5816835
0.26974288 	 0.82995874
0.2614645 	 1.2043837
0.26718494 	 0.8476831
0.24834968 	 1.1349107
0.25196785 	 0.9684248
0.20314345 	 0.62944895
0.22658932 	 1.1077121
0.18981493 	 1.2142066
0.21210754 	 0.53763074
0.17723562 	 1.3322865
0.15541402 	 0.87573105
0.18789433 	 1.1787269
0.17921704 	 0.90747535
0.26071438 	 0.7228636
0.22695647 	 1.1648333
0.18585603 	 1.3158563
0.16376886 	 1.3841852
0.16781986 	 1.4483275
0.15614969 	 1.2773782
0.1833636 	 1.4288807
0.2272571 	 1.3827157
0.2546345 	 1.3266557
0.17647305 	 1.4649316
0.15234943 	 1.1221306
0.1821977 	 0.7831154
0.18084231 	 1.1750234
0.18803065 	 1.2797288
0.22443257 	 1.1634241
0.17331123 	 0.67759055
0.20290774 	 0.69942904
0.22641365 	 1.3908036
0.25541732 	 0.67644507
0.28481373 	 0.515875
0.23075698 	 1.0217509
0.21457064 	 0.9101845
0.23050395 	 1.100644
0.19335525 	 0.9317622
0.15533972 	 1.2365468
0.19455408 	 1.1820806
0.17651856 	 1.1054924
0.17772228 	 1.0998284
0.16315337 	 1.1419371
0.13787322 	 0.9130917
0.13311827 	 1.190129
0.14509116 	 0.83026004
0.11902103 	 1.1432283
0.093440935 	 1.0619086
0.13394654 	 1.2475653
0.14469954 	 1.2452424
0.12060668 	 1.324732
0.090208255 	 0.65563595
0.15421619 	 1.0446036
0.09534254 	 1.3778472
0.10792072 	 1.5373828
0.09694642 	 1.0494764
0.083936654 	 1.0064592
0.06376647 	 1.624346
0.06904102 	 0.97707343
0.05816626 	 0.84556085
0.078413144 	 1.46927
0.062813796 	 1.7463087
0.058095068 	 0.7473915
0.05063762 	 1.1357344
0.075945765 	 1.100444
0.41323164 	 0.63492703
0.33282343 	 1.1148728
0.35139212 	 0.60033756
0.35384467 	 0.93293715
0.33181515 	 0.67275
0.38822192 	 0.71240866
0.3059929 	 0.8597569
0.24636787 	 0.8710181
0.24372664 	 0.583116
0.23258433 	 1.0507313
0.20923547 	 1.9833473
0.18377933 	 0.9967199
0.18520421 	 0.6200017
0.17538923 	 1.2311954
0.18237065 	 0.49253228
0.2191251 	 0.91078347
0.22179425 	 1.0043154
0.22453105 	 1.4713123
0.18091759 	 0.8073438
0.14597914 	 1.0250976
0.20839202 	 0.8059351
0.20693837 	 0.69649196
0.2009663 	 1.3395046
0.22469677 	 0.8621705
0.22865747 	 0.7751842
0.5285187 	 0.8668828
0.59204113 	 0.9573381
0.46053967 	 0.74229056
0.3593053 	 0.61575735
0.48013473 	 0.7731893
0.39918682 	 0.56818336
0.3267601 	 1.3838866
0.45507258 	 0.87932074
0.53529084 	 0.96519595
0.52455837 	 0.7567344
0.347479 	 1.3211666
0.40004316 	 0.8470974
0.39022332 	 0.9830879
0.3847975 	 1.4985645
0.3281065 	 1.760628
0.27076873 	 1.751
0.2943553 	 0.66140115
0.34629092 	 0.72923535
0.2747411 	 0.87209666
0.26013258 	 1.1944383
0.34814742 	 1.2134987
0.19071786 	 1.2001927
0.21832511 	 0.5298025
0.19196437 	 1.2419864
0.21025887 	 1.1527679
0.22594418 	 1.1590396
0.22120291 	 0.5435104
0.247502 	 1.6585716
0.23272431 	 0.8551215
0.2517406 	 1.0935959
0.22845685 	 0.9473973
0.21676685 	 1.4254682
0.24535853 	 1.0745274
0.22035272 	 0.66939664
0.29008463 	 1.2186626
0.30788597 	 0.66390556
0.34576488 	 0.6330072
0.41165775 	 0.87867045
0.48476496 	 0.8037707
0.36727887 	 1.0401858
0.2867083 	 0.7375557
0.23284927 	 1.0979936
0.16044408 	 0.5112075
0.21782473 	 0.5477043
0.1888447 	 0.68018657
0.21722654 	 0.9180829
0.23016497 	 1.1414593
0.21504264 	 1.3199078
0.22091591 	 0.8549327
0.20577396 	 0.5778579
0.23259637 	 0.57639813
0.23338996 	 1.1482124
0.21711981 	 0.8462508
0.38501912 	 0.8793607
0.32694304 	 0.82422954
0.42063135 	 0.8088077
0.41605514 	 0.75918305
0.42827144 	 0.67567325
0.4545786 	 0.85152143
0.36977154 	 0.558254
0.37555116 	 0.52294827
0.4246053 	 0.7353282
0.3291604 	 0.8979558
0.39665282 	 0.8918464
0.33405593 	 0.60740614
0.35793903 	 0.6723496
0.32485998 	 1.210828
0.3172735 	 0.7834049
0.33549854 	 1.4060466
0.33260086 	 0.8305372
0.25991428 	 0.77768815
0.28245777 	 1.815101
0.3059412 	 0.69046086
0.21600038 	 1.0316963
0.3921652 	 0.85729635
0.24610773 	 0.873726
0.37523085 	 0.7558359
0.37228677 	 0.8719002
0.34535918 	 0.8245013
0.33820137 	 0.75906706
0.33717483 	 1.2728457
0.32586297 	 1.0707084
0.30277798 	 0.6247467
0.38358933 	 0.67327875
0.36390477 	 0.7079186
0.36312014 	 0.94987065
0.34326786 	 0.95978546
0.3357359 	 0.75919265
0.44077912 	 0.6312057
0.37510544 	 1.0141331
0.45478034 	 1.2712421
0.35546333 	 1.1104387
Summary
0.05063762  -  0.832469 ,  0.43839273  -  2.3573225
accuracy:  99.4
equal predictions:  0
