TensorFlow version: 1.13.1
Found 939 images belonging to 1 classes.
argN = 196
argN = 196
0.1760155 	 2.8790982
0.16193725 	 2.4356341
0.14339915 	 3.7213185
0.21413682 	 2.6844444
0.088667564 	 3.042201
0.1321515 	 2.4669425
0.5432619 	 2.91203
0.09710411 	 2.1543686
0.085912414 	 3.2509804
0.18061893 	 2.0449731
0.18490204 	 3.510515
0.16766132 	 2.329613
0.15135425 	 1.558355
0.14904802 	 2.900614
0.30854404 	 3.4355476
0.30268803 	 2.7162423
0.29755276 	 2.0348823
0.17929927 	 3.4854434
0.06405449 	 2.0329363
0.13402866 	 2.7613578
0.015440565 	 3.398693
0.033762917 	 2.8897376
0.010251437 	 4.0217743
0.18664362 	 2.5057662
0.09978704 	 3.5552526
0.2799874 	 3.350372
0.32088846 	 2.3489788
0.13192853 	 3.3992748
0.08054048 	 2.4160926
0.15895836 	 3.1388316
0.22303134 	 2.4951496
0.3079275 	 2.450914
0.096332304 	 4.5715027
0.04504896 	 3.1133468
0.03107145 	 2.323071
0.05173021 	 2.1311293
0.06045092 	 2.3739858
0.09838562 	 1.7232115
0.110050686 	 2.1622293
0.08393522 	 2.6352334
0.17027676 	 2.7774072
0.083284155 	 2.2891796
0.08198704 	 3.1909554
0.096100785 	 3.465849
0.047059122 	 2.4378276
0.06935286 	 3.6287823
0.091002114 	 3.3318667
0.0735508 	 3.0229905
0.05790254 	 2.9971375
0.041109152 	 3.275197
0.05801339 	 2.0275702
0.036366392 	 2.9754043
0.0102468 	 2.9765496
-9.5367386e-07 	 3.0540092
-3.576278e-07 	 5.4161625
-9.5367386e-07 	 3.3978179
-7.152555e-07 	 2.7780187
-9.5367386e-07 	 2.9034004
0.03084361 	 3.3110044
0.04164347 	 2.2901428
0.068138376 	 3.3732023
0.30594045 	 3.2213762
0.20481987 	 1.8362464
0.061238155 	 2.730047
0.095402665 	 2.7713451
0.13822487 	 2.9123008
0.34539983 	 2.3655698
0.3527543 	 3.1865122
0.16357039 	 2.3307047
0.18010446 	 2.504675
0.2002495 	 3.3244185
0.25006917 	 2.9800675
0.18096359 	 2.830417
0.12689294 	 3.6684465
0.11290101 	 3.078618
0.03109752 	 2.7825913
0.036373746 	 2.7819953
0.073013075 	 2.2287033
0.07379127 	 2.2474182
0.15463477 	 1.8997698
0.08245167 	 3.3563194
0.047420677 	 2.5915933
0.04710767 	 3.1983163
0.025999771 	 2.546329
0.036724225 	 2.6963391
0.06273053 	 2.700296
0.015463507 	 3.6716824
0.02062104 	 3.6591854
0.015317087 	 1.8217766
0.040758688 	 3.0631936
0.020618303 	 2.6389112
0.018640686 	 2.6530356
0.010027809 	 3.2977517
0.009701309 	 3.8924935
0.0016542639 	 3.400852
0.015486025 	 2.282841
0.0256641 	 1.6507952
0.011130898 	 2.0861747
0.010255472 	 1.5739067
0.010255472 	 2.2507806
0.010280343 	 3.4271038
0.010255472 	 1.1480409
0.010253665 	 2.9724147
-9.5367386e-07 	 2.5594733
-8.344647e-07 	 2.5628688
-7.152555e-07 	 1.4074548
-9.5367386e-07 	 1.3960252
0.00511408 	 1.7351675
0.010255231 	 1.7505785
0.0029039783 	 2.057122
0.020618243 	 3.4863229
0.006845606 	 1.1962266
0.015375495 	 1.7757643
0.00511408 	 1.9451358
0.01593584 	 1.9651186
0.021350248 	 1.9598948
0.026622478 	 2.718196
0.026141156 	 2.1522791
0.046885267 	 2.9736583
0.057762973 	 2.9691474
0.052171323 	 2.2229624
0.035993055 	 1.9620155
0.04045086 	 1.3507712
0.025752166 	 1.8690712
0.023176327 	 1.9290842
0.017223129 	 1.5266372
0.015424766 	 1.5622082
0.019333446 	 2.3907206
0.020787958 	 1.93402
0.0128177 	 2.2376187
0.020621346 	 2.1321216
0.00511408 	 2.2283041
0.015423252 	 1.827241
0.041647013 	 1.4168549
0.020475203 	 1.6254175
0.010013119 	 1.8808736
0.010255472 	 2.2384646
0.009403434 	 1.2882259
0.020601936 	 1.40736
0.0063618897 	 2.0899248
0.012810395 	 1.8987416
0.013632773 	 3.4680183
0.0017994132 	 2.217317
0.015423434 	 1.5445288
0.0155513445 	 1.6302185
0.015220857 	 2.5740514
0.023423966 	 1.7846146
0.00511408 	 1.5167634
8.3446537e-07 	 2.3684459
0.00013608666 	 1.8228422
0.009429968 	 2.6421578
0.013595856 	 1.4746828
0.009949966 	 1.6729776
0.010259567 	 2.2508564
0.010865316 	 1.9436224
0.031089528 	 2.7506022
0.020618243 	 1.4234364
0.02678342 	 1.2875547
0.040291674 	 2.7931902
0.015424887 	 1.5426165
0.021403713 	 1.8998817
0.0137930885 	 1.912061
0.019417979 	 1.6290519
0.010256857 	 2.1495228
0.00511408 	 1.5894288
0.005153861 	 2.223682
0.005365375 	 2.5806255
0.010220907 	 1.9480275
0.024937058 	 1.4825257
0.0051792045 	 2.12756
0.017546514 	 1.7473936
0.03177417 	 2.1043322
0.021299649 	 2.7907739
0.015317813 	 1.9261191
0.00511408 	 3.930432
0.0051466115 	 2.147088
0.025571395 	 1.776284
0.016065754 	 1.8156843
0.005134809 	 1.747925
0.009450185 	 2.142226
0.028918633 	 1.6468487
0.005247329 	 2.0339315
0.009695772 	 3.5367289
0.03629846 	 1.0348105
0.0052273762 	 2.3740215
0.0243951 	 1.7455431
0.010058755 	 1.9023453
0.031478938 	 2.2401617
0.03417835 	 1.3178471
0.01567146 	 2.460783
0.12528196 	 2.8404565
0.12988853 	 2.3881693
0.08514167 	 3.330648
0.040520065 	 2.597678
0.0051378044 	 1.721013
0.030863773 	 1.3181891
0.04145415 	 2.7806377
0.010617815 	 3.6681194
0.040452722 	 4.2689333
0.021057833 	 3.9259162
0.025833696 	 2.186143
0.031103546 	 2.9749732
0.030446397 	 2.7843807
0.019562144 	 1.1887668
0.024098191 	 3.6759448
0.028454294 	 2.2335706
0.02560362 	 2.4551623
0.0020345869 	 2.5439725
0.010255472 	 0.7404977
0.022938935 	 3.670832
0.037972197 	 13.815511
0.020612158 	 1.9168695
0.04068034 	 1.1039578
0.028016653 	 2.2816205
0.4662455 	 2.1199965
0.36119708 	 2.232646
0.115852095 	 2.3105626
0.06449014 	 2.8151789
0.057732157 	 3.888579
0.05322014 	 2.4425695
0.3265784 	 2.229459
0.031121008 	 4.1735477
0.078127146 	 4.58337
0.07889927 	 2.7931921
0.10100585 	 3.1995301
0.08464594 	 2.5696914
0.1080844 	 3.2382944
0.070260376 	 2.3069432
0.05236689 	 2.1638656
0.06286546 	 3.6678813
0.067537166 	 2.3642306
0.058851875 	 1.9030174
0.04167106 	 5.2779193
0.021652434 	 3.3390615
0.025831005 	 1.1250597
0.02608132 	 2.2322702
0.01601851 	 4.1794257
0.014953582 	 2.89909
0.031175181 	 3.0801773
0.04091093 	 5.2779193
0.026293881 	 2.5485418
0.022079317 	 2.1840744
0.051838934 	 2.5161526
0.032074664 	 1.8781847
0.036346365 	 2.3335447
0.04381087 	 2.9629886
0.020618182 	 2.2308168
0.1039423 	 2.725363
0.10103341 	 2.5058706
0.12851636 	 1.4036928
0.17083599 	 1.9811298
0.14085367 	 1.6055267
0.15237379 	 1.7292831
0.17689787 	 1.8690975
0.16164674 	 1.6742668
0.17914438 	 2.0334888
0.100939125 	 1.8976183
0.17205532 	 1.4915463
0.11578584 	 0.7130172
0.08574537 	 3.3115356
0.031113692 	 2.4893472
0.012962064 	 1.7844616
0.04166466 	 2.2746406
0.025739506 	 1.4068173
0.037748598 	 4.129408
0.02309782 	 3.8909924
0.010065258 	 3.3225672
0.025577204 	 2.7130716
0.015420226 	 2.4208076
0.025839323 	 2.3861287
0.044727467 	 3.1986506
0.04249514 	 1.7528118
0.041670687 	 1.1037115
0.07311458 	 2.879287
0.07743335 	 2.9755678
0.08515634 	 1.1361531
0.08519853 	 3.6572962
0.10522313 	 3.2228532
0.0906131 	 2.9755116
0.15574494 	 2.0736578
0.18615338 	 2.1751878
0.22144149 	 2.6390088
0.21723172 	 2.5595741
0.20208776 	 1.7883841
0.23099238 	 2.1785865
0.15609519 	 1.9875959
0.12128986 	 0.9342812
0.14756165 	 1.5075953
0.1511703 	 2.2850618
0.12143299 	 2.1936264
0.10590024 	 0.8422538
0.103390165 	 2.8519628
0.15267858 	 2.8782308
0.11044814 	 3.1985455
0.057917006 	 0.99925125
0.099446476 	 2.5069902
0.06237507 	 3.6412847
0.067750946 	 5.2779193
0.04167162 	 3.48324
0.0505926 	 2.3920956
0.021314567 	 2.5361447
0.036365833 	 1.8042367
0.035634987 	 2.8788617
0.074067436 	 1.9816214
0.10738232 	 3.071785
0.12551676 	 1.8382832
0.11796946 	 3.4879637
0.10760107 	 2.9752395
0.07961178 	 3.4868507
0.09802442 	 2.571454
0.053527273 	 3.4863172
0.076867655 	 2.8811138
0.053415913 	 4.1426215
Summary
-9.5367386e-07  -  0.5432619 ,  0.7130172  -  13.815511
accuracy:  100.0
equal predictions:  0
TensorFlow version: 1.13.1
Found 939 images belonging to 1 classes.
argN = 196
argN = 196
0.11874305 	 3.5066764
0.3074754 	 2.7653966
0.40532893 	 2.699013
0.49997485 	 2.8482044
0.34109238 	 2.789972
0.2672212 	 2.9648664
0.21686938 	 2.5563254
0.17412077 	 2.5194116
0.08139148 	 3.070582
0.06830614 	 2.7063763
0.10298983 	 1.3607316
0.12017628 	 2.2610366
0.1459623 	 1.5849336
0.23009527 	 1.4489139
0.10833998 	 1.9542555
0.098494664 	 2.4310434
0.18103467 	 2.037886
0.16689847 	 3.6711318
0.19156869 	 3.8916578
0.12477114 	 2.9031103
0.15121017 	 3.332257
0.10758886 	 2.1397614
0.17247267 	 4.5698614
0.23511106 	 2.2414436
0.12288329 	 2.8580842
0.22118922 	 2.5000703
0.24860752 	 3.6706846
0.074029244 	 2.505485
0.010255351 	 3.665533
0.06808395 	 2.7719903
0.07212958 	 2.4436734
0.0852017 	 2.4159064
0.020618426 	 4.176603
0.013178498 	 3.1674852
0.009607845 	 2.1742127
0.0051654843 	 3.2252588
0.010244933 	 3.17693
0.03156069 	 3.2232556
0.2330333 	 2.095178
0.3331431 	 2.4421403
0.24889088 	 2.063324
0.174373 	 2.0672746
0.11846642 	 2.8111823
0.07150888 	 2.4430285
0.11086452 	 2.9687426
0.07186779 	 2.8621752
0.3380771 	 2.621854
0.2331832 	 4.693316
0.28499228 	 1.6350383
0.19476278 	 2.0897417
0.21236858 	 2.2428963
0.24518561 	 2.5648606
0.18507904 	 2.6208065
0.13386299 	 2.453523
0.19639844 	 3.012754
0.1479651 	 2.8503957
0.11627275 	 2.7753642
0.015382153 	 2.1576567
0.020846808 	 3.887866
0.045259543 	 2.4780045
0.018765425 	 3.582361
0.033702437 	 4.4935727
0.048896626 	 2.7547991
0.1359607 	 2.442481
0.0433743 	 4.584905
0.11135357 	 2.2846777
0.04077955 	 2.7902546
0.061652422 	 2.5711014
0.18098351 	 3.189169
0.1907325 	 3.074228
0.020618243 	 2.6056755
0.046934303 	 3.0009205
-9.5367386e-07 	 3.9101636
-9.5367386e-07 	 2.7120793
0.010255472 	 2.979033
0.01023861 	 1.7157788
0.17334846 	 2.9574077
0.29121715 	 2.3046632
0.23653258 	 2.1676638
0.23686276 	 2.3996656
0.05117881 	 2.5878758
0.042338055 	 2.388709
0.06423142 	 3.717126
0.1437915 	 3.0273883
0.061373837 	 1.8279029
0.104488246 	 1.2759553
0.22692342 	 2.114387
0.20796727 	 2.795668
0.025630405 	 3.0369537
0.06730482 	 2.2580125
0.04422321 	 3.0175185
0.04628303 	 2.598462
0.023235137 	 2.9760702
0.0523581 	 2.5925143
0.056194827 	 11.955466
0.010255472 	 2.9708705
0.024071265 	 2.6040828
0.05840528 	 2.3592174
0.0051141395 	 2.3399832
0.00511408 	 3.288526
0.009835833 	 4.0655327
-9.5367386e-07 	 3.0806754
0.020116387 	 3.5601604
0.015423071 	 4.596951
0.015341539 	 2.1421041
0.010075553 	 3.132862
0.04295777 	 2.722313
0.0106053455 	 2.0939019
0.011359535 	 2.4169543
0.020070532 	 2.648716
0.0051141996 	 0.99941236
0.0049609607 	 1.1378248
0.004392781 	 2.3321004
0.0022824209 	 2.264588
0.005104434 	 1.824961
2.4437934e-06 	 2.4399369
0.010255472 	 2.09775
0.00511408 	 2.7955236
0.015405578 	 1.3990225
0.010255472 	 2.9339638
0.010255531 	 2.5743625
0.02061453 	 2.2394345
0.025840119 	 1.3075219
0.015421557 	 1.6980736
0.033314135 	 2.331626
0.02612329 	 1.4056859
0.025957316 	 1.197394
0.021785775 	 1.4705958
0.018436546 	 1.7608863
0.031098135 	 1.6641738
0.025839506 	 2.0369732
0.031090142 	 1.8131799
0.019985702 	 2.709233
0.029229559 	 1.0720369
0.020423127 	 3.415288
0.015423434 	 1.1341621
0.020557277 	 2.784819
0.022232095 	 1.49314
0.010266492 	 1.3734226
0.025535868 	 1.8887472
0.029443096 	 2.244354
0.015421376 	 1.7495598
0.010249931 	 2.8849766
0.005115158 	 3.449089
0.020618364 	 2.287897
0.020616965 	 2.713397
0.0051264213 	 2.100075
0.010255531 	 1.895457
0.00511408 	 2.420931
0.004968269 	 1.4360514
0.010256014 	 1.4304262
0.010255472 	 1.5247302
0.016345505 	 1.5084082
0.031150216 	 1.4370738
0.015423979 	 1.7275476
0.020093823 	 1.7964884
0.015426763 	 2.0620158
0.015106423 	 2.4148688
0.010255472 	 2.1333723
0.009159123 	 2.0332983
0.00511408 	 1.5956804
0.00511408 	 2.9767425
-9.5367386e-07 	 2.1548092
0.005397196 	 2.0893564
-9.5367386e-07 	 1.7486999
-9.5367386e-07 	 2.5075893
0.0051161167 	 2.24604
0.01541726 	 1.2333572
-9.5367386e-07 	 2.5768592
0.021653531 	 3.261129
0.04700502 	 2.2457755
0.03636299 	 1.3058436
0.020618243 	 2.8582911
0.020618182 	 2.706215
0.019498082 	 1.8780794
0.015423434 	 2.3872776
0.01509553 	 1.6795021
0.014825808 	 1.4325966
0.010255472 	 1.9472301
0.016960712 	 1.7491803
0.015423434 	 1.6634165
0.015423071 	 1.8767235
0.015422344 	 1.7958957
-9.5367386e-07 	 2.1048925
0.01013763 	 3.1522763
0.0040526143 	 1.304349
0.020298485 	 1.3382062
0.022018202 	 1.0151956
0.03550609 	 1.2594695
0.037576847 	 2.7114043
0.01649462 	 2.0961282
0.020585813 	 1.2777287
0.020620372 	 4.5059047
0.019183543 	 3.0318153
0.015423797 	 2.0136738
0.011001503 	 1.2495314
0.027385358 	 1.8134707
0.019484285 	 1.105604
0.015418895 	 1.5871336
0.024033349 	 2.2344093
0.010255171 	 1.8439596
0.003851789 	 2.7027254
0.014421965 	 1.764393
0.020324215 	 2.0905602
0.030741388 	 2.4806838
0.0077710915 	 1.8631525
0.008972244 	 2.1786797
0.021207044 	 2.495892
0.031283475 	 1.9412274
0.022948937 	 1.8441024
0.1661928 	 2.5906706
0.15551177 	 1.7649572
0.05716084 	 1.8017671
0.08523844 	 2.28238
0.05851277 	 2.4731123
0.036367007 	 1.6861464
0.030995457 	 5.2778025
0.030782938 	 3.6688108
0.015421557 	 3.0687501
0.015423797 	 3.000608
0.00511408 	 13.815511
0.03144234 	 3.4310162
0.031092355 	 3.668638
0.05212793 	 1.9924575
0.05414805 	 2.880202
0.015338029 	 1.9062643
0.0102556525 	 2.0206587
0.016514922 	 2.3381433
0.030978795 	 2.8745375
0.02073903 	 2.019234
0.020448253 	 3.3321486
0.012674987 	 4.143173
0.042826615 	 2.8270085
0.04167162 	 1.7779948
0.044837862 	 3.6708436
0.025379896 	 3.6690447
0.035393815 	 3.4222398
0.041660808 	 2.4416568
0.058426764 	 3.457782
0.07372814 	 0.93639714
0.19356833 	 1.905443
0.11371362 	 2.1913984
0.08918347 	 2.9552372
0.025811799 	 2.7805455
0.09629765 	 2.2708519
0.091069356 	 4.172101
0.09838318 	 1.2356367
0.06862611 	 2.387673
0.04153989 	 2.3336725
0.03636645 	 3.7736878
0.047004957 	 2.5667527
0.046185207 	 2.338023
0.011074244 	 2.824289
0.010248667 	 2.7931921
0.010255472 	 3.4098568
-9.5367386e-07 	 1.0635488
0.010255472 	 2.9742658
0.025829475 	 2.830245
0.055015918 	 2.5569618
0.031163622 	 4.2026834
0.036487672 	 2.1049063
0.027154803 	 1.7247826
0.036779072 	 3.7602882
0.03088283 	 2.4785316
0.119059235 	 2.5693223
0.12351912 	 2.2325525
0.1301885 	 2.1144612
0.13363528 	 2.0884914
0.16792814 	 1.1466216
0.10789052 	 1.7526842
0.061386388 	 3.6681383
0.029527629 	 3.6505046
0.026882483 	 3.7151217
0.04988387 	 2.9809012
0.010255472 	 2.7846453
0.011462931 	 2.020054
0.010255351 	 3.6686335
0.020617269 	 3.668638
0.015366355 	 2.7906146
0.010266974 	 3.4344063
-9.5367386e-07 	 3.6677296
0.020736778 	 2.927164
0.09571988 	 4.595368
0.11686821 	 3.072673
0.14589995 	 3.31987
0.19517834 	 2.7074516
0.09363034 	 1.996638
0.15367083 	 2.3789208
0.16684355 	 2.7246554
0.13647173 	 2.2425454
0.18819962 	 2.1417553
0.16024522 	 1.5820596
0.13613428 	 1.585775
0.14986564 	 2.1109955
0.13935113 	 2.687592
0.124055624 	 1.9653143
0.093603835 	 2.9771252
0.113635756 	 1.8814528
0.06483045 	 2.9755104
0.040334556 	 4.1794376
0.030921128 	 2.0346894
0.04156406 	 2.3868613
0.03112802 	 2.408903
0.020663513 	 2.3502934
0.046793446 	 3.6685727
0.057426825 	 2.8891397
0.055786345 	 2.0558748
0.090409905 	 2.8634255
0.067056015 	 2.6940467
0.07448628 	 3.2683709
0.025859812 	 2.129242
0.06317715 	 4.58487
0.05775584 	 1.4259275
Summary
-9.5367386e-07  -  0.49997485 ,  0.93639714  -  13.815511
accuracy:  100.0
equal predictions:  0
TensorFlow version: 1.13.1
Found 939 images belonging to 1 classes.
argN = 196
argN = 196
0.28943703 	 3.6298966
0.14298049 	 2.38048
0.1204125 	 3.002763
0.098909 	 3.8636835
0.1148689 	 3.447155
0.09000945 	 1.447904
0.062813796 	 2.464751
0.059148032 	 3.1451347
0.06283429 	 2.8772848
0.086490266 	 2.2211778
0.10658305 	 2.1395557
0.105386704 	 2.4667614
0.10569346 	 2.6537552
0.16550921 	 2.815344
0.14328304 	 2.5005863
0.21460891 	 2.2996566
0.260631 	 2.468854
0.24199818 	 3.4048605
0.28033793 	 2.8463628
0.16519277 	 3.1213596
0.089378595 	 2.4674296
0.007370327 	 3.8945441
0.013359519 	 3.0777466
0.005123905 	 3.2435193
0.009658458 	 1.7563175
0.010028351 	 3.474085
0.031014884 	 2.6644542
0.214177 	 1.8910456
0.13216373 	 2.613962
0.072771184 	 3.1181195
0.24597904 	 3.1922343
0.10865674 	 2.495652
0.27032217 	 2.6360319
0.29685426 	 2.9658678
0.1942802 	 3.0816584
0.3404469 	 2.2292702
0.020600779 	 2.9725895
0.16896904 	 2.7058222
0.19500701 	 2.3372922
0.14322925 	 2.2709587
0.08836931 	 1.8565667
0.034985904 	 3.010592
0.065170184 	 2.0574474
0.06717726 	 2.0775185
0.08931648 	 2.6500995
0.046782017 	 2.4588342
0.15525089 	 3.6896632
0.12477154 	 3.1960473
0.031119902 	 2.441782
0.058351506 	 3.2548208
0.005102757 	 1.7408772
0.0051125223 	 2.9462373
-9.5367386e-07 	 2.7124698
-9.5367386e-07 	 3.6475196
-9.5367386e-07 	 3.6628163
-3.576278e-07 	 3.662461
0.0028681122 	 4.6159835
0.12483313 	 3.1972804
0.32988408 	 2.8941703
0.27283844 	 1.8722565
0.15133429 	 2.9205842
0.0996471 	 3.4135666
0.0895289 	 2.0671659
0.05053398 	 2.2994578
0.12624171 	 2.3523898
0.17066686 	 2.9506629
0.25728863 	 4.1784916
0.38209108 	 3.137545
0.1946089 	 2.817257
0.14757264 	 2.505272
0.1490205 	 2.8804953
0.060077343 	 2.1871126
0.047004957 	 3.2231915
0.05530987 	 2.8977902
0.07477939 	 3.032932
0.010255472 	 2.570764
0.015423434 	 3.412575
0.01025481 	 2.6067882
0.0033863238 	 1.9543165
0.030813735 	 2.7565854
0.010255893 	 4.1793675
0.022980468 	 3.162242
0.0051447544 	 2.6861854
0.015416413 	 2.0719085
0.010124142 	 1.7816232
0.020617573 	 2.3294501
0.00511408 	 2.7438798
0.0051141996 	 3.5074499
-3.576278e-07 	 1.5130312
0.009818076 	 1.8852466
0.010250293 	 3.3950574
0.005117854 	 1.2726244
0.0040619504 	 1.9952519
0.010255472 	 1.9858787
0.014416462 	 2.5792546
0.015423373 	 1.1716268
0.025840178 	 2.055283
0.030830147 	 1.4634498
0.015425008 	 3.1981382
0.014564928 	 2.0131483
0.03769778 	 2.9457633
0.03076671 	 2.0179868
0.030785704 	 1.9196016
0.024678964 	 1.5787215
0.031090511 	 2.7931056
0.027482275 	 3.466257
0.025833879 	 1.6088457
0.015743634 	 1.7730953
0.011872335 	 2.6390264
0.021026665 	 1.5038514
0.010259687 	 1.9803327
0.010255531 	 1.4176848
0.010255531 	 3.3636448
0.010255472 	 1.7656474
0.021780536 	 2.2436635
0.0054463972 	 1.479321
0.010152623 	 2.9728703
0.003801948 	 1.9783866
0.00511408 	 1.9151897
0.0054583834 	 2.866223
0.020519068 	 2.5810294
0.010255472 	 2.0198555
0.010255472 	 1.3670433
0.0049130414 	 1.9777381
0.015467623 	 1.963164
0.010255351 	 3.2174253
0.0064837867 	 2.0131402
0.0051148585 	 2.100073
0.010255351 	 2.1340349
0.015424463 	 2.1065772
0.020479644 	 2.111764
0.00511408 	 1.5477966
0.0052725547 	 4.443555
6.1692714e-05 	 1.2199633
0.010225603 	 2.3338215
0.0045909607 	 1.699726
0.0051108445 	 2.9721317
0.00511408 	 2.3194454
0.0001286351 	 1.9532168
5.096327e-05 	 1.994956
-9.5367386e-07 	 1.4035337
0.0102440305 	 2.1863694
0.0044647437 	 3.8798199
0.010255472 	 1.8341943
0.00018884534 	 3.332177
1.1920936e-06 	 2.309929
0.0043181293 	 2.2829065
0.014771424 	 1.3143
0.010255472 	 2.0549428
0.025839444 	 2.714811
0.00511408 	 3.3258023
0.00511396 	 1.5786105
0.017456802 	 2.0761926
0.025840178 	 2.7124581
0.031089528 	 2.8801098
0.031412568 	 1.2583714
0.03751026 	 1.5874951
0.020629985 	 2.139007
0.02472729 	 3.079459
0.02206317 	 3.4171467
0.025659697 	 1.5512562
0.015423434 	 1.7438195
0.02041467 	 2.009746
0.029382266 	 2.7869606
0.015589424 	 1.4332576
0.0064133583 	 4.9159765
0.010794818 	 2.2333908
0.00511408 	 3.0808442
0.0102556525 	 1.958705
0.015419803 	 1.6786288
0.0050728023 	 1.8953754
0.0051141996 	 1.9822706
0.0051405006 	 1.076756
0.031112155 	 1.4240957
0.020146856 	 1.267662
0.052878603 	 1.7243065
0.018328905 	 2.576824
0.014965863 	 3.6647391
0.017084211 	 1.3545026
0.025720058 	 2.0859709
0.015069269 	 2.015391
0.0059561734 	 2.4216022
0.020569202 	 1.899816
0.020618364 	 1.5660559
0.02051116 	 2.708284
0.02026424 	 2.4299183
0.013819074 	 3.4332
0.00019892049 	 1.6976051
0.025833573 	 1.7672242
0.011509296 	 1.5065966
0.0059480784 	 0.97356063
0.011676205 	 1.2539315
0.010253846 	 1.9803237
0.006365609 	 1.5301747
0.1190452 	 1.7560183
0.10086805 	 3.8968575
0.13568206 	 2.23294
0.16528775 	 1.9436802
0.15998463 	 1.4175756
0.08376547 	 2.2708306
0.06641228 	 2.7306457
0.010255171 	 2.32789
0.00511408 	 2.1767437
0.01956646 	 2.2933705
0.020605465 	 1.6061132
0.027242389 	 1.7784407
0.025937557 	 3.4893377
0.015466897 	 3.4879365
0.036366638 	 3.1938534
0.04168809 	 2.4651606
0.021425087 	 2.9566026
0.021540064 	 3.1977034
0.0054386063 	 3.3292873
0.0049550906 	 4.019947
1.1324889e-06 	 2.6778862
0.015423555 	 3.663718
0.02061812 	 2.5492532
0.015412417 	 2.652501
0.010255472 	 2.793165
0.015423434 	 5.277767
0.010399165 	 5.2779193
0.025840178 	 4.5847764
0.005105872 	 1.3120911
0.031341717 	 2.7931356
0.029348813 	 1.4225173
0.019859228 	 1.2465601
0.01543203 	 2.2183614
0.015525918 	 13.815511
0.039135884 	 3.3137696
0.06509817 	 2.708885
0.14163983 	 2.2901056
0.25086328 	 2.0197325
0.37685707 	 2.761173
0.19720584 	 2.3169959
0.103884235 	 1.3658873
0.041672055 	 4.58487
0.052353326 	 2.452557
0.037036162 	 1.2768662
0.046932805 	 1.9818228
0.031162823 	 3.1029649
0.036366574 	 1.7813047
0.042083822 	 4.160247
0.01564815 	 2.2812843
0.067328796 	 2.7881591
0.10318509 	 2.0754218
0.029534934 	 3.3832083
0.14117824 	 5.2718406
0.07072439 	 2.7468097
0.096991405 	 4.1785073
0.06302892 	 1.8123326
0.07410684 	 1.9453627
0.041672055 	 1.3777269
0.05296847 	 3.0788057
0.02634712 	 2.0997806
0.04170269 	 1.911062
0.037685156 	 3.529
0.015415505 	 2.7161
0.026370803 	 1.7321079
0.010255472 	 1.2496186
0.025840178 	 3.2840643
0.01062384 	 3.4979143
0.020409683 	 2.9752033
0.029447824 	 2.682383
0.031895515 	 2.7931843
0.036363486 	 2.7130034
0.0416664 	 1.3875335
0.0443738 	 1.5396479
0.036361076 	 2.2291346
0.057544753 	 2.976503
0.117041335 	 2.058995
0.13170922 	 1.8336914
0.120637685 	 1.9352664
0.111600175 	 2.6013339
0.06460521 	 1.8087693
0.05783389 	 1.6436782
0.025840178 	 5.211812
0.020618243 	 4.178266
0.020376591 	 3.0475376
0.015422405 	 2.5055149
0.015422102 	 4.3959436
0.020618912 	 1.4655348
0.04245851 	 2.4418821
0.04651054 	 2.0020883
0.033832524 	 2.4440536
0.057756912 	 3.3321068
0.08997241 	 3.7861547
0.1349252 	 1.666732
0.15955603 	 1.960464
0.1701919 	 1.413304
0.203185 	 1.7558378
0.10767707 	 2.538061
0.14213179 	 2.2808747
0.10059381 	 2.2169533
0.1018404 	 1.6279398
0.094723314 	 1.9804748
0.10240673 	 1.8854077
0.10222226 	 2.1314728
0.03943655 	 2.5044575
0.025955604 	 1.8697971
0.036388457 	 2.3947778
0.022202414 	 1.4746914
0.031120762 	 1.9367503
0.020617208 	 1.4494555
0.036832687 	 1.8433708
0.03663296 	 3.1903498
0.057513315 	 2.7128596
0.074105114 	 3.0284286
0.10164468 	 1.5216926
0.06738152 	 2.7891283
0.06381977 	 1.9573104
0.067662545 	 1.2279289
0.047621135 	 2.7264533
0.07048727 	 1.6121516
Summary
-9.5367386e-07  -  0.38209108 ,  0.97356063  -  13.815511
accuracy:  100.0
equal predictions:  0
TensorFlow version: 1.13.1
Found 939 images belonging to 1 classes.
argN = 196
argN = 196
0.06934749 	 2.3776362
0.24077216 	 3.2875729
0.2877749 	 1.9689676
0.28317732 	 2.4183426
0.024046598 	 3.2787757
0.023075009 	 3.6610155
0.046533644 	 2.017994
0.016993875 	 2.2645335
0.03468312 	 3.0909336
0.050388165 	 1.7426652
0.031089282 	 2.7851877
0.096657634 	 2.030425
0.06976641 	 3.1175983
0.09668042 	 2.6065733
0.099214755 	 2.2455046
0.05381852 	 2.478548
0.09082697 	 2.1201649
0.14220668 	 3.0639222
0.115682185 	 2.7337296
0.15789141 	 2.3678157
0.07175155 	 1.8338618
0.0740967 	 3.1672604
0.055772983 	 2.4031568
0.025832593 	 2.0547423
0.0071166665 	 1.9542319
0.010255351 	 2.7207894
0.03108965 	 3.1986492
0.07497262 	 1.7655227
0.11725544 	 7.795853
0.16517174 	 1.4928787
0.14136688 	 3.1589372
0.09950336 	 1.9469644
0.15535156 	 2.975125
0.19050243 	 3.0521345
0.20477737 	 1.937036
0.25965437 	 2.9189124
0.24089493 	 1.9145179
0.18162408 	 1.8977709
0.18225135 	 2.1063695
0.2809991 	 2.572
0.13058989 	 2.4801447
0.1647998 	 0.9827978
0.14428777 	 3.8919644
0.063497014 	 1.8530225
0.113475904 	 2.7482986
0.09868924 	 2.512119
0.09122763 	 2.1150455
0.031158764 	 2.0330725
0.0067261253 	 6.7016234
0.031093646 	 2.9744327
0.028043134 	 1.9911339
0.06335851 	 1.7474275
0.10668663 	 2.976054
0.06037652 	 1.4964945
0.050006237 	 4.3101454
0.041661303 	 2.062537
0.05291788 	 3.4863229
0.04598404 	 2.2099645
0.02579192 	 2.3386822
0.09653434 	 2.4749115
0.03225532 	 1.5132267
0.045759454 	 2.1518817
0.025162028 	 2.1356082
0.052358914 	 2.2239316
0.010255472 	 2.7369528
-9.5367386e-07 	 2.8568158
0.06875814 	 2.2303808
0.029694872 	 1.529399
0.016039044 	 1.5604657
0.094972745 	 2.8073547
0.11051277 	 2.2000268
0.08472385 	 2.1469188
0.12289711 	 2.2203715
0.12939271 	 1.5435778
0.12729275 	 1.6584026
0.14555511 	 3.8120825
0.11963137 	 2.7410722
0.06317329 	 1.0475628
0.044938356 	 2.404759
-9.5367386e-07 	 1.3858527
-9.5367386e-07 	 2.0992208
0.040701944 	 2.2761536
0.072723106 	 2.2860603
0.025831066 	 3.3229573
0.025761463 	 5.108016
0.006296268 	 1.751009
0.017210152 	 2.4137025
0.02061812 	 2.6981592
0.00511408 	 2.5039601
-9.5367386e-07 	 2.4510272
-9.5367386e-07 	 1.8025987
0.016563885 	 1.9911356
0.00511408 	 2.0833263
-9.5367386e-07 	 3.0692298
0.01542634 	 2.7121303
0.009043755 	 2.3148544
0.015423434 	 2.5349257
0.00511408 	 2.7937686
0.01536357 	 4.584613
0.00511408 	 1.8116962
0.00511408 	 2.396671
0.010362848 	 1.6291744
0.010255472 	 1.5969694
0.010268058 	 2.1221647
0.009329069 	 1.8678988
0.005116596 	 1.5535113
0.0051141395 	 1.2923683
-9.5367386e-07 	 1.8044778
0.01024969 	 2.0998302
-9.5367386e-07 	 1.7267632
0.00015438795 	 1.8535177
-9.5367386e-07 	 1.0615262
-9.5367386e-07 	 2.1577654
0.0054190694 	 1.4134429
0.00511408 	 1.9437926
0.022079378 	 1.3662702
0.02586073 	 1.98187
0.00511408 	 0.99847245
0.015423434 	 1.5531602
0.020607594 	 2.0915544
0.033281967 	 1.6822821
0.015667707 	 1.7954326
0.015423434 	 2.4246535
0.015418471 	 1.51782
0.00511408 	 1.6258721
0.0047934316 	 1.514201
-9.5367386e-07 	 2.2416904
0.015423434 	 2.2738156
0.00511384 	 2.017563
0.005104015 	 1.2276895
-9.5367386e-07 	 2.5095117
-9.5367386e-07 	 1.7467167
0.010253665 	 1.9220389
0.00042602554 	 2.2178602
0.010254689 	 1.5378121
0.00482206 	 1.8969661
0.0051111444 	 2.444669
-9.5367386e-07 	 1.8368593
0.011294428 	 2.5291905
0.0045983256 	 1.4073986
0.015032782 	 1.5359167
0.010255472 	 3.3321285
0.0051143793 	 2.8787313
0.010254629 	 2.3631687
0.010863086 	 1.1623853
-9.5367386e-07 	 2.2045827
-4.7683704e-07 	 1.6224171
-9.5367386e-07 	 1.6986378
-9.5367386e-07 	 1.4205704
-8.344647e-07 	 1.5440757
-9.5367386e-07 	 2.3627603
-9.5367386e-07 	 1.5071981
0.00511408 	 1.750733
0.015423252 	 2.0710034
3.5762793e-07 	 2.3404586
0.00511408 	 1.1356047
0.00511408 	 2.790573
0.00511402 	 1.3841147
0.0041326326 	 1.4029919
-7.152555e-07 	 1.496512
0.032805126 	 2.789914
0.025828924 	 1.4934831
0.015423434 	 2.101554
0.025277682 	 2.158939
0.020618243 	 1.6436563
0.015423434 	 2.2815726
0.010255472 	 1.0121118
0.015423313 	 2.7915921
0.015423434 	 1.6571018
0.00511408 	 1.5386034
0.00973712 	 0.9970751
0.010255472 	 2.132323
0.010255712 	 2.1704605
0.0102561945 	 1.5357608
0.013115688 	 1.7878133
4.1604908e-05 	 1.7173475
0.008412781 	 2.6080365
0.010308405 	 1.294899
0.00511408 	 2.0003443
0.010242766 	 2.1683302
0.010203504 	 1.8704156
0.015425008 	 1.4093046
0.025504012 	 1.1305556
0.03362692 	 1.4778664
0.01600888 	 1.7931318
0.010203565 	 1.3033959
0.010254629 	 0.7756129
0.010253665 	 2.1042564
0.012572553 	 1.2579072
0.010254026 	 1.7484293
0.012251918 	 1.292706
0.010255472 	 2.450638
0.012162138 	 1.986895
0.005088738 	 2.1885433
0.00521743 	 1.2241521
0.0001860434 	 1.7952539
0.0051161167 	 1.7662117
0.009844801 	 1.1554924
6.198902e-06 	 1.1034851
0.0056660054 	 1.1774412
2.3246082e-05 	 2.243612
0.0061240774 	 1.5104485
0.058524333 	 1.7362345
0.0742482 	 1.5405908
0.0918684 	 2.8443506
0.058337037 	 3.0795808
0.059104778 	 2.275717
0.044556633 	 2.0311086
-9.5367386e-07 	 1.1836503
0.023012733 	 3.8979383
0.015393895 	 2.969469
0.020721748 	 3.8916578
0.01356039 	 2.099239
0.020618243 	 3.0984235
0.010255472 	 2.516713
0.03257184 	 2.3244572
0.010255833 	 2.0403903
0.011336687 	 2.7391114
0.010039188 	 1.8479544
0.00020178208 	 3.4299796
0.00511408 	 1.69335
0.00511408 	 1.1195966
-9.5367386e-07 	 2.5054886
0.01450064 	 1.2766947
0.0051141996 	 4.5790753
0.013882471 	 2.1426175
0.0052863364 	 1.8008662
0.020568471 	 2.5624871
0.015423313 	 2.46318
0.020610332 	 1.5880957
0.017132234 	 2.3351648
0.10098363 	 2.4744973
0.04733587 	 1.8852533
0.047004957 	 2.1757405
0.025840301 	 2.1791496
0.031089528 	 4.1794024
0.036366824 	 3.2043371
0.0263686 	 3.8536816
0.015420287 	 2.5715725
0.0153862685 	 1.206022
0.026535131 	 3.2504804
0.04187018 	 2.3649695
0.052380584 	 4.1794376
0.05775792 	 2.0574186
0.078886956 	 1.6138499
0.07961578 	 2.2774076
0.035576064 	 1.5926389
0.03632887 	 1.633442
0.041719966 	 2.1217713
0.04162377 	 2.7137277
0.036366574 	 1.9822723
0.04167193 	 0.8366518
0.025834857 	 2.2122557
0.010255472 	 2.334636
0.005117794 	 3.1985586
0.00511408 	 2.097163
0.00511408 	 1.8126518
0.00511408 	 1.9306116
0.005037937 	 2.113532
0.010255472 	 3.09208
0.015368171 	 2.638942
0.015423131 	 1.8629283
0.010255472 	 2.7336159
0.052367143 	 2.3854382
0.09545388 	 2.3874404
0.13032259 	 1.723089
0.09906581 	 1.6331029
0.09068038 	 2.3872368
0.078279644 	 2.792439
0.094808176 	 1.7507628
0.074127965 	 2.2802253
0.0571349 	 2.0999296
0.049362414 	 1.3130504
0.015423434 	 1.635316
-9.5367386e-07 	 2.3850622
3.3974704e-06 	 2.441167
-9.5367386e-07 	 2.1395893
0.00511408 	 3.5787432
0.0017820372 	 2.0643756
0.00511408 	 1.1362884
0.010255472 	 3.1683917
0.046994776 	 1.4259319
0.057521522 	 1.8528928
0.07595265 	 3.399173
0.10175468 	 1.4326333
0.12908301 	 3.7535203
0.10212481 	 2.008699
0.12814283 	 2.1709359
0.10685077 	 2.9819024
0.113533124 	 1.8180604
0.10621763 	 2.5799081
0.11647738 	 1.6148466
0.0776222 	 1.235291
0.094445065 	 1.6968187
0.11967215 	 1.2452931
0.070445895 	 1.7517619
0.05731617 	 3.4627044
0.07302308 	 3.1376274
0.05236796 	 2.638274
0.037435014 	 2.1701336
0.046975095 	 1.231984
0.02571859 	 1.9373785
0.020617817 	 2.7124043
0.01474874 	 3.213155
0.015426521 	 1.3693331
0.052362747 	 2.2489429
0.06574533 	 2.0031388
0.052834928 	 2.6691592
0.033310376 	 1.0696101
0.031683482 	 2.1489077
0.02065317 	 1.5221022
0.020615991 	 2.8645394
0.031138534 	 1.8052881
Summary
-9.5367386e-07  -  0.2877749 ,  0.7756129  -  7.795853
accuracy:  100.0
equal predictions:  0
