TensorFlow version: 1.13.1
Found 939 images belonging to 1 classes.
argN = 784
argN = 784
0.13081147 	 2.4063056
0.23419556 	 3.0027041
0.07149639 	 3.0902245
0.07903808 	 3.1558473
0.062353436 	 3.1665318
0.053589463 	 2.864207
0.036120348 	 2.7297957
0.036804426 	 2.9163325
0.04426252 	 2.4702134
0.10888388 	 1.7068566
0.07769241 	 2.339993
0.042690568 	 2.5851033
0.04997096 	 3.782886
0.037436005 	 2.4066198
0.061815992 	 3.1670663
0.09902554 	 2.4741414
0.112649605 	 2.4602377
0.20207332 	 1.7444562
0.024532106 	 4.175726
0.049456038 	 1.8961062
0.011598838 	 2.9783533
0.016700426 	 3.5151534
0.011680306 	 3.142714
0.012688388 	 2.7161999
0.016002158 	 1.6604242
0.046815556 	 2.109725
0.06241808 	 3.0813246
0.2714305 	 2.1221883
0.21387209 	 2.4444985
0.08853269 	 2.8304625
0.18229705 	 2.3013473
0.18024477 	 3.0854158
0.22124395 	 1.9976915
0.2970329 	 2.813105
0.3543941 	 2.7510166
0.39433405 	 1.7849413
0.3659794 	 3.0288992
0.12889348 	 2.9410086
0.048227742 	 2.7518475
0.1366463 	 3.2717113
0.10023228 	 3.2622862
0.020198308 	 3.7757325
0.024485866 	 2.414569
0.024544872 	 4.0232954
0.027145863 	 3.3281963
0.045705922 	 1.9893217
0.046680775 	 2.5834355
0.07123618 	 2.6102734
0.026462113 	 2.2147746
0.02480116 	 1.9644549
0.04082773 	 1.9411219
0.10207418 	 2.9741867
0.14481403 	 3.097581
0.023864731 	 2.3676636
0.004399127 	 2.3855069
0.0012199569 	 3.5962229
0.001275339 	 3.4055767
0.015403398 	 4.097983
0.025840178 	 2.6335483
0.061846934 	 3.4117904
0.23910087 	 2.3369176
0.30138454 	 2.5345151
0.2172869 	 2.387149
0.19776471 	 2.7754617
0.12637934 	 2.5537078
0.07983003 	 2.5832179
0.074433625 	 3.426935
0.097736314 	 2.3037527
0.059092827 	 1.6181734
0.16992652 	 2.8330243
0.18039803 	 2.7616315
0.17429148 	 2.3347208
0.14524263 	 2.215411
0.10328475 	 3.3685427
0.09170134 	 3.5731997
0.03638957 	 3.1696775
0.016377678 	 3.1731732
0.025751922 	 2.872278
0.05722105 	 3.2169776
0.06493399 	 2.7380412
0.07593432 	 2.490734
0.073561706 	 2.3736343
0.0595162 	 1.9944177
0.060161404 	 2.4332926
0.0523586 	 3.7434359
0.051108863 	 2.4706764
0.025628999 	 2.7557878
0.022520708 	 2.4730911
0.023235196 	 3.1885269
0.027985452 	 2.9314375
0.01880703 	 2.7111344
0.00897026 	 3.104217
0.0063971616 	 2.8911529
0.021910114 	 3.137078
0.026223022 	 2.6863446
0.022485228 	 2.928494
0.02497898 	 1.5650618
0.012822107 	 1.9239293
0.027485952 	 1.7227862
0.019318134 	 1.5281368
0.018017344 	 1.82884
0.03105362 	 2.1468897
0.029789679 	 1.9440558
0.024592947 	 1.3161839
0.029059757 	 2.1298447
0.018018983 	 0.92837065
0.023208171 	 1.7545321
0.021400912 	 1.8830442
0.01953929 	 2.045644
0.017932262 	 2.0094192
0.010076818 	 1.85567
0.01157725 	 1.2709255
0.0075533027 	 2.2068117
0.013351787 	 1.5387475
0.022116367 	 1.001292
0.0141719505 	 2.102284
0.0077593178 	 2.1115055
0.01770673 	 1.3471131
0.016547825 	 1.4427218
0.021915292 	 1.8963933
0.013082111 	 0.9000567
0.022002602 	 1.8361174
0.015451581 	 1.9430614
0.019316917 	 2.4127984
0.024483116 	 1.696527
0.02071043 	 1.5945235
0.016719578 	 1.3683045
0.018948615 	 2.26861
0.022826115 	 1.34269
0.02044515 	 2.2558894
0.014144685 	 1.3162522
0.011441346 	 1.9189667
0.013680872 	 1.146624
0.01154481 	 2.1583164
0.01026059 	 1.1780994
0.011536489 	 1.5169781
0.0051141395 	 2.1069975
0.0075742025 	 2.5796673
0.008967673 	 1.2343824
0.0038328813 	 2.0038574
0.00767997 	 1.541372
0.01153263 	 2.1517117
0.005592997 	 2.4005992
0.011193824 	 2.7917106
0.0077055576 	 1.8067703
0.012835631 	 0.9510819
0.008967493 	 1.342177
0.012872823 	 1.81909
0.0131043345 	 1.6680739
0.012835933 	 1.9899119
0.011534197 	 1.4157722
0.015065699 	 1.8726008
0.010255472 	 1.3283589
0.01154499 	 2.246781
0.0076814713 	 1.0805447
0.008965328 	 1.7452642
0.010202239 	 1.3570094
0.011516772 	 1.8533034
0.008967613 	 1.3221357
0.00511408 	 1.4425478
0.0074243695 	 1.9491596
0.005114499 	 1.1147226
0.01007742 	 1.9422708
0.00511408 	 1.698976
0.0025532627 	 1.1497025
0.0038341978 	 1.883121
0.007568257 	 1.4518533
0.010139315 	 1.3345672
0.0076814713 	 1.1880966
0.008967673 	 2.1543097
0.011529615 	 1.9412045
0.007452653 	 1.6463048
0.008895146 	 1.4664588
0.008967613 	 1.8315914
0.0147080915 	 1.1764197
0.011486625 	 2.0852487
0.018017465 	 2.2927487
0.02058198 	 1.5624411
0.019228991 	 1.143551
0.024332134 	 2.4284327
0.02981369 	 1.9083956
0.028460918 	 1.6411788
0.025625573 	 2.4578896
0.04033257 	 1.9240592
0.02194399 	 1.8262991
0.04101426 	 0.9482924
0.038516052 	 1.1258208
0.03109008 	 1.4089525
0.032193147 	 1.3367684
0.036219165 	 1.8503276
0.036188327 	 1.468724
0.03919564 	 1.736967
0.032149754 	 1.4645202
0.036409043 	 1.6335868
0.034746803 	 2.469115
0.035281558 	 1.460191
0.0314221 	 1.5298871
0.03894772 	 1.4056426
0.020528682 	 0.895941
0.01799398 	 1.7367215
0.02165956 	 1.407731
0.0131698605 	 1.0694869
0.19856536 	 1.9100906
0.21454746 	 1.368408
0.23751915 	 1.8272172
0.22173749 	 1.4215472
0.16972414 	 2.3496847
0.15875247 	 2.0903225
0.07384736 	 2.0288718
0.08458419 	 2.8412375
0.103119075 	 2.7669477
0.079501934 	 2.7752972
0.09992964 	 2.6560807
0.08791604 	 2.0054002
0.095185585 	 2.6023397
0.109197356 	 2.1558633
0.10575745 	 2.2124903
0.111450374 	 2.9728107
0.09930724 	 1.9986609
0.084353946 	 2.2951508
0.089395605 	 2.8293555
0.0684357 	 2.1318173
0.04546356 	 3.4220407
0.07681031 	 1.284084
0.0822777 	 2.604061
0.06997376 	 1.7873272
0.06587214 	 3.2962146
0.11676538 	 2.1200163
0.22692095 	 2.2517376
0.3046848 	 2.2460756
0.19854006 	 1.5202954
0.16462193 	 2.6754093
0.13719079 	 2.1390936
0.11470611 	 1.8587451
0.11905917 	 2.5168924
0.20482434 	 1.8438112
0.22813924 	 2.0537553
0.39104557 	 1.7213452
0.16702083 	 2.4021869
0.11937122 	 2.3841317
0.12481753 	 2.7704484
0.16148232 	 2.131735
0.15027778 	 2.201616
0.15380985 	 2.2896361
0.12078981 	 2.4398139
0.10630075 	 1.9193692
0.07823768 	 2.8787534
0.08684933 	 2.630886
0.094968945 	 2.7021856
0.109002456 	 1.1832529
0.094796054 	 1.8513737
0.09068365 	 2.156855
0.057657585 	 3.7739735
0.04834278 	 1.2610055
0.051002793 	 3.3634467
0.048368804 	 2.6171963
0.055060066 	 2.029547
0.0561372 	 1.9194659
0.059619445 	 2.7698822
0.07822885 	 2.34671
0.06322033 	 2.0857337
0.08927321 	 1.6370687
0.09968345 	 2.5715725
0.12574047 	 1.2433903
0.22029574 	 2.151734
0.22767757 	 2.018281
0.22845842 	 1.9047657
0.15468758 	 1.9111027
0.047553435 	 2.503262
0.03190813 	 2.221901
0.046969224 	 1.5763348
0.039820228 	 2.5476022
0.04296785 	 2.7348807
0.033713598 	 3.005322
0.052017547 	 2.4448764
0.040198103 	 1.9019436
0.038850054 	 1.3102115
0.04440296 	 2.5210195
0.06453464 	 3.2631876
0.084122844 	 1.6342189
0.11478112 	 1.0293517
0.154806 	 2.6249957
0.18781896 	 2.376901
0.16506164 	 1.8944012
0.17078458 	 1.6587431
0.19936739 	 1.4125067
0.21903658 	 1.9941694
0.27298927 	 1.7227892
0.28000656 	 1.7273736
0.28129748 	 1.7883157
0.3262003 	 1.5349518
0.31995374 	 1.727654
0.2603054 	 1.5994716
0.26823714 	 1.4013963
0.20240414 	 1.9464587
0.23552367 	 1.9924706
0.17547078 	 1.362811
0.1766938 	 2.0468388
0.18757273 	 1.0326743
0.15010254 	 2.1704679
0.12795836 	 2.7392359
0.11329839 	 3.0502028
0.09161805 	 3.332167
0.07137463 	 2.0231504
0.06862771 	 3.2303963
0.06614166 	 2.503254
0.08826195 	 2.2863002
0.082212925 	 2.09039
0.13850579 	 2.6310585
0.14587292 	 2.1968274
0.15742546 	 2.4444602
0.13114984 	 1.8280691
0.09067386 	 1.7175646
Summary
0.0012199569  -  0.39433405 ,  0.895941  -  4.175726
accuracy:  100.0
equal predictions:  0
TensorFlow version: 1.13.1
Found 939 images belonging to 1 classes.
argN = 784
argN = 784
0.1755519 	 2.8042421
0.4205549 	 2.7316394
0.40775508 	 2.9055169
0.32459986 	 2.8364463
0.16688369 	 2.033184
0.055588152 	 3.5240545
0.04843975 	 2.8697114
0.050412424 	 2.7684681
0.037812233 	 2.8715532
0.04572913 	 2.5442564
0.14411013 	 2.153987
0.12899329 	 2.185964
0.0891821 	 2.2118511
0.094048426 	 2.5981793
0.07801952 	 2.76292
0.07203746 	 2.0620458
0.117032625 	 2.8084788
0.13461249 	 3.4426737
0.3094044 	 2.840235
0.29325 	 2.3151152
0.16389981 	 2.7772806
0.124611385 	 2.4677684
0.093184955 	 2.2755842
0.0570032 	 2.59034
0.02192431 	 2.931099
0.013990903 	 3.053038
0.036160514 	 3.522315
0.17975739 	 3.1470814
0.19786924 	 2.9815097
0.23016557 	 2.1553466
0.3069527 	 2.2268603
0.28256774 	 2.7319324
0.33239847 	 2.2582896
0.24933468 	 2.577126
0.23878585 	 2.1869788
0.10805293 	 2.103252
0.11972287 	 2.2185476
0.23046522 	 3.1895912
0.3299683 	 2.3460574
0.47189876 	 2.7993238
0.12656826 	 2.5043852
0.06763659 	 3.833634
0.06168526 	 2.3726366
0.07272188 	 3.2873764
0.02845969 	 4.584823
0.020499842 	 3.8313081
0.04547254 	 2.6575851
0.05425722 	 2.194877
0.05666914 	 2.2910557
0.052510798 	 2.9658146
0.06284509 	 2.5030618
0.023994764 	 3.4001532
0.034622524 	 3.415589
0.039138548 	 3.185957
0.036391053 	 2.1073756
0.0543053 	 2.7037156
0.038140427 	 2.8208084
0.09634681 	 3.1926088
0.04327527 	 3.296287
0.016679032 	 2.4729977
0.025713025 	 3.1008172
0.01766875 	 2.675487
0.008907173 	 2.7724736
0.00511408 	 2.3910134
0.00511408 	 2.77222
0.0051169554 	 2.6747785
0.22097494 	 2.5687754
0.1937028 	 2.1810184
0.2018542 	 1.6640999
0.11360805 	 2.1905417
0.10699186 	 2.0325947
0.07081408 	 2.2501407
0.12193437 	 2.7721465
0.2137801 	 2.3902733
0.12102261 	 3.3647976
0.04493106 	 2.5613213
0.16778229 	 1.7629443
0.107126 	 2.137886
0.005111923 	 2.2957177
0.08909974 	 2.1641562
0.12615779 	 1.9911125
0.022099914 	 3.0875735
0.03137013 	 3.0123358
0.037597764 	 2.4674838
0.016265776 	 2.1836166
0.02200364 	 2.754739
0.028645094 	 2.5661654
0.012480691 	 2.368128
0.008967673 	 2.445672
0.0063969814 	 3.109586
0.033004522 	 2.3735275
0.043525387 	 2.7656598
0.035061833 	 1.6982267
0.03420931 	 2.1310706
0.024524348 	 1.1881156
0.018583968 	 1.1209562
0.018474856 	 1.2728113
0.0064116186 	 2.218819
0.02047496 	 1.9485244
0.022499798 	 0.98805636
0.01529905 	 1.6375774
0.03401393 	 1.653691
0.030123604 	 1.4504716
0.023223605 	 1.2424785
0.027118547 	 1.8758132
0.016728368 	 1.4366899
0.016303034 	 2.102942
0.032111716 	 2.650708
0.023126552 	 1.5432266
0.024534976 	 1.386342
0.020211142 	 1.600403
0.0141431745 	 1.1427457
0.014245286 	 0.94828314
0.02028182 	 1.4079745
0.020385593 	 2.394236
0.022542838 	 1.8918607
0.012836054 	 1.2789342
0.017682703 	 2.755923
0.010244331 	 1.7954172
0.019980775 	 1.7220972
0.018105468 	 1.5577708
0.01662873 	 1.8507445
0.020617878 	 2.2590864
0.0128361145 	 2.2696366
0.0143203195 	 1.5688261
0.0076787686 	 1.5706587
0.0037755028 	 1.8649321
0.010255472 	 1.1460534
0.018809458 	 2.226192
0.007687598 	 1.4526119
0.014128968 	 1.6916362
0.014130418 	 2.3379693
0.008947827 	 1.1953895
0.012868173 	 1.5176256
0.0063969814 	 1.9920008
0.0038328813 	 3.2284613
0.014243895 	 1.7996194
0.0063969814 	 1.3049035
0.013184175 	 1.4798112
0.010242766 	 2.0168183
0.015296024 	 1.7500049
0.009160626 	 1.6488465
0.00646195 	 1.7680401
0.013511391 	 2.072157
0.016710306 	 1.9932017
0.005117255 	 1.482405
0.0063969814 	 1.2715313
0.010187848 	 1.2981471
0.0063935025 	 1.6956636
0.009019878 	 1.5157886
0.010245716 	 2.1408777
0.004802475 	 1.8715606
0.007684655 	 2.698139
0.00511408 	 1.7895977
0.008967673 	 2.2066617
0.017984634 	 1.4885293
0.012892265 	 1.2714783
0.0076855556 	 2.4252903
0.003825163 	 2.4597049
0.0038334199 	 2.6027863
0.008838137 	 0.97366554
0.008968456 	 2.45728
0.0152906375 	 1.0083622
0.010385131 	 1.5239022
0.0025532627 	 2.350052
0.0076814713 	 1.8495771
0.009645819 	 1.2822993
0.015767613 	 1.672375
0.008967553 	 2.5249634
0.00511408 	 1.6581328
0.017464627 	 1.6624783
0.0193171 	 2.40879
0.020471066 	 2.4424798
0.036035687 	 1.2442863
0.04349731 	 1.7790723
0.043889776 	 1.0992923
0.03770942 	 1.7807332
0.04163154 	 1.885496
0.02453235 	 1.964361
0.057401765 	 1.2311075
0.031579636 	 1.1629822
0.061044395 	 2.1168828
0.04090112 	 1.4587126
0.02878845 	 2.3105721
0.044255856 	 1.6204069
0.027179547 	 1.6050507
0.06455486 	 1.4372476
0.030675191 	 2.3303132
0.04083841 	 1.3641354
0.03766281 	 1.9354047
0.039978657 	 0.96073854
0.033655465 	 1.4353017
0.03360134 	 1.6061084
0.03885489 	 1.8533624
0.02702093 	 1.4569767
0.03003626 	 2.1489706
0.019775633 	 1.211005
0.19857693 	 1.8083122
0.21786416 	 2.0763664
0.20957462 	 1.7640628
0.19286187 	 1.8002832
0.095739104 	 1.4758093
0.10071688 	 2.7460032
0.10028552 	 1.9098285
0.12643068 	 2.791352
0.11715029 	 2.8737636
0.13339625 	 2.5529573
0.13320678 	 2.4450228
0.11714071 	 2.318711
0.13846608 	 1.2992551
0.075373076 	 2.0386183
0.086264975 	 2.2021496
0.093168005 	 2.367352
0.077605896 	 2.5757864
0.08597178 	 2.931962
0.10151662 	 2.7136343
0.10085011 	 2.5518966
0.10183182 	 1.5065079
0.072585106 	 1.8683729
0.10040295 	 2.438259
0.14492454 	 2.4342854
0.16797982 	 2.306806
0.26828524 	 1.6707982
0.3307612 	 1.9718328
0.32320863 	 2.1636186
0.21215706 	 2.2764485
0.15363155 	 3.221457
0.14674468 	 1.7008053
0.13638887 	 2.6032884
0.15151654 	 1.4681116
0.1571135 	 2.18736
0.12210831 	 2.8138134
0.12760237 	 2.923958
0.1578676 	 1.9585617
0.19062944 	 1.1367946
0.46399668 	 1.7732402
0.2484977 	 1.889269
0.13250427 	 2.2699366
0.16826218 	 3.1772487
0.1788397 	 1.5344963
0.16910568 	 3.1676397
0.15571631 	 2.7686713
0.101361595 	 1.4348553
0.13648888 	 2.466649
0.09704789 	 2.6415863
0.11943066 	 2.9986105
0.100545965 	 3.0391164
0.059460405 	 2.9487274
0.05371166 	 2.9031625
0.05645267 	 3.0808103
0.047855143 	 3.264207
0.056177676 	 2.3825977
0.08330728 	 1.5767703
0.12782484 	 1.5145147
0.1334252 	 2.4636896
0.14814094 	 2.1192842
0.116168305 	 2.282289
0.13544643 	 2.209367
0.15697208 	 2.2625983
0.17394067 	 2.1895132
0.22309838 	 1.8769108
0.24466324 	 1.8554112
0.25313422 	 1.6057024
0.24766782 	 1.2944291
0.1659669 	 1.7100285
0.15104795 	 1.9194354
0.10629233 	 1.0896107
0.098912746 	 1.3485023
0.086475834 	 1.643685
0.055609766 	 2.677261
0.053545885 	 1.7439412
0.05638267 	 2.123225
0.06448874 	 2.879841
0.05489665 	 2.6104307
0.053686503 	 2.5247147
0.0900101 	 2.7463841
0.11734157 	 2.4446657
0.12623759 	 2.0981016
0.15175578 	 2.5289783
0.21893492 	 1.7904813
0.27571157 	 1.8991461
0.30434516 	 1.8748226
0.30897388 	 1.9744245
0.2903242 	 1.838894
0.31396228 	 1.9100631
0.3540614 	 1.7794964
0.33651134 	 1.6391815
0.25588974 	 1.7204627
0.2705873 	 1.7295449
0.2108917 	 2.018002
0.17874013 	 2.25652
0.16784087 	 1.7066865
0.14892128 	 2.6785936
0.10204415 	 2.813897
0.09654445 	 2.1634235
0.075493656 	 3.710555
0.08732397 	 1.8786865
0.08697241 	 3.0372481
0.090601094 	 1.5167985
0.0772748 	 2.1990192
0.07638065 	 2.6385617
0.09494214 	 2.6963232
0.08354409 	 2.2336702
0.08372917 	 2.9324677
0.09769418 	 1.583237
0.1713107 	 2.7533367
0.16054974 	 1.202675
0.1172781 	 2.7136388
0.12212447 	 2.2137113
0.1202324 	 2.4081018
0.096731104 	 2.6844523
0.08366035 	 1.7301829
0.09899961 	 2.4758232
Summary
0.0025532627  -  0.47189876 ,  0.94828314  -  4.584823
accuracy:  100.0
equal predictions:  0
TensorFlow version: 1.13.1
Found 939 images belonging to 1 classes.
argN = 784
argN = 784
0.40982887 	 0.5483035
0.3996171 	 0.72894096
0.37673786 	 0.53988117
0.5271754 	 0.5848411
0.23824957 	 0.47728536
0.22689112 	 0.8815871
0.17885332 	 0.7431543
0.09449203 	 1.6308585
0.0677644 	 1.6173862
0.03538696 	 1.7245518
0.048549864 	 1.8289558
0.23431225 	 0.9325719
0.22712365 	 0.96768504
0.40325648 	 0.60461366
0.24688953 	 0.5902387
0.30021566 	 0.5786932
0.32613885 	 0.60606563
0.2768793 	 0.7508537
0.294402 	 0.5302422
0.2082422 	 1.0561649
0.2149946 	 1.2317603
0.15369801 	 0.22805306
0.1342137 	 1.0013068
0.13720365 	 0.7548581
0.20144029 	 0.39816347
0.38132793 	 0.9146868
0.28979662 	 0.7423805
0.4756584 	 0.25167918
0.3279123 	 0.7954044
0.40341914 	 0.5598311
0.46964788 	 0.48008242
0.48388982 	 0.81279707
0.5990864 	 0.85457516
0.30821058 	 0.51659656
0.26160192 	 0.6436601
0.0416385 	 1.2671667
0.17819656 	 0.8783898
0.33242714 	 0.8795836
0.26041326 	 0.8878193
0.1906432 	 0.6759949
0.4010686 	 0.54984695
0.33101845 	 0.6243829
0.36400297 	 0.6260023
0.36954984 	 0.79590285
0.25585735 	 0.9825402
0.26834744 	 0.37185338
0.3506098 	 0.66800284
0.28248987 	 0.67891943
0.22320776 	 0.46912903
0.1951745 	 0.99830097
0.22152755 	 0.67114383
0.2098547 	 1.1790538
0.18546966 	 1.1184096
0.08289237 	 1.0325873
0.09060031 	 1.7799293
0.14621359 	 1.2314211
0.17993283 	 0.52675706
0.24493483 	 0.7945067
0.39460003 	 0.746875
0.6880119 	 1.0523973
0.46128538 	 0.9462718
0.4392473 	 0.43964514
0.4219637 	 1.2999256
0.64963317 	 0.24028847
0.45007312 	 0.49677294
0.402061 	 0.6112724
0.47291 	 0.63584
0.4430019 	 0.93167263
0.23369697 	 0.6248618
0.3211377 	 0.62049997
0.304693 	 0.40550083
0.25206533 	 0.715951
0.16308264 	 1.0547034
0.022798918 	 1.0209824
0.3327234 	 0.8907708
0.31699356 	 0.66064733
0.36877698 	 0.7782277
0.33106244 	 0.62611616
0.30452377 	 0.88926864
0.26266035 	 0.6237155
0.27136573 	 0.90823066
0.19509438 	 0.97461236
0.15967518 	 1.0669988
0.2073723 	 1.0541219
0.24746405 	 0.74438393
0.22806945 	 0.49184585
0.22153208 	 1.0830233
0.16295397 	 0.93104607
0.1545787 	 0.772981
0.16013588 	 1.4278448
0.1305213 	 1.0184898
0.14147647 	 0.9978164
0.19148819 	 1.4458497
0.16308656 	 1.7553325
0.14498422 	 0.78020865
0.2875504 	 0.9869377
0.2795523 	 0.7461842
0.2751986 	 0.38299662
0.26949203 	 0.5811685
0.2812144 	 0.6600486
0.27514067 	 1.0244416
0.29424483 	 1.1149163
0.29374912 	 0.6680311
0.30208606 	 0.8362505
0.30083987 	 0.8321132
0.3203555 	 0.6018772
0.32260898 	 0.88462657
0.26432827 	 0.7567639
0.3167652 	 0.9779669
0.28386775 	 0.81648904
0.2910449 	 0.6969226
0.27897796 	 0.8384897
0.2969752 	 0.65370953
0.28042898 	 0.58978665
0.24437332 	 0.628346
0.255921 	 0.6488894
0.24738213 	 0.71771735
0.2715007 	 0.59057516
0.25625798 	 0.6621396
0.21422382 	 0.7203756
0.166968 	 0.78771824
0.16924375 	 0.7997416
0.19156615 	 0.7230035
0.18655196 	 0.72271615
0.21069431 	 0.9094808
0.19687137 	 0.75806063
0.21227571 	 0.72063535
0.19218813 	 0.8435992
0.19520849 	 1.0958178
0.21869005 	 0.88098794
0.1979286 	 0.66482985
0.23093027 	 0.6648285
0.20214336 	 0.7577296
0.26440763 	 0.675978
0.271296 	 0.7996981
0.24384148 	 0.91934
0.23771963 	 0.8900331
0.28999215 	 0.8796106
0.29267022 	 0.75835174
0.24298781 	 0.89651895
0.26178497 	 1.0782106
0.27402472 	 0.75423425
0.25921738 	 1.2089568
0.219992 	 0.7425204
0.2250327 	 1.117847
0.19822171 	 0.6499399
0.20699695 	 1.1467657
0.18040939 	 1.0218536
0.19771895 	 0.9244051
0.17119956 	 1.1841346
0.16145353 	 1.1073295
0.16649528 	 1.1389929
0.16412243 	 0.3937616
0.17613484 	 0.8724551
0.1634032 	 1.2406489
0.18003438 	 0.71770465
0.18007962 	 0.92003125
0.18773186 	 0.66503096
0.16146894 	 1.0397471
0.14197446 	 1.2779161
0.12832117 	 1.4295657
0.13565831 	 0.96952105
0.14309774 	 0.84045
0.14538029 	 0.9849915
0.12895755 	 0.8291015
0.15265378 	 0.84607965
0.10930167 	 0.6686207
0.13341886 	 1.0902429
0.13505079 	 1.1791416
0.14212368 	 0.9629728
0.13241988 	 0.6034306
0.15232708 	 0.8486409
0.17725982 	 1.0906487
0.15565175 	 1.156175
0.1804972 	 0.6446306
0.17247869 	 1.1826448
0.17135271 	 0.87751514
0.1762212 	 1.3674365
0.18148895 	 1.019083
0.19648926 	 0.55483514
0.16907674 	 1.7788477
0.18529817 	 0.7596224
0.1616735 	 0.6777405
0.1533128 	 0.7415905
0.13035886 	 1.5281703
0.11934462 	 0.84645504
0.13788833 	 1.0301771
0.11047283 	 1.2857307
0.10714219 	 0.38113576
0.084943675 	 1.9275973
0.09177458 	 0.945488
0.08515679 	 1.7513738
0.15625128 	 1.2525808
0.14290635 	 1.5326068
0.17305474 	 1.0419927
0.15962847 	 0.7664215
0.12622488 	 1.783312
0.11934738 	 1.309326
0.09376335 	 0.70819134
0.10005117 	 1.2597338
0.09215254 	 0.86534613
0.1030263 	 0.40425506
0.078296855 	 1.6680707
0.09896697 	 1.5134436
0.09285834 	 1.1763874
0.09493054 	 0.74248946
0.09772645 	 1.3519894
0.121047236 	 1.0502552
0.101963624 	 1.8934075
0.08879061 	 1.3668497
0.08231822 	 1.5131075
0.10867415 	 0.8892221
0.11685729 	 1.1138732
0.096276194 	 1.0127535
0.090727374 	 1.2094691
0.09037363 	 1.2955813
0.09642249 	 1.4667534
0.094709754 	 1.1693053
0.11866627 	 1.0359763
0.077905595 	 0.82368374
0.09054738 	 0.75376403
0.09345775 	 1.2670573
0.09292839 	 0.42388615
0.12292285 	 1.9700655
0.12604615 	 0.82809275
0.11380499 	 1.3747616
0.27563995 	 0.86261654
0.15993099 	 1.5964546
0.16899967 	 1.2478744
0.22476879 	 1.4358863
0.2297067 	 1.3911262
0.21331115 	 1.4198697
0.19384368 	 1.4139347
0.06466117 	 1.4381306
0.100837916 	 1.3753743
0.14926301 	 1.4174377
0.19585136 	 1.3023814
0.18885097 	 0.8094519
0.19635049 	 1.2855822
0.22499657 	 0.8174431
0.17825775 	 0.840669
0.12710808 	 1.4066825
0.12188542 	 0.69744426
0.10072848 	 0.90845037
0.06589716 	 1.0155555
0.072278924 	 0.82689375
0.061786953 	 1.2003013
0.065429844 	 1.1159253
0.051022675 	 1.8889868
0.06972972 	 1.4943035
0.06579543 	 0.820146
0.07743141 	 1.65484
0.13981195 	 0.66505486
0.1636726 	 1.4008105
0.15861325 	 1.8025564
0.13387716 	 0.9830723
0.14919429 	 1.0749621
0.18730436 	 1.3247787
0.3139891 	 1.2484221
0.2681802 	 1.1680471
0.34985447 	 0.8987439
0.27668703 	 0.93771774
0.31488138 	 1.3279653
0.30383572 	 1.3633761
0.24757665 	 1.2931069
0.28046936 	 1.32082
0.15070361 	 0.62696195
0.11615826 	 1.9642692
0.124944694 	 1.3577958
0.098470196 	 1.0997057
0.1100622 	 0.62673396
0.08902924 	 1.7074423
0.09353452 	 1.0455921
0.08795685 	 1.1645067
0.09103625 	 1.64099
0.09581067 	 1.151284
0.11867888 	 1.1375331
0.12518178 	 1.1431477
0.16909693 	 1.4815799
0.1923303 	 1.3228743
0.27358738 	 0.75065595
0.30439186 	 0.6318123
0.29262915 	 0.56294686
0.32351574 	 1.0157112
0.36597535 	 0.6822705
0.4275957 	 0.7846511
0.3480282 	 1.0142721
0.40179807 	 0.6328281
0.4493487 	 0.77042973
0.4030249 	 0.72159004
0.41046748 	 0.9350996
0.41969645 	 0.7721198
0.2523588 	 0.87892276
0.24109593 	 0.87056607
0.17702885 	 1.1968173
0.121864215 	 0.73988324
0.097733155 	 1.0655596
0.109796345 	 1.346224
0.17445873 	 1.0418135
0.16580564 	 0.8204768
0.18359928 	 0.53352326
0.16041034 	 0.86641884
0.14121982 	 1.0686207
0.11784432 	 1.8202102
0.13628961 	 1.1710691
0.12999238 	 1.2681046
0.13641626 	 1.2450298
0.1401278 	 1.2203183
0.11757833 	 0.96811074
0.1191061 	 1.0395513
0.14298853 	 1.2683685
0.16633956 	 0.785578
0.14381449 	 1.8507179
Summary
0.022798918  -  0.6880119 ,  0.22805306  -  1.9700655
accuracy:  99.4
equal predictions:  0
TensorFlow version: 1.13.1
Found 939 images belonging to 1 classes.
argN = 784
argN = 784
0.40355885 	 0.5107794
0.5457178 	 0.6839895
0.36799127 	 0.6885474
0.23238052 	 0.42972484
0.2328841 	 0.34824005
0.20606132 	 0.6410733
0.19676875 	 0.54823005
0.16610391 	 0.81708634
0.14694867 	 1.0162591
0.104093425 	 1.4385124
0.117308125 	 1.120762
0.15511209 	 1.020326
0.114258654 	 1.1512917
0.063534364 	 0.8618453
0.063215695 	 1.5846262
0.085187815 	 0.9200184
0.15237844 	 1.500759
0.24134332 	 1.2479248
0.2549808 	 0.9247815
0.29868227 	 0.8606957
0.17629763 	 0.68272215
0.37439552 	 0.70066196
0.36486557 	 0.94815916
0.2785998 	 0.68670076
0.3636949 	 0.6708591
0.3437192 	 0.69893086
0.305911 	 0.8798982
0.28681383 	 0.5205121
0.27613688 	 0.6368958
0.28271657 	 0.7424803
0.29371282 	 0.5049526
0.28032908 	 0.95626307
0.1829625 	 0.44197425
0.20733042 	 1.5490345
0.1325992 	 1.693524
0.26228335 	 0.978642
0.25152594 	 0.67761564
0.24048525 	 0.60021925
0.31446916 	 0.9543375
0.33025122 	 0.8501504
0.4148724 	 1.365156
0.4607061 	 0.7166539
0.5972164 	 0.3338199
0.49132177 	 0.8657082
0.2972125 	 0.61887234
0.3391326 	 0.60331196
0.4148247 	 0.58003753
0.3410212 	 0.41447178
0.18347481 	 0.70610696
0.33244595 	 0.5401411
0.40948474 	 0.53507257
0.27388895 	 0.61770827
0.28170818 	 0.45298064
0.299556 	 0.95879954
0.2518733 	 0.7958666
0.24471912 	 1.0238253
0.20077795 	 0.61247534
0.17630902 	 0.7477759
0.1626619 	 0.81431973
0.056391247 	 0.68445504
0.06589926 	 1.1212682
0.09772199 	 0.5821621
0.11306584 	 1.5664244
0.2201881 	 0.39530906
0.32365316 	 0.6943721
0.2988343 	 0.49096233
0.38777488 	 0.70711267
0.37254575 	 0.8352205
0.37838587 	 0.4986963
0.27168807 	 0.6600448
0.18895161 	 0.59128064
0.14618027 	 0.73182607
0.13512093 	 0.4212726
0.0930445 	 0.86728966
0.22342603 	 0.82887363
0.21713856 	 0.85241514
0.2970915 	 0.94098645
0.6732881 	 0.56629455
0.8239295 	 0.78190446
0.5167399 	 0.79596335
0.47089124 	 1.2175179
0.45686316 	 0.62701863
0.47584197 	 0.70992327
0.43747523 	 0.7436459
0.32303423 	 0.6646867
0.3350108 	 0.52207893
0.25720832 	 0.39278635
0.21552195 	 0.59016836
0.21868819 	 0.7828597
0.21648541 	 0.64307576
0.048648916 	 0.80304664
0.06346596 	 0.98862547
0.40435508 	 0.8234135
0.30345458 	 1.1072745
0.23777905 	 0.82558465
0.17905235 	 0.9623908
0.17575027 	 0.43057308
0.34763306 	 0.69364715
0.3562289 	 0.5652517
0.1981473 	 0.6365371
0.23157954 	 0.8619418
0.2698157 	 1.1008335
0.25874653 	 0.7926346
0.18893391 	 1.1651419
0.28727335 	 0.82779104
0.33046803 	 0.89637756
0.31918296 	 0.7091696
0.32103473 	 0.82963824
0.29742372 	 0.66227764
0.29984635 	 0.8743645
0.33977908 	 0.8355862
0.36044183 	 0.8270386
0.37943324 	 0.57888687
0.3729154 	 0.68826866
0.36195314 	 0.79404855
0.39890593 	 0.60974115
0.3867818 	 0.61835563
0.36108732 	 0.710916
0.33135313 	 0.76989627
0.37582618 	 0.78882134
0.3751241 	 0.72252506
0.3111264 	 0.7889881
0.3220845 	 0.76821417
0.32377887 	 0.6942674
0.28392735 	 0.47759673
0.33046055 	 0.541383
0.32975793 	 0.5050204
0.32803714 	 0.8364523
0.3278101 	 0.6161753
0.3311353 	 0.7398861
0.3289033 	 0.6093576
0.31398746 	 0.55064356
0.27911082 	 0.5652278
0.26803103 	 0.7149645
0.27281028 	 0.75552964
0.22588411 	 0.6463651
0.26480526 	 0.8722076
0.2423541 	 0.5432145
0.23310103 	 0.54636395
0.23161073 	 0.87354565
0.20534958 	 1.020002
0.19646496 	 0.4448304
0.22135514 	 0.69068116
0.22868751 	 0.69613284
0.20935334 	 0.36993295
0.2064274 	 0.7039857
0.21731023 	 0.9927298
0.20212483 	 0.5959132
0.2739839 	 0.75750464
0.2690577 	 0.82788366
0.28927255 	 0.74425423
0.2842343 	 0.7207944
0.24648516 	 0.6201241
0.21996051 	 0.7194877
0.22477438 	 1.0429581
0.25010055 	 0.9440987
0.23155867 	 0.8055802
0.2960259 	 0.5783537
0.2610265 	 0.95260984
0.2777622 	 0.91389996
0.2639868 	 1.0064578
0.24410234 	 0.84287834
0.22673878 	 1.0802373
0.24122164 	 1.0325254
0.22525151 	 0.8800476
0.19323325 	 0.80085397
0.1867416 	 0.94370854
0.18339683 	 0.9830361
0.16431966 	 1.2332481
0.16749562 	 1.2224314
0.14953963 	 1.2866855
0.16205823 	 1.3800257
0.16164352 	 1.0681368
0.15816659 	 1.216514
0.15692948 	 0.31290096
0.14669704 	 0.4285143
0.14911921 	 0.73583114
0.1448057 	 0.49132916
0.12714931 	 0.7742108
0.13343242 	 0.769939
0.1471458 	 0.9181183
0.13382687 	 1.1040676
0.13377549 	 0.93936616
0.10229587 	 0.55446887
0.113320015 	 0.9380099
0.105816886 	 0.33513054
0.11322262 	 0.7973636
0.1154547 	 0.24133968
0.09182534 	 1.3337216
0.100690976 	 0.8457429
0.10966577 	 0.752048
0.108961046 	 0.88712317
0.09192551 	 1.4392213
0.13057895 	 1.0095729
0.13875754 	 0.96122646
0.1619011 	 0.36711892
0.19511068 	 1.1912661
0.18718468 	 0.49949726
0.17929077 	 0.97709954
0.17931831 	 1.1063052
0.16903736 	 1.4016675
0.16593215 	 1.2852938
0.19562365 	 1.2348505
0.15616961 	 0.84871936
0.12220226 	 0.3709495
0.10449903 	 1.8994797
0.17576648 	 0.9909355
0.1079012 	 1.7684782
0.11072908 	 1.424444
0.097911745 	 2.6402328
0.10338779 	 1.3015702
0.09205706 	 1.2391751
0.09565823 	 2.3631587
0.08341166 	 1.6272734
0.09137096 	 0.771402
0.08551934 	 1.9556836
0.086277515 	 1.0654368
0.09369632 	 1.7062606
0.06907187 	 1.3122238
0.11624697 	 1.5155817
0.081078 	 2.1111324
0.08031549 	 1.5239452
0.08505068 	 0.7694477
0.08934079 	 0.81575084
0.11032793 	 1.6724952
0.11068467 	 1.464271
0.11307091 	 1.4537766
0.1447665 	 0.847379
0.15130481 	 1.2760181
0.13399336 	 1.7610171
0.12653206 	 0.44916952
0.16009586 	 0.95925987
0.28628266 	 0.9118347
0.20558536 	 1.1174543
0.16406673 	 1.8741596
0.19423598 	 1.7545835
0.19792801 	 1.8954158
0.20121124 	 1.8684185
0.18966807 	 1.9193968
0.15620786 	 0.43950287
0.08412161 	 1.1576892
0.08280424 	 1.9194593
0.13820262 	 0.8966867
0.17957854 	 1.3476492
0.16785489 	 1.3478032
0.071388006 	 1.5660707
0.06427585 	 1.467988
0.07297961 	 0.5183538
0.08312513 	 1.2766165
0.05907019 	 1.6937768
0.05999633 	 1.7181798
0.07736939 	 0.87774706
0.06473907 	 1.0704995
0.11492172 	 1.7088919
0.16110797 	 1.1639193
0.16009614 	 1.5516909
0.21033463 	 1.4450585
0.20932637 	 0.75359267
0.19870132 	 1.6153504
0.20406881 	 1.450733
0.13047709 	 0.95859027
0.15970084 	 1.4657007
0.1697158 	 1.3398298
0.17632537 	 1.2973166
0.21816622 	 1.2928157
0.24283665 	 1.0621046
0.25339544 	 0.9258709
0.3051903 	 1.3072051
0.24741451 	 1.2280524
0.24409893 	 1.1989651
0.2232489 	 1.3243703
0.13427104 	 1.2241584
0.12012136 	 2.1303873
0.12558374 	 2.1066163
0.122446306 	 1.2274072
0.118940264 	 1.368467
0.098025344 	 1.8660455
0.09932475 	 1.281037
0.09944397 	 1.9226233
0.107705556 	 1.5271422
0.1075949 	 1.1342915
0.10571651 	 1.6944674
0.07979517 	 1.4933352
0.09238845 	 2.1099684
0.07549089 	 1.2211506
0.06721627 	 1.2693247
0.079600036 	 0.647448
0.100412175 	 1.1915128
0.122890435 	 1.1530153
0.14650711 	 1.772679
0.2848715 	 1.0480977
0.29057837 	 1.3015144
0.31044397 	 0.9129624
0.30794024 	 0.83278245
0.3219267 	 1.1049674
0.32786936 	 0.7910009
0.23018013 	 0.6198552
0.14462239 	 1.8325989
0.111126795 	 1.0702412
0.09118825 	 0.4824701
0.09907233 	 1.7503352
0.0889667 	 1.1601651
0.116347134 	 0.6401379
0.14832516 	 1.4063686
0.13343541 	 1.114617
0.13873035 	 1.5751055
0.15305284 	 1.365116
0.15274732 	 1.4367421
0.1335632 	 1.856782
0.13498189 	 1.7434244
0.11809542 	 1.5282799
0.14504519 	 1.180954
0.11399936 	 1.2052971
Summary
0.048648916  -  0.8239295 ,  0.24133968  -  2.6402328
accuracy:  99.0
equal predictions:  0
