TensorFlow version: 1.13.1
Found 939 images belonging to 1 classes.
argN = 784
argN = 784
0.45390308 	 1.6157036
0.45701188 	 2.0963833
0.817119 	 2.0850132
0.83085704 	 2.1758518
0.5037602 	 1.4507747
0.4182052 	 2.2162235
0.29582366 	 1.6990938
0.28360027 	 2.6932714
0.21530792 	 2.3205838
0.14104171 	 2.0840955
0.08872651 	 2.2661495
0.0897179 	 2.4846318
0.067907035 	 1.3248113
0.04559568 	 2.0779412
0.04307525 	 2.2497149
0.06112302 	 1.7605171
0.1018866 	 1.762515
0.07842197 	 1.926904
0.25040096 	 1.6867865
0.19402602 	 1.8518854
0.33415267 	 1.5207129
0.4145196 	 2.08292
0.45381045 	 1.5536381
0.53655785 	 1.7294834
0.60573906 	 1.4404143
0.5421201 	 1.4593453
0.41171876 	 1.978372
0.08654564 	 3.3681378
0.14231347 	 2.2509017
0.16329168 	 2.143706
0.10836515 	 2.0873652
0.06367366 	 2.1753697
0.04333851 	 3.1377635
0.041380968 	 2.1863928
0.0628077 	 1.8288838
0.052371666 	 2.4525828
0.037303716 	 2.3486304
0.3092324 	 1.8434179
0.7145216 	 1.102662
0.7688512 	 1.2405351
0.8576815 	 1.3634045
0.80620134 	 1.33863
0.76463306 	 1.9238518
0.61525947 	 1.8825045
0.6036531 	 1.7956685
0.48646054 	 2.087174
1.014919 	 1.5659949
0.47938195 	 1.6191195
0.2667628 	 2.342511
0.20939133 	 2.0879285
0.13764855 	 2.4386568
0.041612897 	 2.7474241
0.03103093 	 2.8141334
0.045668986 	 2.1570277
0.032357328 	 1.3995118
0.12956843 	 1.809083
0.111741334 	 1.9526529
0.15703107 	 2.7321806
0.03044019 	 2.4375477
0.052767504 	 2.0049412
0.007682132 	 2.4032924
0.002553203 	 3.1678634
0.012468682 	 1.8055542
0.05266176 	 2.6147573
0.11073927 	 2.3456953
0.5735732 	 1.0729177
0.5378095 	 1.177175
0.67615217 	 1.1750633
0.6137325 	 1.1348951
0.4972119 	 1.12484
0.44283703 	 1.1828725
0.36432916 	 1.615419
0.25105336 	 1.6446266
0.20239145 	 1.8222411
0.21999371 	 2.0787942
0.3298194 	 1.7239031
0.55688804 	 1.8456894
0.40856013 	 1.5856801
0.26482257 	 1.7887335
0.1223815 	 2.094496
0.11598007 	 1.9153188
0.09354381 	 2.4708676
0.051860906 	 2.648609
0.14840509 	 1.5843374
0.158245 	 1.4124953
0.12656155 	 1.30152
0.09063901 	 3.3320487
0.07707069 	 2.046154
0.093510896 	 1.8119957
0.14268751 	 1.5322114
0.11968498 	 1.884267
0.13514829 	 1.9513017
0.09350127 	 1.991529
0.08833754 	 2.0931947
0.031173522 	 1.6622738
0.031089157 	 2.579243
0.020435415 	 2.6239996
0.011398782 	 1.811965
0.0076814713 	 3.1366963
0.103475235 	 1.8624119
0.08752621 	 2.0809367
0.06879772 	 2.0843167
0.13610847 	 0.71782595
0.12982297 	 1.1987251
0.14263019 	 1.1153173
0.1319201 	 1.0369049
0.122523114 	 0.92468786
0.116434984 	 0.69817024
0.14294204 	 1.4607857
0.114811 	 0.55463505
0.13027677 	 0.7777447
0.12976345 	 0.88709843
0.1116327 	 1.1390939
0.1255859 	 1.3488021
0.0858876 	 0.8227802
0.095486276 	 1.4445195
0.09433632 	 0.8499806
0.07098799 	 2.0540588
0.0720643 	 0.9052409
0.04324359 	 1.4256326
0.046899132 	 1.0547329
0.03514906 	 1.0156013
0.0323444 	 1.0734829
0.042032722 	 1.1556942
0.025986558 	 1.2985531
0.031089528 	 1.1171874
0.031810783 	 0.8841324
0.02209254 	 1.2628989
0.018058978 	 1.2916592
0.026119191 	 1.29393
0.018322289 	 1.5724021
0.018017465 	 1.0597765
0.014128484 	 1.1620893
0.019311083 	 0.82866377
0.010255531 	 1.1972637
0.018017465 	 1.2560716
0.016717881 	 1.5979859
0.018012004 	 0.89270586
0.015416594 	 1.5829976
0.014128908 	 0.868728
0.015417381 	 1.3392506
0.015325318 	 0.9781655
0.0076814713 	 0.8103972
0.01024102 	 1.7081361
0.005108628 	 1.214277
0.012836779 	 1.3065938
0.010230602 	 1.508797
0.010191581 	 1.1959016
0.012840341 	 1.305499
0.01154499 	 1.6210938
0.010256737 	 1.1234708
0.0075510805 	 1.3943642
0.008965087 	 1.4493115
0.01406217 	 0.69447106
0.008967794 	 1.4999912
0.018017465 	 0.93512964
0.01410654 	 1.0640961
0.00511402 	 1.2408223
0.012834665 	 1.1432198
0.011411744 	 1.5284097
0.018017465 	 1.4412869
0.018013217 	 1.5540607
0.01671964 	 1.4800285
0.014382237 	 0.79855967
0.023019016 	 1.0666534
0.019317647 	 0.9776012
0.027008805 	 0.7831154
0.029956106 	 0.8302536
0.025835713 	 0.94643766
0.043634776 	 1.0812379
0.048210166 	 0.943649
0.03636497 	 1.1673449
0.045665305 	 0.95869225
0.053132262 	 0.9881971
0.071118794 	 1.2533622
0.070207305 	 0.6336484
0.073074825 	 1.5694038
0.08589975 	 0.8377615
0.081278466 	 1.1464441
0.09136071 	 0.7907694
0.081371635 	 1.1402398
0.06794237 	 1.141839
0.07224669 	 1.2631412
0.048528966 	 1.4376153
0.05392181 	 0.8995519
0.050994135 	 1.432607
0.030809432 	 1.0341053
0.039850995 	 1.2062871
0.020620007 	 1.1979411
0.05187534 	 0.9822111
0.027382724 	 1.0896821
0.032406334 	 0.74775594
0.03069867 	 1.0954403
0.032980066 	 1.3213116
0.033543646 	 0.90278846
0.030982668 	 0.8771024
0.27287292 	 1.1241956
0.25822368 	 1.2962031
0.23636858 	 1.928276
0.19708882 	 1.6693631
0.13532406 	 2.0813065
0.13558479 	 1.304935
0.13783737 	 1.4002547
0.15887508 	 1.323895
0.1424481 	 1.669142
0.14430366 	 1.6268494
0.1168867 	 1.9737095
0.11476093 	 1.5676413
0.12026057 	 1.0346828
0.1168538 	 2.448346
0.11888475 	 2.0429978
0.10473423 	 2.5020752
0.08598757 	 1.9765711
0.06651101 	 1.0993365
0.06726223 	 2.6390488
0.09090491 	 1.3972605
0.0977235 	 1.3007388
0.06861724 	 1.3808215
0.092161365 	 2.4532797
0.10615061 	 1.8437018
0.13222197 	 1.8829185
0.37016544 	 1.5893071
0.39344603 	 1.8252753
0.2984802 	 1.8540112
0.22509176 	 1.0482095
0.19354649 	 1.5658438
0.15685138 	 1.8749478
0.106246464 	 2.0817206
0.106009714 	 1.1609833
0.11645434 	 1.3151605
0.11188598 	 2.237675
0.12946048 	 2.1906385
0.13350973 	 1.586948
0.134372 	 2.0521774
0.45500335 	 1.4253277
0.25571662 	 1.4659072
0.21947706 	 2.0304446
0.18739551 	 1.9279218
0.17636113 	 2.1147416
0.124917276 	 2.0491514
0.10887504 	 1.5054291
0.09072796 	 2.1864417
0.10673756 	 1.831671
0.09219463 	 2.2672887
0.085120186 	 1.6505567
0.08095577 	 1.1206245
0.055058617 	 2.4679203
0.054611254 	 1.7839164
0.053408936 	 0.9014837
0.0689693 	 1.3025814
0.06798276 	 1.575724
0.09376224 	 1.6944373
0.10160674 	 1.9465321
0.12976582 	 1.6991903
0.145307 	 1.7818952
0.28346342 	 1.2153655
0.2584647 	 0.9162798
0.2623083 	 1.3478906
0.30699012 	 1.5629954
0.27175215 	 1.5200076
0.26686195 	 1.3248508
0.21362755 	 1.2397383
0.14560784 	 1.944496
0.105310276 	 1.640521
0.13771053 	 2.0859501
0.11442378 	 0.78712493
0.114254445 	 2.312291
0.09652666 	 0.97406125
0.10381182 	 2.143175
0.072766826 	 1.4037039
0.067239344 	 1.7086885
0.06478288 	 1.0660431
0.056150567 	 2.1970086
0.045590628 	 2.0363705
0.0496507 	 2.3606021
0.061802614 	 1.6401958
0.06317703 	 1.2500212
0.06588538 	 1.279885
0.06590015 	 1.9639161
0.07566825 	 1.5322343
0.07215078 	 2.2640722
0.09114163 	 0.85694045
0.17348243 	 2.0880253
0.19968006 	 2.2756648
0.18496816 	 2.6292768
0.20249814 	 1.9724075
0.29292664 	 1.2912846
0.34862506 	 1.3074723
0.3059106 	 1.1414735
0.38095254 	 1.1972681
0.3816727 	 0.8548505
0.36860332 	 1.0326153
0.3899335 	 1.0128267
0.29022565 	 1.1889969
0.26639885 	 1.2096609
0.20297286 	 1.5361221
0.14751647 	 2.211115
0.13371213 	 2.068554
0.111924574 	 1.1440309
0.094901174 	 1.4739681
0.107458375 	 2.5700471
0.13329838 	 1.758186
0.12947595 	 1.5790377
0.13435918 	 1.1265198
0.14822368 	 1.1632289
0.18540092 	 1.6256498
0.19592582 	 2.0026455
0.23871562 	 1.508375
0.22030257 	 1.7893502
0.12766893 	 2.1004927
0.13953266 	 1.8118417
0.12768945 	 1.3863106
0.1173094 	 2.569246
Summary
0.002553203  -  1.014919 ,  0.55463505  -  3.3681378
accuracy:  100.0
equal predictions:  0
TensorFlow version: 1.13.1
Found 939 images belonging to 1 classes.
argN = 784
argN = 784
0.42257842 	 2.1776934
0.40589342 	 1.9313235
0.34794238 	 2.6968439
0.38536248 	 2.3696165
0.35492438 	 2.3549178
0.32340157 	 1.9720948
0.29173777 	 2.4067354
0.20949158 	 2.3746
0.15361384 	 1.3662751
0.15910505 	 2.654639
0.23705238 	 1.5192846
0.21414968 	 2.4143276
0.26993954 	 1.5724382
0.38168582 	 1.7458973
0.23169257 	 2.310737
0.12346018 	 2.343312
0.08408232 	 1.8727528
0.055028137 	 2.179832
0.06737036 	 1.5016892
0.09307243 	 2.7685392
0.08918582 	 1.9377551
0.14494617 	 2.4284382
0.25946853 	 2.5155594
0.1611588 	 2.2438648
0.43650317 	 1.6990263
0.30997393 	 2.1875684
0.50201637 	 2.1032314
0.40596518 	 2.1173587
0.2865253 	 2.4106598
0.5615868 	 1.9193119
0.28841817 	 1.6612139
0.14959244 	 2.755319
0.06790142 	 2.2036672
0.07158186 	 2.3447304
0.3521261 	 2.1558063
0.33787802 	 2.249836
0.33109862 	 1.9604801
0.1970907 	 2.46418
0.18808194 	 2.1777613
0.095696144 	 2.7619936
0.10616844 	 2.5649898
0.08651464 	 3.1090357
0.091756284 	 2.0514069
0.23160645 	 1.430873
0.13019237 	 2.445511
0.15908164 	 2.0477433
0.1372844 	 2.15737
0.094781965 	 2.8555632
0.123810984 	 2.2390563
0.15995757 	 1.880079
0.18988173 	 2.1723313
0.13528948 	 2.285963
0.053696755 	 2.223203
0.06453732 	 1.927971
0.01390985 	 2.1344442
-9.5367386e-07 	 2.313705
0.07552091 	 2.39852
0.45481417 	 1.9201114
0.3457984 	 1.7561187
0.33015504 	 2.395669
0.32314587 	 1.8344215
0.33837703 	 2.2823422
0.333214 	 2.360092
0.26340342 	 1.852664
0.27853602 	 2.6710167
0.34392464 	 2.8791397
0.23002197 	 1.7035314
0.27737615 	 1.5568492
0.33839607 	 1.9454619
0.37634858 	 1.9588464
0.38317645 	 1.7899086
0.2037077 	 2.290588
0.059110027 	 2.4898086
0.13964354 	 1.9847213
0.14781673 	 2.0433688
0.12650292 	 1.6802362
0.11010605 	 2.5692601
0.09740117 	 2.0864527
0.061819736 	 2.014792
0.07652676 	 2.3805935
0.05399944 	 2.500571
0.015960671 	 2.5791266
0.016717214 	 2.6779106
0.019313818 	 2.4475698
0.025032822 	 2.2338767
0.023226047 	 2.3878
0.07485076 	 2.1824884
0.08387157 	 1.8974581
0.058347274 	 2.0766907
0.0636459 	 1.0856181
0.06908336 	 1.2616307
0.062405203 	 0.8817529
0.053766694 	 1.3700242
0.06589646 	 1.580678
0.058892526 	 1.7748684
0.048285794 	 1.4720308
0.04009405 	 1.6053777
0.04001811 	 1.123218
0.040592194 	 1.0316359
0.023415424 	 0.9443387
0.0403353 	 1.4835464
0.033106297 	 1.146018
0.04031873 	 1.3432642
0.028588789 	 0.8889799
0.024573706 	 1.4844481
0.04719458 	 1.173842
0.044015713 	 1.3995836
0.054052223 	 1.1289026
0.057373546 	 2.447401
0.061430752 	 0.9928487
0.046994086 	 0.7986256
0.057394125 	 1.0711058
0.04969461 	 1.4907863
0.04565919 	 1.4184641
0.04749374 	 1.3172245
0.06720186 	 2.0306885
0.06277736 	 1.2659477
0.060736403 	 0.99552184
0.0577206 	 1.7699543
0.051379457 	 1.1640049
0.05238498 	 1.3637497
0.044402212 	 1.2617911
0.034289435 	 1.3085868
0.046441607 	 0.8896095
0.03768887 	 1.81176
0.036485326 	 1.1256211
0.026852053 	 1.4686692
0.033724695 	 1.8756083
0.027149782 	 1.1557556
0.027445395 	 1.0185348
0.028502926 	 2.2757862
0.031476475 	 1.1479167
0.0265396 	 1.0094093
0.027051793 	 1.532055
0.020618243 	 0.8123209
0.028213868 	 1.2476125
0.029775064 	 1.270632
0.03240621 	 1.7444305
0.03507214 	 1.7591308
0.032292504 	 1.2398654
0.016831046 	 1.2717663
0.014128726 	 1.3090007
0.013505471 	 1.5254385
0.020617817 	 2.2522
0.0193171 	 1.2524548
0.015353947 	 1.5789129
0.027167236 	 1.3363546
0.022141656 	 1.3092415
0.0207369 	 1.7501287
0.020582039 	 0.9714706
0.024847537 	 1.8951346
0.018017465 	 0.89922196
0.025257815 	 0.94070286
0.012924507 	 1.0154132
0.011543785 	 1.0505309
0.021379173 	 1.9085038
0.019317038 	 0.8479089
0.027249677 	 1.1976359
0.023224948 	 1.9892529
0.02977617 	 0.99083453
0.02192041 	 1.1484896
0.021137336 	 2.4446964
0.022122277 	 1.0756495
0.02842578 	 0.91332626
0.031105451 	 1.1960176
0.036365956 	 1.9883848
0.04302441 	 1.0261539
0.051644534 	 1.8759284
0.0622383 	 1.7292526
0.053561103 	 1.7243308
0.06054394 	 1.1691364
0.086559415 	 1.3525717
0.085167505 	 0.9567029
0.09656493 	 1.3852278
0.07165044 	 0.92995495
0.07497686 	 0.9524547
0.07550343 	 1.1283455
0.10132769 	 1.5440017
0.08090226 	 1.551027
0.07264683 	 1.7212223
0.07293229 	 1.2933352
0.07252678 	 1.0349151
0.06747717 	 1.0128793
0.06510536 	 1.3415102
0.059739847 	 1.6509502
0.07328966 	 1.2427032
0.058801237 	 1.4637592
0.06060752 	 1.2126442
0.044331618 	 1.322601
0.04285878 	 1.0989022
0.050567962 	 0.795538
0.035901114 	 1.3180261
0.036266137 	 1.0795605
0.0442576 	 1.1032549
0.39737314 	 1.7984382
0.29690838 	 1.3917528
0.3095559 	 1.2339302
0.32639593 	 1.1749272
0.34741452 	 1.5757174
0.32160652 	 1.7085102
0.2636538 	 1.8204199
0.18600462 	 2.214866
0.14521989 	 1.205425
0.14304066 	 2.1008503
0.14339489 	 2.108569
0.13948166 	 1.6485445
0.11489264 	 1.8712814
0.14566618 	 0.9530709
0.11814157 	 2.0158281
0.1656107 	 2.522879
0.16361482 	 2.4136486
0.16682953 	 2.1207275
0.16769995 	 2.4077382
0.19665715 	 2.0504925
0.19615358 	 2.321058
0.20247741 	 1.6119783
0.13929886 	 1.9961175
0.16447051 	 1.8171366
0.1153672 	 2.2082486
0.11760864 	 1.6356843
0.09228418 	 1.8841348
0.12476513 	 2.2096667
0.12906884 	 1.7816243
0.14084235 	 2.0199797
0.1332138 	 2.466966
0.13354167 	 2.375122
0.13002373 	 2.7247472
0.1333308 	 1.0748123
0.1462959 	 2.1695876
0.13631216 	 1.9635253
0.14378448 	 2.5212634
0.36995393 	 1.84426
0.18232638 	 2.1191103
0.17107649 	 1.6576817
0.1838448 	 2.4006205
0.15327466 	 1.3542411
0.19560488 	 1.6447251
0.22197239 	 1.1003841
0.37901077 	 0.838897
0.20839842 	 2.9267213
0.23256132 	 2.1021986
0.23951158 	 1.3765613
0.21548328 	 2.8569589
0.21228537 	 2.6182075
0.19995244 	 2.0882676
0.18427506 	 2.320389
0.20604968 	 1.3611202
0.15864405 	 2.3739934
0.15261123 	 1.6581628
0.17322852 	 1.8564023
0.14672667 	 2.171905
0.14332789 	 1.9318607
0.1511712 	 1.0603441
0.15802501 	 1.572588
0.14382756 	 2.3114486
0.1253617 	 1.6157039
0.12345762 	 2.6337366
0.13760848 	 1.8832511
0.13207558 	 2.6752906
0.10635067 	 2.5812688
0.09659625 	 2.0525324
0.12627073 	 1.9664277
0.17760594 	 2.2756457
0.18116389 	 1.3838897
0.19173366 	 2.3753426
0.23975116 	 1.4167553
0.20906582 	 1.724912
0.25845507 	 1.9634578
0.2921267 	 1.7512854
0.3078151 	 1.2536296
0.34024283 	 1.6103233
0.34374282 	 1.5114737
0.19230652 	 1.3229522
0.19633025 	 1.4374027
0.19861698 	 1.8024276
0.11383491 	 1.3224239
0.104045406 	 2.7234063
0.10074615 	 2.1531022
0.09479081 	 1.9548712
0.094318904 	 1.6456987
0.097196534 	 2.8076124
0.09462523 	 2.6757858
0.10361234 	 2.286728
0.111094624 	 2.7306778
0.124163866 	 1.1178643
0.10796926 	 2.5308278
0.14013657 	 1.2715975
0.12464636 	 2.3069618
0.15755112 	 2.3535533
0.34555435 	 1.7451577
0.35782993 	 1.0239924
0.3334561 	 1.482893
0.3458608 	 1.2531922
0.4392798 	 1.1876925
0.29143745 	 1.1014569
0.2816457 	 0.9677966
0.30392182 	 1.2719209
0.2917767 	 1.423379
0.2501037 	 1.8824289
0.15271392 	 2.6148567
0.15019293 	 1.12247
0.13025062 	 1.1924572
0.12092554 	 1.7490432
0.12833723 	 2.443403
0.14195096 	 2.074318
0.14654826 	 1.2617285
0.21076077 	 2.1760466
0.22430292 	 2.0591946
0.20589793 	 2.6168013
0.23735861 	 1.9783853
0.1568626 	 2.5868561
0.15867996 	 1.9368392
0.1291218 	 1.3852901
Summary
-9.5367386e-07  -  0.5615868 ,  0.795538  -  3.1090357
accuracy:  100.0
equal predictions:  0
TensorFlow version: 1.13.1
Found 939 images belonging to 1 classes.
argN = 784
argN = 784
0.17952313 	 0.5232332
0.059568454 	 0.9190458
0.19964695 	 0.65950024
0.17433128 	 0.34990048
0.22588778 	 0.75254416
0.20483392 	 0.971921
0.2557749 	 0.79860324
0.17416959 	 0.53367895
0.2919189 	 0.8193098
0.31995726 	 0.88517344
0.30817813 	 0.70059466
0.20957941 	 0.3988118
0.24867195 	 0.6439717
0.30000573 	 1.215085
0.2640954 	 0.358721
0.22029187 	 0.96862894
0.17914417 	 0.50262445
0.30692497 	 0.6491016
0.34462234 	 0.64640105
0.38282546 	 0.5151324
0.29577544 	 0.49111584
0.34284216 	 1.2373337
0.280645 	 0.7474689
0.22205515 	 0.5372924
0.3459239 	 0.43298018
0.40738577 	 0.8002672
0.4013851 	 0.78466547
0.25565797 	 0.82586855
0.31988904 	 0.76323557
0.29866266 	 1.0229948
0.23045118 	 0.46143818
0.23334464 	 0.48975664
0.20209652 	 0.6809256
0.19479884 	 1.4096714
0.15328799 	 1.5003549
0.1858251 	 0.8675129
0.21959457 	 0.6195002
0.22255571 	 0.96623117
0.16552715 	 0.86174524
0.21198721 	 0.32308725
0.14043085 	 0.4554418
0.18358688 	 0.32159042
0.22117354 	 0.65791476
0.20725606 	 0.4248461
0.48522443 	 1.1865963
0.17303193 	 0.54432374
0.19468927 	 0.6999672
0.17802157 	 0.8234413
0.2635182 	 1.0612565
0.2700989 	 0.6051137
0.25485098 	 0.6818245
0.30008426 	 0.62524277
0.2934526 	 0.5045012
0.19170867 	 0.62508035
0.08188204 	 0.49373275
0.09346809 	 0.41491467
0.13960393 	 0.46861327
0.16083841 	 0.5959271
0.22439244 	 0.66947764
0.18033743 	 0.720145
0.16487402 	 0.66874355
0.24076965 	 0.68301654
0.2443501 	 0.6174331
0.29402605 	 0.7748302
0.29108524 	 0.57857823
0.28373402 	 0.49147522
0.2844479 	 1.040459
0.2839227 	 1.1889329
0.3683743 	 0.8861754
0.33386317 	 1.0037807
0.16702822 	 1.0975041
0.14080152 	 1.3595121
0.23899308 	 1.1852006
0.106217496 	 0.2411582
0.17616342 	 0.5738359
0.23637742 	 1.1518279
0.1998078 	 0.7337054
0.19348022 	 0.93152726
0.18048334 	 0.6446769
0.1788715 	 0.66906315
0.14760248 	 0.85365695
0.16144337 	 0.89120865
0.13824533 	 0.9337038
0.33333412 	 0.63166314
0.31757346 	 0.74846727
0.20446493 	 0.78870946
0.056957137 	 1.1873897
0.05937672 	 0.38721165
0.041670624 	 0.53471154
0.067301445 	 1.1381211
0.2528591 	 0.7801503
0.2668617 	 0.98036253
0.24921851 	 0.5900714
0.28829858 	 0.6852225
0.35547796 	 0.7815141
0.19112828 	 0.9735429
0.17206927 	 0.64340246
0.06577792 	 0.31540334
0.05795427 	 0.4686932
0.07225592 	 1.206772
0.05574368 	 0.44475284
0.049977913 	 0.76220936
0.03720188 	 0.37377375
0.031471495 	 0.44561931
0.040931795 	 0.4721795
0.07774188 	 0.67179966
0.07003845 	 0.34139052
0.08740678 	 0.32874247
0.08718784 	 0.9077937
0.10027393 	 1.0764768
0.10554023 	 0.67836666
0.14972204 	 0.5267062
0.12687759 	 0.74601877
0.20584345 	 0.48039275
0.19344544 	 0.7469477
0.22020273 	 0.38844794
0.23873371 	 0.6864334
0.2652756 	 0.58044004
0.27532122 	 0.54101497
0.27975556 	 0.7005051
0.28459853 	 0.6700238
0.2627812 	 0.8465047
0.26570436 	 0.6250229
0.2716008 	 0.613601
0.26234308 	 0.61614263
0.22194442 	 1.0860245
0.28071502 	 0.63788694
0.27726927 	 0.5355739
0.2768434 	 0.7959776
0.24347326 	 0.5958421
0.22300877 	 0.72483706
0.22051589 	 0.6166713
0.25426435 	 0.6189549
0.23957619 	 0.63098633
0.2544882 	 0.6860005
0.26350564 	 0.5498604
0.26885614 	 0.5725597
0.2853062 	 0.90545446
0.303004 	 0.69654197
0.2742088 	 0.7936347
0.30358794 	 0.6561581
0.3019964 	 0.6524124
0.37461984 	 0.7160106
0.33745402 	 0.6681753
0.3579839 	 0.69019693
0.32076895 	 0.8664431
0.3548913 	 0.7983231
0.32820788 	 0.65437466
0.3178904 	 0.648868
0.29952767 	 0.7547115
0.31112716 	 0.7223255
0.35415313 	 0.5897092
0.3907385 	 0.84743506
0.35182953 	 0.6040185
0.34352624 	 0.8743112
0.3349797 	 0.70756865
0.36517742 	 0.53973967
0.31075126 	 0.7508139
0.30844828 	 0.7000478
0.2906984 	 0.6833566
0.2799841 	 0.6801235
0.26773152 	 0.91576314
0.27950448 	 0.8311367
0.2613215 	 0.85564154
0.23643246 	 0.9337702
0.25047278 	 0.9806571
0.2627533 	 0.9742447
0.2710818 	 0.52590424
0.19574782 	 0.75909495
0.15845478 	 0.7768288
0.20879288 	 0.79217386
0.15727031 	 0.78857845
0.15994903 	 1.0532686
0.14116128 	 0.5930742
0.14617455 	 0.57699573
0.15332545 	 0.7096881
0.1463916 	 0.86931473
0.1294632 	 0.77811
0.1262208 	 0.76175445
0.09593098 	 0.80499834
0.092281826 	 0.624261
0.089101695 	 0.6874136
0.092734404 	 0.96323466
0.11919171 	 0.93553334
0.11594914 	 0.89637595
0.14105256 	 0.52537864
0.15193532 	 0.7293232
0.17671925 	 0.7214722
0.17912528 	 0.3507411
0.18774697 	 0.6651856
0.17296885 	 0.8718871
0.19015801 	 0.8421539
0.22170371 	 0.7352015
0.19928183 	 0.49330774
0.19907059 	 0.5640574
0.22137277 	 0.5372814
0.23106919 	 1.0976211
0.22009836 	 0.9377978
0.20374481 	 0.8522888
0.20885575 	 0.450511
0.17362466 	 0.8488594
0.14537504 	 0.99469566
0.11766059 	 0.6664631
0.20645252 	 1.3234901
0.2783098 	 0.79751796
0.2282679 	 1.6256322
0.2005237 	 0.95076764
0.23015386 	 1.0603821
0.22147919 	 1.3628105
0.18586802 	 0.9780666
0.18351519 	 1.3342156
0.14640251 	 1.9521163
0.2110852 	 1.5674441
0.2202733 	 1.1917955
0.23674615 	 1.3816925
0.22831912 	 1.5344422
0.1965814 	 1.4496554
0.19214985 	 1.4290841
0.17403571 	 1.4106907
0.20402816 	 1.4901
0.18128714 	 1.3553207
0.1598661 	 1.187627
0.18363759 	 1.8113266
0.19737777 	 1.3492229
0.22175929 	 1.2471074
0.20894858 	 0.5279393
0.2364881 	 1.8325106
0.25755125 	 1.3951132
0.28939977 	 0.7981671
0.25419772 	 0.5296593
0.2633039 	 1.5349092
0.3891433 	 0.8139273
0.44505417 	 1.2201008
0.50897527 	 0.744121
0.27932665 	 1.3145558
0.3094783 	 1.5773765
0.28653854 	 1.3994892
0.287272 	 1.2987089
0.25047883 	 1.5370052
0.28562576 	 1.13592
0.1541565 	 1.0083686
0.12094794 	 1.5647421
0.19341455 	 1.1115854
0.27603373 	 1.0118135
0.28215754 	 0.9429806
0.27707815 	 0.90232253
0.19510648 	 1.3710085
0.17219996 	 0.8674722
0.15418586 	 1.2727102
0.14986785 	 0.6241244
0.119720384 	 1.3449314
0.12013588 	 1.1583238
0.11771799 	 1.7851146
0.14385428 	 1.8631072
0.14697643 	 1.8764541
0.20478608 	 1.607176
0.21504131 	 1.4259062
0.2643229 	 1.4042383
0.23358953 	 1.4153501
0.26593202 	 1.0812073
0.3055645 	 1.2029305
0.3021303 	 0.88376707
0.25318304 	 1.2554095
0.27572915 	 1.5101475
0.3432045 	 1.2515279
0.32157528 	 1.3295037
0.38413802 	 1.2730167
0.43573883 	 0.98417586
0.43009663 	 1.2265078
0.5536428 	 1.0094981
0.57457703 	 0.96299
0.47830135 	 0.9058618
0.45034426 	 0.9662438
0.21514633 	 1.4230428
0.16464835 	 1.5375874
0.16306236 	 0.8351948
0.16650006 	 1.4388285
0.15516889 	 0.7531866
0.17741725 	 0.60836005
0.14478275 	 1.2048643
0.16520296 	 0.9807223
0.16399531 	 1.3201128
0.20318559 	 1.4993111
0.20690069 	 1.2325124
0.24733573 	 0.8677038
0.25051674 	 1.1395984
0.23896341 	 1.0577567
0.31628528 	 0.9341934
0.3134359 	 1.146957
0.3767794 	 0.9013366
0.35606802 	 0.79110765
0.37049976 	 0.673227
0.34293202 	 1.2052454
0.35937187 	 1.394102
0.32537976 	 0.97970426
0.2346509 	 1.4990095
0.20487307 	 0.9917361
0.18313617 	 1.8365316
0.215228 	 1.5978318
0.17770249 	 1.2920315
0.17345826 	 1.0264086
0.25692713 	 1.8541466
0.28657475 	 1.2353328
0.26610434 	 1.106558
0.25331166 	 1.1083407
0.34888357 	 1.2100438
0.28304258 	 1.7153659
0.27475196 	 1.0188223
0.30569324 	 1.5986086
0.2668509 	 0.68387306
0.26412743 	 1.0512362
0.27937055 	 1.3224945
0.29181358 	 0.9915086
Summary
0.031471495  -  0.57457703 ,  0.2411582  -  1.9521163
accuracy:  100.0
equal predictions:  0
TensorFlow version: 1.13.1
Found 939 images belonging to 1 classes.
argN = 784
argN = 784
0.18176055 	 0.7431861
0.1673685 	 0.50625294
0.15328237 	 0.35382497
0.18099852 	 0.81517625
0.19692028 	 1.0629233
0.22412899 	 1.2495314
0.22074033 	 0.97701865
0.27591127 	 1.0066124
0.1928503 	 1.6562037
0.23831326 	 1.4090959
0.31218904 	 0.6601644
0.29219845 	 0.78977716
0.28890997 	 0.820028
0.20483692 	 0.85950494
0.25372732 	 0.59017146
0.34446847 	 0.56419975
0.32357043 	 0.46414647
0.22015207 	 0.6461717
0.23285356 	 0.56924623
0.25394553 	 0.75937325
0.23983532 	 1.1983387
0.30740356 	 0.29805017
0.17761143 	 0.35786504
0.2252955 	 0.45297182
0.20473291 	 0.6354083
0.22402532 	 0.65456736
0.32888448 	 0.57530767
0.3624429 	 0.78525037
0.27162817 	 0.90584
0.21128897 	 0.3907456
0.39163512 	 0.6372789
0.22344123 	 0.44271007
0.24130099 	 0.60927045
0.19887307 	 0.4862813
0.2800112 	 0.41800818
0.2575252 	 0.58039194
0.15415046 	 0.7958081
0.19813916 	 0.27498648
0.25335345 	 0.5805724
0.31400234 	 0.48766926
0.2115685 	 0.7221197
0.17216527 	 0.5951749
0.1646326 	 0.7149929
0.17667659 	 0.8226687
0.13457656 	 1.164221
0.26883748 	 0.86853224
0.23139909 	 1.0629902
0.24634698 	 0.91782814
0.09808681 	 0.29111665
0.156747 	 0.71562475
0.17720452 	 0.30888996
0.15914613 	 0.5081659
0.1454475 	 0.55055755
0.22909029 	 0.94186294
0.1797818 	 0.3253205
0.18004365 	 0.83849674
0.31271002 	 0.5649937
0.2962524 	 0.66320944
0.2516555 	 0.55516815
0.25067258 	 0.7411016
0.2285209 	 1.3105654
0.29384002 	 0.81223834
0.15513583 	 1.573214
0.14779338 	 0.31831872
0.1394252 	 1.1161199
0.17195041 	 0.8032372
0.2624698 	 0.62315136
0.29717383 	 0.90410733
0.3332632 	 0.7574692
0.30351633 	 0.7438472
0.34218255 	 0.84949917
0.14763778 	 0.45253444
0.20630072 	 0.4500102
0.2419092 	 1.0378106
0.30535302 	 0.5040719
0.2814908 	 0.47684115
0.27044317 	 0.82832104
0.13061129 	 0.62690663
0.27707422 	 0.9007383
0.2693863 	 0.26351014
0.2536831 	 0.7276165
0.15580873 	 0.81216836
0.13789202 	 1.001167
0.13620724 	 1.2507192
0.52397615 	 0.9021152
0.14922626 	 0.61140245
0.18691224 	 0.740366
0.2151524 	 0.6694609
0.074690625 	 0.7871307
0.22818424 	 0.59076625
0.30486602 	 0.7860666
0.27766794 	 0.9579963
0.32146037 	 0.9424582
0.3190068 	 0.7327226
0.24544635 	 0.8053345
0.21932763 	 0.6167304
0.13989647 	 0.8036384
0.15061234 	 0.76169634
0.17527984 	 0.35866058
0.09394268 	 0.3252502
0.09188003 	 0.33330718
0.06301399 	 1.2005692
0.07776534 	 0.46533695
0.07200742 	 0.36521116
0.081586316 	 0.4239721
0.062821984 	 0.5272417
0.049851913 	 0.48903632
0.05991646 	 0.22437423
0.037840396 	 0.33296886
0.05446352 	 0.36591822
0.055320956 	 0.4872087
0.095003486 	 0.44965702
0.094220266 	 0.84575576
0.1004964 	 0.56279236
0.10651549 	 0.57068676
0.12871693 	 0.6171074
0.13644905 	 0.49623767
0.13391852 	 0.48150608
0.18156233 	 0.4657432
0.1995586 	 0.42061174
0.20897298 	 0.57477844
0.21153419 	 0.5307279
0.23774177 	 0.91948354
0.27009773 	 0.44555697
0.29043585 	 0.5391903
0.24413034 	 0.626656
0.28100815 	 0.5478873
0.27196938 	 0.607415
0.23816425 	 0.5707186
0.2611692 	 0.5929858
0.2690555 	 0.6585063
0.28934786 	 0.6894488
0.2842599 	 0.6043276
0.22273451 	 0.58936876
0.22633867 	 0.61552846
0.21078196 	 0.7726962
0.2371187 	 0.6088194
0.25426352 	 0.6570647
0.27836812 	 0.6459506
0.28074744 	 0.614114
0.28542393 	 0.5928142
0.27893338 	 0.6425119
0.27913958 	 0.5637235
0.2787615 	 0.7659407
0.28814462 	 0.87052536
0.26285508 	 0.6702696
0.26832289 	 0.7093808
0.26735827 	 0.82637304
0.28615847 	 0.70391726
0.29661182 	 0.9182189
0.27450046 	 0.7490485
0.27506667 	 0.5933682
0.29224682 	 0.7155272
0.27468118 	 0.7304715
0.33367583 	 0.77993727
0.29684702 	 0.87826985
0.3330762 	 0.69304574
0.34325728 	 0.67724246
0.28772014 	 0.99654305
0.3193101 	 0.769918
0.3026377 	 0.76350516
0.32033086 	 0.68925744
0.3539442 	 0.6751717
0.3448468 	 0.5315148
0.31337735 	 0.87349254
0.31452203 	 1.0307902
0.28472427 	 0.9736207
0.27748746 	 0.55639803
0.28201428 	 0.7702449
0.24401295 	 0.93042487
0.22799727 	 0.67592853
0.24862991 	 0.9754017
0.21057902 	 1.0573108
0.24187793 	 0.7141819
0.2044392 	 0.94461656
0.20293322 	 0.88666105
0.20213942 	 0.38520783
0.2206429 	 0.8116288
0.2049564 	 0.8260372
0.20486714 	 0.7739129
0.22353342 	 0.7171587
0.17147051 	 0.640764
0.18129757 	 0.79360896
0.14643818 	 0.9731897
0.13897443 	 0.7389226
0.14379254 	 0.606901
0.1343806 	 0.84512347
0.12613595 	 0.6213923
0.11727126 	 0.7616073
0.13108896 	 0.5971051
0.13952483 	 0.756106
0.10656999 	 0.41791856
0.13497275 	 0.90350187
0.1357676 	 0.6814331
0.18925436 	 0.80399257
0.19915263 	 0.95308095
0.17670076 	 0.85496676
0.2184462 	 0.84988993
0.20405872 	 1.2374345
0.18886673 	 1.1590368
0.16853663 	 1.1437416
0.17073622 	 1.0694908
0.14368904 	 1.3917578
0.20339172 	 1.2255511
0.19724098 	 1.1063296
0.252349 	 1.0573734
0.18808812 	 1.0532732
0.18047906 	 0.41872367
0.17787586 	 0.96829104
0.20543002 	 1.5555387
0.21540868 	 1.1331323
0.18104902 	 0.93788075
0.1747082 	 0.9026947
0.14813036 	 0.86940813
0.1388278 	 1.1916564
0.16364473 	 0.94585073
0.18657911 	 0.7148511
0.16471764 	 0.8690652
0.18732937 	 0.92676026
0.20276946 	 1.0279827
0.2073806 	 1.5863407
0.25196242 	 1.0313056
0.29772034 	 1.4358928
0.27734044 	 0.8943177
0.3259335 	 1.3745843
0.48987493 	 1.1011702
0.3173714 	 0.86013657
0.2689558 	 1.4670798
0.2772905 	 1.1249794
0.28836077 	 1.2540295
0.2621284 	 1.0548729
0.37502322 	 1.1392853
0.33146796 	 0.94626135
0.3109063 	 1.307808
0.11189998 	 1.2404352
0.1349821 	 1.2454803
0.15029703 	 1.4951676
0.28908965 	 1.1072015
0.26961175 	 1.122891
0.12614311 	 0.91638887
0.12603927 	 0.9508773
0.1287734 	 0.41996294
0.13180679 	 1.3951507
0.14369267 	 0.76210207
0.14337109 	 1.5265166
0.20082487 	 1.008848
0.2143532 	 1.1058214
0.23918264 	 1.2180995
0.25356564 	 0.919232
0.268384 	 1.1310201
0.26960123 	 0.63296324
0.2932894 	 0.9189186
0.22934566 	 1.1441542
0.20669319 	 0.92539275
0.22187446 	 1.0443243
0.24085155 	 1.0012908
0.49949118 	 0.79542667
0.55041295 	 0.8282242
0.52163297 	 0.7813948
0.5094087 	 0.76668155
0.4915061 	 1.0393403
0.2085504 	 1.0376055
0.175944 	 1.5591019
0.16084737 	 0.9784436
0.19048484 	 1.3026283
0.16923769 	 1.2365117
0.16200805 	 1.020496
0.14205387 	 0.8660219
0.16011328 	 1.1018265
0.17305148 	 0.9163759
0.1571862 	 1.3444842
0.17909284 	 0.851075
0.18309915 	 1.0765768
0.16512105 	 1.1427981
0.2237695 	 0.82027054
0.21069454 	 0.83745176
0.22225054 	 1.0195135
0.23166965 	 0.9482119
0.25045472 	 0.77282983
0.19973494 	 0.536586
0.21475224 	 1.1611192
0.20922585 	 1.4879018
0.22870864 	 0.91681993
0.25101054 	 0.93799555
0.2620123 	 1.1278731
0.26081997 	 1.5271405
0.31174484 	 1.170756
0.3411351 	 0.9155149
0.32838598 	 1.1204332
0.2944084 	 0.8509129
0.29048622 	 0.60528654
0.23274598 	 1.4606398
0.22757661 	 1.3524557
0.20622885 	 1.164132
0.2215498 	 0.70256853
0.2777149 	 0.6815384
0.26050523 	 0.779081
0.29136485 	 1.0613935
0.27981037 	 0.88021576
0.2934905 	 1.1247014
0.28707263 	 0.8005796
0.272079 	 1.0121026
0.23029584 	 0.99828416
0.24568675 	 1.140227
0.2335735 	 1.1942691
0.23276328 	 0.6551396
0.24955161 	 1.1462144
0.23307507 	 0.8529483
0.23149036 	 1.5034289
0.19670679 	 0.70340693
0.26544517 	 0.64022225
0.26396942 	 1.0999298
0.28257486 	 1.1877033
Summary
0.037840396  -  0.55041295 ,  0.22437423  -  1.6562037
accuracy:  99.4
equal predictions:  0
