TensorFlow version: 1.13.1
Found 939 images belonging to 1 classes.
argN = 784
argN = 784
0.4636223 	 2.262146
0.4721386 	 2.5291061
0.43089107 	 2.0686662
0.3776536 	 2.3685896
0.19794182 	 2.687537
0.20875998 	 2.1687849
0.08735597 	 3.2013645
0.06321176 	 2.2469254
0.04966141 	 2.2462294
0.04375358 	 2.3373964
0.055508006 	 2.8065581
0.050984353 	 2.8067672
0.089552045 	 1.8394442
0.08329024 	 1.7894518
0.1103479 	 1.5675163
0.09730157 	 1.9388349
0.06852889 	 2.1145835
0.08494562 	 2.9189909
0.16311231 	 3.3186624
0.1244013 	 2.4028897
0.23416038 	 2.303362
0.08412835 	 2.348507
0.29442635 	 1.6811692
0.2978538 	 1.9628402
0.052940127 	 2.0549788
0.087951906 	 2.1498497
0.05497448 	 1.7587622
0.029754063 	 2.7914784
0.019310841 	 2.7885437
0.01671964 	 1.7816876
0.10927435 	 2.6068761
0.05918319 	 2.6539552
0.2970203 	 2.015869
0.27408886 	 2.2099688
0.3974824 	 2.0682483
0.4024366 	 1.9604822
0.36428264 	 1.9267092
0.2688683 	 1.8749789
0.19844732 	 2.2120929
0.34448162 	 2.5478451
0.30713597 	 2.302545
0.5110441 	 2.2197666
0.48898402 	 1.4389634
0.1869711 	 2.7764041
0.05249189 	 2.337631
0.22783828 	 2.2179303
0.17758787 	 2.2450008
0.14527579 	 2.593225
0.026828786 	 2.704023
0.027211763 	 3.4863677
0.0631496 	 3.0534267
0.031089773 	 2.221064
0.08053234 	 2.350957
0.04394994 	 1.9748496
0.045699306 	 2.0512056
0.08852175 	 2.09089
0.043613918 	 2.9995437
0.042897977 	 1.9967209
0.050877605 	 2.9763064
0.019536434 	 2.2669723
0.015424342 	 2.1650498
0.008894725 	 2.1526988
0.0128361145 	 3.331608
0.0076814713 	 2.2360063
0.018003447 	 2.7016463
0.021943685 	 3.7955801
0.087620415 	 3.0384567
0.09780697 	 1.9728771
0.04048351 	 1.6740252
0.33513722 	 2.1928003
0.27279758 	 1.3003151
0.2073742 	 2.0894244
0.116874844 	 2.1880722
0.103794694 	 2.5533822
0.13393712 	 1.8265575
0.19389157 	 2.1614811
0.116040036 	 1.9414737
0.20430903 	 2.8767743
0.15419893 	 1.7473943
0.1715068 	 2.378349
0.20679133 	 2.33921
0.25561556 	 2.2134469
0.22122723 	 1.7129468
0.18905285 	 2.7336526
0.1406934 	 3.027381
0.03717565 	 2.813897
0.039040927 	 2.5513186
0.075107865 	 2.413494
0.014208708 	 1.6779405
0.085202746 	 2.1583364
0.102869 	 2.1123319
0.081525855 	 2.4855947
0.050579812 	 2.2407105
0.025250783 	 2.4746509
0.029438432 	 2.2368095
0.02523049 	 2.984002
0.028456686 	 2.791007
0.012836657 	 2.4708571
0.015401159 	 2.0778604
0.0076823724 	 2.8234208
0.008967673 	 3.1090531
0.018015888 	 2.839786
0.011763047 	 2.736147
0.027092028 	 1.4405923
0.026026933 	 2.0635405
0.027982326 	 1.30434
0.0154172 	 1.5438117
0.030906804 	 0.75194067
0.03774575 	 1.9755787
0.020053504 	 0.78696716
0.018353371 	 1.7699862
0.027221013 	 1.6139466
0.015680663 	 1.3171431
0.019162277 	 1.1717196
0.011544931 	 1.9607482
0.025735287 	 1.0887594
0.016241241 	 1.0944568
0.006420857 	 1.234704
0.015334276 	 1.6580148
0.021339776 	 0.8903904
0.018035369 	 1.2189782
0.028462267 	 1.1692019
0.019442167 	 1.9011194
0.015153139 	 1.119888
0.017983662 	 1.1599932
0.027992256 	 1.4995844
0.029727783 	 1.5914315
0.022307364 	 1.5537728
0.028155135 	 1.4401752
0.018017465 	 0.8619259
0.020112129 	 2.0986702
0.018017465 	 1.225004
0.016710427 	 1.2000325
0.019317038 	 1.6738358
0.020618243 	 1.334892
0.021913588 	 2.4346771
0.0076854355 	 1.3880523
0.007712285 	 0.9398928
0.0077451416 	 2.165524
0.0076814713 	 0.9637716
0.0076814713 	 0.99441415
0.011119928 	 1.2576938
0.0063969814 	 2.2836034
0.008967673 	 1.4518596
0.008207292 	 2.2818768
0.00904971 	 1.3557
0.0128323715 	 1.5037917
0.012635449 	 1.9637572
0.01154499 	 1.2386992
0.0201918 	 1.9233185
0.0063969814 	 1.7233741
0.004458397 	 1.1142807
0.001274205 	 1.2227538
0.0093585495 	 1.3514564
0.008967673 	 2.1347044
0.0063969814 	 1.254162
0.0077634025 	 0.8001036
0.0076814713 	 1.2536879
0.0038328813 	 1.5196035
0.0025532627 	 2.0654147
0.0076814713 	 0.95057607
0.008811317 	 1.8377726
0.012809912 	 2.0807524
0.008968756 	 0.92590326
0.010255411 	 2.0540984
0.008967072 	 0.8753109
0.0063967416 	 1.6298518
0.0063968017 	 2.1398916
0.01014895 	 1.2973837
0.0076815314 	 1.8798568
0.0050915536 	 0.87131226
0.010258242 	 1.2860433
0.006522603 	 2.237313
0.010172795 	 1.7299355
0.013836359 	 1.0227611
0.008993414 	 1.0815207
0.0102500515 	 2.3006337
0.021871977 	 1.3449187
0.014087739 	 1.4201868
0.016859839 	 0.94481695
0.02710832 	 1.373493
0.02441538 	 1.5647153
0.032407198 	 0.9468914
0.029558694 	 1.348474
0.024650495 	 2.0202749
0.032406766 	 1.3001833
0.03267136 	 1.2398632
0.039628897 	 0.95204383
0.047663644 	 0.80876577
0.030828303 	 1.5653709
0.040899754 	 2.1054904
0.03805275 	 1.9052607
0.03369171 	 1.5970165
0.03623826 	 1.5940541
0.032460023 	 1.6982449
0.041168157 	 1.490813
0.03851376 	 1.2770714
0.04424371 	 1.0592622
0.04911935 	 1.3647474
0.04099377 	 1.0292599
0.03981725 	 1.1781827
0.042225882 	 1.2293011
0.0545507 	 1.1731954
0.042802293 	 1.628776
0.03502541 	 1.071663
0.056900416 	 1.2633785
0.031072188 	 1.1912254
0.039835487 	 1.9383764
0.028475145 	 1.4692948
0.028696619 	 1.262464
0.021889582 	 1.4303344
0.022722818 	 1.7832953
0.020759417 	 1.07518
0.026991904 	 1.0847822
0.31292525 	 1.9436152
0.22752692 	 1.6233366
0.19088903 	 1.7432806
0.088948324 	 2.0896246
0.11836302 	 1.5582029
0.11643137 	 3.0203369
0.1036489 	 1.7677119
0.11571249 	 1.7128714
0.13253333 	 1.8645912
0.15042865 	 2.4728339
0.13730218 	 2.5042198
0.11862097 	 2.1649296
0.11785344 	 1.8724817
0.11077795 	 2.3738961
0.10022306 	 2.1628952
0.13349128 	 3.0262887
0.10197827 	 2.835751
0.078024164 	 2.5213459
0.08294346 	 1.2355211
0.09069448 	 2.7120218
0.09490288 	 2.6150188
0.08634087 	 2.9404454
0.07961669 	 2.5369437
0.12720996 	 2.1855946
0.2824475 	 1.6797799
0.37441736 	 2.1862204
0.15694167 	 1.7146362
0.13123962 	 2.5627754
0.15686776 	 2.2959569
0.11380959 	 2.781793
0.23173381 	 1.8725919
0.27256748 	 1.9729093
0.43576112 	 1.694533
0.21602857 	 2.323607
0.16433126 	 3.29057
0.1889424 	 2.9423084
0.19714987 	 2.7523513
0.16866235 	 2.0900247
0.17526515 	 2.0011208
0.17327055 	 2.3586404
0.14042099 	 1.8671573
0.13242772 	 1.3753628
0.09674351 	 1.9597819
0.12594461 	 2.5083652
0.10790758 	 2.1503568
0.107637115 	 3.2162564
0.09777279 	 1.131014
0.08764605 	 1.5809019
0.06413113 	 3.5288234
0.05236683 	 2.6838527
0.051354356 	 2.657036
0.044363707 	 1.1868224
0.052359544 	 3.3322804
0.07141899 	 1.8738819
0.07676152 	 1.4637592
0.068386935 	 1.9406993
0.10479267 	 2.2455559
0.13804583 	 2.0098863
0.14533141 	 1.5223505
0.12535298 	 2.3443513
0.15995939 	 2.3144267
0.25108913 	 1.8883575
0.25187355 	 1.9159248
0.32466987 	 1.4956654
0.3451925 	 1.4271824
0.306954 	 1.7445267
0.089326195 	 1.812376
0.10488064 	 2.810251
0.07384717 	 2.8174782
0.04155828 	 2.6941288
0.056230955 	 2.6025126
0.056407705 	 3.1986492
0.044264328 	 2.4155593
0.068615064 	 2.657037
0.07685511 	 2.7525437
0.07200556 	 1.121159
0.096225396 	 1.3958822
0.11568165 	 2.4448888
0.10713184 	 2.3974755
0.16341653 	 2.3037026
0.23910572 	 1.7780416
0.2975521 	 1.8238769
0.32616487 	 1.9327885
0.31277984 	 1.5011684
0.3262668 	 1.4217902
0.31570333 	 1.1701871
0.27309015 	 1.7646483
0.21626636 	 1.5911629
0.21726468 	 1.7920406
0.1358412 	 2.427636
0.09848499 	 2.7860708
0.1019625 	 2.1230311
0.09631583 	 1.6225907
0.09073618 	 2.7522447
0.09897776 	 2.2555676
0.17973827 	 2.4976246
0.1935467 	 1.9404923
0.20596524 	 2.3205888
0.15869309 	 1.6553909
Summary
0.001274205  -  0.5110441 ,  0.75194067  -  3.7955801
accuracy:  100.0
equal predictions:  0
TensorFlow version: 1.13.1
Found 939 images belonging to 1 classes.
argN = 784
argN = 784
0.13202442 	 0.8971665
0.16727656 	 0.63036656
0.19241814 	 0.699179
0.19538745 	 0.9825039
0.2119153 	 0.9742941
0.1918382 	 0.46387988
0.16832727 	 0.8015151
0.22867185 	 0.6975472
0.24131487 	 0.7035032
0.23524211 	 0.916082
0.21017252 	 0.87755686
0.15712258 	 0.42035145
0.31174818 	 0.9030868
0.2412211 	 1.0324552
0.22260068 	 0.5546481
0.14276905 	 1.1839607
0.1493001 	 0.5686101
0.23051025 	 1.5890275
0.24620348 	 0.603793
0.28871885 	 0.571307
0.34522364 	 0.6865068
0.37051073 	 0.5703202
0.32549116 	 0.77683157
0.18618642 	 0.7416393
0.17369089 	 0.26243842
0.1345651 	 1.035888
0.15637407 	 0.5368261
0.19663364 	 0.49031258
0.22475207 	 1.2674186
0.3271323 	 0.5714893
0.10543233 	 0.5775267
0.15884091 	 0.78137594
0.12876567 	 1.3622974
0.16683516 	 0.9115968
0.11442111 	 0.80130523
0.07162957 	 0.5739665
0.27567136 	 1.260792
0.41078138 	 1.4050431
0.2367148 	 0.60941166
0.19618759 	 0.6498198
0.1658038 	 0.80075467
0.16086298 	 0.664601
0.168225 	 1.0252472
0.20585194 	 0.6563746
0.28814495 	 0.7671877
0.28750312 	 0.46534047
0.2725693 	 0.5981977
0.09777266 	 0.9775188
0.048722822 	 0.49320358
0.035044607 	 0.52147615
0.09639276 	 0.459732
0.1272553 	 0.47996604
0.1032745 	 0.825268
0.17415093 	 1.2868505
0.21235472 	 0.7457645
0.22788873 	 0.7790737
0.30374673 	 0.945364
0.29010552 	 0.6067676
0.21515852 	 0.7379903
0.25327036 	 0.9364031
0.15196745 	 0.6038231
0.213559 	 0.5429643
0.24809955 	 0.8641821
0.3426062 	 0.6381387
0.19702044 	 0.68536824
0.17276905 	 0.5073954
0.18209058 	 1.6388006
0.22768947 	 1.2092004
0.22750978 	 0.7531761
0.09596037 	 0.75344336
0.07961514 	 0.17983344
0.19149318 	 0.7068052
0.1544905 	 0.5288423
0.17216294 	 0.64956504
0.13930392 	 0.6535791
0.5887919 	 0.656969
0.06193273 	 0.9342856
0.17067783 	 0.5967188
0.18045494 	 1.0791647
0.18861744 	 0.45714238
0.18756317 	 1.1980321
0.18283427 	 0.92410517
0.029773653 	 0.3524747
0.020530567 	 0.38774088
0.07813295 	 1.2864004
0.23117878 	 0.84611607
0.2342895 	 0.87712085
0.19135676 	 0.88307655
0.2956232 	 0.76621205
0.30448383 	 0.60822225
0.2976062 	 0.63447183
0.08944834 	 0.78761876
0.09727884 	 1.052235
0.03586423 	 0.2804697
0.031598274 	 0.5570406
0.025143264 	 0.70827144
0.030616682 	 0.41818783
0.025823848 	 0.52159077
0.020721016 	 1.4018286
0.02192358 	 0.41636178
0.023225436 	 0.49521315
0.015423434 	 0.38239288
0.024249323 	 0.72675633
0.05083759 	 1.0784934
0.06589276 	 0.5462716
0.074460335 	 1.2021384
0.08633976 	 0.51247156
0.09383943 	 1.0221176
0.12885924 	 0.5863055
0.14348122 	 1.0471675
0.16938758 	 0.5477292
0.1808101 	 0.45814574
0.21653485 	 0.5281671
0.24798888 	 0.83900416
0.22608054 	 0.70717216
0.25085148 	 1.0674871
0.25606036 	 0.6432248
0.24030037 	 0.7669056
0.24889103 	 0.75143355
0.25727338 	 0.56202453
0.25614423 	 0.9438833
0.24440947 	 0.6483229
0.2177736 	 0.99864393
0.19919716 	 0.6770573
0.21118297 	 0.6277079
0.23165041 	 0.6657652
0.25221613 	 0.4595619
0.2922597 	 0.7830674
0.27529374 	 0.93748677
0.26193887 	 0.933072
0.25833356 	 0.52242017
0.24726696 	 0.7904016
0.2629668 	 0.8969617
0.2624374 	 0.6532036
0.27875465 	 0.64503926
0.29414842 	 0.65392447
0.2333143 	 0.6249739
0.26943508 	 0.77716017
0.30364206 	 0.6125079
0.3049708 	 0.5235767
0.30284858 	 0.41270205
0.2951655 	 0.71543944
0.31895632 	 0.74222195
0.3301318 	 0.8819006
0.31574357 	 0.6766251
0.27645367 	 0.7364436
0.2978538 	 0.8921694
0.28672466 	 0.79241
0.26600915 	 0.6852464
0.2381613 	 0.5334306
0.2481576 	 0.7079531
0.19816372 	 0.87581366
0.17590058 	 0.61615914
0.2007434 	 0.7228107
0.2089563 	 0.5642039
0.22366081 	 0.84751827
0.18488412 	 0.6497171
0.19470267 	 0.2674335
0.21004404 	 0.6906449
0.15133901 	 0.8354204
0.13386966 	 0.81050164
0.15342759 	 0.69392973
0.14380582 	 0.652393
0.12304809 	 0.84823185
0.10067594 	 0.74720323
0.09070316 	 0.6888502
0.08767787 	 0.6732056
0.1280225 	 0.82129747
0.1395012 	 0.63772595
0.17801352 	 0.41494003
0.17744906 	 0.45820466
0.20919734 	 1.0366049
0.19965503 	 0.7860215
0.19491835 	 0.33075175
0.1865776 	 0.7309521
0.16121714 	 1.0026371
0.15548433 	 0.5163098
0.17240554 	 1.1814911
0.17940024 	 0.97631335
0.1629353 	 0.5546916
0.1298379 	 1.5807301
0.12291079 	 0.9870063
0.2325544 	 1.0055352
0.22573283 	 0.85247904
0.18237351 	 2.1498134
0.1729714 	 1.9495904
0.1706166 	 1.191269
0.16310664 	 1.3462176
0.11025425 	 1.2766726
0.113088466 	 2.0872667
0.10586857 	 2.1183333
0.16315575 	 1.3226564
0.15794082 	 1.6636269
0.16491556 	 1.6999995
0.18380484 	 1.4709922
0.14741659 	 2.03008
0.15672608 	 1.5403858
0.110128075 	 2.019759
0.13491818 	 2.1291533
0.14708649 	 1.2202983
0.16158144 	 0.91898483
0.16326894 	 1.0704215
0.15681511 	 1.5475028
0.16734596 	 1.4652306
0.16364852 	 1.6013136
0.17972714 	 1.4391162
0.17593206 	 0.572395
0.19363387 	 1.0110325
0.18983208 	 1.6916339
0.21584408 	 1.3559343
0.18191768 	 0.68128216
0.22287141 	 1.9249462
0.37973303 	 1.4277902
0.41211686 	 1.3075409
0.36469525 	 1.2608916
0.3078322 	 1.8929194
0.27390096 	 1.761688
0.2803372 	 1.6686356
0.2836792 	 1.5133669
0.27972355 	 0.788025
0.27578866 	 1.5578779
0.26316142 	 1.7122724
0.25783432 	 1.461367
0.2199819 	 1.7421447
0.19563663 	 1.2027538
0.2601527 	 1.4265631
0.27756906 	 0.5035607
0.10943287 	 1.3695487
0.10351199 	 1.8859954
0.11022457 	 2.001056
0.15708813 	 2.1181428
0.18212318 	 1.478221
0.19614828 	 1.4803072
0.22018847 	 1.842971
0.25286087 	 1.1884618
0.2633769 	 0.9691543
0.22654514 	 1.673446
0.123804845 	 1.8840222
0.1060174 	 1.558103
0.08913473 	 1.3607923
0.08504744 	 2.0209866
0.09561212 	 1.4717796
0.11399669 	 1.2702963
0.11597076 	 1.1545504
0.09227183 	 1.1229342
0.15716568 	 1.588139
0.17822528 	 1.665339
0.18774718 	 1.7612352
0.19193555 	 1.822466
0.22432485 	 1.7506108
0.2341994 	 1.4463143
0.2516375 	 1.6007087
0.25139076 	 1.5534495
0.1880792 	 1.3614775
0.21195899 	 1.2989365
0.23538707 	 1.4978117
0.42672643 	 1.1741226
0.4448239 	 1.3921739
0.37436935 	 1.1870967
0.30842564 	 1.3119515
0.23439318 	 1.415561
0.18017483 	 1.4952089
0.16255452 	 0.62984127
0.11789937 	 2.2760808
0.11618096 	 1.6945522
0.13087024 	 2.2457118
0.14084366 	 1.4095926
0.10813634 	 0.9476922
0.121118344 	 2.2003021
0.12734237 	 1.42167
0.12896454 	 1.7587335
0.12502372 	 1.085018
0.120711185 	 1.3769017
0.09922654 	 2.0042846
0.08922518 	 2.602314
0.10461411 	 1.778506
0.10613584 	 1.3504095
0.14301164 	 1.5658767
0.10730455 	 1.6298765
0.14036247 	 1.834918
0.13872214 	 2.1752548
0.15487386 	 1.6940869
0.1322434 	 2.0204191
0.15592332 	 0.771364
0.14809276 	 1.9913845
0.15139677 	 1.9743506
0.19052276 	 1.2041779
0.19419436 	 1.1689692
0.19718522 	 1.8691659
0.21937662 	 1.1602263
0.20956074 	 1.5382897
0.21410729 	 1.0699842
0.21281667 	 1.7075317
0.19514088 	 1.1686188
0.14938065 	 2.2488925
0.13561933 	 2.2180202
0.12917078 	 0.6679698
0.15163001 	 1.2921652
0.21530865 	 1.4017454
0.2139211 	 1.3640891
0.26190802 	 1.5129809
0.24936114 	 1.5752711
0.2471911 	 1.468774
0.18987006 	 0.7698686
0.22402413 	 1.685622
0.20491454 	 1.4216549
0.20034549 	 1.8462999
0.16617246 	 1.0602684
0.18192841 	 1.4800657
0.21025218 	 1.4707469
0.22581688 	 1.0188348
0.21135981 	 1.2143393
0.19589108 	 1.0647963
Summary
0.015423434  -  0.5887919 ,  0.17983344  -  2.602314
accuracy:  100.0
equal predictions:  0
TensorFlow version: 1.13.1
Found 939 images belonging to 1 classes.
argN = 784
argN = 784
0.22951362 	 2.8089297
0.23435181 	 2.3604639
0.22405128 	 2.0082455
0.4434297 	 2.7527514
0.34889698 	 2.015231
0.09474173 	 2.515915
0.07503263 	 2.8521051
0.0682436 	 1.5659511
0.11446869 	 1.5847088
0.0550447 	 2.4303124
0.18222417 	 2.0359907
0.08884402 	 2.3519795
0.08946685 	 2.6548288
0.09705951 	 1.8319323
0.13980839 	 2.9708426
0.14319691 	 2.143703
0.16330494 	 2.5472245
0.15456778 	 2.2964556
0.085090786 	 2.2814448
0.18249854 	 2.417094
0.11574462 	 2.1464298
0.10918134 	 2.6524105
0.028308168 	 2.5984492
0.019316979 	 1.9268994
0.024565214 	 2.58796
0.008562522 	 2.5591874
0.03028124 	 2.433531
0.053056147 	 2.148526
0.09035445 	 2.9456124
0.1335399 	 1.9871663
0.34546676 	 2.0066466
0.28137714 	 2.5499048
0.14338085 	 2.6604276
0.2707495 	 2.6517208
0.44079208 	 2.8563116
0.41856903 	 2.4426553
0.16307689 	 2.0474122
0.12598395 	 2.755201
0.06999383 	 2.3800607
0.10991902 	 3.0269146
0.04834278 	 4.872052
0.029774634 	 2.125068
0.050842047 	 3.4790404
0.04034337 	 2.891198
0.043881055 	 2.3877
0.05214426 	 1.9780315
0.059317898 	 2.1684089
0.065755 	 1.9484687
0.0932918 	 2.3421903
0.03666709 	 2.0941544
0.05270191 	 2.9440467
0.06286793 	 2.8507793
0.047143035 	 2.5070758
0.031528395 	 1.6940445
0.055666164 	 1.6831996
0.11682574 	 2.6563432
0.13574214 	 2.812981
0.14614703 	 2.8236978
0.032406274 	 2.6569698
0.026965206 	 2.7095742
0.0092657795 	 1.6131338
0.0025514103 	 2.2250395
0.0025532627 	 2.4300916
0.001275339 	 3.3207722
0.0038328813 	 2.5463321
0.0025532627 	 2.7505558
0.050062694 	 2.4089015
0.25815037 	 2.2349722
0.23194839 	 2.0520024
0.15719903 	 3.3227243
0.08672802 	 2.0893748
0.12934767 	 2.160823
0.24044235 	 2.8302662
0.13941334 	 2.827382
0.14779456 	 1.4653809
0.23153545 	 2.1239135
0.22533506 	 1.6488059
0.19736513 	 2.1843772
0.1007894 	 2.8798654
0.09813159 	 2.7301557
0.16680953 	 1.8334602
0.089581184 	 2.0899084
0.09933739 	 2.3098166
0.07688046 	 3.3137875
0.05505849 	 2.8068492
0.04687696 	 1.986775
0.033353202 	 2.4868014
0.01800369 	 1.8892603
0.017618883 	 2.1500447
0.003344699 	 2.220781
0.006398001 	 2.6307876
0.011550598 	 2.0155673
0.01670879 	 2.5700457
0.001275339 	 2.9458654
0.0128361145 	 2.732567
0.0078028087 	 2.4412103
0.0076748645 	 2.6595805
0.022795076 	 2.1261704
0.029861467 	 2.6050203
0.030722948 	 2.681735
0.036403727 	 1.6650327
0.03371964 	 1.4250569
0.035175238 	 1.3122135
0.028320676 	 1.6022959
0.03359684 	 1.8158027
0.029747862 	 1.732144
0.02757528 	 2.4202826
0.03428382 	 1.3108003
0.023500059 	 1.5516468
0.018017465 	 1.1178384
0.019301362 	 1.7339864
0.021802649 	 1.8685478
0.020140287 	 1.8514272
0.0186351 	 1.4871554
0.006713464 	 1.3734396
0.01873093 	 1.838358
0.012804478 	 2.0290568
0.022378128 	 2.8822806
0.010272092 	 1.0891318
0.029755108 	 1.8576869
0.021918034 	 0.8504837
0.027143411 	 1.1469456
0.028368933 	 1.3401314
0.028563889 	 1.7128943
0.050330874 	 2.1322608
0.03709771 	 2.5247698
0.028028606 	 1.5038981
0.028552052 	 1.5739259
0.024574988 	 2.0986066
0.01989121 	 2.0788558
0.019301848 	 1.0801173
0.027104523 	 1.6217811
0.018017465 	 1.5283253
0.023198472 	 1.6474419
0.019305069 	 1.4746507
0.02237581 	 1.3041258
0.020618243 	 1.0639266
0.01766335 	 1.3020465
0.0038331207 	 1.5463748
0.012836416 	 1.5822562
0.0043409974 	 1.7527702
0.01154499 	 2.0285165
0.010255472 	 2.787516
0.014017922 	 0.89298505
0.0148275625 	 1.578202
0.013996646 	 1.6295961
0.015307464 	 3.2260613
0.015423434 	 1.7443886
0.015423494 	 1.5904965
0.019310659 	 1.9921257
0.014568193 	 1.2460927
0.0077530704 	 2.2223508
0.0076814713 	 1.4751444
0.011508753 	 1.1972483
0.010246138 	 1.250468
0.013026011 	 1.7262496
0.0076814713 	 1.9231032
0.0075098225 	 2.1753185
0.00511408 	 1.7148547
0.007389001 	 1.3934026
0.0063969814 	 2.0041497
0.00871445 	 1.0647876
0.008953962 	 1.8684134
0.008967433 	 1.0591826
0.008967673 	 2.0599673
0.00511408 	 1.3105191
0.008967673 	 1.1268059
0.003964464 	 1.2248106
0.01351266 	 1.1020445
0.008967673 	 1.4679257
0.0038327617 	 1.9653432
0.0141129475 	 1.1052688
0.013735861 	 1.5211124
0.008967673 	 1.3413016
0.012835571 	 2.3583145
0.0038298897 	 1.4899857
0.0065823593 	 1.1349368
0.0063979416 	 0.94102126
0.023227144 	 1.455937
0.0180117 	 1.527031
0.037529938 	 1.7984152
0.043948382 	 1.2476459
0.031892315 	 1.5192448
0.037881687 	 1.4942557
0.046500552 	 1.8768665
0.04872908 	 1.0718246
0.03806866 	 1.2163831
0.042985022 	 1.599842
0.030633276 	 1.3717202
0.038920514 	 1.7610625
0.04042076 	 1.3875947
0.036934916 	 1.2518522
0.029757809 	 1.1395311
0.026908016 	 1.3385788
0.025838772 	 1.281189
0.02709607 	 1.4390022
0.033971198 	 1.8286386
0.26886082 	 1.6832699
0.22760311 	 1.851486
0.24949867 	 1.4948803
0.13633326 	 2.446223
0.121624544 	 1.2378823
0.11763324 	 2.505182
0.09028406 	 2.752297
0.088677794 	 1.0724528
0.085072815 	 1.9635279
0.101289034 	 2.620401
0.11334685 	 2.4132924
0.11058507 	 3.0432918
0.1047662 	 2.7506602
0.11307485 	 1.7738906
0.13786028 	 2.6126893
0.12774655 	 2.0949376
0.14540668 	 2.0700116
0.13937436 	 2.5052104
0.14079027 	 1.9571724
0.1390806 	 2.6460276
0.11463478 	 2.2949378
0.10326552 	 1.9751403
0.09492326 	 1.9720442
0.100818336 	 2.2995865
0.07833269 	 3.0872052
0.08931538 	 1.8629827
0.11310295 	 2.0201566
0.10208263 	 2.5620086
0.10487654 	 2.8270326
0.10036519 	 2.7037067
0.10293096 	 1.3854522
0.061465804 	 1.8434036
0.08363533 	 2.2912388
0.14519598 	 2.3422983
0.22631118 	 1.3565652
0.12789631 	 2.5210764
0.12624556 	 1.6531461
0.12814933 	 2.3846648
0.4081264 	 1.6981124
0.14529543 	 2.3090768
0.17169143 	 2.401644
0.14983399 	 2.732482
0.09351763 	 1.340658
0.11636126 	 1.1362544
0.110469505 	 1.5641907
0.0851651 	 1.8045025
0.08374888 	 2.902477
0.07823459 	 2.9265077
0.0571462 	 2.3018587
0.056407895 	 2.621299
0.045658253 	 1.8507266
0.09478157 	 2.2217522
0.097642265 	 2.5578077
0.10244067 	 1.6678501
0.1190078 	 1.3925161
0.12282324 	 2.5380337
0.12348102 	 2.568012
0.13586114 	 2.3202102
0.1574648 	 2.1532772
0.15252784 	 1.8343483
0.15110603 	 2.3214781
0.2103898 	 2.417499
0.22216523 	 1.8056793
0.23493162 	 1.3476126
0.26852947 	 1.6865209
0.30234215 	 1.4481665
0.258986 	 1.0129539
0.30383313 	 1.6256195
0.31622377 	 1.5331291
0.31908503 	 1.3643826
0.32152778 	 1.626354
0.31655255 	 1.5674717
0.1739906 	 1.307867
0.14672321 	 1.8593974
0.114386156 	 1.1641531
0.03901657 	 2.793123
0.05172544 	 1.6803515
0.04563935 	 1.7211126
0.075354055 	 1.2152326
0.06985384 	 2.4448662
0.12131233 	 2.6272314
0.15518567 	 2.6514614
0.17338163 	 2.1859381
0.1911586 	 1.2680329
0.23125358 	 1.9240866
0.2963429 	 1.5305064
0.28827566 	 1.8970543
0.32549348 	 1.5827755
0.31837118 	 1.5967427
0.25460368 	 1.3035475
0.26215574 	 1.3418643
0.29250425 	 1.5632011
0.26891667 	 1.2850342
0.21573012 	 1.0441414
0.21726476 	 1.482211
0.20333765 	 1.7550377
0.2182035 	 1.367847
0.23276201 	 0.9451982
0.1953526 	 2.1215425
0.18620795 	 2.131299
0.17086314 	 2.0019758
0.17643486 	 1.6931069
0.15557814 	 2.7324939
0.10217941 	 3.06899
0.07932615 	 2.029498
0.079244465 	 2.0635324
0.079614036 	 2.813538
0.08664541 	 2.6436448
0.07898751 	 1.7888757
0.094657205 	 2.257451
0.10163696 	 1.8547418
0.13867639 	 1.9473023
0.13936703 	 2.3336651
0.14523394 	 2.321392
0.09885484 	 2.2668343
0.08515673 	 2.3739398
Summary
0.001275339  -  0.4434297 ,  0.8504837  -  4.872052
accuracy:  100.0
equal predictions:  0
TensorFlow version: 1.13.1
Found 939 images belonging to 1 classes.
argN = 784
argN = 784
0.14255196 	 3.0142248
0.1879992 	 2.2367952
0.24737252 	 2.5098703
0.20878185 	 2.2720582
0.1719875 	 2.426019
0.123377375 	 2.3468776
0.116184704 	 2.527489
0.049682267 	 1.3462381
0.062430963 	 2.1997132
0.052487995 	 1.8492354
0.04776486 	 2.2939475
0.057330053 	 1.9633402
0.08368938 	 2.6307015
0.11329952 	 2.1696095
0.1285171 	 2.1542547
0.083174355 	 2.3870397
0.07989827 	 3.8470771
0.05806102 	 2.0702174
0.060641527 	 2.2130647
0.41953295 	 2.4909039
0.29920864 	 1.548995
0.17859519 	 2.3138466
0.12703893 	 2.0295684
0.063264206 	 2.967701
0.018017465 	 2.1867442
0.0410432 	 3.3296201
0.17195126 	 2.5177457
0.1860009 	 2.291832
0.4556642 	 1.975393
0.37792894 	 2.087508
0.1378743 	 2.165398
0.11528165 	 1.5910581
0.12832205 	 2.362806
0.22303015 	 1.793536
0.22541751 	 2.3313198
0.28500307 	 1.5154526
0.26826483 	 2.6057117
0.24651086 	 2.4662945
0.29305366 	 2.153134
0.3145436 	 1.8102489
0.33644977 	 2.7829218
0.532546 	 1.8384694
0.45919514 	 2.4162529
0.4611675 	 1.9741802
0.21536373 	 2.233855
0.22069314 	 2.0122554
0.1657561 	 2.8361716
0.1361388 	 2.5330417
0.11577085 	 2.139624
0.09904482 	 2.0235815
0.035092328 	 3.2528272
0.047170524 	 2.034214
0.11837081 	 1.7685599
0.102181524 	 1.7268772
0.06314414 	 2.4883418
0.047363617 	 3.6863332
0.047500994 	 2.5974922
0.11965253 	 2.735474
0.040376198 	 1.9111893
0.02850403 	 2.233664
0.021922605 	 2.0428338
0.032402087 	 2.3028605
0.053059604 	 2.35652
0.47730446 	 1.875657
0.13085766 	 2.148964
0.12985961 	 1.774688
0.13975526 	 2.2522464
0.14310125 	 2.886241
0.1453725 	 1.973167
0.14959341 	 2.016546
0.21293813 	 1.9260373
0.22711131 	 2.6390305
0.2713218 	 1.8335307
0.11662545 	 3.2948873
0.036544982 	 3.0207462
0.027890202 	 2.2832778
0.045609467 	 1.9946249
0.083689444 	 2.7148397
0.059513543 	 2.4142222
0.07125167 	 3.0512483
0.05505849 	 2.1428542
0.018017465 	 2.6754084
0.02070045 	 2.298003
0.01581981 	 2.7999332
0.010255472 	 2.2489164
0.010244572 	 2.5129035
0.047150467 	 2.58125
0.037688684 	 2.396124
0.034177177 	 2.1956124
0.030040989 	 2.3660347
0.024181295 	 1.6564333
0.02859431 	 1.4999666
0.02931622 	 0.89216274
0.032406274 	 1.3272226
0.050878543 	 1.5292488
0.024880717 	 0.49483836
0.029832173 	 1.3658423
0.022887647 	 1.3430458
0.012883449 	 1.8355198
0.024156503 	 1.2741961
0.02065907 	 1.4486307
0.016439723 	 1.1794698
0.012878257 	 1.4237192
0.022177428 	 1.523743
0.012544728 	 1.2003918
0.03090164 	 1.3567835
0.025828313 	 1.1466433
0.018611051 	 1.4035546
0.028474716 	 1.0648029
0.020067552 	 1.745692
0.02430862 	 1.3446916
0.018016554 	 1.903171
0.013664254 	 1.4973123
0.020929703 	 1.1025014
0.024546826 	 1.1563686
0.020573338 	 1.7736201
0.016720003 	 1.2361542
0.011484515 	 1.1302172
0.005825947 	 1.1102997
0.010298409 	 1.1295744
0.002553203 	 1.5650761
0.008967794 	 1.8516846
0.007666876 	 1.7944208
0.008967673 	 1.0989422
0.0064117988 	 1.3259896
0.008972184 	 1.2461097
0.00511396 	 1.6691749
0.0076815314 	 1.4782925
0.01424202 	 0.9270458
0.011542217 	 1.9836392
0.0076805106 	 0.9840598
0.01154499 	 1.3209109
0.009280819 	 1.5239077
0.011439718 	 1.0260253
0.015423434 	 1.9730589
0.010238551 	 1.5652748
0.0128361145 	 1.0222337
0.012821625 	 1.3136424
0.01182161 	 1.6352502
0.01362522 	 1.4914551
0.015925242 	 1.0468832
0.0128361145 	 1.1763587
0.0063969814 	 1.380014
0.010255472 	 1.5372927
0.010622213 	 1.2619445
0.0128361145 	 2.0736606
0.008967673 	 0.9774691
0.012191098 	 1.5009114
0.008970319 	 1.3339746
0.014128968 	 1.2651155
0.00511408 	 1.8356737
0.006396922 	 1.4996122
0.0063969814 	 1.4687284
0.0038328813 	 1.8001502
0.00511408 	 1.7242653
0.012838348 	 1.4893922
0.0076814713 	 1.5906556
0.0076807505 	 1.3320721
0.00511408 	 1.8185484
0.0076814713 	 1.4383142
0.0076814713 	 1.2273177
0.0048606317 	 1.2167699
0.004586889 	 1.2388452
0.00768015 	 0.75124526
0.010359415 	 1.4500617
0.01671964 	 0.79289407
0.010253906 	 1.701373
0.0051169554 	 1.082921
0.01269189 	 1.3825288
0.010255411 	 1.2942114
0.016505286 	 0.99324274
0.014537772 	 1.1418815
0.018022684 	 0.9127203
0.01928386 	 1.4794769
0.019305373 	 1.1169487
0.023301879 	 1.4072479
0.033575144 	 0.96483094
0.03278117 	 1.974771
0.038160488 	 1.6497471
0.04944326 	 1.2949288
0.04721039 	 1.3833041
0.047615506 	 1.571904
0.048349034 	 0.92515534
0.038984343 	 0.94431186
0.045475595 	 2.0430732
0.054419465 	 1.3113768
0.04830931 	 1.10922
0.04426165 	 1.3980298
0.036322627 	 1.8563584
0.040248424 	 1.4911853
0.029839298 	 1.2826444
0.050135516 	 1.6748161
0.03505973 	 2.0187573
0.03595845 	 1.3146837
0.034741126 	 1.219793
0.04034275 	 2.1821115
0.03390676 	 0.75712496
0.034064252 	 1.0544609
0.032370504 	 1.3737706
0.03901558 	 1.3180764
0.04016565 	 1.6898595
0.04433461 	 1.3298837
0.028328035 	 1.7870243
0.24879883 	 1.2907983
0.26199338 	 1.1675029
0.2763362 	 1.660954
0.21018517 	 1.6368463
0.25972137 	 1.7190979
0.20332772 	 2.1814961
0.21691433 	 1.9799248
0.16005255 	 2.3206918
0.114112064 	 2.034147
0.09024152 	 2.0377176
0.0823929 	 0.9316138
0.108844936 	 2.5732346
0.105362594 	 2.6776755
0.1190595 	 2.7326589
0.13141933 	 2.671595
0.11469334 	 1.1350279
0.11851675 	 1.8360395
0.10590309 	 1.7084769
0.053026732 	 3.0725765
0.0833238 	 2.8530908
0.071360864 	 3.296767
0.081107795 	 1.522721
0.075666 	 2.7131498
0.12410367 	 2.2048032
0.28924167 	 1.9098225
0.34977192 	 1.8605958
0.35625985 	 2.0896473
0.2873002 	 2.049625
0.14551981 	 1.7590117
0.14315896 	 2.3341303
0.14485323 	 2.961862
0.12793715 	 2.103252
0.13665785 	 2.3480783
0.13243608 	 1.795162
0.29276988 	 1.6432182
0.23773414 	 1.6604534
0.1640227 	 1.3216093
0.1366884 	 2.2561007
0.1277357 	 1.4925528
0.124644876 	 2.254841
0.11901915 	 1.9264984
0.08012956 	 2.3306582
0.080841325 	 2.4925106
0.09210339 	 2.4079163
0.09907575 	 1.8319472
0.09097456 	 2.4928832
0.08368186 	 2.2578065
0.07184621 	 2.5523036
0.06111339 	 2.2330573
0.055064034 	 1.9442915
0.045889933 	 2.3487766
0.06178201 	 1.9118403
0.08095739 	 1.945879
0.2146992 	 1.4554883
0.23773141 	 1.0829022
0.24142496 	 1.3412635
0.07446406 	 1.3967068
0.08492875 	 1.4272672
0.04007519 	 2.4596303
0.051974226 	 2.0550766
0.036310203 	 1.9543438
0.03501609 	 2.2216372
0.051017344 	 2.2178075
0.040616464 	 1.3214135
0.039948694 	 2.3651948
0.0362094 	 2.4143763
0.05102261 	 2.2704132
0.04967538 	 1.1403267
0.047005396 	 2.3167956
0.05377965 	 1.9832871
0.05797505 	 2.431705
0.09750755 	 2.4007986
0.09799602 	 0.8651345
0.12102443 	 2.5536742
0.15211761 	 1.6835096
0.24306616 	 2.0948393
0.24942279 	 1.5468967
0.27596822 	 1.7877085
0.25229773 	 1.5828576
0.2497112 	 1.6241189
0.2002254 	 1.5123103
0.19964091 	 1.3180711
0.19377603 	 1.5231392
0.16603276 	 1.544077
0.13347343 	 1.3888255
0.14634551 	 2.30894
0.091072425 	 1.3317393
0.09069957 	 2.4502842
0.06989347 	 2.6570616
0.07993862 	 1.7286597
0.07691381 	 3.4051297
0.079241626 	 2.4153345
0.09257354 	 2.226432
0.10474905 	 1.3405695
0.1240588 	 1.1622883
0.13255695 	 2.3076901
0.16124775 	 2.7383168
0.1581474 	 2.3092754
0.16538909 	 2.2821863
0.17078239 	 1.9915819
0.15637162 	 2.1657336
0.14969553 	 2.6034021
0.1147283 	 2.813727
0.13206272 	 2.2334332
0.12195006 	 2.297401
0.09010115 	 2.6027653
0.10194963 	 2.2079031
0.1020128 	 2.1782885
0.079596356 	 1.3558717
0.1003244 	 2.6454058
Summary
0.002553203  -  0.532546 ,  0.49483836  -  3.8470771
accuracy:  100.0
equal predictions:  0
