TensorFlow version: 1.13.1
Found 939 images belonging to 1 classes.
argN = 784
argN = 784
0.13403118 	 1.3367199
0.12367985 	 1.2245111
0.14364491 	 1.0675242
0.14412555 	 0.9488424
0.23185323 	 0.84906036
0.24126412 	 1.2705252
0.2459381 	 0.5660675
0.27134144 	 0.62325805
0.36329627 	 0.91095656
0.28765163 	 0.76754606
0.24313791 	 0.43270627
0.3038824 	 0.6630882
0.4254649 	 0.7291413
0.36542392 	 0.76724845
0.32759753 	 0.7281455
0.22361207 	 0.6880391
0.20348741 	 1.3159612
0.17242345 	 0.4418194
0.26389343 	 0.97219205
0.29184932 	 0.74147576
0.24773104 	 0.79358894
0.15360731 	 0.99571025
0.07133833 	 1.3780104
0.1412626 	 0.6566561
0.15840022 	 1.6216327
0.15797956 	 1.8930714
0.16079319 	 1.8636396
0.31074867 	 0.609574
0.29528922 	 0.6461917
0.3665985 	 0.7265756
0.3742637 	 0.57086945
0.39527383 	 0.8425552
0.38373262 	 0.66568786
0.31445494 	 0.6895837
0.30435404 	 0.36407194
0.31979746 	 0.8836609
0.45229813 	 0.48476553
0.30377418 	 1.1903323
0.040938687 	 1.1598679
0.09811936 	 0.7694298
0.088388845 	 0.95641106
0.09932785 	 1.5781168
0.09053029 	 0.91637963
0.11441944 	 1.075463
0.17608593 	 0.7860526
0.14595644 	 0.78877896
0.15034123 	 1.1903098
0.18136902 	 0.8203016
0.1830497 	 0.7277231
0.22738886 	 0.93932116
0.22753747 	 0.6324121
0.31707492 	 0.5596677
0.36717004 	 0.7913839
0.35002175 	 0.66469514
0.1559654 	 0.87195724
0.03481117 	 0.6418403
0.23786758 	 0.7999236
0.27442777 	 0.7740256
0.2926929 	 0.9291847
0.27877 	 0.75440425
0.2096427 	 0.99661154
0.38621202 	 0.54541373
0.323158 	 0.55940884
0.31043527 	 0.6104887
0.45774305 	 0.69185686
0.06023205 	 0.5537246
0.17259634 	 1.0637017
0.14775206 	 0.7382149
0.03999274 	 1.4673795
0.03918014 	 0.9346352
0.08302616 	 1.4412633
0.20555094 	 1.3902624
0.21711011 	 0.9107848
0.110708304 	 0.8969785
0.13053909 	 0.33514455
0.19077462 	 1.0310507
0.21399942 	 1.044359
0.2053023 	 0.51939833
0.19380373 	 0.77742267
0.17897508 	 1.1821532
0.19145586 	 0.9834214
0.016719457 	 0.7421884
0.020618243 	 0.67051524
0.011731446 	 0.87444794
0.011543604 	 0.43612888
0.008968576 	 0.6463034
0.1670645 	 0.8555476
0.23928054 	 0.8328123
0.21351479 	 1.3109196
0.22146848 	 0.7922948
0.34652355 	 0.5380858
0.27559614 	 0.8773423
0.22466946 	 0.85630876
0.17955038 	 0.6823291
0.12763616 	 0.7190969
0.24858306 	 0.8361801
0.25482213 	 0.8160471
0.017915089 	 0.42717186
0.008963223 	 0.50715005
0.005100001 	 0.877879
0.0063969814 	 0.9126131
0.0076806303 	 0.586233
0.00871493 	 0.30389735
0.009969953 	 0.42606077
0.0038322832 	 0.85858464
0.0063969814 	 0.4216269
0.0051136003 	 0.6533592
0.013759367 	 0.8970567
0.025862932 	 0.8276954
0.066667415 	 0.507234
0.09072587 	 0.8321903
0.09206431 	 0.83594584
0.14316851 	 0.45899543
0.1670979 	 0.6092829
0.17215486 	 0.7439419
0.1827977 	 0.84551847
0.16731355 	 0.99230313
0.19878276 	 0.7141163
0.19429642 	 0.6477913
0.20433038 	 1.2721615
0.22465648 	 0.7013284
0.21573418 	 0.9410367
0.1966433 	 1.0878197
0.25297177 	 0.6856918
0.241792 	 0.9129168
0.24548781 	 1.3272811
0.21899547 	 0.7136287
0.2204575 	 0.7549354
0.22948302 	 0.77214146
0.22523665 	 0.51894635
0.25109035 	 0.6320361
0.22357315 	 0.62568796
0.25754556 	 0.6083559
0.25002894 	 1.0146376
0.20453829 	 0.65369856
0.20046048 	 0.6846773
0.20772557 	 0.7720076
0.24609217 	 0.7780364
0.21923515 	 0.5658882
0.3017828 	 0.7730309
0.3181134 	 0.6162065
0.30821756 	 0.7201457
0.35231563 	 0.70314246
0.41388753 	 0.669293
0.40170917 	 0.6466815
0.3341938 	 0.66381216
0.36923248 	 0.788108
0.38332862 	 0.75439256
0.3815959 	 0.620284
0.40487364 	 0.6699016
0.39120817 	 0.6960574
0.3886933 	 0.78308046
0.43118075 	 0.66730654
0.3938634 	 0.6461992
0.38611978 	 0.71080315
0.37203303 	 0.64856994
0.3643087 	 0.8622483
0.36571223 	 0.6031067
0.39313352 	 0.6564529
0.3146325 	 0.7242428
0.33741218 	 0.65642834
0.31116775 	 0.5726058
0.33371934 	 0.6335536
0.2998667 	 0.5932454
0.3236477 	 0.76262075
0.31713942 	 0.83211744
0.3010636 	 0.7215068
0.31123787 	 0.6597218
0.30600992 	 0.71825004
0.33392993 	 0.61405826
0.2742791 	 0.80357075
0.29997212 	 0.65078354
0.23452663 	 0.62255687
0.20973016 	 0.56312895
0.21392375 	 0.72552365
0.20411281 	 0.9136074
0.19847399 	 0.462253
0.19393998 	 0.5978604
0.16079018 	 0.43008226
0.1815597 	 0.29995272
0.18371859 	 0.5378928
0.14893249 	 0.6129393
0.1493803 	 1.5655954
0.12557833 	 0.6079403
0.12272579 	 0.88276815
0.14035164 	 0.9227498
0.1518137 	 0.5677722
0.21373272 	 0.72415227
0.19480862 	 0.86740077
0.21418682 	 0.80400443
0.23115467 	 0.7184938
0.27168778 	 0.56526995
0.26840982 	 0.5758085
0.26482219 	 0.9626063
0.25665566 	 0.75313
0.30079898 	 0.7801654
0.28843075 	 0.4724833
0.27426034 	 0.4221637
0.31800795 	 0.5549935
0.25439742 	 0.53909075
0.16028951 	 2.0779192
0.23219202 	 1.5427383
0.14863445 	 2.6696436
0.08933206 	 0.79141533
0.09790248 	 2.3469107
0.090748064 	 2.7005665
0.10012818 	 1.9958907
0.10193075 	 1.8650017
0.07796147 	 1.7178121
0.099138275 	 2.250272
0.08776194 	 2.4285774
0.08501506 	 1.8266734
0.092829816 	 2.344347
0.0707116 	 1.6752197
0.068009876 	 1.815164
0.07548132 	 2.415841
0.071492806 	 2.780017
0.07726114 	 2.834129
0.073525004 	 2.299753
0.07195592 	 1.406846
0.08098499 	 1.1694889
0.07918704 	 2.8453553
0.072622664 	 1.7803655
0.067539595 	 1.8605318
0.070130385 	 0.7316259
0.07408374 	 2.835688
0.09512448 	 2.2443023
0.11685541 	 1.4785504
0.10989932 	 1.7663985
0.103884295 	 1.6896728
0.12837248 	 2.1856327
0.16828185 	 1.4693749
0.34833166 	 1.4314466
0.29341152 	 1.670582
0.2626806 	 1.092815
0.17202544 	 2.4761493
0.17204683 	 2.233657
0.16107064 	 2.2246287
0.1289952 	 1.7889403
0.09858189 	 1.5112443
0.0727683 	 2.4543571
0.09494974 	 2.5728924
0.11003452 	 1.7591685
0.121926695 	 1.4526366
0.18091495 	 1.2018218
0.1596623 	 1.6520032
0.1413042 	 2.1194499
0.09958771 	 1.3715457
0.054063737 	 1.9264857
0.051229816 	 1.9376669
0.068404935 	 1.7709886
0.07233665 	 2.318625
0.06567474 	 0.9561213
0.04253936 	 1.3460302
0.06493768 	 1.2029508
0.09477128 	 1.9914194
0.09070668 	 2.590614
0.12626213 	 1.6358795
0.1453033 	 1.946799
0.14265527 	 1.6100346
0.15407 	 1.9512371
0.17320803 	 1.486522
0.12902285 	 1.936855
0.1393843 	 2.0868702
0.13181122 	 1.9834751
0.2977202 	 1.96821
0.35960856 	 1.18779
0.2302388 	 1.554785
0.11207758 	 1.8756196
0.09364723 	 1.6035359
0.046998836 	 1.6545275
0.07140568 	 1.1943486
0.05385771 	 2.2124496
0.07726932 	 2.2574096
0.07137047 	 1.6595042
0.069078766 	 1.9836175
0.07015091 	 2.4513328
0.07270669 	 1.4851578
0.07505608 	 2.2678313
0.061787333 	 2.2331724
0.04424732 	 2.9519308
0.070369914 	 1.7243298
0.08788643 	 1.8202157
0.090275384 	 1.9330038
0.14035775 	 2.2828107
0.21221705 	 1.0975082
0.20745459 	 0.95267445
0.19913344 	 2.3333056
0.21169887 	 2.063969
0.24588041 	 1.5771667
0.21457464 	 1.5809435
0.101902574 	 2.347014
0.10341475 	 1.4337107
0.089333035 	 2.7860138
0.07412751 	 2.743149
0.07116078 	 1.5616344
0.06392175 	 2.5123153
0.068096265 	 2.3412802
0.07960804 	 2.5993495
0.10426488 	 1.2937627
0.10184568 	 2.180255
0.103108965 	 1.6982876
0.09764003 	 1.6395667
0.12365563 	 1.7550342
0.14508612 	 1.7220654
0.14164463 	 0.96785307
0.17095712 	 1.6184509
0.15942447 	 2.4302914
0.15704042 	 2.0636168
0.15618195 	 2.5396945
0.13791303 	 2.0792162
0.12182974 	 2.28309
0.12644906 	 1.448536
Summary
0.0038322832  -  0.45774305 ,  0.29995272  -  2.9519308
accuracy:  100.0
equal predictions:  0
TensorFlow version: 1.13.1
Found 939 images belonging to 1 classes.
argN = 784
argN = 784
0.1012672 	 1.8829103
0.27129266 	 2.0684285
0.23356183 	 2.5527084
0.19642107 	 2.120622
0.13275248 	 1.5891899
0.08005019 	 2.4818141
0.0671283 	 2.6472921
0.0331071 	 2.8830438
0.028118964 	 2.6840253
0.033540566 	 2.6939242
0.042181056 	 1.4801003
0.040384017 	 2.2398396
0.026664961 	 1.7375562
0.06618356 	 1.6171288
0.09435002 	 2.0226219
0.11692368 	 2.1111634
0.057176303 	 2.1714883
0.050092272 	 1.8848265
0.04633428 	 2.5200322
0.15923189 	 1.9040424
0.22973259 	 2.5015545
0.25139773 	 2.1267047
0.12911041 	 2.4793372
0.039116606 	 2.0487583
0.04581792 	 1.9245442
0.06308738 	 1.9968448
0.060464088 	 2.4765677
0.0068597095 	 2.8098242
0.0063970415 	 2.7681339
0.014061867 	 1.2437155
0.02386644 	 2.7934766
0.034999236 	 2.046963
0.07092144 	 2.7327514
0.20624892 	 1.9337314
0.2614079 	 2.0262144
0.067859255 	 2.9750175
0.0665084 	 1.9763775
0.24606991 	 2.221701
0.24446869 	 1.783496
0.23878494 	 2.419422
0.3671991 	 1.9651079
0.3085895 	 2.5538802
0.3933949 	 2.5198855
0.37096745 	 1.542593
0.34281108 	 2.215458
0.045651328 	 2.98832
0.025519542 	 2.4932675
0.08785883 	 2.0792058
0.048375998 	 2.1487768
0.025388883 	 3.2546787
0.027149966 	 2.5819008
0.021900915 	 3.0806417
0.032139905 	 2.4738307
0.059090804 	 1.6980463
0.048599545 	 2.322709
0.030957093 	 2.2005477
0.023596233 	 2.7681909
0.03671897 	 2.244431
0.01584821 	 1.5541145
0.080884494 	 2.6576676
0.07482641 	 2.63849
0.01154499 	 1.9280411
0.017941002 	 2.84771
0.017992947 	 1.8937994
0.019175218 	 1.9410177
0.00511408 	 2.0718408
0.02577296 	 2.1788235
0.024532167 	 2.399785
0.040361986 	 2.280723
0.06104718 	 2.075582
0.032063585 	 2.4478936
0.1732339 	 2.2364306
0.1790435 	 2.2479272
0.1297832 	 2.1104996
0.06584495 	 2.0883596
0.06003494 	 2.954634
0.06468387 	 2.127645
0.15464452 	 1.9693646
0.02911173 	 1.402114
0.10157118 	 2.6361625
0.12132094 	 2.3859837
0.16206706 	 1.3863189
0.12741521 	 1.9884928
0.10619012 	 1.9464287
0.0893131 	 3.0224173
0.18774481 	 1.5665951
0.059277803 	 2.2629168
0.05380525 	 1.8990831
0.052458975 	 2.6974416
0.03371372 	 1.9667604
0.0390369 	 3.7351637
0.01401363 	 2.600183
0.028618414 	 2.162681
0.010198085 	 2.94492
0.0025532627 	 2.835751
0.0063969814 	 2.7396567
0.00511408 	 2.7719226
0.024555257 	 1.8663024
0.024532288 	 2.6249323
0.016896028 	 2.6455579
0.022810748 	 1.422539
0.016719276 	 0.76309836
0.019317038 	 0.7520821
0.017178135 	 2.2686284
0.025830086 	 1.6878971
0.0128361145 	 0.49377427
0.010186162 	 0.7763148
0.0064179176 	 1.2810332
0.009481354 	 0.7510443
0.0058527463 	 1.3226418
0.015018987 	 1.8332578
0.006299387 	 1.6107514
0.0038327617 	 1.2489227
0.0077641234 	 1.6819091
0.010329905 	 1.4551575
0.0038328813 	 0.86627895
0.008933875 	 1.4260123
0.01795866 	 1.5276643
0.015360605 	 1.7430742
0.01500023 	 1.3381937
0.02114665 	 1.1321715
0.008967673 	 2.615507
0.013931488 	 1.9300772
0.019264963 	 1.0264047
0.017170858 	 1.0466334
0.012836236 	 1.7183682
0.018254906 	 1.5796314
0.02158641 	 2.1391456
0.018230626 	 1.531557
0.015423434 	 1.1099718
0.010246078 	 0.90526664
0.015418895 	 1.3858572
0.010255472 	 1.0929285
0.006217576 	 1.4236437
0.011478727 	 1.8053185
0.004273892 	 1.031573
0.003833001 	 1.6274627
0.0063968017 	 0.80565983
0.00511408 	 1.5360476
0.0063969814 	 1.3634076
0.0038320438 	 0.9562107
0.0076814713 	 1.3545512
0.00511402 	 2.07013
0.0051135407 	 1.3374248
0.0025532627 	 2.360807
0.0039050432 	 1.3064023
0.0025532627 	 1.745749
0.003799076 	 2.4288654
0.0063969814 	 1.3459268
0.0051142597 	 1.5085901
0.0064434726 	 2.0998657
0.009151964 	 1.5738578
0.007679189 	 1.3511661
0.006396922 	 1.5153967
0.0063408953 	 1.5473759
0.009543274 	 1.726786
0.008003889 	 1.6668743
0.0076814713 	 1.4322575
0.005092692 	 1.1858013
0.0064765876 	 2.0744872
0.005966067 	 1.0342251
0.0025532627 	 0.8775578
0.006396922 	 1.4628404
0.005122527 	 1.1509225
0.0019195013 	 1.2724478
0.0025532627 	 1.8365859
0.00511408 	 1.5479146
0.0025532627 	 1.6776865
0.0025532627 	 2.0008948
0.005748371 	 1.5149397
0.0024977499 	 0.8940209
0.001275339 	 1.7545952
0.001275339 	 0.78135043
0.0025532627 	 1.6605929
0.001275339 	 1.8893431
0.0025532627 	 1.2165424
0.005612058 	 1.3873987
0.0013608651 	 2.0107615
0.0076814713 	 1.2654461
0.0025532627 	 0.8770633
0.004071107 	 1.6823587
0.0037975803 	 1.6086141
0.003871774 	 1.6676809
0.0042192414 	 1.2792577
0.00511408 	 0.9410756
0.00511408 	 1.4220818
0.0051283385 	 1.0869867
0.005106771 	 0.79244393
0.007666756 	 1.2604401
0.016719578 	 1.2753142
0.019276023 	 1.5585778
0.021025509 	 0.8628097
0.017865514 	 1.3824109
0.00708269 	 1.7154205
0.03373493 	 1.3327372
0.024531862 	 2.0203216
0.02389391 	 1.5628065
0.017069964 	 1.8700577
0.027138084 	 1.3687774
0.017498473 	 1.5422767
0.020617817 	 1.2354493
0.026071347 	 1.6454834
0.010600105 	 1.3404636
0.02257393 	 1.3930917
0.02954752 	 1.3601927
0.017919034 	 1.445799
0.020175075 	 1.2773758
0.02123225 	 0.72900116
0.01541841 	 1.4995816
0.0076815914 	 1.6548303
0.024371281 	 1.3232793
0.013240224 	 0.8904148
0.12609822 	 1.5319389
0.13216646 	 2.2577815
0.12970325 	 2.6131272
0.1266583 	 2.2722723
0.11439404 	 1.899969
0.099112675 	 2.6554224
0.043175504 	 2.7928233
0.055945367 	 2.7324865
0.058443066 	 0.94881564
0.07279798 	 2.9984312
0.083713554 	 2.90945
0.08629194 	 1.0474168
0.06500046 	 1.5779123
0.057509083 	 2.5697038
0.06820506 	 2.5867507
0.05325195 	 1.5350802
0.059920322 	 2.4385614
0.036471725 	 1.6615771
0.090788335 	 2.0483856
0.09442449 	 2.2617276
0.2809514 	 2.0557237
0.09212339 	 1.5862012
0.08937788 	 1.2577013
0.07963947 	 1.2165323
0.078241676 	 2.336695
0.084804885 	 2.562521
0.106095605 	 2.325094
0.19816627 	 2.037767
0.076860316 	 2.2439103
0.11096801 	 2.0153978
0.052170947 	 1.8506875
0.056402218 	 1.1938137
0.080973744 	 0.9702522
0.06181999 	 2.598313
0.036366574 	 2.9477725
0.023250021 	 2.1867113
0.023211222 	 2.1747081
0.031089896 	 3.2059112
0.033534095 	 1.8937716
0.03900461 	 1.6603379
0.058450714 	 2.3814259
0.061591752 	 1.4787973
0.089187056 	 1.0699809
0.09380349 	 1.427449
0.07138852 	 2.1863534
0.17215854 	 1.9270521
0.19602863 	 1.881866
0.21431273 	 1.8554028
0.22730933 	 1.4963843
0.24452722 	 1.4550632
0.24458955 	 1.6257046
0.21512763 	 1.4969215
0.22122833 	 1.1632427
0.21904118 	 1.6484928
0.23704958 	 1.2638534
0.24908507 	 1.9176564
0.23888513 	 1.4893245
0.051023994 	 1.2382045
0.02846202 	 2.9167655
0.020714993 	 1.893868
0.029774634 	 2.2398503
0.0219131 	 2.2519102
0.031049438 	 1.6079323
0.031441417 	 2.4332178
0.034881037 	 0.9504852
0.056410544 	 2.4423878
0.06574469 	 2.7039158
0.062824965 	 2.4012918
0.07627489 	 0.8007028
0.13908504 	 1.5673606
0.13484465 	 1.2693617
0.180323 	 1.9811047
0.20779762 	 2.0848372
0.215829 	 1.4510944
0.22052467 	 1.7253112
0.19806519 	 1.4092261
0.13873747 	 1.9483947
0.17056407 	 1.3907827
0.16431236 	 1.3553079
0.119602755 	 1.9984841
0.13262847 	 1.2184598
0.1268658 	 1.955195
0.14021893 	 0.84634566
0.06118214 	 1.0489707
0.049692355 	 1.1518443
0.05509842 	 2.4600096
0.03433206 	 2.0933485
0.04142669 	 1.7413284
0.049704883 	 2.8067682
0.1064755 	 2.2220776
0.12053097 	 1.7531635
0.08240714 	 1.5014755
0.0977206 	 2.6754005
0.08238274 	 2.4822314
0.0686279 	 2.835756
0.06703473 	 1.9558884
0.07774421 	 2.036573
0.05748118 	 1.6945891
0.07121755 	 2.2340932
0.042042423 	 2.4292238
0.06441665 	 3.186384
Summary
0.001275339  -  0.3933949 ,  0.49377427  -  3.7351637
accuracy:  100.0
equal predictions:  0
TensorFlow version: 1.13.1
Found 939 images belonging to 1 classes.
argN = 784
argN = 784
0.11623572 	 2.8904595
0.13226089 	 2.5905147
0.33075538 	 2.5228074
0.3461642 	 2.9700534
0.20045014 	 2.3506021
0.08387533 	 3.410779
0.072738685 	 2.9438531
0.06450177 	 2.7753546
0.03901558 	 1.4317095
0.03983245 	 2.5196567
0.021921264 	 3.6657405
0.03235197 	 2.9887035
0.01793202 	 2.4703486
0.03334168 	 2.1300256
0.07148077 	 2.6521087
0.0456688 	 2.834184
0.04224547 	 4.1300893
0.018021045 	 2.2721937
0.0684558 	 3.4017997
0.1680303 	 2.6109238
0.051024243 	 2.27944
0.018440796 	 3.451117
0.031978715 	 3.3410413
0.008960637 	 1.8014728
0.011393476 	 2.7431962
0.008877104 	 2.6382055
0.0025647362 	 2.5859156
0.036127206 	 2.115341
0.06314103 	 2.880302
0.23787877 	 2.5776854
0.17095082 	 1.9607532
0.11071603 	 2.2614508
0.097500786 	 2.9104786
0.07679898 	 1.9774185
0.15190043 	 2.1850998
0.17508782 	 2.5186996
0.19027494 	 2.734539
0.15272252 	 2.6304848
0.32302624 	 2.951673
0.33642623 	 3.2631767
0.104799755 	 2.9627626
0.13800219 	 2.4761386
0.08364253 	 2.9056082
0.054177117 	 2.5450711
0.030287875 	 4.4544964
0.008788648 	 3.3827782
0.0180134 	 3.7773356
0.020573217 	 3.528921
0.027152967 	 2.4837027
0.033275373 	 2.693881
0.04522356 	 2.387253
0.017873704 	 3.1603346
0.028457668 	 3.132944
0.028244954 	 2.2676108
0.040174276 	 2.747506
0.06747882 	 3.0195491
0.08960329 	 2.4679942
0.08115033 	 2.51821
0.001275339 	 2.2839713
0.005113061 	 2.4562438
0.0012755777 	 2.3117938
0.00793119 	 2.7960486
0.061813205 	 3.229982
0.13452235 	 2.0885756
0.064032376 	 2.3564262
0.18659721 	 2.869849
0.15968664 	 3.0737562
0.080698065 	 2.4563744
0.0796101 	 3.1807783
0.01154499 	 2.4854722
0.032323837 	 2.4175987
0.109466515 	 2.001938
0.0051141395 	 1.6465977
0.049928665 	 3.2640042
0.075241335 	 2.1968584
0.06835515 	 2.2974975
0.049935743 	 2.4012196
0.057023898 	 1.8824673
0.037826966 	 1.7968032
0.03240621 	 2.5972745
0.03769023 	 2.3205917
0.008387595 	 1.9534585
0.003830847 	 2.7048512
0.0063970415 	 2.1994948
0.0051143193 	 2.77091
0.008950353 	 2.777022
0.001275339 	 2.6710186
0.011543664 	 2.18169
0.01608859 	 1.6679835
0.012831767 	 2.8329816
0.021506628 	 0.96229184
0.02166486 	 1.2759833
0.010255472 	 1.8004276
0.017009394 	 1.6872324
0.016284132 	 1.7905835
0.012831647 	 2.28284
0.025838405 	 2.019812
0.02225623 	 1.7831829
0.019824512 	 1.9886261
0.0038328813 	 1.9007759
0.0064471923 	 1.7890773
0.0012798151 	 1.3294895
0.014935068 	 1.6995848
0.0076602087 	 2.8569453
0.004183807 	 1.9107659
0.005089457 	 1.3183587
0.008967673 	 1.2849072
0.012401693 	 1.1865139
0.00512732 	 1.1186548
0.009316917 	 1.2716972
0.01154499 	 2.1272483
0.020347027 	 1.912173
0.012890574 	 1.6066557
0.011544388 	 1.2176602
0.013797076 	 2.0553176
0.010255351 	 2.3591664
0.005109287 	 1.0393271
0.0038372492 	 1.9722829
0.008967673 	 2.0265226
0.003967456 	 2.0597572
0.0038328813 	 1.5710276
0.001275339 	 1.3559128
-9.5367386e-07 	 1.4138765
0.005030269 	 1.0198057
0.010255472 	 2.0695605
0.0025532627 	 1.0539361
0.0038328813 	 1.7423667
0.00511408 	 1.0750875
0.006064708 	 1.3844872
0.008967493 	 1.5169007
0.00511408 	 1.633221
0.0063969814 	 2.5856907
0.007687718 	 1.603718
0.011540348 	 1.7871813
0.010255472 	 1.2172426
0.00511408 	 1.308111
0.004610601 	 1.452242
0.002463153 	 2.1156337
0.0025532627 	 1.6028624
0.0038328813 	 1.8068777
0.0025532627 	 1.4683156
0.005128938 	 1.628635
0.0038328813 	 1.5818456
0.00511408 	 1.7230365
0.0038328813 	 1.3938944
0.0038328813 	 1.7390554
0.0028895123 	 2.3105404
0.0064047202 	 1.5866799
0.002553442 	 1.4229376
0.0063975817 	 2.106199
0.0076814713 	 2.1562092
0.0038328813 	 1.3272096
0.008967673 	 0.9265496
0.008349008 	 1.7956045
0.006396922 	 2.0302618
0.0025532627 	 1.080466
0.006411439 	 1.2435082
0.001275339 	 1.4947602
0.0038328813 	 1.3748711
0.0063969814 	 1.0494281
0.01155693 	 1.4156207
0.0138207665 	 0.95020896
0.014134529 	 1.0868177
0.012823194 	 1.5651451
0.031085715 	 1.5035415
0.027148128 	 0.97517157
0.0156218745 	 1.4093615
0.015064429 	 1.0758864
0.014131204 	 2.3611438
0.025815958 	 1.0962949
0.015534696 	 1.092231
0.017005878 	 1.3023359
0.022700686 	 1.7375406
0.022049155 	 1.774249
0.011510562 	 1.9549841
0.018695159 	 1.2575327
0.01567709 	 1.8515725
0.015421799 	 1.1413985
0.020810293 	 2.4861395
0.019484954 	 1.433524
0.031114368 	 1.4213418
0.0128361145 	 1.9063362
0.010265106 	 1.0936184
0.010646732 	 1.8699557
0.0082932925 	 0.99957705
0.20782593 	 1.4196688
0.1942388 	 1.7616432
0.16985276 	 1.9658155
0.19350338 	 1.682995
0.1019029 	 2.381632
0.07407744 	 2.2834778
0.07523568 	 1.7958684
0.07819153 	 2.042035
0.07686721 	 1.7332714
0.10780693 	 1.438945
0.100401565 	 2.6821244
0.091942176 	 2.7629397
0.128099 	 2.5375535
0.12521948 	 2.0595264
0.12185795 	 1.576366
0.08793837 	 2.116375
0.09449072 	 1.970018
0.10735206 	 1.8601029
0.096277244 	 2.9028788
0.09773546 	 2.5398843
0.073848836 	 2.4451933
0.06182075 	 2.1292224
0.06999447 	 2.1317406
0.06939457 	 1.7020084
0.06818464 	 1.2008009
0.067787364 	 2.936828
0.07332051 	 2.8828883
0.22981381 	 2.2222354
0.299704 	 2.1264837
0.1744285 	 2.164573
0.13292219 	 1.9621165
0.15312912 	 2.4913795
0.09754678 	 2.5213962
0.09632463 	 1.5522397
0.12298116 	 1.6841838
0.11143152 	 2.3207374
0.11899149 	 0.9582342
0.20378333 	 1.6833463
0.3911075 	 1.6358852
0.2959211 	 1.7035058
0.23817801 	 1.7454653
0.17491259 	 2.2329595
0.12185506 	 2.059417
0.14439002 	 2.0481708
0.12944624 	 2.9358313
0.1355065 	 2.9730194
0.10292039 	 2.5372307
0.11954713 	 2.6463501
0.11934704 	 1.6222816
0.10317861 	 2.292845
0.108980715 	 1.2262138
0.066923894 	 2.4078858
0.09239597 	 2.0584075
0.08793837 	 2.3853722
0.091300696 	 1.9513122
0.08792795 	 1.5435839
0.073162675 	 2.4775023
0.078162335 	 3.1374722
0.08376877 	 1.7440019
0.07810691 	 2.6534472
0.075448856 	 1.470304
0.053624555 	 3.6686335
0.048343092 	 2.7773046
0.039014403 	 2.5704968
0.046752222 	 2.7652943
0.032095097 	 2.4392567
0.044117928 	 2.2858891
0.085132256 	 2.060676
0.09071086 	 2.38736
0.10612967 	 1.9194489
0.12586632 	 2.0943925
0.16049153 	 2.7567394
0.22292481 	 1.4233589
0.25619635 	 1.5064304
0.26849985 	 1.7161216
0.24239732 	 1.7576802
0.25590083 	 1.7949854
0.22606142 	 1.4945539
0.1564858 	 1.4836887
0.1414166 	 1.5685269
0.07990834 	 1.7053211
0.06862841 	 0.96766955
0.044780947 	 2.8837364
0.03038956 	 2.5201404
0.028456379 	 2.5601037
0.035066336 	 2.6941023
0.03414085 	 2.188323
0.031359307 	 2.3208528
0.047435053 	 2.1753168
0.06568091 	 1.2008159
0.12896305 	 2.5239723
0.17304659 	 2.182303
0.20455524 	 1.6045369
0.24216394 	 2.020956
0.28114673 	 1.9779763
0.2754666 	 1.4589784
0.2703036 	 1.7662263
0.2755765 	 1.6114073
0.2971613 	 1.8810053
0.28454933 	 1.631358
0.22612815 	 1.389244
0.264481 	 1.7284828
0.24528806 	 1.7489151
0.21895726 	 1.1886997
0.23123112 	 1.391726
0.23214489 	 1.4893554
0.23682061 	 1.8852651
0.16941808 	 1.5585512
0.16299424 	 2.1938188
0.13647747 	 2.3264043
0.13071977 	 2.6487217
0.07975611 	 2.641138
0.08965284 	 2.7646375
0.064512394 	 1.8839544
0.06182018 	 2.5204864
0.07021638 	 1.8118559
0.059523284 	 2.7325525
0.06965968 	 2.4327846
0.08514797 	 2.1000552
0.07288164 	 1.8312639
0.087624975 	 2.727276
0.11639387 	 2.6039739
0.13641195 	 2.0999753
0.12346315 	 2.7651532
0.10943885 	 2.1673014
0.080601856 	 2.9147625
0.08155456 	 1.7313448
0.060098357 	 1.5001823
Summary
-9.5367386e-07  -  0.3911075 ,  0.9265496  -  4.4544964
accuracy:  100.0
equal predictions:  0
TensorFlow version: 1.13.1
Found 939 images belonging to 1 classes.
argN = 784
argN = 784
0.24567883 	 2.8346212
0.22359164 	 2.4039361
0.50293285 	 2.7202861
0.16785412 	 2.4717455
0.03343708 	 2.587024
0.05630851 	 1.4513974
0.07588165 	 1.9997439
0.067399435 	 3.0042381
0.06444265 	 3.1080174
0.119200036 	 2.6294777
0.107646875 	 2.4605904
0.20405535 	 1.7850369
0.12576142 	 2.4996028
0.059110723 	 2.3552048
0.020909678 	 2.6504421
0.0051534413 	 2.120353
0.01125603 	 2.4004416
0.11898216 	 2.04956
0.15081789 	 3.184817
0.20565842 	 2.1409352
0.29833657 	 2.0032532
0.24909762 	 2.73396
0.26913998 	 2.3914413
0.13179156 	 2.3239791
0.10903343 	 2.0900154
0.1953455 	 3.0230982
0.25614384 	 1.8776888
0.25287384 	 2.960332
0.1459481 	 2.765495
0.32987943 	 2.9426665
0.1356611 	 2.269117
0.1325106 	 2.7319627
0.050892342 	 2.586966
0.1890692 	 2.4158022
0.13609877 	 3.1869798
0.13565858 	 2.4732804
0.027142126 	 2.2634273
0.020149227 	 2.3276362
0.047321185 	 2.5183232
0.03901558 	 2.2889478
0.075368 	 2.0651438
0.074057356 	 2.0625165
0.05370776 	 2.9231439
0.046508543 	 3.674395
0.022561066 	 2.2450724
0.025001837 	 3.1669405
0.02714923 	 3.0009747
0.029912379 	 1.8511049
0.036381103 	 2.6717305
0.060458835 	 2.5538204
0.03666301 	 1.7347046
0.12534629 	 2.9137714
0.021957759 	 2.6330404
0.016723458 	 2.9771695
0.0117654 	 1.6365535
0.007682012 	 2.182118
0.0063969814 	 3.6844537
0.007681351 	 2.233846
0.0063969814 	 2.5421054
0.0035464396 	 3.1868036
0.0038328813 	 2.8750994
0.0063969814 	 3.2677119
0.0128361145 	 4.025236
0.053604808 	 2.1064746
0.19818152 	 1.6968341
0.18295993 	 2.7430415
0.21714921 	 2.33383
0.13647528 	 3.03324
0.077025175 	 1.8816512
0.07515394 	 2.9930859
0.061440956 	 2.0922883
0.07693569 	 2.2751293
0.091354705 	 1.9951677
0.1553567 	 3.1999176
0.1389849 	 1.8281466
0.1890651 	 2.1320832
0.19668522 	 2.1399791
0.07961978 	 2.7539413
0.0760841 	 3.2179835
0.072624974 	 2.6965175
0.02192553 	 2.923317
0.023367284 	 2.9211183
0.026458196 	 2.700116
0.024529967 	 2.7008693
0.0063969814 	 2.066224
0.07131318 	 2.3230538
0.04204124 	 2.378385
0.06437476 	 3.1614187
0.01154499 	 3.052074
0.014998354 	 2.5387182
0.01587001 	 2.8234367
0.025813267 	 2.9396856
0.020656697 	 2.392901
0.010256014 	 2.2567158
0.0063980613 	 2.221046
0.0050890977 	 2.2102814
0.007671441 	 2.7709472
0.0038328813 	 2.9725568
0.0039320905 	 2.7400756
0.0063969814 	 2.2161376
0.01671582 	 1.5053658
0.025840178 	 1.5826124
0.019317707 	 1.4875561
0.016707335 	 1.545503
0.021117734 	 1.9024823
0.010041596 	 1.8168781
0.00899997 	 1.5999517
0.014765617 	 1.9113586
0.008436584 	 2.1177425
0.008959434 	 1.09054
0.0073004966 	 1.0709567
0.0071627107 	 1.2526656
0.015136921 	 0.96323985
0.013747825 	 1.2753726
0.02323477 	 1.3188201
0.019311266 	 2.0758922
0.021714259 	 1.363709
0.016741822 	 1.1316954
0.023911735 	 1.7865989
0.018100187 	 1.5748001
0.025464453 	 2.8079996
0.02449576 	 1.6748817
0.020705743 	 1.1694838
0.01983564 	 1.7019662
0.0128361145 	 0.9080004
0.019317038 	 2.283738
0.015423434 	 1.3075416
0.019988256 	 1.3756819
0.012631043 	 1.204118
0.010255472 	 1.728449
0.010255472 	 1.3931365
0.00511408 	 1.289418
0.0077270013 	 1.7699753
0.008967673 	 1.1153368
0.010236443 	 2.1019108
0.0076814713 	 2.2920442
0.01023572 	 1.5594826
0.012821081 	 1.984923
0.008968456 	 2.085384
0.013904774 	 1.9118682
0.011401917 	 0.8777812
0.012836537 	 1.3414812
0.010963236 	 1.6291741
0.01671964 	 2.952118
0.014131144 	 1.2743807
0.007974388 	 1.6563514
0.008908676 	 1.815565
0.0063969814 	 1.5241871
0.00511408 	 2.5132847
0.006435914 	 1.6091696
0.0077190124 	 1.0523751
0.008967493 	 1.1660938
0.004539406 	 2.134737
0.0076596686 	 1.0554578
0.012844325 	 0.77624613
0.0036013525 	 1.1634358
0.011541614 	 0.9181525
0.0063969814 	 1.4264115
0.00511408 	 1.1318834
0.006432255 	 1.219023
0.011458649 	 1.4470227
0.0038335396 	 1.9724169
0.011527203 	 1.0774649
0.0025530236 	 1.39279
0.0076950463 	 2.5216033
0.00712321 	 1.5154293
0.01154499 	 2.4295182
0.008967673 	 0.9181047
0.01154499 	 1.6491479
0.011618375 	 1.1373245
0.0046080262 	 1.7887748
0.009445673 	 2.3222036
0.0143012125 	 2.347236
0.020335712 	 1.4757682
0.022027401 	 2.179511
0.03392822 	 1.6742115
0.025915781 	 1.0848944
0.027109178 	 1.3515059
0.030506186 	 1.8363421
0.023466557 	 2.173192
0.034659855 	 1.0790533
0.028358571 	 1.569402
0.016971564 	 2.1353464
0.028513536 	 1.8287013
0.03690764 	 0.8688759
0.027773695 	 1.3608346
0.029699476 	 1.2696089
0.027995689 	 1.3491687
0.021112498 	 1.4108644
0.015891872 	 1.5401088
0.023699498 	 2.064603
0.020364363 	 1.3714782
0.020436754 	 1.6659594
0.01925117 	 2.0283072
0.021393178 	 1.6653605
0.018017406 	 1.3330756
0.02579761 	 1.016963
0.0128361145 	 1.2956461
0.017520854 	 1.2491326
0.2291785 	 1.2274139
0.23942094 	 2.1623418
0.24306662 	 1.787746
0.17876373 	 1.7472626
0.22027218 	 1.3125333
0.21401168 	 1.8608253
0.17720929 	 1.8045018
0.103579886 	 2.048964
0.10745724 	 2.6636517
0.10612172 	 1.3962532
0.094691016 	 1.4392083
0.09106289 	 1.8652345
0.09492365 	 2.8356323
0.09223751 	 2.8229182
0.09138043 	 2.5655107
0.08454994 	 1.954239
0.11475605 	 1.978615
0.11496344 	 2.623962
0.11990684 	 2.7233973
0.116120905 	 2.401717
0.0752385 	 2.1000478
0.05650905 	 1.8100142
0.06747819 	 3.4471438
0.0645377 	 2.0571616
0.08587656 	 2.6552985
0.07097565 	 2.429946
0.07815937 	 3.0725262
0.07433417 	 3.275951
0.073670834 	 3.0752718
0.067889236 	 2.2114146
0.06999076 	 3.0534105
0.080682494 	 2.567479
0.07680664 	 1.1616617
0.0743221 	 2.8111248
0.2893832 	 2.169552
0.2337856 	 2.3210223
0.13796832 	 2.3192976
0.13046078 	 2.5190518
0.11620278 	 2.661854
0.11612231 	 2.4292727
0.090739705 	 2.946486
0.09666492 	 3.2428064
0.31436393 	 0.82310635
0.39401722 	 1.7372139
0.11718079 	 2.5232637
0.1332783 	 3.3308644
0.15755865 	 2.3537157
0.14878695 	 2.804005
0.11905239 	 2.6197026
0.1364028 	 2.1886125
0.10489011 	 1.9597222
0.06500968 	 2.7722313
0.10321912 	 2.3145075
0.09339768 	 2.1409938
0.072722785 	 2.7725728
0.08371932 	 2.2332625
0.063794106 	 2.9272888
0.039015643 	 3.2790573
0.044278286 	 3.3438268
0.04850763 	 2.1436899
0.05414207 	 2.7723029
0.062665604 	 1.5173727
0.06725924 	 2.121085
0.07136714 	 2.2762377
0.09961964 	 2.6795716
0.11837014 	 2.3085687
0.13715373 	 2.297022
0.12763718 	 2.411768
0.28134745 	 1.6499535
0.13616045 	 1.9616205
0.097728096 	 2.997835
0.06862771 	 2.9290617
0.069897056 	 1.5626714
0.051721986 	 2.6945539
0.03691296 	 2.4397209
0.030996133 	 1.7481961
0.039021716 	 2.6390314
0.042842917 	 2.6102757
0.035254452 	 1.8554908
0.04299398 	 1.2662338
0.04881576 	 2.4970598
0.06571007 	 2.1704547
0.05195884 	 2.5846756
0.061948076 	 3.0009494
0.07214886 	 2.7931075
0.081849046 	 1.5219171
0.12930147 	 2.0711775
0.16290045 	 2.3598459
0.14749292 	 2.471732
0.14849843 	 2.4915473
0.16428524 	 1.9502196
0.28838718 	 1.7114837
0.29442585 	 1.762466
0.3187988 	 1.2676263
0.25662926 	 1.9082465
0.2597811 	 1.5953994
0.24781871 	 1.6888239
0.2238322 	 1.7046298
0.21541867 	 2.00584
0.20870695 	 1.8699912
0.21798497 	 1.4845301
0.1617601 	 2.3190176
0.15068157 	 1.8687521
0.10998681 	 2.42183
0.07992809 	 1.5565448
0.08105111 	 1.5288019
0.12193545 	 2.552915
0.12172761 	 2.6685987
0.13209271 	 2.6022513
0.119278945 	 1.1652209
0.11904359 	 3.109025
0.08580759 	 2.4689279
0.08350236 	 2.71314
0.080665626 	 1.7632376
Summary
0.0025530236  -  0.50293285 ,  0.77624613  -  4.025236
accuracy:  100.0
equal predictions:  0
