TensorFlow version: 1.13.1
Found 939 images belonging to 1 classes.
argN = 49
argN = 49
0.5351193 	 4.496985
0.41676417 	 3.1956162
0.2862428 	 1.8299834
0.67726874 	 2.843614
0.52914435 	 2.426147
0.3543276 	 2.1847973
0.4074302 	 0.6285334
0.13529813 	 1.4238838
0.09453148 	 3.425875
0.271988 	 2.6448216
0.044571403 	 2.0447907
0.19197476 	 2.3622825
0.15512858 	 1.9326481
0.21735276 	 1.1641742
0.33106244 	 2.827382
0.27309108 	 2.4414403
0.26857534 	 3.6448283
0.47978768 	 2.7458751
0.21738565 	 1.2313447
0.43025526 	 2.220919
0.064119816 	 3.833215
0.004110009 	 1.8123804
0.011618434 	 3.3641806
0.00073555333 	 2.1475775
0.0008848647 	 1.9101179
0.020760207 	 1.7666608
0.16138986 	 2.0128493
0.33560026 	 1.6049495
0.60567474 	 2.4585323
0.63410354 	 2.871923
0.59245735 	 3.0492039
0.107173435 	 7.5255895
0.18918644 	 3.859699
0.4235946 	 0.95324546
0.04491292 	 3.5206714
0.3015415 	 1.0579933
0.5856529 	 2.0482605
0.5215921 	 1.1841071
0.45574176 	 3.0605764
0.26555696 	 4.108867
0.40765375 	 4.6714244
0.44113958 	 5.6114464
0.24484718 	 2.6205795
0.0193803 	 5.4286056
0.18178385 	 2.5351048
0.23745997 	 2.0157313
0.15479758 	 2.187894
0.24681118 	 2.5870636
0.12765269 	 0.5957586
0.06234462 	 2.57226
0.027759295 	 3.1531885
0.17347477 	 1.6637462
0.19900782 	 2.8423066
0.11191498 	 1.2906197
0.24234551 	 2.6740575
0.20676039 	 2.0460281
0.08477368 	 3.602744
0.17289764 	 1.8568609
0.23029591 	 1.7334788
0.27979144 	 1.2699223
0.026323559 	 1.5359418
0.042124294 	 1.6246387
0.000215494 	 2.9965792
0.0002729073 	 2.9132388
0.015850997 	 2.064603
0.042445265 	 1.8559659
0.18577564 	 1.5194643
0.10065815 	 1.9911863
0.022622764 	 2.1978693
0.0626769 	 1.4350872
0.13283123 	 2.7088287
0.24140334 	 1.4082345
0.047375366 	 1.2670586
0.06376361 	 2.0159888
0.3525605 	 1.6613436
0.15826078 	 2.240686
0.30376577 	 4.007217
0.2964602 	 2.2529688
0.15518218 	 2.5220137
0.27062082 	 2.2733588
0.3088738 	 2.1541595
0.16492815 	 2.0852602
0.0009065206 	 3.9101489
0.2381144 	 1.4536707
0.084228985 	 2.0137858
0.14286998 	 0.6178319
0.09378784 	 3.637715
0.016808072 	 3.3561997
0.0016420248 	 9.613754
0.0005663449 	 1.9369484
0.008039699 	 7.1955276
0.002276387 	 3.0679886
0.00097489177 	 3.109013
0.000629325 	 1.4773053
0.018474432 	 3.6547606
0.02381907 	 3.0408382
0.00032609058 	 5.2480364
0.0016152187 	 2.309226
0.04874854 	 2.0361054
0.018204829 	 2.0761926
0.011385217 	 2.578949
0.0007209396 	 1.9612331
0.045586884 	 0.9832854
0.02197025 	 3.2981515
0.008906391 	 2.1063073
0.001666742 	 3.3446224
0.00379058 	 2.2012842
0.0012849476 	 1.9635823
0.00336587 	 2.5329576
0.013353116 	 3.0590258
0.00014568436 	 1.4935281
0.00040915038 	 1.4319965
1.5676145e-05 	 1.9577042
1.7106679e-05 	 1.8462901
3.951866e-05 	 2.5305507
0.00017125881 	 1.9286261
0.00016827807 	 1.552421
0.00079484575 	 1.7629576
0.0011391569 	 2.7726758
0.0011390375 	 2.3248582
0.0010805601 	 2.566243
0.019102069 	 1.6155407
0.0035377662 	 1.1822582
0.002790347 	 2.2261682
0.027339475 	 3.479808
0.0033167708 	 3.598712
0.0022213676 	 1.2318864
0.00013280797 	 2.7693565
-4.7683704e-07 	 2.8251994
0.021381304 	 1.5067047
0.02231547 	 3.011018
0.007902171 	 2.358486
7.903888e-05 	 2.6584697
6.139297e-06 	 2.273731
0.023288822 	 3.845269
0.041806847 	 1.8925021
0.005665646 	 0.8693693
0.0024244946 	 1.272884
2.8551032e-05 	 3.709508
9.13781e-05 	 2.0104654
0.00027308616 	 0.6689966
1.1324889e-06 	 3.1735277
0.001084558 	 2.0301046
0.019682864 	 1.5570557
0.0009450012 	 1.5578464
0.0002484034 	 1.9051911
5.173817e-05 	 0.8918644
0.0034006177 	 2.6793978
0.0015268055 	 0.7081761
0.016902879 	 1.4091997
0.026916403 	 1.8058385
6.8428475e-05 	 2.7263176
2.527269e-05 	 1.5563607
0.011205577 	 2.0475988
0.0039350223 	 1.3453286
1.9490908e-05 	 2.0412223
0.0040980987 	 1.3363004
0.00045458874 	 1.384401
7.987341e-05 	 2.1726313
5.1440133e-05 	 1.9695214
0.00075404457 	 1.2499405
0.02239739 	 1.6218615
0.0005407007 	 0.8469015
3.123332e-05 	 3.454578
0.0046656923 	 3.7498796
0.009882123 	 2.464395
0.00015456679 	 1.0259541
5.0844053e-05 	 3.6801217
1.4960878e-05 	 1.855641
4.3512337e-05 	 1.9316735
6.3719395e-05 	 3.8078897
1.102692e-05 	 5.1338015
0.020732945 	 2.2817564
0.0034915295 	 2.7794118
0.0050950884 	 2.2162635
0.020847112 	 1.334406
0.021072077 	 2.9845443
0.04494939 	 0.91989666
0.040754963 	 1.6503448
0.034212887 	 0.9287825
0.00027153603 	 0.7840364
0.0018155356 	 4.103728
0.016371315 	 1.7910767
0.007043612 	 3.1763415
0.0016061442 	 2.616208
0.002422224 	 2.4212914
0.019591318 	 2.262024
0.019096114 	 1.5597477
0.0018452732 	 2.6507223
0.000111884176 	 1.0738965
0.0002271791 	 1.1520528
0.0008645217 	 1.310451
0.0005218556 	 0.6003788
0.005766296 	 2.7206411
0.00015426872 	 3.7776275
6.604413e-05 	 1.719713
0.024996093 	 2.4877944
0.0020464724 	 1.4328371
0.00011140729 	 2.8479884
0.00022479438 	 2.113581
4.7863676e-05 	 1.7878486
0.00020988999 	 2.6894035
0.0018713091 	 2.6616678
0.0028448598 	 1.7712712
0.00045858405 	 2.3958673
0.00050879543 	 2.1084707
0.0004185718 	 2.5206509
0.001004664 	 1.2712084
0.017408583 	 2.175667
0.00072427985 	 2.2062843
0.0007984845 	 2.589856
0.092054114 	 3.3833876
0.15287183 	 2.7162864
0.1467326 	 1.5291954
0.1550454 	 1.3134251
-8.344647e-07 	 10.093382
0.03044695 	 1.4100945
0.0002553193 	 2.739425
0.024259277 	 3.2720838
0.02820559 	 2.1948779
0.028371263 	 3.1207476
0.01602802 	 1.9995208
0.00017078189 	 3.0867426
1.51993e-05 	 7.1488657
0.0026967495 	 3.265118
0.00018133377 	 0.99854803
0.016136805 	 3.9614868
3.3378658e-06 	 3.5573742
2.6226078e-06 	 1.0522226
-2.3841855e-07 	 7.2970824
0.00015432833 	 3.2387533
0.0015040616 	 2.194406
0.031159379 	 2.114345
0.019498628 	 1.9404582
0.008269854 	 2.1498134
0.005499437 	 3.7086468
0.020581491 	 2.2305827
0.0038504128 	 3.3034968
0.10695756 	 2.2836614
0.07749215 	 6.6757693
0.047095984 	 2.730407
0.123522766 	 2.875929
0.018668074 	 1.6399224
0.040247183 	 3.0938566
3.9757088e-05 	 1.8726523
0.015867347 	 2.1932037
0.046744227 	 1.6950588
0.0007348972 	 7.598382
0.00031166166 	 1.844968
0.0023710204 	 3.1131725
0.004279459 	 2.8839326
0.027605915 	 2.2998986
6.6161374e-06 	 1.2040066
0.0030596524 	 2.6543102
0.005716479 	 2.4245803
0.03282003 	 1.5920236
0.025173092 	 1.544134
0.028927714 	 3.0124097
0.0037985377 	 1.9295976
0.020465104 	 2.048702
0.04548327 	 1.7136647
0.055801913 	 1.5436461
0.17004225 	 2.221225
0.19492792 	 2.9718535
0.10845058 	 2.5196552
0.15779194 	 1.3122644
0.20581591 	 1.1447077
0.121880844 	 1.774469
0.026499877 	 3.6737561
0.10225705 	 3.5552568
0.07511333 	 4.2324805
0.080568455 	 1.6413207
0.11331768 	 2.970938
0.15359347 	 2.587704
0.0004978823 	 2.7150414
0.0008032567 	 3.362908
0.0003356901 	 3.0841427
0.020807188 	 6.5493994
0.0004631161 	 2.5821128
0.02315394 	 2.06708
0.0013227266 	 4.7992287
0.00013501363 	 4.802164
0.059017077 	 2.0425115
0.133083 	 2.5157845
0.12767571 	 3.3585873
0.10895805 	 2.7005825
0.17180806 	 2.196244
0.14667945 	 1.5258847
0.20789006 	 1.667677
0.17809735 	 2.432511
0.07657187 	 2.0816967
0.10016732 	 1.7743038
0.27245438 	 1.2176607
0.09495459 	 1.9278214
0.12680343 	 1.2849771
0.11376144 	 3.0778606
0.04500357 	 1.7213283
0.177549 	 2.9977143
0.06376997 	 2.0155761
4.7207992e-05 	 1.7913432
0.0016793397 	 3.2049203
0.004414573 	 3.1779091
0.073604815 	 2.0726035
0.0059561734 	 1.0574583
0.057919025 	 3.1423054
0.075349495 	 1.8602223
0.060352337 	 2.6470752
0.034324657 	 4.530464
0.026686018 	 2.666454
0.074427076 	 1.8139073
0.0112732705 	 1.5734813
0.029208386 	 3.3508244
0.010252341 	 1.6500398
Summary
-8.344647e-07  -  0.67726874 ,  0.5957586  -  10.093382
accuracy:  100.0
equal predictions:  0
TensorFlow version: 1.13.1
Found 939 images belonging to 1 classes.
argN = 49
argN = 49
0.24673016 	 2.1506598
0.59161264 	 3.8768232
0.4745365 	 3.4509592
0.6582457 	 2.492128
0.35082158 	 1.7132374
0.11305997 	 2.9644527
0.14736189 	 2.1358554
0.24190943 	 4.2713466
0.16656089 	 2.9206471
0.044729024 	 2.4623957
0.10307665 	 1.6890744
0.27745938 	 3.237535
0.66080475 	 2.8239477
0.4783751 	 1.7307477
0.5933326 	 1.5429016
0.9043211 	 0.6819916
0.6265787 	 2.5545166
0.25639522 	 1.8753898
0.45728493 	 1.9934537
0.31475538 	 1.2314246
0.22735587 	 1.576868
0.053888343 	 3.4915743
0.045436423 	 3.4255617
0.019107232 	 1.7899532
0.08887093 	 2.288168
0.102295734 	 2.6991813
0.18002881 	 1.0947676
0.2146912 	 0.5614224
0.07221709 	 4.783789
0.40323624 	 1.6019843
0.046340775 	 2.406613
0.36120477 	 7.2851887
0.2771115 	 2.7140353
0.12402587 	 1.487706
0.10590826 	 2.1925423
0.23300938 	 1.9478168
0.45618072 	 1.6861863
0.1085984 	 2.1962929
0.10430735 	 2.0018322
0.109304205 	 1.5172468
0.18521583 	 2.4487813
0.003704786 	 2.7654638
0.039242685 	 3.6165829
0.0054256017 	 2.4804795
0.042891506 	 2.330716
0.00059413677 	 2.143945
7.325679e-05 	 1.1787173
2.2948052e-05 	 1.936912
0.15873738 	 2.9530072
0.15258901 	 2.8862302
0.13034052 	 4.2162986
0.24475345 	 2.7852988
0.26332322 	 2.3197966
0.24616322 	 1.2595348
0.28402412 	 1.9012805
0.09516343 	 2.735986
0.18516181 	 2.4563773
0.31837192 	 1.9437747
0.33521172 	 1.469048
0.07849438 	 1.6997874
0.07117851 	 1.7490463
0.06255373 	 1.1972411
0.00015730903 	 4.4015245
0.03968372 	 1.9671882
0.10112653 	 2.149796
0.059207033 	 2.3009133
0.019877287 	 3.3316214
0.095367655 	 3.2979355
0.048847865 	 2.1465535
0.05571929 	 2.9943707
0.2657745 	 3.3228085
0.24354208 	 2.0751143
0.0974701 	 2.7812226
0.11800628 	 1.8670374
0.16185492 	 3.1639106
0.20473948 	 2.499412
0.12045479 	 3.571854
0.1588797 	 1.3180673
0.045605037 	 2.6334064
0.11875359 	 2.463647
0.00433974 	 4.7027144
0.054069463 	 5.834452
1.7047074e-05 	 1.4176745
0.0054987776 	 4.63252
0.23254515 	 2.1807892
0.05238027 	 1.9733672
0.04443125 	 2.85014
0.2666438 	 2.131097
0.30099547 	 1.6486592
0.08580642 	 2.2493594
0.13620068 	 2.6353183
0.00026777992 	 1.917504
0.019737879 	 3.6254919
0.0010591391 	 2.8379385
0.0016676973 	 3.1635468
0.017942093 	 3.4061697
0.018995328 	 1.6106243
0.020681707 	 0.9378579
0.00089357473 	 1.1647455
0.0011046667 	 1.6501462
0.0003383732 	 1.8925577
0.005089577 	 2.4371045
1.9371697e-05 	 2.483712
4.6909954e-05 	 1.9556036
2.7060874e-05 	 2.0499012
0.00028948206 	 2.220953
0.0013140725 	 2.5191636
0.0083668595 	 0.7924085
0.013533141 	 2.436917
8.3446537e-07 	 2.8788319
6.0917802e-05 	 2.5346918
2.8849065e-05 	 1.6200399
0.04925515 	 3.7319949
0.020505318 	 1.7115457
0.0005676569 	 2.0585454
0.0028209502 	 2.5294838
0.039145675 	 2.3498633
0.022584295 	 2.7148902
0.020675622 	 2.2899356
0.00740029 	 2.2361987
0.011608546 	 2.4756474
0.002348317 	 1.4755833
0.008247858 	 1.6428115
0.00050056586 	 5.8115673
0.042251687 	 3.4511116
0.008664486 	 2.337666
0.000527521 	 6.299588
0.0047044377 	 1.8982697
0.015688596 	 2.4462333
0.0023881677 	 1.4407979
0.0027654227 	 2.5807633
0.013984979 	 1.823721
0.00289011 	 0.53817904
0.00045035488 	 2.9853296
0.00018300301 	 3.3855312
0.000703463 	 2.0534463
0.014338519 	 2.2822154
3.296191e-05 	 1.4700652
0.018986277 	 1.9741936
0.017678883 	 2.0609376
0.0001626743 	 1.4279705
0.00012511798 	 1.6389786
2.777615e-05 	 2.1964076
0.0004440936 	 4.282218
9.834815e-06 	 1.4709386
0.0006697632 	 2.339453
0.00115503 	 3.3881629
0.0052623088 	 1.6433038
0.0021927538 	 2.271229
0.014749103 	 3.051121
0.019553939 	 1.7680107
0.043065354 	 1.977097
0.03036953 	 2.3169746
0.022637032 	 2.4432423
0.041469246 	 2.9253705
0.03959262 	 2.5876722
0.021493109 	 2.0586069
0.023879137 	 3.1590662
0.0031428798 	 1.525632
0.020368803 	 4.392136
0.014777111 	 1.6459203
0.020798303 	 2.538676
0.020737935 	 1.1030121
0.005541271 	 1.6975912
0.00020637257 	 3.0120049
0.0009198246 	 2.2178214
0.00049168034 	 1.8345249
0.00023797006 	 3.9694693
0.010457828 	 1.1186078
0.0024994828 	 1.3688452
0.00075917447 	 1.6360328
0.0052270168 	 2.2612014
0.00035381614 	 5.302634
0.00043294264 	 2.2479029
0.00016112434 	 1.1315334
0.02045093 	 1.8469456
0.02067477 	 1.9978713
0.00010324057 	 1.7816973
0.0003169085 	 1.825181
0.020752357 	 3.2590744
0.00014794967 	 2.1992981
0.003352055 	 1.1101364
0.0033988834 	 1.8109416
0.0017149841 	 2.9487705
0.0021195207 	 1.9560174
0.0005305625 	 4.617479
0.0023596687 	 1.6762524
0.0009106967 	 1.2947745
0.0005334846 	 2.9340568
0.120609775 	 2.0892813
0.12890351 	 1.5666242
0.12389261 	 1.8236709
0.089197874 	 3.3025925
0.06565921 	 2.2608137
0.001983582 	 3.2653768
7.9575366e-05 	 1.5584266
0.00011021506 	 2.4084833
0.0011722757 	 2.7140543
1.6093383e-05 	 4.0695753
0.019506894 	 2.3578672
0.0012372037 	 1.6780229
8.642711e-06 	 1.741813
0.029817251 	 2.3095634
0.021596644 	 3.0032372
0.0014803633 	 3.15668
0.00097184896 	 2.601407
9.4120165e-05 	 3.1757817
7.271793e-06 	 2.5028424
0.034223128 	 1.9088615
-9.5367386e-07 	 1.3755783
-9.5367386e-07 	 2.011242
0.012221749 	 6.620245
0.013773871 	 0.93745637
0.038916733 	 2.9809353
0.0002191903 	 0.79211235
7.5700766e-05 	 5.632487
1.2397843e-05 	 2.3561616
0.032823235 	 1.9717591
0.13464318 	 2.304514
0.09262192 	 1.3620865
0.00026235444 	 3.286139
0.020618182 	 2.1017134
0.019726025 	 3.773413
-8.344647e-07 	 1.7838415
0.01183126 	 3.691311
0.017796341 	 4.870831
-9.5367386e-07 	 1.9134135
9.0841604e-05 	 1.9415714
0.08279906 	 1.2837224
0.27768707 	 2.3818095
0.05873613 	 2.9408865
0.084839076 	 1.0169348
0.0027890918 	 8.822031
0.016052974 	 5.422486
0.060789607 	 1.8060054
0.041091204 	 1.2800531
0.039509032 	 1.4814866
0.07665186 	 2.007123
0.0041145575 	 2.847197
0.0010968499 	 4.7350698
0.04149702 	 1.5295935
0.0062281922 	 1.6920702
5.388405e-05 	 2.612694
0.00019921857 	 2.464789
0.029597249 	 0.9279341
0.014142751 	 1.4856547
0.027801396 	 2.454466
0.033218313 	 2.2572324
0.04191257 	 1.8046829
0.011255427 	 1.9398931
-8.344647e-07 	 6.5638313
8.923213e-05 	 3.7571154
0.00019450887 	 2.6931276
0.022531195 	 2.9995124
0.039843056 	 3.9172058
0.018342443 	 1.6258236
0.010622574 	 2.2570472
2.384186e-07 	 7.2551303
0.001362238 	 3.3372097
0.037955917 	 1.6741476
0.020624692 	 2.7970068
0.010116194 	 5.509332
0.0777071 	 3.7204494
0.12031314 	 1.0035672
0.12493443 	 2.9985065
0.08540423 	 1.4712913
0.047788367 	 1.7443067
0.11900418 	 2.5373032
0.05150088 	 0.9825945
0.019326702 	 2.3737874
0.013551569 	 1.7966188
0.007105021 	 2.276309
0.0042823325 	 2.653984
5.4778167e-05 	 2.4777145
0.013297725 	 2.7627592
0.004355664 	 3.025127
0.0027822778 	 1.0372312
0.022934545 	 1.9700273
0.18406403 	 1.3958594
0.13116072 	 1.8316594
0.19041784 	 2.6641753
0.33320454 	 2.0541477
0.22740106 	 1.4071498
0.32041636 	 1.1359577
0.16273694 	 0.8338147
0.2191527 	 1.408543
0.06999869 	 1.1403185
0.097598106 	 1.0796607
0.10135803 	 1.518334
0.10262347 	 1.9193054
0.09366503 	 1.2222296
0.2133524 	 1.4596142
0.13861778 	 1.6161766
0.13622451 	 2.125367
0.05973143 	 1.7783864
0.07661157 	 1.2311282
9.655999e-06 	 3.2124236
0.0006966036 	 3.2162237
0.016585277 	 2.039255
0.08632748 	 2.686965
0.07809834 	 1.9007664
0.019264113 	 2.165785
0.023878343 	 1.484357
0.10608666 	 2.389227
0.0804472 	 2.1363642
0.09450376 	 1.8569365
0.010175022 	 1.7434176
0.013679542 	 2.744082
0.056233034 	 1.3473327
0.0554869 	 2.7202363
0.031141976 	 3.278801
0.0024178624 	 2.676299
0.04087026 	 3.1144938
Summary
-9.5367386e-07  -  0.9043211 ,  0.53817904  -  8.822031
accuracy:  99.7
equal predictions:  0
TensorFlow version: 1.13.1
Found 939 images belonging to 1 classes.
argN = 49
argN = 49
0.5628062 	 2.231349
0.38545677 	 3.1093268
0.4289513 	 1.4576554
0.3355484 	 1.4978703
0.17651173 	 3.392585
0.17975946 	 3.765917
0.12310472 	 2.5370915
0.15969573 	 3.4391034
0.17215656 	 2.5223997
0.26173788 	 3.7340732
0.3607972 	 2.7961433
0.20275632 	 3.0962725
0.057357322 	 1.5199351
0.1202369 	 2.0986533
0.102473624 	 1.9679387
0.07001729 	 2.704985
0.04031023 	 3.482229
0.042346016 	 1.5252254
0.11803613 	 2.255765
0.062078845 	 3.864354
0.30074874 	 2.89783
0.25242448 	 2.3620226
0.7480388 	 3.611923
0.33870423 	 2.0850172
0.45180738 	 1.9530277
0.41862908 	 1.6250738
0.15359521 	 1.8777772
0.37302366 	 2.3028998
0.26512042 	 3.6901357
0.24453011 	 2.2713208
0.038521875 	 2.0413468
0.04052447 	 3.119967
0.1461342 	 1.6380057
0.020539511 	 1.8058193
0.0018354203 	 2.9836404
0.1276692 	 2.6816533
0.35480624 	 1.9521306
0.30083632 	 2.1494973
0.1261187 	 3.2346606
0.038128663 	 6.0291014
0.09402046 	 0.57817733
0.40429792 	 2.53106
0.3972175 	 0.9190492
0.4235312 	 2.3130488
0.25226307 	 0.7700433
0.15976636 	 3.148597
0.045601856 	 5.5047493
0.060579084 	 2.0902872
0.0021100235 	 2.1916704
0.026158227 	 2.255035
0.4047338 	 3.1941848
0.289659 	 1.0446599
0.2534925 	 1.4428934
0.20312563 	 2.216699
0.26539436 	 2.820077
0.13087499 	 2.6879792
0.33335435 	 0.9704281
0.12936428 	 1.2957044
0.025209462 	 1.9435833
0.060945753 	 2.4188018
0.14255203 	 2.068701
0.03381643 	 1.5476327
0.021961536 	 3.1605341
0.17310059 	 1.291492
0.17625676 	 3.0538943
0.17248337 	 2.320687
0.098603986 	 6.7031765
0.13851817 	 2.1713665
0.057521205 	 3.256636
0.2794259 	 1.3076152
0.2853227 	 4.4682174
0.27043372 	 0.99752265
0.069668695 	 2.599594
0.09943245 	 1.1690061
0.23391068 	 1.925097
0.10615665 	 1.7530051
0.06445791 	 2.5417244
0.022009794 	 2.5402198
0.08659633 	 2.1180885
0.1678795 	 2.17171
0.10911041 	 2.1157122
0.082217515 	 2.9504883
0.05446289 	 3.466431
0.06439008 	 2.0974684
0.005055609 	 2.362823
0.012816614 	 1.7301184
3.5584606e-05 	 1.3221157
3.5465393e-05 	 2.3785245
0.0035518229 	 2.980638
0.039596464 	 2.4402406
0.025608575 	 1.7877132
3.8982198e-05 	 5.5231476
0.0035860387 	 2.2486804
2.2828839e-05 	 2.694478
2.163672e-05 	 6.103069
0.006203422 	 3.5643005
0.0057722908 	 2.5015922
0.00068258686 	 1.8816206
0.00053920975 	 1.0445617
0.060525954 	 2.0615122
0.028931394 	 2.3090665
0.022524184 	 2.8133147
0.0135696335 	 5.2470393
0.00244953 	 1.4976611
0.0073319585 	 0.81874895
0.0027954872 	 2.8793368
0.0001883088 	 1.4979173
0.00019069343 	 1.5966027
2.509387e-05 	 1.2550508
0.0022806884 	 1.4923908
0.00042030105 	 0.5378291
0.00031953194 	 2.722293
0.010332916 	 0.76779073
0.0004470155 	 3.1989267
3.3378658e-06 	 1.971432
0.0011700678 	 1.4119036
-9.5367386e-07 	 1.6396744
3.64191e-05 	 5.984533
0.02074037 	 2.1198092
0.021063372 	 3.0037742
0.01912722 	 1.8667969
0.0009415409 	 1.9929804
0.020022187 	 0.7719121
0.015731947 	 2.044296
0.013883983 	 1.6138669
0.002107933 	 2.2818036
0.0141661465 	 1.6457045
0.030104993 	 2.78974
0.027997099 	 2.5872378
0.0021928733 	 1.5858262
0.037903666 	 2.8314147
5.865269e-05 	 3.0792334
0.01383515 	 2.4148428
0.00014419403 	 2.6670065
0.00049847865 	 2.0390782
0.031677328 	 1.1227328
0.00088426814 	 2.2193031
0.0007227887 	 2.8103282
0.015255959 	 0.95970964
0.0017780366 	 2.2521176
0.008531562 	 1.8439332
0.002072633 	 2.3323116
0.003986546 	 2.8869774
0.004068893 	 0.9261932
0.008240165 	 1.9607117
0.00039024814 	 2.1760466
1.269587e-05 	 3.1511476
0.0029055926 	 2.513791
0.00010306174 	 0.90970725
0.017916303 	 2.6245983
6.556513e-07 	 2.4758954
4.6731133e-05 	 2.97076
0.0010099742 	 3.5813112
0.01943542 	 2.2725503
0.0008990036 	 1.9478511
0.01558779 	 2.2444265
0.020078741 	 2.7898684
4.5538985e-05 	 3.5051398
1.3828373e-05 	 2.6448467
0.03339511 	 2.9503164
0.02074609 	 1.1946889
0.020803232 	 2.7532544
0.020823376 	 0.9626022
0.02082861 	 2.7061157
0.040218204 	 2.0102403
0.028283274 	 1.6584163
0.0005588901 	 2.5132413
0.00014985731 	 1.9947221
0.0003117809 	 1.2190129
0.003137379 	 2.890964
0.034126725 	 2.4751606
0.00027529214 	 2.1006696
0.0022452627 	 1.893139
0.00017882993 	 1.7724267
0.0006872392 	 2.0900452
0.0021321839 	 1.4352914
0.0034274717 	 1.6079997
0.0019610666 	 1.1732506
0.0030996508 	 2.491592
0.018088717 	 1.1965476
0.0025604933 	 1.6145233
0.0006395835 	 1.5033684
0.00027892902 	 0.7207727
0.00022097884 	 1.5132833
0.00096421223 	 2.6233006
0.0005711756 	 2.2250562
0.00015784556 	 2.630236
0.00038380834 	 0.5055709
8.142326e-05 	 1.657243
0.0009491775 	 1.107548
3.0041192e-05 	 2.4354706
0.00032650793 	 1.5151374
0.0009830656 	 2.8926928
0.0013404528 	 2.3407805
0.0038257614 	 1.0590827
0.001246812 	 1.5157548
0.0022767454 	 1.9418942
0.0004116548 	 2.2081456
0.0020532813 	 3.161344
0.0005928843 	 1.5053548
0.0005644364 	 1.1980579
0.0005853697 	 3.2138429
0.052004423 	 1.7027308
0.10059678 	 2.2226782
0.0015456098 	 2.010647
0.055094387 	 1.906201
0.0081342785 	 1.5244365
-9.5367386e-07 	 3.5968075
0.020627977 	 1.0099742
0.002517947 	 1.6262612
0.019683473 	 4.1318774
0.019870963 	 1.0942765
0.016739944 	 2.1218379
0.0021674861 	 4.008089
0.01834736 	 3.8229036
0.004120842 	 4.1691637
0.020405607 	 2.7226512
0.020277014 	 3.1064224
0.014168747 	 1.814484
0.0014943315 	 2.8046114
0.003919524 	 2.7031727
0.014189181 	 2.4711738
0.012951799 	 3.6258142
-7.152555e-07 	 1.9878926
1.0728842e-06 	 3.814007
1.1324889e-06 	 1.4135016
0.0046314397 	 3.868357
0.00066010084 	 3.5077798
-7.152555e-07 	 3.1840656
0.031197503 	 1.5848371
0.02473224 	 1.3372225
0.016776552 	 3.7102337
0.00019456849 	 2.2124763
5.6327975e-05 	 3.3312461
0.18910095 	 1.6946281
0.35126525 	 2.154779
0.16096485 	 2.2280324
0.02337674 	 3.369573
0.0206051 	 2.7660568
0.023183221 	 3.676444
1.1324947e-05 	 2.424797
0.00021555362 	 2.5802708
0.0012388747 	 5.8079095
0.0259063 	 2.1567845
0.07886509 	 1.9596503
0.021132344 	 3.117613
0.13391982 	 3.8198876
1.9014062e-05 	 1.9124256
0.0465304 	 3.034802
0.03666505 	 1.6157752
0.002513107 	 2.523309
7.8740835e-05 	 3.166495
0.026753727 	 2.0282123
0.030599227 	 1.4799243
0.00050128147 	 1.170438
0.00016398582 	 3.7225335
0.028136805 	 1.7053417
0.032391127 	 1.8948637
0.009812358 	 4.98869
0.019024912 	 2.3316946
0.017712189 	 2.0679295
0.040154297 	 1.7851636
0.09301074 	 1.1913292
0.03548892 	 1.913845
0.059112746 	 1.8433821
0.1054985 	 1.6713609
0.041721024 	 2.2536037
0.08678185 	 2.3274713
0.14456494 	 2.2913673
0.11953967 	 1.9017376
0.14978164 	 1.0639316
0.034332983 	 1.8341398
0.08269068 	 2.4656157
0.040698282 	 1.8778042
0.032347724 	 2.0471578
0.06721869 	 1.5792028
0.07230609 	 2.7416399
0.1101893 	 2.8916717
0.054502483 	 1.2527658
0.020202262 	 1.7930914
0.0032813086 	 1.9331019
0.01888368 	 2.441496
-5.960463e-07 	 3.4123943
0.004196017 	 2.6672237
0.0013152662 	 2.3411694
0.00047379034 	 3.2393174
0.009118881 	 1.6799747
0.16930066 	 3.359038
0.11319105 	 1.1308603
0.17011148 	 2.8482096
0.15276933 	 1.2707481
0.17274588 	 1.387413
0.12837878 	 1.0465384
0.09812081 	 1.6266526
0.08064398 	 2.1244152
0.036781237 	 2.7038715
0.063414894 	 2.352536
0.07734653 	 1.9264717
0.08632573 	 1.1568918
0.15009326 	 1.9256132
0.073024936 	 2.7631154
0.025178716 	 2.5527344
0.07155401 	 2.024668
0.11439451 	 4.1559434
0.003508397 	 1.8326272
0.043766096 	 3.0475276
0.06528667 	 2.2339828
0.021824153 	 1.9475
0.08049519 	 2.4289784
0.06587277 	 1.8745717
0.059984557 	 1.7943431
0.06123169 	 1.4990242
0.0013176536 	 3.4966958
Summary
-9.5367386e-07  -  0.7480388 ,  0.5055709  -  6.7031765
accuracy:  100.0
equal predictions:  0
TensorFlow version: 1.13.1
Found 939 images belonging to 1 classes.
argN = 49
argN = 49
0.4515833 	 3.6417985
0.35313934 	 2.0467775
0.3325688 	 1.7190131
0.21143116 	 1.6052308
0.12617646 	 4.2554526
0.17244527 	 3.037073
0.15521024 	 1.1546494
0.18137911 	 2.5957415
0.07908208 	 2.3801374
0.07900957 	 3.6337857
0.16512886 	 2.0687072
0.17526338 	 1.158992
0.16663827 	 2.145192
0.35749683 	 1.992003
0.29073316 	 1.0230207
0.5256738 	 3.0235322
0.35486132 	 4.2659993
0.61685246 	 1.8988813
0.39592046 	 1.0404102
0.30638734 	 1.5242188
0.36678565 	 0.7216713
0.10361809 	 2.1144516
0.12300846 	 2.3272598
0.084404916 	 2.4513812
0.036223862 	 1.6942806
0.19004484 	 2.2517664
0.24372968 	 2.63395
0.2873303 	 2.6960368
0.26675913 	 0.953872
0.3610828 	 1.5519718
0.3420653 	 1.6253079
0.04051119 	 2.0604482
0.13795915 	 1.8244107
0.33768803 	 2.5989654
0.41971287 	 3.6383042
0.17389095 	 1.852482
0.31474248 	 5.199512
0.44817716 	 3.006324
0.5320821 	 6.4196906
0.29907718 	 2.6402845
0.14450061 	 1.8504239
0.13606791 	 2.8277538
0.051473707 	 2.3404064
0.005330319 	 2.5908136
0.049494427 	 3.05408
0.09062008 	 3.373811
0.0002890647 	 2.9460616
0.26833668 	 2.0369687
0.14581679 	 1.7202616
0.30462044 	 1.6361932
0.36805704 	 1.1589305
0.33584148 	 1.4991144
0.13171336 	 1.3947294
0.12449372 	 1.6219535
0.06600762 	 2.0592344
0.018819114 	 3.3027449
0.0022903066 	 1.9496431
0.0005607985 	 2.9034166
0.00088701234 	 3.1292098
0.00026086395 	 1.2530117
0.0005032494 	 2.244962
0.04247704 	 4.5948367
0.041790128 	 2.2248425
0.082356334 	 1.433861
0.34899905 	 1.919598
0.3316042 	 1.0158485
0.30872405 	 1.8190815
0.0832471 	 6.614138
0.113083996 	 1.0728143
0.2053891 	 2.337881
0.28062448 	 1.0809666
0.23367272 	 1.7737266
0.12506133 	 1.4876931
0.14691927 	 0.6935805
0.20691058 	 1.9809068
0.20611802 	 2.8332968
0.14854006 	 2.2536983
0.07169014 	 2.1360865
0.045357145 	 1.2567308
0.09335985 	 1.6148915
0.12362987 	 2.0397043
0.064440995 	 5.786802
0.039061815 	 2.045794
0.0004804096 	 3.1080136
0.0017554065 	 1.2637476
0.024708169 	 1.5511171
0.0005578166 	 1.6147779
0.000645846 	 2.5818558
0.018814012 	 3.3779237
0.03577595 	 1.5424345
1.877564e-05 	 3.8379223
0.022902893 	 1.1424861
0.004503661 	 2.087529
0.0012629256 	 2.0945039
0.018127378 	 2.030197
0.07025584 	 1.8215047
0.052828394 	 2.9963179
0.06500803 	 1.8174074
0.06463427 	 2.3237867
0.04840834 	 2.1778529
0.051149264 	 1.2962097
0.02491457 	 1.7000539
0.063554816 	 10.021106
0.0021009445 	 1.7116019
9.3166396e-05 	 2.7858138
0.0001061019 	 1.5475895
1.1384552e-05 	 3.2732017
0.00021573248 	 1.4958069
2.0861844e-05 	 1.7846686
0.00048518027 	 1.8008342
4.768373e-07 	 1.123472
0.01667182 	 2.3855457
0.00091630465 	 1.3387191
0.0066815414 	 0.45908317
0.028846668 	 2.3322313
0.00091475353 	 1.6635631
0.023180537 	 1.9936051
0.0001050289 	 1.5299047
0.000279406 	 2.0958853
0.013090505 	 2.9089735
0.06208563 	 1.7378148
0.05412741 	 2.182558
0.020740977 	 4.671832
0.025605211 	 1.6139818
0.038688708 	 1.7478689
2.4020961e-05 	 1.4530283
7.045517e-05 	 2.2454934
0.0016767724 	 2.9525015
0.00021424204 	 1.5941037
0.00029401333 	 3.448926
0.0031092772 	 1.3076991
0.004732644 	 1.4701285
0.04769309 	 1.9878674
0.017304875 	 2.224965
0.012201838 	 1.9704916
0.00022348278 	 1.0076922
0.0033740634 	 1.8259634
0.0030154109 	 2.2977555
0.007790975 	 1.9618357
2.0742631e-05 	 5.741746
0.000103121354 	 4.048838
2.1577114e-05 	 1.5130881
3.8028487e-05 	 2.7866318
0.0008478778 	 1.6381947
0.026579937 	 2.6593626
0.003874646 	 1.8676388
0.0013683856 	 1.6946008
2.8551032e-05 	 2.4609547
0.007962491 	 1.2545817
0.0233189 	 1.2585788
0.007028606 	 2.8210716
0.0047748056 	 0.763445
0.002123702 	 2.4897475
8.940737e-06 	 3.1282825
0.00032126103 	 1.2591327
0.019605726 	 2.6895947
0.02702981 	 1.9930272
0.031998593 	 1.3553936
0.03927021 	 3.0506008
0.028690178 	 0.863979
0.030314172 	 2.8833187
0.06056819 	 2.1733654
0.026322458 	 1.6512951
0.00020589565 	 2.237979
4.0055125e-05 	 2.4488668
0.004792054 	 2.6346145
0.0067261253 	 1.4403704
0.0042840685 	 4.8634186
0.01809084 	 2.5204248
0.00023564493 	 2.7140768
0.00036931896 	 2.6046696
7.224344e-05 	 2.275915
0.000451309 	 2.2068563
0.002194964 	 3.0593534
0.021995474 	 1.5106231
0.015806366 	 1.487258
0.00018365878 	 1.9755511
5.0486407e-05 	 0.8328183
8.7265005e-05 	 0.9905207
0.00041928736 	 1.6302562
0.00020309364 	 3.1900356
0.0006841377 	 2.5871294
0.0026832428 	 3.1240993
0.0063328575 	 1.3723094
0.0007446796 	 2.6354272
0.0006092258 	 3.3939173
0.0013845607 	 1.6570249
0.0027219711 	 1.1289611
0.002504263 	 1.5469483
0.005079752 	 1.2719128
0.0030906228 	 2.0689318
0.00067101576 	 1.0652969
0.0016122934 	 1.3239987
0.0009350975 	 2.3873458
0.11804585 	 1.8725495
0.20945512 	 1.3207662
0.047431428 	 2.2204056
0.0069426536 	 2.587906
0.039502397 	 5.0477333
0.07406615 	 2.1884236
0.11646767 	 1.3552314
0.07623802 	 2.5058172
0.057379354 	 2.4423
0.0440121 	 1.6362765
0.017750958 	 3.0301137
0.00033592858 	 1.9793987
0.0022414394 	 2.4201765
-8.344647e-07 	 1.8442068
1.2516983e-06 	 4.4430985
0.010982821 	 2.6289852
0.059475902 	 1.1668466
0.02437287 	 2.8482928
9.0007066e-05 	 3.1984155
0.020430915 	 1.0114342
8.0827165e-05 	 2.491471
3.0994463e-06 	 1.7718376
0.012328553 	 1.9223881
-9.5367386e-07 	 3.0765712
-2.3841855e-07 	 1.5057298
6.854558e-06 	 5.0054483
0.0021894684 	 1.67299
0.0007586972 	 2.90201
0.0010828873 	 1.4108502
0.020616477 	 1.731928
0.006352472 	 1.1622269
0.00022574827 	 2.6131272
-9.5367386e-07 	 1.4290355
0.4993586 	 2.0348043
0.01728001 	 2.9343472
0.0011628472 	 2.2560885
-9.5367386e-07 	 1.4645177
3.63589e-06 	 7.2135725
1.668944e-05 	 3.1547148
0.019889934 	 2.2598526
0.23766261 	 1.9540708
0.02043797 	 3.1167288
0.00012678711 	 3.809478
0.041583695 	 2.6279588
0.049753495 	 2.102814
0.046728864 	 3.1895463
0.07885258 	 2.3709967
0.036513083 	 1.4855001
0.028794462 	 1.2853149
0.020819785 	 2.5128071
0.0009815143 	 2.063111
0.009076355 	 2.789296
0.0010698794 	 2.8045602
-9.5367386e-07 	 0.98105085
0.0014348186 	 4.0283513
0.03968161 	 2.7938662
0.00077384844 	 2.600688
0.018973399 	 3.6826158
0.1088036 	 1.0045061
0.08524883 	 3.5558891
0.121520825 	 2.8241537
0.16957103 	 1.9956254
0.10279996 	 2.4047768
0.104211956 	 2.291242
0.017078876 	 2.2745612
0.01225928 	 3.8158731
0.006583019 	 1.4834714
0.02443468 	 2.1608324
0.0011309221 	 1.4389272
0.003282624 	 2.7839737
0.027944691 	 0.9866942
0.046261676 	 3.889645
0.03500399 	 2.7340388
0.013533443 	 4.171962
2.3484507e-05 	 1.2646387
0.00090866827 	 3.3002086
0.0030896063 	 1.19887
0.10031583 	 1.2978653
0.096356064 	 2.408205
0.1698053 	 0.80127907
0.1796772 	 3.1696122
0.15307327 	 2.859317
0.1862687 	 1.6421872
0.1677875 	 1.0030773
0.28597558 	 2.202237
0.066298775 	 1.2598323
0.05791145 	 1.784916
0.07188764 	 1.6584764
0.054928195 	 1.1069033
0.05206828 	 1.2603993
0.17260867 	 1.1367109
0.07935854 	 0.75783664
0.1924654 	 1.1360972
0.13961817 	 1.0962721
0.1260567 	 1.7775754
0.12952615 	 1.4340388
0.06699388 	 1.9926865
0.11828822 	 2.7331023
0.084584385 	 3.6360424
2.1279084e-05 	 2.860894
0.0029592747 	 1.916086
0.010540649 	 1.7021339
0.024323706 	 1.4942373
0.030132204 	 3.2022772
0.10001079 	 3.3022976
0.09393436 	 2.3009655
0.11789213 	 1.5647749
0.10750423 	 1.4551075
0.059737254 	 1.8472072
0.056949377 	 1.705176
0.0047291704 	 3.1747446
0.072531655 	 1.0315738
0.07010987 	 1.4304426
0.048997153 	 1.3048317
0.031237967 	 1.924864
0.0008890407 	 3.094971
0.015358486 	 3.717766
0.08666627 	 2.3520868
0.06409408 	 1.1623335
Summary
-9.5367386e-07  -  0.61685246 ,  0.45908317  -  10.021106
accuracy:  100.0
equal predictions:  0
