TensorFlow version: 1.13.1
Found 939 images belonging to 1 classes.
argN = 49
argN = 49
0.16223964 	 0.49653828
0.30696014 	 0.24451672
0.3185328 	 0.27871558
0.16972895 	 0.37987515
0.1749015 	 0.7051407
0.2188879 	 0.23718761
0.18774949 	 0.2941217
0.2011944 	 0.3528178
0.31338012 	 0.29894802
0.25893766 	 0.31706762
0.055915743 	 0.5888256
0.14209531 	 0.43119302
0.25400767 	 0.3357736
0.1965018 	 0.3356934
0.2155158 	 0.45509195
0.20420974 	 0.750139
0.17768604 	 0.29353
0.27472544 	 0.39584962
0.40970534 	 0.49478918
0.31089962 	 0.30626053
0.26694182 	 0.34477353
0.46245685 	 0.3505729
0.19437765 	 0.34826207
0.22604766 	 0.2462891
0.19966944 	 0.31605467
0.13564868 	 0.3087125
0.15814969 	 0.37268192
0.3049569 	 0.34213763
0.20645714 	 0.30110627
0.29224676 	 0.16854355
0.3066787 	 0.14102346
0.14049965 	 0.27321282
0.15916109 	 0.30699643
0.28149986 	 0.44524094
0.16779815 	 0.37641528
0.15268323 	 0.49118382
0.08262548 	 0.29231963
0.21133721 	 0.9164935
0.13818654 	 0.2579818
0.34457937 	 0.39029783
0.2616343 	 0.36589167
0.3515563 	 0.5759012
0.28119624 	 0.3217769
0.28478852 	 0.53367186
0.1933943 	 0.5208197
0.2685549 	 0.30269933
0.23302291 	 0.2539154
0.20658244 	 0.26439023
0.16370778 	 0.40757552
0.1985866 	 0.28293452
0.21996006 	 0.17068765
0.15535691 	 0.3768674
0.22255869 	 0.32388896
0.20460285 	 0.24668218
0.15015614 	 0.301209
0.21452425 	 0.42900217
0.16928887 	 0.12010342
0.18719108 	 0.7352135
0.20605005 	 0.25724825
0.215601 	 0.28172675
0.2244178 	 0.35819858
0.25606745 	 0.41017672
0.37675586 	 0.3156163
0.34078842 	 0.32507163
0.15723495 	 0.35352328
0.0951553 	 0.4295609
0.19574587 	 0.37333608
0.251901 	 0.29145148
0.22870204 	 0.5719743
0.22378397 	 0.27986845
0.23806411 	 0.55567306
0.110785015 	 0.26731318
0.10775959 	 0.46070018
0.18198518 	 0.33790493
0.27183685 	 0.33603355
0.067456566 	 0.23290087
0.22233912 	 0.36106843
0.1109475 	 0.19372024
0.20965049 	 0.37360978
0.16342944 	 0.48266867
0.28478733 	 0.7583955
0.14624678 	 0.4296239
0.11357866 	 0.21109977
0.21625179 	 0.4312598
0.08903452 	 0.32508123
0.28592852 	 0.23401673
0.23982601 	 0.38683861
0.20922858 	 0.2611513
0.23554622 	 0.2770838
0.17411113 	 0.3945064
0.104733236 	 0.12595104
0.114489876 	 0.21964535
0.28196457 	 0.3250097
0.27292004 	 0.6620742
0.5148974 	 0.3214352
0.28800088 	 0.37868953
0.14779393 	 0.41420028
0.1402847 	 0.39117548
0.099096544 	 0.33743104
0.119851604 	 0.32024136
0.13689199 	 0.21360505
0.116649166 	 0.19511278
0.13997573 	 0.195239
0.12465001 	 0.32467934
0.13355939 	 0.27796784
0.11316976 	 0.2789989
0.23555996 	 0.32147023
0.26401404 	 0.31603426
0.27657512 	 0.3149985
0.23320383 	 0.688954
0.2544842 	 0.31684202
0.26905504 	 0.38213047
0.33466998 	 0.4540478
0.38567325 	 0.41012257
0.28382033 	 0.3659097
0.3280464 	 0.20696491
0.26287618 	 0.21147041
0.27351946 	 0.35589647
0.30989364 	 0.22834188
0.19350699 	 0.42853653
0.21625282 	 0.4084996
0.21063288 	 0.40166962
0.30429152 	 0.30923143
0.23263171 	 0.3040186
0.16884623 	 0.50494885
0.44937897 	 0.3957106
0.35426253 	 0.24962276
0.34664863 	 0.2818037
0.24839056 	 0.30045465
0.24972926 	 0.5899156
0.2556636 	 0.39234203
0.28892222 	 0.40242237
0.37828892 	 0.36362496
0.35896248 	 0.37705138
0.32802293 	 0.54538286
0.2926255 	 0.45855805
0.26604167 	 0.52191097
0.40973514 	 0.42135835
0.3112553 	 0.40616843
0.41643664 	 0.43206233
0.29155743 	 0.29488626
0.35637444 	 0.23784111
0.22878154 	 0.4504391
0.21475784 	 0.5696561
0.3454213 	 0.517732
0.30023804 	 0.29456398
0.34493577 	 0.36946774
0.2112018 	 0.32754776
0.28997645 	 0.3591062
0.32961437 	 0.42655164
0.34487805 	 0.41602415
0.4787013 	 0.31659707
0.44256088 	 0.40868622
0.32317495 	 0.30181366
0.36939925 	 0.657889
0.4260081 	 0.3107615
0.3943634 	 0.3205051
0.23540887 	 0.37484545
0.36644214 	 0.5336387
0.26679954 	 0.37810293
0.2574012 	 0.501101
0.28434986 	 0.30938515
0.38199702 	 0.40165788
0.3611407 	 0.34230408
0.32058257 	 0.51596355
0.28192198 	 0.26973876
0.32199237 	 0.3542994
0.2666888 	 0.34950915
0.25711265 	 0.35789487
0.19636275 	 0.26221085
0.17522615 	 0.51154494
0.22312416 	 0.42592317
0.25734475 	 0.24418262
0.3075982 	 0.36374912
0.21150473 	 0.24117368
0.2251679 	 0.4185548
0.17602609 	 0.5025459
0.18807603 	 0.37366262
0.17036787 	 0.37111518
0.13586482 	 0.3894806
0.17008887 	 0.20852616
0.16735695 	 0.25333694
0.15036361 	 0.23258366
0.14197913 	 0.3459054
0.21026416 	 0.24832126
0.22537883 	 0.5180695
0.14983137 	 0.2956308
0.17063491 	 0.2723567
0.18009669 	 0.2787341
0.15062648 	 0.54288197
0.10456706 	 0.41416258
0.12973134 	 0.5526323
0.09024192 	 0.38426432
0.08656689 	 0.3573702
0.12707967 	 0.35148767
0.13458821 	 0.1919877
0.08594223 	 0.3818105
0.15298915 	 0.31292394
0.08365354 	 0.34880272
0.1076859 	 0.37574956
0.055897336 	 0.26953927
0.10157626 	 0.4115232
0.105167374 	 0.24928558
0.119182244 	 0.39672053
0.07949219 	 0.35083428
0.09812219 	 0.377287
0.11693259 	 0.3625563
0.09981714 	 0.23278938
0.10936058 	 0.40733865
0.13383695 	 0.1819254
0.13867688 	 0.27203837
0.12527399 	 0.29999223
0.11701541 	 0.15631253
0.08687124 	 0.35601357
0.12610924 	 0.35032615
0.3279445 	 0.57902944
0.5596178 	 0.30979678
0.41126308 	 0.26127014
0.51252866 	 0.4956436
0.48395944 	 0.5837879
0.36890694 	 0.7145698
0.2999915 	 0.5165247
0.3380903 	 0.5436869
0.45701265 	 0.37342578
0.3787789 	 0.43213212
0.55300564 	 0.61620355
0.4238661 	 0.48889792
0.4329846 	 0.5684161
0.5191645 	 0.53374463
0.36956123 	 0.2990739
0.3585669 	 0.713653
0.34404546 	 0.4822096
0.33999333 	 0.4629162
0.47095117 	 0.31901255
0.49043036 	 0.6425428
0.46617842 	 0.48543745
0.5439053 	 0.3165802
0.34844118 	 0.5957264
0.40282035 	 0.3597203
0.5188654 	 0.50930196
0.50876546 	 0.16963339
0.7565092 	 0.38051686
0.44607508 	 0.49887776
0.59749633 	 0.4131328
0.5913193 	 0.39208546
0.6587755 	 0.4841612
0.38611716 	 0.2974928
0.5562356 	 0.37961426
0.608876 	 0.49608016
0.5733279 	 0.3661752
0.54723036 	 0.5730969
0.4342729 	 0.5821703
0.43329087 	 0.37390697
0.5923871 	 0.56267905
0.57729787 	 0.9352259
0.5894683 	 0.3117923
0.34216517 	 0.36824748
0.4499144 	 0.61112094
0.5690232 	 0.4443884
0.3479283 	 0.5796216
0.5688206 	 0.21343303
0.5415664 	 0.62679505
0.44551322 	 0.32449085
0.5784906 	 0.41100305
0.5629808 	 0.39738777
0.28794658 	 0.60443425
0.42722264 	 0.4010151
0.4333429 	 0.30832708
0.3335932 	 0.5664304
0.24631998 	 0.4479208
0.25547305 	 0.31081212
0.29033563 	 0.43511033
0.27279875 	 0.2494036
0.3557704 	 0.553111
0.6433944 	 0.63061
0.39996347 	 0.23044997
0.42375147 	 0.5484338
0.4286987 	 0.63213956
0.28429368 	 0.39133942
0.3780502 	 0.4817278
0.2976181 	 0.4420865
0.25191787 	 0.45365947
0.40155455 	 0.28760442
0.21710959 	 0.45051748
0.24718355 	 0.28575346
0.32190073 	 0.3548993
0.33008322 	 0.43558308
0.32594487 	 0.44839087
0.300851 	 0.27672383
0.2899904 	 0.35669607
0.28669146 	 0.48707578
0.32564998 	 0.58427215
0.4480182 	 0.49132985
0.6634741 	 0.6018523
0.48639384 	 0.45829448
0.59242505 	 0.6171203
0.4713596 	 0.38110992
0.58229214 	 0.42836025
0.539315 	 0.580028
0.34826446 	 0.38478473
0.33630407 	 0.3605532
0.2790897 	 0.41534266
0.19067848 	 0.48839122
0.42608532 	 0.4468214
0.40007266 	 0.49022713
0.28913167 	 0.42322174
0.41809347 	 0.3441489
0.42510667 	 0.3632006
0.48893154 	 0.35640746
0.3826657 	 0.33907261
0.34865633 	 0.3603443
0.45735365 	 0.466591
0.29802674 	 0.67776275
Summary
0.055897336  -  0.7565092 ,  0.12010342  -  0.9352259
accuracy:  77.3
equal predictions:  0
TensorFlow version: 1.13.1
Found 939 images belonging to 1 classes.
argN = 49
argN = 49
0.13645889 	 0.8333837
0.39144608 	 0.5432311
0.27621543 	 0.5283208
0.20557335 	 0.5080395
0.14957494 	 0.46674213
0.1499031 	 0.33564684
0.28572688 	 0.4559141
0.1952492 	 0.4762668
0.089780755 	 0.37674552
0.16058524 	 0.2652268
0.20673731 	 0.32634777
0.25630048 	 0.69888747
0.029921835 	 0.64981276
0.06363929 	 0.33284262
0.08240902 	 0.34619814
0.119731 	 0.32851073
0.13390449 	 0.3245926
0.21061154 	 0.4376766
0.12911732 	 0.3674146
0.22404763 	 0.6474515
0.22198862 	 0.7069672
0.2222524 	 0.208118
0.34029007 	 0.4272146
0.23113725 	 0.3498455
0.33116543 	 0.23237512
0.30346408 	 0.5457384
0.3486597 	 0.4714021
0.23089266 	 0.38715652
0.23839737 	 0.4450589
0.18081367 	 0.24864687
0.08651256 	 0.47172448
0.1425281 	 0.57906455
0.14794058 	 0.5685676
0.14876358 	 0.5223454
0.21310481 	 0.40604514
0.19472483 	 0.43673477
0.12107657 	 0.52355605
0.1013856 	 0.4346795
0.24350367 	 0.32609484
0.28281406 	 0.37927246
0.18437862 	 0.59571177
0.10725465 	 0.16905889
0.34541607 	 0.31852803
0.3178154 	 0.39216912
0.23804611 	 0.5938846
0.19311164 	 0.4337944
0.33929735 	 0.5142427
0.32739508 	 0.5830303
0.3129978 	 0.5328334
0.23139961 	 0.40792483
0.12765613 	 0.41309243
0.107063904 	 0.76462847
0.16112463 	 0.8123451
0.13245377 	 0.661948
0.23211248 	 0.46543387
0.39501968 	 0.31804228
0.2812152 	 0.65527457
0.1413944 	 0.63337684
0.24541833 	 0.37957427
0.3075554 	 0.46408182
0.37265596 	 0.3696128
0.20361556 	 0.5561234
0.3267336 	 0.3106109
0.06985998 	 0.3676384
0.04841635 	 0.404569
0.13212252 	 0.3809304
0.17884085 	 0.5426894
0.20857543 	 0.34014124
0.21583536 	 0.6178337
0.32371157 	 0.47168684
0.3422073 	 0.25747785
0.2955431 	 0.21761991
0.37624386 	 0.43331662
0.39332855 	 0.2743579
0.34272155 	 0.47829106
0.31912884 	 0.29653764
0.23143733 	 0.36250353
0.25135687 	 0.6248561
0.20795824 	 0.44025242
0.18089566 	 0.41567445
0.10591051 	 0.26570404
0.03970741 	 0.2314821
0.04400531 	 0.42360678
0.20547181 	 0.3662456
0.08946431 	 0.33372602
0.14312133 	 0.31080917
0.262691 	 0.39557397
0.14241318 	 0.2726042
0.24785377 	 0.31271434
0.21121845 	 0.48806712
0.16746709 	 0.6665636
0.15719247 	 0.8164769
0.10119452 	 0.49989375
0.13344045 	 0.59086096
0.07707951 	 0.51817405
0.15026392 	 0.33527514
0.10259018 	 0.69668597
0.097155415 	 0.35876945
0.10795359 	 0.278154
0.11792406 	 0.4401119
0.22157998 	 0.46511325
0.23885335 	 0.5228359
0.19180304 	 0.60569286
0.18658924 	 0.29294115
0.2345833 	 0.36536878
0.14316356 	 0.4387233
0.15913844 	 0.47885635
0.16330901 	 0.40712333
0.05132813 	 0.44339108
0.13870803 	 0.35802397
0.18460865 	 0.5270055
0.16577335 	 0.49949452
0.22187267 	 0.34599054
0.29474676 	 0.6854146
0.34197283 	 0.49630043
0.51084614 	 0.3780061
0.4521946 	 0.38948148
0.34866062 	 0.3461969
0.28542694 	 0.51459545
0.367772 	 0.45877492
0.37942818 	 0.24524882
0.25668034 	 0.4896024
0.33502138 	 0.46166202
0.2297023 	 0.6013527
0.24027832 	 0.30794194
0.325832 	 0.5947337
0.34578452 	 0.4124746
0.25410926 	 0.3128343
0.28809074 	 0.43902475
0.2738913 	 0.6242272
0.3480159 	 0.6782534
0.26287904 	 0.38574582
0.22670305 	 0.7402725
0.19089192 	 0.4704655
0.23736277 	 0.3681151
0.19112886 	 0.654435
0.2089469 	 0.5117108
0.18726137 	 0.41138396
0.26276284 	 0.57262903
0.21231072 	 0.34362936
0.18754339 	 0.46360648
0.201074 	 0.39395535
0.19980736 	 0.62345666
0.1800839 	 0.29823512
0.18044758 	 0.35278448
0.15238039 	 0.28767994
0.114123486 	 0.37623796
0.2615499 	 0.38902843
0.1850786 	 0.4017088
0.09279097 	 0.42046288
0.20433484 	 0.63633317
0.18096323 	 0.53289807
0.10263602 	 0.45318776
0.1222779 	 0.40643543
0.18881698 	 0.4018836
0.20225878 	 0.3951518
0.20505275 	 0.57268673
0.24930921 	 0.4449552
0.18484174 	 0.60629946
0.17955366 	 0.5079801
0.19800532 	 0.6266518
0.14803353 	 0.44422442
0.16360226 	 0.3360196
0.1684809 	 0.60644597
0.20412575 	 0.42585245
0.2123144 	 0.325897
0.119453296 	 0.44792593
0.100752085 	 0.5643492
0.10893991 	 0.6817279
0.14792441 	 0.47935498
0.22646096 	 0.5092155
0.29523396 	 0.52761155
0.24219652 	 0.34365305
0.1637438 	 0.27511233
0.19619839 	 0.54681927
0.17454104 	 0.4202363
0.17443645 	 0.42909646
0.31474933 	 0.52181965
0.17604806 	 0.29021013
0.2257914 	 0.5674317
0.21814346 	 0.41619766
0.16809314 	 0.5169423
0.14784673 	 0.25162014
0.1650075 	 0.40891972
0.19238456 	 0.30101383
0.14688618 	 0.3025542
0.15229765 	 0.27060762
0.14933574 	 0.32211235
0.066448584 	 0.4949632
0.35996372 	 0.29957402
0.25832564 	 0.30646265
0.25569975 	 0.47861943
0.49594977 	 0.37391764
0.1534173 	 0.6704352
0.15039374 	 0.6481482
0.14213248 	 0.34811848
0.08127833 	 1.5799826
0.061687417 	 0.6593479
0.20740017 	 0.7070782
0.3305231 	 0.7939197
0.3556649 	 0.4031901
0.1874633 	 0.36947703
0.10458843 	 0.42822415
0.1150354 	 0.2748279
0.1349415 	 0.6574273
0.19251814 	 0.77047503
0.14005813 	 0.5639614
0.041856132 	 0.67058
0.037647527 	 0.40880033
0.10735213 	 0.44696406
0.10568398 	 0.7823884
0.106940985 	 0.33634055
0.2299288 	 0.5979902
0.20543712 	 0.22828968
0.17993262 	 0.21985668
0.19263688 	 0.39358544
0.09898315 	 0.3728375
0.2431773 	 0.50066966
0.38154274 	 0.3857931
0.12969321 	 0.4777237
0.17617472 	 0.5189479
0.2962064 	 0.49818
0.31535327 	 0.51600283
0.29896057 	 0.74142224
0.2866363 	 0.5602538
0.3386639 	 0.44260466
0.33579078 	 0.3817059
0.110614896 	 0.27396712
0.16227904 	 0.79734266
0.165481 	 0.35228765
0.2201286 	 0.6014192
0.3387147 	 0.4136973
0.27763167 	 0.16815484
0.2358373 	 0.5469189
0.21044895 	 0.47100082
0.1911078 	 0.52499
0.15284447 	 0.8469806
0.16255495 	 0.42262363
0.14078581 	 0.9586447
0.15003937 	 0.34149182
0.11861144 	 0.43937042
0.16996594 	 0.57727575
0.07532038 	 0.37518576
0.11847944 	 0.41787755
0.10201999 	 0.4963822
0.13527773 	 0.36047378
0.19819453 	 0.2988584
0.21771246 	 0.4819653
0.23591012 	 0.41161647
0.18996353 	 0.47105944
0.3033988 	 0.37953326
0.26315042 	 0.5087328
0.30892354 	 0.39225787
0.34121722 	 0.3624912
0.20644483 	 0.57901394
0.3191346 	 0.459779
0.20863013 	 0.43377987
0.17252119 	 0.5650921
0.16978948 	 0.30497372
0.124066286 	 0.3255581
0.14492771 	 0.30066797
0.090369195 	 0.2757609
0.11421122 	 0.57343966
0.10102498 	 0.47128075
0.1709453 	 0.20685054
0.12669794 	 0.41260517
0.19801426 	 0.5245619
0.24664548 	 0.44434133
0.19036902 	 0.3052647
0.12790911 	 0.6684809
0.10412967 	 0.70820814
0.19624293 	 0.7831869
0.2939069 	 0.3900807
0.34095907 	 0.29421595
0.3288605 	 0.43064797
0.20879757 	 0.5792524
0.19274738 	 0.2802292
0.18621068 	 0.36416218
0.23514996 	 0.37661123
0.11515865 	 0.63582075
0.15564138 	 0.53972226
0.41125005 	 0.3166766
0.32110694 	 0.42257953
0.4110327 	 0.43957317
0.3428425 	 0.5916815
0.44698054 	 0.2652738
0.2875376 	 0.6072722
0.27187705 	 0.31758747
0.2674775 	 0.22673902
0.3041034 	 0.5436514
0.25828713 	 0.53909874
0.10063442 	 0.62775713
0.12948233 	 0.36493054
0.21210304 	 0.5113418
0.17052802 	 0.6212241
0.272973 	 0.5188659
0.23850457 	 0.3037908
0.31714693 	 0.3182204
0.18924536 	 0.533057
0.3134422 	 0.18119454
0.30672473 	 0.33881053
0.33963808 	 0.5610424
0.28366518 	 0.29977766
0.23766822 	 0.4715855
0.42585078 	 0.44946676
0.36437976 	 0.39744765
0.4593396 	 0.51467997
0.2846505 	 0.27986366
0.43987778 	 0.3721387
0.26823974 	 0.41608778
0.38185406 	 0.30380195
0.3017025 	 0.47040588
0.22311 	 0.6900612
Summary
0.029921835  -  0.51084614 ,  0.16815484  -  1.5799826
accuracy:  92.0
equal predictions:  0
TensorFlow version: 1.13.1
Found 939 images belonging to 1 classes.
argN = 49
argN = 49
0.32037768 	 0.30919993
0.21019341 	 0.43689567
0.2901608 	 0.33806756
0.502451 	 0.5175314
0.30871332 	 0.7489798
0.34252343 	 0.6011491
0.4462996 	 0.33816585
0.113342114 	 0.49127063
0.16271204 	 0.64996684
0.2459949 	 0.4803124
0.176529 	 0.27147084
0.15878306 	 0.37338507
0.30939573 	 0.41440836
0.25239745 	 0.53755236
0.26036587 	 0.48318
0.5231219 	 0.5476876
0.28677252 	 0.43147212
0.2501488 	 0.5132159
0.2605176 	 0.564158
0.18603168 	 0.6217643
0.26884928 	 0.44217098
0.30075172 	 0.5065873
0.17980811 	 0.29976222
0.42613515 	 0.6023782
0.39227852 	 0.8317467
0.42986447 	 0.94947714
0.31992286 	 0.8594495
0.47293648 	 0.61896974
0.47304073 	 0.43671006
0.42626697 	 0.53989327
0.30147994 	 0.6318876
0.14907335 	 0.39352748
0.23950674 	 0.30623448
0.30380455 	 0.57956296
0.44795418 	 0.6172971
0.1937269 	 0.432327
0.22417165 	 0.50226957
0.33909243 	 0.50401586
0.4185876 	 0.5127155
0.36728844 	 0.5678346
0.31925038 	 0.3471242
0.19909038 	 0.6008745
0.18106209 	 0.30574542
0.15867269 	 0.31405652
0.25393915 	 0.487784
0.30435777 	 0.24408652
0.401062 	 0.6004431
0.28634003 	 0.44069585
0.31325686 	 0.41585854
0.27141836 	 0.56956726
0.13132852 	 0.8237003
0.21333955 	 0.5854849
0.13333489 	 0.4774675
0.36407983 	 0.633517
0.24495958 	 0.71688056
0.3228321 	 0.7909923
0.27394015 	 0.40917715
0.32410982 	 0.5635989
0.3297367 	 0.6664467
0.3269093 	 0.65466255
0.05532568 	 0.83338916
0.10761514 	 0.46766442
0.09647382 	 0.737189
0.09382234 	 0.8048377
0.13013548 	 0.44788814
0.450158 	 0.6989575
0.095843926 	 0.73106104
0.32108837 	 0.6586836
0.26490203 	 0.67432994
0.15859851 	 0.77659583
0.1848297 	 0.7435619
0.26001182 	 0.37140444
0.24738947 	 0.7532085
0.39426455 	 0.47637248
0.1430258 	 0.5019298
0.23691647 	 0.35723966
0.3108055 	 0.32183313
0.15790181 	 0.7190481
0.26565632 	 0.4813884
0.24130417 	 0.38969758
0.3141386 	 0.47430882
0.28044656 	 0.64383346
0.24243242 	 0.56736577
0.37137178 	 0.2505009
0.20493239 	 0.6627995
0.1493866 	 0.5549262
0.093246914 	 0.92107236
0.14650097 	 0.5291977
0.33305335 	 0.49396813
0.42370692 	 0.6714513
0.4021516 	 0.45439023
0.34241268 	 0.47074768
0.25373876 	 0.6603772
0.17965458 	 0.3982216
0.19675562 	 0.6319683
0.18808013 	 0.40636975
0.1729814 	 0.42569688
0.10489507 	 0.39236367
0.17144313 	 0.643388
0.18992771 	 0.39940417
0.10122988 	 0.44226947
0.1982473 	 0.21708176
0.15186046 	 0.5674496
0.12363931 	 0.63655305
0.11390297 	 1.023396
0.15083791 	 0.48508316
0.16376135 	 0.553386
0.21562341 	 0.79051787
0.14697394 	 0.405611
0.2626986 	 0.4608249
0.25502002 	 0.26204613
0.3129448 	 0.52947617
0.3228393 	 0.27103359
0.46361434 	 0.37524405
0.46370533 	 0.37551942
0.48089176 	 0.36547828
0.49586004 	 0.43208548
0.48836392 	 0.39903802
0.38752985 	 0.46169087
0.5241476 	 0.54113495
0.4297309 	 0.50800896
0.32116216 	 0.6120708
0.27785057 	 0.33402896
0.31398314 	 0.6082212
0.32849774 	 0.53961307
0.29354414 	 0.57293785
0.2804239 	 0.44574106
0.38909245 	 0.4853259
0.28278765 	 0.53809917
0.2458327 	 0.4843777
0.20069781 	 0.533456
0.22897689 	 0.4215941
0.19712003 	 0.4930447
0.1743618 	 0.5002554
0.20389141 	 0.42463183
0.17764333 	 0.607139
0.14672425 	 0.6551203
0.19222555 	 0.4527909
0.17013876 	 0.31376028
0.1632227 	 0.51785266
0.16017197 	 0.8191303
0.19422954 	 0.34187055
0.17656876 	 0.39848083
0.2235426 	 0.35558972
0.3275671 	 0.45530495
0.24207358 	 0.44983888
0.278812 	 0.5540108
0.23262307 	 0.38382587
0.23674607 	 0.5393115
0.33080253 	 0.3959819
0.1635722 	 0.81107515
0.18465453 	 0.48812285
0.11108796 	 0.5714859
0.14350635 	 0.37666795
0.11890241 	 0.41140625
0.10855143 	 0.5258043
0.14270553 	 0.32269943
0.11099725 	 0.2878147
0.1796307 	 0.2706706
0.21045762 	 0.38836297
0.18241714 	 0.30389032
0.18774135 	 0.33484674
0.15721339 	 0.4106214
0.149403 	 0.49252546
0.16033073 	 0.6345998
0.14957625 	 0.57838297
0.1238153 	 0.5787921
0.1548232 	 0.37600023
0.1502845 	 0.41001227
0.17945002 	 0.44243914
0.13941553 	 0.34266162
0.17641708 	 0.50287
0.18705884 	 0.5975377
0.154822 	 0.3429557
0.08713309 	 0.568514
0.13319337 	 0.670069
0.14603789 	 0.5899349
0.19212918 	 0.3538688
0.2664782 	 0.41158617
0.18253489 	 0.431038
0.17505331 	 0.33331934
0.20861861 	 0.44776642
0.16700117 	 0.2894399
0.17481135 	 0.3886809
0.2114783 	 0.47195703
0.26713216 	 0.5103627
0.31216803 	 0.34209216
0.18482682 	 0.49903485
0.2217293 	 0.6335404
0.16760375 	 0.5287639
0.17955722 	 0.36335868
0.15644084 	 0.6769199
0.1301585 	 0.58564425
0.22139731 	 0.5393303
0.32694575 	 0.31202853
0.34088397 	 0.4242767
0.2718026 	 0.8466003
0.26399013 	 0.7323351
0.27750367 	 0.61863285
0.24611588 	 0.8298636
0.27318555 	 0.4155302
0.29154116 	 0.8498198
0.25895733 	 0.2664398
0.356252 	 0.6659844
0.35103273 	 0.33708915
0.21121529 	 0.66847485
0.25172243 	 0.72822404
0.20677805 	 0.82544416
0.09799681 	 1.3461995
0.094256744 	 1.1743982
0.14444436 	 0.6265566
0.10469511 	 0.66888195
0.268043 	 0.7878857
0.23679206 	 1.0907501
0.24770829 	 1.4683821
0.21506436 	 0.83901894
0.12972823 	 0.9472597
0.17506367 	 0.6180453
0.19280419 	 0.60295767
0.118086435 	 0.6762915
0.21049514 	 0.76418465
0.20945013 	 0.22130203
0.25692484 	 0.6813688
0.23084243 	 0.6538592
0.18103194 	 1.0556858
0.17903095 	 0.67426676
0.19608048 	 0.42006364
0.12495212 	 0.7304767
0.15295684 	 0.81628543
0.32228792 	 0.54165643
0.2490291 	 0.642443
0.4062698 	 0.39000005
0.40806538 	 0.47980684
0.42677987 	 0.3559706
0.42579147 	 0.6289057
0.24283977 	 0.60034674
0.23948477 	 0.680899
0.15033722 	 0.8049454
0.15261684 	 0.6985251
0.15314683 	 0.90002275
0.25671524 	 0.5785153
0.15166289 	 0.58644223
0.05600349 	 0.34987348
0.09234066 	 0.8229144
0.018198272 	 0.8092815
0.09074786 	 0.9205531
0.04425922 	 0.46574378
0.039904714 	 1.2414863
0.13909319 	 1.3484877
0.15411903 	 0.5894011
0.08582876 	 0.67905587
0.09210202 	 1.2656157
0.17460996 	 0.74227405
0.16727197 	 0.5576954
0.14009666 	 1.3259658
0.14389901 	 0.6303045
0.1267087 	 0.6843718
0.108710036 	 0.5468749
0.23728955 	 0.45986906
0.28959826 	 0.42944238
0.22659785 	 0.732015
0.28194204 	 0.5857662
0.19284901 	 0.35514456
0.2042441 	 0.680664
0.27023846 	 0.7307799
0.24454327 	 0.79134893
0.19703336 	 0.74668133
0.2280702 	 1.1110526
0.17685433 	 0.5500016
0.1970195 	 0.7068711
0.28010544 	 0.48440054
0.17800376 	 0.46838674
0.2015598 	 0.5048772
0.20572937 	 0.5202402
0.14799586 	 0.6386836
0.20244902 	 0.52398264
0.21228014 	 0.51077294
0.16842017 	 1.1552846
0.1851261 	 0.71243274
0.24330279 	 0.50295395
0.27413237 	 0.524444
0.23348051 	 0.5466813
0.20516156 	 0.678976
0.24185129 	 0.569797
0.22529146 	 0.6935598
0.25241756 	 0.71648484
0.39460889 	 0.48427013
0.34783745 	 0.7227821
0.3938926 	 0.35387856
0.26169157 	 0.5579993
0.33953983 	 0.49919498
0.25798875 	 0.28222108
0.44945985 	 0.22960217
0.16165158 	 0.38676578
0.18270776 	 0.42529926
0.36215246 	 0.50639004
0.29561904 	 0.6310701
0.33591336 	 0.44817865
0.4417219 	 0.5681238
0.20304728 	 1.1736697
0.2655198 	 0.7323149
0.27922106 	 0.64720225
0.3402502 	 0.50167626
0.32384676 	 0.33825338
0.4596093 	 0.6574173
0.5678802 	 0.71047974
0.4296034 	 0.5314066
0.24180141 	 0.4360144
0.19349946 	 0.5281635
0.16691877 	 0.68130183
0.42559278 	 0.41407564
0.2729737 	 0.38326207
0.24423741 	 0.565858
Summary
0.018198272  -  0.5678802 ,  0.21708176  -  1.4683821
accuracy:  94.2
equal predictions:  0
TensorFlow version: 1.13.1
Found 939 images belonging to 1 classes.
argN = 49
argN = 49
0.39868486 	 0.526126
0.19185424 	 0.53352755
0.080939874 	 0.26587975
0.06349346 	 0.17841755
0.2688583 	 0.2791613
0.22899854 	 0.38456056
0.24969429 	 0.26052502
0.40756217 	 0.21207947
0.27430376 	 0.26820514
0.2220015 	 0.23232076
0.37096003 	 0.25495005
0.2646816 	 0.3369161
0.27960142 	 0.36858177
0.19690809 	 0.42805448
0.3629561 	 0.3387008
0.34548488 	 0.28329155
0.093471624 	 0.2677771
0.039097887 	 0.20868492
0.0667268 	 0.3514162
0.072266616 	 0.15800616
0.110182576 	 0.29507288
0.1465695 	 0.32305244
0.13035092 	 0.4710938
0.1979084 	 0.34047648
0.12600031 	 0.20406099
0.14499372 	 0.40948197
0.112318166 	 0.25709486
0.08007564 	 0.29676795
0.19185835 	 0.3104744
0.35237116 	 0.47020382
0.2613048 	 0.47207552
0.13770355 	 0.29601502
0.44128552 	 0.44430324
0.1878624 	 0.2978855
0.16177924 	 0.32681698
0.4408319 	 0.6731162
0.30012715 	 0.34212437
0.2544723 	 0.4650736
0.37461847 	 0.50602376
0.15849751 	 0.28260222
0.10799735 	 0.26662496
0.18133566 	 0.30696177
0.27280822 	 0.36856875
0.15262122 	 0.44397053
0.17604968 	 0.53128815
0.28127977 	 0.6073788
0.2821185 	 0.40849644
0.37193793 	 0.48138946
0.19226354 	 0.2986261
0.20276465 	 0.4084969
0.25163502 	 0.50337785
0.17144808 	 0.24782895
0.15236977 	 0.38252205
0.12952507 	 0.31719983
0.14602487 	 0.39391893
0.11476734 	 0.3954058
0.11685897 	 0.381289
0.27202788 	 0.40887982
0.14646868 	 0.5286296
0.16085668 	 0.50566477
0.1482306 	 0.53870577
0.17198779 	 0.15168536
0.17799628 	 0.30000034
0.23543595 	 0.23639244
0.4452696 	 0.28888157
0.53762203 	 0.49970257
0.30798784 	 0.46871147
0.248223 	 0.36630872
0.28158763 	 0.5606485
0.29136845 	 0.68291444
0.24903056 	 0.3643597
0.23640007 	 0.63244236
0.3694736 	 0.30878687
0.31614625 	 0.5179535
0.14699507 	 0.5147001
0.16697934 	 0.52448094
0.17560653 	 0.4004778
0.11421589 	 0.35974172
0.06676637 	 0.37487805
0.24463493 	 0.3779887
0.13916169 	 0.3384439
0.1663062 	 0.2951065
0.27389726 	 0.35062104
0.29027936 	 0.28822288
0.33910534 	 0.40548384
0.32939652 	 0.3785237
0.41057637 	 0.5265592
0.26692936 	 0.37017295
0.2900562 	 0.3792937
0.30064148 	 0.36098087
0.28531525 	 0.34639746
0.21237071 	 0.37759343
0.108926415 	 0.30794534
0.17144921 	 0.25512442
0.19464822 	 0.31489885
0.20490687 	 0.32622227
0.1588099 	 0.29197797
0.07083699 	 0.389403
0.09264259 	 0.31527156
0.40043786 	 0.4565641
0.2902937 	 0.34784287
0.35036457 	 0.4025607
0.35921708 	 0.4602632
0.26249582 	 0.26266384
0.3308767 	 0.44756123
0.28227904 	 0.55183715
0.3043408 	 0.3168371
0.24553725 	 0.29275295
0.2896422 	 0.39169616
0.1790783 	 0.40554976
0.22377563 	 0.41018885
0.335625 	 0.36777306
0.303127 	 0.52034664
0.30591512 	 0.4059192
0.404667 	 0.3570393
0.32420775 	 0.5571719
0.33697996 	 0.5802218
0.3951463 	 0.28702512
0.34649673 	 0.47605234
0.34805304 	 0.38544494
0.2897423 	 0.57993954
0.27949855 	 0.2991432
0.30246314 	 0.4232068
0.3135478 	 0.49469748
0.29787225 	 0.391754
0.31721118 	 0.46605265
0.23871759 	 0.3799583
0.21518596 	 0.38037455
0.340079 	 0.36326942
0.34620094 	 0.6114251
0.3189102 	 0.38509473
0.27212983 	 0.36949775
0.30733687 	 0.3285199
0.30489278 	 0.67772764
0.2718278 	 0.50769866
0.28531736 	 0.46223342
0.28398666 	 0.40434703
0.2289003 	 0.32857713
0.2148737 	 0.22662185
0.2266146 	 0.26555943
0.2522649 	 0.23184347
0.28429013 	 0.47314298
0.27410102 	 0.28974295
0.28504142 	 0.39845517
0.29087728 	 0.19884536
0.2880505 	 0.21754211
0.3431809 	 0.3387208
0.32950348 	 0.42996597
0.36693883 	 0.20633464
0.30975518 	 0.26804948
0.29381093 	 0.3999784
0.3183233 	 0.22653303
0.19674219 	 0.4191464
0.24753666 	 0.3995174
0.1610362 	 0.3749991
0.2220853 	 0.3138979
0.17687005 	 0.3407251
0.10106283 	 0.2436223
0.13459115 	 0.37620583
0.12610322 	 0.3356983
0.16442434 	 0.47838914
0.27467084 	 0.41012168
0.20449784 	 0.49261424
0.17476662 	 0.32957774
0.15786955 	 0.37733403
0.19076034 	 0.35111207
0.11215732 	 0.18306772
0.16627754 	 0.2781762
0.17589432 	 0.351322
0.211523 	 0.5293185
0.21367738 	 0.3670475
0.27463576 	 0.41767958
0.30960098 	 0.14197062
0.21094446 	 0.27912563
0.18219449 	 0.26494196
0.2231781 	 0.5055843
0.18483615 	 0.32972062
0.2286427 	 0.55905515
0.18128271 	 0.35281798
0.1902489 	 0.24435689
0.095399976 	 0.5226479
0.18396838 	 0.36238304
0.16393147 	 0.50148845
0.18861751 	 0.3162964
0.20673709 	 0.43563598
0.18414356 	 0.37514004
0.083780244 	 0.27821627
0.07708305 	 0.35505706
0.0890082 	 0.29382724
0.09142922 	 0.52999127
0.06828923 	 0.3560607
0.070557244 	 0.48493823
0.07248071 	 0.45182696
0.04352999 	 0.3390804
0.04599153 	 0.3692894
0.043743618 	 0.29921073
0.07347221 	 0.38933128
0.057026107 	 0.35463312
0.08379982 	 0.25819412
0.3246815 	 0.7101925
0.38784376 	 0.65518206
0.46355844 	 0.67639077
0.40092638 	 0.41231418
0.36371893 	 0.4290084
0.5128654 	 0.6163856
0.29934034 	 0.7912616
0.282823 	 0.38302565
0.44902906 	 0.67212737
0.3708607 	 0.5536714
0.36295852 	 0.62132794
0.31883478 	 0.66433346
0.43189725 	 0.56902874
0.5237892 	 0.2911649
0.5801212 	 0.7666465
0.34578022 	 0.5953603
0.3763866 	 0.4636534
0.33026415 	 0.3514781
0.3489645 	 0.4455106
0.23116653 	 0.4599289
0.20894572 	 0.49065182
0.18567087 	 0.58184123
0.256465 	 0.31088465
0.2505649 	 0.24633928
0.26497015 	 0.28582025
0.327548 	 0.50828546
0.35633075 	 0.6337482
0.4733736 	 0.5522964
0.589683 	 0.6139248
0.42610466 	 0.4663405
0.35506302 	 0.5166517
0.35892323 	 0.34993845
0.40856513 	 0.5856046
0.34332836 	 0.5068002
0.40786746 	 0.41552135
0.3360845 	 0.30659747
0.2847802 	 0.41082442
0.23988275 	 0.37534833
0.31475636 	 0.2540435
0.43484256 	 0.24571747
0.57696694 	 0.39871585
0.39944533 	 0.338714
0.43849215 	 0.3517254
0.52692586 	 0.31417
0.44154483 	 0.480336
0.39202574 	 0.44709957
0.31087196 	 0.43026233
0.30824772 	 0.44200543
0.32666567 	 0.49730146
0.5744746 	 0.45776847
0.49555808 	 0.7928956
0.3418287 	 0.4566662
0.27922413 	 0.5483934
0.36538234 	 0.39803088
0.26181656 	 0.3183982
0.2849585 	 0.25905326
0.35622913 	 0.5310963
0.3436855 	 0.4572549
0.32204443 	 0.46019292
0.30395582 	 0.39184263
0.38823912 	 0.66416574
0.26568446 	 0.48911446
0.40520746 	 0.37317178
0.37562242 	 0.42903292
0.25441286 	 0.46276736
0.20913474 	 0.44416168
0.2399505 	 0.50627905
0.24845505 	 0.30686203
0.3260486 	 0.51260906
0.3203844 	 0.39248288
0.31713614 	 0.6291483
0.17686515 	 0.4370983
0.19249126 	 0.27778542
0.2492992 	 0.40198714
0.30741435 	 0.3768098
0.32734513 	 0.48307517
0.35533 	 0.54721785
0.42215523 	 0.8712399
0.2868301 	 0.27260727
0.2889215 	 0.44114095
0.33901757 	 0.4053013
0.29719743 	 0.33337057
0.30403605 	 0.3833992
0.3379734 	 0.42588675
0.3352008 	 0.275544
0.3791317 	 0.39935938
0.38169184 	 0.47311804
0.30622727 	 0.38026166
0.3141448 	 0.3340974
0.2776285 	 0.30510762
0.3119317 	 0.5158134
0.27890658 	 0.54304653
0.3378471 	 0.31019855
0.1579591 	 0.24026081
0.1544843 	 0.4151165
0.3072995 	 0.3076659
0.20508766 	 0.6393457
0.2959599 	 0.51333183
0.2435677 	 0.29629937
0.3529532 	 0.52846366
0.32242712 	 0.5841128
0.26454446 	 0.38378564
0.21057895 	 0.55567026
0.26276618 	 0.40173268
0.26047498 	 0.29673955
0.35304958 	 0.36235502
0.47157452 	 0.27546227
0.25703812 	 0.23806623
0.20692341 	 0.19256265
0.47698835 	 0.31776705
0.41499427 	 0.41351613
0.40125057 	 0.29510298
0.46396142 	 0.37099856
0.38838696 	 0.471371
Summary
0.039097887  -  0.589683 ,  0.14197062  -  0.8712399
accuracy:  86.3
equal predictions:  0
