TensorFlow version: 1.13.1
Found 939 images belonging to 1 classes.
argN = 49
argN = 49
0.62527025 	 3.197718
0.65420896 	 1.6628957
0.4477822 	 0.6252307
0.17045741 	 2.063977
0.24803135 	 3.7078543
0.227971 	 3.6992316
0.31579897 	 2.9520197
0.1559383 	 2.7282526
0.27442524 	 2.1541405
0.06450184 	 3.2690146
0.2772643 	 1.9744043
0.28208855 	 2.3091085
0.41730034 	 2.940177
0.56547916 	 0.6371471
0.33788538 	 1.8301536
0.39020148 	 1.4237927
0.45910043 	 0.5925215
0.27820146 	 1.6313139
0.661101 	 2.2139878
0.5176066 	 2.3176208
0.11755265 	 1.9626013
0.10547936 	 3.1995373
0.15314057 	 2.615089
0.14138398 	 1.3119544
0.04131419 	 1.5604274
0.095415324 	 1.8802916
0.24780054 	 1.1450166
0.29723522 	 4.4534
0.36625445 	 2.6359346
0.3641402 	 1.6211535
0.35087526 	 1.1790287
0.3757729 	 0.9338794
0.60818917 	 1.5265862
0.79582274 	 2.331659
0.62750626 	 2.0062788
0.3746788 	 1.4247432
0.16304392 	 5.0922446
0.48553297 	 3.338981
0.5378689 	 2.8057702
0.16581634 	 1.4774294
0.5176635 	 3.5065732
0.28195572 	 1.914494
0.5415349 	 1.1077417
0.4353896 	 0.7949745
0.5629758 	 4.2608747
0.5035487 	 4.903626
0.2955431 	 2.20332
0.115004234 	 2.1542253
0.23695242 	 1.365751
0.24378939 	 1.0157285
0.3046458 	 1.7805663
0.1489628 	 1.5661292
0.04188224 	 2.9398725
0.029471949 	 2.616567
0.017382322 	 3.535141
0.044284202 	 1.8860681
0.04345323 	 2.6141703
0.01448915 	 2.1325412
0.032031517 	 2.4497585
0.22836855 	 1.9895949
0.27929977 	 1.5001737
0.18711454 	 2.3685873
0.3241508 	 1.3711294
0.093559064 	 2.0670693
0.1358132 	 2.0468974
0.10370761 	 1.6680413
0.061438676 	 1.5785885
0.016814921 	 1.3431354
0.021615464 	 1.6105368
0.0010829469 	 1.1680218
0.022065667 	 2.2445772
0.046342712 	 3.3492851
0.13201429 	 2.5480814
0.05260704 	 2.596121
0.2970153 	 1.0511029
0.25176874 	 2.2734432
0.061351024 	 1.4038893
0.09840699 	 2.9679306
0.07890553 	 5.383468
0.33046803 	 1.4922103
0.2774346 	 0.9862543
0.24498798 	 3.0070024
0.28790167 	 1.9396569
0.23078236 	 1.7034452
0.40046892 	 1.3978816
0.35178208 	 1.4513104
0.23120183 	 1.4188238
0.271781 	 2.3506353
0.24382247 	 0.9780752
0.13506758 	 2.507664
0.043959342 	 2.8148434
0.20657247 	 2.6305685
0.09255347 	 2.3045819
0.19725491 	 1.4696612
0.06423746 	 3.0872338
0.08894168 	 3.9446573
0.0006417307 	 1.8439306
0.007174177 	 1.2086699
0.036679395 	 2.3981495
0.006373467 	 1.7318034
0.012540805 	 2.624188
0.002169756 	 2.8019848
0.0030699957 	 2.589539
0.0013547175 	 3.045942
0.03500399 	 2.664974
0.004510187 	 2.666714
0.03866616 	 0.940977
0.02246365 	 0.9321155
0.0104746325 	 0.75425786
0.0063870237 	 1.7385927
0.0038642348 	 2.3018308
0.0038883486 	 1.444818
0.0027656618 	 1.7107433
0.00048655184 	 3.043752
0.0008751406 	 2.125655
0.00026301027 	 1.6228873
0.0009031797 	 1.8165345
0.0020858927 	 1.6788534
0.0051582344 	 1.0910825
0.0045161145 	 3.605741
3.0875683e-05 	 2.3204863
7.516428e-05 	 1.649807
0.004647907 	 1.3772213
0.00040151787 	 2.1694555
0.0017680649 	 3.201653
0.00077319227 	 1.087993
0.00797619 	 2.4299831
0.016764915 	 2.6581573
0.032762814 	 2.1805003
0.0022502807 	 3.0154204
0.018295456 	 2.8337164
0.022975955 	 1.7931595
0.014199035 	 1.9871067
0.004376138 	 1.5938162
0.07455871 	 1.4035846
0.025961904 	 2.9547005
0.021455169 	 2.0177069
0.009331836 	 0.89566493
0.0016860266 	 1.8787751
0.02646395 	 1.4464855
0.027171463 	 1.5860946
0.01029889 	 2.0455122
0.0016578462 	 2.2523904
0.015088391 	 2.1796944
0.004265332 	 2.1059976
0.0014500397 	 2.6028666
0.0021664705 	 1.9877164
0.0034991857 	 1.2544041
0.0014521886 	 2.6718383
0.0016700855 	 4.0080137
0.0006476353 	 1.7292382
1.8418004e-05 	 2.4035647
0.006215117 	 1.5370623
0.00031798173 	 2.3922026
0.00084781816 	 2.3440213
0.006679681 	 1.4835424
0.032261044 	 1.6040767
0.018219274 	 2.5759792
0.026584037 	 1.53183
0.019935414 	 2.1120536
0.0073858188 	 0.69498
0.02444317 	 1.7804892
0.012269659 	 2.4621873
0.00022998116 	 1.8080752
0.0001651781 	 2.8467624
0.019509507 	 3.294209
0.035194747 	 2.4205353
0.035299648 	 2.6968482
0.02161863 	 0.98034537
0.059741683 	 1.9913963
0.05087635 	 1.1189729
0.023819193 	 1.2129828
0.0265721 	 2.0048
0.041399106 	 1.5458072
0.02083354 	 3.408496
0.03129553 	 2.1645107
0.042838626 	 0.92792296
0.0010687457 	 0.95045084
0.019527864 	 2.6648927
0.0020372148 	 2.2608232
0.02495802 	 2.434825
0.015709303 	 2.5420094
0.0019270857 	 2.5185316
0.002060568 	 2.1238499
0.017155334 	 1.8292851
0.0036879152 	 1.7117738
0.0021638423 	 1.7240056
0.0074618408 	 2.4910882
0.01052047 	 1.1096705
0.0020757387 	 2.5747569
0.011618616 	 2.8284817
0.00034397797 	 1.926886
0.0015687128 	 0.5919476
0.00023045811 	 0.86893535
0.0007857786 	 2.1221604
0.0007724168 	 3.0248249
0.019432565 	 2.883062
0.0013944688 	 1.8523812
0.0020323172 	 2.861486
0.0024005952 	 1.6031632
0.011664084 	 1.4744135
0.0013672515 	 2.4592342
0.1224009 	 2.320292
0.09853853 	 2.248866
0.019616606 	 2.0622506
0.077794716 	 2.2485266
0.019154621 	 1.0860963
0.020454092 	 2.2262404
0.023518365 	 3.1692803
6.0796924e-06 	 1.8299295
7.987054e-06 	 1.8470393
4.8638572e-05 	 3.7402105
0.033040807 	 3.3128328
0.0105155315 	 1.8464507
0.023911003 	 3.9568632
0.0031898776 	 1.7193323
0.010797711 	 1.7605486
0.0035932767 	 2.1803946
0.023137897 	 2.1478639
0.05233825 	 1.0456605
0.002260735 	 2.2511928
0.0055427095 	 1.6595061
1.5497328e-05 	 3.7950048
0.0002822082 	 2.49838
0.018600121 	 1.5483998
0.005199156 	 1.0521463
0.02592618 	 2.5449762
0.00018812995 	 0.5662853
0.00024905923 	 5.1308227
0.00052638794 	 1.7324843
0.026731443 	 2.2981822
0.25565666 	 2.1348217
0.021012545 	 2.7546632
3.248506e-05 	 1.656249
2.9623947e-05 	 2.734675
0.011248254 	 1.9762924
0.087662905 	 1.0763566
0.039899997 	 2.0553524
0.042383697 	 3.4085517
0.04209122 	 1.5693388
0.10389627 	 2.9261072
0.045364257 	 1.6312956
0.060265664 	 1.7268698
5.149974e-05 	 1.5394958
0.0007984845 	 1.4882375
0.0010973869 	 2.6771128
3.457129e-05 	 3.4595776
0.012096074 	 0.7342424
0.019384433 	 1.4396263
0.0021989662 	 1.2267638
0.0002523979 	 3.9874449
0.03712344 	 2.4156828
0.0010540674 	 2.4844222
0.01457412 	 1.642546
0.003656388 	 2.8526857
0.005896454 	 3.370469
0.044613842 	 1.4446328
0.041874096 	 1.1337334
0.075331755 	 2.120588
0.14777072 	 1.5288239
0.20348872 	 2.1216822
0.13782251 	 3.073121
0.08727954 	 0.84636295
0.049849782 	 2.4368896
0.1358961 	 4.4023757
0.08156039 	 3.0505943
0.1030193 	 1.942907
0.10142426 	 2.2990358
0.14323117 	 2.4721005
0.11046677 	 2.034566
0.062451135 	 1.449131
0.034618698 	 2.458666
0.041071706 	 2.1293247
0.009544718 	 2.156337
0.026855787 	 3.6926622
0.009457466 	 3.996607
0.00018532801 	 3.4153876
0.010981194 	 2.2620573
0.13273491 	 2.7550511
0.15367694 	 2.350381
0.13311581 	 0.94016397
0.1735746 	 1.9736421
0.2762353 	 1.1252761
0.20805775 	 0.8942831
0.36879954 	 0.9935342
0.20355162 	 0.70885557
0.2272037 	 1.4234104
0.15808372 	 1.3454393
0.19694634 	 1.4795855
0.33138832 	 0.9808297
0.29280648 	 0.5579363
0.30922663 	 0.9648189
0.23438051 	 2.2519267
0.088004164 	 2.268648
0.07480662 	 2.6343842
0.13091221 	 2.2457871
0.068657905 	 1.5920438
0.066280745 	 2.9752548
0.004866142 	 3.6174972
0.011806894 	 2.7413623
0.017139327 	 3.0690823
0.04640733 	 1.7717682
0.031112954 	 1.6937523
0.09666991 	 3.3350031
0.08256282 	 1.5418334
0.054298125 	 2.0332491
0.05785909 	 2.1434467
0.057538 	 2.2636125
0.028409712 	 1.9276788
0.046152186 	 1.267931
0.017748835 	 2.5742733
0.03279398 	 1.4531934
0.046081655 	 1.131932
Summary
6.0796924e-06  -  0.79582274 ,  0.5579363  -  5.383468
accuracy:  100.0
equal predictions:  0
TensorFlow version: 1.13.1
Found 939 images belonging to 1 classes.
argN = 49
argN = 49
0.4480253 	 2.4652686
0.3048451 	 1.7077404
0.27203572 	 1.8064665
0.53760135 	 1.2546612
0.32247716 	 3.0482686
0.22590196 	 1.5588591
0.08621949 	 2.7731194
0.18175355 	 2.3763673
0.28718907 	 2.3249989
0.19466175 	 2.9678855
0.091740996 	 1.9599499
0.06365867 	 2.2615633
0.20918404 	 1.9453893
0.19309667 	 1.2092426
0.13971084 	 2.6950285
0.61899054 	 2.7621021
0.57375014 	 1.6731805
0.50982404 	 1.2168223
0.33303097 	 1.1064358
0.3830851 	 3.2266529
0.20161434 	 1.453257
0.27166298 	 1.2506012
0.30645746 	 2.3985226
0.13158758 	 2.2788837
0.06519531 	 2.1349094
0.052975446 	 3.540629
0.0021039909 	 2.7650898
0.001493257 	 2.1099074
0.06959227 	 2.2085366
0.24304283 	 0.4400162
0.46669346 	 1.4721404
0.15312675 	 1.8565613
0.13214572 	 0.47143105
0.061277382 	 2.492099
0.17178994 	 6.418338
0.5044913 	 2.462112
0.4918786 	 3.1454961
0.35528305 	 3.939461
0.22553267 	 0.7216563
0.15549535 	 1.7679085
0.061620787 	 2.067567
0.04262967 	 2.3272245
0.028225701 	 4.2253532
0.06351105 	 3.2921064
0.00022467514 	 1.9517528
0.3477595 	 1.9331657
0.42282376 	 3.1241927
0.2983618 	 0.8930648
0.18027554 	 2.0134282
0.06698425 	 2.674379
0.20050243 	 2.5318213
0.14982748 	 1.2021716
0.37670034 	 0.98628145
0.36876637 	 0.9145224
0.3263808 	 0.98919433
0.19154255 	 1.1930469
0.08752263 	 2.4011543
0.03281603 	 2.7095401
0.0006139971 	 2.9669805
0.052274566 	 1.7324857
0.0566118 	 1.8670036
0.14500247 	 1.5067574
0.35196283 	 1.8077012
0.34852532 	 1.6316715
0.17365877 	 4.0449805
0.09679184 	 3.7708347
0.22081533 	 3.6805944
0.33336982 	 5.033216
0.19128098 	 1.041895
0.18834893 	 2.0818694
0.22652167 	 2.689363
0.30534324 	 1.0447166
0.22445078 	 1.0108019
0.18947059 	 0.647448
0.18308692 	 2.089161
0.28701082 	 2.725959
0.031403035 	 2.2185733
0.023272227 	 2.1666863
0.15880165 	 2.032151
0.29121873 	 1.9638115
0.14300318 	 1.7961773
0.16996834 	 2.3013365
0.09443327 	 8.04179
0.047979265 	 1.5665355
0.03211984 	 2.2896914
0.016896756 	 1.8402224
0.02003441 	 1.3564526
0.016530313 	 4.2597303
0.024630152 	 1.0861665
0.001868801 	 4.097337
0.1318848 	 2.5563223
0.029164199 	 2.6694345
0.07003628 	 1.1743436
0.024330424 	 2.3902187
0.0021429358 	 2.7081103
0.001353285 	 2.8598123
0.0026252726 	 2.4358718
0.00048583624 	 1.5899088
0.00012881393 	 2.0016854
0.00013644435 	 3.009163
0.00019665506 	 1.6938392
4.4227625e-05 	 2.2070816
8.7503446e-05 	 2.9807556
1.615299e-05 	 3.283279
0.018682467 	 1.73649
3.8445734e-05 	 1.8587099
0.02165816 	 1.4805856
0.0008905918 	 4.2965307
0.010287449 	 0.417564
0.00013042346 	 2.6283798
0.025168018 	 3.1499035
0.006674761 	 1.7973062
0.007922899 	 1.3002347
0.002259839 	 2.7697034
0.007043432 	 1.5104954
0.009898978 	 3.2399778
0.015203064 	 3.3996496
0.01047644 	 3.4974792
0.028319266 	 1.6781633
0.010742461 	 1.5204356
0.0034739445 	 2.068203
0.0013417061 	 2.206763
0.0046512005 	 1.297838
0.007594622 	 2.1760745
0.0021300933 	 2.265387
0.028670734 	 1.4989537
0.00039466063 	 2.4054906
0.0051092273 	 2.19173
0.02855383 	 1.6066394
0.009497721 	 2.2534225
0.006033226 	 1.8226571
0.0003559627 	 2.0922134
0.008168892 	 1.2497205
0.002922988 	 2.0151687
0.0009050888 	 1.5327523
0.0045834156 	 2.2743614
0.00071241 	 1.1396316
0.000144969 	 2.4400482
0.0001563552 	 1.1158185
0.00088086765 	 1.2790539
8.95898e-05 	 1.6506755
0.0032315557 	 3.1231806
0.009767695 	 2.416492
3.7551632e-05 	 2.6438694
0.00011289757 	 2.689745
0.02024496 	 4.436435
0.015320537 	 2.6212046
0.018923284 	 2.0984774
0.021034397 	 3.2613637
0.028018245 	 1.0050507
0.03848025 	 3.1946268
0.024395896 	 2.2507772
0.028840655 	 2.589644
0.06373045 	 2.2645013
0.03944002 	 0.9906467
0.045454822 	 1.4496907
0.00091869105 	 1.6716719
0.0009038359 	 3.861831
0.02551997 	 1.7627856
0.014762471 	 2.5664191
0.015198889 	 2.4438992
0.009684938 	 1.7578101
0.0018238955 	 1.8218356
0.020260835 	 1.2296902
0.001712775 	 1.0317289
0.0017810222 	 1.3807076
0.017265819 	 2.314159
0.0035862182 	 2.3960865
0.023647131 	 1.3016096
0.0013024345 	 1.8326108
0.0005008044 	 1.8609153
0.019887015 	 1.8465174
0.005548943 	 1.6021737
0.0044403765 	 1.4747428
0.0024986463 	 0.9652105
0.0017827537 	 1.6685863
0.0009423761 	 2.023674
0.0066861017 	 1.0556039
0.0013618201 	 2.4361265
0.0032786175 	 2.9359841
0.0019893155 	 1.4474978
0.00339984 	 1.5658622
0.002091806 	 1.0988128
0.0017277615 	 1.1292104
0.0010461317 	 0.9160238
0.005099222 	 2.7000191
0.107983805 	 1.9296703
0.086402595 	 1.6887829
0.13206714 	 1.3947797
0.0880002 	 1.1125022
0.038231704 	 2.6178896
0.038974117 	 1.8482941
0.02246487 	 1.4657207
0.00021197658 	 8.771583
6.526922e-05 	 1.5790076
3.796888e-05 	 3.2292469
0.010033288 	 0.8117671
0.0182923 	 1.0824006
0.024203217 	 2.523706
0.00013978266 	 4.4102316
0.00012350845 	 3.9309392
0.020977909 	 2.975223
0.041947253 	 2.5830576
0.021101236 	 1.3329325
0.012188262 	 1.9148803
0.0032625312 	 2.4850695
5.012876e-05 	 2.6593795
0.013243364 	 2.5146763
0.0011574168 	 2.878217
0.0018466465 	 1.1973629
9.6206524e-05 	 2.2886791
5.9604645e-08 	 2.6757371
3.6121066e-05 	 2.9131818
1.9073505e-06 	 1.1259351
3.46309e-05 	 1.1367141
6.93226e-05 	 6.76981
8.923213e-05 	 1.5602669
0.0011393359 	 2.3827565
0.0030142749 	 1.2440323
0.015162639 	 1.2613108
0.0016322933 	 2.6991565
0.00021233429 	 2.9255004
0.0009721473 	 2.2097206
1.1920929e-07 	 1.4010521
0.20399082 	 2.0137086
0.009657133 	 1.4841866
0.0017931436 	 4.148165
-4.7683704e-07 	 1.694951
0.02082928 	 1.6575056
0.009343328 	 2.0846236
0.088516995 	 1.6941423
0.008788648 	 2.287613
0.047465805 	 0.7691513
0.07740191 	 2.7027218
0.13452187 	 3.7702785
0.06073634 	 3.310075
0.020612461 	 1.812287
0.052170444 	 2.9606414
0.041115116 	 1.0158312
0.02236862 	 1.3837183
0.038544733 	 1.9908532
0.032733314 	 1.9161527
0.040785447 	 1.2599174
0.059816856 	 1.9570606
0.0028353557 	 5.635672
0.019870356 	 3.2474616
0.037783697 	 1.6870581
0.05324541 	 1.3482491
0.043131445 	 3.0113266
0.023824442 	 1.4955428
0.00043371783 	 2.5660863
0.0033571983 	 3.455597
0.0015105683 	 3.4690816
1.4066795e-05 	 5.538232
0.002071319 	 2.7557223
0.025242226 	 1.69036
0.013497134 	 2.12222
0.073804624 	 1.1681999
0.062129267 	 1.6132047
0.046099693 	 1.7769107
0.0728526 	 1.2134494
0.18839268 	 0.87572104
0.13472044 	 2.3484676
0.24334872 	 1.2229998
0.065974325 	 2.1926427
0.16557962 	 1.7446526
0.062436037 	 1.6616951
0.113709815 	 2.0759425
0.018582694 	 2.7054093
0.0013189666 	 1.4792006
0.005592937 	 2.2940114
0.008306455 	 2.6470733
5.251307e-05 	 1.0606704
0.00055328413 	 2.663699
0.0017722447 	 2.0708125
0.0067605698 	 3.0253406
0.0054015703 	 2.8902075
0.007250003 	 1.0842091
0.045762636 	 2.041183
0.086727634 	 1.9533371
0.116506375 	 1.7940577
0.16355762 	 1.2072225
0.18480754 	 1.6769191
0.18265015 	 2.9690337
0.13404283 	 3.0896966
0.18122698 	 2.7234972
0.25809583 	 1.7242609
0.32373932 	 1.2810122
0.19029528 	 1.1765541
0.19293885 	 1.0531896
0.13168515 	 1.4977217
0.1300815 	 1.3293575
0.18720035 	 1.2493501
0.24123074 	 1.4888748
0.19218683 	 1.1507266
0.16842031 	 1.5951552
0.105758645 	 1.9767712
0.10744477 	 3.718063
0.0046486855 	 1.6367021
0.067712866 	 1.9194976
0.061546937 	 3.0389283
0.06428252 	 1.7356154
0.07108654 	 1.7188343
0.031170508 	 1.583756
0.054459997 	 2.6851058
0.05841918 	 1.4270031
0.06807833 	 0.90925705
0.083909556 	 1.1543185
0.04538721 	 1.2754312
0.016154008 	 2.9406226
0.0038079312 	 1.5902617
0.011549573 	 3.0659852
0.015329494 	 2.9474623
Summary
-4.7683704e-07  -  0.61899054 ,  0.417564  -  8.771583
accuracy:  100.0
equal predictions:  0
TensorFlow version: 1.13.1
Found 939 images belonging to 1 classes.
argN = 49
argN = 49
0.7531434 	 1.9901081
0.26039827 	 1.9752182
0.29786438 	 2.129207
0.49130288 	 2.3565168
0.79940736 	 2.3958535
0.90995336 	 2.293391
0.75605905 	 2.0945494
0.51468927 	 1.332294
0.5400534 	 1.7447495
0.26646078 	 2.8056538
0.25198442 	 2.57093
0.16434826 	 1.1795566
0.061943255 	 1.9080372
0.0784546 	 1.3574363
0.2195815 	 2.0610328
0.2967632 	 1.1834469
0.37891942 	 0.8828246
0.26502213 	 3.0345044
0.5126272 	 2.6578598
0.291224 	 3.097623
0.6560818 	 2.927212
0.5852663 	 1.8707874
0.49132138 	 1.1529193
0.3158992 	 3.1041625
0.0016471592 	 2.031811
0.006447432 	 1.4683621
0.015380155 	 1.7865171
0.027724547 	 1.7337923
0.1886612 	 2.1940873
0.27103266 	 1.6281894
0.32105437 	 2.3587658
0.078131855 	 4.846546
0.45704135 	 2.3168035
0.4758405 	 0.8672802
0.15169646 	 2.082051
0.6190519 	 1.7500765
0.0059831557 	 5.0693717
0.22545739 	 1.2778245
0.28837493 	 1.2083112
0.2544347 	 1.8270605
0.17047466 	 2.0118034
0.08438604 	 1.866667
0.047856204 	 2.3390741
0.0020792629 	 2.2334282
0.001205515 	 1.9245222
0.006911384 	 0.95019877
0.0037495967 	 2.0120645
0.1657357 	 2.4279358
0.21821997 	 1.2302214
0.21124929 	 1.6398053
0.20749603 	 1.5687114
0.19861539 	 1.2676879
0.1121816 	 3.246398
0.3165915 	 1.0951264
0.3332815 	 1.3153781
0.064831026 	 1.5517641
0.1295423 	 1.3059951
0.044108335 	 1.5961344
0.043379404 	 2.411824
0.0016162336 	 2.5743892
0.0010190433 	 2.9631674
0.0005678358 	 3.4826071
0.061940845 	 1.7305254
0.05352413 	 1.3313787
0.12579319 	 1.9591335
0.07489977 	 1.7163095
0.0330466 	 1.3789467
0.30016425 	 0.9843652
0.13673432 	 1.7693772
0.21466143 	 2.1359363
0.333727 	 1.0897642
0.29513004 	 2.5037234
0.28997964 	 2.7416036
0.13614945 	 1.6461132
0.18963054 	 2.636066
0.20614842 	 2.3133633
0.26991847 	 1.408217
0.13008069 	 2.2539454
0.0062732957 	 2.55641
0.00020440522 	 1.2350647
0.2554771 	 2.5203233
0.053536076 	 1.796057
0.23357597 	 1.7822423
0.07375624 	 2.455117
0.09183129 	 3.3368962
0.003163628 	 2.7409568
0.00962981 	 1.6622926
0.00015349373 	 4.6710677
0.013108622 	 3.060444
0.00040563225 	 4.263624
0.0002955635 	 1.538081
0.017289532 	 2.8046694
0.00027505367 	 3.2872329
0.0036307243 	 2.3636572
0.001602801 	 2.4861224
0.00042024144 	 4.3316627
0.0004120722 	 2.7104897
0.0011065166 	 2.065535
0.004449776 	 2.1464374
0.035980016 	 2.9727364
0.06990542 	 2.5383136
0.07408258 	 2.345931
0.03310069 	 3.7162359
0.03540234 	 2.1910155
0.00871974 	 1.615134
0.017018124 	 2.9753036
0.008357243 	 1.8161372
0.011218718 	 2.7104745
0.014325095 	 2.392088
0.0024482154 	 1.5139573
0.0014273573 	 2.1057832
0.0024595682 	 1.2663163
0.00046448765 	 2.0991704
0.0068009566 	 1.6994928
0.0014238954 	 1.4328439
0.00054404035 	 1.5267698
0.00014306138 	 1.860127
0.00032024743 	 1.2075036
0.00040247192 	 0.4268499
0.0003758183 	 0.9334389
4.017434e-05 	 1.736287
0.007821491 	 2.5771472
0.0011925653 	 3.3784795
5.6864446e-05 	 1.8587773
0.028498143 	 3.2469325
0.017519703 	 1.8927928
0.040234152 	 1.9053104
0.019149762 	 2.0861623
0.0003276408 	 1.576024
0.000111824564 	 3.3740895
0.0005455313 	 1.7032973
0.0009979219 	 1.8056481
0.0033887161 	 2.1825688
0.008610857 	 3.429529
0.042376358 	 2.2273223
0.026337022 	 1.7653792
0.025566503 	 3.2728524
0.017251024 	 4.707589
0.011316432 	 3.7443905
0.017176256 	 2.600546
0.0012037844 	 2.7366436
0.02042404 	 1.0941391
0.02561316 	 1.8406181
0.0005900216 	 2.239648
0.00020088784 	 1.8389702
0.012855494 	 1.385194
0.0017261493 	 1.5029125
0.013522629 	 1.9429932
6.270605e-05 	 5.285988
0.00013888847 	 1.3581039
0.018581418 	 2.2709115
0.009981091 	 2.0211732
0.00032304975 	 1.2299757
0.001229565 	 1.6291474
0.00033139714 	 2.1728516
0.00025931382 	 2.9370673
0.006196165 	 0.7321972
0.00019218384 	 3.3470552
0.0025354554 	 2.6682386
0.0028093543 	 2.8368976
7.504506e-05 	 1.0861825
0.00017370303 	 3.593248
0.007341265 	 2.5943217
0.00020202054 	 1.8742217
0.011138131 	 1.0237446
0.019700494 	 2.189634
0.020593539 	 3.028458
0.006865291 	 2.3571763
0.023412984 	 2.2602084
0.020371238 	 1.695293
0.040853374 	 2.8320804
0.02208474 	 2.363785
0.035590515 	 0.9919135
0.0521474 	 3.2571235
0.037346344 	 1.8662485
0.002845099 	 1.6737963
0.023737827 	 1.7396543
0.011079487 	 3.0540736
0.024418127 	 1.3523443
0.0049709645 	 3.3122337
0.031968314 	 2.081466
0.004640781 	 1.3539435
0.0049812677 	 1.1608595
0.017108222 	 1.9660816
0.009021742 	 1.1881391
0.0041736914 	 1.3182666
0.000797888 	 1.7925229
0.0004152922 	 1.7509441
0.00068700063 	 1.8634037
0.009053199 	 3.9675424
0.0024729525 	 2.8692565
0.0009954757 	 2.088542
0.0008755582 	 1.3848389
0.0001890242 	 3.157665
0.0005808371 	 2.4907405
0.00023147163 	 1.0000353
0.0002553789 	 1.8406613
0.002433278 	 1.6404479
0.00063624355 	 2.7708206
0.0025597166 	 1.1664089
0.0030268896 	 1.7479856
0.0009581267 	 2.7786162
0.016369013 	 1.2245284
0.0023855388 	 2.2910585
0.0047203074 	 3.3698797
0.00190278 	 1.1352314
0.10535968 	 1.5552623
0.23504418 	 1.234022
0.13076052 	 1.888986
0.047044627 	 1.6391742
7.027634e-05 	 1.690127
0.062129773 	 2.037013
0.020658463 	 2.6613188
0.017393481 	 1.4255817
0.0013957223 	 4.2777486
0.00016183971 	 3.6198018
0.011843565 	 3.891725
0.015504065 	 2.1132321
1.7166285e-05 	 2.4834175
0.017348055 	 2.2167907
0.0030670064 	 4.56606
4.8875927e-06 	 3.0886168
1.7881409e-06 	 3.882704
0.0006856288 	 3.8228629
0.006005642 	 0.8739302
0.014674038 	 1.6749603
5.1678562e-05 	 3.830338
0.0012043811 	 2.4986393
0.22162299 	 1.7619104
0.09243134 	 1.1450981
0.03933673 	 1.822581
0.020343255 	 2.698355
0.020509882 	 4.1364217
0.0007604271 	 2.3023674
0.01727237 	 3.2771664
0.019275414 	 3.781598
0.21488243 	 1.719927
0.27821782 	 2.5143278
0.011957747 	 3.1897678
0.025175354 	 1.6793234
0.0413819 	 5.755416
0.051759463 	 2.9309816
0.04054303 	 1.4359947
0.01979296 	 3.0531416
0.0076654344 	 6.372108
0.02064039 	 1.4898247
0.0066702003 	 1.8288683
0.043150548 	 2.1103294
0.005984955 	 2.4278448
2.5153477e-05 	 3.7772028
0.00010639995 	 4.9433084
0.024457218 	 1.7953242
0.0026228223 	 1.7886907
0.00037927667 	 1.3795878
0.020031309 	 1.4918096
0.0027868205 	 2.1683416
0.03502047 	 1.9191563
0.021238277 	 1.7278616
0.012408451 	 1.7781577
0.00059163186 	 4.3628073
0.11853594 	 2.377324
0.06750362 	 2.4101126
0.13152695 	 1.3620081
0.12890236 	 1.0670011
0.10773516 	 2.4716818
0.09781584 	 2.9484215
0.09648445 	 1.7463962
0.14485158 	 2.3662176
0.074522175 	 0.94232684
0.034719218 	 2.7732158
0.02364939 	 2.4202013
0.0054023494 	 1.5414822
0.0074244896 	 2.4882665
0.041504413 	 0.6858152
0.013223674 	 2.027612
0.06181086 	 2.4713671
0.0012922885 	 2.1212947
0.0016987439 	 2.5179348
0.008056163 	 2.491419
0.03348805 	 1.3543013
0.17330763 	 1.0394232
0.30543733 	 1.273508
0.43329012 	 1.3951697
0.35205707 	 2.037086
0.19326754 	 0.70198894
0.22455016 	 1.2032238
0.10833566 	 1.299246
0.061076324 	 0.93172455
0.039093487 	 1.1570827
0.21942702 	 1.2348485
0.27215168 	 1.1807897
0.26953006 	 0.8018815
0.23991586 	 0.74998176
0.22266681 	 0.78016716
0.36181277 	 0.7619746
0.3167026 	 0.88445824
0.25721455 	 1.0984255
0.17278123 	 1.4263853
0.12989247 	 1.641625
0.22183667 	 2.628544
0.049683586 	 1.2235227
0.0032854946 	 1.6636745
0.019000007 	 3.2423594
0.001671578 	 3.7158856
0.018066866 	 1.7563382
0.13183843 	 1.7363551
0.05418945 	 1.5931227
0.0833895 	 1.6939007
0.010184115 	 1.5748022
0.037989594 	 3.0922613
0.03611979 	 2.5383265
0.05792964 	 3.5805066
0.09494122 	 2.379027
Summary
1.7881409e-06  -  0.90995336 ,  0.4268499  -  6.372108
accuracy:  100.0
equal predictions:  0
TensorFlow version: 1.13.1
Found 939 images belonging to 1 classes.
argN = 49
argN = 49
0.82607496 	 3.7334921
0.3947978 	 3.5016165
0.7649275 	 3.8072267
0.20068863 	 3.7705164
0.15090959 	 3.5441937
0.15734042 	 2.5255718
0.16855498 	 2.2906427
0.15948507 	 1.049879
0.28056327 	 2.6021097
0.056663018 	 1.6644683
0.05503714 	 1.3761601
0.09659041 	 1.424728
0.059925385 	 2.5246544
0.06576385 	 3.0504208
0.15687634 	 1.5833157
0.20140895 	 2.0499825
0.24409139 	 2.0486875
0.24099436 	 2.0698268
0.67110187 	 2.8423054
0.49930006 	 2.1343658
0.3294932 	 2.085399
0.47110087 	 1.6383094
0.6039967 	 1.2917082
0.30130655 	 0.7153685
0.47985712 	 1.3932719
0.14301865 	 1.5761044
0.060657993 	 2.8895533
0.011935187 	 1.4484593
0.0034313593 	 2.7435758
0.15931451 	 1.9414281
0.1682724 	 1.7480935
0.40237272 	 1.4177284
0.16261525 	 2.5216048
0.08826175 	 1.8626745
0.38182926 	 4.76857
0.19567259 	 1.4305577
0.15420553 	 3.504408
0.44376484 	 1.1505795
0.4769704 	 2.2800167
0.49364555 	 2.3482604
0.61788714 	 1.0249767
0.26997024 	 3.0030522
0.31548628 	 2.932602
0.26450592 	 2.3051496
0.16979852 	 0.4838208
0.25978103 	 1.237631
0.26651984 	 2.5040607
0.18922251 	 1.5894942
0.26058102 	 2.283704
0.26201886 	 3.8545337
0.34176585 	 2.1435094
0.28203055 	 1.8169224
0.25616077 	 1.6001165
0.07283702 	 1.9255224
0.41378304 	 0.9459509
0.1393969 	 1.2412717
0.0014492638 	 1.690949
0.059218604 	 1.1299028
0.0008499657 	 2.5252187
0.00084632676 	 2.3172982
0.1330811 	 2.1014676
0.1718494 	 1.1524146
0.08795418 	 1.9197171
0.09492424 	 1.7609833
0.077978544 	 3.5014405
0.0521312 	 2.7665694
0.14713067 	 2.4304876
0.20224243 	 2.3352602
0.30971837 	 2.204559
0.35446233 	 2.5329328
0.1137917 	 2.3071737
0.023067812 	 3.9068732
0.047654264 	 3.5924637
0.133144 	 1.8102283
0.009784549 	 3.647076
0.06582789 	 2.3420694
0.0696901 	 2.1956983
0.27046856 	 1.0722737
0.11386256 	 2.1410477
0.21656846 	 0.60442805
0.102428585 	 2.1898897
0.06063912 	 1.2620668
0.040450923 	 2.6174526
0.025421165 	 1.7311138
0.00088045007 	 1.4517479
0.022093272 	 2.4057894
0.059099782 	 1.179253
0.00048207934 	 2.5685763
0.00010365785 	 4.700109
0.025099806 	 3.9210477
0.0031442551 	 2.2761784
0.0019074382 	 0.87260336
0.10617189 	 1.9457735
0.10528829 	 2.079623
0.079319954 	 2.4580693
0.05215531 	 3.4121573
0.044848707 	 2.5283349
0.03046354 	 1.5146794
0.021954652 	 1.8346704
0.02679046 	 2.4195995
0.008399557 	 1.6799551
0.048481103 	 6.7176104
0.006644219 	 2.6472728
0.0031236268 	 3.0509093
0.002972546 	 1.3433037
0.00073764106 	 2.3686936
0.00030391067 	 3.4017944
0.00020386867 	 1.7322471
4.9890332e-05 	 2.109671
0.014302906 	 3.573253
0.013044549 	 0.7967267
0.0008543206 	 3.597754
0.0045758113 	 0.70909804
2.2113567e-05 	 1.0530317
1.0609683e-05 	 3.670963
0.021720108 	 2.1295488
0.0024022681 	 1.5206624
0.052774858 	 2.1489644
0.03426038 	 0.7776943
0.025596466 	 1.8259748
0.0077011725 	 2.483756
0.03523735 	 1.6378592
0.03762271 	 2.6525044
0.005814196 	 1.8340966
0.0015472813 	 0.556187
0.022259153 	 1.3572346
0.037777938 	 0.70341706
0.0049051344 	 2.0104904
0.013358371 	 2.0695708
0.027624236 	 2.2226546
0.021303242 	 1.9599726
0.012122379 	 1.6606567
0.038681213 	 1.5852692
0.0316932 	 2.570157
0.027779212 	 1.7512697
0.00035453166 	 1.7922485
0.00074957084 	 1.694084
0.0017408972 	 2.7813313
0.0072677745 	 2.8331609
0.012194538 	 0.6661106
0.0046138945 	 1.6063187
0.02925638 	 1.7610756
0.019627912 	 1.7274622
0.014802699 	 0.9484995
0.0019307883 	 0.83647513
0.0020271211 	 0.49406484
0.001574384 	 2.2646918
0.0067465277 	 0.88397884
0.016895603 	 1.7683897
0.019712286 	 2.55067
0.00021525554 	 2.67356
0.00041183367 	 1.8592764
0.016854625 	 1.4055325
0.016739823 	 2.8349977
0.0033378217 	 3.4097505
0.0023544112 	 3.6612124
0.0052593728 	 2.7865436
0.020145457 	 2.7502666
0.036470056 	 2.4617035
0.04586285 	 0.7526651
0.021284672 	 3.2417645
0.0020302269 	 1.519968
0.017644787 	 1.7086588
0.02117094 	 1.9158057
0.0023955167 	 0.71968824
0.0008843278 	 1.9609485
0.043475892 	 3.1202302
0.02710244 	 2.0148826
0.0023291393 	 1.7662127
0.00079180347 	 2.8391397
0.018420942 	 1.8503048
0.021381425 	 1.5085386
0.0033981656 	 1.4035829
0.006793455 	 3.2474017
0.001536118 	 2.6134803
0.0014267007 	 2.460044
0.0026099738 	 1.2608184
0.012458301 	 0.49593255
0.0015699664 	 4.122075
0.0016527714 	 0.843379
0.0014286705 	 1.6458576
0.00047295546 	 1.9269564
0.0012978986 	 1.0269046
0.0040866677 	 2.1100318
0.0020490405 	 2.462984
0.0019832833 	 2.3858807
0.001949003 	 0.9600451
0.0015216119 	 2.718568
0.0054755835 	 1.337192
0.0046730577 	 2.4113014
0.003475679 	 2.4772313
0.004883272 	 2.1178298
0.0016371292 	 2.3503847
0.0018710105 	 1.8160697
0.0038832028 	 1.7602367
0.0027113326 	 1.1199548
0.010961428 	 1.9518002
0.008544727 	 1.7199895
0.003318266 	 3.3785598
0.005608881 	 1.7777104
0.003630844 	 1.3139441
0.0037259047 	 2.3773272
0.11868298 	 2.917969
0.16346566 	 2.7914803
0.18576029 	 1.3784782
0.09082012 	 1.4139689
0.07121947 	 2.315271
0.034169406 	 4.9822907
0.007597325 	 1.9065294
0.013059949 	 2.2113652
0.035392642 	 1.3234667
0.0016028607 	 2.4513044
0.013940857 	 2.2979352
0.027235162 	 2.340874
0.016601881 	 0.9233077
0.00025841952 	 3.2406538
0.00596145 	 5.129362
0.00095341343 	 1.4410281
0.0012359505 	 3.365762
8.452296e-05 	 0.7560667
0.001364685 	 2.2574346
2.384186e-07 	 1.5045779
7.7486067e-07 	 1.6294492
0.00013566937 	 1.348939
2.264979e-06 	 6.294184
0.0031251814 	 2.8301673
0.00011307641 	 3.7133195
0.012116646 	 2.3293068
0.56406564 	 2.0075054
0.10932615 	 2.1035328
0.029049324 	 3.3397558
0.016955983 	 1.8460323
0.0024049568 	 2.789942
0.020594757 	 2.082014
0.00096522644 	 2.8444602
-9.5367386e-07 	 1.1952027
0.00034206995 	 5.8023686
1.1622973e-05 	 1.991799
0.005347997 	 3.8637574
0.00012869471 	 2.1362166
8.5119056e-05 	 1.896549
0.0029559867 	 3.0921144
0.026989454 	 3.1137812
0.03607536 	 6.353342
0.069272555 	 1.6479999
0.042766273 	 2.054044
0.028960047 	 1.5566114
0.024784602 	 1.4246835
0.011792841 	 2.5729127
0.0001537322 	 2.878851
0.0026257506 	 2.6308904
0.008328633 	 1.213942
0.00022598675 	 3.6858244
5.8412725e-06 	 0.9246165
0.005352251 	 1.6845715
0.026840787 	 2.7875607
0.021043587 	 4.7351375
0.019117257 	 2.1866174
0.01456021 	 2.7444723
0.02267081 	 1.1922125
0.03378776 	 2.4749916
0.06929089 	 1.5638592
0.088527806 	 2.463085
0.03764765 	 2.495448
0.039206237 	 1.845237
0.08497527 	 1.6475397
0.0881863 	 2.1736765
0.054647326 	 1.701623
0.03026797 	 2.0521526
0.053281058 	 2.9640784
0.09577282 	 1.5626776
0.11383043 	 2.1698036
0.025014244 	 2.1304526
0.0030293406 	 2.9294028
0.04707193 	 3.6581352
0.019216109 	 1.7137685
0.01135007 	 3.1641815
0.037523814 	 3.6061447
0.02053805 	 1.9430834
0.0041482537 	 1.1490185
0.00043663973 	 4.406516
0.112393394 	 2.3824944
0.20936914 	 2.646178
0.17004733 	 3.9008694
0.19830878 	 0.7821852
0.14213769 	 2.2572837
0.1732899 	 1.4659845
0.20184223 	 1.7509863
0.076920375 	 1.3353087
0.04339416 	 0.96096617
0.05832402 	 1.2100424
0.19488546 	 1.2723156
0.14058287 	 1.6570711
0.14245278 	 2.006699
0.1366297 	 2.320894
0.012941715 	 1.8723634
0.048248447 	 2.7089558
0.05658411 	 1.9931387
0.10024289 	 2.3924158
0.08339876 	 1.9537928
0.04747943 	 2.589261
0.16736498 	 1.9081907
0.109296426 	 1.3028452
0.036714762 	 1.0647134
0.108653754 	 1.8937991
0.10855163 	 1.8428363
0.08648942 	 1.7407712
0.043988243 	 1.4246002
0.049816515 	 3.7758207
0.025207812 	 1.3087269
0.054389443 	 3.4469528
0.039895594 	 1.4909351
0.04388984 	 3.4332407
Summary
-9.5367386e-07  -  0.82607496 ,  0.4838208  -  6.7176104
accuracy:  100.0
equal predictions:  0
