TensorFlow version: 1.13.1
Found 939 images belonging to 1 classes.
argN = 3136
argN = 3136
0.15193997 	 1.0999366
0.24156672 	 0.5623557
0.19300811 	 0.73086065
0.1959435 	 1.115835
0.17463636 	 1.0784869
0.1759275 	 0.6056837
0.18051577 	 0.7459412
0.1580375 	 0.62999874
0.20053783 	 0.9301041
0.16695821 	 1.0304425
0.17650007 	 0.40349194
0.14881684 	 1.0062557
0.10303562 	 0.714681
0.10560913 	 0.49906567
0.11649184 	 0.88709354
0.09854551 	 1.0774283
0.15654072 	 0.6438146
0.17562565 	 0.6984817
0.2036325 	 0.6842821
0.17391585 	 1.366986
0.14704858 	 1.7233183
0.15248327 	 0.7062577
0.17746735 	 0.5901415
0.24143848 	 0.6749518
0.1914612 	 1.0363511
0.19307557 	 0.49219778
0.12793796 	 0.7595163
0.15385838 	 0.34725544
0.24442674 	 0.4933753
0.28657198 	 2.0296655
0.322236 	 0.6788923
0.2724742 	 0.54063416
0.27761656 	 0.4743314
0.24554487 	 0.7038378
0.26812392 	 1.2667837
0.27498138 	 0.6640568
0.27310738 	 0.7129341
0.19123927 	 0.6281058
0.22065546 	 0.54447466
0.19974536 	 1.4482398
0.1517532 	 0.6219261
0.17670268 	 1.2869158
0.14018677 	 0.75175077
0.13084531 	 0.8170479
0.15649603 	 0.72023696
0.16946673 	 0.83333427
0.15844318 	 0.64044726
0.16122912 	 0.42155567
0.10943127 	 0.8616599
0.09675999 	 0.7521961
0.15116073 	 0.95223737
0.14923407 	 0.69223267
0.16676594 	 0.7337298
0.19719422 	 1.1998764
0.21998249 	 0.59710854
0.19397812 	 0.8851554
0.20862 	 1.5522999
0.112735264 	 0.8818043
0.13064593 	 1.28716
0.13474602 	 1.0394958
0.16131918 	 0.8205393
0.16243595 	 0.80455613
0.16600786 	 0.57351583
0.1448285 	 0.89098114
0.22918937 	 0.6116723
0.25679782 	 0.47880885
0.2816633 	 0.647499
0.25642326 	 1.4512972
0.2727498 	 1.3547769
0.2580847 	 0.7795051
0.25297084 	 0.6240888
0.275909 	 0.7656669
0.23769906 	 0.9536921
0.22643271 	 0.89716053
0.14831707 	 0.67440724
0.1637518 	 0.4981696
0.16449566 	 0.60428005
0.17737561 	 0.99323046
0.17301846 	 0.4979391
0.17279766 	 1.3135307
0.17042865 	 1.2004178
0.14662562 	 0.8207682
0.13302328 	 0.71248513
0.13535593 	 0.98807156
0.16103095 	 0.81593436
0.23642333 	 0.7960824
0.25820348 	 1.0477656
0.15985587 	 0.93157566
0.2688509 	 1.1487522
0.14811833 	 1.1303563
0.24395119 	 0.46660727
0.22925511 	 0.69524556
0.22571349 	 0.6878052
0.19845654 	 1.0508205
0.15939699 	 1.3821882
0.07598918 	 0.6258479
0.08320772 	 0.7196557
0.06849334 	 1.022068
0.07422573 	 0.50258917
0.08265992 	 1.2602724
0.07372242 	 0.83754927
0.08166031 	 0.6944714
0.17898491 	 0.5955526
0.13891141 	 1.8931814
0.12004145 	 0.69364
0.2032381 	 0.51685816
0.22630982 	 0.5620567
0.22903167 	 0.44877565
0.20371799 	 0.8504315
0.23726068 	 1.087106
0.22546215 	 0.5811168
0.21774714 	 0.766066
0.2259391 	 0.57703906
0.21124436 	 0.39196417
0.23934118 	 0.88108677
0.2089834 	 0.63860947
0.23663807 	 0.44553712
0.20719132 	 0.6631657
0.20378274 	 0.586785
0.2175985 	 0.5727172
0.19302842 	 1.3743374
0.17824294 	 0.6722019
0.1816361 	 0.5869249
0.1412994 	 0.42694235
0.14314671 	 0.9553487
0.14769955 	 0.46255037
0.13546875 	 0.61795783
0.118390866 	 0.35921153
0.09948907 	 0.8873914
0.09743015 	 0.6335784
0.08519619 	 0.3612207
0.09981075 	 0.45451382
0.09722307 	 0.48675105
0.09860734 	 1.12724
0.09482135 	 0.69343466
0.0825487 	 0.82044184
0.09047744 	 1.0320911
0.083355874 	 0.58481306
0.08509468 	 0.51776093
0.087394804 	 0.6447209
0.08536781 	 0.46168026
0.088153034 	 0.41529706
0.08177958 	 1.1169635
0.08024386 	 0.2700655
0.07708441 	 0.34459096
0.07795399 	 0.33224267
0.08097303 	 1.686029
0.07219326 	 0.5099961
0.08124749 	 0.35269168
0.07925556 	 1.1403083
0.08515803 	 0.4225394
0.088221 	 0.5807509
0.07535875 	 0.6183168
0.07495033 	 0.65967065
0.07743283 	 0.86999965
0.06753136 	 0.2964633
0.08074781 	 0.7981945
0.08212071 	 0.63824195
0.07404105 	 1.7893612
0.076841585 	 0.9498292
0.08261733 	 1.4263607
0.089763284 	 0.23853311
0.08486724 	 0.418865
0.088596836 	 1.5852125
0.096575305 	 0.44999984
0.0904625 	 0.31705412
0.079091564 	 1.2069995
0.08933929 	 0.38633308
0.07733063 	 0.60723305
0.09197452 	 1.2480823
0.089290805 	 0.8870283
0.08746259 	 0.57056
0.091147244 	 0.23947409
0.09150152 	 0.5728624
0.093997285 	 0.7492468
0.088824086 	 0.5833063
0.09042576 	 0.7091259
0.10716621 	 1.3702956
0.10264216 	 0.39866382
0.11405935 	 0.39372468
0.13761607 	 0.31667316
0.12841557 	 0.25352952
0.14987637 	 0.39738306
0.15361655 	 0.39964637
0.16872734 	 0.6409341
0.17390542 	 0.8116515
0.17841063 	 0.36860287
0.18070099 	 0.3874581
0.18522164 	 1.2453353
0.18493381 	 1.1678545
0.1847025 	 0.74006414
0.1829336 	 0.36931267
0.18548106 	 0.8187304
0.17638837 	 0.9513108
0.17669721 	 0.57311314
0.1278837 	 0.93619084
0.11668533 	 0.72134924
0.11962734 	 0.9291015
0.12037888 	 0.4663101
0.40328217 	 0.89230454
0.378937 	 0.96289134
0.37438077 	 0.97505414
0.36069408 	 0.76885587
0.36075306 	 0.723257
0.32999966 	 0.993667
0.33956292 	 0.8151979
0.3524065 	 0.812763
0.348507 	 0.85592276
0.33746445 	 1.1550218
0.34144706 	 0.9528078
0.34030533 	 1.0218078
0.32680452 	 0.9726652
0.34160715 	 1.0076215
0.33687475 	 1.0755106
0.327932 	 1.0273203
0.32496175 	 0.9847861
0.34575748 	 0.98392427
0.32325777 	 1.3215574
0.30330247 	 0.661004
0.2937468 	 1.1528306
0.29198802 	 1.0608206
0.31054276 	 1.166195
0.31367666 	 1.0968281
0.28231436 	 1.221897
0.37883723 	 0.9524989
0.3739463 	 0.941951
0.27179587 	 1.1583425
0.24427842 	 0.7533153
0.25035143 	 1.3374501
0.4734216 	 0.5744231
0.34414503 	 0.99549747
0.29925543 	 1.0750479
0.30674213 	 1.2546871
0.28078485 	 0.98910856
0.2963878 	 1.127211
0.27067792 	 1.1640942
0.264216 	 0.88597184
0.2638443 	 1.1896613
0.2426673 	 1.1072061
0.2496803 	 0.93900436
0.24950418 	 0.761539
0.25348452 	 1.2721738
0.24286583 	 0.6961344
0.23029606 	 1.1328689
0.21229708 	 0.93727756
0.22938143 	 1.3218882
0.21460256 	 0.83735424
0.22169612 	 0.86219954
0.23655395 	 1.273869
0.24518508 	 0.76789683
0.26737648 	 0.9171657
0.27274066 	 1.0776023
0.2817231 	 0.7776874
0.27641493 	 1.0858124
0.27210614 	 0.80912745
0.2332842 	 0.69305027
0.24198937 	 1.1442622
0.23835698 	 1.0297939
0.25206563 	 1.1183541
0.27743924 	 0.700011
0.25100142 	 1.1322112
0.25843012 	 0.99836427
0.26255333 	 0.81607175
0.2673377 	 1.07878
0.27180612 	 1.0246967
0.28185362 	 1.0410326
0.25825694 	 0.9450531
0.23888749 	 1.1966046
0.2296408 	 0.83445513
0.23965707 	 1.2201362
0.24486797 	 1.2584705
0.22747363 	 1.2382774
0.2087162 	 0.84704787
0.21414177 	 0.9934602
0.21354534 	 1.1250005
0.19865566 	 0.9280872
0.21649452 	 1.3940206
0.2128868 	 1.0157733
0.21640792 	 1.3032056
0.21851331 	 1.3643625
0.21781658 	 1.009383
0.22064765 	 0.9665022
0.2423339 	 1.2496622
0.24226798 	 1.1290984
0.32999128 	 1.0630718
0.36043388 	 0.83935016
0.35150725 	 0.9289842
0.3804451 	 0.9579023
0.373929 	 0.98069906
0.40396023 	 0.9402212
0.3831636 	 0.8024885
0.33937034 	 0.8686798
0.33028746 	 0.94596183
0.29715347 	 1.0654495
0.28063506 	 0.9175827
0.23387732 	 1.363488
0.24001384 	 0.6262869
0.20025466 	 1.0867249
0.19865638 	 1.3844305
0.21056695 	 0.88878965
0.19745903 	 1.0579244
0.2211864 	 1.0844086
0.20379333 	 0.76047647
0.22764471 	 1.0440494
0.23884654 	 1.3098397
0.24146375 	 1.1000868
0.25137037 	 1.008553
0.23613079 	 0.9858047
0.23039557 	 1.1973386
0.2296231 	 1.0222533
0.2272809 	 0.9053088
0.18972513 	 0.7019905
0.20285144 	 1.4095516
Summary
0.06753136  -  0.4734216 ,  0.23853311  -  2.0296655
accuracy:  100.0
equal predictions:  0
TensorFlow version: 1.13.1
Found 939 images belonging to 1 classes.
argN = 3136
argN = 3136
0.44551677 	 1.7677356
0.49796402 	 1.4767877
0.5007921 	 1.9269904
0.46611962 	 1.8176078
0.060745332 	 1.7527245
0.11780784 	 1.7291225
0.25616625 	 1.1275754
0.19236678 	 1.3181577
0.19085577 	 1.4155347
0.27845615 	 1.6073827
0.40043405 	 1.4805057
0.5073993 	 1.1597921
0.5590755 	 1.3198743
0.54496473 	 1.3749044
0.48355007 	 1.5633264
0.3790409 	 1.1176819
0.3633135 	 1.1064577
0.41206044 	 1.358706
0.30452362 	 1.6992382
0.1916302 	 1.7940154
0.1005453 	 2.0699809
0.08977815 	 1.6483648
0.09586223 	 1.4001305
0.11201751 	 1.8152577
0.12674747 	 1.2765976
0.107843705 	 2.0599935
0.106107734 	 1.2117958
0.11122938 	 1.2858421
0.14679708 	 1.4515026
0.29951835 	 1.8791322
0.5376199 	 1.3725959
0.8235549 	 1.4265121
0.71879524 	 1.3543242
0.9076912 	 2.0320518
0.48455554 	 1.8363036
0.5222335 	 1.7924116
0.48329335 	 1.6532578
0.4383128 	 1.5835061
0.13930427 	 1.6692283
0.2744338 	 1.3073716
0.19106767 	 1.3455224
0.18012115 	 1.5836412
0.16090927 	 1.5915316
0.14815815 	 1.8018672
0.07046853 	 1.5030472
0.046122726 	 1.9438018
0.23367287 	 1.1486254
0.20840494 	 1.5826055
0.19228102 	 1.4775527
0.17177656 	 1.4926487
0.23874286 	 1.4393874
0.15714462 	 1.2953534
0.16495366 	 1.201542
0.2053981 	 1.8017491
0.18385684 	 1.2891097
0.14100705 	 1.5218655
0.06237653 	 1.6728978
0.06402335 	 1.5690786
0.054186493 	 1.74328
0.04357183 	 2.036193
0.045227673 	 1.065051
0.0409865 	 1.3575093
0.042729195 	 2.287485
0.044601005 	 1.9386017
0.037826408 	 1.5828956
0.09634117 	 1.1977255
0.1914506 	 1.6701504
0.21556528 	 1.5657717
0.20061868 	 1.6607234
0.22834893 	 1.8996121
0.18723391 	 1.4218656
0.11494091 	 2.013769
0.08281324 	 1.928718
0.15075786 	 1.0971105
0.19181539 	 1.3704114
0.18974914 	 1.5686914
0.20625588 	 1.3790352
0.14513126 	 2.035859
0.13692959 	 1.8992436
0.08448248 	 1.6370617
0.07420185 	 1.6803333
0.308614 	 1.2228674
0.2631315 	 0.941297
0.38185713 	 1.0113577
0.32150838 	 1.0413473
0.23778646 	 1.4132077
0.13932475 	 1.576105
0.18411133 	 1.5259713
0.19200127 	 1.4328928
0.2151544 	 1.5939385
0.10390083 	 1.9613103
0.067957625 	 2.1473846
0.037643626 	 1.9428321
0.028146306 	 2.18259
0.044550274 	 1.6571536
0.06303368 	 1.7266889
0.10639502 	 1.3864175
0.15685576 	 0.90340275
0.11837322 	 1.1699641
0.24392973 	 0.77017677
0.22268803 	 0.5881269
0.25061306 	 0.55786896
0.23990056 	 0.8815055
0.22961605 	 0.77797765
0.26845556 	 0.98058385
0.25841856 	 0.88677156
0.2871325 	 0.6537093
0.2547231 	 0.619798
0.2523526 	 0.5774161
0.2569319 	 0.5941746
0.2509474 	 0.6283062
0.2496252 	 1.0756637
0.24686168 	 0.6817397
0.2236667 	 1.0487723
0.20641582 	 1.2357765
0.20693682 	 0.8143101
0.17442212 	 0.86424756
0.14377478 	 0.47577137
0.13532522 	 0.9095356
0.105829015 	 1.0561293
0.104189664 	 0.66154844
0.10210805 	 0.518565
0.0931071 	 0.64863014
0.07482333 	 0.5455073
0.06693275 	 0.7528302
0.064856656 	 0.4610328
0.0697234 	 0.6913221
0.06005456 	 0.9380763
0.06362347 	 1.1730902
0.056042697 	 1.5367585
0.06194123 	 1.0071305
0.06139399 	 0.61715955
0.06025642 	 0.51554316
0.060750462 	 0.7172743
0.06849602 	 0.83539075
0.065946184 	 1.1454055
0.060619045 	 0.5242309
0.06001905 	 0.93597
0.050548777 	 0.5785761
0.05358066 	 0.58152807
0.05357255 	 0.9725028
0.04628827 	 0.65806544
0.040913913 	 0.6564389
0.048276786 	 0.6570258
0.040177625 	 1.2983682
0.044928007 	 0.5816833
0.0347489 	 0.633843
0.044119425 	 0.7954599
0.036988474 	 1.3614805
0.045435548 	 0.75530154
0.03458667 	 0.82228917
0.030773718 	 1.1544775
0.023101116 	 1.5065334
0.033129524 	 0.60178626
0.029893523 	 0.8028187
0.027651811 	 0.91423476
0.028692203 	 1.1826569
0.028185666 	 1.1758828
0.03519672 	 1.2587862
0.030353123 	 0.7715356
0.028761396 	 0.79202473
0.0318517 	 0.7316924
0.032696854 	 0.7828924
0.032533605 	 0.48965177
0.041709214 	 1.1364578
0.045669608 	 0.48744196
0.0436608 	 0.44667473
0.045045532 	 0.732094
0.052166298 	 0.8181759
0.052033745 	 1.2656265
0.049412012 	 0.775133
0.044931125 	 0.53594804
0.04903277 	 0.9540744
0.048491925 	 1.0077908
0.052180745 	 1.1072816
0.043996777 	 0.8726253
0.0701708 	 1.1276627
0.052803133 	 0.9581287
0.070912614 	 0.796384
0.07590198 	 0.57565695
0.087179326 	 0.7571382
0.11256035 	 1.39952
0.108868524 	 0.8432179
0.12411264 	 1.1415681
0.15224254 	 0.76813
0.15665142 	 1.0178957
0.16347198 	 0.8093172
0.15760931 	 0.4788811
0.1474876 	 1.3109962
0.13760212 	 0.9314791
0.1254986 	 0.8608531
0.13716255 	 0.6269612
0.116046734 	 0.56703866
0.083130114 	 0.5004487
0.07244085 	 0.9870556
0.06693747 	 0.6038522
0.056981243 	 0.8738772
0.058348726 	 1.0993387
0.05411728 	 1.0283396
0.053219575 	 0.7196027
0.048028044 	 1.0654119
0.36283565 	 1.021725
0.376423 	 0.8465997
0.39082554 	 0.9218805
0.36914298 	 0.8841011
0.39626917 	 0.81687504
0.34144637 	 1.0199349
0.3290933 	 0.8710874
0.2410784 	 1.2350056
0.23917772 	 0.95636517
0.24417128 	 0.868328
0.26694307 	 1.1835177
0.2744333 	 1.0214043
0.2840256 	 1.2669833
0.28849995 	 1.0899795
0.2935877 	 1.1646258
0.29290697 	 1.1403555
0.30357376 	 0.97616315
0.30613035 	 0.8636609
0.27859658 	 1.1425905
0.28502938 	 1.0143697
0.25668442 	 0.9224106
0.275231 	 1.0221176
0.29325464 	 1.1981633
0.2830104 	 1.0793048
0.28481206 	 0.98945415
0.27841616 	 1.365391
0.28025216 	 1.1809697
0.2899414 	 1.095032
0.28713164 	 1.1489713
0.30024642 	 1.178655
0.27548197 	 1.2723519
0.26659742 	 1.2223045
0.28432956 	 1.2105188
0.23786312 	 1.4525014
0.3226163 	 0.8829637
0.37153304 	 0.85935956
0.36745334 	 1.0885192
0.29748374 	 1.8825232
0.27988613 	 1.1095372
0.2694356 	 1.2291069
0.21965137 	 1.2762434
0.23393773 	 1.0207739
0.22895935 	 1.2130178
0.2185825 	 0.92684835
0.23203829 	 1.0797044
0.2215126 	 0.9543889
0.2266199 	 0.86167216
0.22103018 	 1.2298056
0.21699089 	 0.87606597
0.21155666 	 1.4336913
0.19072579 	 1.3638076
0.1832074 	 0.6314614
0.19715342 	 1.2136626
0.1966242 	 0.90120876
0.21758938 	 0.93354595
0.2395215 	 1.132983
0.23888771 	 0.9746977
0.23778933 	 1.2822126
0.25917977 	 1.1785598
0.31644696 	 1.0626583
0.32211646 	 0.82500654
0.267265 	 1.0723001
0.24841899 	 1.1126862
0.24636406 	 0.70667785
0.19674785 	 1.2727542
0.20493473 	 1.0707376
0.20407319 	 1.246479
0.21174535 	 0.8592862
0.21228978 	 1.2941399
0.18696535 	 1.3436619
0.19888055 	 1.4210038
0.19905408 	 1.2628105
0.21450062 	 1.1062943
0.19576298 	 1.0060469
0.200649 	 1.1436229
0.20052457 	 0.8439681
0.24354625 	 1.2296695
0.2424707 	 0.98647004
0.28034186 	 0.76083857
0.29230592 	 0.63651305
0.33084983 	 1.1772857
0.37647337 	 0.5990754
0.38227043 	 1.066032
0.4059386 	 1.1941754
0.48017934 	 0.719059
0.44959423 	 0.73734236
0.4500879 	 0.69205666
0.52280396 	 0.6638315
0.5489085 	 0.6486349
0.5159894 	 0.64663064
0.38892552 	 0.6524916
0.3848546 	 0.7996606
0.32138786 	 0.93977475
0.26817152 	 0.6958032
0.23504727 	 1.0408862
0.22467685 	 1.2508137
0.22556642 	 1.2419276
0.21113746 	 1.2501949
0.2105345 	 1.1508334
0.21010906 	 0.8678791
0.21022107 	 0.9624391
0.23223495 	 0.9278948
0.23938435 	 1.2929977
0.24354519 	 1.1852776
0.24033949 	 1.4754897
0.229858 	 1.1299435
0.2314622 	 0.7242456
0.22282963 	 1.3092023
0.21482494 	 1.2027974
0.19287936 	 0.84313357
0.19748145 	 1.1648041
0.18037961 	 1.1076186
Summary
0.023101116  -  0.9076912 ,  0.44667473  -  2.287485
accuracy:  100.0
equal predictions:  0
TensorFlow version: 1.13.1
Found 939 images belonging to 1 classes.
argN = 3136
argN = 3136
0.15898338 	 1.2558694
0.23929054 	 1.0995295
0.31244397 	 0.89424336
0.22126076 	 0.67638963
0.231713 	 1.2638968
0.2094685 	 1.0079917
0.18999834 	 0.64973193
0.21378742 	 1.7243398
0.2064918 	 0.8823722
0.15538247 	 1.2034414
0.16960584 	 1.0532953
0.18392153 	 0.5050214
0.18151274 	 1.0919077
0.19788596 	 0.5407626
0.13285246 	 0.7811206
0.23843081 	 0.5102888
0.16512984 	 0.6073289
0.17031252 	 1.257416
0.21502261 	 1.0197113
0.1537083 	 0.5067417
0.11424569 	 0.7491013
0.13613674 	 1.2265646
0.15239462 	 1.7010764
0.17207132 	 1.1764181
0.19372864 	 1.254125
0.17853013 	 1.3480802
0.164893 	 1.0597862
0.21951528 	 0.78145874
0.18262589 	 0.94979656
0.21752603 	 0.6598173
0.22608487 	 1.1315912
0.23041515 	 1.0262135
0.15975475 	 0.59946215
0.18327819 	 1.1932441
0.2837923 	 0.9235794
0.24613471 	 0.7034652
0.2115523 	 0.63877565
0.22307946 	 1.0684081
0.20410009 	 0.7399724
0.22191256 	 0.83359164
0.15086918 	 0.8583644
0.238799 	 0.7277719
0.17595395 	 0.71077996
0.1644762 	 1.12831
0.18700106 	 1.1025972
0.17289545 	 0.7897017
0.16394812 	 1.2809197
0.27986327 	 0.89658135
0.18851927 	 0.71092147
0.13254565 	 0.5708249
0.17406295 	 0.7657351
0.20267236 	 0.68816566
0.18922246 	 0.79487526
0.2375874 	 1.1222328
0.16229825 	 1.491297
0.13295111 	 1.381306
0.115928255 	 1.9027444
0.112188995 	 0.9616152
0.10736334 	 0.9642711
0.10695902 	 1.1504134
0.13480522 	 1.026607
0.22017056 	 0.9379811
0.2629054 	 1.0502714
0.15025991 	 0.6899323
0.1509269 	 0.70849866
0.22557269 	 0.92259276
0.15740621 	 1.3611451
0.1725462 	 0.59920317
0.14919014 	 1.0655651
0.17954545 	 0.9026419
0.510118 	 0.91974276
0.4729735 	 0.8311464
0.18243767 	 0.60328513
0.2511437 	 0.81663996
0.26463538 	 1.0471264
0.27113917 	 0.6238007
0.20495771 	 0.6368753
0.17618467 	 0.97966456
0.14975874 	 0.96756476
0.17933427 	 0.8035594
0.16889183 	 0.73167425
0.18258382 	 0.59095395
0.19104877 	 0.9705741
0.09863497 	 0.78471446
0.082145944 	 0.58058995
0.102299236 	 1.1468024
0.10933206 	 0.96102554
0.10503608 	 1.6922039
0.18348977 	 1.1850809
0.2000219 	 0.7155886
0.20613377 	 0.6453993
0.17583498 	 1.1232259
0.20233898 	 0.6871063
0.17884512 	 0.5829144
0.18528864 	 0.52689606
0.17704001 	 0.51569986
0.18543974 	 0.71412027
0.1879295 	 1.0440961
0.17692895 	 0.9594568
0.19065525 	 0.6898139
0.18095958 	 0.45107973
0.18116225 	 0.8395021
0.18579136 	 0.8304772
0.15675439 	 1.0964519
0.15071829 	 1.2051303
0.14702027 	 0.7628753
0.13602284 	 0.45663297
0.12337164 	 0.6620021
0.11137695 	 0.4275777
0.12813422 	 0.5766747
0.09319339 	 0.30631882
0.10343908 	 0.7634891
0.099316716 	 0.6899331
0.096001774 	 0.9833084
0.10270993 	 2.05511
0.09639984 	 1.4929012
0.08911544 	 0.57151604
0.085973665 	 0.6108384
0.101246096 	 1.0633916
0.09675921 	 1.032855
0.09499955 	 0.9184702
0.116253465 	 0.6239869
0.096120864 	 0.8741122
0.09149231 	 0.47902745
0.07899693 	 0.60585123
0.08587325 	 0.8282497
0.089238346 	 0.254787
0.08467235 	 0.5950375
0.08968654 	 1.0912459
0.0920962 	 1.1744103
0.07602596 	 0.7299706
0.08855425 	 0.58162016
0.09162223 	 1.6214216
0.090214714 	 0.7677283
0.09013683 	 0.32528064
0.08906104 	 1.4612025
0.091311276 	 1.0089853
0.095571525 	 0.6802764
0.09253771 	 0.34119615
0.09191349 	 0.46152896
0.10238923 	 0.78810394
0.09955906 	 0.99553764
0.10708905 	 0.35265583
0.105303325 	 0.8263388
0.100303054 	 1.1310573
0.10348595 	 0.46605104
0.11096042 	 0.4426737
0.1068456 	 0.5359197
0.11458331 	 1.2918382
0.10467559 	 0.5738957
0.11245896 	 0.76434696
0.103842504 	 0.5819066
0.099880435 	 0.8748685
0.10678186 	 0.74659175
0.0883781 	 0.7539526
0.09731241 	 0.819336
0.11469127 	 0.9201747
0.11448326 	 0.49085775
0.10869535 	 0.9949976
0.11199771 	 0.56795734
0.10939962 	 0.805967
0.107506886 	 1.0008826
0.0916856 	 1.5224218
0.10668855 	 0.84525657
0.10119927 	 0.7440486
0.10853921 	 0.609392
0.1053269 	 0.5016141
0.10091888 	 0.83236676
0.105329745 	 0.5705953
0.12813957 	 0.6491958
0.11987419 	 1.443953
0.13021994 	 1.2694091
0.13148744 	 0.9443606
0.13504623 	 0.891234
0.15721451 	 0.71515036
0.15420157 	 0.51116806
0.18657623 	 0.42694837
0.19227691 	 0.5265734
0.18290117 	 0.3423733
0.16569266 	 1.0101969
0.20230052 	 0.53640455
0.16935354 	 0.80669343
0.18521912 	 0.979812
0.19725956 	 0.6409478
0.19286403 	 0.75653875
0.1945136 	 0.5376703
0.18629599 	 1.0427675
0.20342232 	 0.6833212
0.21006706 	 0.66015863
0.1902771 	 0.5886959
0.17792927 	 0.7031679
0.17409155 	 1.3314985
0.18313845 	 0.7282066
0.16838695 	 0.61846626
0.15946214 	 0.9242543
0.1793767 	 0.9538702
0.15908094 	 0.59177667
0.15886746 	 1.0135194
0.15905319 	 1.178954
0.15406813 	 0.52053136
0.48337165 	 0.86970305
0.47033146 	 0.8892144
0.44325942 	 1.152103
0.45887035 	 1.0381507
0.32765856 	 0.8059926
0.31866068 	 1.149674
0.31585014 	 1.0684031
0.30288222 	 0.69984806
0.3419052 	 1.1410643
0.35472795 	 0.8147074
0.34286383 	 1.2261983
0.3812732 	 0.9613731
0.38186517 	 1.1622301
0.37322804 	 1.1133987
0.32562834 	 1.1782215
0.35381955 	 1.0252637
0.35391212 	 1.0464256
0.34544304 	 0.9664168
0.36106825 	 1.2056243
0.36688456 	 1.1334664
0.36900505 	 0.819995
0.36496377 	 1.3366336
0.34903142 	 0.7727914
0.4178561 	 0.9713517
0.38496754 	 1.1338536
0.4654425 	 0.9509262
0.42999548 	 1.1845752
0.41667494 	 1.0539323
0.40225393 	 1.0299901
0.40534475 	 0.98752224
0.38598245 	 1.2151951
0.37337938 	 1.192132
0.37580144 	 1.1499292
0.33717465 	 1.3161131
0.32530475 	 1.0733198
0.33628732 	 0.9729558
0.32227138 	 1.4062512
0.27134737 	 1.226703
0.24144697 	 0.93200666
0.2407482 	 1.1363
0.24440984 	 1.3831275
0.25085235 	 1.1369675
0.23520592 	 1.2872916
0.238283 	 1.4228303
0.23530817 	 1.5598007
0.23057112 	 1.2717772
0.21321155 	 1.0182887
0.21086343 	 1.8808072
0.20345439 	 1.3445442
0.22272386 	 1.283999
0.21966399 	 1.4522028
0.24724872 	 1.1701592
0.25677678 	 1.2491556
0.26303115 	 1.3628815
0.30724344 	 1.0221288
0.30915737 	 1.2288295
0.32453752 	 0.9992933
0.37796235 	 0.97354734
0.361954 	 0.9917295
0.41678652 	 0.82345897
0.3814551 	 1.0084177
0.40645048 	 0.9745072
0.40563256 	 1.148744
0.3757355 	 1.0634056
0.3518208 	 0.8649821
0.31445992 	 1.1237205
0.29799324 	 1.0240737
0.2712724 	 0.8920349
0.25574672 	 1.451827
0.25016937 	 1.2461336
0.25252074 	 1.0105494
0.2419369 	 1.3638188
0.25801975 	 1.3462003
0.22661953 	 0.8504676
0.25117013 	 1.2075895
0.25331044 	 0.85397977
0.26603997 	 1.556083
0.27577502 	 1.2837934
0.33536398 	 1.0214075
0.3535283 	 0.8709291
0.42777377 	 0.7995211
0.47115338 	 0.8738896
0.46922088 	 0.97148067
0.491594 	 0.8097859
0.49708313 	 0.8104099
0.5076051 	 0.89601153
0.5021746 	 0.782604
0.46802235 	 0.9288582
0.47495505 	 0.923361
0.47493032 	 0.87079996
0.4848209 	 0.80948293
0.4769315 	 0.8962492
0.45228145 	 0.89851
0.25208473 	 1.499491
0.2780031 	 1.1150212
0.26290184 	 1.407935
0.2509671 	 0.8418083
0.28504395 	 1.2651188
0.24948643 	 1.1266209
0.23378499 	 1.0568357
0.26297766 	 0.90822154
0.2576331 	 1.3526288
0.2493255 	 1.393898
0.26090726 	 0.82539546
0.2643521 	 1.1468503
0.2545797 	 1.5303147
0.27046037 	 1.4398926
0.25833967 	 1.355398
0.2553096 	 1.3984344
0.25774947 	 1.3958851
0.2664751 	 1.1734682
0.23657697 	 1.416618
0.2598471 	 1.3479856
Summary
0.07602596  -  0.510118 ,  0.254787  -  2.05511
accuracy:  100.0
equal predictions:  0
TensorFlow version: 1.13.1
Found 939 images belonging to 1 classes.
argN = 3136
argN = 3136
0.56671315 	 0.98642576
0.6107407 	 0.7092067
0.56433594 	 0.7539631
0.56851685 	 1.269074
0.53796697 	 1.3602005
0.24447142 	 1.8721212
0.19293387 	 1.6261151
0.17944638 	 1.919626
0.23179372 	 1.7000468
0.12754211 	 1.0680857
0.15129359 	 0.63086736
0.14943054 	 0.5436619
0.13794957 	 0.5404725
0.153441 	 0.5123039
0.34254155 	 0.878876
0.27559707 	 0.39936745
0.22871695 	 0.40395933
0.2337252 	 0.4085858
0.33760598 	 0.41929424
0.2273789 	 0.62951314
0.1924438 	 1.1055942
0.23105575 	 1.4164157
0.24053574 	 1.6392986
0.18269116 	 2.01084
0.2954148 	 2.869144
0.29363424 	 2.3807688
0.30923632 	 2.2355614
0.3437798 	 1.8520248
0.4692587 	 0.6235347
0.49225628 	 0.62884045
0.55619466 	 0.5895753
0.56007814 	 0.60165364
0.5221081 	 0.58938
0.5162026 	 0.5411194
0.5585434 	 0.6136668
0.6945164 	 0.9023541
0.72038347 	 1.0953385
0.54863924 	 1.0735453
0.69259626 	 0.81797475
0.6262354 	 0.8409507
0.6492417 	 0.9025496
0.4128557 	 0.94655466
0.454216 	 0.93099964
0.4627899 	 0.9388664
0.36764237 	 1.158968
0.30689615 	 1.350187
0.21174558 	 1.5922954
0.15518956 	 1.7621566
0.116526596 	 1.7345073
0.11385027 	 2.1019065
0.12938945 	 2.2642639
0.12183089 	 2.0281744
0.11999071 	 2.2790399
0.2317224 	 0.7378462
0.3148817 	 0.8981712
0.3408559 	 0.62881
0.30308342 	 0.45493644
0.2558081 	 0.37225148
0.44885913 	 0.44242364
0.18014236 	 0.84596324
0.19444628 	 1.1611735
0.18400879 	 1.6231776
0.13002557 	 2.0835876
0.09842277 	 1.2604252
0.08576726 	 2.0328972
0.07823407 	 1.7258139
0.08832621 	 1.6042225
0.099317245 	 2.4475105
0.14324892 	 1.9176017
0.16474442 	 1.8751577
0.43024117 	 0.5343394
0.57951325 	 0.6594945
0.578411 	 0.5811814
0.4752566 	 0.778457
0.46700254 	 0.8716994
0.41078606 	 1.0297619
0.37383074 	 1.0217173
0.469271 	 1.0170612
0.50869393 	 0.8807293
0.46689823 	 0.90601796
0.3698276 	 1.2197409
0.19417359 	 1.3151045
0.15767275 	 1.9237257
0.31595215 	 1.3150766
0.21306373 	 1.4255718
0.23521277 	 1.3440896
0.20509848 	 0.82534474
0.18307245 	 1.3739976
0.211554 	 1.5373731
0.07437128 	 2.2923203
0.078267135 	 2.278864
0.15535511 	 1.4174227
0.13834943 	 1.5386575
0.12813558 	 1.3544238
0.33191568 	 0.44495016
0.3347737 	 0.4076379
0.35656437 	 0.41562214
0.36036098 	 0.502514
0.3560796 	 0.45961994
0.355355 	 0.3630502
0.3737974 	 0.3877797
0.3866546 	 0.4150486
0.36884272 	 0.4316886
0.37099916 	 0.31133163
0.36534026 	 0.38431105
0.3846028 	 0.4654354
0.3786621 	 0.6604513
0.34853122 	 0.5579579
0.35002854 	 0.5078196
0.28827447 	 0.5347891
0.27712134 	 0.5974859
0.24837443 	 0.64211357
0.25416476 	 0.571112
0.2512453 	 0.6116801
0.26359555 	 0.5924431
0.23072365 	 0.68026304
0.22827284 	 0.64518106
0.22738227 	 0.66253656
0.2187333 	 0.76632905
0.19360349 	 0.66712856
0.19172427 	 1.0507189
0.17670937 	 0.77985865
0.18885326 	 0.95654386
0.19558865 	 0.92633635
0.18575132 	 0.9484413
0.16732404 	 0.9710879
0.17290933 	 1.0339487
0.17787863 	 0.82392734
0.17751804 	 1.0164362
0.16586438 	 0.9521278
0.13718075 	 0.88875806
0.14485489 	 1.3000695
0.12962556 	 1.5673337
0.11934221 	 0.8042491
0.10045785 	 1.026858
0.09945385 	 1.469705
0.10260742 	 1.5413796
0.10075887 	 0.79956263
0.09559664 	 0.75462276
0.090788074 	 0.8834491
0.09846204 	 1.1511039
0.09651413 	 1.0794739
0.077228434 	 0.96508145
0.057158314 	 0.7483348
0.05183768 	 1.2799315
0.06413901 	 1.1576283
0.06840557 	 0.97264
0.069759 	 1.1624488
0.06560886 	 1.2678055
0.06006152 	 1.0422436
0.0687877 	 0.7434466
0.06873758 	 0.9178617
0.07380661 	 0.9894062
0.0733429 	 1.1226025
0.06751747 	 0.9972565
0.07019931 	 0.8378023
0.0617654 	 0.89398146
0.08473566 	 1.4252708
0.07594435 	 0.93333554
0.08401347 	 0.9455889
0.08572719 	 1.1902114
0.10441744 	 0.9952177
0.09732529 	 1.2837044
0.100991875 	 1.0351539
0.1065745 	 1.3563715
0.124061495 	 0.97609216
0.11844589 	 1.3222516
0.12948647 	 1.0415897
0.14758763 	 0.92927253
0.1397458 	 0.80873597
0.15245196 	 0.8010323
0.15214232 	 0.9216469
0.16851942 	 0.7166716
0.16753848 	 1.090797
0.14536698 	 0.9826687
0.14082232 	 0.83926046
0.13115317 	 0.8431476
0.12635884 	 0.7399413
0.11592886 	 0.98660624
0.11242114 	 0.6679754
0.12236123 	 0.9268134
0.11318438 	 0.75382584
0.12633435 	 1.1693705
0.10968047 	 0.86719245
0.122790016 	 0.8000447
0.112583295 	 0.94869214
0.1122056 	 0.8173229
0.114847235 	 1.0013621
0.12273227 	 0.9420971
0.107994825 	 0.79101324
0.097629316 	 1.0053024
0.10652921 	 0.94058484
0.094085686 	 1.1592118
0.07416642 	 1.5872406
0.065283746 	 0.9785987
0.06602233 	 1.1317481
0.47057056 	 0.7356002
0.45154005 	 0.5757702
0.4555424 	 0.5901434
0.437931 	 0.80674833
0.43936884 	 0.7435603
0.42690647 	 0.6990586
0.41897872 	 0.7608255
0.40987128 	 0.6589755
0.3861587 	 0.9074231
0.37530875 	 0.69583744
0.40549332 	 0.71781766
0.39776868 	 0.9267648
0.38197657 	 0.7651715
0.3880465 	 0.53578836
0.37941372 	 0.6654661
0.35941833 	 0.76507634
0.34931117 	 0.6731741
0.3296632 	 0.7879873
0.32623592 	 0.68824935
0.33629557 	 0.6260829
0.33057925 	 0.7290643
0.3287944 	 0.9635377
0.33016565 	 0.8638291
0.3229905 	 0.780953
0.30160305 	 0.67298293
0.30160677 	 0.74985963
0.30293542 	 0.8319276
0.30232692 	 0.9934294
0.31179866 	 1.0078664
0.31930172 	 0.71392006
0.32104895 	 0.63562626
0.3120505 	 0.94229686
0.37877473 	 0.7794585
0.39384088 	 0.912716
0.3874755 	 0.6806214
0.41159955 	 0.75725484
0.355637 	 0.6027922
0.32822424 	 0.5693589
0.33466297 	 0.6731709
0.31841117 	 0.72677845
0.32556877 	 0.75145906
0.33395854 	 0.5443019
0.3247638 	 0.66826606
0.33943352 	 0.6395466
0.33791646 	 0.90786195
0.33939835 	 0.776437
0.34637427 	 0.67400664
0.3259614 	 0.4313465
0.33399433 	 0.81975466
0.38588583 	 0.8422603
0.42274114 	 0.6352401
0.36102036 	 0.763561
0.34684405 	 0.78912914
0.30783805 	 0.6394868
0.26369634 	 1.0450052
0.30412233 	 1.0003206
0.31235355 	 0.91455376
0.32394648 	 0.74453366
0.3512893 	 0.72282773
0.33306947 	 0.8659622
0.33252206 	 0.50283927
0.2622739 	 0.8310233
0.27035952 	 1.0103114
0.26301053 	 0.6991333
0.26457363 	 0.8462283
0.24670468 	 0.9520781
0.22438513 	 0.8134507
0.26570272 	 0.7332822
0.25742704 	 0.8845945
0.2605241 	 1.045914
0.33666533 	 0.83554554
0.34891346 	 0.8050465
0.3444742 	 0.7256255
0.34917307 	 0.6412829
0.35309997 	 0.9197782
0.3160959 	 0.641969
0.3507835 	 0.8125324
0.36066192 	 0.7071879
0.35110545 	 0.72456354
0.41021132 	 0.8157891
0.3499453 	 0.46882328
0.27457216 	 0.84685504
0.2539631 	 0.75889987
0.281325 	 0.70027286
0.28550458 	 0.82069397
0.34499696 	 0.7005905
0.45624685 	 0.7256479
0.5007773 	 0.63623214
0.49882722 	 0.63629556
0.48991793 	 0.7558822
0.47842398 	 0.67479354
0.4888842 	 0.58455956
0.4779658 	 0.5960308
0.47692555 	 0.627354
0.4258925 	 0.5933539
0.43096444 	 0.52293426
0.46152687 	 0.5270055
0.41455877 	 0.62082136
0.41995922 	 0.6124415
0.40204325 	 0.6283891
0.35280907 	 0.6562298
0.32339722 	 0.63821185
0.29889786 	 0.6299375
0.29360384 	 0.63080114
0.29023236 	 0.62166995
0.25818303 	 0.73738176
0.23269309 	 0.7516877
0.22919431 	 1.1617367
0.20818685 	 0.8087159
0.19568932 	 0.9017216
0.23095348 	 1.2264019
0.2948111 	 0.73470354
0.31604406 	 0.7168137
0.30434775 	 0.74995404
0.31403047 	 0.7146878
0.27386183 	 0.7340265
0.2500107 	 1.0835749
Summary
0.05183768  -  0.72038347 ,  0.31133163  -  2.869144
accuracy:  99.4
equal predictions:  0
