TensorFlow version: 1.13.1
Found 939 images belonging to 1 classes.
argN = 3136
argN = 3136
0.20685443 	 1.6777133
0.2693863 	 1.840204
0.31809422 	 1.4444212
0.028825073 	 1.6990716
0.018743865 	 2.0851438
0.011490605 	 1.8283191
0.011366046 	 1.5862198
0.0048049907 	 1.0822139
0.020429514 	 1.7967267
0.009080265 	 1.4583117
0.0061424887 	 1.5317976
0.08609255 	 1.117338
0.22017367 	 1.3068235
0.07919517 	 1.2715688
0.13216034 	 1.2805886
0.21008302 	 1.1868242
0.21314937 	 1.8159064
0.24494746 	 1.4220489
0.2905174 	 1.6905364
0.17900458 	 1.2382073
0.29397342 	 1.4693091
0.13586524 	 1.7071093
0.05580809 	 1.110057
0.06567824 	 1.1104897
0.0598135 	 1.3426188
0.03475797 	 1.2915473
0.017078634 	 1.7895542
0.009357226 	 1.4633226
0.2967302 	 1.4623232
0.44243616 	 1.2017932
0.41968232 	 1.471255
0.37994435 	 1.8870876
0.36457956 	 1.7678707
0.32303134 	 1.5094402
0.2594085 	 1.449311
0.1069642 	 1.703309
0.30318236 	 1.8226929
0.3529895 	 1.5629482
0.035163756 	 1.8054037
0.08030735 	 1.6497679
0.032432564 	 1.7334902
0.012194357 	 1.592973
0.012191702 	 1.6879835
0.008215706 	 1.8969101
0.01082868 	 1.6007501
0.011545172 	 1.940359
0.1250912 	 1.1836648
0.07739954 	 1.8563343
0.05561065 	 1.6345804
0.055472847 	 2.0549731
0.06542717 	 1.1455213
0.064042546 	 1.3014427
0.065515436 	 1.8018795
0.056200814 	 1.3698673
0.072283596 	 1.7060052
0.040696543 	 1.2680727
0.08533451 	 2.174981
0.046442732 	 1.6107031
0.04309367 	 1.7213929
0.025460845 	 1.3710583
0.016222702 	 1.4478046
0.006958559 	 1.5686058
0.0016331889 	 1.2799624
0.0041529825 	 1.770963
0.010494028 	 1.7932948
0.022535827 	 1.7264124
0.076541565 	 1.8735799
0.04816432 	 1.9438171
0.03790193 	 1.6317328
0.02972809 	 1.6545069
0.013865005 	 1.5649518
0.015088088 	 1.9386812
0.012798863 	 1.4508332
0.037753798 	 1.1186167
0.038830288 	 1.3128682
0.07467065 	 1.2434034
0.07370619 	 1.7351729
0.07695771 	 2.4886024
0.012293011 	 1.6675873
0.010577816 	 1.603409
0.014968707 	 1.4351921
0.063088015 	 1.266489
0.16510804 	 1.2616851
0.044092514 	 2.198192
0.04071554 	 1.8994066
0.054223116 	 1.5928876
0.025347373 	 1.6689123
0.009439174 	 1.6603321
0.010401995 	 1.2992741
0.005702092 	 1.8709589
0.0063285986 	 1.6013943
0.004776363 	 1.7858244
0.0029510248 	 1.3358041
0.0022756103 	 1.3104833
0.011249098 	 2.4140882
0.0156075265 	 1.5748148
0.051632483 	 1.2884609
0.034520283 	 0.9599943
0.054709148 	 0.4918432
0.05385054 	 0.5816549
0.048401147 	 0.89442617
0.0501446 	 0.50508106
0.065174185 	 0.6763228
0.060680665 	 0.5274639
0.061063718 	 1.3286874
0.065954395 	 0.8860344
0.05229253 	 1.1029912
0.060707014 	 0.94594926
0.05297268 	 0.44385847
0.057680566 	 0.5500262
0.05406959 	 0.628641
0.058186162 	 0.69139254
0.054389253 	 0.540252
0.06388388 	 1.187014
0.054830346 	 0.88219625
0.054297496 	 0.64227897
0.04847084 	 0.68243855
0.04433492 	 1.0086936
0.02290015 	 0.7082119
0.029782925 	 0.70903677
0.021495666 	 0.43714553
0.022229291 	 0.72468275
0.0145481145 	 0.5889109
0.013416181 	 0.43726256
0.010309309 	 0.8263966
0.008897731 	 0.6906185
0.009022043 	 0.99892086
0.009577394 	 1.6510583
0.008029244 	 0.5206252
0.008716012 	 0.6626228
0.006713164 	 1.1066805
0.007676366 	 0.63536924
0.00847758 	 0.7948995
0.0106837815 	 1.1004267
0.009614164 	 0.8934443
0.010985533 	 0.5488511
0.010233432 	 0.625073
0.009915533 	 0.76138276
0.00571534 	 0.92886263
0.0062266327 	 0.6782182
0.008347265 	 0.55910975
0.0044551045 	 0.38518444
0.007869731 	 0.4506685
0.008419994 	 0.6466149
0.0063892435 	 0.35875836
0.0061468664 	 0.46863043
0.0044045746 	 1.3883809
0.004303044 	 0.57102114
0.0024335168 	 0.55300426
0.0038365312 	 1.4839007
0.0040316684 	 0.7090089
0.004960841 	 0.40206572
0.004681142 	 0.48369625
0.008159397 	 1.211706
0.0029501282 	 1.5045022
0.004473485 	 0.5493895
0.005396417 	 1.1970531
0.003699641 	 1.1005852
0.0038014094 	 0.37387303
0.0019168139 	 0.70556283
0.0038327617 	 0.64875877
0.0034851893 	 0.79622614
0.0028777362 	 0.8992173
0.0033531315 	 0.8226684
0.004641739 	 0.8064781
0.0035983615 	 0.42972374
0.008409294 	 0.7400344
0.0088241855 	 0.5567782
0.008137403 	 0.69086635
0.008210297 	 0.5103439
0.010239755 	 1.1703798
0.012313045 	 1.1209897
0.008874879 	 2.2134123
0.010056588 	 1.4718373
0.012973658 	 0.4443566
0.009907225 	 0.8993802
0.012037918 	 0.35367164
0.014725512 	 0.66880727
0.014743598 	 1.026164
0.012004376 	 0.92977387
0.011873059 	 0.759985
0.022582343 	 0.81862026
0.02677344 	 0.39479357
0.03070033 	 1.1418735
0.045967814 	 0.38023618
0.055354785 	 0.52925456
0.04721389 	 1.1158764
0.049579605 	 1.0273854
0.046561245 	 0.6323389
0.052410923 	 0.77879196
0.043911323 	 0.91207653
0.048701797 	 0.39881685
0.05198113 	 0.6480932
0.045058373 	 0.613596
0.038402144 	 0.78134066
0.021502852 	 1.5821153
0.01784998 	 0.61097634
0.013845303 	 1.7087915
0.009811515 	 1.0454539
0.0041684844 	 1.0043174
0.008635386 	 0.36923075
0.17533283 	 1.0803955
0.17089361 	 0.971873
0.16418466 	 1.0582459
0.17566672 	 0.8200375
0.14465684 	 1.4772578
0.12807298 	 1.4109398
0.088454485 	 0.7401295
0.09890564 	 1.5180277
0.090171464 	 1.6587634
0.09987253 	 1.7283255
0.091354966 	 0.99993324
0.09500342 	 1.4351642
0.10415871 	 1.5419476
0.079605974 	 1.1197942
0.079243176 	 1.3572336
0.0808832 	 1.0133504
0.083199486 	 0.6883174
0.08754033 	 1.098247
0.08245271 	 1.4264019
0.10511864 	 1.5280931
0.114148274 	 1.2801944
0.14400528 	 1.0662327
0.16438873 	 1.4628075
0.15436766 	 1.2833798
0.11639916 	 1.4282813
0.09509099 	 1.6354569
0.09600079 	 1.293574
0.07916433 	 1.1939123
0.12870148 	 0.67473996
0.1679856 	 1.0800799
0.18177113 	 0.52908576
0.102043815 	 1.5816201
0.09243356 	 0.8957137
0.09081816 	 1.1401457
0.06411785 	 1.2368921
0.07600609 	 1.1002076
0.07959132 	 1.1745147
0.060336888 	 1.7930835
0.06502514 	 1.2652059
0.04636531 	 2.3274486
0.038325157 	 1.3805937
0.052700337 	 1.2831862
0.06115559 	 1.7875664
0.06327113 	 1.0450801
0.077698275 	 0.8184928
0.07668963 	 1.6211472
0.14210197 	 1.4253817
0.13912895 	 1.349383
0.17310236 	 0.64707774
0.1002114 	 1.1066564
0.106130995 	 1.323496
0.09736385 	 0.67076653
0.087125346 	 0.8203017
0.0913517 	 0.7893612
0.06032505 	 1.4759872
0.0606787 	 0.95533097
0.062821224 	 1.5727712
0.05629382 	 0.8779041
0.054758757 	 1.1359955
0.05691581 	 1.609449
0.05130981 	 1.4458798
0.055932697 	 0.9605351
0.0526688 	 0.93744385
0.07015059 	 1.737686
0.070595495 	 1.6255934
0.0704136 	 2.0991821
0.076866366 	 1.0340232
0.14310524 	 1.4255443
0.14568445 	 1.4996766
0.15382849 	 1.4359933
0.15262872 	 0.9567294
0.20693243 	 0.83532727
0.21727505 	 1.3401794
0.24487223 	 0.76935786
0.25911033 	 0.9469553
0.27168104 	 0.8354207
0.27415824 	 1.1536273
0.29340208 	 0.9990424
0.28989968 	 0.8890215
0.2961354 	 1.0788374
0.3128258 	 0.75253767
0.38778076 	 0.946859
0.38380137 	 0.89602077
0.34247044 	 0.8864951
0.29364 	 0.71202123
0.24409458 	 0.9638735
0.17315999 	 1.1570992
0.16828524 	 1.026257
0.13744782 	 0.7119364
0.1136399 	 1.7066777
0.10203827 	 1.4233958
0.06668711 	 1.0953213
0.06355958 	 0.7711473
0.06705372 	 1.2817385
0.06647642 	 1.7753938
0.057287198 	 0.8365614
0.07364222 	 1.1640918
0.061043188 	 1.7394564
0.07139959 	 1.5967133
0.070949405 	 1.3751885
0.06864807 	 1.2605065
0.07137373 	 1.1602733
0.06777027 	 1.3351818
0.06317525 	 1.1975056
0.054716386 	 1.6373209
0.06038817 	 1.6018075
0.05164874 	 1.1593882
0.057926606 	 1.0613345
0.05561235 	 1.0822201
0.054287177 	 1.5218784
0.052617345 	 1.4222753
0.050837718 	 1.0575998
Summary
0.0016331889  -  0.44243616 ,  0.35367164  -  2.4886024
accuracy:  100.0
equal predictions:  0
TensorFlow version: 1.13.1
Found 939 images belonging to 1 classes.
argN = 3136
argN = 3136
0.43755168 	 2.2763717
0.46615127 	 1.9193237
0.4527759 	 2.0363061
0.2913904 	 1.7475314
0.37557834 	 2.090096
0.42300543 	 1.9902643
0.3736345 	 1.6832188
0.32196358 	 2.0151603
0.3131749 	 2.047767
0.17165485 	 2.059182
0.044077877 	 1.4830409
0.021706402 	 2.001139
0.018659147 	 2.4408448
0.035075597 	 2.0141275
0.20240822 	 1.5815117
0.3469874 	 1.138021
0.22212385 	 2.0563006
0.35254896 	 1.6653856
0.36495984 	 1.8741455
0.31245506 	 2.069639
0.31400126 	 1.7289741
0.40534538 	 1.8174624
0.22893424 	 1.9326509
0.0901397 	 2.1642785
0.061092988 	 2.2485256
0.05725993 	 2.4063797
0.032119345 	 1.9147197
0.039546236 	 1.9732018
0.027934516 	 2.560194
0.022477852 	 2.3395143
0.73953456 	 2.3004208
0.78762376 	 2.2979352
0.83189636 	 1.962819
0.9136495 	 2.313594
0.86124265 	 2.2035544
0.77522784 	 2.8812838
0.6335864 	 2.0671973
0.55205494 	 2.6826456
0.40710598 	 2.4341462
0.51196873 	 2.0379343
0.41190645 	 2.001922
0.048158504 	 2.0273452
0.04217795 	 2.0611768
0.14010449 	 1.7231618
0.10453205 	 2.055636
0.1026559 	 1.9647418
0.12348844 	 2.2434916
0.111917645 	 2.2870328
0.033605535 	 1.9426941
0.022842092 	 2.8773365
0.14798017 	 1.4843034
0.10169502 	 1.7598867
0.10372686 	 1.4962752
0.108029224 	 1.9080445
0.09025972 	 1.6775353
0.10144913 	 1.8176907
0.11232937 	 1.9731699
0.039862532 	 2.356549
0.02948969 	 2.2470574
0.013381326 	 1.9060049
0.014367422 	 2.0508409
0.012703057 	 2.4120266
0.01203665 	 1.9446294
0.01615098 	 2.39768
0.025993347 	 2.1200495
0.056459356 	 1.9190495
0.15275669 	 1.7609543
0.14887549 	 2.256676
0.10976993 	 2.4433885
0.091651306 	 2.6562786
0.076571934 	 2.4498808
0.043627117 	 2.4754326
0.051408257 	 2.0258486
0.08865643 	 1.8128263
0.090182036 	 2.4140184
0.12080777 	 1.8747585
0.11104887 	 1.4769281
0.10463145 	 1.7486167
0.1009022 	 2.1454685
0.065110445 	 2.2496357
0.033005938 	 2.0951197
0.14550829 	 1.5969311
0.11835732 	 1.6620629
0.038034234 	 1.6811224
0.25076059 	 1.3926378
0.23205814 	 1.132735
0.19875832 	 1.3979145
0.14485757 	 1.697259
0.076175176 	 2.0719666
0.08393691 	 1.6523358
0.08379833 	 1.8412606
0.1017558 	 1.6545914
0.060633484 	 2.0830488
0.016268441 	 1.9761921
0.025723422 	 2.6291728
0.009732846 	 2.4581792
0.08158651 	 2.0238516
0.09039947 	 1.7117441
0.022109237 	 2.161666
0.10190475 	 0.85392517
0.10905284 	 0.60532856
0.10683499 	 0.98629665
0.108124055 	 1.2225686
0.103257716 	 1.2623255
0.11011936 	 0.8397411
0.10144537 	 1.1629839
0.10082664 	 0.56940234
0.102714755 	 1.0941023
0.11401987 	 1.0832225
0.100477286 	 0.6957026
0.095563725 	 0.7993127
0.08895464 	 0.87293977
0.10153925 	 0.9820875
0.091103636 	 1.0093887
0.11274668 	 0.79576254
0.10016811 	 1.1460685
0.08432074 	 1.0656922
0.08018051 	 0.82979774
0.08134745 	 1.2479029
0.07865847 	 0.90964496
0.0669854 	 0.67387754
0.04476929 	 0.66674083
0.047543935 	 0.92346305
0.039104395 	 1.1189173
0.029470475 	 0.81133807
0.033727653 	 0.82322395
0.027466653 	 0.94619197
0.03019603 	 0.9327758
0.025367852 	 0.9017471
0.021196755 	 1.3320612
0.022645261 	 1.184471
0.019141316 	 0.7399178
0.018732447 	 1.2887874
0.027593661 	 0.7525281
0.02075899 	 1.065743
0.027373964 	 1.4119471
0.017617306 	 1.2599092
0.019708091 	 2.6738753
0.017991249 	 1.0165054
0.020708421 	 1.3176296
0.01620029 	 1.9667587
0.015665527 	 0.9039797
0.013686853 	 0.9848608
0.013653136 	 1.3852545
0.01667988 	 0.8274332
0.015595902 	 0.8108875
0.010860435 	 1.2391614
0.008479804 	 1.0777199
0.009063243 	 0.825741
0.008804763 	 1.0180554
0.011098292 	 0.77928364
0.014993211 	 0.821714
0.011291836 	 1.1260732
0.0103126215 	 0.8835071
0.010729809 	 1.315287
0.010473006 	 1.2704304
0.011292379 	 1.4796122
0.010396274 	 1.08908
0.014360771 	 1.8652388
0.015027397 	 1.0862925
0.021582391 	 0.5036698
0.025979767 	 1.0928245
0.02609013 	 0.5928554
0.020806579 	 1.5596879
0.027024543 	 0.71740353
0.02650312 	 0.7955328
0.028886484 	 0.84652704
0.020856667 	 2.0785408
0.023805825 	 0.9582688
0.036360394 	 1.3231877
0.041098658 	 1.2566081
0.048405465 	 0.5687994
0.05984995 	 0.85141206
0.070442185 	 1.3295487
0.07562788 	 0.6507883
0.07744867 	 1.2039086
0.07767701 	 1.0008943
0.08270337 	 1.2182236
0.08608247 	 0.73141724
0.088511266 	 0.8675583
0.08276313 	 0.7542885
0.08967174 	 0.9536084
0.08783671 	 0.84148705
0.08182925 	 0.92289275
0.07896416 	 1.334437
0.07412033 	 1.4300969
0.075494684 	 0.9777929
0.061515752 	 0.63748735
0.05795389 	 0.85870814
0.05062558 	 0.7416462
0.05063643 	 1.1772835
0.033956952 	 1.1991144
0.016982295 	 1.0948117
0.019816002 	 1.2418312
0.018870015 	 0.7848374
0.27832672 	 1.0814928
0.31462735 	 1.031224
0.20315112 	 1.4127555
0.14961308 	 1.6315999
0.13924637 	 1.1007171
0.15307549 	 1.5685306
0.16706887 	 0.9297261
0.18276836 	 1.5773875
0.17819792 	 1.0397116
0.179287 	 1.4678863
0.20052837 	 1.1294202
0.17138943 	 1.3295943
0.1648149 	 1.4553465
0.15976231 	 1.1646028
0.17576833 	 1.4739233
0.17632608 	 1.5220485
0.16460535 	 1.3428247
0.17652987 	 1.2629596
0.15365067 	 1.1862507
0.17679393 	 1.6709092
0.17472012 	 1.5092998
0.17862113 	 1.3172076
0.17920485 	 0.97467667
0.17178223 	 0.9263542
0.16858003 	 1.5482557
0.16274878 	 1.2276419
0.17076471 	 1.4148289
0.260661 	 1.7108374
0.26383075 	 1.2747312
0.2518328 	 1.5096042
0.20378757 	 1.4891014
0.17571177 	 0.8852624
0.18035156 	 1.0960544
0.17270926 	 1.5253426
0.16720363 	 1.7579204
0.28023314 	 1.2659348
0.2807983 	 1.3822062
0.2202418 	 1.3700205
0.18847127 	 2.4524102
0.20356435 	 1.789379
0.18353546 	 1.3247759
0.16456853 	 1.107708
0.14993973 	 1.4527696
0.1209398 	 0.907285
0.12403862 	 1.5414255
0.12507688 	 1.6183853
0.1395151 	 1.3588526
0.13636728 	 0.7229967
0.13014254 	 1.4216744
0.11588542 	 1.5518266
0.10228894 	 1.857979
0.090418324 	 1.0855972
0.104525365 	 1.8146688
0.0975525 	 1.6310565
0.116852134 	 1.730568
0.1364496 	 1.6602725
0.14665177 	 1.54581
0.15725182 	 1.2588503
0.14149638 	 1.1172835
0.15057915 	 1.27865
0.15233146 	 1.2313627
0.15430096 	 1.3330888
0.15976496 	 1.132134
0.21663825 	 1.3053944
0.24397583 	 1.2123294
0.25084323 	 1.0442249
0.26278245 	 1.028055
0.2669689 	 0.95347726
0.2996288 	 1.4041646
0.28875417 	 1.1602589
0.28043324 	 1.1563947
0.21855128 	 1.2633382
0.1477535 	 1.5994147
0.13634658 	 1.6653831
0.12573405 	 1.7875223
0.10958675 	 1.4310124
0.12981659 	 1.4153521
0.11504476 	 1.3488767
0.12374933 	 1.7619438
0.10379066 	 1.356476
0.09971618 	 1.148421
0.11333123 	 1.4896041
0.12844254 	 1.3650116
0.16607639 	 1.4855249
0.16661644 	 1.3408796
0.16479431 	 1.4814464
0.22034195 	 1.7671729
0.22509548 	 1.4715189
0.2541702 	 0.99090505
0.36565468 	 0.921517
0.4149266 	 0.76138926
0.43769044 	 0.7442799
0.45794126 	 0.8377779
0.47326928 	 0.7550043
0.47279683 	 0.744404
0.40409157 	 0.9535083
0.36826187 	 0.955019
0.3435764 	 0.7299748
0.29056385 	 1.0379242
0.18859915 	 1.352385
0.14335506 	 1.6926265
0.12603067 	 1.3080835
0.11973134 	 1.1011763
0.12727556 	 1.2515765
0.13006663 	 1.1668804
0.11933649 	 1.0249236
0.11762117 	 1.4392228
0.11228849 	 1.1406623
0.11169341 	 0.8901848
0.11944154 	 1.3445215
0.13157426 	 1.7861661
0.12751326 	 1.609174
0.13173737 	 1.6107087
0.12428987 	 1.8151622
0.12354583 	 1.9005554
0.1196045 	 1.4579157
0.11267756 	 1.1037196
0.111773126 	 1.9753845
Summary
0.008479804  -  0.9136495 ,  0.5036698  -  2.8812838
accuracy:  100.0
equal predictions:  0
TensorFlow version: 1.13.1
Found 939 images belonging to 1 classes.
argN = 3136
argN = 3136
0.42777836 	 2.6201725
0.5036773 	 1.8115342
0.28217572 	 2.3882668
0.24279335 	 2.2764194
0.21840155 	 2.0981731
0.08846692 	 2.237847
0.07216879 	 2.3202794
0.041508514 	 1.8508723
0.03379627 	 2.6530213
0.027398223 	 2.2254958
0.29456958 	 1.1505915
0.3224245 	 1.1627781
0.24366337 	 1.3745662
0.13372481 	 2.089759
0.29636496 	 1.9049687
0.30618897 	 1.9982308
0.4286016 	 1.6143415
0.4125495 	 1.7545631
0.37972927 	 1.5468354
0.13569981 	 2.0181086
0.1089435 	 1.8147234
0.054965034 	 2.4323895
0.036148526 	 2.634661
0.038684 	 2.10656
0.03575816 	 2.4801335
0.04208948 	 2.0013762
0.04507702 	 2.2234247
0.045416277 	 1.3171442
0.04701339 	 2.1707525
0.050421327 	 2.3945353
0.06355043 	 2.2775471
0.08675877 	 2.2593753
0.11428732 	 2.016264
0.42843336 	 2.254448
0.6424217 	 2.1734042
0.683737 	 2.1040292
0.6517863 	 2.151295
0.6392863 	 1.8206257
0.84853965 	 1.8249958
0.49876577 	 1.7851669
0.48655447 	 2.3665764
0.4262584 	 1.8394408
0.52508014 	 1.821975
0.6070206 	 2.161046
0.62099403 	 1.848993
0.06346831 	 2.4861732
0.15137424 	 1.8544706
0.15676925 	 1.91691
0.14294149 	 2.0431945
0.13979624 	 1.8426996
0.102223836 	 2.368298
0.04024476 	 2.5603638
0.030337457 	 1.759378
0.02887722 	 2.5557342
0.02678844 	 2.3768122
0.029742336 	 2.044618
0.10630546 	 2.1620834
0.13304397 	 2.0788877
0.15914124 	 2.1414356
0.029572751 	 2.1118546
0.03154488 	 2.183654
0.038177516 	 2.3704116
0.03194185 	 1.9686636
0.026301896 	 1.728913
0.020811936 	 1.829131
0.018929783 	 2.6557133
0.020878151 	 1.8176551
0.022124412 	 2.1382546
0.04568377 	 2.2927191
0.07819553 	 2.2013106
0.0927174 	 1.957614
0.15615651 	 2.422741
0.12787971 	 2.0463567
0.11881917 	 1.572515
0.11826326 	 2.1111176
0.114026815 	 2.3334653
0.08814347 	 2.2092438
0.05876388 	 2.210713
0.050968356 	 1.4800532
0.05404587 	 2.0304515
0.102819055 	 1.9577452
0.14515428 	 1.8686837
0.13130847 	 1.8558831
0.14848751 	 2.472306
0.13774884 	 2.6037412
0.034351923 	 1.812506
0.06568995 	 2.599109
0.24814287 	 1.2793692
0.27863476 	 1.2863284
0.11715452 	 1.6392826
0.08641813 	 2.1140232
0.13856904 	 1.8589529
0.14001384 	 1.7818357
0.14419103 	 1.7464846
0.15019514 	 1.7013024
0.13174458 	 2.0029302
0.041775588 	 2.2701142
0.018139334 	 2.3367412
0.02176488 	 2.701022
0.02195977 	 2.5151672
0.04244122 	 2.211574
0.05140694 	 1.9268737
0.07265253 	 1.8854238
0.09993036 	 1.7152231
0.04672424 	 2.2649145
0.14449628 	 1.0734563
0.13975176 	 1.7116526
0.13541265 	 1.2650814
0.13486722 	 0.98707366
0.15193707 	 1.2787871
0.1283699 	 1.1849327
0.15685269 	 0.81585836
0.13821371 	 1.0512035
0.13917416 	 1.0240841
0.13519305 	 0.8936019
0.13985918 	 0.9554923
0.13006833 	 1.3252919
0.11292483 	 0.7103676
0.09933825 	 1.8199457
0.080884814 	 0.49998534
0.07733874 	 0.8704976
0.085960224 	 1.163242
0.043939225 	 1.3324096
0.048410907 	 1.559452
0.034426197 	 0.6142297
0.029899051 	 1.0839121
0.040920865 	 0.8119225
0.036026914 	 2.7393143
0.036449593 	 1.296753
0.031583264 	 1.1551716
0.0351853 	 1.1063238
0.04343885 	 1.0149105
0.034720205 	 1.3872657
0.039280687 	 0.6996773
0.03876814 	 1.1245843
0.03263681 	 1.2774359
0.030140989 	 0.6841213
0.03626311 	 0.7767094
0.033502534 	 1.3020564
0.020709151 	 1.1476928
0.0223098 	 0.8581489
0.024172014 	 0.5431249
0.022624472 	 0.88120013
0.021275112 	 0.89739066
0.024979653 	 1.2019235
0.021097887 	 0.8114226
0.022939546 	 1.0580804
0.018993992 	 1.3482006
0.020168994 	 0.7837517
0.019147635 	 1.3375013
0.01956579 	 0.874536
0.018202035 	 1.1635184
0.019241508 	 1.4788791
0.020047301 	 1.399172
0.027919438 	 0.85226655
0.01770491 	 1.7027053
0.01742599 	 0.966557
0.018611295 	 1.3026134
0.022141535 	 1.3150537
0.017963333 	 0.7464425
0.019078253 	 1.1940615
0.015488628 	 1.1601388
0.018915389 	 1.0866256
0.019128436 	 0.8313312
0.016838137 	 0.96693534
0.019680493 	 1.114577
0.025141798 	 0.4575117
0.027013091 	 1.273507
0.028231218 	 0.718049
0.031656843 	 0.6824912
0.024954291 	 0.97305876
0.022673247 	 1.1585293
0.028634239 	 0.67243665
0.026716506 	 1.0085994
0.03025857 	 1.1404663
0.03264143 	 1.3986815
0.030527264 	 1.3467947
0.03313612 	 0.749282
0.034219798 	 1.1423441
0.03538616 	 1.245466
0.035020657 	 0.69243205
0.032901403 	 1.2346419
0.034289807 	 0.8203259
0.04704844 	 0.5682159
0.050983664 	 0.6913548
0.05369229 	 1.7428358
0.062046245 	 0.6792666
0.08235154 	 0.5411228
0.07890456 	 0.9278143
0.09917395 	 0.9837532
0.09768465 	 0.8708887
0.11135563 	 1.3169985
0.11486469 	 0.5488039
0.10826412 	 1.382329
0.10109045 	 1.4395446
0.10814491 	 0.7438383
0.077128634 	 0.646818
0.093458995 	 1.248477
0.069116764 	 0.84854496
0.04470696 	 0.7341532
0.049641866 	 1.3510749
0.03868747 	 1.2449281
0.034914672 	 0.64167684
0.034764886 	 1.278934
0.33239666 	 1.0940664
0.3193726 	 0.8421701
0.26979107 	 1.5211695
0.1947685 	 1.3210756
0.19805953 	 0.9962421
0.18370427 	 1.5138508
0.1672314 	 0.97922516
0.16469051 	 1.3758069
0.16297382 	 0.753913
0.17007531 	 1.3180542
0.18967088 	 1.5142529
0.2072895 	 1.6651937
0.2166977 	 1.1823279
0.22915886 	 1.4520499
0.23991896 	 1.2721727
0.22075647 	 1.2586845
0.20722446 	 1.0069187
0.19890012 	 1.5011705
0.22195706 	 1.1197588
0.21079837 	 1.2022697
0.20824036 	 1.4657823
0.20657548 	 1.6639318
0.20475112 	 1.4411044
0.20930542 	 1.3613266
0.191497 	 1.2384834
0.2164564 	 1.5142634
0.21565756 	 1.387056
0.2281176 	 1.6270064
0.22148545 	 1.0239023
0.29785168 	 1.5018406
0.30072683 	 1.3792996
0.28465977 	 1.5361742
0.27732447 	 1.659519
0.25179556 	 1.5690994
0.27537867 	 1.536618
0.2052884 	 1.5946189
0.2390076 	 1.0882688
0.21536809 	 1.604878
0.21195899 	 1.7625215
0.20092805 	 1.0489897
0.3448044 	 1.2240556
0.22076695 	 1.3963298
0.22139493 	 1.6227278
0.22836787 	 1.314641
0.23426834 	 1.1852971
0.22802506 	 1.5653852
0.19775824 	 1.6324282
0.19943498 	 1.4615589
0.19995761 	 1.2745997
0.19048397 	 1.3020952
0.18481506 	 1.4353501
0.17608593 	 1.2152958
0.15317142 	 1.4843659
0.17760481 	 1.3156114
0.16383064 	 1.8985415
0.15010053 	 1.733422
0.1455447 	 1.7588193
0.1501707 	 1.125109
0.12855493 	 1.8684694
0.11846629 	 1.6910074
0.12126469 	 0.8084336
0.15228926 	 1.4405608
0.20553681 	 1.5075113
0.19993818 	 1.4808937
0.19985482 	 1.2962607
0.18989651 	 1.6324781
0.1833016 	 1.64181
0.22852644 	 1.4051075
0.23501644 	 1.4711516
0.24830812 	 1.1289053
0.26376182 	 0.8033756
0.2696005 	 1.1040272
0.30875522 	 1.114043
0.30901855 	 0.95926917
0.31138942 	 1.2018719
0.29224235 	 1.2540431
0.23314664 	 1.3479817
0.1618163 	 1.5825428
0.13110505 	 1.5623689
0.1414032 	 0.98009217
0.13476096 	 1.7541546
0.13144536 	 1.4585254
0.1255663 	 1.6101873
0.1365773 	 1.5561044
0.14015172 	 1.355869
0.14583403 	 1.851163
0.13786821 	 0.9087112
0.22697249 	 0.7420378
0.32628712 	 1.1688316
0.32571453 	 1.1739002
0.34377116 	 0.88441944
0.39964893 	 0.78597754
0.40253726 	 0.7965247
0.44342804 	 0.84808904
0.45644346 	 0.79712176
0.43984178 	 0.7917884
0.15596749 	 1.8153386
0.14618862 	 1.7841502
0.16301893 	 1.6594102
0.1567127 	 0.8584471
0.1467785 	 1.1590755
0.14369082 	 1.4106295
0.17327848 	 1.2081175
0.1637473 	 1.6786029
0.15646188 	 0.8788411
0.16945627 	 1.5049195
0.14676 	 1.3155142
0.12873267 	 1.055335
0.124058396 	 1.3436096
Summary
0.015488628  -  0.84853965 ,  0.4575117  -  2.7393143
accuracy:  100.0
equal predictions:  0
TensorFlow version: 1.13.1
Found 939 images belonging to 1 classes.
argN = 3136
argN = 3136
0.3550309 	 2.197597
0.6135962 	 1.8481882
0.5443723 	 2.1651027
0.25670412 	 1.5666465
0.11031981 	 2.0154674
0.078300916 	 1.7819097
0.046214797 	 2.0688548
0.033917304 	 2.4315531
0.03131447 	 2.2079606
0.029775802 	 1.7417643
0.026096737 	 2.522621
0.020950824 	 1.8312356
0.06662192 	 1.7864438
0.19094443 	 1.4585807
0.16601446 	 1.7583412
0.1484967 	 1.7057256
0.13414308 	 1.8956034
0.15845995 	 2.0718398
0.17309287 	 1.919776
0.3674388 	 1.8503989
0.34591988 	 1.5271087
0.40915796 	 1.8083003
0.2953187 	 2.029484
0.045292657 	 2.699145
0.049688973 	 1.9798828
0.1815321 	 2.327109
0.25889742 	 2.1437569
0.6935793 	 1.8926302
0.56758755 	 2.6297505
0.60396487 	 1.6715758
0.39671716 	 2.3609612
0.38053125 	 1.7133161
0.39324102 	 1.99165
0.51173604 	 2.147648
0.5575709 	 1.8443052
0.03756187 	 2.1686816
0.12408761 	 1.9470855
0.1357975 	 1.8504524
0.14337535 	 2.2888696
0.038423017 	 2.6015816
0.04183146 	 2.1889677
0.02797307 	 1.9404836
0.026051342 	 1.7962966
0.023349589 	 2.478752
0.2788501 	 1.3347555
0.1263794 	 1.7046967
0.09744749 	 1.9230237
0.07527443 	 1.7625442
0.105740294 	 1.8955177
0.12552899 	 1.7369639
0.11275982 	 1.7637751
0.09470504 	 1.6034034
0.10788799 	 1.8334486
0.10554348 	 2.3184464
0.03850732 	 2.462298
0.04042796 	 1.9731339
0.018393014 	 2.1446035
0.017170798 	 2.5871809
0.012449369 	 2.43386
0.023098553 	 2.6128144
0.11295065 	 1.9429374
0.10371138 	 2.1079652
0.07043016 	 2.063899
0.05581042 	 2.4311016
0.05475926 	 2.2664201
0.06603825 	 2.165501
0.08596905 	 1.7020969
0.13251454 	 1.9508374
0.11853553 	 2.3717535
0.09573189 	 1.9978858
0.043050047 	 2.195749
0.03616855 	 2.0216854
0.09654734 	 1.893413
0.06662989 	 1.9346606
0.22272013 	 1.104602
0.076865986 	 2.2539475
0.101217605 	 1.9544351
0.115835026 	 1.6175289
0.11010326 	 1.7819018
0.077158 	 2.0993223
0.032200165 	 2.3966115
0.019340556 	 2.3844519
0.018738216 	 2.295203
0.022932043 	 2.240693
0.022824347 	 1.872996
0.1265376 	 0.8068215
0.13113408 	 0.74953824
0.13026474 	 0.73350495
0.13504684 	 0.6138105
0.12338277 	 0.7677038
0.13878493 	 1.1959424
0.11439872 	 0.6405807
0.1279093 	 0.84770715
0.13348773 	 1.1952748
0.12807378 	 0.8504826
0.11528439 	 1.3561649
0.13602707 	 1.5566965
0.10892947 	 1.1311574
0.11220547 	 0.96281105
0.12261825 	 1.0354998
0.103081934 	 0.70249826
0.10276337 	 0.86123925
0.081170246 	 1.3199449
0.08202217 	 1.2906705
0.07311599 	 0.8162076
0.076404385 	 1.051117
0.07075849 	 1.4462366
0.06175982 	 1.0544257
0.06836996 	 0.69941324
0.05794151 	 1.3153808
0.049235802 	 2.511117
0.049195293 	 0.8968651
0.02729482 	 1.1548461
0.032753266 	 0.5358957
0.028768267 	 1.2840935
0.02392248 	 0.48327634
0.0308106 	 1.2673982
0.030112363 	 1.5562772
0.028733915 	 1.7489209
0.030575875 	 0.86284447
0.028642152 	 0.64184964
0.02928455 	 1.227883
0.034308556 	 1.3781567
0.03122942 	 1.510811
0.041939236 	 0.8983121
0.022583928 	 0.5988802
0.022034775 	 0.9773574
0.018287687 	 0.54820824
0.020692904 	 0.9182031
0.023743993 	 1.9865421
0.021108663 	 0.6184605
0.01762131 	 1.3658931
0.026228895 	 1.3541248
0.020570844 	 0.8626114
0.023740819 	 0.9167078
0.018907066 	 2.3453336
0.018636739 	 1.0501106
0.018927172 	 1.2531722
0.019850474 	 0.7620746
0.0156057095 	 1.4835905
0.013761905 	 0.84690624
0.015945166 	 1.1632019
0.013550541 	 1.3342874
0.015543535 	 0.8051762
0.014496407 	 0.9843224
0.012005764 	 0.797178
0.014579563 	 0.62719095
0.014192868 	 1.0675493
0.0155589115 	 0.83570194
0.013158023 	 0.8237225
0.014272312 	 1.0806521
0.014887212 	 1.3742899
0.0210333 	 1.0949813
0.024570713 	 0.5063745
0.023900565 	 1.3018031
0.027294453 	 1.3361111
0.022270186 	 1.1348203
0.02261752 	 0.9469779
0.022563992 	 1.16842
0.018621132 	 0.6180601
0.028120128 	 1.2364228
0.02172431 	 1.1796914
0.020762034 	 0.78538305
0.023343427 	 0.8494904
0.027385173 	 1.160864
0.02256503 	 0.7007285
0.024658864 	 0.9111977
0.027064042 	 0.64195293
0.03300175 	 0.5777594
0.031220071 	 1.7006754
0.04013804 	 0.7863198
0.053776506 	 1.1348884
0.07195413 	 1.8230504
0.078712635 	 0.9566467
0.09176105 	 0.4907378
0.11264734 	 0.9179956
0.10549718 	 1.0657269
0.10858126 	 0.63144076
0.10329479 	 1.2874616
0.10649473 	 0.94644135
0.10553904 	 0.96533054
0.1030119 	 1.228133
0.10167813 	 1.0306296
0.1012395 	 1.3205074
0.08882383 	 0.71514446
0.08738537 	 0.71035105
0.057002127 	 0.94585454
0.04644073 	 1.0756137
0.03819752 	 1.1462843
0.029781574 	 0.8607187
0.024140079 	 0.87105244
0.026739217 	 1.3324002
0.024515918 	 1.4160141
0.021894578 	 0.62438923
0.024900822 	 1.2493538
0.022968942 	 0.66818106
0.3196687 	 1.3551915
0.34339768 	 1.0451876
0.34422004 	 1.0366929
0.30199277 	 1.5776683
0.26853517 	 1.1824391
0.2660849 	 1.4118894
0.24138786 	 1.1941774
0.21271868 	 1.484915
0.21193852 	 1.3974829
0.18509117 	 1.3388422
0.18033072 	 1.2176888
0.19746505 	 1.4831171
0.21997127 	 1.326877
0.2189681 	 1.5634755
0.22568989 	 1.4653915
0.22053856 	 1.1686298
0.22630982 	 1.0844404
0.24151838 	 1.336263
0.2016987 	 1.5012628
0.19305032 	 1.227587
0.2016858 	 1.2766209
0.18843155 	 1.3633801
0.21413077 	 1.6498784
0.2068095 	 1.025227
0.21180502 	 1.1195842
0.21956235 	 1.3541956
0.19391792 	 1.8881818
0.20591368 	 1.6284907
0.19326356 	 1.7857835
0.20370382 	 1.5504652
0.21058917 	 1.2844957
0.20411873 	 1.5424966
0.20901823 	 1.5864161
0.25482783 	 1.4464779
0.25729883 	 1.5082937
0.29282725 	 1.1637347
0.24250177 	 1.5784036
0.23530802 	 1.109673
0.23737593 	 1.6039697
0.2210681 	 1.5504748
0.23493598 	 1.2848719
0.21442698 	 1.8810238
0.29773954 	 1.36154
0.26271904 	 1.4122958
0.20622878 	 1.7040684
0.21904941 	 1.9616548
0.23211016 	 1.3320143
0.20533171 	 1.8501285
0.18451603 	 1.6515151
0.16312987 	 1.419779
0.14645626 	 1.3939732
0.16022256 	 0.99254465
0.15813252 	 1.1241299
0.15219702 	 0.8393568
0.14065064 	 1.2033604
0.14097637 	 1.8524276
0.14903212 	 1.2936503
0.12037801 	 1.7325478
0.11871882 	 1.8426428
0.12459343 	 1.355151
0.13792658 	 1.170298
0.14133386 	 1.2916269
0.1501407 	 1.5307509
0.16548797 	 1.182936
0.19729136 	 0.9459901
0.20092753 	 1.0132709
0.20001788 	 1.6223655
0.19487192 	 1.3244218
0.1884037 	 1.3938123
0.19501041 	 0.8527588
0.20234767 	 1.1990991
0.17300966 	 1.5260421
0.18909548 	 1.3191874
0.17851822 	 1.5944026
0.2228183 	 1.5323113
0.28919336 	 1.0546029
0.26597425 	 1.0192887
0.19784579 	 1.6457268
0.17717719 	 0.9163996
0.13552594 	 1.7171261
0.13788614 	 1.5227027
0.14158489 	 1.4456989
0.14639926 	 1.4003106
0.15372825 	 1.3924634
0.18256178 	 0.8380977
0.20152341 	 0.86289334
0.21278813 	 1.6546881
0.22002853 	 1.5601051
0.22481528 	 1.3365006
0.23839866 	 1.5698193
0.27784696 	 1.1158435
0.35558853 	 1.0208207
0.42098832 	 0.7833986
0.41223153 	 0.8372108
0.4548658 	 0.79954976
0.44795102 	 0.7531809
0.4973001 	 0.7908872
0.5175614 	 0.7640817
0.5119624 	 0.70610094
0.48354784 	 0.8773024
0.50155056 	 0.76986027
0.47329703 	 0.83876956
0.35641053 	 0.76717836
0.27357313 	 1.0830151
0.17291096 	 1.4318513
0.15437342 	 1.4229097
0.15131189 	 0.96720344
0.1678269 	 1.040175
0.15276538 	 1.813775
0.15509823 	 1.405715
0.15866424 	 1.4867799
0.15930052 	 1.5968736
0.15423301 	 1.478892
0.15854885 	 1.7112712
0.15464208 	 1.5744241
0.15149643 	 1.681951
0.12652348 	 1.6618325
Summary
0.012005764  -  0.6935793 ,  0.48327634  -  2.699145
accuracy:  100.0
equal predictions:  0
