TensorFlow version: 1.13.1
Found 939 images belonging to 1 classes.
argN = 784
argN = 784
0.42327106 	 0.5819228
0.4551404 	 0.5416905
0.5204927 	 0.67012
0.3837181 	 0.57759833
0.3215471 	 0.54065984
0.35899132 	 0.47518164
0.36122623 	 0.47344095
0.36013716 	 0.5504725
0.42669702 	 0.58966106
0.4279208 	 0.50335896
0.4059743 	 0.40461785
0.43345517 	 0.50044477
0.4387976 	 0.63627934
0.35620478 	 0.49856704
0.4721642 	 0.626035
0.4300949 	 0.5409917
0.47266975 	 0.5476818
0.32649347 	 0.6036661
0.30066305 	 0.468043
0.3873909 	 0.53859997
0.5073324 	 0.5807238
0.33512655 	 0.48194417
0.35432112 	 0.41805074
0.30277887 	 0.7051081
0.3430322 	 0.46290654
0.34430245 	 0.6121481
0.39603397 	 0.4563193
0.37618515 	 0.48619494
0.40404022 	 0.40009224
0.35037133 	 0.60357785
0.4264293 	 0.51830554
0.41593507 	 0.52167696
0.45447588 	 0.54623985
0.48574346 	 0.57184374
0.495806 	 0.5986488
0.46844777 	 0.5907385
0.57219416 	 0.6382441
0.45211536 	 0.5335123
0.49777427 	 0.61713725
0.47792804 	 0.5563387
0.51500374 	 0.53164583
0.42685777 	 0.3819815
0.36574763 	 0.6103956
0.40883684 	 0.60301125
0.49148974 	 0.54948944
0.49365824 	 0.50997806
0.3902626 	 0.45769745
0.35116854 	 0.56585234
0.45673347 	 0.60836005
0.44776875 	 0.57106483
0.55412835 	 0.5814278
0.40608075 	 0.6004724
0.46263388 	 0.6530316
0.3928584 	 0.35105202
0.3907909 	 0.62072104
0.44896033 	 0.5176736
0.33027345 	 0.5107302
0.40270853 	 0.5462317
0.4410963 	 0.50701946
0.46582356 	 0.5550047
0.43518955 	 0.52288824
0.5727265 	 0.66698736
0.50816756 	 0.64481574
0.4861386 	 0.5413427
0.37213454 	 0.56854033
0.44462824 	 0.65001655
0.44774833 	 0.65377283
0.49183512 	 0.56195664
0.4281164 	 0.6865164
0.4198735 	 0.5272841
0.3855345 	 0.6389435
0.42597947 	 0.41667566
0.29144663 	 0.49906695
0.39105427 	 0.5287492
0.4618456 	 0.60448706
0.49694693 	 0.601637
0.5461791 	 0.65634423
0.55253685 	 0.59580857
0.45373023 	 0.56310904
0.49084276 	 0.58437604
0.46747738 	 0.536311
0.4258707 	 0.56993544
0.50190383 	 0.55334544
0.44747275 	 0.6881912
0.3923828 	 0.46102148
0.40059677 	 0.57473505
0.33335942 	 0.5752822
0.31102407 	 0.58278847
0.34640926 	 0.5033989
0.52801555 	 0.5613383
0.5144565 	 0.5585432
0.54093736 	 0.5637549
0.56473196 	 0.7124206
0.54123884 	 0.597982
0.5823771 	 0.59506565
0.56293356 	 0.58682674
0.57808286 	 0.61523575
0.55374193 	 0.6045196
0.55047065 	 0.609525
0.5575915 	 0.6075615
0.56377375 	 0.57768077
0.52393264 	 0.5666801
0.5263122 	 0.69839287
0.528591 	 0.60116345
0.5902442 	 0.58803654
0.48603037 	 0.5848073
0.45202515 	 0.62950265
0.49656698 	 0.5830743
0.43589643 	 0.59700894
0.40796193 	 0.6011514
0.4542406 	 0.5238895
0.46811324 	 0.5699696
0.4627541 	 0.6441322
0.44574365 	 0.5984024
0.5079711 	 0.5967038
0.4902292 	 0.568441
0.48422736 	 0.5422418
0.43284988 	 0.5111025
0.43170524 	 0.50660765
0.49282533 	 0.5526663
0.43156242 	 0.62820053
0.4118564 	 0.573959
0.4057207 	 0.6215201
0.3679009 	 0.52621216
0.39006642 	 0.69161475
0.4414055 	 0.6636723
0.41764936 	 0.5224412
0.4137826 	 0.5553746
0.38433838 	 0.5724079
0.4341101 	 0.5441984
0.45628467 	 0.54703367
0.42801756 	 0.53723806
0.43692723 	 0.55256873
0.49561042 	 0.5270161
0.47135007 	 0.58905417
0.45925674 	 0.65942913
0.49429387 	 0.5490373
0.47706577 	 0.57078016
0.48056653 	 0.6394118
0.49870256 	 0.53002155
0.46076405 	 0.5697093
0.44298685 	 0.5255232
0.43777844 	 0.63335675
0.46737096 	 0.4788757
0.48132917 	 0.6247167
0.48967084 	 0.62966996
0.45625514 	 0.50278866
0.43120843 	 0.56472063
0.44098976 	 0.6559255
0.40997562 	 0.63539094
0.41289136 	 0.48269445
0.39529985 	 0.48681504
0.422924 	 0.546351
0.40855268 	 0.64425206
0.41621882 	 0.48061702
0.42621696 	 0.48444736
0.40210012 	 0.6091491
0.38993174 	 0.58434933
0.3727122 	 0.6307912
0.37335122 	 0.47772908
0.30439454 	 0.5726916
0.36037335 	 0.6907443
0.32457313 	 0.53334403
0.32312158 	 0.4579698
0.33122662 	 0.5937491
0.3124505 	 0.43185613
0.35940287 	 0.56465197
0.31180844 	 0.56059253
0.361058 	 0.71104425
0.33602846 	 0.44932383
0.36760697 	 0.6010984
0.31854197 	 0.571546
0.2946335 	 0.4053325
0.36085293 	 0.5554204
0.33411744 	 0.42636272
0.32770175 	 0.5737675
0.37218955 	 0.46281925
0.29606375 	 0.48318666
0.369193 	 0.45823225
0.32635048 	 0.56023216
0.33481717 	 0.528598
0.36630398 	 0.67468023
0.37537417 	 0.4868389
0.29526576 	 0.43167037
0.31294677 	 0.42283466
0.32767546 	 0.58633983
0.28982577 	 0.5103178
0.29477796 	 0.56489354
0.54171216 	 0.6277529
0.59579676 	 0.6353142
0.49961504 	 0.65497917
0.49830616 	 0.5703335
0.5584736 	 0.6809859
0.53859484 	 0.6236482
0.557792 	 0.73069733
0.6777375 	 0.59077036
0.6454522 	 0.6716879
0.70101076 	 0.7007324
0.6630651 	 0.63687706
0.6259859 	 0.6287912
0.5904312 	 0.5747408
0.566413 	 0.6683481
0.7006719 	 0.60822487
0.6380763 	 0.66745025
0.6711016 	 0.60293293
0.7015991 	 0.6567922
0.69368887 	 0.6106086
0.643286 	 0.6546084
0.65443087 	 0.6028788
0.59405726 	 0.57433546
0.64766645 	 0.55550194
0.6012948 	 0.5561368
0.6485161 	 0.6713886
0.66721743 	 0.6217332
0.6730521 	 0.6007264
0.6066216 	 0.6522039
0.65241474 	 0.60733974
0.6379148 	 0.61557305
0.6316225 	 0.6320435
0.6198213 	 0.738406
0.57269686 	 0.6097918
0.5917677 	 0.5933386
0.59953815 	 0.67540914
0.67044276 	 0.62959594
0.6393003 	 0.72978127
0.6588066 	 0.58533645
0.57863116 	 0.686837
0.6202571 	 0.7097996
0.5990263 	 0.5596039
0.6520128 	 0.59744084
0.6582214 	 0.63614285
0.60855806 	 0.6558845
0.62083745 	 0.64344126
0.5718867 	 0.6047529
0.6102104 	 0.6479981
0.6179033 	 0.58723307
0.60394806 	 0.6002601
0.6329781 	 0.6117466
0.5933357 	 0.69415426
0.59302884 	 0.54517084
0.6566945 	 0.6631883
0.59856224 	 0.6341433
0.62127537 	 0.653572
0.6205637 	 0.64069384
0.5765089 	 0.6737875
0.59796596 	 0.6153039
0.6122727 	 0.6099196
0.59712416 	 0.6744669
0.5447963 	 0.5457984
0.50711304 	 0.6662597
0.52490664 	 0.6880088
0.50520945 	 0.5716322
0.54370284 	 0.65687495
0.6152269 	 0.5747887
0.58596575 	 0.7476188
0.6049757 	 0.51916087
0.62644696 	 0.68810767
0.5635534 	 0.70840275
0.6216563 	 0.69064564
0.6202501 	 0.7088345
0.6056094 	 0.57985467
0.63200086 	 0.6342228
0.6374738 	 0.5211932
0.5451226 	 0.5788184
0.5465692 	 0.66760516
0.5481119 	 0.63912296
0.5644093 	 0.64727193
0.5291983 	 0.73430246
0.49160823 	 0.6724718
0.4676353 	 0.69697446
0.4684171 	 0.68666786
0.4414273 	 0.90997463
0.4338988 	 0.6485941
0.3864535 	 0.6919528
0.31550443 	 0.66221356
0.298419 	 0.73889863
0.30079004 	 0.7272887
0.31359756 	 0.671368
0.31710783 	 0.5086384
0.32927993 	 0.5928931
0.36314774 	 0.66142726
0.40615374 	 0.7676578
0.40822637 	 0.63713086
0.39860567 	 0.5744128
0.51420987 	 0.4807728
0.46132764 	 0.6552638
0.5484808 	 0.6594747
0.6134679 	 0.6387291
0.62317824 	 0.63958883
0.58494204 	 0.63742816
0.64844304 	 0.65308714
0.63802975 	 0.6198905
0.60509044 	 0.6552856
0.6339097 	 0.6200524
0.60745144 	 0.59535444
0.5816803 	 0.67611194
0.5530998 	 0.5786088
0.5754697 	 0.63851476
0.58491766 	 0.6441538
0.56341285 	 0.7461589
0.5186952 	 0.522558
0.6088713 	 0.7629364
0.5523019 	 0.67159057
0.62461185 	 0.5924127
0.61069065 	 0.67359024
0.572614 	 0.6874969
0.5610124 	 0.5801321
0.5626143 	 0.63197607
0.5623899 	 0.648504
0.56483305 	 0.6284005
0.5415936 	 0.7345017
0.5224029 	 0.63526076
0.55457425 	 0.61964184
Summary
0.28982577  -  0.7015991 ,  0.35105202  -  0.90997463
accuracy:  86.9
equal predictions:  0
TensorFlow version: 1.13.1
Found 939 images belonging to 1 classes.
argN = 784
argN = 784
0.42025688 	 0.6195898
0.38402504 	 0.5545957
0.51974946 	 0.6062394
0.5353252 	 0.5660675
0.50528806 	 0.64035636
0.47828567 	 0.7465845
0.49910405 	 0.6214325
0.5647428 	 0.6400531
0.3855786 	 0.60281825
0.44907987 	 0.61441606
0.37626216 	 0.6484167
0.5014268 	 0.5725447
0.49496654 	 0.49322936
0.49491873 	 0.62620825
0.499286 	 0.63189703
0.5614037 	 0.62335634
0.565862 	 0.59706146
0.5587635 	 0.45197895
0.5945953 	 0.5429023
0.6278865 	 0.6285704
0.58821833 	 0.7136953
0.36603758 	 0.5032071
0.31269494 	 0.7264244
0.31995538 	 0.62404406
0.33386415 	 0.88308173
0.37839612 	 0.8785688
0.35167304 	 0.53918827
0.4538644 	 0.61958206
0.45319396 	 0.5686327
0.47784287 	 0.58674914
0.5152443 	 0.5965023
0.40820208 	 0.68840975
0.8722713 	 0.33338553
0.8310531 	 0.6937389
0.8179999 	 0.75082326
0.5604839 	 0.7180304
0.4478748 	 0.583215
0.4170145 	 0.63320416
0.35827705 	 0.5575787
0.6241982 	 0.6518357
0.61022204 	 0.5377996
0.5677836 	 0.5949701
0.5773095 	 0.6741215
0.54742724 	 0.6254368
0.52087235 	 0.6346682
0.5260875 	 0.75367486
0.49912292 	 0.5712936
0.5477805 	 0.5920819
0.57253456 	 0.64721686
0.5303984 	 0.720369
0.4520939 	 0.6723027
0.47392088 	 0.6033267
0.47845784 	 0.526963
0.5749049 	 0.4774304
0.5108759 	 0.46628085
0.4790264 	 0.6813968
0.50326025 	 0.72744995
0.5757282 	 0.48306346
0.7363609 	 0.5124029
0.7110262 	 0.6786152
0.58873665 	 0.60203457
0.36719376 	 0.6291792
0.27298662 	 0.74878377
0.3013362 	 0.9210029
0.30186653 	 0.6606097
0.35486922 	 0.74383664
0.3420899 	 0.69150025
0.6281737 	 0.5995389
0.89881057 	 0.66166383
1.0325476 	 0.3970236
1.2190834 	 0.57247806
0.9235121 	 0.5044187
0.6177412 	 0.6854489
0.56462985 	 0.71612495
0.5175674 	 0.70617676
0.47044787 	 0.5568122
0.38303596 	 0.7254646
0.5953588 	 0.73853904
0.83121896 	 0.5672214
0.53843105 	 0.6535505
0.54162323 	 0.6689752
0.5256478 	 0.67677844
0.52190256 	 0.6459163
0.54759973 	 0.5850251
0.5030183 	 0.6963198
0.54416585 	 0.6166011
0.57269776 	 0.6268433
0.5823602 	 0.6608793
1.1637493 	 0.5797227
0.42623502 	 0.7910812
0.3585774 	 0.7355701
0.35656035 	 0.57576233
0.37962508 	 0.5669769
0.41960114 	 0.57641256
0.45730054 	 0.60375947
0.4451792 	 0.6519282
0.3560762 	 0.6766376
0.5966274 	 0.60895926
0.6119097 	 0.8435375
0.81634754 	 0.66525465
1.1123184 	 0.6589508
1.2143893 	 0.8428098
1.1305376 	 0.84952915
1.0062097 	 0.5491826
1.0308388 	 0.6575137
1.032307 	 0.6825412
0.7686125 	 0.58398867
0.7095304 	 0.6067761
0.7065207 	 0.56457955
0.5728249 	 0.5760662
0.55124605 	 0.59494793
0.47799397 	 0.570036
0.42219615 	 0.54643106
0.46283478 	 0.6369808
0.3896308 	 0.5421199
0.43082193 	 0.60179824
0.4253961 	 0.5581692
0.39121884 	 0.63251597
0.38508517 	 0.5816707
0.38437828 	 0.6950857
0.41201138 	 0.5521515
0.38662484 	 0.5729677
0.43242443 	 0.58753216
0.44585946 	 0.6138771
0.4397052 	 0.5650045
0.4396061 	 0.6401234
0.4197467 	 0.5617668
0.4218946 	 0.64490694
0.40231264 	 0.4755717
0.39220828 	 0.6793957
0.4209825 	 0.6530618
0.37273893 	 0.61277544
0.3945086 	 0.54240084
0.3730982 	 0.6180856
0.39732233 	 0.703195
0.3612378 	 0.67624146
0.3701034 	 0.4805031
0.38497165 	 0.5801454
0.3770371 	 0.6427012
0.38639727 	 0.5921038
0.3619278 	 0.46259183
0.35469788 	 0.56372464
0.3538187 	 0.65087885
0.34761053 	 0.6736249
0.35572463 	 0.5212595
0.4260218 	 0.5316765
0.41503146 	 0.55001277
0.41823852 	 0.5836183
0.41776395 	 0.5373325
0.4344807 	 0.667891
0.42423663 	 0.60219336
0.4481001 	 0.5838215
0.4156937 	 0.66480845
0.4079085 	 0.5703996
0.4421835 	 0.49966365
0.4329945 	 0.5679824
0.44934195 	 0.61767566
0.4499899 	 0.6004222
0.4589258 	 0.5376633
0.47212312 	 0.5415379
0.47169212 	 0.63848495
0.5068334 	 0.6303671
0.47807914 	 0.5797211
0.45313844 	 0.6203246
0.462866 	 0.6066986
0.4431844 	 0.7048312
0.45156747 	 0.5791775
0.436788 	 0.50954914
0.3957236 	 0.585458
0.43289676 	 0.5362077
0.41639704 	 0.55011994
0.44583526 	 0.5985773
0.41771036 	 0.6234602
0.43129247 	 0.6780946
0.43473133 	 0.58420414
0.4018061 	 0.58423495
0.40701643 	 0.6140695
0.41769162 	 0.6615476
0.40587375 	 0.6513358
0.41622096 	 0.57352036
0.41887462 	 0.6123604
0.46048573 	 0.67657167
0.42158866 	 0.75341463
0.4481113 	 0.6071504
0.42121756 	 0.64578384
0.45756105 	 0.6376795
0.4881209 	 0.61176723
0.43952933 	 0.6629041
0.4392844 	 0.6067011
0.4230816 	 0.65603954
0.46034932 	 0.62207776
0.45535156 	 0.5396948
0.3783648 	 0.6408754
0.40657398 	 0.61188465
0.36552012 	 0.570081
0.4006466 	 0.6222148
0.4116816 	 0.6053019
0.2910441 	 0.3612607
0.33313915 	 0.47506028
0.28742263 	 0.32234395
0.27964383 	 0.3034431
0.20560563 	 0.41541877
0.22710472 	 0.27554864
0.19698241 	 0.23368049
0.21361995 	 0.3666523
0.2244284 	 0.34756353
0.24311405 	 0.30743876
0.25117764 	 0.35893962
0.26586258 	 0.41027752
0.24632059 	 0.30699685
0.19262394 	 0.29465094
0.199041 	 0.4368086
0.21868642 	 0.26657453
0.18814984 	 0.31431815
0.19043422 	 0.29095367
0.20891789 	 0.3851344
0.22193809 	 0.29068595
0.23322912 	 0.37994522
0.23129632 	 0.33892295
0.2194239 	 0.3424817
0.22364792 	 0.41474056
0.20066634 	 0.30812913
0.20952627 	 0.3158346
0.19119726 	 0.35758647
0.21554399 	 0.53632545
0.22006524 	 0.33980417
0.20646681 	 0.35326263
0.27363023 	 0.3107781
0.28968084 	 0.35708565
0.45052046 	 0.4196181
0.41666535 	 0.3753497
0.37947184 	 0.41879833
0.3075259 	 0.3197584
0.35771945 	 0.3881596
0.28588912 	 0.4283896
0.23208196 	 0.4052168
0.17477074 	 0.2966326
0.20971334 	 0.3401559
0.18357062 	 0.6095389
0.23331657 	 0.30188516
0.30598724 	 0.36707452
0.2926651 	 0.35634276
0.30226362 	 0.35215652
0.23981926 	 0.31419122
0.22161488 	 0.31118304
0.20578794 	 0.33786982
0.2283911 	 0.3485254
0.23234984 	 0.27913815
0.23831567 	 0.34535715
0.22937416 	 0.3551733
0.2592846 	 0.27778408
0.2646169 	 0.3318072
0.25745225 	 0.35570568
0.24824424 	 0.28114775
0.24762629 	 0.29245827
0.2477351 	 0.31170332
0.27222052 	 0.33705592
0.28478336 	 0.30525848
0.29607767 	 0.34183642
0.28729123 	 0.3118726
0.25315517 	 0.37034833
0.29656178 	 0.26752135
0.31718147 	 0.44266924
0.31721127 	 0.38465285
0.28077674 	 0.3475832
0.32968 	 0.4783032
0.33588985 	 0.3223831
0.3533767 	 0.36315468
0.38675383 	 0.35829717
0.33718002 	 0.356457
0.33911905 	 0.43879113
0.29642725 	 0.33926338
0.23470578 	 0.31882775
0.23666948 	 0.45455098
0.22607748 	 0.45861793
0.24484558 	 0.28409767
0.20660795 	 0.25464505
0.21378233 	 0.36634034
0.19927397 	 0.2860454
0.15111671 	 0.25587574
0.13657613 	 0.29088366
0.11722367 	 0.3135925
0.14391841 	 0.21063596
0.13901484 	 0.2837702
0.17510585 	 0.35841778
0.264308 	 0.3223525
0.29728666 	 0.39110073
0.28924477 	 0.40435866
0.31637982 	 0.47484788
0.38117138 	 0.462021
0.38023376 	 0.50040936
0.3506881 	 0.4940207
0.39783397 	 0.67169046
0.3770206 	 0.4106754
0.36321345 	 0.46283838
0.33987987 	 0.5100247
0.39934784 	 0.4495251
0.2707124 	 0.44888815
0.2139846 	 0.29502565
0.23036352 	 0.3204332
0.25190866 	 0.40235907
0.23655425 	 0.37213793
0.29829898 	 0.32509276
0.30818543 	 0.36887047
0.31022245 	 0.40824896
0.3306974 	 0.3954049
0.32519096 	 0.42043638
0.35980773 	 0.4322312
0.3242079 	 0.44930178
0.32455838 	 0.4321323
0.34283492 	 0.3162707
0.33554572 	 0.33518338
0.3602209 	 0.38687703
Summary
0.11722367  -  1.2190834 ,  0.21063596  -  0.9210029
accuracy:  88.5
equal predictions:  0
TensorFlow version: 1.13.1
Found 939 images belonging to 1 classes.
argN = 784
argN = 784
0.62157315 	 0.6893247
0.6786749 	 0.5321872
0.62739074 	 0.615363
0.48003733 	 0.6232085
0.45027116 	 0.5644743
0.5205346 	 0.5838715
0.5876761 	 0.6582276
0.5681271 	 0.56986356
0.63071233 	 0.6307746
0.5778341 	 0.6637948
0.6010621 	 0.6416752
0.4814532 	 0.6648782
0.50795114 	 0.5751571
0.5248389 	 0.60670483
0.51179194 	 0.6487825
0.47592157 	 0.64987487
0.4885204 	 0.6411833
0.58785665 	 0.66326314
0.513749 	 0.6596441
0.50811577 	 0.6165182
0.52632034 	 0.6887631
0.5082299 	 0.46088973
0.5473496 	 0.58479154
0.4936852 	 0.51816165
0.5461472 	 0.618632
0.5066138 	 0.6807589
0.49896386 	 0.6241231
0.45542225 	 0.68949616
0.60397 	 0.63347805
0.6491438 	 0.6311205
0.618858 	 0.68797666
0.6358535 	 0.5543341
0.6268707 	 0.63754237
0.72828686 	 0.459399
0.67378867 	 0.45431682
0.73117745 	 0.5550176
0.6473874 	 0.6965009
0.5722227 	 0.41598964
0.626756 	 0.55477166
0.68194985 	 0.59721804
0.77807623 	 0.51645666
0.69523203 	 0.49758807
0.53063095 	 0.43001977
0.58473647 	 0.62739027
0.5814251 	 0.7561422
0.6445561 	 0.5689799
0.5488117 	 0.5919302
0.5707418 	 0.65755624
0.57442635 	 0.625081
0.6297975 	 0.6669717
0.5911279 	 0.6925666
0.5939337 	 0.6600802
0.5568716 	 0.6130613
0.47663674 	 0.58951265
0.48628613 	 0.66559404
0.38769117 	 0.46563593
0.46007922 	 0.5432458
0.61250985 	 0.5047417
0.5208293 	 0.63580096
0.589524 	 0.7102551
0.5614181 	 0.68881047
0.4755784 	 0.633027
0.4850718 	 0.69904995
0.54320043 	 0.71170044
0.49990654 	 0.6391591
0.5454311 	 0.68494153
0.5963732 	 0.62937313
0.6564042 	 0.652681
0.53041846 	 0.57264787
0.5682023 	 0.5614052
0.66191405 	 0.5698834
0.7365328 	 0.47457615
0.7255113 	 0.51080143
0.6310828 	 0.5311569
0.49259531 	 0.5245297
0.48509914 	 0.6372721
0.51789767 	 0.6516077
0.51319826 	 0.6402259
0.5592739 	 0.6273264
0.5803966 	 0.60994184
0.5880052 	 0.5642873
0.49251923 	 0.6340623
0.52727664 	 0.5956243
0.54445285 	 0.65747756
0.5691103 	 0.5615682
0.51887214 	 0.67475283
0.46235728 	 0.54990906
0.4575831 	 0.6855231
0.5140703 	 0.54595816
0.5595569 	 0.6808172
0.5139106 	 0.58832157
0.58055997 	 0.57797885
0.63769823 	 0.4162885
0.7378234 	 0.5221424
0.4773378 	 0.68193084
0.50459635 	 0.66432256
0.5944481 	 0.59849685
0.6275671 	 0.61400485
0.6382956 	 0.6563116
0.5885677 	 0.61873245
0.67765814 	 0.6394282
0.5936124 	 0.61542034
0.6313769 	 0.66708434
0.52422637 	 0.6413935
0.55553627 	 0.55375123
0.5588727 	 0.64675856
0.5909842 	 0.605427
0.6000906 	 0.49128357
0.53875244 	 0.52330756
0.63373154 	 0.5346583
0.6638538 	 0.5552182
0.6561872 	 0.6073254
0.70730686 	 0.57132405
0.6398035 	 0.6548048
0.6734045 	 0.6231223
0.7125944 	 0.60128677
0.6700556 	 0.429466
0.6880004 	 0.53980285
0.73784995 	 0.57512957
0.7347402 	 0.5732724
0.7596196 	 0.78375226
0.6540494 	 0.51988065
0.62721974 	 0.52765983
0.68345433 	 0.46395764
0.62714857 	 0.5763748
0.621826 	 0.47013208
0.6514106 	 0.61497885
0.68267626 	 0.5587223
0.66998374 	 0.584837
0.6129725 	 0.6255105
0.5623327 	 0.63370997
0.5552932 	 0.62032104
0.59612995 	 0.60897267
0.6005354 	 0.60955065
0.51830065 	 0.540363
0.54108053 	 0.54932874
0.55011517 	 0.6039712
0.47917643 	 0.6280272
0.54662085 	 0.6958012
0.50152093 	 0.6554145
0.53004056 	 0.6855743
0.5483279 	 0.7134063
0.51874536 	 0.6998959
0.5262354 	 0.62199676
0.5471185 	 0.6539147
0.5300275 	 0.6747018
0.51345235 	 0.6876097
0.6012046 	 0.6707948
0.5775888 	 0.6551255
0.5623398 	 0.6236517
0.5617671 	 0.6574663
0.6015887 	 0.6066473
0.5854101 	 0.63131225
0.54165447 	 0.6372984
0.6345898 	 0.59853363
0.6255198 	 0.7187384
0.578483 	 0.6738057
0.5769563 	 0.668875
0.63640165 	 0.5896862
0.5452891 	 0.72139496
0.60150146 	 0.63780326
0.6058082 	 0.65621024
0.5903173 	 0.7146682
0.604319 	 0.6420173
0.5941505 	 0.65421027
0.6138356 	 0.6815466
0.6161354 	 0.65873194
0.609276 	 0.62052166
0.5947193 	 0.6696579
0.5888808 	 0.7083466
0.609911 	 0.6223614
0.64577055 	 0.6198242
0.5609376 	 0.6444255
0.58698976 	 0.6454554
0.6180632 	 0.58545506
0.5961585 	 0.6236761
0.53061384 	 0.615281
0.5865912 	 0.6350457
0.5816615 	 0.6445931
0.61619073 	 0.67551595
0.5736965 	 0.66617584
0.5839138 	 0.622577
0.57857376 	 0.6502802
0.59199053 	 0.62862873
0.5736995 	 0.67352235
0.5954768 	 0.6461211
0.57708615 	 0.62080187
0.58929163 	 0.6535936
0.5995588 	 0.70280975
0.5873058 	 0.62703395
0.6007165 	 0.62933195
0.53923994 	 0.6851137
0.5059241 	 0.6360494
0.5557347 	 0.6041597
0.55692655 	 0.65967983
0.56498617 	 0.6318203
0.5616054 	 0.69682175
0.5380128 	 0.6303198
0.57046825 	 0.6570263
0.5615954 	 0.5923194
0.53833085 	 0.5775486
0.57260644 	 0.7009961
0.59315914 	 0.6146345
0.5469404 	 0.68462616
0.57539564 	 0.67012376
0.60646695 	 0.65045905
0.6411765 	 0.67973715
0.5749462 	 0.6614117
0.5721293 	 0.6590543
0.6242072 	 0.67581934
0.6194249 	 0.65808743
0.5612401 	 0.6496959
0.6307238 	 0.6278055
0.65239435 	 0.63885874
0.6417954 	 0.6540247
0.66397077 	 0.64792526
0.64315885 	 0.66326916
0.6028229 	 0.64681274
0.6609114 	 0.6336055
0.67289716 	 0.6762742
0.70130426 	 0.585543
0.7269293 	 0.716107
0.6828477 	 0.6186213
0.6429913 	 0.7110364
0.6269293 	 0.7683262
0.6242202 	 0.63505477
0.68374324 	 0.7395079
0.67254657 	 0.6140042
0.6453438 	 0.6439054
0.70338345 	 0.6494229
0.5747738 	 0.614359
0.7011335 	 0.6771654
0.69684905 	 0.70399135
0.65010685 	 0.61568916
0.62459534 	 0.575843
0.6454146 	 0.6852828
0.6412575 	 0.6373838
0.6602321 	 0.6654163
0.6138431 	 0.66292393
0.59496945 	 0.6600509
0.63783133 	 0.67393273
0.724381 	 0.7084201
0.7099111 	 0.6277672
0.66121167 	 0.73065376
0.66772914 	 0.6501128
0.7150771 	 0.73948306
0.66558534 	 0.640447
0.62707376 	 0.6285724
0.71514875 	 0.64342004
0.6577966 	 0.7381543
0.6839047 	 0.6938462
0.6824666 	 0.69812644
0.67198384 	 0.6169731
0.6944431 	 0.713093
0.6512623 	 0.63801044
0.7002294 	 0.6025166
0.61508256 	 0.6939753
0.6876478 	 0.62385076
0.66822433 	 0.60598063
0.69020075 	 0.65201676
0.67378914 	 0.66289663
0.6753152 	 0.6926055
0.6699311 	 0.64424515
0.6897992 	 0.63681304
0.65482163 	 0.6648029
0.6438766 	 0.605089
0.68456066 	 0.67183095
0.5880567 	 0.6756804
0.614372 	 0.65492594
0.5771112 	 0.7120771
0.5942835 	 0.7375607
0.5506079 	 0.62807614
0.5675737 	 0.6486012
0.5801851 	 0.67637366
0.68402374 	 0.60780406
0.73435456 	 0.64594537
0.67030025 	 0.6624006
0.7018236 	 0.71838135
0.6488833 	 0.7080339
0.6652106 	 0.6215148
0.71482587 	 0.6311746
0.70781636 	 0.7594424
0.7233936 	 0.60145426
0.69725317 	 0.6051868
0.6783253 	 0.6161428
0.66306573 	 0.70545864
0.6018967 	 0.7071244
0.5443043 	 0.5917106
0.4930242 	 0.67440796
0.45231763 	 0.61311674
0.5306897 	 0.6799882
0.47674733 	 0.66386473
0.4697636 	 0.71339536
0.5333818 	 0.63544875
0.5037627 	 0.59830505
0.5317833 	 0.60917497
0.48977065 	 0.5976328
0.4979897 	 0.5960632
0.5727168 	 0.63062316
0.5680791 	 0.6673603
0.6269624 	 0.6177912
0.65118355 	 0.63768864
0.6206609 	 0.7275233
0.6699617 	 0.6980065
0.6194176 	 0.6803125
0.6211355 	 0.62139827
0.6436601 	 0.6702065
0.6941074 	 0.7062753
0.63674706 	 0.6718223
0.6272048 	 0.6826463
0.6423925 	 0.635304
0.7015581 	 0.5856441
0.67282987 	 0.68534434
Summary
0.38769117  -  0.77807623 ,  0.41598964  -  0.78375226
accuracy:  69.3
equal predictions:  0
TensorFlow version: 1.13.1
Found 939 images belonging to 1 classes.
argN = 784
argN = 784
0.6180676 	 0.57019275
0.6463193 	 0.77143836
0.5772872 	 0.8183338
0.5014883 	 0.75582445
0.49233353 	 0.60681474
0.6986337 	 0.7476702
0.71100396 	 0.6531825
0.6994706 	 0.6524534
0.65568435 	 0.746401
0.724222 	 0.5952295
0.6814287 	 0.6576715
0.65128964 	 0.70227355
0.61841446 	 0.64231706
0.59806526 	 0.6325258
0.63307554 	 0.62934214
0.58006895 	 0.6448412
0.4616655 	 0.78981197
0.43186724 	 0.79508895
0.54028624 	 0.82377136
0.5295057 	 0.62455887
0.510169 	 0.59384453
0.62947166 	 0.8760638
0.6042962 	 0.6711216
0.68022895 	 0.66492987
0.70621914 	 0.6202381
0.60915107 	 0.646075
0.40772676 	 0.63810366
0.517526 	 0.703696
0.62563735 	 0.71317863
0.5010824 	 0.8167489
0.5337047 	 0.7071505
0.39713034 	 0.6849171
0.59994507 	 0.6560942
0.59135795 	 0.6286719
0.5071685 	 0.62938285
0.7411064 	 0.7022523
0.7493728 	 0.72906244
0.26726794 	 0.5975325
0.5537918 	 0.661093
0.52183735 	 0.551914
0.53454673 	 0.7406107
0.64415 	 0.70944685
0.57415575 	 0.7410626
0.57593745 	 0.74548584
0.57522196 	 0.6542092
0.56291324 	 0.65525943
0.6736429 	 0.646759
0.5897618 	 0.680692
0.59843755 	 0.68585
0.6101397 	 0.6551238
0.5843442 	 0.65830016
0.6091785 	 0.72794193
0.6318567 	 0.6357242
0.5984075 	 0.7863347
0.62013483 	 0.82859063
0.5470921 	 0.7098337
0.5857934 	 0.63122964
0.6522496 	 0.6889853
0.5373954 	 0.6354302
0.60563064 	 0.7619571
0.56377184 	 0.5749449
0.56169194 	 0.6166366
0.6032118 	 0.63968307
0.5881041 	 0.6433291
0.5822794 	 0.58851033
0.651233 	 0.682132
0.6748214 	 0.6704212
0.57772857 	 0.7426088
0.66057396 	 0.6150106
0.47736508 	 0.66223717
0.4963494 	 0.6247441
0.4839817 	 0.63647556
0.50614756 	 0.6607842
0.7584862 	 0.51503265
0.7316893 	 0.62539065
0.7673614 	 0.68578553
0.80789757 	 0.7878128
0.49453837 	 0.531689
0.48593637 	 0.8329612
0.6443669 	 0.74874395
0.6076193 	 0.53148866
0.6227524 	 0.6055156
0.48184863 	 0.6455037
0.6151116 	 0.63543797
0.5862395 	 0.69684064
0.54751337 	 0.6771072
0.6183668 	 0.7143689
0.57392293 	 0.67798
0.623734 	 0.72703993
0.61618674 	 0.6893401
0.60557795 	 0.77396953
0.612924 	 0.62846804
0.55485123 	 0.6319006
0.6021482 	 0.7058366
0.53211987 	 0.6457241
0.63834125 	 0.6541003
0.6242586 	 0.684304
0.70766336 	 0.7167404
0.62986714 	 0.63088346
0.66960037 	 0.75321764
0.6327325 	 0.66037065
0.6455368 	 0.70539635
0.6350091 	 0.7861626
0.64179283 	 0.57583696
0.6449255 	 0.7361415
0.5672272 	 0.8985011
0.5570285 	 0.668429
0.5651273 	 0.7189304
0.5589412 	 0.84482265
0.54423785 	 0.7384863
0.50277835 	 0.7038725
0.50696933 	 0.7597641
0.48624668 	 0.66312385
0.5078374 	 0.7546366
0.49600402 	 0.73528165
0.4958569 	 0.7786451
0.52059317 	 0.63807666
0.5242836 	 0.5303259
0.47684824 	 0.6298633
0.5019442 	 0.6848848
0.51605636 	 0.73041546
0.5555738 	 0.68960625
0.52244914 	 0.7228405
0.5508026 	 0.58321375
0.588114 	 0.56277686
0.6218444 	 0.6934541
0.6144582 	 0.67576736
0.61640763 	 0.7134608
0.6352305 	 0.68505245
0.62733513 	 0.6460964
0.60257983 	 0.64867026
0.5916256 	 0.58143467
0.5775254 	 0.53191507
0.6090216 	 0.62828153
0.62023294 	 0.7443866
0.5784177 	 0.7102314
0.58452535 	 0.63072264
0.5883814 	 0.60664666
0.5645237 	 0.6786342
0.57097363 	 0.53966624
0.50043356 	 0.60303825
0.5037593 	 0.6445579
0.571509 	 0.68096095
0.5416131 	 0.50135064
0.5641648 	 0.7752809
0.59928674 	 0.5381858
0.57733816 	 0.6514659
0.54510534 	 0.58398455
0.56904626 	 0.715574
0.5654829 	 0.61586684
0.5986887 	 0.5187058
0.598554 	 0.79881454
0.55542034 	 0.6553446
0.57870024 	 0.56716394
0.56123364 	 0.60489017
0.5116436 	 0.8056486
0.6202114 	 0.58927786
0.61925185 	 0.63105184
0.5656248 	 0.5634734
0.5401691 	 0.60074013
0.5259464 	 0.5979972
0.54253083 	 0.69184077
0.5218198 	 0.6053814
0.5267761 	 0.5799928
0.52567774 	 0.6334777
0.55520016 	 0.57229275
0.52453804 	 0.6115846
0.46433488 	 0.52635664
0.49261364 	 0.5484544
0.51805776 	 0.5585459
0.5776644 	 0.5816108
0.57059056 	 0.6694609
0.59643734 	 0.6180526
0.5958858 	 0.75774026
0.5524648 	 0.5979371
0.6141737 	 0.43014494
0.6216608 	 0.61336064
0.61461496 	 0.72114825
0.67695457 	 0.6087444
0.64128697 	 0.6717978
0.6421494 	 0.6402017
0.6513574 	 0.5865955
0.6561172 	 0.7194316
0.6240583 	 0.6407187
0.6702612 	 0.6378003
0.6427427 	 0.643264
0.6357128 	 0.6111483
0.62102956 	 0.65908957
0.60801995 	 0.6951096
0.6010819 	 0.5969693
0.6350564 	 0.65315527
0.59758925 	 0.7067147
0.62138575 	 0.6887269
0.6225558 	 0.62372154
0.6401867 	 0.7402114
0.62915814 	 0.5801583
0.6889281 	 0.6178848
0.7161006 	 0.53160286
0.6764829 	 0.6819469
0.6319624 	 0.5291507
0.7377197 	 0.48870355
0.6802309 	 0.62793607
0.51104057 	 0.5913386
0.53649706 	 0.69797295
0.5609187 	 0.6489045
0.52275026 	 0.6534286
0.576045 	 0.66383994
0.61826205 	 0.65047127
0.5019657 	 0.6514491
0.5195925 	 0.6080357
0.51932395 	 0.6331193
0.52239704 	 0.6558771
0.48415327 	 0.5890239
0.53793156 	 0.63067245
0.51697177 	 0.58297014
0.50883234 	 0.63131225
0.5529978 	 0.59465396
0.56422234 	 0.6581163
0.54695004 	 0.6547722
0.5192378 	 0.68622214
0.51682645 	 0.5840594
0.53693914 	 0.5832897
0.54223865 	 0.63087946
0.5577995 	 0.555027
0.5550849 	 0.55268127
0.5240228 	 0.58945364
0.5786186 	 0.58126855
0.53284377 	 0.6714998
0.50015515 	 0.61912507
0.53277767 	 0.5578645
0.5372137 	 0.68995357
0.4955752 	 0.63825786
0.5077223 	 0.6548082
0.5421033 	 0.60605013
0.5016869 	 0.60587204
0.50749356 	 0.6947832
0.6253127 	 0.65537953
0.6408108 	 0.7031886
0.6209815 	 0.6449609
0.5899549 	 0.6445064
0.5568473 	 0.6786165
0.51284635 	 0.5711948
0.53717947 	 0.60428745
0.542649 	 0.61566174
0.72470194 	 0.6460872
0.66114724 	 0.6561889
0.48014888 	 0.66188747
0.47192588 	 0.59957266
0.52892596 	 0.6477929
0.5142433 	 0.6039255
0.57741296 	 0.5686869
0.5071873 	 0.5007186
0.5463724 	 0.5935912
0.5323815 	 0.56470054
0.5305741 	 0.576441
0.51297134 	 0.6423353
0.48525345 	 0.51654977
0.5250793 	 0.5189405
0.5619968 	 0.6294485
0.5217919 	 0.6053611
0.5309959 	 0.593017
0.5259589 	 0.6252514
0.47737238 	 0.64978844
0.4889927 	 0.6115399
0.5037694 	 0.59404075
0.48779905 	 0.65039295
0.48146933 	 0.5195905
0.61803246 	 0.70403546
0.62530845 	 0.6561685
0.6558077 	 0.6482008
0.62123567 	 0.6260283
0.5198886 	 0.5464865
0.45995402 	 0.5736696
0.500759 	 0.49591544
0.4820924 	 0.5399502
0.55556804 	 0.53713924
0.5386491 	 0.5227839
0.54549205 	 0.6014507
0.5196835 	 0.5304505
0.5699327 	 0.6135694
0.53063995 	 0.60173297
0.448333 	 0.5419662
0.462292 	 0.5753597
0.43281883 	 0.5082099
0.38389596 	 0.580391
0.34471792 	 0.51139903
0.33153155 	 0.56014514
0.34756345 	 0.56934583
0.38816276 	 0.646696
0.39585793 	 0.6354912
0.41815212 	 0.55201334
0.46291584 	 0.6948162
0.4955021 	 0.6824374
0.49494797 	 0.6450747
0.47264785 	 0.77173865
0.44123724 	 0.60775214
0.4355012 	 0.59993035
0.43118936 	 0.5290192
0.4597133 	 0.53631383
0.4872507 	 0.6868927
0.53091055 	 0.5246703
0.4924802 	 0.57147825
0.5198501 	 0.70210606
0.5147777 	 0.60912347
0.58448535 	 0.6386374
0.5929231 	 0.59397316
0.62485945 	 0.6513893
0.6446058 	 0.73960024
0.66316545 	 0.7178604
0.6219175 	 0.57969767
0.6180622 	 0.63217336
0.6073464 	 0.61729866
0.6361108 	 0.55597264
Summary
0.26726794  -  0.80789757 ,  0.43014494  -  0.8985011
accuracy:  81.5
equal predictions:  0
