TensorFlow version: 1.13.1
Found 939 images belonging to 1 classes.
argN = 784
argN = 784
0.4332028 	 0.5262101
0.43007207 	 0.6875735
0.46278024 	 0.7079134
0.51076686 	 0.6292238
0.36328956 	 0.5357251
0.35954103 	 0.5656657
0.49141082 	 0.62556493
0.6229691 	 0.6868048
0.55026406 	 0.7427343
0.50826555 	 0.80003756
0.37794644 	 0.5785248
0.33861417 	 0.6574656
0.30351707 	 0.7753505
0.35133252 	 0.6630364
0.49874574 	 0.583239
0.42865247 	 0.60706156
0.46947744 	 0.63635886
0.42914718 	 0.6262892
0.46372882 	 0.6833228
0.54658735 	 0.5945331
0.48220998 	 0.7205553
0.5255978 	 0.69488066
0.5292762 	 0.7786277
0.56433713 	 0.7939511
0.6894384 	 0.6657846
0.61936253 	 0.5931557
0.5254508 	 0.87296873
0.50752884 	 0.7156187
0.8050961 	 0.80584705
0.69955814 	 0.8126912
0.4450417 	 0.582696
0.532477 	 0.8767061
0.5305744 	 0.6131698
0.44263843 	 0.53450805
0.37626174 	 0.786076
0.31405014 	 0.7785921
0.32242352 	 0.645
0.43015382 	 0.54920036
0.6395169 	 0.64360464
0.49805307 	 0.5482474
0.47899166 	 0.67337954
0.40627792 	 0.8662978
0.53966033 	 0.54961973
0.46744895 	 0.54414856
0.49951947 	 0.6051508
0.51986563 	 0.5435171
0.3292865 	 0.757488
0.42875615 	 0.716312
0.5298793 	 0.77672815
0.5593606 	 0.7043169
0.4866878 	 0.83398443
0.5608361 	 0.8467076
0.55578935 	 0.68655205
0.4162515 	 0.7920954
0.40376717 	 0.6567509
0.3763913 	 0.5571695
0.40779847 	 0.52075666
0.4628828 	 0.5597908
0.48018098 	 0.68125916
0.5482707 	 0.6010839
0.56686664 	 0.57878
0.49001423 	 0.6362985
0.46424603 	 0.6515
0.4853994 	 0.6623826
0.4629522 	 0.60196745
0.43724152 	 0.683528
0.51292974 	 0.69457453
0.58158606 	 0.7327352
0.513588 	 0.65140164
0.4997902 	 0.689157
0.39904317 	 0.52154684
0.70553327 	 0.91444653
0.4607559 	 0.813423
0.47069213 	 0.5315079
0.5772979 	 0.6359913
0.5461579 	 0.66799974
0.3607849 	 0.5620933
0.37452415 	 0.5494892
0.3524656 	 0.61502534
0.45735216 	 0.579641
0.4577355 	 0.4703846
0.4096862 	 0.5845931
0.62137985 	 0.7235518
0.34472954 	 0.4303374
0.40830043 	 0.80651397
0.44494125 	 0.5881316
0.5038834 	 0.8383443
0.5347921 	 0.9857381
0.3849133 	 0.7989248
0.5223478 	 0.7763425
0.580955 	 0.6509458
0.44128087 	 0.6602905
0.40560296 	 0.74382013
0.40688926 	 0.6300538
0.4468702 	 0.5475823
0.5281332 	 0.56263447
0.43587494 	 0.6645292
0.43685803 	 0.73048425
0.45336267 	 0.6244576
0.48368686 	 0.67431927
0.50075924 	 0.644957
0.5386747 	 0.61713094
0.5645584 	 0.6660716
0.49392048 	 0.66237515
0.49694556 	 0.6563309
0.50951785 	 0.5973449
0.5455097 	 0.6103759
0.48919204 	 0.5941505
0.50639766 	 0.73852783
0.5022721 	 0.61667323
0.55321443 	 0.65271395
0.5151438 	 0.60255885
0.57540846 	 0.58284545
0.5120588 	 0.6344018
0.5144606 	 0.5633242
0.52861625 	 0.5918763
0.53557223 	 0.54128224
0.48050696 	 0.60843724
0.5399632 	 0.5839081
0.45445767 	 0.51438844
0.51535964 	 0.6531779
0.5200394 	 0.64465934
0.408772 	 0.55019903
0.42954403 	 0.520507
0.3924098 	 0.47224614
0.41286165 	 0.6928744
0.39913228 	 0.57028824
0.3778152 	 0.5409763
0.39514232 	 0.59511536
0.41583496 	 0.8007973
0.40872937 	 0.5561529
0.38716468 	 0.72952557
0.3882177 	 0.5194256
0.42277825 	 0.5482243
0.4384441 	 0.7015332
0.41288525 	 0.6230449
0.45262742 	 0.63184804
0.47356611 	 0.61514866
0.43796647 	 0.71684855
0.44882157 	 0.73984164
0.37952888 	 0.7284415
0.3957219 	 0.71555877
0.4194034 	 0.7279766
0.41817966 	 0.6571164
0.42224386 	 0.5691823
0.40068743 	 0.6587534
0.40407336 	 0.6977437
0.43776172 	 0.7601721
0.42132908 	 0.68212575
0.44937325 	 0.720959
0.4709795 	 0.70215
0.41083908 	 0.7073527
0.4223979 	 0.6035941
0.4700413 	 0.66928834
0.4423408 	 0.5046025
0.46622917 	 0.6037859
0.5229268 	 0.7166716
0.46937677 	 0.76471
0.5279141 	 0.6244649
0.5377954 	 0.7007783
0.5449365 	 0.71302587
0.50180906 	 0.8075818
0.46786177 	 0.6354909
0.4690222 	 0.7199151
0.47541443 	 0.63315433
0.49559477 	 0.6451413
0.506792 	 0.69053596
0.4737146 	 0.65204394
0.47163078 	 0.5819672
0.46308005 	 0.7308844
0.47137758 	 0.6776471
0.51726997 	 0.6856713
0.5194534 	 0.54839826
0.5069369 	 0.7258472
0.5009272 	 0.83336335
0.48418424 	 0.68394864
0.46761495 	 0.69932276
0.46558332 	 0.73139924
0.46800253 	 0.7991127
0.4536105 	 0.80992806
0.4612977 	 0.7333837
0.46699616 	 0.77336496
0.45003104 	 0.67170215
0.40022102 	 0.57768047
0.3855182 	 0.7240818
0.38268867 	 0.81313616
0.44142738 	 0.7711514
0.47578076 	 0.8672426
0.46280703 	 0.60713756
0.5000105 	 0.98956466
0.4937772 	 0.54148215
0.48836538 	 0.8087037
0.5176272 	 0.79395807
0.48333123 	 0.67641234
0.45133093 	 0.99743456
0.52031773 	 0.71887416
0.5263697 	 0.6977291
0.49563733 	 0.5064818
0.4984796 	 0.88575155
0.4640634 	 0.64289844
0.45972934 	 0.60482097
0.49335742 	 0.6218722
0.3905268 	 0.646712
0.37628552 	 0.5689359
0.36902556 	 0.8855369
0.33550245 	 0.64515674
0.31726366 	 1.0544249
0.40343812 	 0.6552303
0.41653445 	 0.631658
0.44360283 	 0.567037
0.43156666 	 0.9647814
0.35059795 	 0.88223916
0.42060265 	 0.8751025
0.39254802 	 0.64257574
0.42735845 	 0.67762315
0.4322649 	 0.6425486
0.3531256 	 0.6913577
0.40824485 	 0.9016229
0.38295954 	 0.6355891
0.3995277 	 0.9582577
0.39707556 	 0.77748764
0.38317636 	 0.5050168
0.38003883 	 0.58286154
0.39603028 	 0.67215073
0.39034608 	 0.8884137
0.40642935 	 0.8562017
0.43427703 	 0.6914881
0.42573565 	 0.83445513
0.3946127 	 0.7154875
0.38740674 	 0.5319091
0.44332805 	 0.7504255
0.3057005 	 0.58074373
0.33575708 	 0.73685294
0.3181665 	 0.75179905
0.35913685 	 0.5741098
0.37933812 	 0.8274899
0.41307387 	 0.7567758
0.41575384 	 0.912942
0.39172268 	 0.8770054
0.5098391 	 0.6829768
0.3089695 	 0.87343
0.29338235 	 0.6029191
0.27330816 	 0.6868531
0.32581624 	 0.589454
0.31342825 	 0.68450797
0.29301083 	 0.47072926
0.318671 	 0.61272573
0.30007824 	 0.77724904
0.25311464 	 0.58489436
0.25253028 	 1.08929
0.31597677 	 0.8395007
0.2744567 	 0.736477
0.32611227 	 0.9337458
0.33692268 	 0.6211886
0.3440204 	 0.5805879
0.37831312 	 0.8519981
0.38096318 	 0.97587687
0.42496607 	 0.9870145
0.36357248 	 0.6516649
0.40733472 	 0.7241925
0.32550454 	 0.90685916
0.35054812 	 0.7618223
0.3781892 	 0.6987768
0.37438303 	 0.7769179
0.4439592 	 0.72761565
0.5236353 	 0.5884353
0.54307455 	 0.5841815
0.55618554 	 0.6732241
0.55823076 	 0.67123747
0.50737625 	 0.7141976
0.43577218 	 0.83820313
0.41153255 	 0.55587214
0.39355505 	 0.65032315
0.37528065 	 0.5199822
0.36783022 	 0.6474983
0.39635536 	 0.6664063
0.38609058 	 0.57750785
0.42080784 	 0.73535293
0.3860519 	 0.71317786
0.4545082 	 0.6108918
0.42300752 	 0.6551364
0.40959966 	 0.7744388
0.39799982 	 0.7360262
0.40416417 	 0.79615426
0.4177529 	 0.6861267
0.4375493 	 0.70256335
0.47345817 	 0.58761615
0.4634724 	 0.72342634
0.42616528 	 0.66546637
0.50621 	 0.83730894
0.45044154 	 0.6034663
0.4256352 	 0.67169094
0.47608948 	 0.5750941
0.52239966 	 0.63568795
0.48065424 	 0.59656864
0.5614156 	 0.53663945
0.55064976 	 0.60645336
0.5253123 	 0.6431378
0.4249533 	 0.7869326
0.4366918 	 0.5903586
0.4330336 	 0.5549362
0.43701404 	 0.5902256
0.47343138 	 0.611731
0.39526054 	 0.6090971
0.3860955 	 0.6607764
0.44988963 	 0.7142452
0.37201038 	 0.54869324
0.34185034 	 0.57992345
0.33076835 	 0.73250693
0.3641282 	 0.92555124
0.36351264 	 0.78672206
0.37734252 	 0.55264884
0.41383994 	 0.7583586
Summary
0.25253028  -  0.8050961 ,  0.4303374  -  1.08929
accuracy:  99.0
equal predictions:  0
TensorFlow version: 1.13.1
Found 939 images belonging to 1 classes.
argN = 784
argN = 784
0.52155095 	 0.82456785
0.5486299 	 0.6876002
0.340575 	 0.50321835
0.47059345 	 0.5949407
0.48421323 	 0.6199343
0.45966393 	 0.5700855
0.42662907 	 0.79854906
0.41629907 	 0.801399
0.4837972 	 0.6588385
0.5369512 	 0.5377335
0.5255044 	 0.63568693
0.39028144 	 0.638869
0.3547594 	 0.63612324
0.44299242 	 0.79993594
0.3865738 	 0.7038247
0.38812086 	 0.75764376
0.4428647 	 0.84839875
0.48353878 	 0.5837925
0.5136613 	 0.730109
0.52162063 	 0.60380614
0.59241855 	 0.7968201
0.5391661 	 0.61056775
0.475406 	 0.714092
0.5109138 	 0.62702626
0.50143826 	 0.46245486
0.49436745 	 0.70258164
0.3514438 	 0.5359337
0.33329794 	 0.49716935
0.3322179 	 0.40119073
0.23905167 	 0.74374145
0.2077621 	 0.5082636
0.43256956 	 0.61911297
0.4802546 	 0.62766176
0.48498973 	 0.71698934
0.52002513 	 0.70431423
0.5758548 	 0.54682726
0.54568845 	 0.5113762
0.4402874 	 0.78383905
0.36085004 	 0.56000113
0.34100184 	 0.45057893
0.45171344 	 0.6339583
0.53100806 	 0.62560636
0.5004558 	 0.64367425
0.527754 	 0.72320926
0.5902082 	 0.61918163
0.55732274 	 0.64445233
0.5463471 	 0.73676765
0.46862948 	 0.58709294
0.5100289 	 0.602068
0.4102458 	 1.0184727
0.37936148 	 0.9111008
0.41847944 	 0.7137509
0.42005548 	 0.7643102
0.35157037 	 0.651062
0.37330204 	 0.7916063
0.38178587 	 0.48748836
0.44900057 	 0.6138761
0.5450187 	 0.5609651
0.43386993 	 0.7773647
0.49286982 	 0.6116897
0.43267953 	 0.5685804
0.3243868 	 0.592652
0.26223943 	 0.6213559
0.27115873 	 0.4484043
0.3418562 	 0.49654672
0.33782756 	 0.5255849
0.47208107 	 0.66159403
0.5286733 	 0.8110091
0.4747444 	 0.50623256
0.5504293 	 0.79329675
0.561536 	 0.66084576
0.40374064 	 0.6207119
0.45992154 	 0.6400114
0.46549785 	 0.6523543
0.18028931 	 0.9813506
0.38071212 	 0.6726738
0.24312332 	 0.9401444
0.47783345 	 0.54109424
0.38199204 	 0.4935988
0.3668863 	 0.9493912
0.41387898 	 0.7708217
0.49156964 	 0.70358914
0.519122 	 0.589418
0.53563476 	 0.66434664
0.58987975 	 0.6330169
0.6518916 	 0.74670607
0.588436 	 0.6562732
0.4074457 	 0.6340557
0.45644367 	 0.74445885
0.38802737 	 0.57569176
0.48242065 	 0.95662624
0.41514376 	 0.73868454
0.30812702 	 0.7136876
0.32681078 	 0.6005566
0.29021475 	 0.5509944
0.64565206 	 0.7559959
0.65059066 	 0.5955646
0.6353198 	 0.575011
0.5931127 	 0.5653352
0.6425477 	 0.6097699
0.5570261 	 0.5619807
0.5776752 	 0.7155113
0.5135523 	 0.7164627
0.55182225 	 0.63373965
0.48313197 	 0.5785446
0.52171916 	 0.614352
0.47162554 	 0.6384726
0.4994743 	 0.43497726
0.46818405 	 0.6338057
0.4509693 	 0.56017417
0.40760973 	 0.73682606
0.40953115 	 0.36282784
0.4175224 	 0.75060505
0.41771188 	 0.8153263
0.3606686 	 1.0286902
0.42637032 	 0.5484901
0.3900687 	 0.47257775
0.37578583 	 0.4479345
0.3389648 	 0.34789383
0.34460148 	 0.3884942
0.3311745 	 0.48515663
0.3367079 	 0.4076445
0.3420378 	 0.5387726
0.36514014 	 0.56163824
0.3967832 	 0.5285784
0.38324362 	 0.8321417
0.40496615 	 0.6186163
0.40147227 	 0.46858355
0.41712168 	 0.7240842
0.45412531 	 0.63741404
0.4061396 	 0.34772125
0.4215433 	 0.46806565
0.41115555 	 0.95209646
0.38513002 	 0.7356707
0.41321316 	 0.8088282
0.45514128 	 0.6043642
0.46981892 	 0.6291266
0.46953234 	 0.6615617
0.46002796 	 0.38805845
0.48912865 	 0.54470915
0.45492762 	 0.7030186
0.47932532 	 0.4890548
0.47689137 	 0.73042434
0.498538 	 0.5623693
0.42388478 	 0.6835067
0.5348281 	 0.6717987
0.50064045 	 0.42390472
0.47905374 	 0.5032138
0.43613628 	 0.581772
0.47403175 	 0.3582421
0.5094631 	 0.65788865
0.4451457 	 0.65914416
0.4178664 	 0.69434977
0.382722 	 0.6160604
0.39512932 	 0.74461937
0.37615624 	 0.702146
0.3424153 	 0.5907877
0.33657527 	 0.41520733
0.3319479 	 0.5746005
0.32736665 	 0.4203183
0.32679707 	 0.64868325
0.35909015 	 0.4271998
0.34014803 	 0.3861744
0.29511124 	 0.73768145
0.30431575 	 0.4906558
0.3020767 	 0.84150434
0.29339147 	 0.46677703
0.28979933 	 1.0179409
0.32757133 	 0.6789284
0.32119545 	 0.39929602
0.29169706 	 0.55466026
0.30352044 	 0.7841116
0.336501 	 0.6268062
0.29696372 	 0.81530946
0.33144546 	 0.6288476
0.3225411 	 0.5312471
0.34483445 	 0.7880212
0.33579737 	 0.5684737
0.32341394 	 0.6491497
0.37992755 	 0.40987512
0.35490644 	 0.42899182
0.342355 	 0.71753883
0.335412 	 0.8191706
0.35595852 	 0.71369576
0.33208498 	 0.5540971
0.33945337 	 0.8203621
0.3403798 	 0.5959917
0.28580678 	 0.45581332
0.3040686 	 0.719178
0.32296368 	 0.66982067
0.30566886 	 0.36179438
0.28706357 	 0.7755737
0.30744094 	 0.65999603
0.25909737 	 0.75774384
0.28838795 	 0.3458358
0.29649723 	 0.7239947
0.26000193 	 0.3577064
0.26323938 	 0.4677708
0.26821363 	 0.31580126
0.4295521 	 0.5778929
0.43763745 	 0.5679765
0.40445057 	 0.607758
0.3634245 	 0.7046393
0.315426 	 0.54723763
0.28282467 	 0.7860934
0.25636858 	 0.647108
0.26251087 	 0.7219193
0.31905642 	 0.64140695
0.2917049 	 0.8943422
0.2960091 	 0.79517394
0.30634815 	 0.57611686
0.2927044 	 0.7523396
0.28294623 	 0.57635707
0.28855404 	 0.7366613
0.28686044 	 0.8798386
0.28969467 	 0.52825487
0.28647807 	 0.7727307
0.32348856 	 0.6948962
0.32938656 	 0.80281156
0.33645394 	 0.91705984
0.31665727 	 0.45170635
0.2731576 	 0.6119995
0.2842274 	 0.66787094
0.26951218 	 0.49840358
0.25514188 	 0.5298425
0.2743586 	 0.53309596
0.3654739 	 0.5020413
0.58939403 	 0.5942781
0.6891513 	 0.75356185
0.5938069 	 0.70226055
0.47911897 	 0.49738094
0.43910527 	 0.58643085
0.41500798 	 0.7546447
0.4116727 	 0.6838934
0.410391 	 0.54944897
0.4169134 	 0.6606449
0.41476592 	 0.6658721
0.44023243 	 0.72265387
0.4249752 	 0.645596
0.64861345 	 0.56826663
0.44357517 	 0.68397605
0.4368608 	 0.6690172
0.46657714 	 0.5949826
0.44924462 	 0.57352746
0.34241578 	 0.5667574
0.3616911 	 0.7609845
0.3299829 	 0.48092878
0.33103305 	 0.735032
0.35098717 	 0.60997957
0.34467047 	 0.49124676
0.36452085 	 0.4335893
0.39838025 	 0.3717174
0.38928828 	 0.38297772
0.31972885 	 0.6760389
0.37422895 	 0.5492664
0.34783256 	 0.8263959
0.3329785 	 0.5901436
0.34200102 	 0.57688373
0.27354702 	 0.78745514
0.34921068 	 0.76617473
0.38180786 	 0.5377378
0.37106818 	 0.4637948
0.32950017 	 0.56292844
0.37373996 	 0.8236539
0.41780794 	 0.5923483
0.41499916 	 0.6537432
0.46086857 	 0.4648705
0.46149823 	 0.6673329
0.43754798 	 0.63034284
0.40885282 	 0.62386346
0.3325726 	 0.5034871
0.28907207 	 0.37381887
0.28218585 	 0.7091202
0.31282964 	 0.8055015
0.25879875 	 0.8496894
0.25568253 	 0.4182474
0.287301 	 0.4760839
0.293182 	 0.4955652
0.27193105 	 0.703604
0.2780004 	 0.60969794
0.2351597 	 0.55064595
0.22072993 	 0.49026355
0.16717559 	 0.6116152
0.16155979 	 0.50089693
0.15638027 	 0.648481
0.15881416 	 0.82973224
0.20394747 	 0.5718332
0.20609847 	 0.45681497
0.20795031 	 0.6080972
0.22615169 	 0.71615106
0.2577166 	 0.44487634
0.20126483 	 0.359084
0.21300657 	 0.87107325
0.22313116 	 0.6283916
0.22256508 	 0.46390718
0.27023315 	 0.480146
0.35021338 	 0.82910264
0.35194707 	 0.70244735
0.33107257 	 0.792665
0.31924456 	 0.6036236
0.30222273 	 0.40949273
0.29109272 	 0.55711424
0.31469193 	 0.59109235
0.32551295 	 0.9098115
0.30696177 	 0.45314342
0.36275777 	 0.5153099
0.36596695 	 0.6307345
0.38743728 	 0.7286733
0.4157955 	 0.4959442
0.3872371 	 0.8185506
0.3862999 	 0.5198045
0.35533902 	 0.6353988
0.34482503 	 0.6860424
Summary
0.15638027  -  0.6891513 ,  0.31580126  -  1.0286902
accuracy:  94.9
equal predictions:  0
TensorFlow version: 1.13.1
Found 939 images belonging to 1 classes.
argN = 784
argN = 784
0.55448216 	 0.7663094
0.54698515 	 0.5924164
0.4561021 	 0.689299
0.38293648 	 0.6585577
0.3381616 	 0.6424266
0.33857754 	 0.57056975
0.4029087 	 0.7544305
0.42898718 	 0.5846903
0.30962178 	 0.84930503
0.25601533 	 0.9269104
0.2702616 	 0.9091279
0.3244033 	 0.8824702
0.33224285 	 0.65236986
0.3152835 	 0.72416705
0.34884158 	 0.6457196
0.3665147 	 0.6181228
0.32989734 	 0.74827176
0.5672082 	 0.43715146
0.37206796 	 0.58269215
0.34355548 	 0.7869737
0.3418136 	 0.6072392
0.31284618 	 0.9389205
0.33593255 	 0.916712
0.14410552 	 0.70590854
0.15077893 	 0.83303124
0.22017902 	 0.6879431
0.2330008 	 1.0891017
0.46012625 	 0.6745595
0.6069014 	 0.54321706
0.5474705 	 0.50984645
0.75651526 	 0.49768317
0.7531332 	 0.5138929
0.5713974 	 0.61820567
0.4538083 	 0.71023536
0.330294 	 0.5741174
0.3246081 	 0.88617826
0.19916376 	 0.67750084
0.21526586 	 1.1901269
0.2706123 	 0.5535524
0.28634852 	 0.9178619
0.31062952 	 0.9092699
0.4136454 	 0.7129709
0.44512737 	 0.7259971
0.4993841 	 0.550576
0.46307975 	 0.5909124
0.49414477 	 0.43414748
0.5966388 	 0.71750563
0.38697693 	 0.586684
0.38640937 	 0.52622813
0.40728617 	 0.7007389
0.40634128 	 0.60851127
0.34836054 	 0.784471
0.29878166 	 0.6963356
0.13224877 	 0.8483514
0.11233791 	 0.5487754
0.19664162 	 0.60451436
0.22812943 	 0.9639585
0.3373283 	 0.65215313
0.71230066 	 0.6098339
0.6063843 	 0.5865681
0.63051033 	 0.7061491
0.5838886 	 0.7732667
0.58987266 	 0.7213915
0.6925755 	 0.52414787
0.6303986 	 0.85189205
0.6711189 	 0.5977152
0.48711088 	 0.72645473
0.6261759 	 0.66367835
0.5363302 	 0.6052187
0.60140705 	 0.68067175
0.68031204 	 0.76821184
0.60457635 	 0.5844284
0.4793034 	 0.8005519
0.36000013 	 0.61825323
0.33459467 	 0.63984084
0.3240729 	 0.75064623
0.3042946 	 0.61477864
0.31076282 	 0.7805314
0.3340006 	 0.85635984
0.3250017 	 0.62899345
0.23879448 	 0.5241051
0.4403648 	 0.81737167
0.46404198 	 0.5009151
0.32872483 	 0.40159518
0.3376399 	 0.72594166
0.4670825 	 0.7267444
0.2484228 	 0.6337256
0.2754103 	 0.8692074
0.23868005 	 0.556918
0.1869118 	 1.0513476
0.19333905 	 0.7698668
0.18195601 	 0.93763167
0.20191984 	 0.7814996
0.22870496 	 0.7514886
0.18892425 	 0.804518
0.17169455 	 0.929517
0.063133605 	 1.0901537
0.4274864 	 0.7992654
0.44346678 	 0.6318022
0.40349427 	 0.5061713
0.35032445 	 0.7649507
0.35941967 	 0.54651964
0.33279863 	 0.5734697
0.26770675 	 0.4602307
0.2812234 	 0.33310422
0.28688535 	 0.8591462
0.30025896 	 0.9900881
0.27243146 	 0.7339617
0.28757852 	 0.5546472
0.27095926 	 0.6715754
0.24792579 	 0.7262518
0.2807019 	 0.8768677
0.28192884 	 0.941899
0.28377068 	 0.7264213
0.3086252 	 0.55533886
0.28923005 	 0.78290194
0.29429305 	 0.7532019
0.33036914 	 0.6561177
0.35895342 	 0.7327609
0.35011482 	 0.6721561
0.33802545 	 0.51640314
0.36044225 	 0.7223261
0.38369167 	 0.68011177
0.3821221 	 0.7755887
0.37812224 	 0.65431964
0.42789045 	 0.7075746
0.3736692 	 0.58522236
0.38398427 	 0.7538779
0.40205628 	 0.6349766
0.3838894 	 0.7626973
0.48516476 	 0.65985304
0.42192915 	 0.5844517
0.4117049 	 0.7415561
0.3833551 	 0.6918997
0.39836603 	 0.7709469
0.33393365 	 0.7934449
0.37402862 	 0.8425458
0.32810575 	 0.66067713
0.3289289 	 0.77005565
0.33017427 	 0.693205
0.32373866 	 0.80653363
0.29573715 	 0.65698457
0.28447056 	 0.7787347
0.31264865 	 0.6295606
0.23822068 	 0.5330803
0.21066922 	 0.7274509
0.25910863 	 0.71875834
0.24107985 	 0.6279988
0.24921468 	 0.5085363
0.24859689 	 0.5451826
0.24368557 	 0.90803385
0.23647422 	 0.4763839
0.22189426 	 0.76582354
0.23169647 	 0.6076401
0.24041013 	 0.8401418
0.22466849 	 0.6358576
0.23636405 	 0.90974826
0.26752588 	 0.70194525
0.24743855 	 0.5131494
0.23664622 	 1.0885789
0.21882394 	 0.61709756
0.24018039 	 0.88685256
0.22295907 	 0.8131422
0.24042475 	 0.9648028
0.24168414 	 0.40725195
0.19632068 	 0.69789284
0.2069163 	 0.8939705
0.16921899 	 0.9688409
0.15761887 	 0.8574516
0.16722287 	 0.76318055
0.154073 	 0.64606005
0.17408751 	 0.8012278
0.21074142 	 0.47415817
0.1891369 	 0.79231286
0.19645183 	 0.7886273
0.19128387 	 0.6450247
0.23105043 	 0.94387794
0.21431346 	 0.8654587
0.22152553 	 0.6924759
0.21793412 	 0.70716614
0.20691286 	 0.77343935
0.22272103 	 0.8230207
0.18521109 	 0.6462759
0.18416728 	 0.5727439
0.19094884 	 0.6206498
0.19836155 	 0.6775369
0.18868345 	 0.885889
0.16597879 	 0.62475723
0.18592581 	 0.5053034
0.18931328 	 0.7205589
0.16877468 	 0.6319109
0.22737622 	 0.57011694
0.20746192 	 0.63020134
0.17496881 	 0.3807779
0.19062929 	 0.45754954
0.1743481 	 0.57307744
0.15794466 	 0.7639813
0.17430353 	 0.445083
0.18043008 	 0.7072314
0.19687724 	 0.8811109
0.1549479 	 0.6956735
0.17356397 	 0.5119266
0.12724109 	 0.601574
0.12817779 	 0.5711828
0.08566622 	 0.5546902
0.060760595 	 0.7527558
0.07373994 	 0.5551779
0.5962493 	 0.5773983
0.6174965 	 0.6257909
0.61772376 	 0.6654747
0.50705725 	 0.6630519
0.48340487 	 0.6781617
0.547197 	 0.61682874
0.49628517 	 0.66758364
0.5016272 	 0.7215403
0.42494565 	 0.64819306
0.41098148 	 0.5927355
0.40760812 	 0.68620723
0.4806178 	 0.5550645
0.48153436 	 0.5963944
0.48360845 	 0.7242729
0.48314473 	 0.71025705
0.5000227 	 0.618927
0.5533195 	 0.7219391
0.5140589 	 0.61048573
0.5172349 	 0.60180944
0.47063336 	 0.662469
0.45993438 	 0.69543755
0.44302946 	 0.5795785
0.39809975 	 0.60613894
0.38245702 	 0.67174786
0.42878836 	 0.6485134
0.45677695 	 0.692322
0.5392933 	 0.6958281
0.5434722 	 0.5743394
0.5604336 	 0.6915374
0.58259106 	 0.62613434
0.5420035 	 0.65222794
0.56883156 	 0.6840253
0.5947931 	 0.65250903
0.5601821 	 0.5987295
0.48088 	 0.60508555
0.47934017 	 0.62462896
0.5026922 	 0.6110088
0.47527674 	 0.58190745
0.5458918 	 0.6598903
0.52825254 	 0.64594585
0.5870782 	 0.6599297
0.64792234 	 0.58396
0.59072936 	 0.6332922
0.5781805 	 0.7585673
0.64301544 	 0.61408424
0.60124564 	 0.77854073
0.5875699 	 0.82686853
0.5822566 	 0.74097055
0.57542634 	 0.62064195
0.5924839 	 0.64126956
0.5252811 	 0.72523445
0.5473673 	 0.6186217
0.5576213 	 0.71723425
0.5864335 	 0.68828565
0.50920653 	 0.66434294
0.5456956 	 0.66450304
0.5763483 	 0.72472876
0.5698703 	 0.57836115
0.55387694 	 0.6531525
0.54794097 	 0.7026043
0.56431353 	 0.6060966
0.60933936 	 0.67009324
0.6106206 	 0.65027493
0.56853706 	 0.5837048
0.50470656 	 0.56797975
0.50860333 	 0.6122766
0.52298075 	 0.6593274
0.51844096 	 0.51448095
0.5391623 	 0.64340895
0.5945392 	 0.6857656
0.569439 	 0.5510672
0.5686951 	 0.6291508
0.58208305 	 0.6225972
0.5869005 	 0.6573899
0.649847 	 0.6334459
0.62147486 	 0.6679869
0.55976754 	 0.593903
0.49661094 	 0.64561474
0.5011979 	 0.69270444
0.5064282 	 0.6804898
0.39033568 	 0.6981222
0.41290992 	 0.6333966
0.33521178 	 0.6228435
0.3561058 	 0.6069784
0.40283674 	 0.70034367
0.46925965 	 0.65250355
0.523108 	 0.66988546
0.50365645 	 0.72622246
0.51483905 	 0.75031936
0.5036838 	 0.63036734
0.43913424 	 0.6581947
0.46490154 	 0.6691962
0.43065083 	 0.59600997
0.49668264 	 0.62179494
0.51123685 	 0.62379193
0.45575607 	 0.703807
0.47422653 	 0.57342404
0.48150638 	 0.578935
0.5098402 	 0.766683
0.5047491 	 0.6847894
0.5163943 	 0.63417155
0.52522 	 0.6041795
0.49100295 	 0.6494539
0.51108104 	 0.6243632
0.47404027 	 0.70294625
0.5097903 	 0.63352203
Summary
0.060760595  -  0.75651526 ,  0.33310422  -  1.1901269
accuracy:  94.6
equal predictions:  0
TensorFlow version: 1.13.1
Found 939 images belonging to 1 classes.
argN = 784
argN = 784
0.2840504 	 0.7107687
0.21307266 	 0.58238107
0.35943335 	 0.4870417
0.3090265 	 0.5331975
0.35725415 	 0.8223422
0.48859796 	 0.62918156
0.519057 	 0.7980511
0.47341052 	 0.58108944
0.5851661 	 0.6941242
0.6474341 	 0.657376
0.596417 	 0.7197018
0.4521711 	 0.5351091
0.2928795 	 0.76973706
0.29886493 	 0.4137598
0.3267218 	 0.63033825
0.29112145 	 0.723002
0.25565335 	 0.75835377
0.26829967 	 0.4244009
0.2953308 	 0.49363294
0.3163803 	 0.64694977
0.45901242 	 0.6308996
0.49023318 	 0.59164584
0.50818926 	 0.5377043
0.5843826 	 0.73254746
0.6006369 	 1.0063242
0.50340605 	 0.79903924
0.516438 	 0.49409807
0.52295536 	 0.6396196
0.49225375 	 0.66735303
0.4800015 	 1.0152711
0.4738866 	 0.679803
0.52039564 	 0.7066516
0.34126106 	 0.47850513
0.29149696 	 0.5671739
0.27267084 	 0.44302332
0.22421028 	 0.59036326
0.31821302 	 0.3416195
0.24935204 	 0.5751966
0.19703366 	 0.33868724
0.28551394 	 0.45969915
0.23412633 	 0.49269128
0.5064117 	 0.8646585
0.31552258 	 0.87772083
0.39490592 	 0.6616369
0.35886332 	 0.5654659
0.33017212 	 0.48752776
0.4380051 	 0.57386535
0.5261345 	 0.65651566
0.5032609 	 0.80267
0.4786431 	 0.56036204
0.35643163 	 0.35572326
0.20000754 	 0.3475674
0.17016235 	 0.47309324
0.2067403 	 0.616022
0.38732788 	 0.7236661
0.32181808 	 0.55984527
0.45509213 	 0.65675735
0.49831378 	 0.58007026
0.54839694 	 0.64838547
0.5164961 	 0.87348026
0.53098214 	 0.6362387
0.4630166 	 0.5285588
0.54527944 	 0.7299593
0.5937804 	 0.7275277
0.547017 	 0.7153202
0.49337325 	 0.7545862
0.26261067 	 0.5375441
0.27122268 	 0.3600107
0.42375848 	 0.57282454
0.388169 	 0.5994374
0.28705817 	 0.5695719
0.3063695 	 0.40998164
0.2969595 	 0.8064917
0.36753768 	 0.53677475
0.39904922 	 0.7763075
0.17288631 	 0.3790495
0.24546784 	 0.2439238
0.3283993 	 0.6400223
0.326415 	 0.5358083
0.4615438 	 0.610339
0.56505203 	 0.6388339
0.5549584 	 0.68324417
0.32392275 	 0.7039975
0.2569474 	 0.40833172
0.18357557 	 0.6703516
0.26166248 	 0.9291228
0.35528424 	 0.67830956
0.4991999 	 0.7881244
0.55729634 	 0.7022989
0.58610415 	 0.63617843
0.63720214 	 0.59800065
0.6286077 	 0.7591112
0.588006 	 0.68866956
0.53517663 	 0.80446243
0.6348626 	 0.56979495
0.2789003 	 0.7456037
0.21399869 	 0.2698229
0.23031648 	 0.5016638
0.21467489 	 0.5796986
0.17160241 	 0.4718144
0.17433575 	 0.41684654
0.18787362 	 0.750058
0.16323364 	 0.61991966
0.23754977 	 0.7700501
0.22656316 	 0.42322302
0.27150562 	 0.6795248
0.24380147 	 0.42410728
0.25504088 	 0.6547344
0.27817705 	 0.5859979
0.33960629 	 0.48127237
0.3174803 	 0.6319136
0.337649 	 0.59391534
0.37234887 	 0.6042591
0.40002057 	 0.66951627
0.40758914 	 0.6482243
0.42906624 	 0.63113767
0.43700004 	 0.63375527
0.4511482 	 0.61319697
0.45932674 	 0.78048897
0.4647502 	 0.46111268
0.47895962 	 0.5023791
0.4961344 	 0.588336
0.47966057 	 0.73919284
0.4529272 	 0.6227742
0.48718306 	 0.6514488
0.48582357 	 0.53459394
0.5242846 	 0.554093
0.5178879 	 0.7287286
0.5198048 	 0.55443466
0.54268986 	 0.52401656
0.5938823 	 0.5615289
0.6001707 	 0.6809501
0.5891386 	 0.60204685
0.57325715 	 0.60119784
0.6300184 	 0.67571074
0.57302266 	 0.71004665
0.5864026 	 0.771633
0.54790056 	 0.7341372
0.5966984 	 0.78262836
0.5372161 	 0.75644773
0.55025446 	 0.5860268
0.6070821 	 0.69384825
0.58267665 	 0.6865241
0.6389407 	 0.61386645
0.5923748 	 0.7499693
0.5951942 	 0.70122707
0.59799606 	 0.6392768
0.6914712 	 0.66719955
0.60390913 	 0.69117373
0.6284139 	 0.67917085
0.6098666 	 0.7176005
0.6003216 	 0.6611142
0.58571243 	 0.7169732
0.5979743 	 0.91740227
0.59309894 	 0.71499264
0.5547472 	 0.75525194
0.5835435 	 0.79696107
0.57442594 	 0.55129725
0.57467973 	 0.6204433
0.61573076 	 0.6174335
0.58654726 	 0.75710285
0.5702862 	 0.70612895
0.54268104 	 0.6553735
0.5448345 	 0.71467835
0.5078765 	 0.73995906
0.5900647 	 0.6903123
0.5468111 	 0.50997955
0.57753325 	 0.5833575
0.5531709 	 0.62983626
0.52021563 	 0.66635674
0.52105844 	 0.7305643
0.49462673 	 0.75699025
0.53679943 	 0.5469226
0.58233124 	 0.56420416
0.51200116 	 0.7564364
0.6079301 	 0.61231744
0.6329518 	 0.743419
0.6222868 	 0.82923454
0.5778301 	 0.8384873
0.6557646 	 0.6543147
0.61945665 	 0.7234466
0.67102724 	 0.5998358
0.68902355 	 0.73636574
0.6157469 	 0.6883855
0.6517605 	 0.6750953
0.61216384 	 0.84457266
0.693015 	 0.5960974
0.6051041 	 0.9323567
0.41918647 	 1.0620196
0.41026485 	 0.99725264
0.4365388 	 1.0595156
0.47397766 	 0.79051733
0.44959226 	 0.7355233
0.45197156 	 0.5943701
0.42684728 	 0.62841237
0.38880542 	 1.0435237
0.48295188 	 1.0238409
0.43718836 	 1.0830073
0.475081 	 0.9280956
0.42028084 	 0.857068
0.45154032 	 0.93733823
0.4213378 	 0.87985724
0.47539696 	 1.0245076
0.48453233 	 0.72509277
0.47888917 	 0.7294693
0.49708647 	 0.85651785
0.50163037 	 0.7824816
0.45550194 	 0.7887353
0.5095422 	 0.8569072
0.50966954 	 0.8737428
0.5437237 	 0.70024174
0.55684084 	 0.6109379
0.57023615 	 0.8075184
0.5842747 	 0.5677968
0.50019586 	 0.63562465
0.5951057 	 0.8964446
0.5789161 	 0.69680953
0.71646184 	 0.89611727
0.7246868 	 0.8633421
0.6011603 	 0.7591447
0.624729 	 0.96069497
0.5529891 	 0.9202537
0.5490805 	 0.87097853
0.5433223 	 0.722905
0.627506 	 0.7573555
0.6016411 	 0.5886568
0.51658374 	 0.797552
0.45563242 	 1.0152874
0.4676809 	 0.64184546
0.44591495 	 0.96771187
0.49305916 	 0.7154326
0.5472602 	 0.8126818
0.6127947 	 0.8585437
0.6160851 	 0.6709165
0.5765516 	 0.58264095
0.5637071 	 0.82615787
0.56265205 	 0.7818513
0.5359289 	 0.6164296
0.5105574 	 0.84020567
0.48378095 	 0.8084685
0.47546774 	 0.8784218
0.4967036 	 0.92235047
0.46777385 	 0.92830956
0.5010311 	 0.8869077
0.49470004 	 0.82810944
0.5177674 	 0.86960894
0.4785621 	 0.81199205
0.47356105 	 0.9976692
0.48397046 	 0.55847275
0.5137707 	 0.8185988
0.50826776 	 0.7728364
0.49306852 	 0.71801037
0.5085151 	 0.91423905
0.49661937 	 0.5995305
0.46270886 	 0.8042092
0.4786269 	 0.71691793
0.44607648 	 0.8570476
0.46320373 	 0.6843366
0.42077497 	 0.94455844
0.41649106 	 1.0904186
0.4528417 	 1.0269369
0.46534368 	 1.0038608
0.45827204 	 0.75141937
0.4809521 	 0.9378104
0.44661602 	 0.8224889
0.45975617 	 0.91264325
0.45453295 	 0.80025727
0.45808318 	 1.085106
0.48660722 	 0.940193
0.40949544 	 1.1213082
0.41628858 	 0.93454415
0.42612523 	 0.76173073
0.32838705 	 0.7770141
0.33829525 	 0.7745945
0.30708346 	 0.8153313
0.25322843 	 1.1152824
0.2575221 	 0.90158045
0.19577406 	 1.2579856
0.1590086 	 1.0015621
0.16285996 	 0.8115965
0.16454633 	 0.46229172
0.17294362 	 1.0621086
0.19841991 	 0.8014188
0.18122198 	 0.84840924
0.20264325 	 0.8991307
0.2023324 	 1.0562727
0.23286521 	 1.1509823
0.28368822 	 0.8771226
0.29045108 	 0.97917473
0.34669602 	 0.64466363
0.36380795 	 0.45224997
0.3605055 	 0.9123235
0.34922647 	 0.9680133
0.44714254 	 0.8317557
0.4055783 	 0.9851437
0.47446677 	 0.8378398
0.46702877 	 0.6201384
0.5158301 	 0.6713163
0.5016604 	 0.7387604
0.5472574 	 0.76464355
0.48953548 	 0.64343107
0.50281304 	 0.73564917
0.50658095 	 0.8226669
0.49868745 	 0.8230787
0.47229785 	 0.8710066
0.4303733 	 1.009911
0.4508706 	 0.930059
0.42184317 	 0.55460775
0.492751 	 0.8863198
0.43920848 	 0.9291094
0.40307862 	 0.67017245
0.48024294 	 0.7084927
0.49296752 	 0.81315243
Summary
0.1590086  -  0.7246868 ,  0.2439238  -  1.2579856
accuracy:  94.2
equal predictions:  0
