0.21245807	-0.02307737
0.24913684	0.16876343
0.25422823	0.10157628
0.3630816	0.05169292
0.4799632	-0.17358166
0.4487001	0.08472881
0.34715262	-0.06423648
0.04743885	-0.15851884
-0.09120776	-0.14405584
0.21955758	-0.02381869
0.3112102	-0.2565718
0.46732542	0.1892628
0.49921978	0.16844417
0.5421918	-0.30293104
0.5442341	-0.04475665
0.49966946	-0.15818714
0.45839044	-0.04834614
0.42332104	-0.07799809
0.3452394	0.01081687
0.3795021	0.10555777
0.43112844	-0.00688493
0.46029106	-0.01535667
0.42053068	0.17414151
0.3132937	-0.04797485
0.2639838	0.09048963
0.24171999	-0.00605222
0.217547	-0.05579882
0.20169683	-0.05166076
0.21263655	0.01684405
0.18313327	0.10611454
0.14992751	-0.00597772
0.16736469	0.08693104
0.1885816	0.1099263
0.2010173	-0.11644565
0.20907155	-0.10023392
0.21632607	-0.01747526
0.20414798	0.06903504
0.21962431	-0.12703595
0.13465816	-0.03267331
0.06986427	-0.06263369
0.03980915	-0.06874095
0.04084193	-0.0202596
0.03623159	-0.00367901
0.03709925	-0.02094155
-0.0138542	0.04382998
0.03191685	0.01590475
0.20220897	0.10790087
0.5411491	-0.14053766
0.6650412	0.05651508
0.7118074	0.05860715
0.71485835	0.10126465
0.6769326	0.14541563
0.69300836	-0.17465672
0.70351136	0.05705782
0.6692883	0.05859087
0.60386086	-0.02766117
0.5136432	-0.07158041
0.50275326	-0.01358516
0.5339579	0.10709041
0.60520905	-0.03118589
0.6298935	0.11022785
0.659029	-0.02778772
0.64264625	0.14164111
0.5479928	0.01383553
0.34928948	-0.0167852
0.44407752	-0.01266785
0.5011114	0.12746306
0.46049377	-0.1374617
0.5324237	0.01196051
0.5139977	-0.11520228
0.5330245	0.21012673
0.45720693	-0.21311891
0.46672612	0.10878685
0.53042233	-0.03417906
0.61134666	-0.01743068
0.23090573	-0.02267792
0.43997195	-0.10166013
0.50839084	0.14786929
0.4715941	-0.01487687
0.54912275	0.10764012
0.55656636	0.25444782
0.53321975	0.10352567
0.48128438	0.13767232
0.39741302	0.05972676
0.31173944	-0.0101604
0.36673772	-0.00721094
0.37644815	-0.15906845
0.4097524	-0.3907878
0.42524865	0.004801
0.44410226	-0.03173584
0.4388787	0.14036171
0.45963627	-0.03135655
0.4822556	0.03625391
0.46525458	0.05441169
0.34742248	0.02152107
0.2482703	-0.01043782
0.09290667	0.00456723
-0.0247354	0.08428146
-0.06415281	0.05149289
-0.06568705	0.017184
-0.04918025	0.01009
-0.05427417	0.09971197
-0.04805778	-0.04101611
-0.03216129	0.00242704
-0.04130109	-0.0018166
-0.01378777	-0.02364773
-0.03408468	0.0493782
-0.00575939	-0.0116154
0.00445264	-0.05085521
0.03713152	-0.01864718
0.04220816	0.02992262
0.08144239	0.05649986
0.11765549	0.02147644
0.12278953	0.10512276
0.19812214	-0.01216809
0.3126145	-0.27692997
0.353729	0.16081738
0.34008712	-0.03018523
0.4223484	0.02029438
0.46769962	-0.12034024
0.63511413	-0.10744019
0.7162627	0.07126527
0.6652492	-0.20094554
0.6723853	-0.24436942
0.57172304	0.2653592
0.5225203	0.03817986
0.29001808	0.15686584
0.14936425	0.02430297
0.13517517	-0.07121735
0.11885309	0.00655947
0.1014979	-0.18860964
-0.1815271	0.10934979
-0.11985091	0.16453522
-0.04425437	0.15496142
0.03562757	-0.09283558
0.13902053	-0.16901763
0.204789	-0.05706576
0.15708502	-0.08266801
0.1482154	0.19083552
0.2574586	0.09738792
0.32621267	0.17235593
0.35536155	-0.27582186
0.36583522	-0.03131458
0.31898704	-0.03871864
0.31263524	-0.14713472
0.31763119	0.08747511
0.32940763	-0.02502631
0.50351936	-0.06798257
0.4465296	-0.06853843
0.36977875	-0.08845264
0.30461735	0.2657293
0.02984047	-0.06218476
0.0881669	0.02869289
0.18127045	-0.15309152
0.30363652	-0.00599889
0.2644482	-0.10254442
0.286256	0.16244262
0.3244704	0.02105699
0.30461735	-0.06561695
0.27585584	0.02191309
0.336763	-0.15300478
0.4624734	0.10803059
0.3612989	-0.10053637
0.17469497	-0.02451734
-0.14226687	0.10131314
-0.22644477	-0.28680763
0.22114682	0.12880677
0.40137097	-0.10747284
0.41879684	0.08052731
0.48136094	-0.03818738
0.51078266	0.03314753
0.5237797	0.14644432
0.4842845	0.22059433
0.43800235	-0.01317025
0.4240284	-0.05037441
0.4127824	-0.19538085
0.45971754	-0.04227498
0.4858999	-0.11582551
0.4832205	-0.05074053
0.4764587	0.02819505
0.33968604	-0.19462842
0.30298203	0.0497015
0.25713843	-0.07213564
0.19604467	-0.0945133
0.1862422	0.1009355
0.19765802	0.06809514
0.20184404	0.02359114
0.1967541	0.04466935
0.13321246	-0.01059922
0.1749239	-0.07113174
0.19025782	0.0899074
0.19584213	0.02746425
0.20263597	-0.06748609
0.19411635	-0.09190022
0.18688275	-0.14363499
0.11654386	-0.08770407
0.64529747	-0.0525306
0.60981536	0.46263775
0.54587007	0.04960447
0.47871917	0.3109183
0.5203183	-0.14903903
0.5508377	0.12079932
0.62586135	0.1507804
0.6584093	-0.05467418
0.6491104	0.2345599
0.6314728	-0.0699512
0.5211742	-0.13786373
0.34755135	0.03953349
0.5100691	0.04032506
0.5689758	-0.04571708
0.6190271	-0.01851796
0.6602793	-0.04895152
0.6461964	-0.17904666
0.68271136	-0.0056131
0.65338516	0.23291269
0.6173445	-0.2018503
0.6274463	-0.24822406
0.27699813	0.16453798
0.23648609	0.01065629
0.36898404	0.03020829
0.47051197	-0.04613911
0.47663897	-0.05658348
0.56554997	0.19185022
0.58709747	0.21038553
0.5728905	0.00425266
0.51596946	-0.01797259
0.4427442	0.19867188
0.38671425	0.04348339
0.4060136	0.02710125
0.36373025	0.03008131
0.33290258	0.12112281
0.3482266	0.05482476
0.33645478	0.1358971
0.389887	-0.07775892
0.4232185	-0.06153446
0.42386848	0.0895318
0.4053732	0.06211529
0.31616735	-0.02154218
0.2178465	0.01684837
0.06007281	-0.06839787
0.02574919	0.00095144
0.04584867	0.01067424
0.03821038	-0.05402903
0.14005348	-0.04123509
0.0609387	-0.00680541
0.01397455	-0.03433996
-0.02631577	-0.02347234
-0.02227232	-0.02678403
-0.03706058	-0.05438087
0.01381922	0.0240987
-0.02616594	0.03261876
-0.01974794	-0.01699498
0.02121457	0.00654528
-0.00310125	0.05864168
0.05250531	-0.05341227
0.09647857	-0.04870747
0.14682625	-0.07493149
0.30281976	0.02591332
0.46263757	-0.0503501
0.4758695	0.02145555
0.45017815	-0.17697427
0.45933554	-0.04350972
0.602008	-0.08432616
0.74797934	0.0871506
0.7971524	0.13059878
0.8092798	0.09507853
0.6951512	-0.04544249
0.5466597	-0.01451734
0.5388674	-0.03018433
0.39130893	-0.18089631
0.2599862	-0.01251273
0.26699933	0.0422854
0.29797813	-0.2502498
0.22891471	0.12493055
-0.13209853	-0.05835942
-0.07125582	0.01810528
0.08629782	0.28158686
0.24720514	-0.02134974
0.35342184	-0.0698614
0.40417403	-0.04651642
0.40582222	-0.03262201
0.4616057	0.04075971
0.48687932	0.1358616
0.48298573	0.1799674
0.48394942	0.00092292
0.49147242	-0.24606723
0.5325976	0.24618874
0.49757677	0.06368861
0.47892195	-0.06865036
0.4870809	-0.09693646
0.6114526	-0.0567971
0.46983036	-0.072215
0.4324155	0.06181004
0.31653258	0.05215945
0.04997208	-0.01907529
0.05724366	0.08581166
0.2911	0.18854295
0.38891512	-0.30934614
0.40159827	0.16069612
0.41025096	-0.14377588
0.42890096	0.06851917
0.4197535	0.18853098
0.4072121	0.2086834
0.40316567	-0.07467569
0.46336165	0.33535102
0.50105405	0.05472898
0.4911842	0.17851421
0.46274626	-0.12660015
0.4427857	0.10324906
0.44170508	-0.02371826
0.4534903	0.18545134
0.47098592	-0.04641049
0.4954915	-0.15996498
0.477722	-0.04829763
0.36736387	-0.04760059
0.30399328	-0.05699791
0.24486977	0.00067745
0.2164959	-0.08889472
0.36174318	-0.08866233
0.2014189	-0.02607086
0.07591626	-0.02917405
0.00623726	-0.03099364
0.01585862	0.0736081
0.03783782	-0.00386973
0.40122524	-0.00061315
0.38169873	-0.14423072
0.41415292	-0.01467331
0.63472235	0.30884504
0.6796892	0.3766657
0.6653236	-0.3020303
0.5854813	-0.04452674
0.61231786	-0.02342354
0.65358156	-0.10612281
0.64207375	-0.23258057
0.55250084	-0.09394317
0.3750034	-0.07151698
0.44863167	-0.05319531
0.59922993	0.36071143
0.63745934	-0.19001335
0.6150298	0.16039346
0.52604544	-0.07676753
0.40844333	-0.1259264
0.42456833	-0.03495814
0.35820723	0.12910946
0.2547552	-0.27002367
0.19931284	0.00476282
0.01845771	0.14752321
0.11628091	-0.02424682
0.44936278	0.03344588
0.53991115	-0.19559525
0.50106364	-0.1889965
0.659836	-0.09901007
0.69580775	0.04401841
0.5686375	0.0011718
0.46447694	0.03390384
0.36211228	-0.11513919
0.3033114	-0.15069197
0.24129574	-0.19383976
0.22919528	-0.13793932
0.32208765	-0.07714657
0.41220394	-0.2009157
0.40204495	0.16471037
0.41502258	-0.05480371
0.4417459	-0.12492222
0.40673244	0.10933261
0.27767938	0.09911431
0.27120966	0.00363208
0.27740353	0.10728823
0.23141888	-0.00436992
0.20110632	-0.13245952
0.17837466	0.01250994
0.15520383	0.01846823
-0.01860576	0.00513246
-0.04505058	-0.04647825
-0.04211083	-0.02962752
0.01899927	0.00593484
0.02707674	0.00130863
0.04982152	0.04660536
0.05347576	-0.01372917
0.11325075	0.05871584
0.15809357	-0.09537569
0.1138702	-0.13087702
0.13122103	0.04449557
0.12289865	-0.03648207
0.10341913	-0.0129229
0.03236084	-0.03310467
0.01468162	0.01888075
0.03158578	0.12034366
0.05189102	0.00331497
0.03979923	0.04209691
0.05975471	-0.16865854
0.05598678	-0.01551531
0.07997029	0.05130261
0.0792736	0.00306697
0.11247705	0.13566405
0.11224863	-0.16513152
0.14861807	-0.12179223
0.184089	0.057476
0.23511355	0.12308235
0.2646336	-0.13282748
0.30837762	-0.18474479
0.3343372	0.17660236
0.36381948	0.00375215
0.38525125	-0.23257498
0.3947577	0.24431674
0.43964222	0.23833664
0.4525082	0.28893885
0.46119294	-0.12668394
0.47302997	0.11216155
0.49254477	0.1335263
0.49173102	0.12678105
0.5193459	-0.33449173
0.5141996	0.07415444
0.5155278	-0.19209217
0.534229	-0.09647992
0.54197645	-0.29935864
0.5442273	-0.16598985
0.55847365	-0.20262718
0.5582243	0.10415586
0.5704018	0.2012364
0.5699496	-0.14265081
0.5789668	0.03327471
0.5703459	-0.03101683
0.5714883	0.47917405
0.53368735	0.24409176
0.527199	-0.2612119
0.5108549	0.1643007
0.5456833	-0.1557123
0.5507811	0.18140961
0.55118793	-0.21530831
0.58863574	0.19178231
0.5731647	0.12362685
0.6029606	-0.05699163
0.58993286	0.09077378
0.59098846	0.05318617
0.64837724	0.14661957
0.64856726	0.06093101
0.6511143	0.07533947
0.6440265	0.17197286
0.67472136	0.02704515
0.65717703	0.08015588
0.66012895	-0.15817237
0.67174006	0.17982326
0.6751326	0.02241918
0.68297523	0.02445111
0.68458277	0.11099559
0.6684546	0.12950951
0.6674218	0.18015869
0.6672947	-0.13692538
0.66434073	0.0697672
0.6618983	-0.14860478
0.6517512	0.02136686
0.62085104	-0.08174758
0.63171417	-0.17644776
0.59274083	0.11287012
0.57459533	-0.10576203
0.58049405	0.10973826
0.5523468	0.17534383
0.5667508	0.11461832
0.5343831	0.04214134
0.54353094	-0.101267
0.5134342	-0.01155939
0.5158387	-0.03589503
0.4778384	0.24702555
0.4620087	-0.09805022
0.474237	0.09734193
0.4455937	-0.16009897
0.45933765	0.12869856
0.42850477	-0.00095519
0.42971587	0.03002024
0.41698307	0.05579608
0.37982288	-0.00261808
0.38483408	0.20015554
0.37494522	-0.02029943
0.35754377	0.05513816
0.3552787	-0.01263785
0.34201694	0.0918536
0.34695143	0.18473248
0.33510846	-0.22331227
0.3416535	-0.18536204
0.30685914	-0.11869047
0.33147648	0.04334893
0.29808313	-0.01885341
0.29959047	-0.15396751
0.2855213	-0.11477271
0.28918517	-0.06624748
0.31840575	-0.02860366
0.28173116	0.12917924
0.28739277	-0.10515942
0.25826237	-0.04035011
0.26327708	0.01326293
0.24973443	0.20607539
0.26034233	0.01369871
0.29118845	0.1272651
0.2533511	-0.12945206
0.26267684	0.09617062
0.2479639	-0.21370214
0.26045066	-0.06912243
0.24804443	-0.1524922
0.25942615	-0.03897635
0.22243722	0.21279506
0.25468603	0.00846142
0.22213581	-0.08988537
0.2574297	-0.09848285
0.21283543	-0.01953101
0.23728159	-0.01561274
0.19636713	0.12190972
0.19808154	-0.17084177
0.23001552	0.0637294
0.20093583	0.00309147
0.23611368	-0.1536496
0.21447918	-0.03779159
0.25387356	-0.10928591
0.24321158	0.07283153
0.27664977	-0.01842622
0.26022944	-0.04909925
0.2735026	0.1594829
0.3021603	0.02944552
0.28235397	-0.16835281
0.30614424	-0.12391666
0.29577473	-0.01970178
0.32704496	-0.00861909
0.3528621	-0.19070095
0.3564912	-0.06006583
0.37513503	-0.2501153
0.3681339	-0.03307967
0.3980173	-0.05214349
0.38401946	-0.12050404
0.40276298	0.23630524
0.38289675	0.1777353
0.40662795	0.05433773
0.38367462	0.00256468
0.40358192	0.0150088
0.38532537	0.1600497
0.40410897	-0.29875886
0.38355526	0.03412322
0.3885093	0.02494336
0.39446798	0.1865072
0.39806324	-0.2503329
0.39902824	-0.02598585
0.40240848	0.25754535
0.40715024	-0.12940522
0.41911963	0.10556292
0.41847026	0.00743973
0.40222207	0.17142464
0.42139104	-0.06996205
0.4042332	-0.17875755
0.4202923	-0.168691
0.42023176	0.14571531
0.41772273	-0.16014142
0.41637415	-0.19531496
0.41670898	0.06435838
0.415862	0.03568583
0.40291715	-0.0604264
0.43060952	0.0655295
0.40638396	0.01259163
0.4344191	0.03875641
0.43856573	0.15915076
0.44337937	0.03490351
0.44962177	-0.15976758
0.4291789	0.04082102
0.44813415	0.00777719
0.41888592	-0.0316381
0.4373003	-0.03970988
0.4314368	0.02922827
0.4016792	-0.01153457
0.417647	-0.12179715
0.40878615	0.13237543
0.41110444	0.20185488
0.4067981	0.17949738
0.37895444	-0.17450863
0.39960968	0.00968083
0.3616332	0.13891856
0.34674948	-0.10219799
0.33941254	-0.11509468
0.31542414	0.09593715
0.30404672	-0.06401148
0.28364417	0.08120368
0.27856046	0.09692599
0.2515913	0.03516142
0.26038784	0.00965724
0.24673967	-0.08542851
0.22560523	0.09484074
0.25564417	-0.01542947
0.23314168	0.0958384
0.24451448	0.02916309
0.24740376	-0.14010946
0.2593824	-0.0564382
0.29368782	-0.02256943
0.26971537	0.0509825
0.27027005	-0.03987227
0.28909957	-0.03591007
0.30523342	-0.03358746
0.339373	0.05385014
0.32716843	-0.02435539
0.32723495	0.0579662
0.30386165	-0.05293682
0.2619222	-0.12347224
0.27999058	0.04951625
0.2563235	-0.07112613
0.2682286	-0.04318873
0.23209922	0.008529
0.26497087	-0.14145991
0.25196767	0.03728614
0.26365468	0.01226169
0.24691647	-0.10603479
0.21488869	-0.03934865
0.24116796	0.02571066
0.22133273	-0.02047574
0.24206996	-0.19015072
0.2177809	-0.02018602
0.2376613	0.03636308
0.22835612	-0.00666146
0.21362995	0.00686981
0.22611575	0.01274387
0.21037848	-0.07835387
0.21783583	-0.03226164
0.20818835	-0.08128187
0.21101917	-0.04639819
0.20530415	-0.01287388
0.19712846	-0.0446222
0.1982586	-0.11196875
0.18835548	-0.04738487
0.18246245	-0.0336067
0.18060736	0.05280466
0.18938479	-0.06682518
0.1787214	-0.02204588
0.1739667	-0.01799512
0.18667851	0.01839358
0.1767895	0.05081981
0.1831279	0.00939082
0.19302528	-0.06640916
0.19431323	0.06546749
0.19882634	-0.06055282
0.18139863	0.01350497
0.19631715	0.12028641
0.17798743	0.01214474
0.19946155	0.00926976
0.18334965	0.05178276
0.16870417	-0.05545804
0.17756407	0.0626763
0.1947271	-0.00551087
0.1781121	0.00726596
0.17349522	-0.01053812
0.13537893	0.01459579
0.06547262	0.09958715
0.00403699	0.02822851
-0.01526097	-0.01534687
-0.0399816	0.02051485
-0.05247419	-0.02936638
-0.05684932	0.00742769
-0.06062426	-0.06853534
-0.04825383	-0.01942775
-0.04613222	0.00911805
-0.0417848	0.02884825
-0.03574642	0.02204455
-0.03346179	-0.0808338
-0.02554788	-0.00520273
-0.03022609	0.06509922
-0.02550329	-0.05348368
-0.02527571	-0.0541209
-0.03254197	-0.02697366
-0.02566927	0.00659004
-0.02283051	0.05892729
-0.03092639	0.04701396
-0.02363174	0.01269518
-0.03695896	-0.05586018
-0.00866641	-0.01039728
-0.01644139	-0.07967275
-0.0201803	-0.02895711
-0.00416833	-0.06170755
-0.00881161	-0.00619016
0.00082002	-0.02924603
-0.00324185	0.01747641
0.03100654	-0.03947467
0.03059459	-0.00214264
0.05235077	0.0147567
0.0425727	-0.03799702
0.04236921	0.07258151
0.03657257	-0.01161362
0.05185656	-0.0158838
0.04331009	-0.08832693
0.06051449	-0.03591431
0.04818345	-0.0426682
0.04537382	-0.03035448
0.05990463	-0.01315729
0.04928574	0.01152057
0.04478519	-0.00500984
0.06617497	0.00845397
0.05810435	-0.05497538
0.05537327	-0.04816043
0.04543155	-0.00032126
0.0621524	0.04673069
0.05637742	-0.03962478
0.04615089	0.00291103
0.06509724	0.08472358
0.05411302	0.04566739
0.05077648	0.02393511
0.0617791	-0.02444752
0.04891707	0.0629462
0.04229515	8.2299135e-05
0.0542735	-0.02328797
0.04620637	0.01972275
0.03740209	-0.0197946
0.05792916	0.03339594
0.05357919	0.10854835
0.06883481	0.03002299
0.06176741	0.02605557
0.06151828	0.03620517
0.07686815	-0.04359566
0.06902235	0.01661735
0.09348325	0.11678262
0.08670263	-0.05970238
0.08610651	0.01982389
0.09964925	0.01331487
0.1075827	-0.02092754
0.10333259	-0.11161912
0.13361934	-0.02419984
0.12740052	-0.01422653
0.15238133	-0.01701747
0.14539237	-0.00040686
0.16097979	-0.0318424
0.15348034	-0.02606662
0.15403996	0.08033648
0.1651677	-0.06040563
0.16813003	0.0873609
0.16028604	-0.03758391
0.17131302	0.02756315
0.14850156	-0.09633091
0.14686756	-0.01975914
0.15124406	0.06516697
0.14906317	0.01993449
0.12828614	-0.06246614
0.14839222	0.06415927
0.13192518	0.06128282
0.15632358	-0.11197885
0.13468964	-0.10186776
0.13086356	-0.10391353
0.1375033	0.02141098
0.11303926	-0.00890004
0.11382803	0.0449431
0.12435214	0.10178269
0.12360639	0.02828688
0.13272558	-0.04173726
0.12950012	0.0453101
0.11404752	0.0455134
0.13897969	-0.06000194
0.12221766	0.06646484
0.10430442	-0.00764041
0.11604831	0.09713878
0.1414032	0.04715034
0.12643006	-0.01648628
0.1297163	0.06755826
0.13614626	0.04696548
0.12373214	0.11057518
0.14792801	-0.05672389
0.13069974	-0.02507496
0.13037339	0.04452248
0.12994958	0.03722073
0.12401413	0.10195415
0.10885275	-0.01531658
0.12210087	0.09305689
0.10583457	-0.06460077
0.10816816	-0.06669987
0.09787206	0.08960734
0.09389783	0.08082892
0.0919126	-0.03144909
0.07576937	-0.0730494
0.08110571	-0.04502032
0.05462597	-0.02977693
0.04435542	-0.00988398
0.03874331	-0.03292326
0.03096066	-0.00065126
0.01951371	0.03114895
0.03632887	-0.03558652
0.0114637	0.06030665
0.01933541	0.01242318
-0.00144005	-0.01755039
-0.00248662	0.01515373
-0.00072061	0.07883853
-0.01135998	0.03040454
0.00439225	0.01613404
0.00130247	0.012085
0.00695992	0.10007545
-0.00175616	-0.01092904
0.00431045	0.03927128
-0.00918353	-0.02398217
-0.00312391	-0.02983415
0.01104181	0.11152609
0.00449691	0.09360068
-0.00525532	-0.0121383
0.00130085	-0.02994754
-0.00391412	0.05655273
0.01076485	0.1062783
0.00824131	-0.08254223
0.02624592	-0.0192159
0.19868219	0.00804905
0.19477195	-0.0210723
0.19297945	-0.09133925
0.19639552	0.04747861
0.19437525	0.1244572
0.22273502	0.0285508
0.31376645	0.00161857
0.3415448	0.09319226
0.3115678	-0.02114983
0.24834535	-0.01812579
0.17405556	-0.0197505
0.15224794	-0.0404265
0.14911675	0.0734922
0.12420326	-0.01010925
0.11436418	0.02426193
0.09187999	0.17121635
0.08476598	-0.11847232
0.08484387	0.06001748
0.07706235	-0.15264273
0.06743117	0.00353517
0.08649674	-0.09675529
0.0554494	0.03358161
0.08742943	-0.0581698
0.12043922	-0.02464209
0.08011158	0.06026812
0.09733893	0.06697696
0.06436279	-0.00666183
0.06634919	-0.0416719
0.05242297	0.09645461
0.04141725	0.03153144
0.01187821	-0.07024932
0.00478293	0.01204706
-0.02413163	-0.03284691
-0.0473458	-0.09051797
-0.0177587	0.04044369
0.02953476	0.02610062
0.04735852	0.11200944
0.05814919	0.03889892
0.068269	-0.06331898
0.04521707	-0.08489648
0.02285383	-0.01279784
0.02195496	-0.03930233
0.01434961	-0.03676491
0.00514458	0.08333425
-0.00012039	-0.03465227
-0.00517867	-0.11990064
0.02820469	0.0143387
0.03809848	0.05418178
0.02008196	-0.08366684
0.03250932	-0.04104961
0.06250766	-0.01682562
0.08284901	-0.08737196
0.08768168	0.07362232
0.11171382	-0.03987815
0.12204757	0.0973107
0.1430454	-0.03378752
0.13990746	0.09593063
0.15519604	0.00308594
0.11938074	-0.00151455
0.0745891	0.01640901
0.05392618	-0.016923
0.05673288	0.10562031
0.05370409	-0.05891882
0.06184449	0.02436939
0.07238942	-0.26168227
0.06570522	0.07083853
0.0758725	-0.02484991
0.07622112	-0.00426001
0.08145224	-0.02994637
0.09669428	-0.0183363
0.11718434	-0.05005995
0.12564583	0.03649461
0.12945104	-0.0341236
0.11916298	0.04210287
0.1341409	-0.09712771
0.13938956	-0.04557495
0.12623739	-0.06087991
0.1149746	0.10742311
0.10026803	0.02144502
0.11044724	0.02255633
0.11747175	-0.06605184
0.10834751	-0.01727451
0.10894662	0.00156358
0.09958679	-0.04163003
0.09583727	0.0330827
0.09180246	0.02900942
0.06437112	-0.07414365
0.03183296	-0.11543527
0.01829656	-0.05496795
0.00506472	-0.04001081
-0.03457448	0.07069192
-0.06833009	0.0589174
-0.07980094	0.05408357
-0.08450171	-0.1285343
-0.09683577	-0.02002537
-0.11807686	0.15335912
-0.12247653	-0.02365789
-0.12106167	-0.06536166
-0.13061266	-0.13736579
-0.12526667	0.00229249
-0.13020024	-0.00601156
-0.15562615	0.14497124
-0.14821708	0.02540688
-0.12344646	-0.06075371
-0.11154758	-0.15750553
-0.09579382	0.07245596
-0.08913672	0.02496866
-0.08159891	-0.05927189
-0.07797566	-0.0338303
-0.02646038	0.0117884
-0.02910376	-0.08387333
-0.02195933	-0.07098171
0.0036625	-0.05953483
0.02640831	-0.04226796
-0.01444267	-0.05179882
-0.05579753	-0.00238987
-0.06439947	0.07264961
-0.06024972	0.11009205
-0.07461362	0.07188088
-0.07885442	0.10725778
-0.06850944	-0.0661169
-0.07475007	-0.04984333
-0.06938421	-0.00895169
-0.06660405	0.03412284
-0.07135334	-0.04849126
-0.06788439	0.00042571
-0.06690471	-0.00507581
-0.05720245	-0.00951368
-0.05363503	0.03165939
-0.06432322	0.01262788
-0.07852549	-0.03914781
-0.09003439	-0.02427359
-0.10600887	0.09696254
-0.12139781	-0.05763363
-0.13530226	-0.03705109
-0.13737547	-0.05334451
-0.1642874	0.02701665
-0.18559542	-0.01523524
-0.17658049	-0.01016159
-0.1869498	-0.08376244
-0.18408574	-0.01907349
-0.17182079	0.03184161
-0.13848308	-0.07254821
-0.11569062	0.00430213
-0.12289753	-0.01225983
0.00588171	-0.05223297
0.05376485	0.08478528
-0.00875359	0.22405235
-0.03354505	0.04977452
-0.10306693	-0.02846287
-0.17248704	-0.02171313
-0.19187309	0.03238763
-0.19999419	0.03736713
-0.15494616	0.01674744
-0.15533262	-0.08433024
-0.16235688	0.03481833
-0.13363275	-0.01300971
-0.09270249	0.02854662
-0.08766749	0.03427134
-0.06041896	-0.01982987
-0.06562279	-0.06954664
-0.01580906	-0.03333854
0.00972414	-0.00330841
0.02653747	0.06798416
0.0404999	0.00456062
0.03417725	-0.04143285
0.03089867	0.01999923
0.0399362	0.05489084
0.03630298	0.05979108
0.04967596	0.06182068
0.07410759	0.00668528
0.09206303	-0.07403099
0.10520177	0.06953447
0.10801027	0.05628338
0.11664964	0.06558686
0.11291403	0.03876547
0.10042757	-0.05464044
0.09500255	-0.04021953
0.08299308	0.06083569
0.08207574	0.05827561
0.0740287	-0.06619054
0.06450956	0.01053082
0.06388236	0.05510892
0.07621849	-0.12402119
0.06553645	0.0652988
0.05620984	-0.09598903
0.0552032	-0.05906742
0.04213758	-0.12921678
0.01609926	-0.11773997
0.02476888	-0.05331385
0.03555622	0.01315631
0.01905821	0.02131448
0.01081986	-0.03212262
0.01550414	-0.00563527
0.0240953	0.00219911
0.03439343	0.00393377
0.05178555	0.03538679
0.08065535	0.09929536
0.08673771	0.07622129
0.08930533	0.11276537
0.11170559	-0.01024675
0.12466503	-0.04539736
0.12715107	0.04244462
0.12434571	-0.20815328
0.12375881	-0.01947466
0.12169103	0.03854216
0.1107894	-0.06784891
0.11451706	0.04908482
0.125498	0.00802625
0.12546583	-0.02474244
0.12985419	-0.06437197
0.12530349	0.05120928
0.11440134	0.053614
0.10074221	-0.03467726
0.08292057	-0.00502316
0.08118413	0.05781829
0.08351383	-0.01067777
0.09375755	-0.02823355
0.09098183	0.0882305
0.10353007	-0.03423115
0.10072159	0.04577953
0.10952923	0.08699842
0.1252174	-0.11574551
0.12043147	-0.03234064
0.11240954	0.03480233
0.09171414	0.16334315
0.10818741	0.07950256
0.1111913	0.08716656
0.11270515	0.1498642
0.12675148	-0.12938866
0.15109456	-0.05370696
0.1547858	-0.05886868
0.16908579	0.02719408
0.18959491	0.04242549
0.19206344	-0.07971156
0.1947364	0.04964396
0.17578548	0.0820927
0.16755226	-0.00453924
0.15230896	0.10788205
0.1205181	-0.04482203
0.10502999	-0.0873609
0.08906178	0.0185893
0.09758677	-0.00505352
0.12168281	-0.04211736
0.11300995	0.08614707
0.12215645	0.03271173
0.12676986	-0.001819
0.16367432	0.07977386
0.1880951	0.13159709
0.2801804	-0.00601975
0.3456224	0.17837667
0.3826194	0.03074348
0.4089206	-0.03096939
0.41856167	0.00780666
0.42271402	0.09576426
0.44674674	0.02561755
0.4514324	-0.03989171
0.4637321	-0.00827153
0.47470888	-0.126952
0.49337476	0.05348806
0.48113295	0.10113853
0.4805692	-0.03808128
0.48791775	0.14824493
0.46149224	0.12129388
0.42865893	-0.09480644
0.40538386	-0.02007557
0.37022874	0.06684063
0.35064888	-0.06465559
0.35160482	-0.00361281
0.3400891	0.04257206
0.26486778	0.00919914
0.15256216	0.04079624
0.1058574	0.10834785
0.06810908	-0.04561966
0.0370613	-0.01669408
0.02362715	-0.02725137
0.00808239	0.09106072
-0.00081347	-0.00187131
-0.01256639	-0.08103547
-0.01021994	0.00942208
-0.01606971	0.02550854
-0.01688801	-0.00753747
-0.01597145	0.09440368
-0.01872426	-0.01180794
-0.02900277	0.0075301
-0.01965072	0.00911218
-0.00478369	-0.04886143
0.00482972	-0.04567849
0.02708049	-0.08149749
0.04145897	0.00727905
0.0708599	0.20160434
0.08506402	-0.02595923
0.09097411	0.01971057
0.09985499	0.04677644
0.09958099	0.02006756
0.11374377	0.03704545
0.11947905	0.00521037
0.13743103	-0.09947082
0.13881733	-0.02557021
0.13000455	-0.01255644
0.13980772	-0.02678386
0.19242768	-0.00893781
0.19019656	-0.01518043
0.18541878	-0.09431799
0.215883	-0.01541512
0.20814538	0.11940095
0.23602971	0.05817806
0.21850353	-0.04450543
0.25041944	0.01543045
0.25300908	0.08980414
0.29276487	0.0707461
0.29477036	0.08654992
0.31920326	0.04130239
0.32113743	-0.00618774
0.34295812	0.07729444
0.38567197	-0.0515779
0.382875	-0.11178767
0.40790263	0.03978854
0.42193082	-0.07608707
0.43645698	0.08653001
0.48834798	0.03076926
0.51248896	-0.04194579
0.534578	-0.03070795
0.51639295	-0.08539797
0.51300454	0.12121752
0.5171461	0.10801961
0.50976646	0.2181928
0.48294723	-0.02395696
0.47711918	-0.05628493
0.47463116	-0.00998405
0.4819183	0.01401739
0.46494883	-0.03653833
0.46476367	-0.10802528
0.45509169	0.04458799
0.45384902	0.02205746
0.41286445	0.07294181
0.39785126	0.11426727
0.38953444	-0.00815523
0.38673022	-0.04779368
0.3930992	-0.17701064
0.39303827	-0.05028852
0.38925782	0.01457907
0.39541847	-0.00353559
0.43158826	0.02664795
0.45755973	-0.10040446
0.47785956	-6.955492e-06
0.50261295	0.19519521
0.5127611	0.10751419
0.5103864	-0.03294757
0.5116976	0.00422256
0.5010142	-0.07939687
0.49037617	-0.14611158
0.48652244	0.07279588
0.47828767	-0.00972613
0.47771248	0.1062121
0.4761732	-0.08874626
0.49664286	-0.11156021
0.5157505	-0.06094446
0.5081312	0.07760648
0.5157535	0.04565513
0.5315705	0.08044773
0.5360746	-0.04120753
0.5300704	0.16329582
0.5087556	-0.02304956
0.4972886	-0.00043079
0.4801572	-0.04344992
0.45312113	0.01040039
0.43898386	0.0549624
0.4332986	0.02480728
0.43407366	-0.02994916
0.42411828	0.05368087
0.46157622	0.22168504
0.48834962	0.07931965
0.54328424	-0.03863994
0.59112775	0.04450493
0.65648687	-0.11124226
0.6919751	0.0117505
0.70946354	0.0080838
0.744629	-0.07505456
0.74154663	-0.11232343
0.73748344	-0.25840935
0.71263456	0.40169847
0.7014763	-0.27675304
0.66480905	-0.34569743
0.6387196	-0.12869568
0.595629	-0.01770615
0.5568789	-0.10209794
0.4981714	-0.0681854
0.42175862	-0.09299996
0.3554771	0.10406852
0.26588044	-0.14051762
0.1818161	-0.07149796
0.0885062	0.03483361
0.00657068	0.00156873
-0.0202321	0.01911772
-0.01719004	0.0292164
0.01568791	0.07172093
0.03151434	0.07320572
0.01614468	-0.00896158
0.03374077	-0.03266121
0.06147509	0.02786015
0.04685666	-0.13442369
0.07581641	0.14185095
0.08654343	-0.1147804
0.10122494	0.01727008
0.08499576	-0.01920107
0.10219259	0.01690055
0.12637189	-0.02122282
0.12030922	0.06980699
0.13928036	-0.13640279
0.15554908	-0.05230911
0.17842633	-0.03918945
0.18434826	0.11400928
0.18060777	0.02338894
0.17901374	-0.01429632
0.17055996	-0.01340851
0.17982216	0.06708464
0.16531366	0.00331786
0.14205553	0.00986024
0.12714185	-0.02485682
