0.14629574 	 0.04591537
0.19464625 	 0.15578286
0.19322711 	 0.072652996
0.26803917 	 0.074978694
0.36522403 	 -0.11000815
0.4133616 	 0.0040384457
0.29222155 	 -0.04965339
0.14119156 	 -0.08235797
-0.19177538 	 -0.15188445
0.09807816 	 -0.017408608
0.20921439 	 -0.21947132
0.41491958 	 0.15891697
0.4708931 	 0.09946917
0.51434064 	 -0.19967882
0.511058 	 0.004328565
0.46253675 	 -0.09375842
0.42034784 	 -0.14031868
0.38099933 	 -0.1535331
0.3010835 	 0.15876694
0.3450616 	 -0.0074365414
0.40633878 	 -0.07471532
0.43085954 	 -0.039032947
0.4112239 	 0.14144984
0.30196795 	 -0.053220276
0.22309217 	 0.08379613
0.20864828 	 0.0042387666
0.18162282 	 -0.03189521
0.16342372 	 0.0014097524
0.1685583 	 0.022510108
0.1567191 	 0.08749994
0.12152949 	 0.0005833995
0.13480097 	 0.07220652
0.15594828 	 0.13142955
0.19006918 	 -0.030723615
0.21961574 	 -0.05582144
0.21677127 	 0.0050125592
0.23058097 	 -0.018446265
0.22566032 	 -0.068331525
0.17150488 	 0.03169142
0.07571027 	 -0.054522898
0.033804514 	 -0.07585951
0.033836324 	 -0.038574874
0.023426652 	 -0.006843543
0.026188955 	 -0.04337874
-0.013043755 	 -0.035692602
0.016409198 	 -0.04765054
0.13485274 	 0.09751316
0.42850217 	 -0.103113174
0.60446465 	 0.0710068
0.6695347 	 0.015363481
0.70074326 	 0.1576828
0.6682388 	 -0.09395717
0.64047587 	 -0.0089157615
0.6466612 	 -0.13087438
0.627907 	 0.0063994564
0.6296132 	 -0.0025768317
0.59653026 	 -0.03905029
0.55609536 	 -0.04351722
0.545379 	 0.1998576
0.57191855 	 -0.02892446
0.58633506 	 0.08640932
0.60715246 	 0.056386527
0.6033909 	 0.08912374
0.5508829 	 0.06299863
0.4614436 	 -0.07797182
0.34540218 	 -0.07627802
0.31548804 	 0.09428837
0.3341856 	 -0.08672766
0.360546 	 0.044925977
0.34978348 	 -0.08216188
0.39461094 	 0.113539316
0.32574165 	 -0.117647015
0.33601972 	 0.1189461
0.34746185 	 -0.03348942
0.4279223 	 -0.025410203
0.12159566 	 0.08129601
0.29896247 	 -0.0143947825
0.37837225 	 0.047808483
0.4765531 	 -0.00609198
0.5451762 	 -0.0043348563
0.5385854 	 0.14931086
0.54170775 	 0.061032474
0.5128466 	 0.039631993
0.48746634 	 0.05831398
0.4212186 	 -0.024153309
0.3882754 	 0.11310085
0.3727605 	 -0.052296154
0.388094 	 -0.2833701
0.41182828 	 0.02923934
0.48751494 	 -0.07375816
0.5196282 	 0.15239044
0.51416 	 -0.12084551
0.5305545 	 0.10318797
0.5168612 	 0.039473306
0.46795505 	 -0.03355662
0.42531663 	 0.014218403
0.3631403 	 -0.033786833
0.3119093 	 -0.13018781
0.26599687 	 0.026872102
0.25158134 	 -0.094597355
0.21593194 	 -0.0009452376
-0.043529805 	 0.07024142
-0.04710016 	 -0.022887692
-0.035204146 	 0.0034243744
-0.038670324 	 0.009677451
-0.0077651213 	 -0.024126112
-0.035886735 	 0.014341293
-0.01993877 	 -0.017969653
-0.009093315 	 -0.037133105
0.005213326 	 -0.013594495
0.014463734 	 0.005656132
0.044477407 	 0.07733235
0.085871965 	 0.036598064
0.09023685 	 0.10732126
0.1621576 	 -0.0033456825
0.28628865 	 -0.19806464
0.33957148 	 0.046146363
0.34423634 	 -0.003850318
0.28857282 	 -0.040446512
0.37797844 	 -0.077783704
0.5172934 	 -0.05308979
0.611736 	 0.0457303
0.58121115 	 -0.13012668
0.57562387 	 -0.15648428
0.3603003 	 0.17164408
0.29532424 	 -0.009380036
0.18027128 	 0.07671235
0.06325178 	 0.08955437
0.036414865 	 0.15000945
0.048802175 	 0.11102811
0.097785294 	 -0.21348847
0.14128189 	 0.10015961
0.22599176 	 0.21441579
0.1715409 	 0.0831252
0.16882333 	 0.033710904
0.15386558 	 -0.08907922
0.09004847 	 -0.112030655
0.1260575 	 -0.09139822
0.2904874 	 0.25687027
0.35157487 	 0.07543954
0.36366567 	 0.35688406
0.3843521 	 -0.3491233
0.40795463 	 -0.1249494
0.38543335 	 0.14071184
0.331377 	 -0.023889389
0.32915217 	 0.12289743
0.2985951 	 0.033648875
0.47228864 	 -0.0017538794
0.42191494 	 0.091041684
0.41114983 	 -0.10624432
0.36689684 	 0.300707
0.14752613 	 -0.017439814
0.027118372 	 -0.03597423
0.04928115 	 -0.09427021
0.13546738 	 -0.050690953
0.0976898 	 -0.05625907
0.1213052 	 0.08826166
0.1693891 	 0.007259765
0.23228304 	 -0.054097906
0.21922325 	 -0.0019204291
0.26753238 	 -0.124117054
0.38418669 	 0.047850966
0.36000383 	 -0.06141883
0.2025749 	 -0.041753843
0.1299413 	 -0.04290824
-0.24821661 	 -0.230259
0.057752892 	 0.08393722
0.23160933 	 -0.04611916
0.3279845 	 0.057836656
0.4422324 	 -0.07445828
0.5104913 	 -0.0067431084
0.5294319 	 0.09864567
0.5042905 	 0.16756552
0.4498298 	 -0.06738531
0.44662395 	 -0.069544666
0.39437613 	 -0.12872458
0.44037226 	 -0.0041520237
0.46337974 	 -0.058658157
0.45178664 	 -0.035844583
0.45295513 	 0.10269796
0.31213352 	 -0.19218278
0.26287046 	 0.039473873
0.2211244 	 -0.09659379
0.16809514 	 -0.020267045
0.148789 	 0.08814982
0.16762961 	 0.060678534
0.16009475 	 0.026355285
0.1495783 	 0.07375356
0.109865844 	 0.028189462
0.13805556 	 -0.07724741
0.15475182 	 0.0121770175
0.16372795 	 0.0566598
0.19443424 	 -0.0332411
0.20483147 	 -0.0071551306
0.24169002 	 -0.071590915
0.11234893 	 -0.022750562
0.5576361 	 -0.003963599
0.52493083 	 0.22484666
0.54793054 	 0.12196149
0.55109507 	 0.21324784
0.548336 	 -0.17211975
0.54723024 	 0.07470132
0.5908177 	 0.07513484
0.59634215 	 0.051934704
0.602635 	 0.1783436
0.61215806 	 -0.17891629
0.57822245 	 -0.08471206
0.44453108 	 0.0619717
0.40517104 	 0.10939072
0.40434507 	 -0.032237187
0.43257475 	 -0.011910967
0.47261927 	 -0.06354161
0.49258313 	 -0.101255484
0.523656 	 0.010975
0.51726824 	 0.15741247
0.49177197 	 -0.15224668
0.47979015 	 -0.10581961
0.21591249 	 0.08652065
0.2141769 	 0.038933672
0.18004724 	 0.0054764934
0.41590548 	 -0.112280935
0.51336366 	 -0.118198745
0.5562324 	 0.18431959
0.573187 	 0.090358354
0.57142323 	 0.06538608
0.5474023 	 -0.03184397
0.5200738 	 0.09893168
0.45795766 	 0.038915485
0.4168774 	 0.0795105
0.3590352 	 0.020006882
0.32501578 	 0.106525965
0.34846526 	 -0.011433122
0.4418696 	 0.15961948
0.46852812 	 -0.1199882
0.47563472 	 -0.028577443
0.47379285 	 0.04716552
0.45848873 	 0.0037415728
0.4223478 	 -0.0048115025
0.44821972 	 -0.0121630635
0.4060937 	 -0.19328916
0.37843 	 0.04708029
0.369298 	 0.07080352
0.34515473 	 0.11832298
0.3465287 	 -0.06731847
0.03644408 	 -0.0014357963
0.004171359 	 -0.008975875
-0.0299012 	 -0.041673407
-0.01799267 	 -0.014986184
-0.031083286 	 -0.0544404
0.012764301 	 0.034342762
-0.016441898 	 0.025558608
-0.014515572 	 -0.034899756
0.010250284 	 -0.02420278
0.0008099202 	 0.02651184
0.052719567 	 -0.038695592
0.09426043 	 -0.020510929
0.11899146 	 -0.042318024
0.24766785 	 0.030454539
0.41259938 	 -0.10360005
0.4332584 	 -0.01286894
0.4159985 	 -0.16516949
0.33353683 	 -0.09006731
0.5132431 	 -0.0431916
0.66595703 	 0.047443114
0.722738 	 0.100584984
0.7482971 	 0.08511959
0.6670533 	 -0.10104905
0.4183985 	 -0.012248444
0.3856039 	 0.0007536534
0.31161654 	 -0.112333946
0.21826614 	 0.059054017
0.20344806 	 -0.034373462
0.2213437 	 -0.1462805
0.19259314 	 0.018440375
-0.005534163 	 -0.06890563
-0.009031119 	 0.30428696
0.03229847 	 0.29372025
0.085601576 	 0.040051688
0.11964899 	 -0.12906785
0.11905841 	 -0.04518899
0.22824623 	 -0.0015531121
0.42959943 	 0.0025567794
0.50996447 	 0.066051416
0.5035449 	 0.4031368
0.5022134 	 0.04715751
0.4924154 	 -0.24866709
0.5516734 	 0.24321464
0.5141759 	 0.19470744
0.48116222 	 -0.030104598
0.44184402 	 -0.050144546
0.5440915 	 -0.045284107
0.45744273 	 0.011755044
0.4469696 	 0.069977075
0.39611846 	 0.22314614
0.20541763 	 -0.016112285
0.014184971 	 0.124273084
0.08163909 	 0.13307624
0.15036984 	 -0.16549434
0.1795989 	 0.056196112
0.20244475 	 -0.070770465
0.22449756 	 0.09433903
0.21450888 	 0.1193064
0.265957 	 0.1389083
0.38200542 	 -0.03106357
0.4677136 	 0.29576284
0.5221598 	 -0.028701596
0.521795 	 0.16661212
0.4879582 	 -0.055351324
0.4369974 	 -0.065679334
0.40982157 	 -0.08412828
0.4320195 	 0.11278621
0.44875726 	 -0.25928295
0.47650295 	 -0.23295099
0.45772812 	 -0.082861885
0.34371042 	 -0.07936556
0.2633049 	 -0.0026431235
0.21687472 	 0.02272775
0.1917512 	 -0.044351622
0.25691977 	 -0.09129003
0.13457775 	 -0.052692153
0.034286436 	 -0.013168942
0.041578863 	 -0.040143166
0.00075466884 	 0.08058558
0.019036338 	 0.005368699
0.3156598 	 -0.04591237
0.35892957 	 -0.05902142
0.32524964 	 -0.017302118
0.5966274 	 0.2698261
0.60137695 	 0.26853964
0.6082218 	 -0.2911728
0.59576666 	 -0.09853039
0.53731376 	 0.042926677
0.5326862 	 -0.05543338
0.5414302 	 -0.16667604
0.5402005 	 -0.079383835
0.5182922 	 -0.11751805
0.4907211 	 -0.028904015
0.5483996 	 0.20333765
0.5895398 	 -0.24146314
0.60426855 	 -0.0477355
0.5731146 	 -0.030302169
0.45264584 	 -0.1080829
0.35690588 	 -0.096097805
0.32247582 	 0.14309683
0.23915245 	 -0.1558187
0.22745727 	 0.03337208
0.055390034 	 0.19178835
0.091139935 	 -0.023698162
0.24936362 	 -0.06676072
0.3193864 	 -0.2974047
0.30579454 	 -0.1905516
0.5549178 	 0.0038219627
0.6311337 	 -0.020725446
0.56482035 	 -0.101828
0.49098745 	 0.045365814
0.40856674 	 -0.08532942
0.3486957 	 -0.062135074
0.309776 	 -0.16846763
0.2801293 	 -0.2063776
0.34562275 	 -0.15834443
0.3992765 	 -0.24929723
0.4002739 	 0.20452861
0.43877685 	 -0.035480335
0.44086862 	 -0.092089064
0.43755057 	 0.11623713
0.3524147 	 0.094104566
0.2748572 	 0.016690271
0.27373397 	 0.108969994
0.20618385 	 -0.045001656
0.16643721 	 -0.077597216
0.14256765 	 0.026401287
0.14541782 	 0.008918869
0.15137431 	 0.004823774
0.1642909 	 0.009867479
0.24001229 	 -0.07412079
0.295692 	 -0.16446424
0.37453774 	 -0.025562005
0.40176302 	 -0.01854932
0.41124287 	 -0.04284089
0.40349182 	 -0.030647201
0.3915222 	 -0.20162536
0.34358042 	 -0.12735477
0.29314983 	 -0.046091072
0.27344164 	 -0.10563184
0.2397501 	 0.011117874
0.14574237 	 -0.03372776
0.013204249 	 0.0241821
0.05514244 	 -0.040579587
0.051667266 	 0.032756336
0.047852624 	 0.085424684
0.06347604 	 -0.0803058
0.056090105 	 0.07611003
0.075308934 	 0.12532328
0.06627699 	 0.20640357
0.096561626 	 0.27930963
0.0930847 	 -0.18885906
0.09754152 	 -0.10834722
0.116388045 	 0.028967315
0.13381027 	 0.10396813
0.13517974 	 0.0014051774
0.16018371 	 -0.026504869
0.18479183 	 0.20530011
0.20292312 	 -0.07579075
0.21820644 	 -0.07993284
0.23034634 	 0.07898685
0.25961605 	 0.22257705
0.2562405 	 0.18397546
0.2723008 	 -0.28358117
0.27286822 	 0.17548457
0.29457736 	 0.15817031
0.2914562 	 0.10814832
0.30964148 	 -0.14236967
0.30801347 	 -0.086335525
0.3028591 	 0.008623441
0.3230084 	 -0.06239031
0.32137203 	 -0.22040814
0.32562476 	 -0.15060176
0.34444124 	 -0.09396715
0.34002268 	 0.07569077
0.34110773 	 0.16803251
0.3418357 	 -0.21716517
0.3523986 	 -0.029627148
0.33961633 	 -0.03191146
0.34902224 	 0.19962746
0.32327235 	 0.25066388
0.32840848 	 -0.16565982
0.32272196 	 0.14221956
0.35290843 	 -0.12854919
0.3675081 	 0.10470013
0.37667993 	 -0.25669613
0.40792224 	 0.15721971
0.42189452 	 0.04747829
0.44266653 	 -0.06275417
0.447124 	 0.17986542
0.4816421 	 -0.0045402087
0.5423744 	 0.19731733
0.5448351 	 0.058827057
0.5426275 	 0.046063945
0.55125874 	 0.17741051
0.58488554 	 -0.007031459
0.5759576 	 0.0035093925
0.59014165 	 -0.13041426
0.6009509 	 0.22249146
0.60887486 	 -0.034460343
0.6158019 	 -0.07533086
0.62343556 	 -0.05456457
0.61393243 	 0.003481329
0.6109001 	 0.14836374
0.6172433 	 -0.069986306
0.61274904 	 0.14561632
0.6119167 	 -0.15427446
0.61115736 	 -0.067795895
0.58915746 	 -0.20493995
0.6039358 	 -0.09904344
0.57749707 	 0.011358434
0.5639831 	 -0.13054723
0.5746989 	 0.18769823
0.552499 	 0.18177748
0.564245 	 0.13826054
0.54145306 	 0.0712707
0.54512316 	 0.08804189
0.52423966 	 0.099803165
0.5256575 	 -0.015783329
0.49864554 	 0.23048005
0.48589987 	 -0.051736504
0.4989575 	 0.0719601
0.48103425 	 -0.25495282
0.488488 	 0.18590641
0.4676565 	 0.0064194137
0.46959066 	 0.16805613
0.4577889 	 0.21296997
0.42673007 	 0.12576915
0.43148255 	 0.09369275
0.4249944 	 0.0075632078
0.41488427 	 0.08142983
0.40594125 	 -0.009746538
0.39496532 	 0.010676936
0.3969258 	 0.2051911
0.38557795 	 -0.23067912
0.38359204 	 -0.16252585
0.35948175 	 -0.26878884
0.37656772 	 0.077809334
0.35384557 	 -0.034765527
0.35051194 	 -0.08158031
0.34482008 	 -0.08537018
0.34631076 	 -0.068433136
0.36141437 	 -0.0010289695
0.3348636 	 0.041644655
0.33836865 	 -0.17394976
0.32852334 	 -0.041123156
0.3339066 	 -0.094605014
0.32904613 	 0.13878489
0.33674765 	 -0.045271445
0.35011205 	 0.08105796
0.32279223 	 -0.06271472
0.32790688 	 0.078342855
0.3195381 	 -0.09322841
0.3249135 	 -0.07502471
0.31027308 	 -0.23755154
0.31810918 	 -0.054957826
0.2867951 	 0.32054693
0.30820587 	 0.08732
0.27888086 	 -0.035433155
0.30101055 	 -0.066530384
0.26497737 	 0.052568827
0.28664652 	 0.034005385
0.25675172 	 0.19347928
0.254933 	 -0.087890506
0.27612332 	 0.07776031
0.25531006 	 0.007015857
0.2825562 	 -0.08822346
0.26736367 	 -0.07318655
0.29575032 	 -0.20863412
0.28214362 	 0.048218425
0.30502734 	 0.0283636
0.28850392 	 -0.15574466
0.29942092 	 0.1688345
0.3257361 	 0.09852698
0.3135342 	 0.011989369
0.33980224 	 -0.26476666
0.3353477 	 0.041836772
0.3530681 	 -0.022193111
0.3644454 	 0.022733033
0.35883322 	 -0.042052574
0.3711132 	 -0.24027535
0.3604041 	 -0.019596053
0.38598052 	 -0.064034395
0.3760874 	 -0.14527263
0.3952782 	 0.23679878
0.38555413 	 0.103057034
0.40356186 	 0.0783746
0.3857704 	 -0.13719638
0.39652726 	 -0.023968522
0.3852308 	 0.24680486
0.4023512 	 -0.29748845
0.3870744 	 -0.08684652
0.3911623 	 0.05228854
0.39403608 	 0.13229749
0.39941448 	 -0.3275146
0.3975568 	 -0.14530109
0.41009772 	 0.29998174
0.41115844 	 -0.10959314
0.42736843 	 0.07737362
0.42363375 	 0.09747814
0.4206707 	 0.13871577
0.435701 	 -0.056337245
0.42611775 	 -0.23032808
0.4405268 	 -0.18462853
0.4404189 	 0.19461387
0.4387094 	 -0.16989881
0.43964326 	 -0.13156553
0.43637612 	 0.11616238
0.434045 	 0.05750405
0.41498506 	 -0.025581855
0.43650508 	 -0.0020503458
0.4142082 	 -0.034433555
0.4372446 	 0.071249984
0.43879017 	 0.18869267
0.4396838 	 0.0921669
0.4373183 	 -0.10124836
0.42324442 	 0.17868288
0.44646105 	 -0.09739377
0.42738533 	 -0.049600042
0.45348254 	 -0.014389661
0.45009747 	 -0.005040459
0.42947572 	 -0.0017413871
0.44554257 	 -0.040069003
0.4339979 	 0.081542194
0.43526706 	 0.18142824
0.42603686 	 0.14815
0.39502686 	 -0.018687585
0.4152759 	 0.1335058
0.3909817 	 0.106328264
0.38128078 	 -0.048472747
0.38520798 	 -0.09009229
0.37196752 	 0.13878025
0.37145457 	 0.031666342
0.35919032 	 0.10810048
0.35454372 	 0.06930125
0.32678404 	 -0.012729048
0.32815418 	 -0.11356641
0.30827692 	 -0.06218641
0.27242905 	 0.055581745
0.2872412 	 -0.0449327
0.25648132 	 -0.048595686
0.26246095 	 0.11032646
0.25637224 	 -0.08199872
0.2662563 	 -0.010823092
0.28454953 	 -0.0871117
0.25858542 	 0.045976013
0.24865906 	 0.025111184
0.2605339 	 0.04614077
0.27025107 	 0.0180619
0.29721054 	 0.04917301
0.3073289 	 -0.035895493
0.3123922 	 0.08727473
0.30379814 	 -0.08116677
0.2658626 	 -0.0927248
0.27796733 	 0.010975447
0.264843 	 -0.07133307
0.25748038 	 -0.12256202
0.21600994 	 0.009064763
0.23347749 	 -0.04374439
0.22998181 	 0.046196964
0.23232047 	 -0.032324575
0.22025354 	 -0.040123127
0.18942943 	 -0.008984402
0.21657678 	 0.015964177
0.19102947 	 0.0033898798
0.20963348 	 -0.15549214
0.17883377 	 -0.03242352
0.2048009 	 0.00937293
0.19465213 	 -0.02166607
0.17471643 	 0.009875585
0.19342613 	 -0.014992195
0.17342958 	 -0.10040514
0.18408239 	 -0.039265543
0.18073285 	 -0.075891696
0.18001829 	 -0.032869928
0.17535079 	 0.028254654
0.16613355 	 -0.06136205
0.17572278 	 -0.08558376
0.15572616 	 -0.027542328
0.14772208 	 -0.059083782
0.14649418 	 0.03808505
0.1548262 	 -0.062611334
0.14488822 	 0.017884653
0.14588362 	 -0.0008804588
0.16242084 	 0.06051698
0.14746208 	 0.080928855
0.18369734 	 0.024917493
0.18581049 	 -0.04453197
0.1883905 	 0.008818189
0.18360606 	 -0.02955276
0.16710803 	 0.046198294
0.19487454 	 0.0770509
0.17833959 	 0.005432167
0.2068495 	 0.016827716
0.19148429 	 0.045841288
0.17398696 	 -0.013288936
0.18260804 	 0.04017039
0.21919185 	 -0.038623992
0.19368607 	 0.012338345
0.21068361 	 -0.030802425
0.21229374 	 0.009434481
0.21695137 	 0.04451555
0.1943812 	 -0.0039345673
0.21606968 	 -0.06041762
0.15803166 	 -0.0044493577
0.14083837 	 -0.01750883
0.11463807 	 0.0075331014
0.11100815 	 -0.050080582
0.11254208 	 -0.030505933
0.14074986 	 0.035867263
0.15030414 	 -0.014750271
0.16374178 	 0.0038057568
0.17203486 	 -0.114700034
0.18600628 	 -0.042922396
0.1897812 	 -0.0070452113
0.1982191 	 -0.11172472
0.20798601 	 0.005767563
0.20845571 	 -0.029504845
0.21729699 	 -0.008320575
0.22935882 	 0.1665296
0.22853637 	 -0.05475464
0.23981415 	 0.09480027
0.23789231 	 -0.076340385
0.2557353 	 -0.044015322
0.2559732 	 -0.102292605
0.2547117 	 -0.031417936
0.2724083 	 -0.08172789
0.27536768 	 -0.008658078
0.2771667 	 -0.0609711
0.27447894 	 -0.10648981
0.2869289 	 0.06866305
0.2892569 	 0.006098334
0.30979767 	 -0.060041636
0.3144208 	 -0.048040234
0.32385218 	 0.09717885
0.3292295 	 0.10146302
0.34485805 	 0.04898261
0.3478049 	 -0.05987821
0.3649151 	 -0.13139144
0.364806 	 0.01724069
0.3650655 	 -0.09553346
0.3832279 	 -0.15111424
0.38655394 	 -0.061261524
0.38873604 	 -0.17636555
0.40002638 	 -0.17396468
0.3951868 	 -0.0064786426
0.39268792 	 -0.25123715
0.38772634 	 -0.016713997
0.4014804 	 -0.029769424
0.39726973 	 0.14731716
0.39515537 	 0.20489946
0.4091011 	 -0.06449531
0.4076135 	 -0.11492318
0.40324435 	 -0.019227756
0.41732344 	 -0.08289531
0.41274497 	 0.07077717
0.4089117 	 0.12548967
0.42182443 	 0.11118404
0.41737348 	 0.19821124
0.4158457 	 -0.15058142
0.42282516 	 -0.03729876
0.41843656 	 0.09959319
0.42482355 	 0.16912918
0.41466555 	 0.1834191
0.40880445 	 -0.1634035
0.41714898 	 -0.0658055
0.40978584 	 -0.14110371
0.41345525 	 0.095716946
0.40851012 	 -0.067816764
0.3954471 	 0.07844851
0.40804473 	 -0.1246041
0.39996445 	 -0.11435894
0.40067694 	 0.0005118067
0.40827718 	 -0.063208476
0.404171 	 -0.077241525
0.40907556 	 -0.21748309
0.4069439 	 0.1450936
0.40783226 	 -0.012468196
0.40861848 	 -0.08967521
0.4006328 	 -0.05996455
0.40896448 	 -0.09577592
0.40034375 	 0.051499896
0.39638835 	 -0.06310698
0.39865774 	 0.0058838986
0.39722747 	 -0.0072148736
0.39111716 	 0.017906588
0.4027777 	 0.16073664
0.38877773 	 -0.0115127135
0.37746295 	 -0.12320241
0.38406903 	 -0.00629081
0.36858934 	 0.13698417
0.37062123 	 -0.17126577
0.35908806 	 -0.08188755
0.34595534 	 -0.039448455
0.35747373 	 0.049570564
0.3377826 	 0.014568601
0.3248001 	 -0.043499656
0.32379743 	 0.0047559133
0.30533877 	 0.061616268
0.30086827 	 -0.050042834
0.2951329 	 0.16254543
0.28500536 	 0.18869622
0.298805 	 -0.08890143
0.2897795 	 0.007436154
0.27903825 	 0.072997555
0.28200468 	 0.09238017
0.29438844 	 -0.117330335
0.28616515 	 -0.0443991
0.28641298 	 0.1819947
0.28865606 	 0.09020178
0.27884 	 0.14423129
0.29403353 	 -0.035659563
0.28231713 	 -0.0031493146
0.27915126 	 0.07701462
0.2758039 	 0.034265786
0.2693683 	 0.17086403
0.25644767 	 -0.0054870085
0.2631567 	 0.14679585
0.24940705 	 -0.059713025
0.25059742 	 -0.041748695
0.24067241 	 0.1865194
0.23354988 	 0.03779314
0.23229216 	 -0.012676774
0.21543649 	 -0.10941614
0.21466774 	 -0.044057567
0.19988917 	 -0.05689515
0.18574011 	 -0.06764597
0.18266624 	 -0.045430366
0.17010322 	 -0.05029665
0.15149626 	 0.08168802
0.15514928 	 -0.09154861
0.13601893 	 0.015785836
0.13524263 	 0.016667431
0.11535286 	 -0.062033966
0.10079338 	 -0.019438526
0.0942626 	 0.05168344
0.065767676 	 0.0004136215
0.059483353 	 -0.010483585
0.046942882 	 -0.039416045
0.033897832 	 0.07117473
0.02013943 	 0.023718232
0.008089199 	 0.03790609
-0.009922518 	 -0.022087237
-0.015467908 	 -0.034045126
-0.0063812067 	 0.08940963
-0.01303737 	 0.08698611
-0.02694721 	 -0.04700183
-0.012872887 	 0.0032570981
-0.017859884 	 0.0538736
0.00013679186 	 0.047940638
-0.00556395 	 0.0133797005
0.017790783 	 0.032203276
0.27150473 	 0.012310424
0.24135347 	 -0.03647198
0.23215228 	 -0.064512074
0.21444128 	 0.04754023
0.2219038 	 0.15129536
0.26998875 	 -0.058886014
0.33311796 	 0.033695992
0.35140193 	 0.20230559
0.32965988 	 -0.017468005
0.2992111 	 -0.0075713256
0.2807285 	 0.015126432
0.25571352 	 -0.02638502
0.25933048 	 0.08158432
0.24037053 	 -0.01864816
0.22415657 	 -0.0056914445
0.2012712 	 0.02521218
0.19619392 	 -0.09949374
0.16881146 	 0.07219918
0.18281916 	 -0.14675727
0.16921492 	 0.053379174
0.18423343 	 -0.048958004
0.14954142 	 0.03568125
0.16276492 	 -0.019326903
0.18107425 	 -0.02150665
0.15754156 	 -0.0051702396
0.16772194 	 0.0485218
0.13012329 	 0.0049889544
0.12660079 	 -0.032476924
0.10890292 	 0.093243286
0.12302135 	 0.0205692
0.105856135 	 -0.029175458
0.08602377 	 -0.015686685
0.066350974 	 -0.032084443
0.052621357 	 -0.038653277
0.0645081 	 0.030713458
0.093079194 	 0.024557747
0.09967317 	 0.072587825
0.10539489 	 -0.0332672
0.11531329 	 -0.045208376
0.10743997 	 0.0093068555
0.08850819 	 -0.043269344
0.096106656 	 -0.007683451
0.08669864 	 -0.018113868
0.07719927 	 0.12557864
0.082321905 	 -0.048456945
0.07841175 	 -0.047369596
0.080425546 	 -0.0053627333
0.08723052 	 0.035365697
0.087011084 	 -0.06307067
0.091476016 	 0.0066912025
0.108901635 	 -0.019393254
0.12994067 	 -0.084002055
0.13250487 	 0.051116306
0.14488812 	 -0.0019933183
0.14815192 	 0.06259402
0.17058475 	 -0.021887701
0.17813638 	 0.08329666
0.19909182 	 -0.037524726
0.18684673 	 -0.010605537
0.16464455 	 -0.032913245
0.13434249 	 -0.03186685
0.12167127 	 0.09596173
0.12204474 	 -0.034540903
0.11658976 	 0.0031549232
0.13147236 	 -0.1998813
0.12660234 	 -0.026920356
0.12693897 	 -0.08228656
0.12206253 	 -0.026522353
0.122527614 	 -0.008132809
0.13689677 	 -0.016129876
0.13785967 	 0.05194614
0.12992226 	 0.06490908
0.1428483 	 -0.018177144
0.14425711 	 0.015269641
0.15227978 	 -0.08857744
0.14903796 	 -0.039827522
0.1340323 	 -0.06872085
0.12862515 	 0.047952387
0.12839256 	 -0.01012128
0.11766298 	 0.027777778
0.09833593 	 -0.060174033
0.077519596 	 -0.0150421895
0.086639196 	 0.018645557
0.08557631 	 -0.073084556
0.090662695 	 -0.07875838
0.073094144 	 -0.016759492
0.050478484 	 -0.083534695
0.026331674 	 -0.07233908
0.011206511 	 -0.029118486
0.007823544 	 -0.015893387
-0.018207226 	 0.063355014
-0.040352214 	 0.028761307
-0.053510424 	 0.023484146
-0.07569183 	 -0.08716795
-0.088320345 	 0.060356617
-0.08987118 	 0.040342495
-0.09240557 	 -0.04749146
-0.08737545 	 -0.020029863
-0.07531964 	 -0.09567561
-0.083212405 	 -0.064237416
-0.091266714 	 -0.06642579
-0.101832554 	 0.07924326
-0.09497736 	 0.032786295
-0.09805879 	 0.0038932648
-0.083339505 	 -0.08458075
-0.07193942 	 0.011314248
-0.06371675 	 0.052647896
-0.063438095 	 -0.008140084
-0.06438128 	 -0.04236066
-0.033843424 	 0.05241133
-0.035590366 	 -0.04031517
-0.048280984 	 -0.041298937
-0.04489257 	 -0.08627131
-0.01139368 	 0.007862633
-0.016180431 	 -0.02314534
-0.027487427 	 -0.0004404558
-0.048628796 	 0.088092215
-0.055237778 	 0.19017373
-0.05999822 	 -0.023124296
-0.055931248 	 0.06610374
-0.045772366 	 -0.10640495
-0.054765157 	 -0.0026063356
-0.07110516 	 -0.02163073
-0.064427614 	 0.015424074
-0.06642043 	 -0.028990304
-0.060247928 	 -0.00872826
-0.04943379 	 0.010006961
-0.05107848 	 0.019282095
-0.058571417 	 0.025315396
-0.055529736 	 -0.0075890664
-0.038885873 	 -0.018268494
-0.03221129 	 0.043748148
-0.035543676 	 0.0913453
-0.040404964 	 -0.0015347002
-0.040511597 	 0.014527503
-0.04106097 	 -0.040782843
-0.0532664 	 0.0330774
-0.07167143 	 0.04030427
-0.10087486 	 -0.048536845
-0.106215 	 -0.04951577
-0.09900686 	 -0.053082425
-0.09908728 	 0.034753427
-0.09419917 	 -0.065957665
-0.083385095 	 -0.04645883
-0.109431036 	 0.034460265
-0.050774872 	 -0.08039134
0.0021935115 	 0.081571616
-0.049075413 	 0.18244196
-0.07883016 	 -0.011851725
-0.10475504 	 -0.0068866755
-0.16736062 	 -0.00844279
-0.18735571 	 0.03125678
-0.172373 	 0.04805567
-0.13290316 	 0.05793091
-0.13580135 	 -0.14312871
-0.12806776 	 0.11982751
-0.12261931 	 0.02680037
-0.08938188 	 -0.012875799
-0.06851382 	 0.06845983
-0.044512846 	 -0.01682305
-0.02145714 	 0.016847176
0.01742585 	 -0.0043730503
0.019043671 	 0.08775674
0.05724063 	 0.08713642
0.08567 	 -0.006999517
0.09776972 	 -0.038443808
0.11277099 	 0.010481101
0.10002184 	 0.0843018
0.11159121 	 -0.10598895
0.12962884 	 -0.0018160053
0.1500045 	 -0.053925678
0.1627385 	 -0.049505744
0.17424282 	 0.073015615
0.17041875 	 -0.003727822
0.17383504 	 0.0283486
0.16921932 	 0.019262226
0.16294736 	 -0.09156243
0.14902845 	 -0.0129677765
0.15184468 	 0.0686848
0.1454606 	 0.07284793
0.11791012 	 -0.0111872535
0.09694044 	 -0.010821523
0.078441255 	 0.07535602
0.06799179 	 -0.15415949
0.05467211 	 0.031672467
0.041461512 	 -0.05529934
0.022261094 	 -0.068444796
0.010511522 	 -0.07638184
0.001694699 	 -0.09396314
-0.004133535 	 -0.022032833
-0.010068008 	 0.037198503
-0.007886262 	 -0.0028887147
-0.011164539 	 -0.006837291
-0.018958934 	 0.03093897
-0.020989532 	 -0.021660002
-0.0010159635 	 -0.053248066
0.0022764006 	 0.012696652
0.0053434377 	 0.08312836
0.011487081 	 0.062372547
0.014717862 	 0.04294997
0.02126937 	 -0.04764798
0.021851566 	 -0.061391816
0.027299924 	 0.035763446
0.046987038 	 -0.17467469
0.059036206 	 -0.02144232
0.071361974 	 0.028371476
0.0660592 	 -0.01024634
0.08798441 	 0.071775265
0.096650675 	 -0.018340128
0.09928186 	 -0.007038973
0.13652255 	 -0.064143285
0.14062439 	 0.043360107
0.1576081 	 0.030905293
0.15108567 	 0.0002012243
0.13934025 	 -0.02814995
0.15372159 	 0.005603588
0.14934592 	 -0.022560379
0.1589389 	 -0.075954616
0.1717046 	 0.061293125
0.19651933 	 -0.018064378
0.19329394 	 0.044592585
0.20223214 	 0.0019195692
0.21341117 	 -0.0183547
0.20160969 	 -0.050804492
0.1994239 	 0.029608645
0.19406886 	 0.11258419
0.19338197 	 0.06539197
0.20253558 	 -0.012440036
0.20615484 	 0.17017992
0.21566102 	 -0.00612244
0.2110711 	 0.048785284
0.2067803 	 -0.045604706
0.21295826 	 -0.02606859
0.19488676 	 0.007659471
0.20787059 	 -0.13123073
0.20332363 	 -0.0031894683
0.1979916 	 0.08733961
0.17782782 	 0.00094645034
0.17749545 	 0.020115033
0.15292749 	 0.023824776
0.13460281 	 -0.09260134
0.106293656 	 -0.005199602
0.091531955 	 -0.014229234
0.099027656 	 -0.014476067
0.09353413 	 0.038026985
0.09159368 	 0.024170866
0.08469144 	 0.026821231
0.122714974 	 0.039912064
0.150454 	 0.04892054
0.2243781 	 -0.012645595
0.29263332 	 0.13276425
0.33657137 	 0.07961861
0.36557552 	 -0.007521185
0.3892426 	 -0.018492622
0.40848505 	 0.08859249
0.43205678 	 0.04705401
0.44578192 	 0.045002744
0.4607692 	 0.07282382
0.45936677 	 -0.10814095
0.4867863 	 0.06631089
0.4833092 	 0.13413528
0.49189514 	 0.050733116
0.4903608 	 0.12475843
0.4837307 	 0.06467553
0.4770282 	 -0.08880364
0.44039664 	 -0.01854721
0.40842277 	 0.08447627
0.3880327 	 -0.053885482
0.39446333 	 -0.06130539
0.37450793 	 0.03711277
0.35757852 	 -0.02296129
0.3234744 	 0.07280529
0.2782874 	 0.15550931
0.19690906 	 -0.034987565
0.14219637 	 0.015487364
0.092372805 	 -0.058871903
0.03097501 	 0.16723934
-0.024520408 	 0.011175793
-0.048670296 	 -0.07205019
-0.048307087 	 0.012642042
-0.043657534 	 0.018462447
-0.035772596 	 0.017098514
-0.03336072 	 0.0536138
-0.025912281 	 0.006756025
-0.026457034 	 -0.015707918
-0.010392205 	 -8.428079e-06
0.004948876 	 0.029721517
0.018109724 	 -0.02908061
0.050981928 	 -0.059251484
0.056909896 	 -0.013906931
0.078805186 	 0.13252807
0.091118075 	 -0.058926985
0.10594141 	 0.0077886763
0.12896293 	 0.021075487
0.13040136 	 0.10695171
0.13184929 	 0.0021065278
0.11706958 	 -0.006225095
0.13142063 	 -0.08433463
0.12395322 	 -0.04070857
0.11589031 	 -0.07666326
0.11980722 	 -0.004868799
0.16151865 	 -0.02683439
0.16553059 	 -0.110964686
0.17183816 	 -0.032288346
0.20169543 	 -0.01032032
0.19059579 	 0.05969006
0.21254301 	 0.07623915
0.20191701 	 -0.008749308
0.22255991 	 0.013991738
0.22091724 	 0.11124455
0.25713685 	 0.035242967
0.25996894 	 0.043445382
0.283686 	 0.07079351
0.2903998 	 0.024404842
0.30225947 	 0.101348214
0.34332222 	 -0.046282355
0.3485713 	 -0.10138816
0.36667904 	 0.020770058
0.38210642 	 -0.07768277
0.39635968 	 0.06008438
0.44261914 	 0.07690853
0.46630013 	 -0.045367938
0.49883053 	 0.024791054
0.5007769 	 0.009122518
0.51098853 	 0.08166819
0.5174251 	 0.024999188
0.5081129 	 0.20904896
0.47675887 	 0.016170096
0.4679725 	 -0.0066650426
0.4545007 	 0.0118356375
0.43464738 	 0.026645616
0.40776864 	 -0.0377046
0.3984944 	 -0.11570359
0.38378158 	 0.07892996
0.38486543 	 0.03653176
0.37568605 	 0.004516055
0.36430144 	 -0.015460306
0.33723515 	 0.010326537
0.3110955 	 0.024308605
0.2875144 	 -0.14489265
0.28572538 	 -0.020154933
0.29389068 	 0.045234717
0.28568974 	 0.013318056
0.28993 	 0.018121414
0.27971795 	 -0.112340264
0.28280732 	 0.07122361
0.30769235 	 0.05631631
0.3084971 	 0.15272853
0.3106993 	 -0.033594638
0.33270362 	 0.0067758765
0.34465182 	 -0.095664255
0.3469954 	 -0.1261941
0.3765895 	 0.064197704
0.36595228 	 -0.025835289
0.35128307 	 0.0730318
0.34588534 	 -0.0070762667
0.3581987 	 -0.0820405
0.3817465 	 0.03273487
0.38932672 	 0.049131177
0.40226027 	 0.082773656
0.39976078 	 0.06980323
0.39764482 	 -0.037752658
0.41438964 	 0.029295666
0.41886955 	 -0.077779934
0.42671853 	 0.008452614
0.4504907 	 -0.059720557
0.46333474 	 -0.034840263
0.48142228 	 0.03679132
0.50279284 	 -0.032726236
0.5467948 	 -0.1391451
0.5636821 	 -0.07673182
0.5949093 	 0.22774331
0.60113 	 -0.037297726
0.62963754 	 0.08184255
0.6455093 	 0.07959177
0.6761042 	 -0.05850554
0.690774 	 0.00091977837
0.69962233 	 0.02418458
0.7222884 	 -0.060282454
0.7156893 	 -0.002912871
0.70801395 	 -0.35817626
0.685766 	 0.32125965
0.6716411 	 -0.21106009
0.63540274 	 -0.34672183
0.60527676 	 -0.11300623
0.56959146 	 0.039923724
0.5396555 	 -0.15526952
0.49098682 	 -0.012667382
0.4314093 	 -0.06840241
0.3800151 	 0.075390145
0.3016657 	 -0.10881818
0.21881762 	 -0.083347574
0.16187017 	 0.021718536
0.09519608 	 0.05937601
0.044124037 	 -0.021062024
0.00063503924 	 0.05250606
0.010767422 	 0.088841744
0.01577924 	 0.09147483
0.0033743775 	 -0.0041707917
0.017193802 	 -0.0545672
0.030360725 	 0.06656417
0.009266344 	 -0.09874777
0.008057749 	 0.040345013
0.019284735 	 -0.08971303
0.040855512 	 -0.013258727
0.036256485 	 -0.0074363276
0.05673606 	 0.0343703
0.07583607 	 -0.021769373
0.0728912 	 0.046500284
0.08103671 	 -0.06638251
0.094646566 	 -0.048793305
0.11146651 	 -0.038555283
0.11786239 	 0.0838703
0.120489255 	 -0.018257499
0.12038735 	 -0.0335349
0.106768236 	 -0.070723824
0.110607 	 0.008554453
0.13010901 	 -0.013410696
0.12539561 	 -0.031916704
0.11169706 	 -0.019697664
0.10682833 	 0.031054933
0.106838785 	 0.012887457
0.102160975 	 -0.009194795
0.10461756 	 0.113033876
0.0859158 	 -0.027758231
0.092272736 	 -0.04617909
0.101310775 	 -0.038426943
0.093999065 	 0.00034715235
0.07315138 	 0.02614261
0.06218424 	 0.062747754
0.05342543 	 0.00027257577
0.046318438 	 -0.05748236
0.04207215 	 -0.052702997
0.029113729 	 -0.090778396
0.030573143 	 -0.009444219
0.026965614 	 0.0033249457
0.021841303 	 0.012931202
0.01925774 	 -0.043056704
0.013805755 	 0.027780117
0.008861503 	 0.029952621
0.016094768 	 0.08128271
0.014314691 	 0.054792844
0.014728721 	 -0.032634232
0.017814983 	 0.013994373
0.027629891 	 0.0022026843
0.01998498 	 -0.08295361
0.036588628 	 0.015986158
0.039449755 	 0.055269532
0.05798143 	 -0.10363716
0.054954875 	 -0.098448314
0.063189745 	 0.0009998807
0.057992503 	 -0.036570188
0.04993203 	 -0.07398077
0.075474724 	 0.056020606
0.08627216 	 -0.03673886
0.084739186 	 0.047530346
Accracy: 0.8889776357827476
