0.98559535 	 0.96052533
0.98631066 	 0.96118426
0.986793 	 0.97360384
0.9868552 	 0.9635075
0.98490864 	 0.9595089
0.9821765 	 0.9660568
0.97943646 	 0.9585588
0.9726598 	 0.9654225
0.97824407 	 0.9667936
0.9767989 	 0.9715171
0.9771575 	 0.94822747
0.981243 	 0.9752057
0.9796908 	 0.9682978
0.97899395 	 0.9539673
0.9768038 	 0.9459516
0.9741038 	 0.9556071
0.9738414 	 0.9536882
0.97461075 	 0.95062387
0.9742316 	 0.96773493
0.976289 	 0.956111
0.9777937 	 0.9563905
0.97826535 	 0.9654886
0.9771131 	 0.9609049
0.9747412 	 0.95846695
0.9715231 	 0.956938
0.97136414 	 0.96015847
0.97022134 	 0.95887214
0.9695078 	 0.9564699
0.96852165 	 0.9686324
0.966712 	 0.96745247
0.96268487 	 0.960982
0.96329546 	 0.956898
0.9635334 	 0.9574282
0.96337897 	 0.9556615
0.96533906 	 0.949212
0.96792614 	 0.96661586
0.97091556 	 0.96238256
0.97074556 	 0.95697314
0.9725667 	 0.95424765
0.97272295 	 0.96928453
0.9734315 	 0.9735193
0.9732656 	 0.968332
0.97377694 	 0.97311187
0.9739609 	 0.9725681
0.9728984 	 0.9626357
0.9723553 	 0.9695534
0.97383565 	 0.96902543
0.97792774 	 0.94677675
0.9819588 	 0.9767182
0.9853353 	 0.96890485
0.98827684 	 0.973262
0.98873657 	 0.96243435
0.9884234 	 0.95611656
0.98781735 	 0.9684058
0.9850946 	 0.94724476
0.9830546 	 0.96975327
0.9805262 	 0.96046084
0.97817016 	 0.96748966
0.9771085 	 0.97658527
0.9781103 	 0.96123344
0.9807405 	 0.9697154
0.9839564 	 0.96798694
0.9861038 	 0.9678731
0.98803556 	 0.9785939
0.9910176 	 0.9649769
0.99116635 	 0.97794294
0.99053305 	 0.978129
0.9899976 	 0.98611665
0.9907586 	 0.9680114
0.99079734 	 0.97333205
0.9911599 	 0.9734867
0.9922337 	 0.98127306
0.99106985 	 0.96704185
0.9893296 	 0.97645074
0.9872312 	 0.967676
0.9821175 	 0.96963453
0.9824997 	 0.97426003
0.9840367 	 0.9710812
0.9830209 	 0.9791587
0.98225516 	 0.97761625
0.98218924 	 0.9784772
0.98228645 	 0.9742068
0.9816803 	 0.9767699
0.98061687 	 0.97868246
0.97794336 	 0.96894234
0.9765508 	 0.9722479
0.9726003 	 0.9556553
0.9734515 	 0.9386234
0.97438085 	 0.96680725
0.9726079 	 0.9654577
0.9716223 	 0.9704994
0.9708555 	 0.9521978
0.9709318 	 0.9444341
0.968705 	 0.9615538
0.96735644 	 0.9555816
0.9668165 	 0.9582569
0.96732557 	 0.95569736
0.96540034 	 0.95787054
0.96242887 	 0.9589385
0.9616224 	 0.9534473
0.96316355 	 0.95572746
0.9647125 	 0.9688252
0.96515214 	 0.95677954
0.9650444 	 0.95351076
0.96500194 	 0.9428722
0.9651064 	 0.96279883
0.9633996 	 0.96668416
0.96351236 	 0.95678085
0.96296537 	 0.96046984
0.96320194 	 0.96979743
0.96324825 	 0.9551779
0.96354306 	 0.9616564
0.9646411 	 0.9649466
0.9642095 	 0.96512586
0.9637134 	 0.9538658
0.96245384 	 0.938655
0.9676432 	 0.95601046
0.9722075 	 0.9618882
0.9822776 	 0.97222
0.9909575 	 0.96080285
0.98974574 	 0.9723449
0.98979086 	 0.9718557
0.9893429 	 0.9647496
0.99062103 	 0.9629031
0.9937367 	 0.97790504
0.99377847 	 0.9670604
0.992368 	 0.980577
0.9923251 	 0.9840077
0.99251765 	 0.97273743
0.9926101 	 0.9778165
0.9926702 	 0.9735427
0.99419105 	 0.9857988
0.9947075 	 0.97216815
0.9942124 	 0.97351176
0.99401015 	 0.97615963
0.9938787 	 0.97692066
0.9939863 	 0.9737634
0.9935371 	 0.9606416
0.9925409 	 0.97211
0.99112856 	 0.9760192
0.990042 	 0.97285634
0.98887414 	 0.969014
0.9880693 	 0.9537491
0.985698 	 0.9661015
0.98502153 	 0.9670697
0.9860079 	 0.97537285
0.987479 	 0.97365326
0.987346 	 0.95999
0.98233575 	 0.95445055
0.97737837 	 0.9673536
0.9660051 	 0.9723087
0.96678334 	 0.9697845
0.9735392 	 0.9677834
0.97439474 	 0.95488614
0.9766117 	 0.9609852
0.9759124 	 0.96508
0.9769821 	 0.97735155
0.97883606 	 0.96554196
0.979274 	 0.9649948
0.9714521 	 0.9711257
0.9707806 	 0.95454127
0.96952915 	 0.9688424
0.9673787 	 0.9597325
0.96737945 	 0.96815586
0.9707455 	 0.9626189
0.98237205 	 0.95546955
0.97104937 	 0.97061026
0.9681957 	 0.96384364
0.96893877 	 0.9685293
0.96723896 	 0.9541919
0.96884185 	 0.96614176
0.96797454 	 0.9529321
0.96499234 	 0.9643301
0.9630046 	 0.9505396
0.96602875 	 0.9606126
0.96538776 	 0.94597405
0.96836483 	 0.9587576
0.96983683 	 0.96168673
0.96970236 	 0.945995
0.96922785 	 0.9705623
0.96758217 	 0.9478183
0.96397936 	 0.9539221
0.9632789 	 0.9552676
0.9597519 	 0.95426995
0.9588612 	 0.9700549
0.9573496 	 0.97240865
0.95597184 	 0.94958556
0.9538473 	 0.951997
0.95282245 	 0.95881796
0.95165837 	 0.95951694
0.95100605 	 0.9483422
0.9514504 	 0.96270853
0.9554392 	 0.96005225
0.95682895 	 0.95901173
0.9584354 	 0.9659192
0.9599683 	 0.9709694
0.9798305 	 0.9645448
0.9709623 	 0.9620394
0.9666208 	 0.9670138
0.96632534 	 0.96270657
0.9662966 	 0.95039433
0.9665714 	 0.9608741
0.9708498 	 0.96671027
0.97655195 	 0.96337265
0.9819006 	 0.9759992
0.98411477 	 0.9658565
0.9866863 	 0.95948166
0.9902257 	 0.987544
0.9895456 	 0.9808684
0.9888659 	 0.9798753
0.98859555 	 0.98678845
0.9895217 	 0.9771602
0.9899081 	 0.96683884
0.9906329 	 0.9818915
0.99189997 	 0.9720932
0.98859686 	 0.97618365
0.9855204 	 0.98286134
0.9838233 	 0.96328515
0.9786351 	 0.9655145
0.9712539 	 0.9759451
0.97006136 	 0.9669161
0.9649282 	 0.95600605
0.96120316 	 0.96981376
0.96082354 	 0.9610804
0.96100384 	 0.9641537
0.9602035 	 0.97746587
0.95929414 	 0.9734585
0.95727265 	 0.9609387
0.95505756 	 0.96096534
0.95361906 	 0.9596895
0.9546907 	 0.962718
0.95743406 	 0.9671741
0.95467484 	 0.96437824
0.9516964 	 0.94041324
0.95242083 	 0.94662994
0.9486487 	 0.9646557
0.9446909 	 0.9569182
0.9469882 	 0.95578253
0.9448778 	 0.9439992
0.9412823 	 0.95056957
0.9386388 	 0.9590656
0.9371087 	 0.96564937
0.93570906 	 0.9530745
0.94518006 	 0.94119763
0.95915 	 0.95187265
0.96049345 	 0.95610946
0.9591546 	 0.9645985
0.95929646 	 0.96103764
0.95815027 	 0.9645153
0.9591398 	 0.95905775
0.95731294 	 0.95611435
0.9563915 	 0.95818496
0.95734626 	 0.96150285
0.9562949 	 0.9434713
0.9573304 	 0.9589593
0.9585282 	 0.956945
0.95541555 	 0.96041006
0.95267916 	 0.9521777
0.9485753 	 0.95352167
0.9513116 	 0.9528169
0.95333046 	 0.94666624
0.9684089 	 0.9642162
0.98054487 	 0.97975755
0.98019975 	 0.9755664
0.98101956 	 0.97064143
0.982895 	 0.9731306
0.98437244 	 0.9620049
0.9896098 	 0.9746159
0.9897816 	 0.9664163
0.98861545 	 0.96947515
0.9892071 	 0.9687526
0.9911233 	 0.9829842
0.9914896 	 0.9773508
0.99084985 	 0.9822007
0.9914253 	 0.9777364
0.99057853 	 0.9639785
0.9891507 	 0.9691267
0.9874665 	 0.9690846
0.9853365 	 0.9699363
0.98585784 	 0.96448106
0.9851115 	 0.9758748
0.97293633 	 0.96447814
0.96855056 	 0.98033655
0.9698105 	 0.9695164
0.97226614 	 0.9687288
0.97525346 	 0.9584332
0.9747598 	 0.9721
0.97208637 	 0.9656036
0.9738846 	 0.96282333
0.97788465 	 0.9737345
0.98264134 	 0.96884257
0.97791463 	 0.9630323
0.9685461 	 0.9648481
0.9482674 	 0.9661143
0.9541389 	 0.9703807
0.96545625 	 0.97484994
0.9652746 	 0.98267907
0.9643085 	 0.9630942
0.96555096 	 0.97663665
0.9676553 	 0.96842366
0.9681247 	 0.971417
0.9678346 	 0.96388894
0.96884197 	 0.97565216
0.96677953 	 0.96402997
0.96738005 	 0.9661712
0.96811444 	 0.9572845
0.9659407 	 0.95526725
0.9643282 	 0.94765097
0.96460503 	 0.9491017
0.96625024 	 0.94732296
0.96851605 	 0.97020197
0.9696064 	 0.9326774
0.97105557 	 0.9482743
0.9697556 	 0.96433866
0.96759313 	 0.9531435
0.96353465 	 0.9542292
0.9624341 	 0.96617746
0.9602534 	 0.959029
0.9607224 	 0.95306784
0.9507642 	 0.93841714
0.94516164 	 0.96605027
0.9635811 	 0.9603762
0.96865726 	 0.9748315
0.96959573 	 0.9757584
0.9656671 	 0.95686513
0.96432996 	 0.953566
0.9650802 	 0.96241766
0.97785664 	 0.97863376
0.97855103 	 0.97257394
0.9810996 	 0.93419874
0.98248667 	 0.9546307
0.9791371 	 0.9666642
0.9748222 	 0.9584092
0.97183627 	 0.96952677
0.9691084 	 0.96449596
0.9658773 	 0.9655933
0.962165 	 0.9533254
0.9686707 	 0.9702338
0.9729074 	 0.9475912
0.9787787 	 0.9642192
0.9840093 	 0.96169025
0.98891187 	 0.9810208
0.9901877 	 0.96179533
0.98860294 	 0.97811514
0.9896447 	 0.969333
0.98959136 	 0.98195904
0.98990387 	 0.97580063
0.98953205 	 0.97913086
0.99175453 	 0.97874546
0.992853 	 0.97227216
0.99268275 	 0.9750849
0.9882246 	 0.96982706
0.9794877 	 0.971539
0.9691966 	 0.96763545
0.9593341 	 0.95865625
0.9528149 	 0.9606436
0.95226306 	 0.9580029
0.95069265 	 0.95416605
0.9465243 	 0.95890373
0.94497424 	 0.92899555
0.9454731 	 0.9457186
0.94442564 	 0.9619043
0.944043 	 0.9482788
0.9441917 	 0.94464546
0.9455376 	 0.96680605
0.94806236 	 0.9504304
0.9499341 	 0.9552709
0.9374693 	 0.96075356
0.93762106 	 0.9623024
0.9377441 	 0.9438742
0.9380961 	 0.96727914
0.93853754 	 0.966594
0.9455435 	 0.9559804
0.95353806 	 0.9572457
0.9502125 	 0.9600886
0.94912297 	 0.9643539
0.9452723 	 0.9593734
0.9462008 	 0.95760405
0.94706637 	 0.9606585
0.95155454 	 0.9611771
0.95374423 	 0.96171945
0.9559869 	 0.9439246
0.95953286 	 0.9619377
0.95753723 	 0.952861
0.95499516 	 0.966681
0.9533402 	 0.9545574
0.95277536 	 0.9634
0.9899389 	 0.9632524
0.9899938 	 0.9475211
0.9897818 	 0.9561855
0.9898323 	 0.950796
0.9896476 	 0.96524405
0.98969215 	 0.9567485
0.989528 	 0.9511212
0.98964876 	 0.95716876
0.9895353 	 0.9633468
0.98950577 	 0.974031
0.98960245 	 0.9524473
0.9896842 	 0.9291833
0.9898489 	 0.9326148
0.99009454 	 0.9412044
0.9904358 	 0.9406452
0.9907127 	 0.96207947
0.9910487 	 0.9478529
0.9913515 	 0.9663691
0.9916729 	 0.97496784
0.9918528 	 0.96429086
0.99201596 	 0.9142359
0.9922425 	 0.96747017
0.99247974 	 0.9462049
0.99257153 	 0.97785944
0.99272627 	 0.96104956
0.99269575 	 0.94368047
0.99272853 	 0.9581835
0.99282074 	 0.96011215
0.9928333 	 0.9476817
0.9928909 	 0.95976305
0.993007 	 0.9551187
0.9931 	 0.97363853
0.99321467 	 0.94144905
0.9933179 	 0.9331614
0.99341625 	 0.96090233
0.9934901 	 0.9679737
0.99359477 	 0.95453227
0.99334216 	 0.97435975
0.9931041 	 0.96461254
0.99265206 	 0.9661567
0.9926935 	 0.9603752
0.992259 	 0.95877755
0.9917085 	 0.93534046
0.9916721 	 0.96582896
0.99109244 	 0.9559011
0.99093586 	 0.94516945
0.98981893 	 0.9455199
0.9884349 	 0.93832976
0.98828024 	 0.9415215
0.98828715 	 0.95482135
0.98830295 	 0.93247044
0.9868853 	 0.9763133
0.9866149 	 0.95748204
0.98501855 	 0.9606993
0.98424995 	 0.9742543
0.98337185 	 0.9742509
0.982584 	 0.9361324
0.9816871 	 0.9474638
0.98095447 	 0.94260865
0.9796634 	 0.9236704
0.97872114 	 0.94177085
0.97823435 	 0.9492286
0.9777555 	 0.93459046
0.9769668 	 0.94342107
0.97649527 	 0.9594506
0.9751504 	 0.9370511
0.97478354 	 0.9684002
0.9726674 	 0.94549584
0.9714127 	 0.9478474
0.9708444 	 0.952821
0.9690109 	 0.9636802
0.9687361 	 0.9486992
0.96695596 	 0.9583806
0.9668294 	 0.9631273
0.9653046 	 0.9432568
0.9647143 	 0.9566502
0.9625517 	 0.93901426
0.9613228 	 0.963061
0.96139413 	 0.9375223
0.9595994 	 0.93265396
0.9595595 	 0.93952686
0.95769954 	 0.9506608
0.95745593 	 0.9503342
0.9564875 	 0.96353114
0.9546966 	 0.95406795
0.95476884 	 0.9540654
0.9540552 	 0.9208293
0.95351696 	 0.9576699
0.95295084 	 0.9470321
0.9524675 	 0.95622116
0.95217097 	 0.961767
0.95157707 	 0.9207526
0.951619 	 0.9460123
0.9504347 	 0.9307534
0.9517957 	 0.9552153
0.950903 	 0.94344187
0.95115733 	 0.934085
0.9509943 	 0.93395066
0.95136374 	 0.9524606
0.9528593 	 0.94077325
0.95137763 	 0.94695514
0.9518547 	 0.9429649
0.9513478 	 0.94351315
0.95191467 	 0.9169598
0.95160896 	 0.9462451
0.95195264 	 0.94427806
0.95319223 	 0.9498616
0.9514961 	 0.928879
0.951876 	 0.9292508
0.95117813 	 0.9162106
0.9515589 	 0.95292133
0.95073694 	 0.8997681
0.9508156 	 0.94360834
0.9488522 	 0.9374561
0.9500081 	 0.9360411
0.94777644 	 0.9398654
0.9490323 	 0.92612565
0.94666237 	 0.9239002
0.9477236 	 0.93416935
0.94538087 	 0.95456946
0.94471747 	 0.94015324
0.9458238 	 0.95336014
0.9439677 	 0.9496376
0.94547415 	 0.9151071
0.94374406 	 0.94253826
0.94495785 	 0.88867885
0.9429206 	 0.9495837
0.9438939 	 0.95798075
0.9421201 	 0.910164
0.94221854 	 0.9433188
0.9435977 	 0.9364233
0.9421094 	 0.92146766
0.94387704 	 0.89762515
0.9426393 	 0.94408333
0.94384754 	 0.9401167
0.94419324 	 0.9283579
0.94392645 	 0.901895
0.9448213 	 0.9160251
0.94357985 	 0.94547176
0.9448732 	 0.91378385
0.943633 	 0.9449818
0.9450983 	 0.9344398
0.9440882 	 0.95170647
0.94530916 	 0.9472105
0.9438026 	 0.9182205
0.9448576 	 0.91915834
0.94392115 	 0.94045997
0.9451614 	 0.9089638
0.9438158 	 0.94921184
0.9440705 	 0.92711866
0.9438552 	 0.955855
0.9442542 	 0.9096674
0.9438307 	 0.90835536
0.94435114 	 0.94246626
0.9440353 	 0.9280342
0.94476414 	 0.95472795
0.94418645 	 0.91851217
0.9432325 	 0.95327866
0.94439536 	 0.939085
0.9433692 	 0.9022371
0.94428104 	 0.94941646
0.94427645 	 0.9549115
0.944093 	 0.9365197
0.94389343 	 0.93269163
0.94365853 	 0.9268387
0.94326395 	 0.9624745
0.9416777 	 0.9266107
0.9434656 	 0.8959777
0.9418231 	 0.94484776
0.9436757 	 0.9547932
0.9438383 	 0.93941164
0.9440087 	 0.9457348
0.9438353 	 0.941125
0.9423353 	 0.95482284
0.9443469 	 0.9155222
0.94311756 	 0.9521342
0.94530094 	 0.93957186
0.94545144 	 0.94283384
0.9440021 	 0.9459248
0.9457276 	 0.91594833
0.9455661 	 0.92578703
0.9463187 	 0.94392
0.9466489 	 0.9180866
0.9450741 	 0.89559186
0.9472696 	 0.9552318
0.94600993 	 0.95722675
0.94603354 	 0.9526705
0.94707 	 0.9355003
0.94702095 	 0.90670514
0.94818676 	 0.9365169
0.9485556 	 0.9399107
0.94947433 	 0.9488346
0.94882 	 0.9572794
0.94965273 	 0.91210663
0.9493834 	 0.92319286
0.9485006 	 0.9226035
0.95010895 	 0.90948254
0.9488541 	 0.89915246
0.94916743 	 0.94071335
0.9489133 	 0.9288322
0.94912255 	 0.9117903
0.95019245 	 0.91687894
0.9474484 	 0.9501001
0.94590384 	 0.9206376
0.94482625 	 0.9463893
0.94234496 	 0.9480297
0.9415776 	 0.9322646
0.9405737 	 0.9176583
0.9402499 	 0.9587895
0.9394361 	 0.933084
0.93690556 	 0.94810957
0.93859524 	 0.941083
0.9379803 	 0.90263927
0.9380992 	 0.888026
0.9360436 	 0.9226686
0.9376777 	 0.9459625
0.93765795 	 0.9287601
0.9384338 	 0.9599145
0.9380322 	 0.92726094
0.93644273 	 0.91471046
0.93826187 	 0.9409194
0.9370309 	 0.9329838
0.9385663 	 0.9344759
0.937001 	 0.91652036
0.9385713 	 0.93770355
0.93826866 	 0.9234479
0.9370792 	 0.92153186
0.9384696 	 0.9312699
0.93763256 	 0.9431095
0.93859816 	 0.9037517
0.93845856 	 0.93852264
0.93832 	 0.93632436
0.9383216 	 0.9354754
0.93794024 	 0.938273
0.93852055 	 0.9376285
0.9377477 	 0.9343934
0.9375375 	 0.942801
0.93760264 	 0.9563891
0.93841785 	 0.93065065
0.9380779 	 0.936619
0.9380954 	 0.94703203
0.9393266 	 0.9429714
0.93852603 	 0.9471186
0.9402579 	 0.91697145
0.9405723 	 0.94119066
0.94081616 	 0.9274891
0.9408406 	 0.94782645
0.9398574 	 0.93623614
0.94142556 	 0.930859
0.9406653 	 0.9448854
0.94253254 	 0.9481221
0.9414687 	 0.92955995
0.94023806 	 0.9331739
0.9408346 	 0.9446596
0.9430374 	 0.93801224
0.94205725 	 0.92618656
0.94330573 	 0.9344332
0.9442551 	 0.9486335
0.9456608 	 0.93136454
0.94633496 	 0.95212185
0.94954073 	 0.93900996
0.95194894 	 0.93689513
0.95395434 	 0.9458385
0.954667 	 0.9362322
0.9551837 	 0.942531
0.95537466 	 0.94203955
0.9559644 	 0.9402632
0.9557626 	 0.905295
0.9552913 	 0.942634
0.9544413 	 0.93618685
0.95325696 	 0.93925226
0.9524013 	 0.93204707
0.95141053 	 0.9257822
0.95109195 	 0.9244129
0.95060974 	 0.952696
0.9502321 	 0.9604009
0.95004624 	 0.96110207
0.9498953 	 0.9225729
0.9498278 	 0.95285857
0.94963205 	 0.92218393
0.9500675 	 0.93756217
0.9501565 	 0.93008286
0.95009536 	 0.90882325
0.9502469 	 0.94282264
0.9502163 	 0.9180369
0.9499432 	 0.9200393
0.94960123 	 0.9443983
0.9498597 	 0.9340547
0.949659 	 0.95325774
0.9494979 	 0.95089203
0.94899625 	 0.9572705
0.94848555 	 0.94761
0.9479138 	 0.93768215
0.94795114 	 0.93557173
0.94681436 	 0.9384546
0.9471814 	 0.93618226
0.9460616 	 0.9129774
0.9455583 	 0.9289045
0.94590753 	 0.9374617
0.9457297 	 0.9568406
0.9454324 	 0.92782
0.9460315 	 0.9185294
0.94573736 	 0.9415421
0.9452659 	 0.9200388
0.9450231 	 0.94432384
0.9457404 	 0.92133015
0.9456162 	 0.96098644
0.94555056 	 0.94664425
0.9465409 	 0.9238571
0.94638914 	 0.9254064
0.94618344 	 0.9220413
0.946846 	 0.931594
0.9467093 	 0.9507054
0.9465233 	 0.9359285
0.94727683 	 0.9403152
0.94696474 	 0.9370072
0.94698894 	 0.9404776
0.9474618 	 0.95154357
0.94734585 	 0.9493755
0.94780374 	 0.9582324
0.94737685 	 0.9323575
0.9473616 	 0.92453396
0.9481672 	 0.92777354
0.9480796 	 0.9422647
0.948765 	 0.9533331
0.9491347 	 0.9333501
0.9492401 	 0.9454606
0.9503735 	 0.93175715
0.9509176 	 0.89923704
0.9513816 	 0.93894356
0.95232904 	 0.91976434
0.9526175 	 0.94201624
0.95343107 	 0.9061961
0.953567 	 0.96205086
0.95401776 	 0.921892
0.95401996 	 0.94694704
0.9537702 	 0.9415619
0.9544965 	 0.9443299
0.95420563 	 0.9448876
0.95414746 	 0.9551195
0.95448446 	 0.9640154
0.9545425 	 0.91675836
0.95439 	 0.934334
0.9549664 	 0.9555684
0.95487213 	 0.9200305
0.95487493 	 0.923199
0.9557687 	 0.9356539
0.95576155 	 0.92532694
0.9567898 	 0.9118202
0.9569158 	 0.96145946
0.95752054 	 0.932419
0.95856917 	 0.9537553
0.95839435 	 0.93906564
0.9589813 	 0.93232864
0.9594846 	 0.9446119
0.9595304 	 0.9231388
0.9598323 	 0.9221384
0.9598584 	 0.95440245
0.95925915 	 0.9153675
0.9598075 	 0.94894546
0.9590883 	 0.92308
0.95844716 	 0.95875883
0.9585608 	 0.969001
0.95916975 	 0.92187446
0.9584177 	 0.9401922
0.95822704 	 0.9269757
0.95830363 	 0.94774926
0.95779985 	 0.95005906
0.9583977 	 0.9203481
0.9577819 	 0.94470286
0.95737624 	 0.967867
0.95726687 	 0.94526577
0.9568035 	 0.9296316
0.95595104 	 0.94183904
0.95614403 	 0.9392174
0.95546 	 0.92882264
0.9553523 	 0.9435301
0.95496935 	 0.93664396
0.9547838 	 0.946634
0.954773 	 0.9436889
0.95427185 	 0.93626803
0.9543516 	 0.95964324
0.953753 	 0.92506886
0.9535623 	 0.92766553
0.95360523 	 0.9262319
0.95338994 	 0.9263324
0.95282716 	 0.9515263
0.9533606 	 0.93413305
0.9526382 	 0.92898124
0.95306814 	 0.9316331
0.9526078 	 0.9065317
0.9525175 	 0.91656333
0.95254993 	 0.9210151
0.95189255 	 0.9461916
0.9522855 	 0.9171992
0.9521427 	 0.9359123
0.9521176 	 0.94791377
0.9520138 	 0.9303691
0.9521552 	 0.92402184
0.9519329 	 0.93602204
0.9518928 	 0.91337943
0.9526489 	 0.9400165
0.9526287 	 0.9447823
0.9524764 	 0.9336612
0.9533108 	 0.92480505
0.9533051 	 0.9498526
0.95435065 	 0.9306143
0.9543969 	 0.9419039
0.95551986 	 0.94558376
0.9334976 	 0.89947915
0.93031657 	 0.8850025
0.9290107 	 0.9054262
0.9276743 	 0.9033804
0.92916393 	 0.90901655
0.93296105 	 0.89521873
0.9335265 	 0.8987519
0.93360907 	 0.90476936
0.9336448 	 0.8880463
0.93498224 	 0.8919298
0.9353255 	 0.9049412
0.9337344 	 0.88729995
0.93194795 	 0.90094393
0.92983854 	 0.8883187
0.9281783 	 0.8875345
0.92634225 	 0.8985216
0.9257032 	 0.8774839
0.9223447 	 0.8911667
0.9223474 	 0.8585599
0.92045295 	 0.89873064
0.92167884 	 0.90312773
0.9173782 	 0.89182925
0.9182967 	 0.8830515
0.9195193 	 0.8877165
0.91828763 	 0.8922742
0.9200339 	 0.90817225
0.9173199 	 0.90147215
0.9180713 	 0.8826451
0.91777354 	 0.90458983
0.91952276 	 0.8966027
0.9189544 	 0.8840376
0.91694444 	 0.8925235
0.91531646 	 0.9039481
0.9123118 	 0.88853586
0.9119091 	 0.89314985
0.91338724 	 0.89119154
0.9134365 	 0.8998693
0.91411436 	 0.87363404
0.9161414 	 0.88247055
0.9161071 	 0.9022874
0.9149705 	 0.88101035
0.91548115 	 0.89008164
0.914135 	 0.89206374
0.913399 	 0.9080981
0.9143132 	 0.88767743
0.91453785 	 0.89405924
0.9151007 	 0.89715445
0.9148586 	 0.89999294
0.91377276 	 0.87782717
0.9143363 	 0.8896122
0.9161252 	 0.90143037
0.9171254 	 0.9041961
0.9166962 	 0.8913734
0.9173197 	 0.9007162
0.9171016 	 0.9107854
0.9190208 	 0.88545424
0.91917187 	 0.9164794
0.92061305 	 0.87741137
0.92008173 	 0.8951696
0.9185075 	 0.8877609
0.9169598 	 0.89230114
0.9159567 	 0.90383005
0.91542304 	 0.88271
0.9142718 	 0.89182556
0.9144536 	 0.8819396
0.91325355 	 0.893803
0.91254336 	 0.87732387
0.9118388 	 0.8829193
0.9113568 	 0.9000789
0.9126168 	 0.8956628
0.9136487 	 0.89322156
0.914217 	 0.9057437
0.91569 	 0.8955723
0.9149258 	 0.9169915
0.91502 	 0.87023497
0.91557664 	 0.88089854
0.9144152 	 0.87496525
0.9138773 	 0.9028525
0.9126674 	 0.8740272
0.91094357 	 0.89046013
0.90850425 	 0.89674443
0.9064487 	 0.89425766
0.906389 	 0.88728166
0.9051245 	 0.90468496
0.90452945 	 0.8596873
0.9023071 	 0.8704333
0.8992221 	 0.86580485
0.8965247 	 0.86659926
0.8945987 	 0.8849086
0.8943279 	 0.9150401
0.8914338 	 0.8955603
0.8882543 	 0.88661665
0.8854241 	 0.8910693
0.88231647 	 0.86664754
0.8791931 	 0.8876585
0.87711585 	 0.91226745
0.87699443 	 0.87928134
0.8780395 	 0.87768507
0.8788411 	 0.8639965
0.8775441 	 0.8718417
0.87696636 	 0.865505
0.87573946 	 0.8749072
0.87783366 	 0.8781871
0.87792706 	 0.89165145
0.87832266 	 0.8856755
0.8795836 	 0.8925009
0.8809526 	 0.88867444
0.8812741 	 0.8679403
0.8842215 	 0.8763441
0.8905025 	 0.8943446
0.8939579 	 0.87887275
0.895238 	 0.8827167
0.8980498 	 0.8899832
0.9014161 	 0.88517106
0.90077454 	 0.89329284
0.90023416 	 0.8925233
0.8976511 	 0.90753555
0.89748216 	 0.9110485
0.89782566 	 0.8766611
0.8971266 	 0.90500283
0.89682543 	 0.87449247
0.8942929 	 0.9016942
0.89028364 	 0.8978833
0.8916299 	 0.88866657
0.892189 	 0.8908575
0.8916244 	 0.8816493
0.8920402 	 0.88929623
0.89260453 	 0.89314246
0.8919529 	 0.8934443
0.89198744 	 0.8903619
0.89354676 	 0.8876753
0.894595 	 0.8924967
0.89430344 	 0.90259993
0.89410126 	 0.88323146
0.8938691 	 0.8958937
0.89420396 	 0.89085215
0.8919737 	 0.8886599
0.8896231 	 0.88772035
0.88784236 	 0.88362205
0.88693607 	 0.8879995
0.8873559 	 0.8771968
0.8875898 	 0.90579426
0.8889652 	 0.88433343
0.8899999 	 0.86695844
0.8874229 	 0.9072933
0.8828244 	 0.8713331
0.8848629 	 0.89236486
0.88088155 	 0.9048995
0.8837832 	 0.90892535
0.88555807 	 0.8815161
0.8828024 	 0.9014849
0.88458395 	 0.8948733
0.8853771 	 0.8992008
0.8887167 	 0.8951179
0.8900823 	 0.870369
0.89157236 	 0.9059848
0.8931529 	 0.90564847
0.894011 	 0.88469493
0.8966242 	 0.8897834
0.89927036 	 0.8885179
0.90190196 	 0.8936915
0.90602016 	 0.8916678
0.90504223 	 0.88783634
0.90887105 	 0.91373235
0.91104364 	 0.8875179
0.91236746 	 0.88817894
0.9148316 	 0.88800836
0.9136143 	 0.892191
0.91496474 	 0.88716954
0.9165889 	 0.87917876
0.91706645 	 0.9002571
0.9178389 	 0.8991822
0.9186761 	 0.8937531
0.9172193 	 0.88736707
0.91779333 	 0.8994939
0.9180013 	 0.9024007
0.91769946 	 0.8623646
0.917606 	 0.8942027
0.91784996 	 0.90011543
0.91730416 	 0.8894529
0.91519195 	 0.89954907
0.9128304 	 0.9024167
0.91142035 	 0.9188706
0.91076887 	 0.8736303
0.909407 	 0.9090331
0.90818995 	 0.88159037
0.90638596 	 0.8893935
0.90524375 	 0.8950473
0.9036989 	 0.88790405
0.90301424 	 0.89639604
0.9018047 	 0.9108701
0.9007082 	 0.87877417
0.9005271 	 0.8922055
0.89955586 	 0.901116
0.8987695 	 0.89560324
0.9009741 	 0.8889307
0.90212905 	 0.90818566
0.9011257 	 0.8942053
0.9018302 	 0.91922504
0.90127826 	 0.88823277
0.90159625 	 0.9033769
0.902727 	 0.8820617
0.9031755 	 0.9124619
0.9055575 	 0.8554063
0.9073518 	 0.89649636
0.90842307 	 0.8927863
0.9082804 	 0.8818406
0.9109648 	 0.90740895
0.9118088 	 0.9211006
0.9125476 	 0.90275294
0.91615665 	 0.8830138
0.91728973 	 0.90729374
0.9195175 	 0.892347
0.91912764 	 0.89081013
0.91817206 	 0.90830874
0.9196165 	 0.8994112
0.91895324 	 0.8851969
0.91869 	 0.88959026
0.91822493 	 0.88593364
0.92016965 	 0.8785206
0.91886944 	 0.885389
0.9196741 	 0.8981137
0.9208651 	 0.8923534
0.91928834 	 0.882533
0.91902477 	 0.8950487
0.92005485 	 0.9053159
0.92028296 	 0.8806746
0.9211278 	 0.9046214
0.9224487 	 0.9166199
0.9229793 	 0.89035356
0.9228623 	 0.89733267
0.9224736 	 0.8906149
0.92283696 	 0.9116935
0.9212401 	 0.88258773
0.922026 	 0.8679991
0.92142165 	 0.8935446
0.92082494 	 0.8919742
0.91792476 	 0.8986826
0.91845614 	 0.89414304
0.9174832 	 0.8932252
0.91770256 	 0.87547654
0.91637534 	 0.90079683
0.9160377 	 0.90448797
0.91674405 	 0.89904296
0.91689837 	 0.89860946
0.9169959 	 0.89594007
0.91824675 	 0.9006597
0.92169094 	 0.9030529
0.9232671 	 0.9008395
0.92735374 	 0.8923471
0.9308771 	 0.9083854
0.933627 	 0.8976058
0.93594337 	 0.88362116
0.9377326 	 0.8882381
0.9392554 	 0.8957846
0.9422149 	 0.89238805
0.9445825 	 0.89400893
0.94675183 	 0.9033883
0.9474124 	 0.88953805
0.9504417 	 0.9074205
0.9503337 	 0.9208796
0.95111036 	 0.8944921
0.9510043 	 0.90091246
0.9503522 	 0.91650814
0.95018864 	 0.884582
0.9486995 	 0.8817596
0.9467528 	 0.9035022
0.9456909 	 0.8794081
0.9457564 	 0.88237435
0.94232374 	 0.895139
0.9400024 	 0.8848488
0.9364966 	 0.89419997
0.9340673 	 0.91696626
0.9304655 	 0.88511765
0.9283184 	 0.8983388
0.92655224 	 0.8975881
0.92319655 	 0.91311014
0.91853243 	 0.89268345
0.9146209 	 0.9221281
0.9122233 	 0.8947461
0.9103552 	 0.89476734
0.90926 	 0.893634
0.9094103 	 0.8896467
0.9095382 	 0.8897034
0.908487 	 0.884314
0.9088322 	 0.8861024
0.9098059 	 0.8857122
0.91011924 	 0.88297296
0.91242784 	 0.8656852
0.9124607 	 0.88136053
0.9136234 	 0.91456234
0.91483706 	 0.8921842
0.91730964 	 0.8860587
0.92011034 	 0.90105265
0.9219567 	 0.9056129
0.92429644 	 0.892671
0.92467874 	 0.9188153
0.92573386 	 0.8934594
0.92556125 	 0.88343483
0.9254327 	 0.88135755
0.9267249 	 0.89590067
0.9295291 	 0.8921365
0.9296915 	 0.89327353
0.93043333 	 0.88134104
0.93307084 	 0.89991486
0.932041 	 0.90596455
0.9329224 	 0.8959906
0.93171626 	 0.88356435
0.93290234 	 0.8963487
0.93206203 	 0.90383315
0.934907 	 0.886583
0.9351667 	 0.8925886
0.93780476 	 0.8899404
0.93747747 	 0.90394413
0.93729013 	 0.90343344
0.94055474 	 0.8779579
0.9412299 	 0.87989616
0.9437961 	 0.89658284
0.9453219 	 0.87576723
0.9467374 	 0.88770777
0.9505081 	 0.9044859
0.9529111 	 0.9069627
0.95647186 	 0.91616434
0.95760447 	 0.88653964
0.9593943 	 0.9062304
0.9611934 	 0.8906179
0.9618801 	 0.9080055
0.96133983 	 0.9100012
0.9626131 	 0.9076458
0.96315074 	 0.9004203
0.9635921 	 0.9122671
0.96392053 	 0.89782697
0.9653812 	 0.90801513
0.9655348 	 0.9058813
0.9663989 	 0.9201175
0.96658736 	 0.9197768
0.96756506 	 0.9181499
0.9681411 	 0.9109246
0.96839887 	 0.93617076
0.9688918 	 0.93877625
0.9694278 	 0.9180841
0.970381 	 0.91043866
0.9709388 	 0.9133027
0.9717069 	 0.9200666
0.9714524 	 0.9251339
0.97175765 	 0.9244229
0.9727968 	 0.92807746
0.9734516 	 0.93883014
0.97433466 	 0.9306206
0.9759148 	 0.92056334
0.9768479 	 0.92357945
0.9774679 	 0.9262495
0.9789602 	 0.9255893
0.97914 	 0.9306098
0.9790687 	 0.94265366
0.97927386 	 0.9352726
0.9798618 	 0.9213816
0.9806576 	 0.92232007
0.98119545 	 0.91572183
0.98193914 	 0.9439965
0.98216534 	 0.9321634
0.9823197 	 0.9329711
0.9829948 	 0.9294625
0.9827751 	 0.9194433
0.9824981 	 0.92863023
0.9827046 	 0.91462165
0.9825837 	 0.93035704
0.9823522 	 0.9486392
0.9820899 	 0.95074165
0.9823431 	 0.90909564
0.98181945 	 0.89247674
0.9818476 	 0.93573046
0.9806237 	 0.9280205
0.9797733 	 0.90849155
0.97796535 	 0.9041218
0.97730577 	 0.8989584
0.976143 	 0.8968956
0.97493243 	 0.9016707
0.9749872 	 0.8921132
0.9731566 	 0.8691171
0.9713191 	 0.83485633
0.96830606 	 0.9433939
0.9659194 	 0.8679666
0.9615475 	 0.85682553
0.95825416 	 0.8666698
0.9545065 	 0.8945163
0.95163625 	 0.86173874
0.9472755 	 0.9094572
0.94237256 	 0.88590544
0.9393309 	 0.88842493
0.9344883 	 0.87627476
0.9294819 	 0.8988473
0.92698 	 0.88911325
0.9242643 	 0.896742
0.9222491 	 0.88405204
0.91943306 	 0.932723
0.9192673 	 0.914531
0.91881 	 0.8997226
0.917293 	 0.9039376
0.91696215 	 0.8893754
0.9160945 	 0.8947732
0.91306156 	 0.8805798
0.9120822 	 0.9232499
0.9132281 	 0.8904637
0.91489047 	 0.8903927
0.9148126 	 0.9048094
0.9169047 	 0.8758052
0.9187405 	 0.9007896
0.9188483 	 0.8925887
0.9200672 	 0.8888285
0.9210634 	 0.8809807
0.92185664 	 0.88726556
0.92172694 	 0.8890801
0.92147803 	 0.88348144
0.92145133 	 0.88743496
0.91969347 	 0.8987711
0.92022735 	 0.93103606
0.923218 	 0.89831626
0.9235387 	 0.9021773
0.9233482 	 0.90692604
0.92270815 	 0.8796658
0.9221511 	 0.90485984
0.922244 	 0.8897005
0.9236115 	 0.91487557
0.92257226 	 0.88802063
0.9232432 	 0.88660425
0.9237794 	 0.88294023
0.9238028 	 0.8978871
0.9238797 	 0.8922586
0.92376363 	 0.8932838
0.92366165 	 0.9046677
0.92330873 	 0.89684886
0.92341405 	 0.8899134
0.92305493 	 0.8862453
0.92341566 	 0.8921863
0.92337483 	 0.9152014
0.9238265 	 0.91734093
0.92420626 	 0.8880225
0.9239192 	 0.90700597
0.92355555 	 0.91104996
0.92359203 	 0.8889429
0.92412907 	 0.9010686
0.9241045 	 0.8998167
0.92438394 	 0.8971662
0.92457634 	 0.8897123
0.92480856 	 0.89320844
0.92710686 	 0.89400923
0.9272987 	 0.90957487
0.9284013 	 0.86516917
0.9276428 	 0.8964728
0.92768645 	 0.9005272
0.9265238 	 0.91107285
0.9253996 	 0.8919057
0.9255686 	 0.8945629
0.92588735 	 0.88701624
0.92612445 	 0.91425353
