TensorFlow version: 1.13.1
Found 192 images belonging to 1 classes.
18.380781 	 55.230774
17.234226 	 63.26246
15.029975 	 63.069065
12.725617 	 71.71675
10.9489565 	 84.809494
12.684975 	 81.47771
15.444363 	 71.39514
14.712869 	 68.84355
17.207184 	 59.98639
23.373966 	 54.945312
17.339577 	 72.63425
16.632753 	 68.35939
15.979157 	 65.28023
14.012083 	 76.267136
14.00971 	 70.20561
11.555025 	 84.37999
10.009272 	 84.40404
10.880775 	 84.33544
11.2519245 	 59.579617
9.917315 	 81.01027
9.530981 	 76.74373
10.583302 	 81.556274
8.586067 	 89.01492
8.222773 	 83.68656
7.181781 	 93.09852
6.7025547 	 93.85678
6.367564 	 90.53143
5.8648973 	 90.73004
4.6781282 	 85.43878
3.8114166 	 94.49762
2.7637982 	 89.46056
2.8523674 	 90.89277
2.66926 	 93.47516
2.4044547 	 93.67172
2.9272656 	 92.76648
2.9360952 	 97.09103
2.8162568 	 84.111145
2.190207 	 82.6649
3.3431244 	 86.621445
3.5637488 	 86.49603
4.555286 	 77.798416
4.180606 	 90.94646
4.1948156 	 73.11351
4.010016 	 81.33908
4.380885 	 88.56322
2.2556024 	 94.75067
1.2183628 	 93.81114
9.462758 	 74.59305
21.713837 	 62.914593
29.484917 	 48.80829
40.119713 	 37.02862
40.36057 	 32.406784
37.71631 	 33.708744
26.36821 	 49.79802
19.60619 	 61.558548
10.784137 	 70.046326
8.355272 	 84.67827
6.0941215 	 89.76123
4.441682 	 88.414795
5.339999 	 89.657715
8.654656 	 76.340996
10.333151 	 79.17116
11.982809 	 67.84845
14.753843 	 57.525177
1.2183628  -  40.36057 ,  32.406784  -  97.09103
TensorFlow version: 1.13.1
Found 192 images belonging to 1 classes.
15.3130455 	 64.46404
13.523392 	 72.35833
13.480936 	 65.91236
16.233837 	 66.70762
20.176493 	 56.394142
20.042786 	 55.25618
20.163574 	 55.332016
26.989475 	 47.051132
27.13934 	 45.63192
23.888687 	 52.634327
24.889183 	 55.340874
28.135048 	 46.10549
22.236961 	 58.210175
22.459291 	 60.33963
12.015572 	 71.36162
10.5163965 	 81.37173
11.424631 	 81.27617
8.75994 	 80.66866
7.7934356 	 80.65309
5.2880225 	 74.23069
4.5096498 	 95.639786
3.7964506 	 94.57129
2.3046079 	 97.32767
1.366348 	 99.30371
1.1729811 	 103.036736
2.8303523 	 90.71207
2.9919176 	 99.35879
4.2850723 	 78.48055
4.477543 	 86.37951
2.9566936 	 102.40994
1.6526207 	 99.11836
1.1074972 	 107.15431
0.5542253 	 103.59511
0.38948348 	 99.35086
0.32228997 	 105.80275
0.87248737 	 109.75609
1.0694718 	 107.70964
0.8341862 	 110.255806
0.68925416 	 101.54202
0.5169152 	 106.52033
0.5864088 	 102.476166
0.8393464 	 106.66853
0.30307466 	 105.109344
0.6555818 	 95.8875
0.74008286 	 105.55618
1.1586015 	 93.51211
1.5320151 	 107.314125
1.979117 	 106.512184
2.0569403 	 104.10007
2.2850978 	 99.90019
2.683749 	 92.77638
2.671829 	 95.73511
4.346593 	 97.55527
9.380503 	 83.74725
14.726244 	 65.001526
25.683094 	 50.214718
25.856167 	 45.608017
24.01957 	 56.126564
19.652132 	 59.74029
19.602064 	 54.11282
20.387196 	 48.2236
20.411419 	 41.437782
22.559406 	 46.091896
23.269234 	 44.058926
0.30307466  -  28.135048 ,  41.437782  -  110.255806
TensorFlow version: 1.13.1
Found 192 images belonging to 1 classes.
23.358324 	 40.12321
24.024498 	 37.91868
25.753757 	 32.55234
26.326279 	 27.833387
25.852173 	 31.537582
26.381325 	 33.97361
26.372225 	 35.868904
24.239002 	 41.464172
22.940903 	 35.75321
22.184795 	 41.19021
18.552479 	 56.350655
18.064177 	 58.327522
15.870254 	 70.34359
10.046804 	 78.15778
8.54364 	 77.7055
7.956682 	 83.34167
6.671572 	 88.98864
9.350038 	 75.29081
8.152674 	 83.996864
9.269865 	 76.2574
9.375391 	 79.2426
8.921 	 84.45914
5.055578 	 89.46396
11.14703 	 78.61586
10.615916 	 72.195724
9.3067255 	 78.26552
11.205902 	 79.489555
14.135803 	 79.0305
14.419447 	 72.29351
12.8291855 	 77.691986
10.193924 	 11.049423
70.07132 	 86.18199
78.90236 	 86.63345
86.65054 	 94.76428
84.48018 	 96.49063
77.62839 	 97.08853
77.4308 	 105.99295
66.3649 	 92.43108
67.442474 	 96.49597
73.68186 	 91.10339
77.37476 	 93.434296
82.95108 	 94.11824
81.67958 	 92.64888
88.289154 	 97.74127
86.05798 	 93.78128
88.7731 	 92.19181
93.47038 	 100.54509
92.75798 	 101.083206
90.57335 	 98.86089
91.0163 	 100.18491
92.507126 	 101.21623
97.52693 	 104.41902
104.48252 	 108.76872
103.05052 	 106.10724
97.10021 	 98.93486
97.47246 	 99.94089
101.084915 	 103.16881
106.24571 	 108.24083
98.25264 	 100.23094
102.81027 	 104.59106
100.56812 	 102.99736
98.19046 	 100.87415
106.715515 	 110.61377
103.23442 	 106.69225
5.055578  -  106.715515 ,  11.049423  -  110.61377
TensorFlow version: 1.13.1
Found 192 images belonging to 1 classes.
9.644164 	 12.3667755
11.750246 	 15.289665
9.22233 	 11.597071
10.917135 	 13.853497
7.9533815 	 10.254913
8.436724 	 8.868952
9.971069 	 11.045506
8.958111 	 8.963797
12.438959 	 12.170071
11.19717 	 10.971579
9.664492 	 9.613288
9.591192 	 9.140118
7.6470537 	 8.842249
8.242938 	 10.167241
7.2724943 	 9.7056465
7.2877674 	 10.48259
6.825918 	 9.858835
6.9592 	 10.639521
5.6504383 	 8.130827
5.8700457 	 8.704231
6.9367027 	 9.342754
5.6032906 	 8.661043
4.801503 	 8.773915
5.196543 	 8.649923
4.523243 	 8.3758335
4.4779577 	 7.9656
5.1930532 	 8.163462
8.025541 	 14.531036
7.5712976 	 10.476276
7.5049534 	 9.74777
9.201895 	 11.073102
9.569588 	 11.33669
12.817589 	 16.197538
11.337835 	 13.931274
9.34821 	 10.575406
12.478706 	 14.348523
11.084584 	 11.596247
15.724995 	 15.654312
11.075619 	 10.831281
10.5653515 	 10.751813
12.575986 	 12.961145
10.225101 	 10.40037
10.619028 	 11.762921
10.533335 	 11.81772
12.415722 	 14.072901
12.534871 	 14.398024
14.156858 	 16.984612
10.808399 	 12.599737
10.789099 	 12.513817
15.718518 	 18.311424
10.8795185 	 12.623167
14.722494 	 17.342398
13.122725 	 15.685115
8.230628 	 9.516302
10.32971 	 12.405506
12.175695 	 14.966352
16.527138 	 19.350616
11.987647 	 13.967398
11.8540745 	 14.446129
13.328331 	 15.170143
9.8381 	 10.842611
11.046204 	 12.521208
14.820464 	 17.522816
14.341524 	 16.579449
4.4779577  -  16.527138 ,  7.9656  -  19.350616
TensorFlow version: 1.13.1
Found 192 images belonging to 1 classes.
101.26836 	 101.396935
98.78414 	 99.17993
98.25487 	 100.20847
90.855286 	 89.72478
81.47801 	 87.52466
71.73267 	 91.81955
60.30667 	 93.89151
54.50042 	 76.73547
61.33345 	 78.22177
60.342106 	 77.27249
56.609688 	 70.695885
54.99295 	 81.95516
53.415634 	 85.900314
54.879562 	 73.377655
51.671783 	 72.46121
59.20761 	 80.83304
52.27499 	 74.22571
55.562523 	 78.469406
46.227478 	 76.889465
50.143806 	 84.167145
53.047745 	 88.40033
48.377922 	 77.95749
56.51722 	 89.55434
56.39286 	 82.52309
52.605564 	 75.381775
68.78307 	 90.971954
70.26651 	 89.89603
74.814835 	 88.72197
84.20682 	 96.19896
80.44324 	 88.66846
88.90221 	 97.219025
76.373535 	 82.74823
85.91888 	 93.12259
83.03868 	 85.18784
79.75841 	 80.60388
90.130295 	 92.25264
93.44326 	 100.83859
90.1499 	 94.154724
64.93028 	 67.61109
83.22114 	 93.12137
74.02425 	 84.24411
76.564186 	 82.9093
84.93766 	 91.61705
80.67431 	 87.76347
85.21389 	 93.37392
77.38211 	 85.79866
73.084526 	 81.40752
71.80455 	 76.15168
80.93318 	 86.53721
83.64451 	 89.00988
93.71712 	 94.42402
93.72821 	 95.89367
92.02704 	 96.22542
89.96615 	 96.998085
90.81157 	 97.727875
92.64116 	 98.55067
82.42759 	 89.5856
97.65313 	 103.863846
98.40578 	 103.35125
93.304726 	 97.412254
96.63914 	 99.13805
102.28961 	 104.68912
90.68346 	 97.54039
56.45265 	 88.69283
46.227478  -  102.28961 ,  67.61109  -  104.68912
TensorFlow version: 1.13.1
Found 192 images belonging to 1 classes.
46.12825 	 99.37915
75.82403 	 106.926834
94.33028 	 103.44187
85.420334 	 95.16076
85.65251 	 97.65614
90.1835 	 101.42708
79.71698 	 104.51883
76.3235 	 105.479965
63.50712 	 101.61967
53.131332 	 100.33582
51.016533 	 107.04767
48.14824 	 99.96802
59.964973 	 101.71933
63.018997 	 92.5249
86.393 	 107.7245
98.25898 	 106.69016
89.94966 	 93.48137
96.34642 	 107.53552
88.07462 	 108.50416
80.408295 	 107.70625
71.62457 	 104.586105
65.842834 	 100.89694
69.68649 	 107.10565
73.3853 	 107.5341
62.98537 	 94.77933
62.26363 	 100.76666
58.7638 	 99.7294
52.33813 	 90.8173
52.8917 	 106.75383
51.34957 	 97.401306
51.429096 	 99.7908
64.780106 	 107.9319
70.58706 	 106.81555
79.131805 	 110.540985
89.40143 	 111.24586
85.39029 	 97.572586
97.53214 	 105.14754
91.908676 	 98.494576
101.25408 	 106.52878
99.552444 	 103.94278
96.90437 	 104.70767
100.14639 	 106.90433
89.54146 	 93.89285
99.957245 	 104.617714
97.92444 	 102.8251
95.19997 	 98.1319
102.67428 	 103.45467
93.26764 	 93.93409
106.02429 	 106.8222
106.19319 	 107.39176
106.043396 	 107.09764
100.57909 	 102.01273
103.95289 	 105.23218
101.070335 	 103.21745
100.01668 	 101.12268
107.222115 	 108.33005
102.45834 	 103.9539
95.1604 	 96.54963
100.00196 	 101.613205
96.94594 	 101.86583
96.23071 	 103.620636
98.58897 	 105.74997
94.41878 	 102.34714
98.5625 	 106.17822
46.12825  -  107.222115 ,  90.8173  -  111.24586
TensorFlow version: 1.13.1
Found 192 images belonging to 1 classes.
93.77635 	 99.78998
95.73391 	 98.22298
108.74112 	 111.031494
56.83438 	 106.70027
37.173603 	 64.44022
40.4057 	 70.03984
38.458282 	 70.86113
42.692146 	 76.74248
37.768486 	 70.58907
44.86139 	 82.952896
46.63848 	 86.82956
36.308815 	 65.51342
48.531204 	 88.89691
47.931206 	 87.31047
45.397144 	 89.02751
37.53485 	 66.35607
39.851906 	 77.91853
40.367172 	 81.31506
37.390945 	 80.382256
44.695213 	 95.16771
42.525806 	 89.86676
32.731453 	 59.655457
32.164635 	 54.73436
42.849525 	 91.09694
43.241524 	 90.91699
34.680725 	 71.51503
42.46772 	 82.85748
39.415146 	 87.450645
31.301067 	 53.786324
30.722229 	 52.991955
40.51732 	 78.9262
30.385674 	 65.09834
42.762505 	 84.11684
42.587135 	 81.48123
42.48324 	 85.06612
44.415985 	 84.68012
36.13717 	 73.08765
42.43904 	 88.73042
37.703445 	 70.13497
34.498653 	 61.720974
33.800446 	 62.424236
48.762543 	 92.87093
32.528633 	 60.778458
42.60314 	 75.55005
50.579224 	 95.8631
32.250202 	 60.39094
35.272392 	 66.77587
42.60086 	 74.66667
45.633774 	 79.24748
45.239685 	 82.12822
48.527878 	 85.18814
39.396767 	 65.74049
46.2958 	 75.52232
48.427704 	 77.18954
44.795803 	 75.77458
60.01322 	 103.05768
50.51156 	 81.12489
44.942383 	 71.6952
47.998005 	 76.00226
51.7392 	 81.09717
41.67718 	 64.06869
44.421158 	 63.166092
42.053574 	 58.385857
59.696823 	 91.03311
30.385674  -  108.74112 ,  52.991955  -  111.031494
TensorFlow version: 1.13.1
Found 192 images belonging to 1 classes.
45.124973 	 77.203
46.761513 	 77.19696
41.24518 	 64.88124
46.75547 	 76.63597
45.420887 	 72.4974
42.978638 	 69.20282
41.86148 	 66.477715
55.48334 	 87.441605
44.266273 	 68.94418
59.19786 	 91.86754
50.449974 	 73.54283
59.46753 	 89.012955
49.005436 	 70.17568
36.376564 	 51.951817
49.76548 	 67.47994
51.40239 	 70.3919
52.36312 	 65.28291
59.28963 	 81.48298
55.207214 	 73.092384
63.133358 	 82.49643
62.368187 	 81.83998
58.567554 	 70.450966
67.524704 	 84.691284
43.65484 	 52.817284
45.940228 	 59.256763
74.06606 	 91.921486
65.0233 	 77.70009
59.182404 	 72.079544
80.42006 	 94.39453
74.50984 	 85.328354
75.21391 	 84.87061
63.492516 	 70.89328
81.81511 	 91.21425
77.23416 	 87.96603
58.124733 	 66.55267
68.07872 	 75.54637
62.928627 	 68.53972
69.18089 	 75.84393
70.35121 	 77.4151
75.62283 	 85.04332
81.201645 	 89.24936
58.870495 	 64.56662
51.854332 	 57.391598
78.1806 	 85.54016
68.461426 	 74.05074
76.261154 	 82.53694
74.12947 	 80.4072
68.8037 	 76.4337
70.1745 	 75.23503
56.28951 	 62.12372
72.01945 	 77.65224
76.68672 	 82.69591
82.09035 	 88.98337
75.15907 	 79.709984
84.038376 	 90.05931
71.10699 	 76.772995
68.85327 	 73.36685
81.20187 	 85.219505
69.45854 	 72.880905
59.717968 	 64.06064
72.68372 	 77.884476
68.35887 	 72.40904
77.85181 	 82.33215
70.76572 	 74.83972
36.376564  -  84.038376 ,  51.951817  -  94.39453
TensorFlow version: 1.13.1
Found 192 images belonging to 1 classes.
68.771416 	 71.14699
78.77079 	 81.9178
62.27768 	 65.2469
71.774 	 74.12561
87.04639 	 91.39726
78.397285 	 81.56789
81.42932 	 85.08339
64.436005 	 67.78498
90.33624 	 95.32279
66.66274 	 71.34416
71.710144 	 75.343185
77.496765 	 81.81735
80.99213 	 85.530106
83.37403 	 89.057655
58.65021 	 60.847572
74.67737 	 78.60733
92.90683 	 99.75377
81.80919 	 88.191666
53.77549 	 57.111614
61.485783 	 64.93924
70.66756 	 75.454285
63.521748 	 66.54657
79.1293 	 85.22915
58.457138 	 61.38439
80.844025 	 86.98541
65.62407 	 69.910614
53.242443 	 54.205948
76.39673 	 80.89842
86.14241 	 91.2007
73.76522 	 77.15557
66.42624 	 70.22554
79.05738 	 81.50734
81.17297 	 84.99837
64.34099 	 66.76208
89.17694 	 92.8586
72.276924 	 75.18007
69.28245 	 71.28383
75.61072 	 78.02765
78.51648 	 82.91646
77.767426 	 81.64291
86.88452 	 90.84625
72.04788 	 74.45111
77.6723 	 80.30196
84.33761 	 88.33619
75.26367 	 78.30304
71.57263 	 75.114944
68.61239 	 70.5186
64.24581 	 66.717094
72.855934 	 77.29106
84.33909 	 89.06471
84.46977 	 88.5137
83.635895 	 86.70269
87.00363 	 91.08061
78.68779 	 82.1176
67.23268 	 69.25347
83.95584 	 87.50237
65.28812 	 66.976006
47.390175 	 49.656967
69.2835 	 72.29135
78.18846 	 81.91527
77.61122 	 80.88104
77.551346 	 80.903206
94.064476 	 98.10388
79.54322 	 83.099075
47.390175  -  94.064476 ,  49.656967  -  99.75377
TensorFlow version: 1.13.1
Found 192 images belonging to 1 classes.
64.53058 	 66.60331
71.155174 	 73.66121
78.70839 	 80.56683
71.211334 	 73.04401
88.64929 	 90.92464
73.552505 	 74.899994
83.19435 	 84.76878
71.70054 	 72.62961
82.56131 	 83.41077
81.855644 	 83.40971
88.38049 	 89.756
65.61084 	 66.93581
68.800095 	 69.950325
66.55713 	 67.06653
77.12457 	 78.16584
79.95174 	 81.53674
72.77344 	 73.98468
76.01561 	 77.15763
66.179184 	 67.488464
74.501724 	 75.64772
65.636505 	 66.63413
77.69562 	 79.27232
87.184006 	 88.182175
72.41987 	 73.90565
69.8206 	 70.96918
84.223404 	 86.02915
72.67647 	 73.72644
77.11493 	 78.63983
61.148792 	 61.929913
96.856964 	 97.92148
80.79823 	 81.70453
85.6868 	 86.641464
74.51662 	 75.43434
69.8507 	 70.97861
86.59949 	 87.475815
83.39483 	 84.71843
82.3667 	 83.45762
89.352135 	 90.4839
73.18604 	 74.30499
68.62366 	 69.32164
72.39903 	 73.51077
80.57614 	 81.79014
70.64749 	 71.72166
69.67067 	 70.655426
85.80361 	 86.91585
66.94852 	 67.654724
78.63463 	 80.19008
55.64401 	 56.040398
86.797745 	 87.924286
84.177864 	 85.372086
75.11385 	 76.433334
88.66554 	 90.4431
64.2778 	 65.45589
82.18201 	 83.90251
88.23715 	 89.7626
67.006615 	 68.46052
69.56445 	 70.50237
76.400986 	 77.96307
71.85115 	 72.81296
72.967545 	 73.74135
85.98392 	 87.674355
85.41856 	 86.850784
82.956924 	 84.29412
62.48812 	 63.514824
55.64401  -  96.856964 ,  56.040398  -  97.92148
TensorFlow version: 1.13.1
Found 192 images belonging to 1 classes.
79.1306 	 80.78551
81.284485 	 82.876205
80.57266 	 82.09101
59.49295 	 60.40869
56.57154 	 57.386086
84.32091 	 85.19448
78.57769 	 79.80049
72.60361 	 73.44154
46.442184 	 46.963875
47.26197 	 47.919273
87.91773 	 88.724525
58.956345 	 59.352036
68.9983 	 69.749435
61.433105 	 62.06749
77.82474 	 78.52547
67.41027 	 67.81481
55.800125 	 56.324097
59.480263 	 60.232895
74.46431 	 75.64804
83.558426 	 84.41522
78.41961 	 79.32834
67.76964 	 68.40881
67.20683 	 68.203156
91.289444 	 92.62404
72.74271 	 73.99826
86.42868 	 87.347015
88.71907 	 90.1363
69.46606 	 70.4024
85.95097 	 87.50813
76.39635 	 77.76401
80.495514 	 81.43356
74.28256 	 76.03624
70.04872 	 70.98757
67.85771 	 68.83611
56.322227 	 57.087868
73.120056 	 74.01312
72.0473 	 72.81395
64.54962 	 65.29721
79.94839 	 80.80817
86.97894 	 88.18509
68.153984 	 68.949715
60.318268 	 61.395054
84.954025 	 86.400665
61.489727 	 62.488243
76.04329 	 77.12928
57.29734 	 58.026974
59.536346 	 60.21275
68.112564 	 68.97105
64.43294 	 65.041306
74.57933 	 75.35724
75.568985 	 76.686104
69.88255 	 70.71689
72.7614 	 73.31512
83.96461 	 85.23599
73.68567 	 75.14107
72.77531 	 73.801414
61.08973 	 62.470238
85.52495 	 86.84323
63.99324 	 64.86128
86.83775 	 87.92566
70.8275 	 72.144775
64.07851 	 65.43382
72.847824 	 74.26367
72.75156 	 74.12411
46.442184  -  91.289444 ,  46.963875  -  92.62404
TensorFlow version: 1.13.1
Found 192 images belonging to 1 classes.
66.43647 	 68.01544
89.74768 	 92.808914
69.450195 	 70.97812
89.98542 	 92.007065
83.223816 	 84.82136
76.82213 	 78.61812
76.677765 	 79.211075
61.345734 	 63.343285
66.69547 	 69.0535
68.580505 	 71.71825
75.80904 	 78.56947
62.83722 	 66.01298
70.159256 	 73.73154
63.281204 	 66.335556
66.12091 	 70.1284
70.34951 	 73.72508
40.214417 	 43.397903
78.740524 	 83.79767
71.07208 	 77.13509
55.18577 	 59.608273
60.95797 	 64.76272
79.36087 	 85.14022
69.06152 	 75.956085
85.893166 	 94.2063
82.433304 	 87.962616
61.143288 	 66.72215
78.03873 	 84.42555
85.56618 	 93.555725
58.488007 	 62.273987
67.77099 	 73.77092
66.80826 	 71.94004
81.44617 	 85.52482
80.87834 	 87.619125
87.94035 	 94.71246
56.286476 	 58.66973
79.54927 	 85.79004
72.00145 	 77.02587
68.78406 	 73.06831
71.29302 	 76.85506
68.68735 	 70.49388
78.09051 	 83.593796
53.051277 	 55.552956
92.73612 	 98.646
67.32821 	 73.58191
61.462975 	 66.419945
63.629166 	 68.13657
81.699814 	 87.35802
78.33954 	 83.39108
67.53048 	 72.38297
84.88204 	 88.18329
82.4185 	 87.148865
73.03514 	 78.6149
75.3936 	 82.0347
84.52344 	 91.29416
75.414215 	 81.86867
64.19116 	 67.43749
69.45519 	 74.41717
74.59073 	 79.81287
77.940475 	 83.65949
57.756172 	 63.584373
86.06439 	 93.1498
67.37598 	 70.9474
63.003452 	 67.254425
44.168938 	 47.616028
40.214417  -  92.73612 ,  43.397903  -  98.646
TensorFlow version: 1.13.1
Found 192 images belonging to 1 classes.
78.363075 	 82.516075
76.07621 	 79.29401
60.184765 	 62.34056
88.79559 	 91.296616
71.987595 	 74.06769
66.987816 	 69.15475
77.75273 	 79.60838
67.66006 	 69.52508
53.653595 	 54.598755
72.33478 	 72.949554
64.00062 	 64.99919
72.16426 	 73.10156
72.9513 	 74.25578
83.54663 	 84.67241
61.39637 	 62.087933
61.936752 	 62.574993
68.996155 	 69.66596
73.53984 	 74.4908
63.605568 	 63.930614
67.48204 	 68.154495
61.750763 	 62.201584
68.77365 	 69.443054
69.846695 	 70.289566
79.65854 	 80.27305
73.37436 	 73.78206
60.651474 	 61.017838
82.79335 	 83.05204
62.17771 	 62.582886
47.985855 	 52.646843
70.47217 	 78.72425
73.45022 	 81.1323
63.78519 	 71.292114
83.02261 	 88.248505
74.36713 	 81.59904
79.71036 	 83.03618
82.62925 	 88.855255
76.95561 	 82.76987
67.2431 	 70.5939
79.29303 	 79.38443
77.11023 	 77.33826
93.067276 	 95.64084
93.115776 	 94.04239
93.627686 	 94.44876
93.41202 	 96.22832
85.00923 	 88.02126
84.12198 	 90.82344
73.44989 	 76.18399
75.93109 	 79.48839
89.90341 	 96.31758
75.941666 	 85.00506
87.20924 	 94.23663
61.57324 	 68.911224
85.64168 	 96.22569
63.72815 	 72.73697
86.50316 	 96.02347
66.90662 	 73.89888
85.88567 	 96.25162
84.12002 	 93.82361
81.86591 	 89.49742
79.49913 	 83.75148
90.012566 	 96.09543
68.47362 	 70.8414
86.779205 	 89.84491
79.46999 	 82.79538
47.985855  -  93.627686 ,  52.646843  -  96.31758
TensorFlow version: 1.13.1
Found 192 images belonging to 1 classes.
90.180145 	 95.62448
88.8705 	 92.92581
79.5346 	 81.394005
91.19309 	 93.124756
84.3096 	 86.48461
93.55317 	 98.19721
94.01277 	 97.18923
95.39357 	 98.33713
84.18591 	 86.20114
90.69006 	 91.75191
81.93754 	 82.852646
96.31293 	 97.12167
78.84771 	 81.29141
91.87338 	 91.753136
94.775665 	 94.82019
81.85121 	 82.2681
92.85514 	 94.06607
87.57887 	 88.47963
92.021576 	 94.66271
87.066986 	 90.19626
92.16739 	 95.56134
95.13648 	 97.17679
78.881676 	 79.03381
96.104965 	 96.60037
85.25071 	 86.0298
80.4249 	 81.15219
92.31842 	 94.07579
78.66185 	 80.48762
87.39552 	 89.3506
77.53865 	 77.9218
84.81732 	 88.16939
96.95268 	 99.51041
96.51848 	 98.35042
91.83057 	 92.78043
92.95184 	 95.560074
83.69121 	 86.53317
90.09235 	 93.66836
91.512726 	 95.29335
73.945854 	 76.86218
85.51402 	 88.201324
87.52885 	 91.35434
80.436966 	 84.32025
93.21033 	 97.59296
78.872894 	 79.53635
95.946335 	 100.0806
94.54796 	 97.22409
89.55559 	 90.55512
99.43346 	 99.54428
83.66283 	 85.09396
95.427505 	 95.50271
98.50998 	 96.6962
82.16896 	 81.790726
100.87404 	 100.778305
93.169395 	 93.11584
82.91589 	 81.921104
98.94603 	 98.91205
101.763435 	 99.921234
97.63847 	 96.351425
86.42237 	 82.72353
101.312256 	 99.46827
81.79294 	 80.14459
97.44533 	 94.19676
97.70112 	 94.302414
85.12266 	 81.48761
73.945854  -  101.763435 ,  76.86218  -  100.778305
TensorFlow version: 1.13.1
Found 192 images belonging to 1 classes.
95.77904 	 89.094345
84.26306 	 81.88915
99.135315 	 93.71748
87.23512 	 82.19292
94.98181 	 91.91153
81.853485 	 79.11545
98.27327 	 94.97914
85.721664 	 85.48839
85.87932 	 90.37494
89.49213 	 93.56812
90.90372 	 93.023056
89.78772 	 91.206215
87.935844 	 86.03615
74.317444 	 70.41696
80.39708 	 76.515854
79.208336 	 70.635956
81.24377 	 72.31317
83.73918 	 76.30935
85.88853 	 78.86867
85.89346 	 78.52784
82.845245 	 74.00607
82.014114 	 77.00717
82.34468 	 79.37752
89.435455 	 84.652534
83.783905 	 81.15372
91.00964 	 88.31114
91.881424 	 89.65903
93.19307 	 89.38847
94.52983 	 91.49133
81.06506 	 78.02797
95.63936 	 89.46871
95.37372 	 89.308174
79.20875 	 75.7215
80.591705 	 77.33078
81.330605 	 79.79084
92.083374 	 87.249306
86.73627 	 85.07358
91.6935 	 88.97148
82.2986 	 81.447174
86.261665 	 88.24942
89.30312 	 89.07678
92.26012 	 90.568474
87.84798 	 87.074356
92.56766 	 91.94243
90.72131 	 89.524796
72.647415 	 78.214455
59.679462 	 71.876816
65.754616 	 84.17291
64.712036 	 78.14036
50.16826 	 50.76024
63.75767 	 68.47531
67.714645 	 76.55563
76.12381 	 73.14758
81.02586 	 79.795654
87.64025 	 86.72703
90.835045 	 86.95257
87.210945 	 84.71912
90.565216 	 89.24389
95.864426 	 94.9203
95.90013 	 92.42173
95.30864 	 91.56774
90.38339 	 85.610565
90.12874 	 84.28508
77.27692 	 73.59017
50.16826  -  99.135315 ,  50.76024  -  94.97914
TensorFlow version: 1.13.1
Found 192 images belonging to 1 classes.
88.3308 	 88.26847
95.576164 	 91.88872
96.143166 	 93.74641
91.90413 	 87.65315
88.30333 	 83.142456
96.28969 	 87.800385
97.91308 	 88.471725
87.94356 	 81.12315
89.81836 	 84.36955
85.96454 	 80.29486
92.05591 	 85.41178
83.42752 	 78.1561
92.92433 	 86.28533
90.62955 	 85.514694
81.48062 	 77.58383
81.649796 	 77.89041
91.73044 	 86.57938
90.072845 	 85.49034
93.13978 	 88.997604
91.46893 	 88.18481
93.52087 	 88.73718
76.1063 	 73.82753
95.7373 	 88.45919
94.15811 	 86.7251
93.21045 	 87.23635
87.76845 	 83.0117
87.603645 	 84.26018
74.56611 	 71.19658
87.12363 	 84.33043
93.2113 	 87.43698
94.56668 	 90.62149
94.68043 	 93.223114
93.64308 	 93.86798
97.40239 	 96.12886
85.84473 	 84.3676
75.68457 	 74.4888
85.16325 	 83.157455
99.24111 	 97.01593
99.506516 	 97.24221
88.260864 	 85.08581
85.45246 	 83.20279
96.31175 	 94.6884
103.07463 	 100.58035
104.47926 	 101.84242
98.98402 	 95.92371
88.917786 	 86.189926
95.93383 	 94.33476
96.411285 	 96.12837
82.09585 	 80.83817
96.448364 	 94.71073
102.91696 	 102.031204
102.26753 	 101.16544
94.220474 	 92.97475
102.643845 	 100.88401
99.77066 	 99.216225
98.25038 	 97.56735
94.66068 	 92.63591
102.980194 	 102.39569
99.472176 	 99.40204
94.62631 	 94.58831
96.25277 	 96.421936
93.50301 	 93.8616
96.8742 	 97.08121
101.87967 	 102.04103
74.56611  -  104.47926 ,  71.19658  -  102.39569
TensorFlow version: 1.13.1
Found 192 images belonging to 1 classes.
94.61725 	 95.074554
86.08575 	 88.29534
88.03339 	 90.09737
90.73988 	 93.36443
93.72728 	 97.366714
77.795 	 79.03854
85.43532 	 88.90613
79.32592 	 81.51937
92.87059 	 95.74884
91.48747 	 93.96025
83.11518 	 85.815674
89.89786 	 93.873184
86.65422 	 88.82381
79.49503 	 81.493744
82.75328 	 85.254295
86.97293 	 90.47879
89.50436 	 92.757416
91.84592 	 94.599365
87.40773 	 93.100716
84.53262 	 88.81911
87.866394 	 89.172
85.51398 	 88.247574
82.18265 	 88.40854
76.09346 	 81.09587
77.16551 	 84.32956
78.34161 	 89.06158
76.538414 	 83.412674
78.369156 	 87.804214
77.56267 	 87.13934
67.62625 	 72.9719
74.38292 	 81.46627
79.233215 	 85.498276
78.89313 	 82.594696
73.83017 	 80.11818
74.562836 	 78.92043
73.55679 	 78.45127
70.35786 	 74.50139
77.02384 	 81.547745
72.54781 	 75.83846
81.909996 	 85.45367
73.36573 	 78.315834
79.39003 	 88.13556
83.725464 	 89.7173
85.06669 	 88.47972
84.74154 	 87.02919
84.649704 	 85.62431
91.10282 	 90.35542
94.25354 	 91.87324
93.65897 	 91.01749
85.4875 	 83.26639
96.01466 	 94.8255
88.09353 	 84.74658
87.5016 	 85.35804
95.413605 	 95.07825
86.67069 	 84.276566
85.32428 	 83.29207
97.48293 	 94.46161
95.79136 	 94.455154
99.11029 	 96.82788
93.74457 	 91.81978
95.0229 	 94.16466
93.07229 	 92.62067
91.355194 	 90.99505
84.55931 	 85.10669
67.62625  -  99.11029 ,  72.9719  -  97.366714
TensorFlow version: 1.13.1
Found 192 images belonging to 1 classes.
95.50473 	 95.78703
95.41854 	 96.98775
98.37285 	 99.17405
88.5375 	 88.78617
97.37605 	 98.6273
88.78959 	 91.41307
89.54866 	 92.175545
97.26708 	 99.59502
100.928665 	 103.1474
97.428055 	 98.99755
90.091515 	 93.81064
94.33827 	 98.77345
97.956924 	 100.08969
96.37439 	 99.79022
98.672 	 100.4234
97.57717 	 101.0754
90.74388 	 93.90718
92.731 	 92.8963
76.92339 	 82.14908
92.37961 	 96.22316
94.02535 	 98.80242
96.7583 	 100.63945
91.55247 	 94.290985
78.074554 	 81.569984
90.88609 	 94.98006
92.401405 	 94.03938
92.13519 	 96.11461
90.66012 	 94.38097
91.356064 	 95.51658
87.341125 	 91.097534
76.05204 	 77.20155
76.35092 	 77.557724
81.86961 	 82.23488
88.30493 	 87.71365
88.26033 	 86.7406
87.184044 	 84.57649
86.21956 	 81.94534
67.42156 	 66.487854
81.4368 	 77.39346
81.28313 	 78.67737
82.364975 	 77.553925
78.77904 	 76.79296
78.31932 	 74.887054
77.04792 	 74.03132
74.316826 	 72.25514
69.79262 	 65.138794
67.849045 	 63.486202
64.73955 	 61.969616
66.09523 	 60.036114
65.72354 	 63.87865
64.30151 	 63.34997
57.59886 	 60.888313
57.292824 	 61.602226
46.424545 	 57.07038
44.093952 	 52.69084
46.169487 	 62.024216
46.661263 	 57.079117
46.916664 	 61.340958
44.589317 	 62.298336
43.420395 	 61.128365
42.099022 	 61.3148
43.53588 	 62.310104
42.788757 	 64.54048
42.376137 	 58.138233
42.099022  -  100.928665 ,  52.69084  -  103.1474
TensorFlow version: 1.13.1
Found 192 images belonging to 1 classes.
37.24302 	 54.240345
41.47276 	 56.85633
35.25646 	 48.782543
38.297184 	 56.685616
38.324818 	 55.046253
36.712708 	 59.390766
38.85166 	 61.050922
38.11511 	 58.56649
40.94104 	 62.827854
42.789536 	 66.296814
45.050735 	 67.237625
41.898167 	 62.54933
42.27939 	 58.71912
38.84304 	 62.689884
41.646225 	 62.042587
41.712437 	 62.242134
40.71685 	 62.69885
43.32022 	 67.280304
44.533543 	 63.280773
44.186737 	 63.962105
44.51586 	 66.417625
49.93719 	 69.51314
52.630386 	 70.58252
48.890144 	 66.38295
56.7259 	 75.49152
60.525032 	 72.43374
58.059814 	 72.904
61.47924 	 73.89961
72.90733 	 82.07071
73.416374 	 82.96428
73.95416 	 79.31504
72.88484 	 75.32007
72.313934 	 74.23654
87.00288 	 84.6042
93.59329 	 88.440216
98.92595 	 89.106094
96.91556 	 89.38045
98.71278 	 89.86129
96.50873 	 89.06134
98.737206 	 92.0307
89.48169 	 84.76297
88.71774 	 82.85132
87.70546 	 83.18942
97.15842 	 89.07363
91.52029 	 85.81739
75.33363 	 71.25137
88.12082 	 81.74556
94.43903 	 89.28012
86.831764 	 81.24815
101.02861 	 93.08762
99.30537 	 94.08385
87.117065 	 80.88457
98.83532 	 95.17103
83.96585 	 81.308716
89.06979 	 88.33678
96.513435 	 96.76709
96.484955 	 97.73811
90.479706 	 91.07142
79.19365 	 79.8923
95.07492 	 94.77208
79.25551 	 77.50866
91.08054 	 91.325455
89.6889 	 90.8589
89.546646 	 91.25924
35.25646  -  101.02861 ,  48.782543  -  97.73811
