TensorFlow version: 1.13.1
Found 192 images belonging to 1 classes.
71.95644 	 658.41675
71.78266 	 612.7997
77.47315 	 384.33673
72.46095 	 505.39197
70.85129 	 507.35913
73.69774 	 490.23785
68.89029 	 437.286
34.827515 	 477.03845
43.229958 	 605.7299
75.74454 	 439.8631
67.18522 	 442.98557
65.4807 	 365.007
58.91509 	 320.83386
47.61441 	 479.59235
41.941322 	 350.59802
38.56714 	 467.92612
37.2962 	 656.50916
34.094242 	 586.43085
32.667564 	 263.44806
31.461594 	 340.2104
28.979422 	 536.6627
22.575027 	 433.61566
19.099327 	 409.737
16.839882 	 348.34903
15.69851 	 523.2223
16.022966 	 685.0244
14.432717 	 420.70642
12.336384 	 519.82385
10.221891 	 337.10614
7.245353 	 554.9463
6.0057464 	 406.17773
5.397514 	 426.00177
4.2421823 	 495.62115
4.0432634 	 415.23178
4.003382 	 620.71655
4.2382936 	 555.9911
4.866576 	 340.14618
4.8676767 	 422.6046
5.743213 	 464.10797
5.904625 	 488.69186
5.782736 	 368.32516
7.343399 	 587.65173
6.6448593 	 316.65045
8.226908 	 490.37393
4.255168 	 604.7153
2.986857 	 490.2298
3.3850975 	 453.73282
11.316923 	 397.62018
22.739975 	 286.22522
31.61743 	 250.53897
44.572727 	 171.49289
47.521133 	 202.69931
43.649372 	 186.12738
35.005295 	 210.08606
26.886759 	 216.27248
15.20723 	 306.52966
13.22155 	 551.1704
10.630381 	 422.2006
11.524712 	 354.29694
12.669395 	 622.237
15.096703 	 394.41498
18.98175 	 439.45404
21.510578 	 459.8366
20.117727 	 276.1339
2.986857  -  77.47315 ,  171.49289  -  685.0244
TensorFlow version: 1.13.1
Found 192 images belonging to 1 classes.
69.00037 	 235.64534
63.607956 	 251.50485
62.31805 	 254.64587
66.9783 	 265.40558
68.332886 	 232.91644
71.14503 	 210.48344
74.82115 	 241.24692
77.36229 	 194.08585
70.32417 	 186.92976
73.7697 	 218.45885
63.36003 	 233.88838
75.85129 	 194.29451
71.53167 	 240.88503
59.51543 	 278.08435
48.80303 	 384.77148
46.65525 	 434.88504
39.79819 	 481.57373
38.27431 	 430.47833
37.256313 	 419.7131
38.886745 	 430.2015
38.47599 	 529.9176
39.493458 	 507.89056
42.02867 	 500.74243
47.874817 	 500.20807
49.21647 	 483.2612
55.100178 	 410.9168
47.109314 	 461.2378
49.759663 	 410.4714
41.99196 	 374.70157
33.45751 	 570.01324
28.574774 	 597.90314
29.543718 	 642.6496
32.603745 	 548.11255
38.91817 	 595.30414
43.714043 	 613.3793
51.366882 	 665.21204
54.0799 	 680.6741
55.307144 	 713.9648
56.28175 	 525.3281
55.431007 	 635.1395
53.937332 	 568.17255
53.588657 	 620.10156
53.782322 	 635.6721
52.772514 	 522.0018
49.661205 	 620.27515
53.78852 	 571.8225
57.9348 	 624.7865
65.27927 	 593.1387
71.56218 	 584.88745
76.948456 	 528.9282
77.82054 	 469.27618
75.32837 	 481.73703
102.3715 	 476.82715
137.39983 	 478.0428
195.5985 	 424.3838
268.26007 	 416.80908
257.32654 	 404.61182
236.86414 	 429.9745
241.4604 	 390.0304
252.69331 	 395.40506
306.95074 	 459.77277
320.0522 	 395.25885
328.33722 	 476.4049
357.66357 	 473.78717
28.574774  -  357.66357 ,  186.92976  -  713.9648
TensorFlow version: 1.13.1
Found 192 images belonging to 1 classes.
124.79978 	 670.57104
124.372246 	 685.8192
129.40457 	 315.9367
132.5552 	 447.83047
120.47983 	 609.2543
110.92876 	 559.96326
103.32104 	 735.9629
99.33585 	 645.1686
100.80663 	 270.37497
89.942856 	 445.06158
85.06729 	 432.25702
83.97758 	 342.34082
79.43265 	 713.1575
73.32471 	 424.83682
67.89967 	 498.1689
59.46 	 625.9301
55.908325 	 634.51306
55.43309 	 323.9344
62.502785 	 610.73486
67.35509 	 452.8125
73.64926 	 250.87381
56.57126 	 400.49234
36.828133 	 420.04456
58.26381 	 327.88828
64.67891 	 322.67114
67.12972 	 551.6836
70.94441 	 523.05585
78.708015 	 411.58252
78.07146 	 363.7685
77.406494 	 335.95978
36.828133 	 220.18768
3.2257109 	 405.87476
3.5833097 	 510.72092
6.8085957 	 409.36133
11.173599 	 570.997
18.474018 	 540.8412
14.694325 	 335.08875
21.87643 	 407.44812
21.058445 	 425.64673
14.453523 	 340.29926
14.970081 	 438.0049
19.618376 	 530.91785
18.874718 	 380.1949
15.787963 	 537.51825
15.776939 	 526.17004
15.46706 	 476.1967
13.021456 	 466.49023
11.687332 	 601.5099
11.6106415 	 471.75543
11.588849 	 654.26306
8.344438 	 543.2406
8.505827 	 506.9707
10.387684 	 472.85114
11.404848 	 472.514
12.038244 	 435.50296
12.108917 	 407.7537
11.427369 	 448.5663
10.144098 	 269.00317
9.804625 	 460.72864
7.7198367 	 493.60318
6.385379 	 344.1861
5.3902273 	 454.40704
4.3318033 	 520.70123
4.670745 	 416.17938
3.2257109  -  132.5552 ,  220.18768  -  735.9629
TensorFlow version: 1.13.1
Found 192 images belonging to 1 classes.
13.297811 	 682.9699
10.359016 	 518.09467
10.201813 	 590.307
11.11297 	 627.4928
92.60705 	 233.49486
70.62566 	 267.90308
50.25464 	 376.65405
39.462765 	 567.19226
32.79599 	 478.1292
29.209286 	 413.67267
28.67286 	 503.7066
34.18875 	 408.28687
36.085587 	 416.9156
34.799294 	 323.39456
35.363136 	 359.1243
38.881386 	 308.6018
34.442696 	 318.03235
34.843124 	 338.8002
38.979828 	 325.698
40.0039 	 363.13196
38.74916 	 327.7744
47.176994 	 294.1399
51.450535 	 254.00716
47.452858 	 266.27716
43.004753 	 278.78314
36.448677 	 310.64026
40.613777 	 335.61713
39.382397 	 317.6515
36.52247 	 311.8045
24.084152 	 471.703
24.481785 	 469.81726
30.35136 	 522.7986
26.861668 	 530.5217
21.796438 	 433.29053
18.106861 	 612.97955
14.760218 	 510.6979
13.90807 	 601.0045
12.523268 	 528.6784
15.17948 	 467.94012
13.561379 	 512.3274
15.80862 	 506.55426
15.661589 	 488.47186
15.450405 	 487.81055
12.112707 	 549.72833
13.260206 	 550.521
8.705013 	 647.74976
8.008535 	 468.6036
7.326525 	 593.5056
7.317278 	 691.28235
7.851676 	 466.8546
8.70602 	 626.9328
10.501095 	 647.4491
9.717772 	 442.27383
10.849023 	 491.24713
9.093512 	 657.36273
10.0510235 	 720.9042
11.439443 	 565.49207
10.228052 	 552.1152
11.432251 	 600.05475
9.971196 	 428.91846
12.943954 	 552.0624
11.71804 	 653.5831
13.441626 	 653.5796
14.562527 	 611.3447
7.317278  -  92.60705 ,  233.49486  -  720.9042
TensorFlow version: 1.13.1
Found 192 images belonging to 1 classes.
11.473169 	 591.15125
11.903786 	 545.5609
14.255012 	 559.08374
19.390596 	 344.99612
26.475977 	 532.84235
32.78592 	 473.95587
34.38461 	 496.53296
40.145256 	 386.59277
35.86351 	 474.7884
32.379807 	 344.31992
30.57084 	 431.2093
30.556404 	 665.3144
31.460386 	 463.64557
27.975674 	 563.82947
31.511875 	 676.5745
36.646397 	 512.0136
34.021217 	 544.92114
35.313297 	 569.53644
36.049953 	 581.3157
32.291553 	 650.2145
26.268867 	 483.8799
22.819925 	 702.2256
20.382973 	 534.68787
17.854263 	 529.97034
15.0628605 	 617.5679
14.193861 	 613.26465
12.955368 	 538.6525
11.60131 	 636.61584
8.630159 	 458.8607
6.477468 	 564.5939
4.1143265 	 302.8102
4.9404535 	 517.4818
6.330638 	 419.4676
10.0881605 	 431.33673
14.235716 	 547.6126
18.645515 	 531.9065
15.21998 	 457.8423
13.361031 	 316.96533
17.24987 	 471.14844
18.65929 	 382.79446
16.528236 	 435.98315
17.382666 	 504.65125
16.132843 	 365.42807
15.510709 	 527.7189
14.935093 	 418.7313
15.69949 	 367.494
19.459845 	 392.47638
17.967522 	 466.7599
20.262558 	 382.50903
19.102392 	 544.3371
15.244814 	 600.8296
14.988197 	 464.3944
13.95954 	 583.5879
12.300107 	 611.75964
11.912494 	 509.07953
12.418987 	 428.4252
12.49815 	 620.7137
12.224803 	 568.3788
14.521328 	 515.50757
16.619448 	 551.6217
18.110348 	 608.3812
16.92399 	 542.2019
21.231441 	 380.4287
63.610184 	 292.35327
4.1143265  -  63.610184 ,  292.35327  -  702.2256
TensorFlow version: 1.13.1
Found 192 images belonging to 1 classes.
90.380554 	 264.70148
85.55172 	 293.9279
27.209946 	 401.4052
34.965847 	 436.43765
36.377674 	 585.78546
20.015905 	 459.3673
29.369713 	 393.74295
26.74214 	 176.40039
36.566654 	 223.93942
45.74325 	 203.82669
52.236393 	 159.31152
51.96865 	 169.92229
45.824635 	 122.59978
37.895218 	 283.57724
29.986757 	 405.3099
23.820263 	 320.79022
18.883028 	 610.8481
24.930302 	 457.0371
27.19557 	 411.11487
25.665092 	 283.77
26.071133 	 233.38379
28.978153 	 207.80432
25.789515 	 273.09808
25.57634 	 182.29382
24.507658 	 154.24161
24.470451 	 185.80315
26.252102 	 138.2367
29.002304 	 197.81548
31.78846 	 117.23531
33.731384 	 151.37328
38.364162 	 162.4006
37.09321 	 178.17358
31.775593 	 280.35938
24.124985 	 346.32166
16.809769 	 346.5335
11.704662 	 406.15778
9.625666 	 327.02338
10.217506 	 449.17822
8.024885 	 410.16782
7.672578 	 540.38965
9.976616 	 444.3897
9.109908 	 313.47354
8.247875 	 470.54974
6.986554 	 443.97678
7.47114 	 309.25342
5.210677 	 412.04453
2.863648 	 558.9314
3.307014 	 533.5307
3.4642825 	 508.62573
3.872936 	 524.5091
4.66646 	 496.32092
4.097989 	 373.17047
3.6823792 	 481.01727
3.6912436 	 458.2547
2.861682 	 687.79126
2.2410195 	 389.38116
2.371902 	 342.20407
2.456634 	 399.07574
2.773806 	 395.09656
3.7162492 	 413.392
7.1835938 	 376.27527
7.378666 	 468.14905
7.387392 	 351.58478
7.490693 	 314.53387
2.2410195  -  90.380554 ,  117.23531  -  687.79126
TensorFlow version: 1.13.1
Found 192 images belonging to 1 classes.
9.15061 	 404.0875
4.971221 	 722.8147
5.0226836 	 504.12277
39.58146 	 143.00119
40.001663 	 146.71884
39.39286 	 155.85612
43.56831 	 140.88281
42.47448 	 113.24052
40.805084 	 166.679
40.808548 	 146.35257
39.369984 	 74.05529
40.142975 	 156.35294
40.06622 	 132.1692
41.047245 	 293.19165
39.680714 	 234.82825
44.93988 	 162.16985
49.909348 	 195.35994
42.560757 	 192.72992
49.965073 	 282.7704
49.897232 	 132.95886
52.44922 	 157.47876
47.507263 	 110.00332
48.840015 	 163.40579
50.522175 	 237.41263
50.13264 	 131.17557
49.015884 	 160.36598
50.268593 	 113.25845
52.951702 	 109.995056
47.255363 	 138.6023
51.706272 	 130.19403
49.60507 	 117.35034
54.534355 	 166.0444
53.544212 	 229.49167
54.49539 	 163.36072
55.922333 	 117.44754
55.63867 	 165.48518
57.050766 	 237.30296
57.535545 	 216.92822
59.723198 	 104.90263
57.746353 	 151.2757
64.36868 	 95.76977
60.874596 	 114.67598
63.22476 	 112.12672
64.58727 	 122.46475
61.66425 	 132.81757
65.711235 	 176.74576
64.18332 	 147.3392
60.730545 	 161.63226
65.8502 	 202.00415
61.557007 	 120.41916
62.32694 	 202.72125
61.378624 	 159.83208
58.504982 	 128.28442
62.73046 	 145.76752
59.52137 	 135.05412
62.2178 	 165.69974
53.792397 	 144.16354
57.11078 	 180.93329
57.319374 	 151.99753
54.86815 	 229.52274
57.082207 	 147.49524
54.890152 	 224.23248
54.86781 	 276.1754
55.068504 	 282.59717
4.971221  -  65.8502 ,  74.05529  -  722.8147
TensorFlow version: 1.13.1
Found 192 images belonging to 1 classes.
44.3515 	 213.86404
42.957848 	 164.11491
38.741398 	 186.44653
39.436764 	 126.634865
37.28547 	 226.68787
37.446484 	 95.73748
38.42478 	 120.178345
33.85632 	 287.6975
32.83145 	 243.64978
32.04805 	 199.02367
29.46459 	 318.41867
28.331644 	 287.18692
32.614597 	 74.41152
29.190573 	 141.01555
27.915268 	 246.89594
26.761799 	 241.93782
25.649912 	 164.44148
25.388346 	 272.9519
22.402626 	 232.48236
19.571377 	 313.1975
21.790169 	 177.42023
21.120867 	 182.18335
18.93827 	 101.80737
17.01915 	 117.24211
17.175743 	 139.37943
16.30617 	 326.6367
17.272251 	 94.770996
13.569931 	 527.7948
13.899044 	 186.97925
12.934759 	 176.81412
11.680564 	 201.086
11.573363 	 192.60489
10.54957 	 205.23169
9.894504 	 139.64377
9.602418 	 209.55759
7.8106966 	 157.79285
8.533962 	 334.66937
8.19575 	 484.7638
8.541734 	 242.36203
10.474799 	 290.99338
9.783457 	 156.32501
11.168291 	 138.29684
11.332141 	 308.56805
11.562065 	 208.30008
12.027829 	 218.54295
11.59384 	 100.74785
10.6237335 	 228.93793
11.325212 	 286.15662
11.558016 	 174.54782
11.308132 	 212.99722
11.990846 	 380.1087
10.0782795 	 550.2404
11.269083 	 230.65439
10.154646 	 383.21466
11.137948 	 448.12085
10.230672 	 274.49878
10.023209 	 331.1758
11.135334 	 307.06436
10.417875 	 103.636185
10.034936 	 190.63298
9.7486515 	 218.98761
9.974859 	 313.32086
9.493234 	 270.71707
10.349934 	 144.54257
7.8106966  -  44.3515 ,  74.41152  -  550.2404
TensorFlow version: 1.13.1
Found 192 images belonging to 1 classes.
8.020476 	 401.9476
8.656596 	 143.85034
8.33752 	 122.04112
8.78628 	 337.7486
8.718228 	 272.02585
8.418554 	 231.45299
9.052999 	 177.59387
9.327314 	 439.19604
10.933971 	 121.03667
10.108359 	 176.45207
10.236307 	 179.62772
10.12133 	 322.0517
10.373119 	 258.4773
10.697914 	 142.67683
10.67001 	 245.94539
11.75091 	 152.45915
10.90342 	 247.47745
12.446358 	 119.05928
11.923144 	 143.6488
12.33555 	 460.34195
12.441787 	 285.13483
11.970535 	 232.5126
11.78293 	 224.02011
12.241316 	 101.80654
12.110267 	 234.54756
11.749744 	 83.37549
10.687917 	 171.65906
10.646389 	 287.34894
11.689355 	 144.32164
11.208689 	 123.37852
11.40134 	 180.01485
9.775006 	 189.07738
9.886914 	 121.95936
10.751466 	 563.1851
11.807583 	 353.06598
11.07192 	 116.066505
10.3344755 	 128.15784
10.094938 	 238.52255
10.605452 	 232.19836
10.569898 	 474.53683
10.191922 	 93.42235
9.9077 	 397.15125
9.208193 	 383.16223
10.132147 	 168.97466
10.386826 	 110.10008
9.929167 	 364.8453
8.946447 	 81.27021
9.552575 	 207.31815
9.3265915 	 162.93736
10.319999 	 246.46289
10.191077 	 163.06076
10.578651 	 527.3641
10.933605 	 166.26942
9.748739 	 117.359085
9.386984 	 386.98456
9.229187 	 183.71893
9.060648 	 110.879456
9.238117 	 317.59125
9.2834015 	 286.328
9.330828 	 180.36456
9.466662 	 103.19896
9.737564 	 155.18466
8.732498 	 194.64328
8.1274185 	 329.43152
8.020476  -  12.446358 ,  81.27021  -  563.1851
TensorFlow version: 1.13.1
Found 192 images belonging to 1 classes.
37.77892 	 56.23601
37.916256 	 76.63347
38.724007 	 57.383698
37.517082 	 59.4277
37.932243 	 106.21535
37.961708 	 84.25636
37.55585 	 67.14068
37.68199 	 74.60225
38.928963 	 99.101685
37.830677 	 62.202145
38.35462 	 66.180466
38.369377 	 75.295456
37.986176 	 68.763794
38.43826 	 60.617207
39.489647 	 97.22017
39.017433 	 64.49845
38.957474 	 60.65596
38.604076 	 68.0072
39.563934 	 77.60122
39.847878 	 56.04509
39.48156 	 61.656044
38.779438 	 60.08849
39.09822 	 62.147285
38.433685 	 66.504486
38.868073 	 96.43204
38.678116 	 87.70103
39.099335 	 70.3702
39.185463 	 76.95963
38.928513 	 56.35448
38.807377 	 74.03638
39.054726 	 75.8924
39.431747 	 102.09902
39.269524 	 86.407486
39.839245 	 64.86511
39.440987 	 81.61571
39.79975 	 81.05902
39.67444 	 69.77134
39.622406 	 73.46234
39.62919 	 63.630188
41.162025 	 58.970665
39.490337 	 76.88269
40.39571 	 62.64744
40.481564 	 82.60939
40.763435 	 65.424255
41.165203 	 85.18307
42.236816 	 76.36211
41.355614 	 75.402725
40.97305 	 62.108017
40.27636 	 56.99508
41.377235 	 78.87659
41.362732 	 71.25081
41.96015 	 63.165672
42.152145 	 68.11137
42.016747 	 69.7505
41.600136 	 88.83685
41.762993 	 70.324
41.702168 	 65.415146
42.639206 	 67.95528
43.187584 	 70.409195
42.503227 	 73.21388
41.938732 	 72.532364
41.684116 	 70.51152
42.300278 	 70.180115
41.668167 	 70.41314
37.517082  -  43.187584 ,  56.04509  -  106.21535
TensorFlow version: 1.13.1
Found 192 images belonging to 1 classes.
3.4503164 	 262.4947
3.5707145 	 230.27597
3.645008 	 114.66594
4.3404555 	 95.63788
3.9253664 	 372.3247
3.8618789 	 271.20428
3.4295502 	 65.677284
3.5124974 	 116.11018
3.7028525 	 127.14456
3.116838 	 281.1797
3.2476206 	 118.15197
3.4082649 	 203.90489
2.8030567 	 247.72423
3.328205 	 351.16562
2.9427562 	 319.0948
2.7404056 	 110.187485
3.684263 	 121.38684
3.315246 	 176.01118
3.0920033 	 207.91055
3.412823 	 233.10179
2.9992943 	 433.80423
3.4082491 	 137.92586
3.6621847 	 111.98506
2.778588 	 82.52814
3.250202 	 252.98245
3.1629875 	 583.22766
2.987836 	 386.82358
2.895924 	 644.94434
2.9543452 	 270.556
3.00631 	 540.3154
2.4270854 	 69.621796
3.811346 	 276.1962
2.9175587 	 381.79773
2.5591965 	 84.47903
3.1052775 	 315.1031
2.6248748 	 431.41278
2.8950467 	 396.3236
2.8301287 	 113.464264
2.6321046 	 235.71124
3.1569047 	 319.41556
2.8719182 	 184.15039
3.2988884 	 239.27753
2.364897 	 68.540985
2.2525153 	 333.06952
2.421832 	 116.770134
3.0643897 	 111.518654
2.57332 	 140.05875
3.087069 	 156.21596
3.001958 	 206.73456
2.7340496 	 143.46602
2.4464874 	 103.10514
2.5529504 	 181.76872
2.3500886 	 245.70018
3.0497289 	 119.34708
2.7450905 	 374.6507
2.4079113 	 135.18741
2.8485298 	 266.35684
2.7636933 	 313.49847
2.7719874 	 425.5468
2.5058079 	 172.96582
2.4296892 	 287.23047
2.8196878 	 274.18436
2.8459506 	 537.84827
2.6264527 	 96.9661
2.2525153  -  4.3404555 ,  65.677284  -  644.94434
TensorFlow version: 1.13.1
Found 192 images belonging to 1 classes.
2.9414504 	 193.99858
2.7602108 	 187.57819
3.8452983 	 506.87354
3.4370754 	 337.21353
3.606924 	 246.0094
3.433002 	 320.55664
3.6827354 	 143.07825
4.4457026 	 181.72946
4.799143 	 288.0925
5.3209467 	 364.83005
5.0346375 	 191.36694
5.8588843 	 273.37714
6.989403 	 123.24863
7.0102553 	 281.73947
7.7256536 	 154.6507
8.959345 	 234.5189
9.641104 	 328.29736
11.479089 	 356.34857
10.829588 	 95.79332
11.322782 	 130.80824
12.0221405 	 176.01242
13.823084 	 250.96107
15.323799 	 181.65208
15.441542 	 175.58601
15.268844 	 300.30768
13.797087 	 240.56902
14.23019 	 286.59793
14.10194 	 163.80405
14.831007 	 205.15332
15.33052 	 297.5867
15.376875 	 343.72852
13.759806 	 289.64655
15.721239 	 321.63266
16.216599 	 130.5149
14.7305 	 184.37155
14.459821 	 392.59958
15.212227 	 316.78314
13.517914 	 225.82137
14.76227 	 268.6347
15.128921 	 326.7057
14.550077 	 157.9945
14.489495 	 517.71216
13.847971 	 317.78308
14.894935 	 228.17882
14.470529 	 133.66502
16.137587 	 239.27895
16.333061 	 240.66188
14.634233 	 188.18027
14.293241 	 357.75986
16.363953 	 223.86617
15.570192 	 242.67267
15.43588 	 297.3994
15.721095 	 255.66464
14.476908 	 232.7106
15.359165 	 188.46234
14.323507 	 290.48975
15.659103 	 362.17194
15.13159 	 267.2606
13.917849 	 160.00597
14.2609215 	 242.88373
13.552389 	 306.19482
13.332315 	 186.14664
13.024718 	 155.28381
12.84214 	 217.8902
2.7602108  -  16.363953 ,  95.79332  -  517.71216
TensorFlow version: 1.13.1
Found 192 images belonging to 1 classes.
11.144506 	 235.29974
10.694924 	 213.61136
11.522991 	 512.94714
10.464432 	 255.51767
10.57692 	 198.97665
10.483762 	 177.83258
8.487487 	 163.9161
9.534952 	 203.76775
8.18279 	 299.35132
9.289995 	 362.15826
7.580112 	 299.26996
7.726812 	 384.9195
7.702236 	 242.73352
7.1384554 	 282.6446
7.797612 	 222.18443
7.740501 	 170.56999
7.7590084 	 245.367
7.665305 	 309.50592
8.260201 	 312.4048
7.847723 	 285.89447
8.642996 	 376.06134
7.5361385 	 156.43509
7.1542425 	 440.08923
7.653335 	 281.33667
7.64532 	 165.61493
7.595668 	 302.90097
8.00171 	 140.86443
8.167987 	 129.38373
70.217026 	 174.83438
67.14754 	 168.1742
70.380936 	 133.30392
68.83727 	 205.96893
68.822296 	 186.47583
75.02775 	 179.5606
72.31246 	 233.94604
70.52583 	 243.6111
73.42 	 190.9732
73.495636 	 218.80782
65.35706 	 196.02673
57.67995 	 271.83344
55.614014 	 266.1482
54.49467 	 235.32855
53.10814 	 248.43546
53.642784 	 213.87874
56.330276 	 196.05367
54.586063 	 175.00166
52.159187 	 188.90335
52.431225 	 253.36691
50.293045 	 219.3004
51.84678 	 244.99626
49.63546 	 140.78796
46.095596 	 219.55777
49.25212 	 149.4121
48.45995 	 211.92079
48.37991 	 205.31424
49.22966 	 211.37378
49.798546 	 195.17944
47.93573 	 190.20163
48.919994 	 190.43857
48.34336 	 197.17352
49.87626 	 131.3716
49.151436 	 202.03282
51.754795 	 183.41634
48.62759 	 230.56317
7.1384554  -  75.02775 ,  129.38373  -  512.94714
TensorFlow version: 1.13.1
Found 192 images belonging to 1 classes.
86.548584 	 161.59207
83.18295 	 121.34435
84.81313 	 127.41031
83.285904 	 142.58427
83.71144 	 143.28769
81.10597 	 129.13675
80.03673 	 129.9112
77.53509 	 142.20532
79.35939 	 169.50592
78.84708 	 125.0574
82.624985 	 137.62595
80.41591 	 125.04487
82.717 	 137.67732
79.38722 	 132.37994
78.391174 	 122.471756
75.907814 	 180.03905
77.77861 	 164.93663
77.55423 	 139.11505
78.57676 	 146.82962
79.179115 	 145.99597
81.13945 	 162.74649
80.523254 	 96.85078
82.12313 	 144.90518
86.2453 	 158.86823
89.73082 	 126.03272
95.70776 	 129.81401
100.53906 	 131.94188
98.22508 	 130.45135
100.32176 	 166.32846
100.73274 	 124.32038
101.2384 	 138.87311
100.21163 	 135.9812
100.07779 	 123.167725
99.48193 	 121.822266
99.24002 	 130.3235
99.88263 	 126.21228
100.29311 	 146.8934
100.971664 	 135.49387
96.54065 	 125.745575
94.70618 	 136.90213
96.87851 	 151.45114
93.61267 	 148.38231
95.46774 	 139.9591
92.73085 	 140.49565
90.327805 	 172.39215
87.33082 	 138.78351
82.501175 	 161.25293
79.77784 	 178.26813
78.34267 	 142.49065
76.50743 	 186.07881
72.92813 	 158.95686
74.37805 	 174.65132
72.40735 	 148.88142
72.3934 	 225.89096
69.03076 	 167.75922
71.13115 	 157.12784
68.02474 	 152.74217
71.54757 	 190.21216
71.766266 	 186.50845
70.54074 	 218.50739
76.788635 	 154.89226
75.028366 	 161.66391
73.24142 	 176.53833
73.9371 	 144.69238
68.02474  -  101.2384 ,  96.85078  -  225.89096
TensorFlow version: 1.13.1
Found 192 images belonging to 1 classes.
43.23163 	 238.99808
43.331314 	 322.27484
41.580402 	 237.35837
42.556694 	 213.42578
42.718452 	 237.4944
44.298267 	 260.72443
43.87266 	 215.49152
43.02359 	 241.15646
43.984486 	 214.04514
46.87477 	 247.12631
49.2723 	 232.31543
51.572495 	 209.40445
55.224777 	 169.32245
60.199314 	 245.30869
61.54693 	 205.90195
59.24172 	 228.71118
61.741592 	 195.8939
58.29706 	 237.59253
56.396885 	 224.62817
58.442173 	 181.63776
57.891384 	 198.87929
57.28241 	 216.0445
60.601257 	 210.57603
60.059853 	 243.3295
58.008835 	 204.89871
54.6966 	 249.34634
54.729904 	 210.80524
52.058945 	 251.50647
52.235027 	 170.77835
51.758087 	 227.32104
51.090958 	 232.85864
54.47094 	 171.87508
55.63695 	 220.92618
58.82865 	 199.38867
58.162964 	 220.56094
59.967266 	 196.51465
61.02626 	 245.06067
59.160805 	 161.84169
58.6717 	 203.12674
59.912064 	 201.13095
58.4087 	 272.3805
57.194027 	 215.06464
55.81906 	 225.12387
57.483643 	 278.90814
57.007244 	 180.87598
55.28864 	 131.10013
61.19677 	 168.85464
63.99031 	 202.29332
70.92876 	 146.70784
71.36853 	 191.53777
74.95659 	 156.71837
75.09957 	 174.88498
72.411285 	 206.78857
64.05919 	 185.54335
63.37757 	 241.45734
62.775955 	 191.93802
62.413322 	 196.58289
61.844597 	 324.83203
63.5847 	 235.48718
60.304195 	 216.97247
60.124454 	 200.01047
58.93267 	 191.37677
54.84448 	 157.0586
52.678474 	 208.43369
41.580402  -  75.09957 ,  131.10013  -  324.83203
TensorFlow version: 1.13.1
Found 192 images belonging to 1 classes.
47.934605 	 79.3524
48.41889 	 85.1075
48.658787 	 77.8866
49.983215 	 81.782425
50.165062 	 69.20471
48.578587 	 77.29412
49.617832 	 65.13954
49.166927 	 69.920975
48.813557 	 81.5363
49.306595 	 74.10504
50.08103 	 73.408585
49.463097 	 81.064255
48.991196 	 86.13313
49.44828 	 78.17673
48.66546 	 69.94769
49.00647 	 88.02377
48.2322 	 78.11452
49.101723 	 77.43373
49.53538 	 64.44195
48.119606 	 85.824265
49.53707 	 63.17633
48.099716 	 82.40214
48.649704 	 79.5227
49.6855 	 77.28151
49.64902 	 84.478294
49.103493 	 85.71301
49.988434 	 66.578
49.5421 	 66.33255
48.740314 	 90.81607
48.379402 	 72.79074
49.170303 	 85.8934
48.879837 	 83.60077
47.756954 	 73.08539
47.485428 	 84.40856
48.51937 	 60.839016
48.155003 	 76.44731
47.467495 	 82.655174
47.68606 	 85.13401
48.19297 	 63.916187
48.238052 	 76.900406
48.305695 	 79.93617
48.07481 	 84.36316
48.003822 	 110.04925
48.00881 	 74.63247
47.479416 	 72.20838
47.646378 	 78.62987
48.70065 	 79.96785
48.341034 	 62.442444
47.44425 	 75.37575
48.83014 	 87.475006
48.312977 	 67.858635
48.025616 	 73.53544
48.550587 	 83.01605
48.65782 	 75.91853
47.917675 	 70.237816
47.66744 	 97.18945
47.560463 	 75.52595
47.728073 	 65.59779
47.273216 	 81.99536
47.232918 	 63.927406
46.943115 	 61.945168
47.66439 	 78.68063
47.261314 	 79.39169
47.68206 	 58.042595
46.943115  -  50.165062 ,  58.042595  -  110.04925
TensorFlow version: 1.13.1
Found 192 images belonging to 1 classes.
47.67338 	 52.1781
47.917313 	 49.881935
49.27636 	 53.893898
46.89341 	 52.801075
48.805275 	 53.31042
48.334503 	 62.773483
46.911682 	 52.56506
47.235638 	 61.316605
46.185192 	 58.95537
47.13523 	 61.49136
48.381462 	 52.98121
47.57649 	 59.53408
48.837715 	 56.853935
49.396828 	 67.686935
49.497963 	 66.58861
48.644684 	 61.114433
49.35899 	 63.269554
47.383484 	 59.747314
47.836494 	 61.10176
47.258705 	 61.46519
45.96946 	 60.673466
46.194122 	 63.351482
45.70574 	 66.05658
46.00897 	 72.721924
46.929737 	 72.2695
45.75361 	 68.90058
45.132954 	 68.75578
43.85295 	 65.32065
44.83509 	 59.67985
46.566856 	 66.846016
45.726433 	 72.82196
45.524017 	 53.886074
45.9 	 57.475964
45.9047 	 67.31891
44.698883 	 63.473324
46.281395 	 53.335617
47.87536 	 67.6763
47.444412 	 71.596054
48.35682 	 76.29626
48.442593 	 83.39264
48.95231 	 74.62155
48.65963 	 72.260544
48.040985 	 73.63533
47.334908 	 65.54168
47.07345 	 58.17816
47.55113 	 74.19301
47.654945 	 65.9972
47.567524 	 63.223797
47.421112 	 68.203766
47.631134 	 65.0435
47.83899 	 56.691193
47.90749 	 58.592922
46.58237 	 66.14007
46.17533 	 62.028183
46.193237 	 58.073647
47.23511 	 67.64555
46.881943 	 67.82432
47.06427 	 73.17076
46.973686 	 64.567474
46.18186 	 67.21564
46.47185 	 65.54436
46.248924 	 63.195034
47.38134 	 61.23832
46.17415 	 69.02767
43.85295  -  49.497963 ,  49.881935  -  83.39264
TensorFlow version: 1.13.1
Found 192 images belonging to 1 classes.
50.71894 	 301.1668
50.891464 	 324.24664
50.031372 	 300.65573
50.58232 	 307.73047
52.544937 	 300.3568
49.92623 	 290.417
47.355293 	 325.33984
44.42148 	 342.5638
42.867405 	 308.8891
42.09439 	 317.46344
41.91139 	 311.98242
41.29299 	 343.97815
40.71785 	 299.8892
40.411835 	 297.87268
39.77171 	 302.1238
42.6785 	 270.13434
42.778824 	 243.73863
43.190266 	 278.4355
42.753876 	 275.28714
45.918427 	 281.353
48.11758 	 292.10184
49.88124 	 258.77722
51.631668 	 197.2895
51.89293 	 251.82814
52.16381 	 234.20766
54.13137 	 267.3545
56.02736 	 240.66971
56.984543 	 276.58585
59.501312 	 219.79697
61.385548 	 183.2208
58.52574 	 144.75064
63.776817 	 206.93933
66.24957 	 199.20728
67.5455 	 206.32883
67.53988 	 191.66628
69.760025 	 188.72736
68.621735 	 127.56519
68.62222 	 159.8599
69.510155 	 170.94502
69.75789 	 161.10129
64.30921 	 155.69691
66.40568 	 175.38289
67.34299 	 146.67863
65.731674 	 140.6832
65.1044 	 134.6872
64.00011 	 128.7542
64.72984 	 122.89913
62.126686 	 134.15561
63.765163 	 122.48986
63.170113 	 126.311844
62.434875 	 114.23466
56.9497 	 94.605286
60.048943 	 89.36104
59.296124 	 80.75137
59.469646 	 81.7472
60.92682 	 76.36697
63.796017 	 72.24202
64.13394 	 73.21582
65.195816 	 70.42241
64.71884 	 63.345955
63.783092 	 67.64719
67.531204 	 67.248245
66.84018 	 71.32257
69.5831 	 62.528812
39.77171  -  69.760025 ,  62.528812  -  343.97815
