TensorFlow version: 1.13.1
Found 939 images belonging to 1 classes.
argN = 784
argN = 784
0.43894932 	 1.0686234
0.40531793 	 1.1922995
0.6552935 	 0.7258786
0.57450736 	 0.83899987
0.56737334 	 0.8184169
0.44996393 	 1.1632591
0.36881042 	 0.96067095
0.29945356 	 1.7436358
0.23054147 	 1.7023317
0.34307286 	 1.4274043
0.40167132 	 1.2309462
0.46361417 	 1.3608506
0.41920868 	 1.5151651
0.3770943 	 0.94553304
0.36540744 	 1.4747565
0.35436156 	 1.1970601
0.43401995 	 1.1189299
0.34317544 	 1.4855804
0.4378998 	 1.1113608
0.49482906 	 0.9469759
0.51622015 	 0.9040081
0.47502136 	 0.99317205
0.43904647 	 1.0668082
0.4188688 	 0.84032625
0.49996138 	 1.1106797
0.54291904 	 0.85610485
0.55803984 	 1.096391
0.5359138 	 0.83688986
0.51452106 	 0.99146056
0.43307137 	 0.872632
0.39872706 	 0.9195792
0.42028555 	 1.0212995
0.36477792 	 0.7845443
0.31853443 	 1.9392717
0.33270812 	 1.3746461
0.48723596 	 1.1016262
0.51783985 	 0.6572941
0.7690021 	 0.9023249
0.74617046 	 1.0809903
0.66811866 	 0.89346004
0.7190065 	 0.8513882
0.58267975 	 1.2026973
0.49478078 	 0.8675765
0.47200358 	 1.2439115
0.43507257 	 0.9696848
0.6036999 	 1.2666687
0.63297594 	 0.75279063
0.7696084 	 1.1109008
0.69738835 	 0.917662
0.50730586 	 0.8782921
0.439637 	 0.84320503
0.39825934 	 1.0121379
0.4136863 	 0.8782817
0.2964125 	 0.6740787
0.13844506 	 1.5648956
0.16506769 	 1.9991392
0.18751916 	 1.2790668
0.17418192 	 1.6641786
0.4187282 	 0.98491615
0.44679007 	 0.91054654
0.4020725 	 1.1344962
0.4770429 	 0.9368593
0.43201515 	 1.0077418
0.3958806 	 0.8881578
0.32795465 	 1.1381397
0.37851858 	 0.64906806
0.35207573 	 1.1816219
0.38367087 	 1.3219788
0.2714606 	 1.2848836
0.16853374 	 1.1161627
0.064167865 	 1.7018478
0.06306199 	 1.8072587
0.061465297 	 1.5363681
0.1269096 	 0.82666796
0.65169793 	 0.9205524
0.6374277 	 0.94854474
0.740402 	 0.7584307
0.51858217 	 0.5931273
0.6883383 	 0.9682407
0.5720065 	 1.4173343
0.53421474 	 0.92372155
0.598067 	 0.76375484
0.55979985 	 0.8438363
0.36950162 	 0.91553396
0.23733142 	 1.3510237
0.1918078 	 1.4706439
0.14350207 	 1.2721146
0.10199491 	 1.5066558
0.09087051 	 2.2155137
0.024493868 	 1.4319782
0.061601326 	 1.8438063
0.45496088 	 0.9884163
0.3310757 	 0.8299087
0.32861057 	 0.8710836
0.33585498 	 1.2187485
0.34117 	 1.0627873
0.23891072 	 1.3937407
0.23833247 	 1.4795735
0.2028307 	 1.4130613
0.1963048 	 1.4549907
0.24954121 	 1.8888988
0.39563107 	 0.8399721
0.36967975 	 0.80351526
0.3692116 	 0.8706761
0.3265384 	 0.7325671
0.37810275 	 0.7009339
0.35044622 	 0.94855255
0.3664764 	 0.9073919
0.30324483 	 0.68836653
0.36134222 	 0.77461
0.33720657 	 0.60091037
0.3442049 	 0.8435813
0.3401275 	 0.9218436
0.31902692 	 0.88990253
0.313243 	 0.70137095
0.34632176 	 0.97323877
0.29597437 	 0.580275
0.34521672 	 1.031969
0.34521174 	 1.0264242
0.34238827 	 0.6741231
0.39266664 	 0.8020598
0.354009 	 0.3942168
0.38320208 	 1.0927209
0.35829872 	 1.2315896
0.36479825 	 0.9868082
0.31098893 	 1.1058012
0.33183843 	 0.87155604
0.34256187 	 0.7842216
0.33481693 	 0.46637207
0.31656852 	 0.9729908
0.3155672 	 0.9491907
0.33039612 	 1.2016535
0.30491453 	 1.0676004
0.26919544 	 1.5203816
0.2667083 	 0.9256762
0.25936848 	 1.0685894
0.22178741 	 0.46150455
0.20546083 	 1.6825085
0.19460571 	 1.1809855
0.20185916 	 0.62020487
0.21087152 	 0.7512362
0.22489595 	 1.0698342
0.2150909 	 1.1967634
0.1950194 	 0.81194425
0.21704865 	 0.925507
0.22754817 	 0.9333113
0.19328019 	 1.1576681
0.17961578 	 0.9209063
0.2015657 	 1.2848586
0.19550645 	 1.2119584
0.26258728 	 1.3146243
0.21239614 	 1.2846255
0.22165602 	 0.98815113
0.19658038 	 0.89796853
0.19000742 	 1.2876856
0.18912761 	 1.5059612
0.183762 	 0.5405822
0.15978378 	 0.91823876
0.16450317 	 1.254328
0.17344089 	 0.7891912
0.18116325 	 1.1011659
0.15832558 	 1.0892706
0.1736197 	 1.4039087
0.19628492 	 1.2342443
0.17508683 	 1.0988688
0.19627331 	 0.40854883
0.24809307 	 1.0723697
0.2425775 	 0.46889892
0.24411437 	 1.2624948
0.23096947 	 0.90759575
0.2600532 	 0.92135525
0.25749195 	 1.1952407
0.2720872 	 1.3691926
0.28547335 	 0.8053109
0.26673666 	 0.82336694
0.26453343 	 1.2947574
0.28445646 	 0.6103085
0.26729643 	 0.93279636
0.2764742 	 0.8099252
0.25361586 	 0.9894338
0.26378417 	 0.71964407
0.24881451 	 1.0233375
0.266707 	 0.9433568
0.21313882 	 0.96709335
0.22826505 	 1.192783
0.22349444 	 0.47042152
0.21021327 	 1.4531432
0.23447742 	 1.3964596
0.19512516 	 0.8456011
0.18226923 	 1.0570351
0.18331885 	 0.64386034
0.19563858 	 0.9211806
0.1668232 	 1.1070595
0.21137396 	 0.7740368
0.17810005 	 1.1745805
0.173474 	 1.1030742
0.5535151 	 0.6217998
0.5995173 	 0.7280262
0.4526646 	 0.77466834
0.53760314 	 0.69285625
0.5462627 	 0.71710813
0.5114559 	 0.7783326
0.5282502 	 0.7074216
0.6088232 	 0.6851467
0.5814999 	 0.8704377
0.6156165 	 0.8710056
0.53768295 	 0.80084616
0.49696007 	 0.81770957
0.5412935 	 0.816008
0.56671315 	 0.78585416
0.5339697 	 0.8304199
0.571011 	 0.8791826
0.55331415 	 0.7510939
0.6177371 	 0.7417792
0.6357103 	 0.7905099
0.5413515 	 0.8195781
0.57242775 	 0.73032117
0.5070507 	 0.83474886
0.5144662 	 0.8618768
0.5363273 	 0.76863754
0.5385894 	 0.9585892
0.54466367 	 0.86798304
0.5160301 	 0.8031788
0.5079268 	 0.85227644
0.54971474 	 0.74357235
0.54099584 	 0.9888969
0.5188452 	 1.0115173
0.5380791 	 1.055734
0.62584174 	 0.90605646
0.6441526 	 0.7728097
0.6257231 	 0.7671257
0.59794146 	 0.89322484
0.6636222 	 0.752863
0.50009245 	 0.71989834
0.45837668 	 1.0938501
0.52257586 	 1.0101739
0.5005147 	 0.87484705
0.54253495 	 1.048722
0.5598394 	 1.1460583
0.60931283 	 0.84842706
0.5826597 	 0.80841166
0.6680444 	 0.7974227
0.6098229 	 0.8395494
0.65805656 	 0.8887536
0.60374266 	 0.96028703
0.5963077 	 0.70053834
0.59371674 	 0.8278152
0.59232414 	 0.83871233
0.5701777 	 0.9039723
0.5427507 	 0.9144916
0.5305247 	 1.0174835
0.52014405 	 0.79012215
0.46938336 	 0.9479015
0.5018497 	 0.9295657
0.49764356 	 0.9263109
0.5049981 	 0.72949517
0.46923822 	 0.7874162
0.54833525 	 0.8089925
0.567293 	 0.7476791
0.5755247 	 0.76891965
0.6023633 	 0.7706612
0.5016156 	 0.80676425
0.60235554 	 0.7165625
0.5313898 	 0.69543695
0.54166967 	 0.74016654
0.5485527 	 0.8168791
0.50769734 	 0.77495843
0.5223983 	 0.85875446
0.53095484 	 0.8625497
0.46577105 	 1.1682444
0.5491465 	 0.81278825
0.53485686 	 0.87764096
0.5846447 	 0.68624383
0.49820158 	 0.62558675
0.5040486 	 0.9053881
0.53900605 	 0.7979812
0.5193255 	 0.82965845
0.5304878 	 0.86386657
0.5210513 	 0.6935201
0.46624285 	 0.720492
0.41693592 	 0.85190684
0.406444 	 0.8015329
0.40128112 	 0.71248925
0.38562846 	 0.77588403
0.33210224 	 0.8427632
0.37579817 	 0.79723364
0.33234772 	 0.76500267
0.38752317 	 0.6980731
0.36478245 	 0.70531
0.3724056 	 0.68659014
0.38477746 	 0.6398899
0.3993114 	 0.69175553
0.3842632 	 0.77147084
0.42416194 	 0.65208995
0.39752862 	 0.6348006
0.53770274 	 0.67717886
0.5583036 	 0.81008935
0.556003 	 0.88095784
0.5511574 	 0.94308144
0.5849731 	 1.0515888
0.5242885 	 0.81301427
0.540871 	 0.88925064
0.5621502 	 0.94624573
0.5017203 	 0.837467
0.4186587 	 0.7280739
0.50970393 	 0.8191405
0.54209244 	 0.8015422
0.6501676 	 0.7247816
0.698673 	 0.6872216
0.64200264 	 0.78025407
0.67224085 	 0.77240354
0.658348 	 0.80449814
0.68109405 	 0.84099257
Summary
0.024493868  -  0.7696084 ,  0.3942168  -  2.2155137
accuracy:  99.7
equal predictions:  0
TensorFlow version: 1.13.1
Found 939 images belonging to 1 classes.
argN = 784
argN = 784
0.5652122 	 0.6048672
0.6581384 	 0.62179893
0.5729144 	 0.73359394
0.48148835 	 0.6653495
0.43009344 	 0.62714005
0.43606225 	 0.743415
0.48757017 	 0.618301
0.28254646 	 1.044884
0.29178435 	 0.35170186
0.28392094 	 1.0388323
0.27672365 	 0.6831538
0.46701708 	 0.65903956
0.54692924 	 0.694063
0.52634335 	 0.72215205
0.63072824 	 0.58553034
0.62672704 	 0.7442078
0.62030077 	 0.72141665
0.64826804 	 0.5569228
0.6389608 	 0.84087455
0.5210782 	 0.6975728
0.553746 	 0.8137663
0.45558167 	 0.8454942
0.42893574 	 0.7284491
0.40906104 	 0.9288524
0.3899627 	 0.63063663
0.39185083 	 0.61751133
0.35224375 	 0.98724174
0.29557443 	 0.74872684
0.31377912 	 0.48870686
0.35897782 	 0.7945359
0.52005553 	 0.7926271
0.59509796 	 0.6068897
0.5280644 	 0.63650125
0.6510076 	 0.6988857
0.59524405 	 0.5321209
0.5507454 	 0.7529297
0.54884446 	 0.579769
0.5336858 	 0.6983339
0.4199103 	 0.62994325
0.4571822 	 0.7398691
0.4711503 	 0.74915946
0.50721204 	 0.727968
0.67667687 	 0.60518074
0.65600485 	 0.7489581
0.5223503 	 0.7048219
0.5393499 	 0.58423865
0.6856115 	 0.62054694
0.532034 	 0.8569277
0.47793698 	 0.6613738
0.4635484 	 0.62383187
0.47556716 	 0.5546528
0.22953573 	 1.1424401
0.20460139 	 1.037801
0.17814778 	 0.650994
0.31700796 	 0.5425135
0.42189062 	 0.8338132
0.43998548 	 0.5260175
0.44485065 	 0.91036355
0.574533 	 0.8901297
0.5883782 	 0.7462734
0.6204993 	 0.58613455
0.53575677 	 0.5662964
0.42318425 	 0.67026496
0.30673736 	 0.56293166
0.28206983 	 0.5558714
0.24309239 	 0.5144455
0.1690094 	 0.3750951
0.22447935 	 0.71373856
0.2895794 	 0.7272803
0.27995127 	 0.7460318
0.44065815 	 0.9862169
0.5203723 	 0.6497381
0.41798183 	 0.9015388
0.6227152 	 0.60609204
0.6288333 	 0.59447986
0.54405123 	 0.7121304
0.52187943 	 0.666649
0.5241134 	 0.63527316
0.5820757 	 0.61660385
0.5636221 	 0.595508
0.5420693 	 0.7765636
0.4225965 	 0.6950142
0.6247966 	 0.68080914
0.59771603 	 0.67204523
0.44262138 	 0.70977366
0.45872062 	 0.57198197
0.4500765 	 0.7844416
0.43523 	 0.7839858
0.30357438 	 0.71080774
0.24810101 	 0.5022225
0.20531583 	 0.669714
0.47672275 	 0.6458157
0.46311602 	 0.58147955
0.5085037 	 0.6863474
0.54819655 	 0.67937005
0.57404864 	 0.812248
0.56192845 	 0.5990402
0.5565683 	 0.7763099
0.62536395 	 0.79448587
0.6139443 	 0.7417756
0.44833523 	 0.50152653
0.49935672 	 0.6835927
0.40649083 	 0.7421665
0.26685145 	 1.0553728
0.22651786 	 0.451779
0.26036322 	 0.8394353
0.3238453 	 0.703513
0.33312935 	 0.81613684
0.28166392 	 0.7472965
0.31453535 	 0.8187256
0.3382789 	 1.0568227
0.5928775 	 0.674161
0.5034625 	 0.71679926
0.5756052 	 0.6654846
0.5685133 	 0.7338133
0.59580785 	 0.7103099
0.55458844 	 0.79574084
0.54229265 	 0.8547112
0.58189946 	 0.7859113
0.57651365 	 0.7702358
0.5908598 	 0.7017798
0.561228 	 0.76902205
0.49572363 	 0.6833476
0.5030681 	 0.57344097
0.5630337 	 0.8146056
0.5589825 	 0.7616583
0.5105999 	 0.6056057
0.5006005 	 0.47739562
0.5435544 	 0.56666136
0.5336769 	 0.6164782
0.50987405 	 0.52820295
0.51283884 	 0.75870717
0.5101524 	 0.5675367
0.5001877 	 0.78368974
0.54425687 	 0.6140096
0.50571615 	 0.9497648
0.5245045 	 0.8858755
0.50237703 	 0.90471387
0.4876022 	 0.52727485
0.5224969 	 0.5114486
0.45995045 	 0.67776966
0.44742453 	 0.7309448
0.42049447 	 0.55791163
0.40046847 	 0.43763036
0.39720845 	 0.653884
0.4008906 	 0.6679759
0.37135294 	 0.6215895
0.3274188 	 0.66343486
0.35416722 	 0.649272
0.33526814 	 0.815921
0.32725286 	 0.45342985
0.33338687 	 0.5559936
0.32624483 	 0.6732195
0.31493193 	 0.99908966
0.30779532 	 0.79236853
0.29787016 	 0.74112713
0.28581834 	 0.60289913
0.3197515 	 0.5008355
0.28534815 	 0.81155986
0.28950247 	 0.76913005
0.27927858 	 0.7471269
0.28350744 	 0.5124729
0.27943102 	 0.98732
0.2886997 	 0.4517499
0.24941055 	 0.6362165
0.26668224 	 0.55393064
0.26846486 	 0.5490009
0.27209955 	 1.0452962
0.2472359 	 0.46286148
0.2914006 	 0.9764179
0.2833318 	 0.39364126
0.27335352 	 0.6010841
0.25229666 	 1.0368422
0.2561349 	 0.8378246
0.26320913 	 0.69476223
0.26635405 	 0.7282492
0.25901836 	 0.45193183
0.29382917 	 0.780024
0.26890925 	 0.781131
0.30475736 	 0.79374343
0.24971035 	 0.62684876
0.28057683 	 0.8483875
0.26672894 	 0.7121371
0.2518621 	 0.72267157
0.2893875 	 0.67215633
0.28085527 	 0.37695464
0.2878675 	 0.75552064
0.28173962 	 0.95599777
0.29640022 	 0.39899066
0.2744556 	 0.68214756
0.2794719 	 0.38305852
0.31177473 	 0.9724035
0.3090969 	 0.5435893
0.28943735 	 0.63065016
0.29871795 	 0.6176277
0.2981557 	 1.133912
0.29945114 	 0.8435851
0.2875098 	 0.56771594
0.36378118 	 0.8989124
0.3422016 	 0.63582736
0.3568647 	 0.7215502
0.3166311 	 0.7658319
0.31647125 	 0.74597776
0.3031115 	 0.92407364
0.3241825 	 0.6562899
0.33447057 	 0.6457166
0.31230697 	 1.0150311
0.30236167 	 0.429378
0.24890424 	 0.848581
0.24735321 	 0.48287034
0.2372266 	 0.85576284
0.21186101 	 0.6190237
0.20860319 	 0.9522466
0.5596047 	 0.6453621
0.5889201 	 0.6215744
0.5749244 	 0.6756708
0.5658085 	 0.6318493
0.52897704 	 0.677969
0.5220603 	 0.82514256
0.49388346 	 0.6367401
0.51365656 	 0.67687625
0.5250106 	 0.60208213
0.49588785 	 0.6965143
0.5093601 	 0.63743234
0.5079623 	 0.5435623
0.53521913 	 0.63325334
0.54613155 	 0.5916484
0.49172303 	 0.6726771
0.4192984 	 0.57712966
0.46917886 	 0.628971
0.43317467 	 0.71577144
0.5087518 	 0.60105884
0.6212374 	 0.60928196
0.5891732 	 0.6808173
0.55767334 	 0.5974765
0.58558804 	 0.6976438
0.5935912 	 0.6075299
0.6026222 	 0.68697846
0.56860375 	 0.6195164
0.58830035 	 0.62641585
0.55772686 	 0.7704154
0.70517075 	 0.6756947
0.6463084 	 0.6564406
0.5086192 	 0.5262725
0.49793753 	 0.79508924
0.47890648 	 0.643022
0.44513473 	 0.7058167
0.50778294 	 0.60675555
0.5688724 	 0.7690066
0.51445025 	 0.638611
0.5193114 	 0.7754831
0.53667057 	 0.8241927
0.5701313 	 0.62493783
0.5922431 	 0.64594036
0.48760986 	 0.7766649
0.40709665 	 0.75402826
0.41677764 	 0.5413691
0.42877033 	 0.53281444
0.48824328 	 0.65817237
0.53108704 	 0.6651982
0.48703736 	 0.6767381
0.6132816 	 0.60404295
0.6006532 	 0.6934305
0.5172236 	 0.64271027
0.525066 	 0.71685857
0.46391013 	 0.5477558
0.50692266 	 0.5853247
0.46588936 	 0.58818454
0.47396848 	 0.7376336
0.5078711 	 0.6142775
0.51343995 	 0.5278965
0.45586616 	 0.6202434
0.54961634 	 0.7366724
0.5439469 	 0.64146084
0.55921185 	 0.6617119
0.5641189 	 0.6747493
0.51534945 	 0.6283601
0.5367087 	 0.62915915
0.5883087 	 0.6514488
0.57952946 	 0.56050277
0.5282461 	 0.66217315
0.5446968 	 0.63699067
0.46553925 	 0.6838024
0.45164174 	 0.61928594
0.46823356 	 0.64218616
0.4407417 	 0.6209681
0.43890512 	 0.63899195
0.4729778 	 0.73546696
0.46062365 	 0.7572747
0.47490636 	 0.685532
0.4491346 	 0.687713
0.4505166 	 0.59741855
0.41234368 	 0.6864743
0.4286833 	 0.65024436
0.4596982 	 0.7219077
0.48533008 	 0.61145717
0.46687466 	 0.6572425
0.47694746 	 0.6121726
0.58757883 	 0.7330189
0.5619021 	 0.5703715
0.552724 	 0.6233457
0.5454017 	 0.68401015
0.55721766 	 0.5806735
0.58029777 	 0.63068277
0.5250277 	 0.7537469
0.5105646 	 0.60162896
0.5407019 	 0.59808064
0.58145064 	 0.66557634
0.60815394 	 0.75229686
0.57178867 	 0.68753344
0.5792226 	 0.69427687
0.59476197 	 0.6353822
0.5877584 	 0.62162244
Summary
0.1690094  -  0.70517075 ,  0.35170186  -  1.1424401
accuracy:  95.2
equal predictions:  0
TensorFlow version: 1.13.1
Found 939 images belonging to 1 classes.
argN = 784
argN = 784
0.4088319 	 0.6961224
0.5273958 	 0.6398232
0.5767889 	 0.7283392
0.52721685 	 0.6305045
0.49059194 	 0.6116642
0.49239963 	 0.5381955
0.4787747 	 0.637022
0.4821847 	 0.62951124
0.47542265 	 0.6643933
0.40592045 	 0.5673805
0.46216965 	 0.75228006
0.5015808 	 0.59608483
0.40185776 	 0.78320765
0.45204312 	 0.7400676
0.45869422 	 0.7819336
0.5222984 	 0.72464055
0.64104027 	 0.7779417
0.6242023 	 0.752306
0.5056361 	 0.5847495
0.51706266 	 0.6148318
0.5641423 	 0.6076597
0.55209595 	 0.6986785
0.63530487 	 0.63535076
0.45476887 	 0.672183
0.48904234 	 0.6251073
0.52120167 	 0.50767815
0.5654544 	 0.6386575
0.47430506 	 0.6659523
0.48016885 	 0.753609
0.4763791 	 0.69240314
0.4251652 	 0.6445695
0.41233596 	 0.6241366
0.582318 	 0.7089286
0.5667462 	 0.7009459
0.59003705 	 0.7147071
0.56721944 	 0.60156673
0.58661336 	 0.6656141
0.49279606 	 0.69774705
0.48239768 	 0.7357229
0.51451635 	 0.67144334
0.5000962 	 0.5906242
0.543814 	 0.52918714
0.5344487 	 0.6344651
0.5711624 	 0.6594168
0.5668264 	 0.65541923
0.62033945 	 0.84758586
0.559238 	 0.49917445
0.5754611 	 0.6813372
0.5827368 	 0.66516864
0.54417753 	 0.56710446
0.514898 	 0.6771558
0.5124393 	 0.66816026
0.502321 	 0.8768469
0.5328429 	 0.66986305
0.5875179 	 0.649367
0.60678464 	 0.65576434
0.3033141 	 0.6860491
0.42210424 	 0.5462561
0.8156151 	 0.6131632
0.80369353 	 0.6065131
0.7175268 	 0.62628627
0.431565 	 0.6503647
0.33122545 	 0.717352
0.33019385 	 0.72006154
0.47243607 	 0.63821363
0.46260083 	 0.75415915
0.4274833 	 0.67372906
0.6137911 	 0.6606732
0.26847765 	 0.5930379
0.45900166 	 0.5627478
0.42288452 	 0.63912207
0.47153392 	 0.67814445
0.4472035 	 0.6076079
0.487415 	 0.64010763
0.5005251 	 0.71423656
0.50384516 	 0.6684788
0.5525557 	 0.81160563
0.51868474 	 0.67491996
0.47395113 	 0.5847214
0.44877303 	 0.51273656
0.42036796 	 0.68477106
0.392209 	 0.8271048
0.31852442 	 0.67936176
0.2938592 	 0.6350999
0.4322974 	 0.620918
0.35392034 	 0.7574801
0.2844446 	 0.5612865
0.4530862 	 0.8026622
0.4615424 	 0.8949511
0.43512857 	 0.75771916
0.43562475 	 0.8435859
0.4351644 	 0.66676056
0.36284885 	 0.78083104
0.43474883 	 0.62989837
0.4669744 	 0.83535945
0.40550664 	 0.6583462
0.42162454 	 0.75295395
0.45038393 	 0.7112443
0.43344402 	 0.7130035
0.40963995 	 0.8067112
0.43965876 	 0.7223292
0.44715092 	 0.72619003
0.47803032 	 0.67557126
0.4717931 	 0.6585371
0.5194376 	 0.6977399
0.473853 	 0.6120757
0.4798653 	 0.6601478
0.46917284 	 0.63913107
0.50498545 	 0.5754823
0.43052155 	 0.6156698
0.489883 	 0.63945526
0.4553932 	 0.57641906
0.4291514 	 0.66747
0.37182468 	 0.60336536
0.44125214 	 0.65750057
0.40436098 	 0.49271178
0.3621002 	 0.543175
0.37331426 	 0.5595097
0.42585737 	 0.5493655
0.3744354 	 0.6660439
0.34348026 	 0.6258735
0.36962023 	 0.5706592
0.34260798 	 0.5480926
0.34806293 	 0.5466125
0.3786613 	 0.5671138
0.34682062 	 0.5363655
0.35541606 	 0.6320076
0.33433086 	 0.5525534
0.33593538 	 0.7333819
0.37238044 	 0.56958055
0.3790838 	 0.56234485
0.33966655 	 0.69913733
0.40489483 	 0.5732465
0.42517614 	 0.6060806
0.3952878 	 0.50507647
0.39052346 	 0.64635235
0.40414497 	 0.6651539
0.36146492 	 0.5597572
0.40580505 	 0.45876777
0.41005483 	 0.7529842
0.41256446 	 0.59555995
0.40633342 	 0.59777653
0.3579254 	 0.5139573
0.3693894 	 0.5516004
0.3663124 	 0.5706742
0.35556898 	 0.5189081
0.34730124 	 0.57449806
0.35162356 	 0.44526756
0.38330588 	 0.5275583
0.40199426 	 0.6524021
0.36099154 	 0.66000825
0.35004848 	 0.54027665
0.3388992 	 0.596855
0.33295396 	 0.775691
0.30381697 	 0.5302232
0.3334243 	 0.51188284
0.3209708 	 0.45242208
0.3605596 	 0.48270923
0.3327086 	 0.5053262
0.33435383 	 0.521689
0.33329836 	 0.5117301
0.30581227 	 0.4777064
0.33257177 	 0.54670227
0.3403879 	 0.47016186
0.31056342 	 0.6148675
0.3626947 	 0.5440021
0.39715296 	 0.5066723
0.3881532 	 0.49140906
0.4106383 	 0.5335806
0.38406143 	 0.5422745
0.39765325 	 0.45243108
0.39173776 	 0.61033726
0.3998743 	 0.5408205
0.3812143 	 0.6863082
0.40522745 	 0.66137993
0.4043367 	 0.91434926
0.4176729 	 0.561463
0.3797646 	 0.6973631
0.33299503 	 0.6648323
0.37356433 	 0.49374253
0.3916787 	 0.60791856
0.3849324 	 0.734542
0.38623536 	 0.60655665
0.35670817 	 0.68102735
0.3731501 	 0.5361447
0.3271557 	 0.67228544
0.3466584 	 0.47838455
0.3359404 	 0.6100419
0.3032224 	 0.47015765
0.2989437 	 0.4074424
0.30001885 	 0.46419463
0.48313835 	 0.50903875
0.42156547 	 0.5304041
0.4118233 	 0.5416433
0.4111499 	 0.6705036
0.42752486 	 0.6589944
0.4538173 	 0.66207397
0.52568614 	 0.68014777
0.5169263 	 0.66234463
0.51858425 	 0.59843904
0.50509524 	 0.5209632
0.5020665 	 0.55934125
0.51975167 	 0.6360466
0.4944043 	 0.4876087
0.5053411 	 0.52271974
0.4921586 	 0.55302376
0.4572484 	 0.615438
0.4680686 	 0.5923168
0.48146006 	 0.62588674
0.50352675 	 0.692566
0.46384576 	 0.6198716
0.47362757 	 0.6313704
0.5035901 	 0.57018167
0.4922395 	 0.57485944
0.54745364 	 0.56009066
0.4827351 	 0.59290266
0.49411908 	 0.64613146
0.48223123 	 0.62406546
0.4406654 	 0.6238667
0.44035795 	 0.5208529
0.43578804 	 0.60049224
0.50207657 	 0.5135084
0.43195546 	 0.56459475
0.35936642 	 0.49541426
0.37410054 	 0.5240653
0.323885 	 0.4706263
0.40369067 	 0.4322547
0.3913849 	 0.4397139
0.36995703 	 0.49701965
0.32812065 	 0.41571087
0.32323292 	 0.39595038
0.3348581 	 0.56919515
0.30545706 	 0.5213936
0.3525917 	 0.41893968
0.35706535 	 0.5527359
0.3786802 	 0.54198384
0.4307594 	 0.5615245
0.44362292 	 0.52033466
0.47746164 	 0.5911409
0.4218299 	 0.6385514
0.4066574 	 0.5804273
0.4508634 	 0.5524018
0.42641458 	 0.6238393
0.42423663 	 0.60556966
0.42346948 	 0.62189025
0.49721855 	 0.5186118
0.48128733 	 0.58011276
0.43563136 	 0.5072095
0.39866605 	 0.52407116
0.44343603 	 0.548809
0.4610555 	 0.5307317
0.46285513 	 0.57485086
0.4457013 	 0.49628967
0.44894466 	 0.5644959
0.43874666 	 0.7112991
0.4112575 	 0.59637094
0.43617362 	 0.50294745
0.44405678 	 0.6025362
0.40823847 	 0.6107864
0.43427998 	 0.5732636
0.44682696 	 0.51381236
0.4605661 	 0.5471884
0.4463604 	 0.5321921
0.46884093 	 0.54647064
0.45124042 	 0.6474031
0.41674438 	 0.5864761
0.4657192 	 0.4677042
0.48005235 	 0.5882209
0.47020343 	 0.5012933
0.47453573 	 0.64620423
0.39146823 	 0.5242177
0.3662298 	 0.48542294
0.35639742 	 0.4696149
0.4591856 	 0.50101966
0.426512 	 0.4994841
0.41506198 	 0.72148424
0.4007722 	 0.53825253
0.34559596 	 0.5881183
0.34432635 	 0.512108
0.35731396 	 0.6028354
0.3017101 	 0.61855143
0.33394846 	 0.5678766
0.27403954 	 0.5607807
0.3136579 	 0.6384907
0.3380632 	 0.54799354
0.46971908 	 0.7741878
0.49909973 	 0.70556754
0.5403605 	 0.85717106
0.5171923 	 0.72778076
0.55484563 	 0.70963585
0.54006714 	 0.7992353
0.5341538 	 0.7759547
0.49665523 	 0.6240047
0.50190383 	 0.6682813
0.4888264 	 0.76994634
0.4748914 	 0.69780564
0.39633816 	 0.5317976
0.36817703 	 0.60328865
0.3615556 	 0.43993217
0.35213143 	 0.52031153
0.35407296 	 0.51159817
0.37275842 	 0.49037954
0.36707538 	 0.73144484
0.39258668 	 0.48370987
0.3863794 	 0.42950612
0.36255553 	 0.4829884
0.40720654 	 0.5256381
0.4190583 	 0.5435104
0.39344266 	 0.48983932
0.421841 	 0.38718742
0.44078615 	 0.6121148
0.4095177 	 0.57566035
0.42426723 	 0.48687527
Summary
0.26847765  -  0.8156151 ,  0.38718742  -  0.91434926
accuracy:  97.4
equal predictions:  0
TensorFlow version: 1.13.1
Found 939 images belonging to 1 classes.
argN = 784
argN = 784
0.616002 	 0.85745555
0.6928901 	 1.0773239
0.6558388 	 1.0423616
0.58239377 	 1.1408919
0.31850344 	 1.0944915
0.3930228 	 1.2068456
0.19168463 	 1.6730598
0.2096679 	 1.4000959
0.23870714 	 1.5178028
0.20538631 	 1.0500343
0.22950506 	 0.9213828
0.19101283 	 1.1207439
0.368602 	 1.1272736
0.38449395 	 1.0843717
0.39867714 	 0.9604716
0.32524556 	 1.2698594
0.243163 	 1.0229326
0.20346783 	 1.0287522
0.22333033 	 1.1884166
0.23478048 	 1.0384331
0.06778883 	 1.0251844
0.06898859 	 1.0751724
0.059041988 	 1.3579303
0.055004332 	 1.4835283
0.055482488 	 1.1870502
0.04807651 	 1.3815275
0.07270035 	 1.0566487
0.21981391 	 1.2829471
0.5336835 	 0.9432639
0.54809314 	 0.66107047
0.505408 	 0.9599947
0.55853385 	 1.0289552
0.46387506 	 0.98352176
0.31246713 	 1.2838883
0.52063286 	 1.1080692
0.508483 	 1.0324854
0.47963157 	 1.1105646
0.60291976 	 1.2938902
0.21024232 	 1.1463772
0.41880193 	 0.9899316
0.23384449 	 1.1787364
0.13017242 	 1.2471511
0.10825429 	 1.5482866
0.12595293 	 1.251564
0.13754131 	 1.1695795
0.1565709 	 1.0721357
0.32561457 	 1.0870756
0.3083441 	 1.4298961
0.2956273 	 0.95426136
0.32166293 	 0.9023904
0.25430325 	 0.91016805
0.16297397 	 0.9648133
0.15889366 	 1.4863588
0.12543006 	 1.0425259
0.0487078 	 0.99597275
0.021920959 	 1.1037277
0.029801162 	 0.986327
0.05213773 	 1.6155767
0.1479891 	 1.2654321
0.4121316 	 0.8965723
0.5169047 	 0.96986747
0.50634074 	 0.98332113
0.4982002 	 0.739742
0.5147484 	 1.0705943
0.3409154 	 0.9428744
0.3548274 	 1.1264985
0.3935188 	 1.2728102
0.25467643 	 1.2710453
0.36684534 	 1.0416092
0.47479844 	 0.8189858
0.41235223 	 1.0339322
0.2807312 	 1.207978
0.23449649 	 1.2262185
0.37892935 	 1.1897831
0.25059628 	 1.0912702
0.40289152 	 0.94697547
0.2945366 	 1.0886048
0.29423305 	 0.90135556
0.1974466 	 0.92182803
0.16300286 	 1.0997728
0.12884913 	 1.4471935
0.12189754 	 1.2668294
0.11904332 	 1.179038
0.12776978 	 1.467663
0.12470503 	 1.3413472
0.13205463 	 1.0007626
0.19186479 	 1.0908666
0.1694036 	 1.1683989
0.19334787 	 0.8157132
0.15655689 	 0.9251033
0.18176354 	 1.1008824
0.20313658 	 1.1689873
0.1914955 	 0.8827246
0.17304496 	 0.9303851
0.19080839 	 0.7863253
0.18236306 	 1.1337795
0.17280574 	 0.7087477
0.17542191 	 0.76198035
0.16661623 	 1.005547
0.1948231 	 0.9679656
0.16950513 	 0.9044938
0.13631774 	 0.8027001
0.11594459 	 1.1427299
0.15001126 	 0.86587834
0.15688735 	 0.83474463
0.14110787 	 0.7557152
0.16902423 	 0.9329626
0.20782939 	 1.0729936
0.20131746 	 1.0810552
0.21168143 	 0.6287179
0.20555043 	 0.69599795
0.21067084 	 0.8965715
0.2676949 	 1.0378171
0.25071546 	 0.78689164
0.27164623 	 1.0788981
0.2514372 	 0.9059342
0.22483177 	 0.8566437
0.2440974 	 0.8542369
0.2591379 	 0.909305
0.181862 	 0.8232371
0.21406448 	 1.0856127
0.21312039 	 1.0411848
0.17198092 	 0.7190755
0.14075726 	 1.0287693
0.15002567 	 1.2393512
0.15602016 	 1.0500636
0.16532601 	 0.9784333
0.14069024 	 0.9970481
0.119620554 	 0.8586674
0.101896435 	 0.94951415
0.12915327 	 1.06884
0.10762948 	 0.76207536
0.13077675 	 0.8675772
0.12565827 	 0.9346595
0.1104944 	 0.8427918
0.09820504 	 1.1428794
0.098199844 	 1.139528
0.09721512 	 0.9063652
0.12926248 	 1.1414323
0.1300883 	 1.0665772
0.12577893 	 1.2150786
0.12498974 	 1.1283181
0.13448927 	 1.1558607
0.12582421 	 0.98416215
0.1295459 	 0.92083806
0.14678279 	 1.031428
0.13477528 	 1.0033267
0.14232288 	 0.88792634
0.13055871 	 1.0474774
0.1131773 	 1.1224918
0.11518667 	 0.7756214
0.1334517 	 0.89636004
0.11852379 	 0.84275275
0.11719184 	 1.1945298
0.12507235 	 0.81175715
0.12558448 	 1.2939723
0.1447687 	 0.8759177
0.17530143 	 1.0204412
0.17263687 	 1.0337477
0.1899799 	 1.0174116
0.19198574 	 1.012692
0.1896757 	 0.88895726
0.1691685 	 0.98738545
0.15938686 	 0.8794352
0.18965504 	 0.9865935
0.17296743 	 0.94615096
0.17148927 	 0.7955326
0.18029875 	 0.79850584
0.21838665 	 0.7597641
0.2252616 	 0.77446836
0.23094349 	 0.8653068
0.22704317 	 0.9537931
0.20392679 	 0.7653315
0.23380902 	 0.7347617
0.20491104 	 0.9910282
0.20823537 	 1.0686938
0.21930693 	 1.0149878
0.18213212 	 0.98293865
0.18071419 	 0.63516885
0.21149258 	 0.9509871
0.2001576 	 0.855299
0.21189983 	 0.89912283
0.17515983 	 0.8679285
0.1966903 	 0.86872035
0.18342268 	 0.8260383
0.19770022 	 0.9648685
0.19246012 	 0.9344463
0.16096744 	 1.3456719
0.1629499 	 0.95586693
0.12481415 	 0.6542294
0.15329501 	 0.9907898
0.14794789 	 0.98186547
0.14305386 	 0.62653327
0.16939901 	 0.8504166
0.13607194 	 1.0062749
0.16904442 	 0.8086585
0.50082415 	 0.7479571
0.5508492 	 0.8974711
0.5074134 	 0.83370423
0.43143523 	 0.5875881
0.45441493 	 0.7762731
0.454523 	 0.8489933
0.44833487 	 1.0494016
0.43056738 	 0.87163144
0.33812124 	 0.6249599
0.3224787 	 1.0645503
0.31326917 	 0.9376956
0.33189458 	 0.8510001
0.34446773 	 0.5821757
0.3450026 	 0.7027432
0.37089932 	 0.9054786
0.37437108 	 1.1465918
0.459149 	 0.942132
0.43367025 	 0.87580365
0.4885069 	 0.789067
0.44768518 	 0.883859
0.3484737 	 0.82234985
0.3411316 	 0.8986123
0.3416054 	 0.96526015
0.38373262 	 0.9601374
0.38845903 	 1.0170972
0.39613363 	 1.0917095
0.4045573 	 1.0213046
0.42820174 	 0.83667
0.44252357 	 0.77081174
0.4235701 	 0.84915257
0.53302425 	 0.99078333
0.6220247 	 0.7440556
0.6165966 	 0.7886331
0.6146208 	 1.0323595
0.4800935 	 1.0181179
0.51816916 	 0.8462565
0.4669468 	 0.7322078
0.5050362 	 0.6489143
0.42927957 	 0.6138356
0.522185 	 0.63579994
0.54418534 	 0.75427634
0.49267977 	 1.2754612
0.4529844 	 0.8076406
0.40460357 	 0.9030799
0.40144145 	 0.9306714
0.37508342 	 0.9711466
0.4239255 	 0.90146667
0.37090147 	 0.8553217
0.37360287 	 1.3183136
0.38294443 	 0.8670075
0.37767622 	 0.8018747
0.39143974 	 1.2602717
0.3790408 	 0.5437519
0.358808 	 0.8635974
0.4179917 	 1.0616454
0.4218589 	 0.60098016
0.43376222 	 0.5643781
0.43697676 	 0.96676683
0.4566772 	 0.82198244
0.43903556 	 0.9462391
0.4304746 	 0.7877132
0.42184153 	 0.8832857
0.42555255 	 0.74836594
0.42479706 	 0.6448415
0.41888803 	 0.73726135
0.42065278 	 0.7328222
0.4318266 	 0.7395881
0.44586673 	 0.73262906
0.4356898 	 0.96009445
0.47100633 	 0.96871704
0.4233592 	 1.0169008
0.39681634 	 0.77266294
0.3419225 	 0.95461756
0.3478773 	 0.8594423
0.3133282 	 0.9466766
0.3188497 	 1.1269213
0.26643386 	 1.1773392
0.2889811 	 0.8733502
0.23274794 	 0.9090632
0.26003394 	 0.86196315
0.27949604 	 1.0754366
0.2692936 	 0.6868884
0.29976398 	 0.90202045
0.30428374 	 0.62213844
0.36664268 	 0.8182557
0.3909638 	 0.79503274
0.3820779 	 0.7167453
0.37917483 	 0.86978215
0.3698806 	 0.6211804
0.3836154 	 0.8393593
0.39904502 	 0.7646975
0.3911417 	 0.6512969
0.37592626 	 0.91775787
0.38710576 	 0.7498619
0.39444625 	 0.850513
0.38746855 	 0.7476473
0.40326762 	 1.1582428
0.40867943 	 0.9311778
0.38760906 	 0.75972545
0.3521478 	 0.767731
0.34691226 	 0.61198616
0.3814179 	 0.7350794
0.3264848 	 0.97973883
0.39944354 	 0.85426235
0.4265343 	 1.0084382
0.5116605 	 0.8240855
0.54633105 	 0.78600013
0.50008816 	 0.9190419
0.51282704 	 0.7920645
0.49741438 	 0.6853363
0.47837204 	 1.1032515
0.46147242 	 0.9183205
0.43356982 	 0.771339
0.4231137 	 0.7738951
0.43934333 	 0.86416453
0.44889197 	 0.9868705
0.4358509 	 0.87773705
Summary
0.021920959  -  0.6928901 ,  0.5437519  -  1.6730598
accuracy:  100.0
equal predictions:  0
