TensorFlow version: 1.13.1
Found 939 images belonging to 1 classes.
argN = 784
argN = 784
0.12969422 	 3.1480694
0.13790153 	 2.491376
0.40811914 	 2.6390088
0.26493403 	 2.5027559
0.22227934 	 2.2562833
0.09213189 	 3.0525267
0.084317565 	 3.7027767
0.053579405 	 3.6198397
0.043075997 	 2.5427616
0.038710393 	 2.8241425
0.10625375 	 1.9544688
0.0376989 	 2.4819145
0.115162395 	 2.2077475
0.052476123 	 2.440188
0.038617957 	 2.2578044
0.09172232 	 3.1378226
0.093610704 	 2.1105516
0.10630248 	 2.418771
0.09498762 	 2.7303376
0.27373973 	 1.8761604
0.07404651 	 2.3333247
0.07938364 	 2.811661
0.04834278 	 1.9081007
0.022536254 	 2.5320852
0.018035552 	 2.9103625
0.010255531 	 3.3680272
0.0128361145 	 3.0530646
0.011880297 	 2.8320024
0.015045065 	 2.7539413
0.029643541 	 2.5659783
0.14493433 	 2.169586
0.25761294 	 2.098504
0.21196164 	 2.5281093
0.20415375 	 2.9275172
0.26384687 	 2.4570303
0.37217364 	 2.0579777
0.38020515 	 1.7576172
0.12313519 	 2.6160278
0.12687488 	 3.2874036
0.040412318 	 2.7937765
0.041669134 	 2.7343645
0.023422197 	 4.503533
0.027149659 	 2.2262945
0.036366515 	 3.5297134
0.04634627 	 2.2424505
0.057817537 	 2.8690789
0.037732817 	 3.6122983
0.0294512 	 3.1971242
0.041390162 	 1.9395784
0.049429983 	 2.271399
0.042312186 	 2.7590463
0.044240404 	 2.411733
0.04026251 	 1.8400412
0.08865832 	 2.9459662
0.092474155 	 2.3347647
0.047438115 	 2.9119642
0.027551018 	 2.3200147
0.012881336 	 2.59173
0.019317769 	 2.2137084
0.020618243 	 2.9279046
0.0038328215 	 3.026783
0.019101946 	 3.8313136
0.028163962 	 2.4159899
0.07043131 	 3.0056639
0.04573512 	 2.7352839
0.20535675 	 2.7091804
0.2132983 	 2.5511794
0.06708183 	 2.188358
0.107629545 	 2.5090103
0.18561015 	 2.2616584
0.2251985 	 2.743675
0.04950094 	 1.5532143
0.09914334 	 1.5352333
0.18883815 	 2.199697
0.18895061 	 2.0983407
0.1810876 	 1.7517962
0.016685395 	 3.0592468
0.023216285 	 2.9476657
0.023198593 	 3.0000188
0.1630195 	 1.8151028
0.22572178 	 1.5215504
0.10762165 	 2.1286151
0.09131676 	 2.1646585
0.070354246 	 2.5664556
0.07313407 	 2.400201
0.047187082 	 2.5186486
0.018016433 	 2.7285528
0.024531921 	 2.3404536
0.027539682 	 2.616265
0.016689334 	 2.5176082
0.028448286 	 2.880407
0.007653782 	 3.2951944
0.010255472 	 2.2477703
0.012508514 	 2.6424108
0.027149966 	 2.881168
0.026692018 	 1.6190723
0.016084228 	 1.7668167
0.03620359 	 2.1912432
0.02714678 	 0.75527036
0.023140399 	 2.492951
0.031089896 	 1.3231561
0.02101918 	 1.1060055
0.018024141 	 0.82014114
0.016393915 	 0.97151655
0.020752296 	 0.9924331
0.012071218 	 1.5590467
0.029676145 	 1.7444909
0.013185262 	 1.3241016
0.026565429 	 1.309014
0.019314973 	 1.5467237
0.016707579 	 2.6944683
0.015423434 	 1.8726729
0.018015038 	 1.7068912
0.020436572 	 2.833241
0.024532167 	 1.5696635
0.024528319 	 1.1911706
0.013522327 	 2.094805
0.015572109 	 1.0545671
0.016994542 	 2.3416483
0.015382335 	 1.276472
0.0064282357 	 1.2039448
0.014128968 	 2.2468443
0.01162543 	 1.2752124
0.009468658 	 1.6164149
0.014128968 	 1.2379209
0.006395062 	 1.4828117
0.0063218805 	 1.457367
0.012957898 	 1.728357
0.001275339 	 1.426991
0.01154499 	 1.5852436
0.01154499 	 2.0199
0.010104514 	 1.5147711
0.008967673 	 1.199566
0.01154499 	 1.8025322
0.008967673 	 1.9074489
0.00511408 	 2.848014
0.0066291587 	 1.5884364
0.0128361145 	 1.4654019
0.01154499 	 2.129917
0.011028381 	 2.6806846
0.010255531 	 3.1372004
0.011541915 	 0.9029254
0.013107173 	 1.7453266
0.010255472 	 1.6143585
0.0076814713 	 1.3397149
0.016913306 	 1.989775
0.016704304 	 1.2952361
0.010255231 	 1.7914158
0.0076814713 	 1.1669089
0.0051149186 	 1.6529294
0.003832642 	 1.604404
0.01208974 	 1.371785
0.005112402 	 1.8048822
0.008638994 	 1.2929047
0.00767072 	 2.008578
0.0026127228 	 1.8674061
0.0076814713 	 1.8190228
0.0048802774 	 1.4174497
0.007681351 	 2.0014043
0.0076814713 	 1.7664878
0.0076814713 	 1.8178666
0.0038328813 	 1.0959822
0.0063969814 	 2.14271
0.0051135407 	 1.2484783
0.0076809907 	 2.2935429
0.010255472 	 2.5220292
0.009697818 	 2.6734996
0.011545172 	 1.1677284
0.0063969814 	 1.1098716
0.010144073 	 1.7052063
0.013217212 	 2.4189365
0.0098656295 	 1.1503949
0.014090702 	 1.306803
0.028756365 	 2.2835495
0.030996563 	 1.476331
0.030534884 	 1.0404041
0.031642444 	 1.3613935
0.04427953 	 1.7954649
0.040181845 	 1.6728934
0.039683904 	 1.0409709
0.040870138 	 1.4350884
0.03469336 	 2.3454418
0.058974274 	 1.5010041
0.053418934 	 1.7745003
0.030125754 	 2.1075535
0.0495471 	 1.8266727
0.025814734 	 2.2146873
0.03665565 	 1.9496763
0.044935487 	 0.9291142
0.035131406 	 1.9829285
0.033183314 	 1.43609
0.050959077 	 1.5197037
0.035070226 	 1.4626253
0.03526637 	 1.5410458
0.033503585 	 1.532422
0.04571628 	 1.249438
0.029758055 	 1.6308187
0.04422869 	 0.9373623
0.023225253 	 1.9357913
0.023225803 	 1.3837829
0.037690602 	 2.0031984
0.028433139 	 1.1734397
0.029663496 	 2.0103774
0.17112254 	 1.7731872
0.14975783 	 2.3168502
0.1568817 	 1.7974526
0.22071737 	 2.309801
0.18734965 	 2.2501135
0.18572849 	 1.7244803
0.093455784 	 1.2828802
0.07821235 	 1.868369
0.07668802 	 1.0509226
0.08627076 	 1.8356565
0.08984016 	 1.7227916
0.115029514 	 1.9401516
0.11033265 	 2.638877
0.1301955 	 1.8575604
0.09888063 	 2.2577918
0.12037001 	 1.1418324
0.10846659 	 2.8742902
0.09129018 	 2.7530935
0.065900914 	 3.4414573
0.07547122 	 2.1535287
0.0713777 	 2.5391953
0.06285562 	 2.388765
0.06453801 	 2.8139644
0.08142019 	 1.5004804
0.08590839 	 2.2476282
0.054874044 	 2.804183
0.083697416 	 1.0869306
0.055009052 	 3.1986213
0.082560875 	 2.73258
0.22629644 	 2.2825167
0.107659355 	 1.3268566
0.1090424 	 2.4303746
0.12162623 	 2.186665
0.24480668 	 1.8661922
0.112471096 	 2.166824
0.14069113 	 3.8507311
0.17932771 	 2.2905774
0.13061903 	 2.6606944
0.1349877 	 1.5734137
0.13043681 	 1.5227746
0.106843546 	 1.9704844
0.087861046 	 1.3187869
0.08376456 	 2.5689862
0.08793726 	 1.1399782
0.09492175 	 2.3191357
0.083012305 	 1.0476415
0.07961436 	 2.6753728
0.06453852 	 3.0006115
0.04834278 	 1.4015435
0.045668986 	 1.2464998
0.053891804 	 3.263186
0.046125907 	 1.7464019
0.044334546 	 2.7514508
0.05632276 	 2.401705
0.04067823 	 2.303517
0.07578623 	 2.3130393
0.0774984 	 2.169775
0.10187974 	 1.3874128
0.11461105 	 2.1102424
0.1347881 	 1.6318556
0.11915693 	 2.4242241
0.119660325 	 2.0599298
0.19651103 	 1.9817394
0.21593344 	 1.6764005
0.23119004 	 1.9284563
0.22067493 	 2.010482
0.22087853 	 2.0014899
0.15517703 	 1.7141967
0.14531921 	 1.8070241
0.089318894 	 2.3322356
0.09262277 	 2.835232
0.07270067 	 1.4298086
0.05327559 	 2.7725728
0.037675686 	 2.799264
0.041654468 	 1.7078108
0.040284354 	 2.6382656
0.05364839 	 2.4009643
0.04535534 	 1.772364
0.041667953 	 1.2122555
0.040340826 	 2.4302263
0.051549952 	 2.5344257
0.05236689 	 3.2631688
0.05910168 	 2.0896935
0.04968208 	 2.5547197
0.05505868 	 2.0250132
0.060799804 	 2.3225021
0.08270084 	 1.954891
0.09071543 	 2.7511332
0.1088662 	 2.8262372
0.20459145 	 2.105885
0.20644 	 1.8509774
0.21865697 	 2.1517491
0.22513579 	 1.861025
0.1830378 	 1.8574443
0.12788926 	 2.059065
0.13910984 	 2.0542364
0.14691193 	 1.3155609
0.14088923 	 2.3513606
0.11610029 	 2.639013
0.107792385 	 2.9015
0.08098189 	 2.7725594
0.09451595 	 3.2303872
0.07550523 	 1.2798992
0.102245495 	 2.803805
0.12763298 	 2.6565468
0.12915985 	 2.5371382
0.15791835 	 2.2700243
0.09199471 	 1.752404
0.082415365 	 2.974098
0.07856961 	 1.6600417
Summary
0.001275339  -  0.40811914 ,  0.75527036  -  4.503533
accuracy:  100.0
equal predictions:  0
TensorFlow version: 1.13.1
Found 939 images belonging to 1 classes.
argN = 784
argN = 784
0.1205506 	 3.7303982
0.15352654 	 2.8345408
0.43806022 	 2.8010972
0.39288187 	 2.8557985
0.2616041 	 3.178742
0.2383376 	 2.5448887
0.1740353 	 1.9599638
0.08366722 	 3.2652879
0.08609014 	 2.9930015
0.059337758 	 1.7497747
0.07362304 	 1.6896284
0.0728676 	 2.3503177
0.1191061 	 1.6653497
0.05548236 	 2.3553355
0.07162816 	 2.9702487
0.11291682 	 2.2553816
0.07703361 	 2.5785537
0.07409606 	 2.8757398
0.050989307 	 2.908341
0.060206473 	 3.231393
0.06707514 	 3.1021078
0.12420719 	 3.355624
0.310807 	 2.930432
0.17978185 	 2.8800375
0.05519195 	 2.924352
0.060321882 	 2.4731956
0.027149966 	 2.187255
0.036629684 	 2.8620844
0.023184929 	 3.2030146
0.031080242 	 1.7048101
0.046830174 	 2.3177884
0.060455922 	 2.5471537
0.16606542 	 3.0288315
0.10742784 	 3.391791
0.30138487 	 2.4439623
0.23923586 	 3.0165894
0.1130326 	 2.5757613
0.08935376 	 2.3548343
0.09045401 	 3.2518332
0.19701 	 3.441852
0.3099297 	 2.1153488
0.40663663 	 2.8778853
0.40491787 	 3.0280652
0.12913963 	 2.533122
0.04967538 	 2.4747832
0.041401654 	 3.720521
0.05494671 	 3.2049246
0.0496227 	 2.776099
0.059275713 	 2.349451
0.060361896 	 2.41174
0.086150944 	 2.5621092
0.036361385 	 3.0800526
0.03231128 	 3.4649775
0.021889156 	 2.620899
0.010255472 	 2.61295
0.008967673 	 3.4409957
0.027878987 	 2.8792722
0.03767445 	 2.818069
0.05236689 	 2.8577104
0.19851978 	 2.360147
0.1434187 	 2.8316786
0.059986584 	 3.1688254
0.061845288 	 3.5083947
0.057592675 	 2.3210168
0.08540644 	 2.619895
0.1702162 	 3.1342125
0.14938092 	 2.2764513
0.19970343 	 2.7788024
0.13187596 	 3.1337621
0.111482225 	 3.4146771
0.061232265 	 1.9184599
0.047001958 	 3.306967
0.053265277 	 2.673952
0.089176044 	 2.2630599
0.08394618 	 2.3024497
0.07403861 	 2.4219265
0.05447649 	 2.1635947
0.055429753 	 2.4792397
0.058523577 	 3.3944144
0.04700227 	 3.3258917
0.020713229 	 2.8945613
0.012716942 	 2.9026604
0.008634966 	 2.5460856
0.010255592 	 3.148561
0.0038328813 	 2.9935021
0.035520848 	 1.6282827
0.031541064 	 1.5214369
0.033641163 	 1.4521149
0.02967283 	 1.6822261
0.023432814 	 2.4164886
0.025532689 	 1.7900753
0.032439582 	 1.942218
0.030475093 	 1.02835
0.01683844 	 2.2125993
0.017411252 	 1.5428375
0.019280883 	 1.3703828
0.007565434 	 2.2552998
0.006958319 	 1.6148876
0.010853987 	 1.1059241
0.024812892 	 2.0522554
0.019317038 	 1.5298934
0.029824927 	 1.3589284
0.024531128 	 2.2572083
0.020628342 	 2.3183858
0.027292615 	 1.9267975
0.023227083 	 1.749109
0.02454756 	 1.9459504
0.025910277 	 2.343779
0.021248749 	 2.537714
0.024532106 	 1.6167896
0.020618243 	 1.8346713
0.011547824 	 1.3868299
0.018012429 	 2.6545897
0.010255472 	 1.7394398
0.015422344 	 2.200234
0.01671964 	 1.820134
0.0102455355 	 1.1954464
0.016719578 	 2.256368
0.007545195 	 1.29974
0.007681411 	 1.4407848
0.008969538 	 1.2070984
0.010243729 	 1.1666662
0.011533595 	 1.366057
0.01152654 	 1.4979684
0.013806444 	 2.296573
0.0128361145 	 1.8325851
0.010255231 	 1.3550199
0.012835873 	 1.7953622
0.021850532 	 2.0791767
0.015423252 	 1.9477925
0.008937302 	 2.5604794
0.00755054 	 1.1790804
0.0063969814 	 1.9558716
0.008436765 	 1.8529137
0.0064309947 	 2.136822
0.010245294 	 2.0420516
0.008967673 	 2.4141855
0.004216548 	 1.5371932
0.0068377443 	 1.741683
0.0071889455 	 1.2104445
0.0076814713 	 2.3887463
0.008968275 	 2.1230142
0.010107404 	 1.8255645
0.006396562 	 2.436129
0.008976755 	 2.3101332
0.0063969814 	 1.8436427
0.0038325223 	 1.614494
0.0038328813 	 2.3405917
0.0038131366 	 2.5663617
0.005113061 	 1.1839224
0.0076814713 	 2.3148985
0.014128968 	 0.8772673
0.0065666395 	 1.9675919
0.0076749246 	 2.3850925
0.014157441 	 1.8664073
0.0051325923 	 2.1121526
0.005076517 	 1.2953207
0.008967734 	 1.6016235
0.007682012 	 1.4476157
0.012781296 	 1.6415124
0.0038328813 	 1.6155819
0.0105610695 	 1.6917411
0.011760334 	 2.046484
0.018093692 	 1.0741422
0.033929635 	 1.5834318
0.027132573 	 1.3893604
0.045661125 	 1.0903633
0.041711703 	 1.7808666
0.04807989 	 2.1963482
0.034925535 	 1.5060334
0.031655613 	 1.5778959
0.030955186 	 1.5111616
0.036416028 	 1.4934835
0.037651177 	 2.0308938
0.052698515 	 1.471366
0.031267855 	 1.4346129
0.042255916 	 1.895281
0.040345605 	 1.6747715
0.031950343 	 1.9178207
0.029430943 	 1.3524132
0.0254842 	 1.4272264
0.03833748 	 2.0477808
0.024786985 	 1.7877271
0.028035164 	 2.1515696
0.038327944 	 1.6274679
0.03323421 	 2.2460182
0.029774942 	 1.4002225
0.023125697 	 0.99093217
0.023274608 	 1.1837988
0.017991856 	 1.1708285
0.25262842 	 1.5943544
0.24377471 	 1.8202499
0.21775359 	 1.6657109
0.25851133 	 2.1536171
0.13466555 	 2.5837939
0.10389977 	 2.7319891
0.11632638 	 2.7154808
0.116018355 	 2.4262166
0.109615415 	 1.9387596
0.14332122 	 2.9246185
0.13679412 	 2.9140162
0.10834821 	 2.975577
0.13347581 	 2.2463555
0.14289343 	 2.6452446
0.14009166 	 2.3593662
0.13688037 	 2.7374406
0.118541576 	 2.2211514
0.13525139 	 2.0817437
0.12958458 	 2.2384121
0.10497226 	 2.754517
0.10147453 	 2.5809586
0.097018264 	 3.0788667
0.08515673 	 2.1318023
0.11874547 	 2.844162
0.10279012 	 3.1336703
0.09395368 	 2.4135654
0.16725816 	 2.5524673
0.2851834 	 2.2231581
0.31557953 	 1.9618926
0.35319042 	 2.168831
0.30515197 	 2.2671022
0.18525808 	 2.1015809
0.13376282 	 2.5467756
0.16196649 	 2.7917204
0.121555015 	 2.9035385
0.15809914 	 2.0077791
0.17936324 	 1.3670802
0.440465 	 1.8769128
0.19909081 	 2.5532184
0.17889252 	 2.457619
0.1640784 	 3.3483093
0.16315316 	 3.5288863
0.16503085 	 3.297929
0.15552416 	 2.74098
0.17166865 	 2.2077138
0.1233682 	 2.432055
0.12049607 	 2.066678
0.057682525 	 3.1988258
0.055027254 	 2.5689971
0.059060704 	 3.3682451
0.055068944 	 2.788247
0.055058554 	 2.1571345
0.046995398 	 3.891719
0.06577174 	 2.281851
0.06630737 	 2.6342747
0.06964965 	 2.8964605
0.08754254 	 1.6470934
0.13802722 	 2.662802
0.1233916 	 2.2485034
0.12277135 	 2.9262674
0.14191091 	 1.5131663
0.18526748 	 2.5908191
0.24109691 	 1.7174723
0.27770987 	 1.6362443
0.26555246 	 1.3242776
0.26413724 	 1.4912692
0.18856555 	 1.7273347
0.17320286 	 2.0332322
0.09763037 	 2.0891566
0.10273351 	 1.1303986
0.088105775 	 1.8796041
0.072327875 	 3.1660526
0.05812223 	 3.0922627
0.054277107 	 3.1204152
0.057702858 	 2.9111543
0.060432367 	 2.1899168
0.0669933 	 2.6250787
0.068621255 	 2.671046
0.055058114 	 2.903171
0.061441466 	 2.0957031
0.07667026 	 2.9621584
0.09683944 	 1.2821906
0.10912383 	 2.554157
0.11779751 	 2.641905
0.12773713 	 2.622756
0.13205136 	 1.098486
0.1780549 	 2.4697983
0.18276149 	 1.9446899
0.28501242 	 1.6968988
0.28298697 	 1.8726705
0.2491006 	 1.9305525
0.3087406 	 1.5327873
0.28679284 	 1.7453274
0.25974393 	 1.8965398
0.2813994 	 1.4130292
0.25983644 	 1.6973256
0.23576169 	 1.7593309
0.2042757 	 1.1383748
0.095042415 	 2.336084
0.09030598 	 2.3464572
0.089187644 	 2.602178
0.075704195 	 2.8584595
0.082461186 	 4.0674143
0.09144052 	 3.4063008
0.09317063 	 2.6695912
0.08546948 	 2.4597259
0.082802884 	 2.5700598
0.114704505 	 2.3669121
0.099089175 	 2.2059407
0.14800015 	 2.345598
0.14965218 	 2.8878908
0.16504695 	 2.623215
0.17751661 	 2.444676
0.17984422 	 2.947718
0.14821103 	 1.9353869
0.15082876 	 3.196553
0.14383514 	 2.4899702
0.12917267 	 3.128375
0.117621236 	 3.486292
0.11276182 	 2.7175448
0.12363122 	 2.0763655
0.093172915 	 2.6062195
0.11170128 	 3.1873984
Summary
0.0038131366  -  0.440465 ,  0.8772673  -  4.0674143
accuracy:  100.0
equal predictions:  0
TensorFlow version: 1.13.1
Found 939 images belonging to 1 classes.
argN = 784
argN = 784
0.14710395 	 2.8759544
0.14808598 	 2.5900037
0.16675502 	 2.6144307
0.08238293 	 3.230241
0.0510265 	 2.6651556
0.04646028 	 2.7021384
0.06159017 	 1.9920436
0.074524164 	 1.9979593
0.079616815 	 2.0690947
0.15453516 	 2.1519868
0.095563 	 2.3085256
0.076590985 	 3.528876
0.07366968 	 2.1063464
0.13550684 	 2.383336
0.28088596 	 2.1704206
0.22982123 	 1.8534491
0.1392474 	 2.5520182
0.03764895 	 3.731405
0.07360623 	 2.3065171
0.089048855 	 2.3193448
0.103345886 	 2.3345652
0.035027325 	 3.138015
0.021939663 	 3.0901237
0.007509462 	 2.4950233
0.011393054 	 2.8503566
0.036768746 	 3.5433834
0.09011726 	 3.3322086
0.15722455 	 2.186458
0.10158233 	 3.1068964
0.2917735 	 2.1869974
0.33032173 	 2.3606186
0.2765388 	 2.363666
0.24169856 	 2.802132
0.13339223 	 2.6417227
0.12801194 	 3.0573242
0.28309646 	 2.2528574
0.25490242 	 2.6666195
0.2270911 	 3.0574067
0.19100858 	 2.7336636
0.32360026 	 3.248655
0.47000343 	 2.3066404
0.10616772 	 3.0244446
0.057322733 	 2.666606
0.2095392 	 2.3959477
0.19122332 	 2.6027758
0.15415755 	 2.6792276
0.10908016 	 3.526808
0.090687886 	 3.4863229
0.08932131 	 2.7264051
0.04300319 	 2.6371963
0.020618243 	 3.8531532
0.028010461 	 4.4418826
0.030944796 	 2.6882668
0.06463103 	 1.9679958
0.06242462 	 2.520442
0.06856661 	 2.2898562
0.10489388 	 2.0756764
0.09032855 	 2.5226552
0.039158013 	 2.5172136
0.04082028 	 3.5510685
0.039288558 	 2.3830135
0.045480836 	 3.3496485
0.04897662 	 2.3803434
0.052400183 	 2.786922
0.04006253 	 2.1295733
0.10487203 	 3.1028812
0.12930079 	 3.014193
0.15440153 	 2.798283
0.13536726 	 2.4350672
0.047485117 	 2.4727461
0.04835185 	 3.3594205
0.044151567 	 3.0514865
0.014077161 	 1.9407566
0.011643581 	 2.3634284
0.0076814713 	 2.640156
0.018016858 	 3.6198485
0.008967734 	 2.602581
0.009267705 	 2.6560502
0.0055140005 	 3.4944477
0.008969056 	 2.878165
0.009227458 	 2.7927737
0.014128968 	 2.639993
0.025823236 	 2.905385
0.08933082 	 2.496062
0.26597407 	 2.44335
0.11310101 	 2.262633
0.11697366 	 2.4966784
0.12353099 	 2.4366374
0.13299645 	 3.1958828
0.16537143 	 2.638967
0.19351234 	 2.747362
0.18009204 	 2.210894
0.033852194 	 2.9394996
0.0063971616 	 2.4516897
0.084933035 	 2.9267814
0.066293806 	 2.5947134
0.024949953 	 3.1922908
0.02821718 	 3.3288398
0.03587702 	 2.8003714
0.026678305 	 2.8848412
0.03248028 	 2.577345
0.030275648 	 2.5245295
0.0115390215 	 3.1960635
0.017047469 	 3.0024233
0.015562968 	 3.0653076
0.008172137 	 3.0236301
0.029349795 	 2.2535167
0.029864721 	 2.9239535
0.041882798 	 2.8599455
0.036327634 	 2.7077153
0.04559431 	 2.6270788
0.036766272 	 1.1776763
0.02660338 	 1.7135217
0.019076308 	 2.1003833
0.035081275 	 1.1272031
0.03200807 	 2.2291467
0.02703771 	 1.6054406
0.028428476 	 2.282005
0.010696493 	 2.0121715
0.0311025 	 2.1041813
0.01127972 	 2.388246
0.019087244 	 1.3617785
0.02452783 	 2.2549143
0.018096788 	 2.2858682
0.035769895 	 1.9525572
0.017699327 	 1.691119
0.029771503 	 2.9998882
0.014009399 	 1.6599013
0.03084281 	 1.9456146
0.023023164 	 1.489291
0.026374841 	 1.449016
0.034205794 	 1.5033927
0.019315762 	 1.4749771
0.02832497 	 2.020617
0.02814508 	 1.982046
0.03625328 	 1.6413271
0.03792422 	 1.4598862
0.034367777 	 1.7210113
0.03087951 	 1.9926813
0.040421255 	 2.654632
0.03108264 	 1.5848074
0.036367565 	 1.9397812
0.027148556 	 1.4454252
0.024797127 	 2.5421069
0.027038015 	 1.5822783
0.021919131 	 1.9842238
0.016653214 	 1.7948538
0.029774388 	 1.6018099
0.020616477 	 1.3154812
0.021941308 	 2.0232198
0.019241508 	 2.372923
0.025844645 	 1.3041803
0.0151929585 	 2.0685477
0.008562942 	 2.219654
0.0038347961 	 2.071403
0.011480415 	 2.9205985
0.00738774 	 2.2395492
0.02195654 	 1.8937179
0.012212035 	 2.6527295
0.014128968 	 2.057738
0.015423252 	 1.8430064
0.0089682145 	 2.1463811
0.015423434 	 1.7830967
0.01038218 	 2.1415803
0.020991117 	 2.0600553
0.0076814713 	 1.5178825
0.014128968 	 2.6496532
0.012832552 	 1.5527563
0.007655224 	 3.0013223
0.021838225 	 2.2132685
0.019209791 	 1.6598746
0.010255472 	 1.1821201
0.01258215 	 2.5242667
0.013636822 	 1.336055
0.015423071 	 1.6651026
0.001275339 	 1.3392835
0.012711931 	 2.1051328
0.012837624 	 1.4067019
0.006600179 	 2.3256953
0.015480274 	 2.617313
0.012635872 	 1.403702
0.017049288 	 1.1514634
0.011544931 	 1.3646642
0.023216713 	 1.9193704
0.022019176 	 2.463979
0.029509457 	 1.8357383
0.020618243 	 1.9919894
0.036638215 	 1.3242483
0.055629995 	 1.7419654
0.057621405 	 1.0539975
0.048064254 	 1.7493606
0.023223422 	 2.0357254
0.05829085 	 1.394841
0.042574562 	 1.2783296
0.052334294 	 2.1907084
0.053394347 	 1.2353263
0.04823669 	 1.7677307
0.041678954 	 1.3084644
0.038741373 	 1.8242507
0.043755013 	 1.4462947
0.047185272 	 1.4911045
0.0507609 	 1.8663911
0.03896885 	 2.2287164
0.039565396 	 2.4779754
0.03995167 	 1.4102226
0.03859516 	 2.616382
0.040081207 	 1.6086847
0.036086544 	 1.0054384
0.03815987 	 1.6638746
0.0349643 	 1.962315
0.02718071 	 1.8351749
0.030529292 	 1.7596765
0.03372494 	 1.3663452
0.32612112 	 1.9401889
0.24926248 	 2.2379158
0.23196778 	 1.9669611
0.22450106 	 2.1404753
0.19103116 	 2.6177933
0.13938121 	 2.7521577
0.12485589 	 1.6535871
0.15665275 	 2.2299812
0.13355142 	 2.1021821
0.13699028 	 2.5643044
0.13532747 	 3.0501928
0.17196725 	 1.8825585
0.15838018 	 2.7364762
0.15563448 	 2.5181677
0.18971865 	 2.75992
0.1392237 	 2.393989
0.1261603 	 1.9886578
0.121768676 	 2.355632
0.11144192 	 2.8256357
0.1219341 	 2.6571262
0.113370754 	 1.018566
0.10890814 	 2.9259484
0.12692834 	 1.3516909
0.11783413 	 2.5929286
0.103565805 	 2.0238526
0.17288907 	 2.0699751
0.38478088 	 2.0682964
0.18503042 	 3.0480325
0.17933598 	 2.3786428
0.15785615 	 2.570605
0.1618512 	 1.4784707
0.16305739 	 2.6927595
0.18166906 	 2.6200619
0.14087082 	 2.9692428
0.32440576 	 1.64572
0.33587933 	 2.0123672
0.24775746 	 2.0904636
0.2060233 	 3.3322587
0.22071938 	 2.397874
0.18590283 	 2.880202
0.18736984 	 2.1814113
0.20134509 	 2.2699435
0.17366827 	 2.798467
0.16588071 	 2.8129313
0.15916969 	 1.6406277
0.1526506 	 2.1989257
0.12637644 	 2.9140966
0.15078579 	 2.5538335
0.13936435 	 2.3369997
0.145115 	 2.013718
0.119126245 	 2.5777035
0.13670419 	 3.338116
0.14107329 	 3.2631798
0.12740594 	 1.758003
0.088116 	 3.9163852
0.08738934 	 1.954859
0.1150247 	 2.269188
0.13895895 	 2.5201848
0.15167052 	 2.4637337
0.22053076 	 2.1118329
0.1887902 	 1.7670044
0.23970549 	 1.797293
0.20763987 	 1.988535
0.062142648 	 2.307439
0.06311055 	 2.6753504
0.06862739 	 2.9508133
0.079695046 	 2.8389297
0.076812945 	 2.484044
0.08603999 	 1.5141813
0.08920035 	 2.711363
0.11664341 	 1.6767036
0.1499914 	 2.494126
0.17740066 	 2.4179606
0.21997654 	 1.7732447
0.2800445 	 1.8324361
0.3101594 	 2.028741
0.28652045 	 2.14022
0.31766576 	 1.7280861
0.32260397 	 1.648857
0.2962145 	 1.5124109
0.2135038 	 1.3118632
0.21754827 	 2.0467722
0.26061404 	 2.0786319
0.18958478 	 2.3613808
0.17365487 	 2.1102207
0.14928992 	 2.5427358
0.116477445 	 2.9839313
0.10623791 	 2.31958
0.11136802 	 1.7595379
0.101670876 	 2.2454944
0.09665028 	 2.772651
0.09077143 	 2.1267602
0.18746345 	 2.356842
0.19264707 	 2.9445438
0.20080052 	 2.1641514
0.17239039 	 1.3666762
0.15280128 	 2.6390672
0.14989866 	 2.3690405
0.14154245 	 2.3448853
0.13497432 	 2.5862868
Summary
0.001275339  -  0.47000343 ,  1.0054384  -  4.4418826
accuracy:  100.0
equal predictions:  0
TensorFlow version: 1.13.1
Found 939 images belonging to 1 classes.
argN = 784
argN = 784
0.23895122 	 2.7523391
0.14943664 	 2.3642275
0.19699053 	 2.6644287
0.37157416 	 2.5865417
0.17662396 	 2.976518
0.124924235 	 3.0238068
0.074082 	 3.117426
0.027609287 	 3.6297438
0.047838885 	 2.9315035
0.0450171 	 2.835676
0.04616111 	 2.571497
0.045018222 	 2.7068486
0.03611806 	 2.6617975
0.05328948 	 1.6350261
0.14040321 	 1.8809679
0.083606556 	 2.1748414
0.08673771 	 2.6164594
0.052516513 	 2.5215514
0.032451957 	 2.5211365
0.098562345 	 2.4295487
0.18279962 	 2.6094167
0.055079147 	 2.466739
0.06918786 	 2.7579641
0.16677003 	 2.151537
0.24755582 	 2.581937
0.029774634 	 3.5288537
0.16036284 	 3.2752838
0.25679043 	 2.5665417
0.18963003 	 2.1354554
0.10019822 	 2.6969578
0.08395766 	 2.0655017
0.087019876 	 2.2378554
0.17673604 	 2.3243346
0.19324881 	 3.130123
0.27135518 	 2.5740998
0.11606474 	 3.0489738
0.36941028 	 2.8974204
0.47230166 	 2.7553923
0.118452 	 2.8770275
0.055302374 	 3.7711892
0.17538944 	 2.2028368
0.17773744 	 2.8638704
0.109468445 	 2.5969777
0.020618243 	 3.4397368
0.02612274 	 3.7220454
0.079882644 	 1.8393654
0.085285045 	 2.1168828
0.055174693 	 2.444095
0.052366767 	 2.7026098
0.035205983 	 2.9560113
0.06559951 	 2.586882
0.05408972 	 2.3811312
0.0128361145 	 2.3047664
0.006400221 	 3.3283608
0.04390952 	 2.1964285
0.26747704 	 2.4744434
0.17272909 	 1.7955022
0.16413346 	 2.0358386
0.1999012 	 2.5129066
0.18089601 	 1.6763996
0.14646758 	 3.0932083
0.09034427 	 2.40643
0.082228065 	 2.7082257
0.086102806 	 3.0613334
0.08916301 	 2.437022
0.18025184 	 3.2251494
0.11223994 	 3.088821
0.12190373 	 2.0277922
0.15722468 	 2.2519047
0.09754264 	 3.328218
0.069812104 	 2.7943406
0.06464922 	 3.2970922
0.07539326 	 2.8052862
0.0219145 	 2.790875
0.007681291 	 1.7519426
0.083375566 	 2.3035247
0.06215045 	 1.8791217
0.051129814 	 3.9115658
0.042998962 	 2.4153104
0.034978434 	 2.5617344
0.024197293 	 2.781083
0.020419173 	 2.1758637
0.02497947 	 3.0947642
0.007657566 	 2.4767473
0.013681959 	 2.526349
0.015335789 	 3.406283
0.0063969814 	 2.890396
0.013210628 	 3.134741
0.006396922 	 3.1379614
0.0063969814 	 2.6482458
0.0052037695 	 3.183772
0.0128361145 	 3.2315621
0.037660398 	 2.5576746
0.03945794 	 2.1353486
0.020762946 	 2.9996262
0.026563043 	 1.7730064
0.021899818 	 1.543603
0.024040798 	 1.9715587
0.039043408 	 1.8541245
0.023225863 	 0.6904801
0.022844957 	 0.9383203
0.01997646 	 1.8534316
0.023246787 	 1.1566916
0.024504129 	 2.04773
0.016890936 	 2.0525782
0.019711252 	 1.6116343
0.024383375 	 1.5151019
0.01807767 	 1.0474921
0.012569596 	 1.4164076
0.01822662 	 1.9411328
0.009839203 	 2.0159297
0.0202702 	 1.4022589
0.028391255 	 1.9334896
0.009266742 	 1.1127917
0.02579926 	 1.381887
0.017924132 	 0.917063
0.02061873 	 1.212447
0.015423434 	 1.9049382
0.018908523 	 1.5816262
0.014137129 	 2.4545236
0.012688086 	 0.94868785
0.026821071 	 1.4240594
0.013510002 	 1.8563709
0.01797632 	 1.346385
0.016269593 	 1.8358097
0.014786971 	 1.8785301
0.010255351 	 2.263675
0.010149973 	 2.1420782
0.0025538006 	 2.1533034
0.009571738 	 1.5581199
0.0063969814 	 1.387721
0.011494222 	 1.2679183
0.0025684412 	 2.9172733
0.0063969814 	 1.4942466
0.011508511 	 1.680828
0.01025511 	 1.879758
0.006396502 	 2.343761
0.008962802 	 1.3940167
0.010255472 	 3.1394439
0.011544086 	 2.320462
0.0128361145 	 1.817995
0.008971462 	 1.4010824
0.0038705773 	 1.5812045
0.0076814713 	 1.3991976
0.005088618 	 2.165394
0.0088306805 	 1.3358691
0.015414597 	 1.5538174
0.0063969814 	 1.7821848
0.0076816515 	 2.5533164
0.011329152 	 1.8867218
0.01154469 	 1.4157596
0.008967613 	 1.4446012
0.008210297 	 1.5074518
0.0074428646 	 1.0626448
0.006423436 	 2.4770942
0.006399381 	 1.1113565
0.0063969814 	 1.344347
0.0038327617 	 1.4700416
0.009029982 	 2.3569472
0.010255171 	 1.128246
0.009107933 	 2.2681193
0.0062713763 	 1.4761108
0.0051141395 	 1.6537497
0.012825549 	 1.042827
0.007821972 	 2.0881426
0.0061332528 	 1.2105501
0.0051136003 	 1.6313584
0.010255351 	 1.4770604
0.0062305313 	 1.4383918
0.0064159376 	 1.5616145
0.014085382 	 1.6972319
0.015724985 	 1.1562809
0.016495893 	 1.6093233
0.009467755 	 1.3656731
0.01801698 	 1.8944092
0.007770731 	 1.6098351
0.02059804 	 1.2356464
0.018094117 	 2.3985667
0.019223826 	 1.7977393
0.024507977 	 2.4266455
0.042868797 	 1.636631
0.033717852 	 1.7542514
0.02585174 	 1.7328366
0.035308354 	 1.1494333
0.023437575 	 1.2568749
0.024531862 	 1.6190498
0.029774634 	 1.439733
0.02855058 	 1.6405082
0.015098193 	 1.6120713
0.019172484 	 1.4501699
0.21683724 	 1.2994595
0.22816305 	 2.2946687
0.18035813 	 1.4930428
0.20376967 	 1.3967716
0.22540988 	 2.0694492
0.09542857 	 2.1748445
0.06508341 	 2.882523
0.052638076 	 1.1423489
0.08482896 	 2.5977972
0.0989877 	 1.5285996
0.0971832 	 2.7467492
0.08553713 	 2.6788619
0.07341653 	 2.6758065
0.09352522 	 2.7727034
0.110676415 	 2.4302955
0.10479267 	 2.4596868
0.09174858 	 1.9298682
0.09440262 	 2.976932
0.07410877 	 1.7443664
0.062786125 	 1.9653836
0.07138007 	 1.5628828
0.047000334 	 1.6739386
0.061819673 	 2.000335
0.0705488 	 2.0357373
0.0631776 	 3.0278633
0.06453725 	 2.2346253
0.07410588 	 2.9753842
0.078237556 	 2.5100346
0.07516339 	 1.7308863
0.11942508 	 2.3697357
0.16083576 	 1.6174121
0.28699464 	 2.1469815
0.18739256 	 1.3981255
0.15091006 	 2.2543087
0.1596212 	 2.6082475
0.13061936 	 2.5872173
0.100430034 	 2.568284
0.10051439 	 1.7529017
0.0907277 	 2.8792467
0.09737581 	 1.7456688
0.10943799 	 1.9107964
0.116200976 	 2.4550283
0.277798 	 0.82850164
0.35103408 	 1.7664523
0.09676603 	 2.3578079
0.10903197 	 2.6213014
0.12936598 	 3.2970858
0.13812974 	 1.5442549
0.074128926 	 1.9699671
0.056559384 	 2.76124
0.06644584 	 2.4448862
0.08810766 	 2.3604152
0.077920996 	 2.6039965
0.08097885 	 1.8115988
0.06317703 	 2.8993065
0.082305655 	 2.1425962
0.04636581 	 3.1047447
0.039013658 	 2.6754093
0.04105941 	 2.418291
0.042993113 	 3.117578
0.05911123 	 1.8920939
0.07775123 	 2.5700736
0.079622045 	 1.5210849
0.09737207 	 2.3747766
0.108911395 	 2.2272422
0.120403424 	 2.4900098
0.1399797 	 2.1757925
0.24553512 	 1.9823333
0.21539605 	 1.5082716
0.23775606 	 1.7346079
0.22900409 	 1.0130296
0.24737832 	 1.670655
0.26392525 	 1.54629
0.25931865 	 1.8044449
0.2265263 	 1.6548547
0.07270612 	 1.2686461
0.06317887 	 2.7315066
0.04670107 	 2.3968413
0.038506515 	 2.4750128
0.03688123 	 1.4045615
0.0417099 	 3.0504723
0.038832396 	 2.6219788
0.03768918 	 2.8577116
0.037690107 	 2.772569
0.05379481 	 2.975777
0.12608463 	 2.5047224
0.13712631 	 2.4260526
0.17216201 	 1.5952052
0.17372032 	 1.3472507
0.18690161 	 2.1188412
0.26543042 	 1.5780979
0.26934853 	 1.2467314
0.2455944 	 1.8607111
0.29018256 	 1.7473389
0.2626905 	 1.6896074
0.2725347 	 1.7721637
0.22948347 	 1.588226
0.24346101 	 1.4223205
0.18293375 	 1.7253885
0.17750038 	 1.5116904
0.19240586 	 1.4218663
0.17888653 	 1.5693325
0.1670385 	 2.0015426
0.17702037 	 1.5498468
0.14784382 	 1.700596
0.12776145 	 2.090104
0.14251876 	 1.59241
0.11130946 	 2.7325442
0.12074751 	 2.757313
0.07957454 	 1.2090244
0.06642533 	 1.5752223
0.056407325 	 3.026756
0.06777952 	 1.7573588
0.069771774 	 2.8411813
0.075487934 	 1.4917418
0.08020531 	 2.0116465
0.07845982 	 1.3246565
0.11073587 	 2.5754888
0.13633484 	 2.8595855
0.12000267 	 2.6320515
0.113533795 	 2.693324
0.07091709 	 1.5644798
0.07447427 	 1.64231
Summary
0.0025538006  -  0.47230166 ,  0.6904801  -  3.9115658
accuracy:  100.0
equal predictions:  0
