TensorFlow version: 1.13.1
Found 939 images belonging to 1 classes.
argN = 3136
argN = 3136
0.26098958 	 1.8151592
0.42976552 	 1.7160238
0.38758639 	 1.7081825
0.32587793 	 1.9729311
0.28222993 	 1.6026406
0.25701353 	 1.9243711
0.24200873 	 2.166357
0.22212362 	 1.8958582
0.09055293 	 1.887358
0.029878968 	 2.458288
0.030109907 	 1.0766221
0.016650971 	 2.2441728
0.0157664 	 1.6349343
0.013859686 	 1.5733137
0.012353595 	 2.3758786
0.0089788 	 1.8985013
0.00955549 	 1.3362197
0.02526845 	 1.7155942
0.059438076 	 1.7876526
0.16124985 	 1.5303538
0.28579503 	 1.2567532
0.25865236 	 1.3278638
0.13761662 	 1.8774114
0.10299611 	 1.4291999
0.16732039 	 1.6095841
0.20690398 	 1.9736611
0.27444023 	 1.7701398
0.3202609 	 1.756274
0.37241545 	 1.6113589
0.39079118 	 1.5144233
0.11436457 	 1.6832237
0.049051926 	 2.0016901
0.045713034 	 2.3266344
0.02673738 	 1.5449526
0.013081084 	 2.2423513
0.014813527 	 1.8376334
0.031789493 	 1.7332889
0.049992014 	 2.127675
0.0812753 	 1.9716315
0.36860022 	 1.674555
0.4047566 	 2.1853676
0.43875897 	 2.1671777
0.37736166 	 2.290856
0.35662958 	 2.3664596
0.25895664 	 1.8122764
0.2706237 	 1.9176005
0.47627363 	 1.9552633
0.09013722 	 1.8703892
0.045000702 	 1.8927398
0.020953683 	 1.5199593
0.023042865 	 2.2982695
0.012494754 	 2.131271
0.10289139 	 1.7379202
0.08395603 	 1.9242196
0.08515387 	 2.1350224
0.085040495 	 2.310538
0.10572354 	 1.7452317
0.06477398 	 1.5118915
0.077007085 	 1.5207434
0.11551558 	 2.1805182
0.0971338 	 1.6968213
0.09249815 	 2.3846576
0.068118215 	 1.9480475
0.064011276 	 1.9883461
0.016633213 	 1.7539418
0.02729923 	 1.6369575
0.006337656 	 2.1395106
0.020474838 	 1.8981969
0.023687169 	 2.188555
0.028670244 	 1.9760318
0.041776642 	 1.8285172
0.08048402 	 2.1474214
0.0313026 	 1.7967112
0.037765622 	 1.771458
0.110530816 	 1.7630739
0.12115858 	 2.3978603
0.0174474 	 1.7754987
0.2168468 	 1.4723685
0.21268372 	 1.3211048
0.17163686 	 1.410144
0.07196092 	 2.0386465
0.07770703 	 1.7059464
0.07637364 	 1.9505997
0.076761715 	 1.716362
0.018349122 	 2.441072
0.015390748 	 1.6708844
0.012429151 	 1.9516277
0.006785654 	 2.012192
0.046306126 	 1.1508728
0.012463008 	 1.9774345
0.08581811 	 0.6254279
0.08588332 	 0.87224436
0.09163785 	 1.8418247
0.07811851 	 0.88198566
0.08958575 	 1.0712829
0.0797931 	 0.7352615
0.085346065 	 0.89157057
0.07819733 	 0.700604
0.075164735 	 1.1950165
0.07124495 	 1.0488037
0.07913582 	 0.72835934
0.06627552 	 0.79257786
0.07790006 	 0.8712906
0.07269926 	 0.63862175
0.075969815 	 0.8357366
0.06599597 	 0.81008387
0.071620286 	 1.0115919
0.08084455 	 1.2740207
0.08817198 	 0.7963562
0.0724256 	 0.74707806
0.073702276 	 1.3110018
0.06371584 	 1.4202721
0.0686964 	 1.0655814
0.048040614 	 0.44633082
0.05094904 	 1.0841205
0.029591477 	 1.0511966
0.022948937 	 1.3566946
0.019236222 	 1.0316527
0.019943805 	 1.2309456
0.023999525 	 0.92876923
0.020932868 	 0.8970703
0.02072698 	 1.2275271
0.020332245 	 1.1801236
0.018717265 	 1.9242449
0.017377349 	 1.4411072
0.01814328 	 1.1936718
0.016986478 	 1.7368126
0.017165521 	 0.6642781
0.018378079 	 0.65440035
0.01884426 	 0.875472
0.014824538 	 1.455335
0.019613506 	 0.8251151
0.014284525 	 0.9439377
0.012769946 	 1.1737125
0.011831803 	 1.1992396
0.010095904 	 0.75747246
0.0129005965 	 0.8730255
0.009790388 	 1.2907299
0.016336478 	 0.8996252
0.012577503 	 1.1334317
0.012933504 	 0.6580338
0.012511713 	 2.3582754
0.012983923 	 0.48073626
0.0098700235 	 0.71315694
0.009646421 	 0.7333204
0.009457647 	 1.7423234
0.0074995533 	 1.2200794
0.006266218 	 0.9693698
0.009000571 	 0.58364284
0.008557292 	 1.0176922
0.009045259 	 1.2391084
0.012008781 	 0.79374754
0.009358309 	 1.1093446
0.007980156 	 1.4794248
0.00823109 	 1.1242453
0.007580268 	 0.93307686
0.0065274024 	 1.0469611
0.0063708276 	 1.3236054
0.007357297 	 1.0889649
0.0070542367 	 1.1960151
0.011053331 	 0.4945106
0.01305554 	 1.0743014
0.013907675 	 1.1396095
0.011131199 	 0.8781109
0.01165926 	 0.73959196
0.016325876 	 1.3012528
0.011998164 	 2.5391402
0.014975544 	 0.9651811
0.017123623 	 1.1840004
0.013722928 	 1.0868498
0.014774268 	 0.8474744
0.015654083 	 0.6123534
0.018199 	 0.85736537
0.01881547 	 1.2603104
0.015952434 	 1.1591036
0.0322781 	 1.0510565
0.03896036 	 0.5806058
0.03495714 	 1.0625099
0.04626842 	 1.6494521
0.047068432 	 0.84271234
0.06554019 	 0.5162393
0.058987994 	 0.8446678
0.05966854 	 1.239969
0.074949495 	 1.2530428
0.07039639 	 1.2120714
0.06396762 	 0.76976514
0.06540318 	 1.3878692
0.06627903 	 0.56093633
0.08032227 	 0.8279595
0.056849815 	 0.8009784
0.04606237 	 0.58186096
0.033178877 	 1.780549
0.02440017 	 1.0702322
0.020732883 	 1.1737297
0.024979897 	 1.2695119
0.02113484 	 1.9964001
0.012147295 	 0.8611541
0.012251859 	 1.0506427
0.013767465 	 0.77291775
0.0076759458 	 1.2235887
0.20868096 	 1.5009868
0.13813452 	 1.5224016
0.14433844 	 1.6238525
0.10291055 	 0.6686735
0.14291455 	 1.623319
0.14329404 	 1.7674692
0.13594232 	 1.0781664
0.15568113 	 1.1552578
0.13535014 	 1.2327191
0.15104045 	 1.421878
0.13887224 	 1.5557839
0.137974 	 1.1129781
0.13078354 	 1.2393725
0.14353248 	 1.5996319
0.12880161 	 1.1933317
0.13858362 	 1.2425566
0.13846663 	 1.3458191
0.14197913 	 1.4126986
0.1378232 	 1.7964385
0.13352002 	 0.9573513
0.21483743 	 1.7885118
0.21739395 	 1.2643936
0.21478637 	 1.554535
0.15257818 	 1.6778158
0.14836119 	 1.7347918
0.12905738 	 1.2637256
0.11734525 	 1.8540998
0.11568385 	 0.9808458
0.1763944 	 0.79403216
0.22493678 	 1.1583341
0.13411869 	 1.5940511
0.1465495 	 1.2735533
0.12226524 	 1.646789
0.12391886 	 1.6959933
0.13275895 	 1.1790571
0.10356798 	 1.4043233
0.09002008 	 1.3895748
0.09001988 	 1.6420825
0.10713688 	 1.2678635
0.11460243 	 1.2927662
0.09421182 	 2.008054
0.0882488 	 1.4826145
0.08711163 	 1.2259245
0.07143596 	 0.7019288
0.07229404 	 1.4760597
0.067530476 	 1.7737318
0.07694619 	 1.8983839
0.084612146 	 1.8420845
0.09921429 	 1.1902659
0.12043442 	 0.94980395
0.10793918 	 1.084029
0.12704217 	 1.4760454
0.12099799 	 1.4850805
0.1569946 	 1.5575312
0.19617888 	 0.72868896
0.17265634 	 1.37453
0.20592064 	 1.0807239
0.20251463 	 1.0611905
0.23705985 	 1.1181072
0.24050269 	 0.96743864
0.2483749 	 1.4930373
0.24310926 	 1.2649232
0.2320531 	 1.3341088
0.12198043 	 0.8270143
0.11606822 	 1.5801314
0.09065356 	 1.1107988
0.08855275 	 1.0385925
0.097041056 	 1.6848285
0.079444304 	 1.5459445
0.092165224 	 1.5001606
0.07906776 	 1.1478324
0.089656875 	 1.4765619
0.0856381 	 1.3720514
0.098015614 	 1.385779
0.10267849 	 1.4107072
0.14837654 	 1.3317754
0.18291642 	 1.588679
0.26114327 	 1.3316352
0.25027886 	 1.3019389
0.26975015 	 1.2709614
0.28568605 	 0.8283519
0.29605445 	 0.96273476
0.32555306 	 1.0034057
0.34026393 	 0.9905833
0.3302572 	 1.0434612
0.37737575 	 0.822122
0.38138726 	 0.96433115
0.43402022 	 0.72860223
0.42989486 	 0.9737595
0.4004069 	 0.8550352
0.3959556 	 0.9055202
0.31643003 	 0.770701
0.21074156 	 1.2221956
0.12875564 	 1.5339929
0.10015948 	 1.3393381
0.098541565 	 0.8894454
0.10449122 	 1.4551061
0.096086085 	 1.2555743
0.10315211 	 1.1612754
0.09926682 	 1.5919846
0.08764 	 1.2833055
0.08698457 	 1.8709214
0.10620556 	 1.1253175
0.10094341 	 1.5116317
0.10576355 	 1.6227115
0.102052 	 1.4541138
0.10376488 	 1.3067307
0.10945268 	 1.522753
0.10580681 	 0.78962946
0.078605786 	 1.6690152
0.08301282 	 1.5793089
0.09247481 	 2.0901961
0.08711013 	 1.3498002
Summary
0.006266218  -  0.47627363 ,  0.44633082  -  2.5391402
accuracy:  100.0
equal predictions:  0
TensorFlow version: 1.13.1
Found 939 images belonging to 1 classes.
argN = 3136
argN = 3136
0.22060381 	 2.2603912
0.47570547 	 1.8306688
0.2524299 	 1.7549039
0.23701324 	 1.4145893
0.06317614 	 2.0983622
0.01644766 	 2.0744996
0.013794539 	 1.9926485
0.013298993 	 1.8528426
0.2220603 	 1.3060101
0.21341415 	 1.223162
0.09713827 	 2.103735
0.10626714 	 1.8442147
0.23154108 	 1.9660305
0.25766277 	 2.2206097
0.28921 	 1.8357503
0.24740015 	 1.5952495
0.40010238 	 1.5459937
0.28501058 	 2.1568933
0.07524024 	 1.9088788
0.08180823 	 1.7527785
0.027888302 	 1.5981641
0.028352132 	 2.083211
0.013491697 	 2.5773904
0.013943818 	 1.6768343
0.021609373 	 0.8669519
0.1327501 	 2.152826
0.16958678 	 2.138012
0.36468357 	 1.6830299
0.28889868 	 1.2813798
0.29588246 	 2.288148
0.275214 	 1.4966396
0.15976244 	 1.9701167
0.413999 	 2.1723204
0.43621132 	 1.8400167
0.42205295 	 1.375413
0.05427862 	 2.1181092
0.06648164 	 2.1790884
0.11437579 	 1.6264768
0.109490454 	 1.8745576
0.11795168 	 2.115381
0.12442426 	 1.5982145
0.118224956 	 2.1322486
0.08790596 	 2.2025578
0.025709173 	 2.0398762
0.030942215 	 2.0443492
0.017521825 	 1.3666173
0.01983126 	 2.4911673
0.0917817 	 1.954619
0.082027994 	 1.5437201
0.09915091 	 1.2652738
0.081375964 	 1.8573164
0.089331016 	 1.5187463
0.10774113 	 1.8549086
0.097711004 	 2.105244
0.04286911 	 1.7137563
0.022948084 	 1.8822856
0.027845033 	 2.2374165
0.011754845 	 1.2357279
0.011503809 	 1.7477577
0.012152424 	 1.9425198
0.009400245 	 2.6173964
0.0067200647 	 1.6048516
0.009556512 	 1.5673985
0.0061178403 	 1.721913
0.01171456 	 2.5329988
0.012439109 	 2.084977
0.07642362 	 2.3302782
0.044915788 	 2.1259263
0.04509086 	 1.9770242
0.031275664 	 1.4327672
0.032992385 	 1.7760513
0.04677096 	 2.099708
0.054570716 	 2.1820772
0.08592125 	 1.5793543
0.11730142 	 1.7159472
0.09486939 	 1.7581389
0.08748907 	 2.0339785
0.11291495 	 2.1259797
0.061411865 	 1.940552
0.025987413 	 1.8840544
0.026444182 	 2.0401971
0.029003365 	 1.765559
0.109927334 	 1.5319902
0.047996525 	 1.8470914
0.08550596 	 1.5511701
0.059941966 	 2.2369235
0.08803873 	 1.8827775
0.08786131 	 1.8184048
0.08156484 	 1.4579141
0.07546897 	 1.7729797
0.07515008 	 1.7796127
0.070714094 	 1.4999856
0.07625462 	 2.2256885
0.047953878 	 2.0723581
0.028323006 	 2.0818508
0.020607838 	 2.0910501
0.0126175815 	 1.728452
0.010150274 	 2.6458082
0.01016304 	 1.8017614
0.018294243 	 1.5362645
0.026062293 	 1.7210133
0.032785296 	 1.7909386
0.06909205 	 1.0512558
0.07901073 	 1.0928154
0.086658604 	 0.75890374
0.075983 	 1.3263303
0.07924898 	 0.5955136
0.07247776 	 0.77336884
0.07783543 	 1.1723645
0.07487645 	 1.3531505
0.06520727 	 0.6728585
0.06759826 	 1.0579442
0.077740274 	 0.9738177
0.068426505 	 0.8323864
0.076007314 	 1.1444396
0.06694276 	 0.82226735
0.061873756 	 0.7689212
0.06129234 	 0.9180335
0.048709366 	 1.1130084
0.037463292 	 1.2979528
0.033121455 	 2.8269339
0.02734793 	 0.8170808
0.029719248 	 0.78104514
0.024076516 	 0.6306187
0.020350737 	 1.0108495
0.021892142 	 2.786478
0.01713393 	 0.90262854
0.017494226 	 1.3129289
0.023156075 	 0.7515018
0.021302998 	 0.97962976
0.021793876 	 0.8781327
0.021013578 	 1.2473083
0.020774022 	 0.74100256
0.01441616 	 2.8857195
0.013692956 	 2.0576556
0.017984513 	 0.8830421
0.019604692 	 1.3834674
0.011933438 	 0.5301286
0.017981477 	 0.8841149
0.0119485175 	 0.9260772
0.013485957 	 1.471603
0.015116588 	 1.0319551
0.016224097 	 0.89537746
0.010995235 	 1.1781421
0.011764314 	 0.7675386
0.013039597 	 0.7770102
0.00920496 	 0.7555633
0.012871132 	 0.9843909
0.012819089 	 1.2784463
0.011670657 	 1.3107548
0.010277271 	 0.69732714
0.013181577 	 0.7604705
0.011774326 	 0.8148828
0.009994577 	 0.87987304
0.008838919 	 1.0072594
0.012399459 	 1.9660841
0.011450209 	 0.6266924
0.010239152 	 1.0773019
0.006589859 	 1.0945805
0.014301031 	 1.1013008
0.011640928 	 1.117858
0.010761379 	 0.5473158
0.013935114 	 0.38453922
0.013567882 	 0.7577971
0.014970038 	 0.4699511
0.015455819 	 0.7841043
0.017024916 	 1.3432733
0.01706481 	 0.6215855
0.010393985 	 0.5931356
0.010344178 	 0.9390519
0.012699496 	 0.6458151
0.014910565 	 1.7834066
0.013463725 	 0.6158685
0.017539598 	 1.2996469
0.014314333 	 1.024753
0.016565762 	 0.8614228
0.023284124 	 1.1876495
0.02280282 	 0.4599761
0.016110456 	 0.8182699
0.019021876 	 1.0977962
0.020731302 	 0.84459376
0.021598289 	 1.1281174
0.015497164 	 2.0897644
0.019431531 	 1.0079687
0.030637516 	 0.53142506
0.03337231 	 1.6602163
0.047520306 	 0.86990124
0.06094436 	 0.95812917
0.07675432 	 0.77904046
0.061527602 	 0.70527935
0.066646904 	 1.2442724
0.067972235 	 1.2427006
0.072060846 	 0.77395916
0.07254005 	 0.44876957
0.068036795 	 1.030993
0.07776269 	 0.7635636
0.06851638 	 1.0335329
0.051365837 	 1.0826275
0.03217345 	 0.6898029
0.025637072 	 1.2022227
0.021695804 	 0.61965406
0.01597987 	 1.35349
0.017495379 	 1.3657081
0.014084355 	 0.6867311
0.016352776 	 0.69672245
0.24599925 	 1.1221943
0.2470516 	 0.821955
0.25061506 	 1.4323426
0.23746088 	 1.1542281
0.26992455 	 1.1035253
0.24077314 	 1.1785192
0.19602363 	 1.4585954
0.13145176 	 1.5341895
0.12235631 	 0.92876226
0.13048463 	 1.4118446
0.1311947 	 1.3871306
0.11654113 	 1.2908531
0.13584612 	 1.6547916
0.1387667 	 0.96516746
0.15555912 	 1.7152903
0.14875722 	 1.5209087
0.14786987 	 1.481432
0.14559075 	 1.4423645
0.16330115 	 1.3243573
0.14991522 	 1.7517918
0.15392865 	 1.3856975
0.1599584 	 1.3751388
0.15793385 	 1.7312192
0.15412821 	 0.82352483
0.14922757 	 1.8642793
0.16405788 	 1.5499389
0.155558 	 1.6311424
0.15483865 	 1.6132014
0.1428451 	 1.5377034
0.15469392 	 1.6199052
0.14493832 	 1.6087109
0.19711939 	 1.6210283
0.22220297 	 1.4114077
0.2115146 	 1.5957218
0.19912885 	 1.62245
0.19506946 	 1.8081748
0.18061337 	 1.5476851
0.16348924 	 1.0487257
0.15686211 	 1.5760727
0.15369426 	 1.7431757
0.14378634 	 1.8061312
0.2617221 	 1.4922383
0.21718232 	 1.35639
0.14142813 	 2.0023239
0.14657068 	 1.3775146
0.15157466 	 1.1557289
0.10314319 	 1.354816
0.1132317 	 0.9402661
0.123945236 	 1.253864
0.11337736 	 0.7843289
0.10505164 	 1.8157587
0.0892925 	 1.9979298
0.072418734 	 1.7382926
0.09131108 	 1.3020117
0.10380521 	 1.5595195
0.11542888 	 1.4543856
0.12577778 	 1.7041789
0.12967841 	 1.6383787
0.13018557 	 1.270622
0.14550844 	 0.88258916
0.13637759 	 1.010814
0.14384311 	 1.2076102
0.19172391 	 1.559204
0.20704511 	 1.1260245
0.2171273 	 1.2674078
0.22765833 	 1.3457694
0.15495 	 1.1920165
0.15209167 	 0.872735
0.14029759 	 1.6883372
0.12970169 	 1.7463442
0.10385798 	 0.97092247
0.106337145 	 1.6339157
0.099606864 	 1.7194817
0.11577861 	 1.8110298
0.10659187 	 0.86432934
0.10562701 	 1.9209269
0.11966382 	 1.2032526
0.14576355 	 1.3991331
0.15663308 	 1.6966344
0.19324526 	 1.9259384
0.24414411 	 0.95088327
0.298777 	 1.1835802
0.37341937 	 0.9466811
0.3889454 	 0.9759602
0.43687388 	 0.9258556
0.41446367 	 0.8175335
0.45228294 	 0.9639638
0.43285835 	 0.81804514
0.45453146 	 0.8651216
0.27250057 	 1.1182549
0.24651551 	 1.227382
0.1216368 	 1.2922044
0.11383471 	 1.8212203
0.11549758 	 1.363152
0.11598475 	 0.96038544
0.1131492 	 1.0516928
0.124154754 	 1.9877934
0.116780855 	 1.4894997
0.10653763 	 1.2355903
0.12004145 	 0.7991953
0.09728522 	 0.913681
0.11839825 	 1.6637384
0.12590635 	 1.7369657
0.112661876 	 1.4087785
0.118078046 	 1.4823881
0.12191659 	 1.565053
0.1165341 	 1.6422731
0.11325413 	 1.5022055
Summary
0.0061178403  -  0.47570547 ,  0.38453922  -  2.8857195
accuracy:  100.0
equal predictions:  0
TensorFlow version: 1.13.1
Found 939 images belonging to 1 classes.
argN = 3136
argN = 3136
0.24650759 	 2.0004442
0.26520193 	 1.7297741
0.25803673 	 1.942112
0.26657075 	 1.6829449
0.3473732 	 1.9407806
0.14672148 	 1.5587971
0.06167442 	 1.6413668
0.04144359 	 2.07602
0.018718844 	 1.91673
0.00829155 	 1.5368636
0.028854644 	 2.0579007
0.09914315 	 1.2494733
0.15899065 	 1.5666913
0.12997873 	 2.033281
0.14569941 	 1.8548374
0.288113 	 1.3045238
0.32211286 	 1.790893
0.36357778 	 1.6049266
0.22169329 	 1.463514
0.33173808 	 1.3896797
0.078028545 	 1.3683925
0.05107499 	 1.4317554
0.029944867 	 2.200326
0.021598227 	 1.9433746
0.026996069 	 2.0787685
0.036550485 	 2.1135178
0.25496396 	 1.9688407
0.37026548 	 1.8646662
0.35508427 	 1.8715106
0.3475151 	 1.7911738
0.40694693 	 1.9871505
0.47603363 	 2.0911255
0.44908175 	 1.5293839
0.3900224 	 2.9424598
0.36118922 	 2.7066424
0.27721766 	 1.9524971
0.34334388 	 1.5676347
0.41721684 	 1.6816067
0.4183876 	 2.1173086
0.47568965 	 1.7685109
0.03365429 	 1.7748026
0.11967369 	 1.8354402
0.12895402 	 1.9267746
0.10489282 	 1.9135908
0.13016568 	 2.150151
0.026749687 	 2.031256
0.022673247 	 2.0226386
0.022946741 	 1.8833436
0.014376794 	 1.759153
0.0133426655 	 1.7520142
0.014742509 	 1.4236294
0.10571777 	 1.9816512
0.09754349 	 1.5239216
0.10433924 	 1.453221
0.08587565 	 1.7342577
0.08273146 	 1.887201
0.107617795 	 2.1699638
0.027376844 	 2.3641446
0.023936216 	 2.1987672
0.023719579 	 2.166115
0.00772586 	 1.4704639
0.005126002 	 1.8761389
0.005434411 	 2.3702567
0.005599051 	 2.2698822
0.006692522 	 1.8678486
0.048909456 	 1.9520566
0.0388016 	 2.0086837
0.044459667 	 1.6491277
0.0978307 	 2.245481
0.09340304 	 1.8746505
0.08025504 	 1.9395146
0.07224189 	 2.2380784
0.06209933 	 1.8508834
0.046084087 	 2.4442918
0.052116062 	 1.8541195
0.043539766 	 2.3879232
0.032490626 	 2.4400694
0.023924068 	 1.8680282
0.058598466 	 1.7656155
0.07445244 	 1.5315421
0.09678205 	 1.3353173
0.11096408 	 2.1189702
0.12244065 	 1.4988374
0.11798596 	 1.2177539
0.1000681 	 2.7302828
0.13117355 	 1.9541688
0.12414585 	 2.3621237
0.08942012 	 1.6837041
0.10862152 	 1.6346699
0.086230926 	 1.3996795
0.18399101 	 1.1583828
0.117940955 	 1.6858288
0.06414835 	 2.3830814
0.06321233 	 2.0704546
0.071507215 	 2.010807
0.08806418 	 1.8644
0.043437734 	 1.9802912
0.04087293 	 1.8792063
0.0132438475 	 2.2618809
0.009266802 	 1.5703164
0.012885503 	 1.99823
0.014592869 	 2.6726499
0.01967095 	 1.9534374
0.03999671 	 1.7778784
0.056166705 	 1.446262
0.06960274 	 2.086097
0.06715883 	 1.5579588
0.02631224 	 2.0831947
0.089358196 	 1.2845635
0.08098912 	 1.1645885
0.09315453 	 1.504481
0.086916685 	 0.7046504
0.08166302 	 1.0039628
0.08606656 	 1.059241
0.07931692 	 1.2480958
0.07882407 	 1.101649
0.07494615 	 0.79099315
0.08201298 	 1.382878
0.07807733 	 1.04873
0.061137658 	 0.838481
0.04635757 	 0.7777642
0.037160065 	 0.9126536
0.040667802 	 1.0531571
0.04357258 	 0.88346463
0.037690975 	 0.60816216
0.039146233 	 0.86791116
0.032709725 	 0.9167679
0.026676653 	 1.2752597
0.025473623 	 1.0698935
0.016043343 	 0.43721735
0.023486633 	 0.9519553
0.01906434 	 0.8181605
0.017743252 	 1.1617798
0.015919428 	 1.1676602
0.01409989 	 0.7790772
0.018122036 	 1.3742969
0.019665478 	 1.0139434
0.020205911 	 1.0605808
0.023122648 	 0.9377148
0.016245723 	 1.2978419
0.021620275 	 0.68108094
0.020836582 	 1.006767
0.013700389 	 1.0966116
0.011440864 	 0.8986637
0.011347961 	 0.5257865
0.013234244 	 1.2313224
0.012190375 	 1.9316747
0.010891226 	 0.95551974
0.011646174 	 0.6947339
0.009786415 	 1.0232654
0.00896617 	 1.2318709
0.009299168 	 1.2856898
0.005925174 	 1.091996
0.0069595193 	 1.7854593
0.0067600897 	 0.82105196
0.011282735 	 0.8242994
0.009872431 	 1.1098021
0.0088068675 	 0.5123631
0.008724069 	 0.86583936
0.008655046 	 0.84441996
0.011153982 	 1.434083
0.009184687 	 1.7524102
0.007981597 	 0.87126327
0.009968749 	 1.4288183
0.008334763 	 1.2210343
0.008270515 	 0.73902047
0.0084715085 	 1.0991337
0.009011517 	 0.87470835
0.009924382 	 1.012187
0.006075862 	 0.8299661
0.011887293 	 1.1293855
0.013066712 	 0.932178
0.0150047075 	 1.1040261
0.009788341 	 1.0274957
0.0106210075 	 1.4181846
0.017390812 	 0.63617504
0.01390707 	 0.70013434
0.019594723 	 0.70891565
0.02257204 	 1.1474102
0.013817141 	 0.7732212
0.017019156 	 1.5698806
0.032601647 	 0.66399485
0.03705744 	 0.5044728
0.052101433 	 0.4820119
0.055118006 	 1.0418379
0.06378451 	 0.85219777
0.06446306 	 1.373897
0.06796483 	 0.8826834
0.055421565 	 1.0701498
0.066334054 	 0.9169538
0.06326008 	 0.98044056
0.059157073 	 1.2187779
0.054140877 	 1.2894734
0.037683733 	 0.75971884
0.040262572 	 0.8067315
0.03519345 	 0.7218983
0.03432873 	 1.1786642
0.03343967 	 0.950966
0.023820657 	 0.8209883
0.01601197 	 0.87651306
0.0114711905 	 1.1562952
0.015974721 	 1.1846639
0.010598478 	 1.16031
0.23456302 	 0.9848957
0.22569713 	 1.0739387
0.2322127 	 0.918281
0.2059749 	 1.6920867
0.17277443 	 1.6605992
0.17850313 	 1.1713564
0.16181694 	 1.203294
0.11976661 	 1.2148535
0.116063334 	 1.6872194
0.108970284 	 1.2924207
0.11196504 	 1.0930719
0.13393454 	 1.7464703
0.14045459 	 1.51855
0.14685105 	 1.4997102
0.14568742 	 1.1502036
0.14763765 	 1.54405
0.15009333 	 1.5779513
0.1323298 	 1.3314164
0.12520441 	 1.4807229
0.1255984 	 1.1997119
0.11580906 	 1.3676803
0.12458553 	 1.1712072
0.1432415 	 1.7426747
0.14089279 	 1.1426452
0.14396034 	 1.4275792
0.13864839 	 1.3992423
0.122144006 	 1.2253839
0.13320753 	 1.4162555
0.15120788 	 1.6197304
0.16209054 	 1.3813378
0.21018164 	 1.591905
0.19142108 	 1.0875372
0.15478283 	 1.5834472
0.15795904 	 1.5902611
0.13838065 	 1.0843598
0.12933722 	 1.0884241
0.1246602 	 1.6696697
0.13534665 	 1.5026107
0.12011538 	 2.0967977
0.24056546 	 1.3245914
0.17766397 	 1.3506576
0.14492364 	 1.3611801
0.14841808 	 1.2213159
0.13791111 	 1.7363774
0.123751014 	 1.0540382
0.12540284 	 1.3183187
0.11665707 	 1.2458559
0.098966576 	 0.9086732
0.09213725 	 1.6134961
0.10513996 	 1.3718501
0.10162568 	 0.72156197
0.0964706 	 1.125486
0.086925395 	 1.7419153
0.06046757 	 1.0702789
0.07063368 	 1.232277
0.06902039 	 1.0847539
0.08091345 	 1.935105
0.098000295 	 1.1281627
0.116527066 	 1.4991904
0.116741665 	 1.2951514
0.12435547 	 1.2460442
0.1225444 	 0.767936
0.11607753 	 1.2975355
0.12441609 	 1.3180797
0.11298482 	 1.6053305
0.114276096 	 1.6726518
0.16155146 	 1.4502622
0.17302951 	 1.4766793
0.21020105 	 1.2543901
0.19060686 	 1.0689865
0.16804166 	 1.3605754
0.13563864 	 1.685412
0.1217744 	 0.96692455
0.119304866 	 0.91130835
0.08439331 	 1.5714129
0.09984836 	 1.3894058
0.08486302 	 1.3624417
0.080530465 	 1.7069411
0.08211579 	 1.7397008
0.08295007 	 1.3771039
0.08422568 	 1.448728
0.09229294 	 1.9351727
0.118565604 	 0.79487276
0.12901174 	 1.6146842
0.12171266 	 1.5539368
0.1745226 	 1.5071924
0.18263534 	 1.541215
0.19679473 	 1.0415174
0.21450756 	 1.1317796
0.2797021 	 0.92947483
0.389774 	 0.8506215
0.41305855 	 0.97929597
0.41434306 	 0.890381
0.33123374 	 1.0227902
0.16843815 	 0.8022272
0.120533325 	 1.3340054
0.113604106 	 1.7177685
0.093668506 	 1.7922603
0.10224912 	 1.2715178
0.08994 	 1.4679471
0.091569 	 1.3841221
0.10949052 	 1.8107297
0.0844725 	 1.776699
0.087851286 	 1.3440323
0.08275639 	 1.2239599
0.08981225 	 1.2514715
0.08665178 	 1.2060394
0.08713874 	 1.7063676
0.073885866 	 0.92476785
0.07956305 	 1.2115185
Summary
0.005126002  -  0.47603363 ,  0.43721735  -  2.9424598
accuracy:  100.0
equal predictions:  0
TensorFlow version: 1.13.1
Found 939 images belonging to 1 classes.
argN = 3136
argN = 3136
0.3501011 	 2.6184347
0.424693 	 2.1816552
0.58080226 	 2.2959292
0.22396985 	 2.315246
0.06936385 	 2.4746141
0.043003753 	 2.0532715
0.031476475 	 1.8777461
0.027364286 	 2.5841613
0.022272563 	 3.0036013
0.028972195 	 1.8959527
0.34118745 	 1.1705358
0.16158746 	 1.7395488
0.34866357 	 1.9666007
0.45375744 	 1.9814445
0.41085634 	 2.0075266
0.37271982 	 2.180947
0.37750927 	 1.5672326
0.2278206 	 2.019681
0.1763779 	 2.0947049
0.11606521 	 1.638221
0.1229823 	 1.7976332
0.03893706 	 2.9954116
0.027488034 	 2.1869888
0.022180963 	 2.6967773
0.036180355 	 2.110601
0.0344146 	 2.252418
0.44549888 	 2.295893
0.6118903 	 1.9570348
0.65349185 	 1.8154998
0.56048584 	 2.238606
0.5271524 	 1.8342555
0.46685678 	 2.2087064
0.44756022 	 2.2080252
0.47626787 	 2.1152406
0.4201356 	 2.605689
0.36916178 	 2.5116303
0.3678533 	 1.8095427
0.073762335 	 2.0482123
0.06530799 	 2.654727
0.18808423 	 1.8013388
0.12584652 	 1.9982115
0.14289948 	 1.9331682
0.04102699 	 2.7480829
0.037273772 	 2.7770545
0.025787946 	 2.779895
0.022190103 	 2.5504026
0.2613819 	 1.3670452
0.22368176 	 1.2538388
0.17214127 	 1.5846381
0.13735797 	 1.4824386
0.1488901 	 2.044414
0.12687278 	 1.8164494
0.11868841 	 1.7706282
0.15820576 	 2.4091628
0.046532772 	 2.1119576
0.02892575 	 2.053975
0.016366165 	 2.0209618
0.023673985 	 2.7624676
0.118998475 	 2.041003
0.100665994 	 2.321345
0.106254086 	 1.5245465
0.10373532 	 2.3100893
0.09275382 	 2.630403
0.07652123 	 3.107027
0.07627951 	 2.282101
0.047257256 	 2.3786397
0.041363325 	 2.2691038
0.09669696 	 1.5003129
0.16833785 	 2.1894205
0.1317643 	 1.898152
0.045719646 	 2.2201326
0.03707872 	 2.387843
0.03433206 	 1.6873215
0.05511379 	 1.7547579
0.10862252 	 2.07601
0.06892926 	 2.820205
0.23937435 	 1.0766201
0.25690696 	 1.2588997
0.28774002 	 1.3012226
0.13662574 	 1.7540939
0.028366236 	 2.2680173
0.039362025 	 2.2423513
0.026207663 	 2.7448041
0.016855292 	 2.3529394
0.016634304 	 2.00788
0.017515456 	 2.6694603
0.10608739 	 1.7740378
0.141249 	 0.9760317
0.14290553 	 0.949168
0.13236926 	 0.71073204
0.13326868 	 0.8748169
0.1372656 	 0.6897126
0.13742088 	 1.37989
0.13854836 	 0.7053211
0.13527943 	 1.0932783
0.1241063 	 1.4257655
0.13491906 	 0.67777294
0.12805353 	 0.8120257
0.13962291 	 1.1411804
0.1371929 	 1.0633135
0.10996113 	 0.7257889
0.1341405 	 1.6410196
0.11691437 	 1.2961639
0.12414072 	 1.0091339
0.10965779 	 0.8027619
0.10673564 	 1.3581738
0.10850366 	 1.4715347
0.100301534 	 1.9871233
0.09012379 	 1.4497336
0.08727961 	 0.79676986
0.09007082 	 1.3794641
0.08393387 	 0.8865669
0.07219236 	 1.6224527
0.07698417 	 0.89100873
0.066440366 	 0.8313936
0.06429498 	 0.97435796
0.057104863 	 1.0700085
0.051192235 	 0.7156873
0.040247247 	 0.59649193
0.039201465 	 1.0310923
0.038874224 	 0.9230504
0.0316705 	 1.4881734
0.030928198 	 1.4239621
0.028414495 	 1.2603911
0.032268185 	 1.1923949
0.031789675 	 1.4692914
0.031751037 	 1.3093089
0.03637733 	 1.6063071
0.030242536 	 0.7044243
0.02982763 	 1.4081421
0.027717806 	 0.8070422
0.024923187 	 1.1195996
0.02295467 	 0.63985306
0.022725746 	 0.85436684
0.024310576 	 1.0755076
0.02662805 	 0.80236083
0.023672583 	 1.0057902
0.022149822 	 1.0706539
0.022070482 	 0.8518975
0.016261717 	 1.5721712
0.016869659 	 0.98202366
0.01807057 	 0.9071097
0.020341612 	 1.5673494
0.022480596 	 1.4142311
0.015322957 	 1.4648372
0.021532876 	 1.6514908
0.018737245 	 1.0540522
0.019136334 	 0.6235458
0.017341383 	 1.0364591
0.020532392 	 1.1779027
0.020147584 	 1.3107519
0.019522332 	 0.9571568
0.020414915 	 1.3051238
0.026245294 	 1.4591337
0.022094734 	 1.7307276
0.021773774 	 1.3671088
0.022627398 	 1.304481
0.023961857 	 1.0000899
0.025050486 	 1.456807
0.025653215 	 0.7906473
0.03939191 	 0.711107
0.031640846 	 0.71747804
0.032168034 	 1.0688077
0.0410355 	 0.98308456
0.047972072 	 0.8012302
0.051080886 	 1.5200316
0.05196418 	 1.3887979
0.06470803 	 1.4355261
0.07785341 	 0.5909565
0.07730152 	 1.0019968
0.08703418 	 1.5029321
0.10450247 	 0.9978972
0.100719124 	 1.1303089
0.104262434 	 0.7153866
0.10705508 	 1.4473963
0.10923984 	 1.0377561
0.10923126 	 1.0345371
0.10525286 	 1.4691927
0.09636729 	 1.0046333
0.07573525 	 0.7542734
0.08993237 	 1.6015956
0.08647428 	 1.3367931
0.08376242 	 0.8399813
0.08523286 	 1.1786553
0.079782836 	 0.87455374
0.035262726 	 1.2504694
0.021689469 	 1.5760163
0.024545483 	 0.5840953
0.30829364 	 1.213276
0.32993168 	 1.0235159
0.2683342 	 1.415302
0.23151103 	 1.5117934
0.19851157 	 1.4636118
0.20034009 	 1.016658
0.19539188 	 1.0381404
0.18193385 	 1.6132396
0.1920496 	 1.5477711
0.2078908 	 1.7500865
0.2110771 	 1.397825
0.21198618 	 1.2630262
0.20575821 	 1.2472464
0.2166923 	 1.1387575
0.21932541 	 1.3823603
0.20695494 	 1.5016086
0.19549268 	 1.2944212
0.19840632 	 1.0218413
0.21884538 	 1.5642976
0.20550293 	 1.0710093
0.2077536 	 1.4831362
0.20475858 	 1.1938218
0.196785 	 1.2847246
0.21813434 	 1.1483186
0.19091983 	 1.8955475
0.19689408 	 1.7316667
0.20652851 	 1.0526618
0.19662529 	 1.0383302
0.19018786 	 1.3518337
0.2361988 	 1.4777899
0.28340638 	 1.2092322
0.27062786 	 1.4598469
0.24199985 	 1.6161748
0.1978986 	 1.6444353
0.20144825 	 1.0320433
0.19555849 	 1.6274078
0.1794966 	 1.448685
0.34484532 	 0.69401
0.32034484 	 1.3454776
0.24478148 	 1.4872375
0.19823545 	 1.7871178
0.20938824 	 2.420538
0.2119162 	 2.0290391
0.2213457 	 1.9630299
0.21524309 	 1.497494
0.22819743 	 1.3182299
0.20655152 	 1.6668024
0.17888646 	 1.6182097
0.17649253 	 1.5420111
0.1671081 	 1.2943808
0.1492001 	 1.6566867
0.17069563 	 1.1359003
0.14802067 	 1.9037812
0.15567389 	 1.5357444
0.14983441 	 1.7979375
0.14562246 	 1.7247946
0.14240721 	 1.1997283
0.12665884 	 1.9195926
0.12396987 	 2.3666382
0.114603035 	 1.7055962
0.10840056 	 1.7663121
0.11654783 	 1.8469819
0.18525614 	 1.327668
0.20259996 	 1.6472437
0.19174737 	 1.6212617
0.19856086 	 1.4127681
0.20816688 	 1.2578065
0.19373001 	 1.4141018
0.18857418 	 1.6516366
0.23295535 	 1.5345535
0.26048774 	 1.1894623
0.3074574 	 1.0401793
0.3087854 	 0.9180632
0.2717351 	 1.0215615
0.22938046 	 1.3616898
0.1995394 	 1.4698405
0.1533645 	 1.8481216
0.13665068 	 1.5217148
0.14296076 	 1.4489683
0.13840707 	 1.486133
0.14596823 	 1.3733965
0.12320908 	 1.6736053
0.13548698 	 1.309274
0.11857728 	 1.2311695
0.13777149 	 1.4968954
0.15826182 	 1.7665234
0.16131064 	 1.9952129
0.17899203 	 0.89829147
0.21538657 	 1.6710745
0.22298105 	 0.78511393
0.23745218 	 1.6670085
0.2396495 	 1.4732152
0.27394235 	 1.0429082
0.38236922 	 0.86321604
0.38001364 	 0.9498237
0.39254537 	 0.81751096
0.40062222 	 0.8156422
0.41298884 	 0.8208578
0.41514817 	 0.8508331
0.42577013 	 0.74172163
0.46575043 	 0.8620402
0.45453054 	 0.7636924
0.4861009 	 0.79993606
0.5095282 	 0.7959714
0.410398 	 0.937632
0.37195572 	 0.78940094
0.35151547 	 0.7801604
0.3095728 	 0.947528
0.24298728 	 1.160334
0.22792818 	 1.4427906
0.20234628 	 1.6750935
0.15190285 	 1.8574141
0.16011138 	 1.0826565
0.14527862 	 1.2203326
0.14988606 	 1.1515447
0.14624947 	 1.7552222
0.13884342 	 1.1641982
0.15390745 	 1.4596498
0.14855735 	 1.4960743
0.14689365 	 1.9503018
0.1491651 	 1.7974012
0.1551709 	 1.7854743
0.13873857 	 2.026686
0.13923527 	 1.9475569
0.14123377 	 1.2646143
Summary
0.015322957  -  0.65349185 ,  0.5840953  -  3.107027
accuracy:  100.0
equal predictions:  0
