TensorFlow version: 1.13.1
Found 939 images belonging to 1 classes.
argN = 784
argN = 784
0.1308186 	 2.3787382
0.4034916 	 2.6888323
0.36637285 	 2.4883132
0.14564446 	 3.0203125
0.07819895 	 2.9755328
0.05439221 	 2.8295624
0.044334732 	 1.7960013
0.043001514 	 2.771368
0.029774634 	 2.488566
0.02710042 	 2.524848
0.03196659 	 2.6408386
0.06105219 	 2.0009441
0.06364431 	 2.0694902
0.060143933 	 2.9377916
0.10724629 	 2.2474933
0.0493683 	 2.5358028
0.047917545 	 3.0021377
0.034031197 	 2.58484
0.050875157 	 3.6939387
0.031698 	 2.5068629
0.027427688 	 2.5365558
0.055052947 	 3.0101988
0.09766704 	 2.5881407
0.10647053 	 3.149599
0.053851042 	 2.5822225
0.27290893 	 1.9778191
0.07548132 	 2.3042517
0.077195145 	 2.2807977
0.008967673 	 3.1162202
0.014145895 	 3.417232
0.0063969814 	 2.5674486
0.040342502 	 2.2919033
0.07560422 	 2.9675736
0.29470715 	 2.4116895
0.24445483 	 2.705115
0.28441116 	 2.5245028
0.22488923 	 2.7855356
0.17773032 	 2.0307717
0.12837464 	 2.5598023
0.1168806 	 2.4593966
0.10949006 	 2.7524896
0.11336221 	 2.1286442
0.097224385 	 3.084347
0.18674476 	 2.2210596
0.22711512 	 2.0421824
0.19577813 	 2.6924672
0.30154955 	 2.980678
0.3772843 	 2.9042335
0.41023073 	 2.2104504
0.048084266 	 3.4419153
0.109118916 	 2.7392802
0.15247883 	 2.115695
0.10779119 	 2.6514816
0.07829428 	 2.5527918
0.03641071 	 3.2968845
0.03369658 	 4.872488
0.01671964 	 3.9539251
0.028463494 	 4.098277
0.02715952 	 2.3984218
0.025837548 	 3.4862022
0.0429788 	 2.5620365
0.03466874 	 2.3064513
0.025797976 	 3.1962717
0.037671972 	 2.2202425
0.09569817 	 3.1144776
0.123627506 	 2.7756157
0.04571035 	 3.0268655
0.012787454 	 2.7243037
0.024504557 	 2.320758
0.016719397 	 2.4500575
0.005030808 	 2.4065125
0.005082088 	 2.4109979
0.0076814713 	 3.6997497
-9.5367386e-07 	 3.7197287
0.0038328813 	 3.3091385
0.0063969814 	 2.4664447
0.017083606 	 2.7884004
0.018757895 	 2.7835214
0.06160139 	 2.4106
0.2078547 	 1.6633149
0.20183319 	 2.384256
0.21671931 	 2.625027
0.080637 	 2.1426835
0.10433123 	 2.7069995
0.11660362 	 2.2644181
0.06466365 	 1.6932479
0.11681535 	 3.0653281
0.11419364 	 1.9773962
0.08846842 	 1.5093203
0.13233769 	 2.8579648
0.16481653 	 2.697729
0.18842031 	 2.3072882
0.13645075 	 2.4010031
0.086947896 	 3.4062057
0.04166932 	 3.2408974
0.024011493 	 2.912155
0.20552093 	 1.6143415
0.058021538 	 3.078807
0.084508106 	 2.257328
0.052373048 	 2.0053587
0.04710748 	 2.597505
0.047625758 	 2.0836318
0.042812306 	 3.8833148
0.04293164 	 2.2537954
0.013062183 	 3.1781652
0.014128847 	 2.144373
0.026464622 	 2.9091277
0.024532167 	 2.4898467
0.0076817716 	 2.3744454
0.0038328813 	 3.1142979
0.001275339 	 2.9324307
0.0063969814 	 2.7239811
0.031103915 	 2.6563764
0.026790705 	 1.4693189
0.022213262 	 1.554082
0.016656486 	 1.8925045
0.021928819 	 1.8592707
0.02097158 	 1.0053514
0.023953188 	 1.51775
0.012046424 	 1.2525246
0.011878306 	 1.4762431
0.021534277 	 0.9518372
0.006410059 	 1.2969453
0.027132573 	 1.7278378
0.010395973 	 0.9185159
0.018314093 	 2.0119746
0.016707154 	 1.3205309
0.0128955245 	 2.892509
0.015666012 	 1.8064872
0.020617634 	 1.5525043
0.019316979 	 1.3597405
0.014137129 	 1.6057814
0.0146326665 	 1.3719152
0.015423434 	 1.3839166
0.0063969814 	 1.6402909
0.0025532627 	 2.0996623
0.008967673 	 1.5698531
0.0076814713 	 1.0237765
0.0127262985 	 2.0984757
0.0038328813 	 2.0539877
0.0013125804 	 1.3421624
0.0038356339 	 1.0398443
0.00511408 	 1.4769839
0.0038328215 	 1.1894702
0.0063840845 	 1.6738474
0.006396922 	 1.5231014
0.0038328813 	 1.9155301
0.0063938024 	 2.7139463
0.006396922 	 1.3447083
0.0089589525 	 1.8817465
0.0076814713 	 1.5819653
0.017349208 	 1.9551322
0.010255472 	 1.7567694
0.013802214 	 1.3081491
0.005218389 	 1.3202704
0.0050614798 	 2.5577376
0.0025550555 	 1.6277162
0.0076814713 	 2.0274115
0.0038328813 	 1.0470451
0.0038361123 	 2.4199915
0.0059375856 	 1.2331254
0.001275339 	 2.2951005
0.0063969814 	 2.2084074
0.0038328215 	 1.5468836
0.0038328813 	 1.1819808
0.012836416 	 0.9335367
0.00511408 	 1.5337014
0.0025530835 	 1.3761319
0.0025532627 	 2.3703218
0.0025532627 	 1.5708917
0.0051141996 	 1.8221043
0.008651258 	 1.147509
0.0025532627 	 1.191351
0.016700063 	 1.176168
0.021921447 	 1.4434748
0.021648597 	 1.3958644
0.03641825 	 1.5920441
0.030740958 	 1.634817
0.04256965 	 1.6675788
0.035948317 	 1.5899799
0.024532044 	 1.7511783
0.018153356 	 2.2565422
0.036376774 	 0.92373294
0.034314726 	 1.1336641
0.029465074 	 1.3811077
0.024682019 	 1.2943676
0.0461138 	 1.3106945
0.029791215 	 1.8828899
0.0225985 	 2.03242
0.025972182 	 1.7015988
0.028394505 	 1.2117958
0.038580727 	 1.573166
0.018016798 	 1.2320635
0.030930964 	 2.0005283
0.014128968 	 2.135501
0.026914628 	 1.8011597
0.017087182 	 1.6891538
0.010610466 	 1.9585768
0.0193171 	 1.5224046
0.012835692 	 1.3973601
0.014128908 	 1.0814817
0.19838858 	 1.6002249
0.2008178 	 1.2618134
0.23509583 	 2.1431885
0.1671868 	 2.0497985
0.17368196 	 1.5896012
0.17970003 	 2.3201768
0.14611922 	 1.8872914
0.13365354 	 1.96071
0.0906349 	 2.7320514
0.08692501 	 1.3316256
0.07070117 	 1.3614956
0.09712631 	 2.225874
0.07280125 	 1.8789566
0.07930053 	 2.6247678
0.087936155 	 3.0268028
0.09221006 	 1.4895899
0.0891649 	 2.8657174
0.09056377 	 1.6944853
0.08913819 	 2.5699663
0.09559527 	 2.6011355
0.08515569 	 2.029669
0.092763565 	 3.1378706
0.07467168 	 2.717295
0.054566372 	 2.3601835
0.0635075 	 2.5128667
0.0544267 	 3.3686154
0.050680447 	 2.468621
0.05507247 	 2.4831848
0.068606704 	 2.700767
0.08383579 	 2.2100248
0.10187841 	 2.2125106
0.19777052 	 2.4456189
0.13821925 	 1.4605882
0.103377014 	 2.1982493
0.1147023 	 2.5698051
0.083567224 	 2.454537
0.099067986 	 2.6371672
0.09632988 	 1.8428905
0.12708724 	 1.0884749
0.21246211 	 2.044286
0.09911761 	 3.8311486
0.11739573 	 3.406283
0.11644898 	 3.4863153
0.10512441 	 2.0418744
0.09872049 	 1.7157578
0.09398707 	 2.3911965
0.089329645 	 2.1426826
0.079616554 	 2.3331225
0.076275595 	 2.0789025
0.06638183 	 2.490419
0.07169796 	 1.8283477
0.065960824 	 2.9181092
0.06678172 	 1.5456433
0.038992465 	 2.9998965
0.03240621 	 1.2027107
0.03138932 	 2.4900465
0.04102134 	 2.80509
0.0381164 	 1.7220758
0.035927065 	 2.439506
0.03354081 	 2.7931893
0.029774511 	 3.406283
0.048222866 	 2.473347
0.0369009 	 2.020043
0.07276195 	 2.1116123
0.09351508 	 2.3929062
0.18353897 	 1.8685393
0.17306906 	 1.7626994
0.1945081 	 1.7285333
0.20878692 	 2.1165397
0.15228231 	 1.6145706
0.11322469 	 2.031276
0.058846124 	 2.802415
0.043254856 	 2.9546237
0.031084731 	 2.423329
0.028460672 	 2.1000526
0.02846153 	 2.5541332
0.041548587 	 2.7725432
0.028463738 	 2.754919
0.027149966 	 1.7815309
0.032283023 	 1.7547293
0.056407265 	 1.2265638
0.0433898 	 2.4325898
0.067324586 	 2.260322
0.11689983 	 2.6074646
0.14022689 	 2.444799
0.13649769 	 2.8131814
0.15166947 	 2.2710788
0.27321643 	 1.6067324
0.26734746 	 1.6958958
0.26986116 	 1.7097235
0.25971988 	 1.7021087
0.2667501 	 1.939057
0.23334096 	 1.4915929
0.24729146 	 1.7573073
0.19924285 	 1.8738384
0.1683497 	 1.7103919
0.14956746 	 2.2634525
0.110249594 	 2.7718282
0.11499801 	 2.7931786
0.095166706 	 2.8142755
0.06862732 	 1.1464884
0.059093714 	 2.2222817
0.048341464 	 2.4571664
0.04966072 	 2.110342
0.06308148 	 2.9357338
0.06181517 	 2.099988
0.09896776 	 2.1524029
0.09610813 	 2.742924
0.0949053 	 2.371244
0.080282554 	 2.175764
0.06593402 	 2.454861
0.05570158 	 1.6348029
Summary
-9.5367386e-07  -  0.41023073 ,  0.9185159  -  4.872488
accuracy:  100.0
equal predictions:  0
TensorFlow version: 1.13.1
Found 939 images belonging to 1 classes.
argN = 784
argN = 784
0.16596746 	 3.1652033
0.19833937 	 2.7108285
0.31991202 	 2.7257414
0.2881408 	 2.5537384
0.07273419 	 3.4212723
0.032156155 	 3.7702293
0.059081446 	 2.55819
0.07682331 	 2.4418247
0.07537488 	 2.5203166
0.13923472 	 1.7329559
0.14911859 	 1.9306289
0.07614321 	 2.7694192
0.09469993 	 3.3921065
0.101661906 	 2.298796
0.24488106 	 2.6234195
0.29211128 	 2.7382061
0.1999148 	 1.8524337
0.15503456 	 2.612477
0.09977828 	 3.0513048
0.031151446 	 3.3444989
0.021894151 	 2.9690187
0.038989983 	 3.4821765
0.09024824 	 3.4860096
0.17720659 	 3.3938339
0.29381046 	 2.1849196
0.26931536 	 2.252129
0.23961277 	 2.5365415
0.2703653 	 2.7393503
0.12182846 	 3.0274596
0.21526615 	 3.1953588
0.21908534 	 3.4395585
0.19399765 	 2.8016067
0.33978954 	 2.4560285
0.3714442 	 3.0917797
0.4502244 	 2.871944
0.45620432 	 1.9628356
0.16564813 	 3.2843444
0.20004962 	 2.678578
0.057267375 	 3.5395463
0.054866612 	 2.6719563
0.06848765 	 2.3870506
0.11012628 	 1.7464341
0.09649365 	 2.1259112
0.09059202 	 2.623565
0.080844745 	 2.8131983
0.083591916 	 2.3988547
0.031787522 	 2.626426
0.03795059 	 3.7383552
0.037679028 	 2.3123217
0.060432684 	 2.6762543
0.07115694 	 2.3896718
0.045318417 	 2.154502
0.055087525 	 2.1693017
0.046672594 	 3.4051511
0.0063970415 	 2.732111
0.023393031 	 4.013946
0.0336943 	 2.7089083
0.0720356 	 2.2080235
0.23536015 	 2.5730524
0.08098887 	 2.9179614
0.0811493 	 2.4408064
0.11033864 	 2.8657174
0.16734286 	 2.156045
0.11776774 	 3.7668805
0.086083576 	 2.821397
0.037616704 	 3.041578
0.1726851 	 1.9009458
0.011518822 	 1.9494036
0.0053417045 	 2.5342996
0.10688951 	 2.3356268
0.09996975 	 2.2900758
0.055639382 	 3.5254242
0.023240993 	 3.179213
0.04190865 	 2.5571563
0.04435037 	 2.9150505
0.047040254 	 2.6008246
0.02592826 	 2.801155
0.032342736 	 2.6020792
0.036975857 	 3.090952
0.030523885 	 2.8329058
0.021894457 	 3.406254
0.011679702 	 3.2952602
0.018246105 	 3.2751498
0.014128968 	 3.4048605
0.037642326 	 2.8127735
0.038389817 	 2.8891695
0.035286807 	 1.2211871
0.04166292 	 1.6195648
0.035063434 	 1.8148127
0.033151153 	 2.2516587
0.031447507 	 1.0590166
0.028470853 	 1.2537185
0.03390417 	 2.2076879
0.027059205 	 2.2907817
0.032395374 	 2.0901244
0.030773103 	 1.6812863
0.01801692 	 2.433754
0.015497527 	 1.5983278
0.040414862 	 1.8464748
0.027993789 	 1.6353799
0.015465262 	 2.1827364
0.020564273 	 1.503419
0.038957387 	 2.0199757
0.029968452 	 1.6917644
0.041672736 	 1.5746709
0.0324647 	 1.4788399
0.029008765 	 1.33221
0.031059522 	 1.9673898
0.036805537 	 2.0429137
0.037330136 	 2.8757367
0.044818662 	 1.8209423
0.025665935 	 2.6028893
0.027949166 	 1.5604949
0.03371224 	 1.5736277
0.024210973 	 2.4677904
0.03240615 	 1.91514
0.024361571 	 2.9509442
0.024529539 	 1.5522985
0.023250083 	 2.097162
0.02015166 	 1.351382
0.027100053 	 2.1105275
0.018017465 	 2.4477758
0.019274564 	 2.5362124
0.01154499 	 1.8777106
0.010907556 	 2.1166165
0.012635388 	 1.2413318
0.014129028 	 1.8600029
0.014129028 	 2.2961588
0.012842695 	 1.6993545
0.010255712 	 2.238911
0.021920959 	 2.0287294
0.010255472 	 3.1727378
0.013165392 	 1.9075773
0.019505374 	 2.3041885
0.016719881 	 1.0885913
0.028846791 	 2.2455163
0.015418229 	 2.562685
0.017813027 	 1.6061349
0.018639896 	 2.730388
0.019337336 	 1.8660327
0.016379252 	 1.517733
0.011544931 	 2.090283
0.014128908 	 2.1624134
0.016668122 	 2.3038523
0.011444601 	 2.2227585
0.016487349 	 1.6981059
0.012737769 	 2.0588849
0.007681291 	 1.5652378
0.0068382244 	 1.6021026
0.008967673 	 2.4736488
0.014467863 	 2.2282255
0.01154499 	 2.0271266
0.0063969814 	 1.2613881
0.01154499 	 1.2707756
0.01154499 	 2.6204746
0.016243845 	 1.2984931
0.013780216 	 1.3884197
0.011715223 	 2.1519566
0.006709804 	 2.6386776
0.015403883 	 1.3805424
0.016475655 	 1.652547
0.0115440255 	 1.5150777
0.014120081 	 1.688761
0.014320259 	 2.892599
0.019183846 	 1.9575379
0.017990945 	 1.3591319
0.013062968 	 1.3500156
0.01813618 	 1.2278737
0.015243067 	 1.8081577
0.015337423 	 1.474444
0.020564638 	 2.0694218
0.019314973 	 1.7553197
0.02061946 	 2.604368
0.02852476 	 1.7615453
0.023970954 	 1.82561
0.029755967 	 1.3073285
0.028585048 	 2.0321615
0.034641467 	 2.5741029
0.031768512 	 1.7436532
0.035828397 	 1.7103437
0.05670396 	 1.9302099
0.03377352 	 2.3792913
0.048375934 	 2.2032452
0.040337414 	 2.4065714
0.04195776 	 1.5302235
0.05796008 	 1.7498286
0.045509655 	 1.3062865
0.037998945 	 1.826311
0.03240572 	 1.5862751
0.04271352 	 2.1301374
0.0463896 	 1.5217817
0.046195444 	 2.4219844
0.043523517 	 2.6574874
0.03912584 	 1.4589355
0.03406302 	 1.8123626
0.024470411 	 1.994126
0.04034269 	 1.729643
0.021743193 	 1.6175557
0.016722973 	 1.4398133
0.019590164 	 1.2179726
0.22006449 	 1.97367
0.26653105 	 1.5627675
0.27452877 	 2.0817418
0.29176497 	 1.9912705
0.13353084 	 2.2792017
0.09733771 	 2.210345
0.12855065 	 2.9580252
0.16313133 	 2.294506
0.1415086 	 2.4655392
0.16693673 	 2.7946193
0.14526786 	 2.9001448
0.14485247 	 1.9910392
0.10537683 	 2.1985447
0.11117549 	 3.1682415
0.10501569 	 2.1079886
0.10161578 	 1.0931433
0.11507372 	 1.6095897
0.10606372 	 2.9679098
0.11389716 	 2.558943
0.19890048 	 2.4437852
0.33999702 	 1.941959
0.3767257 	 2.0806
0.3781692 	 2.0752416
0.2989122 	 2.223364
0.21528944 	 2.4293246
0.17217562 	 2.4137359
0.14855832 	 1.9629501
0.15914166 	 2.916012
0.12987679 	 2.9755104
0.48998418 	 1.6706347
0.24570405 	 2.0620964
0.21743713 	 2.4336343
0.15654163 	 2.400381
0.1743339 	 3.5287685
0.19180585 	 2.5535185
0.19159584 	 1.8218563
0.1942045 	 3.1678889
0.16587368 	 2.8018866
0.16146222 	 2.4991407
0.17629722 	 2.2407806
0.16668482 	 2.884868
0.13775206 	 2.221308
0.11912819 	 2.998092
0.14383362 	 2.3351555
0.114910424 	 2.594882
0.12481598 	 3.5733569
0.1248205 	 1.2520409
0.097926535 	 3.138026
0.069994345 	 2.7725728
0.06619146 	 2.522139
0.07285221 	 2.7786574
0.091793135 	 2.3854558
0.13363467 	 2.4779313
0.14802502 	 2.5062659
0.14167526 	 2.4802365
0.14977653 	 2.308047
0.19271196 	 2.2579725
0.2029365 	 2.4727836
0.22123355 	 1.1847705
0.25673518 	 2.0920165
0.246649 	 1.875925
0.24272694 	 1.8506219
0.24518606 	 1.9788151
0.16722463 	 1.8266157
0.10516135 	 1.5474731
0.103376746 	 1.7960868
0.09225307 	 1.6968712
0.08642482 	 2.857914
0.06283214 	 2.6568978
0.05609931 	 2.946318
0.08349724 	 3.0825486
0.08376761 	 2.4129868
0.07770091 	 3.1017168
0.07714164 	 2.273722
0.13062406 	 2.691386
0.12803882 	 2.633325
0.19545239 	 1.7766521
0.22481766 	 2.034085
0.30747968 	 1.7527995
0.302918 	 1.7826264
0.2922259 	 1.9426886
0.31583297 	 1.7331128
0.24358413 	 1.8783581
0.27201098 	 1.3748391
0.23307213 	 1.6450891
0.22331767 	 1.4758368
0.2189793 	 1.6724229
0.22241193 	 1.8626837
0.25224948 	 2.0200891
0.17087021 	 2.1341734
0.10327503 	 3.000718
0.10479267 	 3.8152373
0.10337087 	 1.8500028
0.08933095 	 2.5789592
0.086022064 	 3.7223706
0.08236915 	 2.1877427
0.089328475 	 3.437183
0.09508221 	 2.2645702
0.086721264 	 2.207644
0.10775488 	 2.3926108
0.16374183 	 2.639028
0.18221901 	 2.3756938
0.18684499 	 2.8144596
0.16997357 	 2.553475
0.19663088 	 2.42651
0.14995469 	 1.3441148
0.16294317 	 2.5472984
0.14699058 	 2.857754
0.13541743 	 2.4038193
0.12131401 	 2.1351197
0.126258 	 2.7288868
0.117607564 	 2.6935294
0.11361405 	 1.7372873
Summary
0.0053417045  -  0.48998418 ,  1.0590166  -  4.013946
accuracy:  100.0
equal predictions:  0
TensorFlow version: 1.13.1
Found 939 images belonging to 1 classes.
argN = 784
argN = 784
0.13518064 	 3.1959207
0.12077622 	 3.8917367
0.24453369 	 2.8937223
0.41651854 	 3.1077588
0.17387386 	 2.9871528
0.1626271 	 2.1085935
0.15578003 	 2.6209457
0.049641803 	 4.0935955
0.05783225 	 2.700767
0.06275071 	 2.0434375
0.042843603 	 2.5651038
0.094580546 	 2.553524
0.057704624 	 3.5081658
0.10658491 	 2.4721458
0.091494665 	 2.6935153
0.24620005 	 2.4763763
0.11670804 	 2.6358488
0.083568394 	 2.626904
0.047308687 	 3.1749115
0.06987947 	 2.241289
0.057774026 	 2.1719773
0.0342111 	 3.5288782
0.019928604 	 2.3158953
0.018021472 	 3.3357012
0.016562188 	 3.262996
0.0068293423 	 2.6017542
0.053811163 	 2.6680746
0.13094531 	 2.3321993
0.19060008 	 2.3291023
0.24589276 	 2.242118
0.08519924 	 2.1925685
0.09488931 	 2.4022357
0.19223782 	 3.0622134
0.2840147 	 2.9108706
0.14831659 	 2.6522262
0.4304694 	 2.4392042
0.4255258 	 3.563722
0.14923823 	 2.6719193
0.039810617 	 3.0120764
0.17064424 	 2.5150537
0.1744204 	 2.977386
0.12364343 	 2.8685539
0.095929146 	 3.7606595
0.08222302 	 3.4604707
0.059809893 	 2.8611202
0.024272162 	 4.0271034
0.040342625 	 2.8828201
0.032169756 	 3.855001
0.019592656 	 3.5829847
0.0901305 	 2.275257
0.037101112 	 3.3297367
0.04313051 	 3.223603
0.048265588 	 2.6840482
0.048391387 	 2.8337204
0.108157195 	 2.5190613
0.09875951 	 2.6502159
0.034041557 	 2.4568431
0.016623152 	 2.458492
0.027149905 	 2.390166
0.032404732 	 2.988365
0.014128243 	 1.9814662
0.005311024 	 2.9115102
0.00511408 	 2.9477055
0.015423131 	 3.2889783
0.0038328813 	 2.9032505
0.031003265 	 2.917538
0.04834253 	 3.1095486
0.056502115 	 2.8722315
0.19759656 	 2.4767373
0.1806015 	 2.2581806
0.17105323 	 2.973714
0.0926949 	 2.5959709
0.06781065 	 2.3777132
0.1051062 	 3.3621528
0.10576594 	 2.4302256
0.12647694 	 3.2450938
0.16611671 	 3.368548
0.07047205 	 3.3832858
0.059184015 	 2.094246
0.015407575 	 3.3079112
0.01931862 	 3.3090847
0.08448229 	 2.1648455
0.08556245 	 2.3463345
0.10902465 	 2.1397853
0.081427306 	 2.4101896
0.063950405 	 3.2536027
0.021899391 	 3.1657162
0.033151522 	 2.8528097
0.025518136 	 2.9916613
0.03129024 	 2.807087
0.010254087 	 2.3884823
0.014181805 	 2.8629117
0.0076816515 	 2.6083357
0.0150539 	 3.1105776
0.005157276 	 3.621227
0.05238454 	 2.1149209
0.023252461 	 1.6817483
0.032215863 	 1.1376115
0.027171891 	 1.9819716
0.027918702 	 2.51671
0.03901589 	 2.3435462
0.03078509 	 2.6229153
0.037195448 	 2.212887
0.027711801 	 1.9328243
0.020729294 	 2.1748734
0.018170534 	 0.9850223
0.019763777 	 1.2019008
0.018502725 	 1.2904986
0.018045262 	 2.2641296
0.010361041 	 2.3243659
0.027337026 	 2.078103
0.022048667 	 1.5024853
0.025892904 	 1.3803194
0.027463038 	 1.99268
0.020616356 	 2.0082822
0.024499549 	 2.027129
0.03637535 	 1.7136931
0.02596221 	 1.9411029
0.025787884 	 2.5703065
0.031088112 	 2.738572
0.03450825 	 1.3843943
0.015423615 	 2.47518
0.015417805 	 1.3315804
0.017830381 	 2.5185509
0.020612584 	 1.9571885
0.021920716 	 1.5603434
0.01656443 	 1.9420742
0.019224191 	 2.5424666
0.02692963 	 1.661437
0.013858357 	 1.4854519
0.012810516 	 1.9793159
0.018029481 	 1.5184526
0.014128968 	 1.8351178
0.022691723 	 2.386289
0.013825299 	 1.377326
0.008942233 	 1.7339813
0.0058353595 	 1.3320762
0.015506426 	 1.5608194
0.010255411 	 1.7384747
0.007660389 	 1.3210856
0.014128968 	 1.767806
0.00899564 	 2.1211462
0.008964186 	 1.8498492
0.008967553 	 2.585634
0.012834001 	 1.5632523
0.0063969814 	 1.2256559
0.011510562 	 1.5099394
0.0063404753 	 1.8317068
0.007706579 	 2.2542145
0.009040568 	 1.4800199
0.00511402 	 1.9648787
0.005132472 	 2.7778356
0.014128968 	 2.028494
0.011112575 	 2.072255
0.008967553 	 1.587932
0.008077674 	 1.651291
0.003833001 	 2.6815827
0.0089612985 	 1.8932804
0.006396922 	 1.7796868
0.0051208497 	 2.140309
0.0063973414 	 2.66649
0.009298386 	 1.1200352
0.0070348484 	 1.3889762
0.007681411 	 2.347547
0.00511408 	 1.7666012
0.015417563 	 1.9588194
0.011573452 	 1.4207505
0.012930968 	 1.1018547
0.017968066 	 1.5523562
0.016719155 	 1.1697569
0.018017465 	 2.4903593
0.021925345 	 2.0191002
0.018017465 	 2.5530858
0.039183486 	 1.3838724
0.044237725 	 1.7355535
0.0463871 	 1.8841399
0.051106792 	 1.0451849
0.027526448 	 1.9698048
0.05648736 	 1.3528349
0.045330763 	 1.2074769
0.032342307 	 2.7125516
0.055885423 	 2.2019453
0.055896454 	 2.1195223
0.05076328 	 1.2565666
0.045248255 	 1.8471637
0.034915537 	 1.7053705
0.035717882 	 0.96892196
0.03767451 	 1.5786943
0.03500862 	 1.6309782
0.033546668 	 1.5372064
0.031005047 	 1.6763473
0.033339586 	 0.9967987
0.034681328 	 1.1523832
0.016683456 	 1.7228516
0.19764058 	 1.8049825
0.20301083 	 2.190799
0.18498674 	 2.38378
0.12094175 	 2.6146312
0.099057585 	 2.68925
0.09631288 	 1.296657
0.091928326 	 2.4113579
0.09719509 	 2.6204002
0.107038364 	 1.7720764
0.11175653 	 2.972664
0.13529268 	 2.8022568
0.12039173 	 2.3561375
0.1403111 	 2.0187533
0.11472803 	 2.6095731
0.06629399 	 1.8632735
0.078229494 	 2.1356082
0.08535061 	 2.2217734
0.098056376 	 2.0099044
0.08388032 	 2.8369322
0.08510357 	 3.061569
0.085886374 	 2.3342323
0.09924076 	 2.9755478
0.086604714 	 1.4318767
0.1009748 	 2.640852
0.09233981 	 1.8933053
0.09019084 	 2.6803079
0.08600725 	 3.0808246
0.078225434 	 2.521107
0.13871446 	 2.4250927
0.21175405 	 1.6694536
0.23752119 	 2.167512
0.14467047 	 3.0817466
0.13819927 	 1.8656399
0.123040676 	 1.4401898
0.12035085 	 2.6018426
0.13680717 	 2.792864
0.14441364 	 2.0751243
0.26481596 	 1.7126346
0.3941352 	 1.8185822
0.2903313 	 2.0609086
0.10941132 	 2.3217158
0.16014539 	 2.3937964
0.14760621 	 2.3205087
0.121924676 	 1.5892296
0.08697943 	 2.6606169
0.08793693 	 2.6733103
0.107647605 	 2.3986356
0.10556064 	 1.8361136
0.10069888 	 3.1221128
0.08667934 	 1.9677595
0.10313566 	 2.2698615
0.07135587 	 3.263172
0.04654882 	 3.2305622
0.04434028 	 3.1052577
0.05236689 	 2.08104
0.06318084 	 1.9067742
0.06893098 	 2.81601
0.0825757 	 1.6155462
0.07408143 	 2.020506
0.09492647 	 2.209795
0.10422638 	 1.6322879
0.1188285 	 2.1423392
0.13318683 	 2.2867553
0.16163693 	 1.7992197
0.13991278 	 2.2107685
0.19790964 	 2.1016033
0.23604551 	 2.0429943
0.22737285 	 1.7448144
0.21483107 	 1.5501394
0.23340629 	 1.756986
0.059053812 	 3.0534635
0.049097124 	 2.6894886
0.044709142 	 2.9550219
0.05236287 	 1.6282511
0.051698513 	 2.9886987
0.048342217 	 1.8583915
0.049839634 	 3.0432682
0.044334546 	 2.8156765
0.048301805 	 3.119863
0.056337077 	 2.53373
0.045608282 	 1.4683663
0.05958085 	 2.675815
0.06180794 	 2.3877318
0.058249906 	 2.5982995
0.07534608 	 2.8495579
0.061602086 	 1.2197487
0.08673413 	 1.5867324
0.0813867 	 2.572969
0.10649473 	 2.463755
0.12732159 	 1.0763031
0.110188566 	 2.1438744
0.17819864 	 2.3321226
0.18046014 	 1.6266308
0.19292128 	 1.4325931
0.23337197 	 1.8865559
0.2597154 	 2.0713823
0.2415026 	 2.0329196
0.2972551 	 1.5622262
0.2420104 	 1.6920136
0.26607823 	 1.4197124
0.20610857 	 1.8890641
0.22486028 	 1.6177374
0.17613143 	 2.0894175
0.09072757 	 2.2847679
0.08784205 	 3.041678
0.09338877 	 1.4417007
0.09072783 	 1.6516232
0.09198635 	 2.4900925
0.07265067 	 2.373939
0.07503121 	 2.3606963
0.10467744 	 2.347241
0.12547202 	 2.7796874
0.17207961 	 2.7904234
0.139376 	 2.6354597
0.14791729 	 2.8081756
0.12739146 	 2.8210366
0.11299056 	 2.7328742
0.09352522 	 3.2964754
0.099781446 	 3.054946
Summary
0.0038328813  -  0.4304694 ,  0.96892196  -  4.0935955
accuracy:  100.0
equal predictions:  0
TensorFlow version: 1.13.1
Found 939 images belonging to 1 classes.
argN = 784
argN = 784
0.10915588 	 2.7044182
0.11045359 	 2.483169
0.13105892 	 2.2121696
0.41142714 	 2.8269742
0.19832012 	 3.1319764
0.1666268 	 2.688138
0.10333213 	 2.848973
0.067250565 	 3.5215
0.059106484 	 3.053552
0.041848052 	 2.8358567
0.048085704 	 1.782549
0.057150174 	 2.5658147
0.06462932 	 1.435165
0.11558878 	 1.9030174
0.044429693 	 2.394298
0.095923305 	 2.1663175
0.110687666 	 2.2771494
0.0694646 	 2.1455061
0.07611729 	 2.415688
0.040083442 	 3.0266318
0.057350885 	 2.087236
0.07471195 	 2.5218384
0.15894768 	 2.7505949
0.050251022 	 2.729748
0.14842597 	 2.1319451
0.027078863 	 3.8310635
0.050980777 	 2.4042916
0.017615972 	 2.9196646
0.0140117565 	 2.8350809
0.011453585 	 3.1007988
0.0051459526 	 3.054659
0.019317038 	 1.6997671
0.025691742 	 2.7349505
0.13364045 	 2.7972336
0.07898093 	 3.3514876
0.18137068 	 3.110059
0.2637155 	 2.0855207
0.08694439 	 2.8778589
0.041624643 	 2.5699148
0.11332295 	 3.668582
0.046920184 	 2.9264364
0.019382123 	 2.3539455
0.042593658 	 1.9134761
0.051323425 	 2.2214673
0.06291497 	 2.5378273
0.06316985 	 2.6618898
0.03496288 	 3.722701
0.027150884 	 1.9904784
0.028526722 	 2.2376034
0.058990017 	 2.5806744
0.079394095 	 3.2148263
0.09779369 	 3.1056182
0.04783032 	 2.3560023
0.025779383 	 3.3656065
0.018017527 	 3.1158412
0.00569352 	 2.5209007
0.0038328813 	 3.080865
0.060740393 	 3.0895486
0.23229812 	 2.3799565
0.15894823 	 2.6991425
0.16174722 	 1.727535
0.13704634 	 2.479399
0.06525423 	 3.5466745
0.08944026 	 2.3217523
0.09343314 	 2.4423742
0.089025594 	 2.4384398
0.18104531 	 2.2783844
0.20315696 	 2.8563023
0.18404905 	 3.2958524
0.0967791 	 2.8675897
0.1574842 	 2.17624
0.1700623 	 1.8460631
0.08786984 	 3.108538
0.06838362 	 2.884823
0.021920228 	 2.8246508
0.023102762 	 2.4930482
0.06236365 	 2.8285432
0.045512587 	 2.3568635
0.041701633 	 2.5169308
0.0063969814 	 3.820657
0.010255472 	 2.3224025
0.010255472 	 2.9648445
0.010259687 	 2.7324893
0.0030601905 	 3.042019
0.0038328813 	 2.678079
0.011582858 	 3.3202376
0.02502011 	 2.2623892
0.025819076 	 2.6562693
0.03487258 	 2.6694517
0.030854182 	 1.5911193
0.025839811 	 2.8520484
0.02187618 	 2.8191705
0.0128361145 	 1.9147221
0.019542146 	 1.5892483
0.027127856 	 1.7083393
0.021921203 	 2.0701003
0.024456669 	 1.405849
0.034727365 	 1.855221
0.02177018 	 0.65073806
0.021992428 	 0.93342954
0.009239189 	 1.8436104
0.007837711 	 1.5781864
0.019656604 	 1.9467243
0.006410479 	 1.5132917
0.021921141 	 2.9264565
0.01676043 	 0.96136767
0.011533534 	 1.5249698
0.0063969814 	 1.1649401
0.0113054 	 1.6646591
0.020618243 	 1.8838458
0.020030092 	 1.574074
0.022655627 	 1.385238
0.022112284 	 2.0914183
0.02035469 	 2.35724
0.01285797 	 0.88908356
0.027251393 	 1.3269123
0.017034737 	 1.3086153
0.02330011 	 1.378866
0.023670323 	 1.6892245
0.021929184 	 1.7384598
0.018016798 	 1.328152
0.016569156 	 0.9153456
0.020636132 	 2.2453802
0.00897441 	 1.4475508
0.008967974 	 1.2437763
0.015917853 	 1.66512
0.012822771 	 2.1353567
0.011515084 	 1.7209374
0.012685612 	 1.3711158
0.008967673 	 1.7243191
0.0061761932 	 1.8862386
0.0013260093 	 1.5658493
0.008967673 	 2.1112785
0.006431655 	 2.521167
0.0076814713 	 1.2395467
0.008967613 	 1.1638129
0.0063966815 	 2.9387786
0.0128361145 	 2.1442509
0.00511402 	 2.2192268
0.0071438006 	 2.4879968
0.0078356685 	 1.8936985
0.010149673 	 1.8964112
0.008967673 	 1.5891899
0.008967673 	 2.8906496
0.0128361145 	 2.9814157
0.0102571575 	 1.9806843
0.0152856745 	 1.7849293
0.014128968 	 1.8181033
0.010255472 	 1.8728963
0.009058732 	 1.5892378
0.0075164884 	 1.2370694
0.0102536045 	 1.3386586
0.004888004 	 2.1287239
0.0076814713 	 1.3335159
0.011531967 	 1.7897127
0.0063969814 	 2.3749611
0.008850344 	 1.4266241
0.0051143193 	 1.1166992
0.008289206 	 1.9568071
0.00972749 	 1.7634518
0.0075796675 	 1.0288385
0.010149853 	 2.1427186
0.014127396 	 1.4879975
0.00511402 	 2.1616437
0.0025532627 	 1.3945745
0.014037023 	 0.8389614
0.0070536365 	 2.210943
0.00511408 	 1.4967171
0.008967673 	 2.0753734
0.0063923625 	 2.1724868
0.0113084745 	 2.5690408
0.012205941 	 1.8445257
0.00511408 	 1.4248155
0.008967613 	 2.6753936
0.0063969814 	 1.9439387
0.008376236 	 1.2618802
0.007678408 	 1.414917
0.014129935 	 2.3490126
0.003921858 	 1.4906405
0.010198627 	 1.6416669
0.014128968 	 1.752624
0.007624532 	 1.9200732
0.03834225 	 1.8102226
0.04169424 	 1.0029386
0.046430368 	 1.5771228
0.028780352 	 1.2051765
0.03141472 	 1.3966261
0.030975906 	 1.9616166
0.021923214 	 1.7728341
0.024547927 	 1.5191032
0.036274973 	 1.3800883
0.027707819 	 1.542619
0.031160178 	 1.9260913
0.019391969 	 1.380013
0.020528376 	 1.6659881
0.03109217 	 1.5561827
0.0236038 	 2.3216307
0.022994619 	 1.4133804
0.020614227 	 1.2101964
0.02538607 	 2.0021703
0.016719518 	 2.0758822
0.17032652 	 1.9949578
0.20501237 	 1.865916
0.14608301 	 1.6186984
0.15703121 	 1.8517435
0.10490328 	 2.8353937
0.05878291 	 3.198652
0.04699209 	 1.0999248
0.047003645 	 3.0269725
0.057667688 	 1.9022282
0.085359566 	 3.1678705
0.0787038 	 3.2569547
0.085091114 	 1.9573724
0.079865985 	 2.6334894
0.078562975 	 2.7327807
0.09481152 	 2.0492842
0.093350366 	 2.90377
0.09919745 	 2.823214
0.09914295 	 2.5977964
0.07718761 	 2.2808852
0.081289135 	 2.0388699
0.09605505 	 1.1541016
0.08662019 	 2.102881
0.078220986 	 2.6487885
0.055680532 	 1.8467695
0.05650628 	 2.2823148
0.0753277 	 1.5383525
0.05508406 	 3.2281091
0.07136439 	 2.838125
0.06068174 	 3.170867
0.08018083 	 2.9304242
0.06726223 	 1.130821
0.04814262 	 1.8217458
0.2765616 	 2.2953835
0.1346828 	 2.7902234
0.09368094 	 2.6752968
0.08093968 	 2.8622553
0.075554594 	 2.8580387
0.0912864 	 1.4927803
0.104407854 	 2.500125
0.09911939 	 2.216756
0.07353803 	 3.35654
0.2579451 	 0.8408927
0.10621835 	 2.8733923
0.13922533 	 2.2215922
0.12609829 	 3.5732358
0.11965817 	 2.732568
0.12337791 	 1.648437
0.06863052 	 2.0095575
0.047004957 	 2.9708717
0.059778064 	 1.3674394
0.075868085 	 1.1517849
0.063177794 	 2.5050602
0.042579412 	 4.0759206
0.03504473 	 1.471441
0.043002695 	 3.3319852
0.045601856 	 3.2298222
0.07764506 	 2.6734996
0.07901228 	 1.5355753
0.085154586 	 2.879719
0.10135684 	 1.2934461
0.09843356 	 2.5297387
0.10904785 	 2.645238
0.17671542 	 1.9581277
0.17220238 	 1.6306044
0.17207259 	 2.0698547
0.17887798 	 1.6120635
0.18321232 	 1.2346284
0.19757028 	 2.1758301
0.16099831 	 1.8803174
0.11876144 	 2.0111663
0.084169134 	 2.3675694
0.07833321 	 1.9877834
0.084261015 	 2.9348965
0.08637219 	 0.97996324
0.036422145 	 2.7786
0.04432651 	 1.9370757
0.05160763 	 2.6212416
0.039545927 	 3.2343307
0.044335045 	 2.4142368
0.03109088 	 2.732219
0.11335914 	 2.7131498
0.11646318 	 1.9786043
0.22574793 	 2.208504
0.2095184 	 1.2744472
0.21357146 	 2.156954
0.21128161 	 1.7970244
0.23011912 	 1.376732
0.17558189 	 2.146623
0.15579201 	 1.1971205
0.14999789 	 2.1635876
0.14021105 	 1.398977
0.15250368 	 2.2490656
0.16092606 	 1.5336559
0.13441843 	 1.0512083
0.11860647 	 1.8148093
0.12063533 	 2.5877538
0.13394366 	 1.983989
0.12760738 	 1.6334438
0.103377804 	 2.7127752
0.09891985 	 2.5198677
0.055058427 	 3.1370025
0.05638992 	 2.723934
0.069604725 	 1.5623592
0.07840489 	 1.3715978
0.078704834 	 2.99778
0.119049296 	 2.0804234
0.13497365 	 2.1914165
0.09635508 	 1.7974598
0.095765404 	 3.4018981
0.06884261 	 2.039248
0.05370625 	 1.6174937
0.060475297 	 2.6213138
Summary
0.0013260093  -  0.41142714 ,  0.65073806  -  4.0759206
accuracy:  100.0
equal predictions:  0
