TensorFlow version: 1.13.1
Found 939 images belonging to 1 classes.
argN = 49
argN = 49
0.3200994 	 2.379952
0.42876512 	 2.710851
0.3160949 	 3.2496028
0.16677587 	 4.047223
0.14379454 	 2.7323453
0.30979156 	 2.4033656
0.14844464 	 1.1250225
0.09634898 	 1.9946494
0.07613575 	 2.763327
0.071400814 	 1.4221581
0.27996933 	 3.3540823
0.5823656 	 1.6256331
0.36492428 	 1.0011779
0.55136406 	 2.3593845
0.3318698 	 1.6834997
0.47457865 	 1.2013379
0.3057441 	 0.8941285
0.053262636 	 2.7580073
0.0075172693 	 1.4680077
0.001813386 	 2.713949
0.034250513 	 1.6847402
0.03447722 	 1.8741106
0.38048086 	 0.45989135
0.23728034 	 3.713234
0.30193433 	 2.5795376
0.5974228 	 1.8362527
0.79032815 	 2.7919652
0.0661893 	 2.6470127
0.15112378 	 1.6666951
0.1827461 	 1.4575822
0.11702988 	 3.360967
0.38882124 	 3.764373
0.37328604 	 3.8488464
0.22551876 	 2.216707
0.17371607 	 2.0917833
0.167059 	 1.4524583
0.18817769 	 1.9046332
0.1865965 	 2.3850486
0.20507208 	 0.54409146
0.029636236 	 2.082568
0.026731199 	 2.5965152
0.023565598 	 2.8434207
0.0010084228 	 2.3175995
0.14610964 	 2.498989
0.229218 	 2.3245552
0.2979588 	 2.0728772
0.23084025 	 1.7248358
0.20458384 	 2.4478896
0.30749 	 1.5013622
0.15419684 	 1.3327094
0.059873175 	 2.1641572
0.08777886 	 1.4373196
0.062181592 	 1.2084595
0.026573814 	 3.24987
0.0100847045 	 1.5624897
0.020322025 	 2.1799316
0.0010673137 	 2.9502628
0.01978001 	 2.1801205
0.053448234 	 3.9932785
0.05046358 	 1.7533249
0.037686147 	 2.7751567
0.08970421 	 3.6954398
0.09257485 	 1.3772576
0.12805794 	 3.192301
0.10266785 	 4.8607674
0.06199107 	 3.2107904
0.30581233 	 1.1391531
0.24273196 	 1.0067009
0.1327 	 2.9903622
0.31770244 	 1.9251566
0.19184074 	 1.0572318
0.1961799 	 1.6267709
0.28775766 	 2.1722713
0.22167075 	 2.0197613
0.29929996 	 2.7329035
0.10181222 	 2.2169533
0.021207226 	 4.180708
0.022863619 	 2.3394425
0.060880695 	 4.425927
0.15253346 	 1.6177342
0.0044333115 	 3.3453238
0.008349429 	 3.944793
0.05832617 	 2.220746
0.26970333 	 1.55914
0.12678476 	 2.078102
0.04136848 	 2.5011349
0.00058030034 	 1.5134639
0.0028185593 	 2.5039725
0.0008358275 	 2.1773157
0.026159327 	 4.6034575
6.3004096e-05 	 4.82614
0.0006749523 	 2.6782439
0.0011661293 	 1.8653901
0.0027265134 	 2.2972307
0.10767316 	 1.8677322
0.08207166 	 2.5351386
0.016188173 	 1.9928741
0.049108267 	 0.9671672
0.051134396 	 1.79853
0.04578591 	 2.1072667
0.020489622 	 1.0348372
0.004758995 	 2.1854153
0.007600208 	 2.869909
0.0012983164 	 1.5770706
0.0004071826 	 2.6208925
0.002227162 	 2.6778474
0.0005285348 	 3.5664606
0.005527186 	 1.4700762
0.00065061747 	 1.828849
0.0020367368 	 3.652319
0.018444862 	 4.049614
0.013973495 	 0.7813509
5.012876e-05 	 2.0513053
0.0028803067 	 1.3604451
8.881131e-06 	 1.0380032
1.6987467e-05 	 2.1681635
0.0003975824 	 4.8655896
0.0021459223 	 2.2525966
0.0011833156 	 1.2847577
0.00922048 	 0.4554401
0.006316542 	 2.2186973
0.044037264 	 4.175241
0.022927226 	 2.882554
0.018541161 	 1.9186754
0.035989344 	 2.987168
0.024824684 	 2.6389587
0.012825368 	 2.0520043
0.0022190975 	 1.7739879
0.0007048945 	 2.1672254
0.033011913 	 2.4464054
0.02010702 	 1.403005
0.009047184 	 4.0190077
0.023275523 	 1.6040598
0.039845288 	 1.7120482
0.0007697922 	 4.224379
0.012416297 	 2.0729709
0.009718221 	 1.5075481
0.004207809 	 1.4273005
0.004018263 	 1.351086
0.026503976 	 1.8614535
0.012488839 	 1.9774259
0.015569688 	 0.97310656
0.00077659235 	 1.4551151
0.007302778 	 1.300885
0.015002892 	 1.7596183
0.0070493147 	 1.3994704
0.024087872 	 1.5820248
3.874377e-05 	 2.8131764
0.0002202038 	 2.006836
0.0011142141 	 1.1944344
7.254149e-05 	 1.4325999
0.000108367116 	 2.8446784
0.012842515 	 2.7283812
0.0011306835 	 2.290773
3.510775e-05 	 4.2029905
2.4318992e-05 	 2.0535662
0.0005968802 	 2.0886838
0.018980931 	 2.7915454
0.038114235 	 2.842057
0.012090765 	 2.5318947
0.030386733 	 2.214439
0.02699068 	 2.8445904
0.04202918 	 2.444417
0.01959989 	 3.1352808
0.017219733 	 1.6918559
0.037598696 	 1.1440239
0.041831955 	 3.1741674
0.042788234 	 1.5328566
0.0039469306 	 1.8161837
0.00034063894 	 2.382792
0.03340423 	 3.0707412
0.01577064 	 2.193999
0.0029534758 	 3.7592952
0.0014732002 	 2.567726
0.013491756 	 1.433573
0.008279891 	 1.129565
0.00054755894 	 2.374751
0.0007905508 	 1.2012377
0.001249617 	 0.5331702
0.00037504314 	 1.9824151
0.0007865541 	 2.655335
0.0005868607 	 1.9211837
0.00017268957 	 1.4532465
0.00052680535 	 0.5452742
0.00031804136 	 2.1173835
0.00022801376 	 1.9931583
5.6327975e-05 	 2.047217
0.0026999172 	 1.7610462
0.0025700545 	 1.7563951
0.00080271985 	 2.5549214
0.0021001084 	 3.3599231
0.000638331 	 0.9701093
0.0011583717 	 2.5257127
0.0013923798 	 2.9980285
0.001207544 	 1.3747225
0.18246636 	 1.4376289
0.11008409 	 1.4430742
0.08569121 	 3.4639661
0.017824495 	 2.7383673
0.043553215 	 5.144681
0.022102352 	 1.4676745
0.016972171 	 3.4525278
3.0994463e-06 	 2.0730941
0.014975181 	 2.8922143
0.003033406 	 1.6868304
0.01775035 	 3.2283664
0.028054474 	 2.3475595
0.00027946563 	 3.5711312
0.00045381353 	 2.6217647
0.0009844379 	 2.2501254
0.0038854165 	 2.3059075
1.0371262e-05 	 2.4252586
7.5698185e-06 	 3.8843696
-9.5367386e-07 	 1.5644218
0.00027040322 	 1.4402663
0.010480295 	 0.83975315
3.4570753e-06 	 3.561226
0.00010330018 	 0.8339209
4.1902942e-05 	 2.6935506
0.00014228642 	 5.575057
4.0412764e-05 	 2.6631062
0.020454945 	 4.1366863
0.020570662 	 2.7762377
-9.5367386e-07 	 1.6562691
2.6822127e-06 	 6.9832807
6.2585073e-06 	 1.8983175
0.01029889 	 3.0907106
0.00052835594 	 3.9806836
-8.344647e-07 	 1.5502084
0.00014240564 	 3.524125
0.24291067 	 1.9018649
0.045171738 	 3.1929455
0.019103708 	 2.8016026
4.3333515e-05 	 3.989011
0.008952758 	 0.7615341
0.043038286 	 1.6204159
0.018522762 	 6.608113
0.05276763 	 2.1251907
0.025744766 	 1.863557
0.0072767204 	 4.1208735
0.002044561 	 1.6608313
0.009093678 	 2.4233298
0.028982136 	 2.121188
0.008486416 	 6.313506
0.0057056285 	 3.226839
0.011858342 	 1.5945699
3.409444e-05 	 5.948925
0.0016872805 	 2.284473
0.032549735 	 3.0585027
0.027620682 	 1.76518
0.057678863 	 1.8078502
0.0392425 	 3.2999969
0.012424021 	 4.422932
0.045645777 	 1.3756982
0.066661425 	 1.6517657
0.05387746 	 1.528739
0.074168466 	 1.3891793
0.039718576 	 2.5095272
0.13236648 	 2.457479
0.17423372 	 2.204257
0.165142 	 3.5466847
0.16851293 	 1.0687152
0.10539584 	 2.2294037
0.15203358 	 1.3110285
0.078239806 	 1.0428468
0.052248 	 1.8732073
0.17430879 	 2.7491488
0.11011922 	 1.5516822
0.1259613 	 1.7453479
0.12054576 	 2.1901171
0.14962326 	 2.4104798
0.13607685 	 2.248346
0.01802141 	 2.2528706
0.025977504 	 2.5049922
0.043295562 	 1.354184
0.05030461 	 1.995095
0.0038668674 	 2.3077774
0.014379818 	 2.4824226
0.006856409 	 2.851361
0.014197524 	 2.2907128
0.03801071 	 3.4919324
0.0013212942 	 1.1794455
0.0031324162 	 2.9603202
0.0025921057 	 1.0842979
0.14891478 	 1.328052
0.15276767 	 3.8988674
0.18467295 	 0.7223138
0.15463576 	 2.860315
0.2119234 	 1.7145216
0.1923904 	 1.7090703
0.1146531 	 1.7261622
0.15367743 	 1.4619086
0.08845943 	 0.9464403
0.064325936 	 0.95875007
0.2686027 	 0.87054217
0.1934701 	 1.2638391
0.14379501 	 3.132687
0.14510563 	 2.5991385
0.09023435 	 2.074445
0.10762616 	 3.868748
0.058912378 	 2.6518593
0.00049704744 	 1.7340214
7.33164e-05 	 3.6266942
0.04299162 	 1.9739283
0.12104225 	 1.3595538
0.14125176 	 1.155044
0.040033124 	 1.0816292
0.065663025 	 2.0856786
0.06059745 	 3.1887307
0.04065489 	 2.1613705
0.077634044 	 1.4338077
0.07171275 	 1.3871042
0.08393782 	 1.2922372
Summary
-9.5367386e-07  -  0.79032815 ,  0.4554401  -  6.9832807
accuracy:  100.0
equal predictions:  0
TensorFlow version: 1.13.1
Found 939 images belonging to 1 classes.
argN = 49
argN = 49
0.79055953 	 5.6423254
0.5830702 	 2.9987805
0.60989225 	 2.3712695
0.62276286 	 1.4091696
0.3017704 	 1.4538755
0.23072763 	 1.5498791
0.1418967 	 2.561658
0.227787 	 3.5026827
0.22068831 	 2.578772
0.29967847 	 3.753833
0.2858109 	 3.854711
0.20314775 	 2.2092428
0.22774336 	 2.783639
0.26748505 	 2.7171595
0.12435777 	 3.0363948
0.04395872 	 1.9315604
0.068512864 	 3.7010424
0.0433443 	 3.0697253
0.25755844 	 1.822195
0.23594166 	 1.1596261
0.21688168 	 1.8262817
0.40638083 	 1.0611587
0.2910477 	 2.4414616
0.23656821 	 1.9031976
0.4876877 	 3.0448759
0.62750703 	 2.9073908
0.22598654 	 2.230799
0.5170333 	 1.7686106
0.49773034 	 1.7233328
0.7301169 	 2.179986
0.62142146 	 2.479513
0.3917494 	 3.6233816
0.018568546 	 3.0028276
0.025695901 	 1.5188345
0.07141675 	 2.3009562
0.1886304 	 2.3883538
0.17354475 	 2.4400954
0.15662353 	 2.1587417
0.22432843 	 1.0051589
0.29905477 	 1.7738291
0.24689136 	 2.625404
0.37949178 	 0.9434692
0.4012228 	 1.5754702
0.42561713 	 1.5010854
0.14611192 	 1.8356786
0.18827935 	 5.378651
0.3325279 	 7.248823
0.427698 	 2.8324854
0.49213138 	 2.3410375
0.5126727 	 1.7695937
0.41518402 	 0.83764416
0.45169324 	 2.7964735
0.40286762 	 3.5893726
0.055304576 	 2.3247557
0.0851651 	 2.2456002
0.22381006 	 1.8992974
0.24718858 	 2.649488
0.057458706 	 2.1870441
0.009702633 	 2.1241007
0.04947088 	 2.2330894
0.00056228944 	 1.0794528
0.00032722342 	 1.7134923
0.025055924 	 2.0087802
0.15436779 	 1.163015
0.35410827 	 1.8240405
0.2784337 	 2.4629042
0.09675021 	 2.6941226
0.2325283 	 1.2900635
0.12697726 	 2.6397583
0.1560614 	 2.8696053
0.32132202 	 1.0260065
0.32973272 	 0.87390435
0.26738676 	 1.2942829
0.23890543 	 1.2852594
0.07765582 	 1.8211462
0.023942137 	 1.8204324
0.00068503234 	 2.819902
0.0010967903 	 1.1625903
0.00035894397 	 2.9233048
0.00051941053 	 3.8642318
0.14784838 	 1.6876824
0.10722459 	 1.8782805
0.025758037 	 1.4845048
0.27574164 	 1.1514947
0.10155501 	 2.0428135
0.0869663 	 1.9717257
0.20817363 	 5.809558
0.20390975 	 2.5905123
0.2286639 	 0.9996527
0.24068457 	 1.2093822
0.24765423 	 1.3973777
0.19795206 	 0.63501644
0.19022267 	 3.0645018
0.03851624 	 2.201345
0.10255822 	 2.3850012
0.105210684 	 2.246816
0.07463167 	 1.2430065
0.16185752 	 1.3576072
0.08340388 	 2.5201418
0.03023074 	 3.2166877
0.044322893 	 1.6091377
0.052673385 	 1.527421
0.013970715 	 1.8597683
0.0002961001 	 4.6513305
0.036938068 	 1.4212134
4.875779e-05 	 3.8376899
0.00075344805 	 2.753145
0.052842595 	 3.7387285
0.06481716 	 2.516707
0.031168971 	 1.6838832
0.0025446578 	 1.1047099
0.0011862994 	 1.8506511
0.0015447143 	 1.6035818
0.00040271046 	 1.5499976
9.400094e-05 	 3.1033218
0.00012613139 	 1.7442504
0.00015772633 	 2.7455056
7.349523e-05 	 2.4928694
0.00033121827 	 1.2401677
0.0011202409 	 3.048368
0.0001286351 	 2.6389596
0.009852386 	 2.5472932
6.7892e-05 	 1.3155394
0.01706002 	 1.7607878
0.019386984 	 2.089134
0.031002712 	 2.3011997
0.036158662 	 2.4485335
0.010901831 	 3.438745
0.001668354 	 1.9700706
0.009831439 	 2.138319
0.014173764 	 1.8401837
0.0013782339 	 0.65554893
0.0018508267 	 1.8921299
0.012304295 	 1.5593225
0.014072869 	 2.533481
0.019121813 	 3.252744
0.0011945943 	 4.643137
0.0043326165 	 1.5766212
0.014281985 	 2.1232245
0.0027399014 	 1.4817766
0.0008798535 	 2.989273
0.0069169053 	 2.7890487
0.012197795 	 2.1251543
0.03238614 	 0.9785354
0.0055521796 	 2.0533254
0.0014025863 	 1.9267226
0.017382381 	 1.5750641
0.0014900933 	 0.88540864
0.010908218 	 2.066151
0.0031340306 	 3.3138826
0.0048895013 	 1.2671858
0.0042929277 	 1.7307501
0.012809369 	 1.3241184
0.00018449339 	 1.2695808
0.025172481 	 1.9236306
0.0045272512 	 2.3722365
0.0007589358 	 0.8494148
0.00036675503 	 3.659933
0.0010152246 	 3.1012027
0.0039563854 	 0.7482807
0.002709181 	 3.5367124
0.009290625 	 1.524751
0.027641026 	 2.2315526
0.008609654 	 5.586409
0.0008888618 	 4.8979864
0.015852146 	 2.2465274
0.00050903397 	 2.2958071
0.025522111 	 3.0025887
0.024748737 	 2.354067
0.021150667 	 1.3626603
0.039119642 	 1.9745636
0.023154184 	 2.4943485
0.0029831873 	 1.4837482
0.00044463028 	 1.6008133
0.00031625264 	 1.1580362
0.02461659 	 1.6622012
0.015705306 	 3.1444595
0.00022855033 	 2.5297515
0.01449435 	 1.4059103
0.022705685 	 2.4504867
0.020181948 	 1.6235511
0.0031779187 	 1.5505515
0.00689764 	 0.97318023
0.028796546 	 1.2213995
0.016681395 	 2.4178195
0.021037318 	 2.7064567
0.011302446 	 1.1284319
0.00095961825 	 4.617117
0.00041588847 	 2.1158323
0.0016251889 	 2.051456
0.0063212207 	 2.0313478
0.04427511 	 1.3229705
0.00032281125 	 2.4070015
0.00017018574 	 1.6940888
0.00014061724 	 1.8334394
0.0012039634 	 1.0426644
0.010787287 	 1.697692
0.00010741334 	 0.8617282
0.00053336535 	 0.9601852
0.00028924356 	 3.0524688
0.00020589565 	 3.2382944
0.0016122934 	 0.9669137
0.0070844307 	 1.5282607
0.0013001069 	 2.4698715
0.0014407877 	 2.5255651
0.00086977147 	 1.8275119
0.002222622 	 1.0853992
0.00048136374 	 2.9681578
0.0070798686 	 1.9370419
0.0009949387 	 4.071765
0.0024610618 	 1.3421004
0.08600212 	 2.877862
-8.344647e-07 	 8.546118
1.7285362e-06 	 3.3111515
0.020253291 	 0.79461795
0.016921975 	 3.188011
0.020199586 	 2.9142537
0.0017986967 	 1.8494225
0.0011012655 	 1.453937
0.0027422323 	 2.1238503
0.014961144 	 2.5315087
3.647871e-05 	 3.4004068
4.3333515e-05 	 1.7860253
0.0019501377 	 2.2057395
0.0036609345 	 3.3311563
0.00030027368 	 2.6913614
1.3113108e-05 	 2.4917698
0.0009511463 	 1.9712125
6.5565323e-06 	 3.118722
-8.344647e-07 	 6.882648
1.0430867e-05 	 4.9876933
0.002140606 	 3.4504595
-8.344647e-07 	 1.6443797
0.1609227 	 2.199251
0.02408018 	 2.1987681
0.02192041 	 3.3291776
0.020783272 	 1.9859405
0.0880194 	 2.0139399
0.07659028 	 5.2120748
0.11020121 	 2.9276807
0.049366485 	 2.7689705
0.078412175 	 2.063101
0.02750819 	 1.2777289
0.0015190451 	 2.3608797
0.036818277 	 1.4084562
0.016747218 	 2.6592798
0.011529917 	 1.7013371
4.2915435e-06 	 3.631343
0.056241482 	 2.0958936
0.03817176 	 1.5760272
0.009170371 	 1.0834244
-8.344647e-07 	 0.9197018
4.679074e-05 	 2.4760876
0.00033622672 	 4.1474633
0.025890397 	 1.6899436
0.0010674928 	 2.9420586
0.0002532922 	 1.4667569
0.02073769 	 1.6007595
0.012755518 	 2.4814312
0.034846783 	 1.9655852
0.19036153 	 1.8591096
0.17491066 	 1.486514
0.15203552 	 3.6906588
0.050066203 	 1.5106477
0.078911595 	 0.8207285
0.021054607 	 3.461156
0.013677427 	 1.3639805
0.039705984 	 0.69053596
0.01934086 	 4.604011
0.00045506578 	 2.9680302
7.7486067e-07 	 2.759372
-3.576278e-07 	 0.9565161
0.0016859072 	 3.310952
0.002655273 	 3.7291164
0.005017689 	 3.4766774
0.025756875 	 1.7983435
0.077339835 	 2.2888386
0.21924578 	 3.6902337
0.11849252 	 1.0041242
0.1747224 	 1.4268649
0.21127293 	 1.4761317
0.09147847 	 2.314352
0.12514551 	 1.8247429
0.0752502 	 1.4404619
0.16115047 	 1.4129161
0.17616029 	 1.1857264
0.14118832 	 0.94786304
0.25197652 	 1.8019907
0.1719063 	 1.5574361
0.22068787 	 1.3848194
0.08904879 	 2.0831468
0.20040862 	 2.6602144
0.08824606 	 2.5308456
0.041651674 	 1.1728672
0.002617384 	 3.146592
0.09677746 	 2.7772126
0.011023801 	 1.4558501
0.007095536 	 1.544582
0.07805729 	 2.0214252
0.08000596 	 2.9603214
0.09308865 	 1.8495198
0.08709797 	 3.1560082
0.061992783 	 1.8063844
0.07572663 	 1.9664831
0.023803566 	 1.568924
0.080294885 	 1.8350555
0.07003513 	 3.107239
0.007958646 	 2.6392334
0.041298844 	 1.4788957
0.06648572 	 2.9836793
0.015443289 	 3.057247
0.007864384 	 3.5831885
0.098952495 	 2.1141965
Summary
-8.344647e-07  -  0.79055953 ,  0.63501644  -  8.546118
accuracy:  100.0
equal predictions:  0
TensorFlow version: 1.13.1
Found 939 images belonging to 1 classes.
argN = 49
argN = 49
0.66508913 	 2.1666586
0.2650107 	 2.087607
0.2403504 	 1.8564023
0.3037304 	 2.051628
0.7943582 	 2.2467782
0.18988468 	 1.0489172
0.16653794 	 2.2976003
0.19943418 	 2.494823
0.050120912 	 1.5674646
0.061660156 	 1.8811481
0.11763364 	 1.4217789
0.207259 	 1.3264827
0.6844083 	 2.60753
0.89683354 	 3.6700432
0.43731833 	 2.0923352
0.4300556 	 1.3536658
0.4097953 	 0.6723847
0.1475383 	 1.9509146
0.30300334 	 2.4042277
0.1925224 	 1.9470254
0.13770165 	 3.1379998
0.021431603 	 1.8188832
0.27829152 	 1.2877805
0.6832202 	 2.8852296
0.4156366 	 1.4260195
0.0901052 	 5.4211507
0.09517103 	 2.1382766
0.1632613 	 3.7999854
0.3617111 	 4.295848
0.122220784 	 2.3831596
0.21206568 	 1.7804016
0.4434587 	 2.2463984
0.5432112 	 1.532194
0.53706366 	 4.628284
0.25360787 	 0.68080336
0.2608951 	 2.2985198
0.2072087 	 2.0851378
0.060193434 	 2.6034157
0.044761688 	 2.644339
0.04901831 	 3.5242689
0.058539312 	 3.5442495
0.22964169 	 2.2442043
0.25498357 	 1.6620698
0.16908225 	 6.3195453
0.3027537 	 2.3080597
0.23586325 	 1.7888119
0.30766234 	 1.3727354
0.063745186 	 1.8926147
0.061625987 	 1.6517862
0.12259622 	 1.8054355
0.10236408 	 1.8033177
0.20300682 	 1.0021573
0.3584816 	 1.6498846
0.18060094 	 2.2352855
0.25686848 	 1.5479242
0.3307729 	 1.6905911
0.25452894 	 3.4594352
0.1419592 	 1.8048387
0.067413785 	 2.448908
0.12059505 	 1.8139738
0.1907576 	 1.9833564
0.21575555 	 2.7348137
0.18876141 	 2.2077444
0.31647265 	 1.9172193
0.23580727 	 2.4098454
0.22526757 	 1.5865017
0.08122261 	 2.1538975
9.4537434e-05 	 1.3718385
0.080752015 	 2.1867092
0.2465567 	 1.8407383
0.07349941 	 2.2803133
0.06816307 	 5.048959
0.051496673 	 2.7848423
0.0061785323 	 3.1035116
0.004392302 	 3.3213727
0.00066039903 	 2.7789176
0.0003241826 	 2.6025577
0.024461739 	 2.6342123
0.0049056136 	 4.0057397
0.019364743 	 4.3566613
0.0009729229 	 0.95146936
0.11991215 	 1.8214693
0.09386313 	 2.091946
0.12774181 	 2.2525473
0.052893937 	 2.326894
0.043821022 	 3.1510363
0.07133769 	 8.031468
0.0039560865 	 3.2139747
0.004789838 	 1.5968504
0.00768003 	 2.8500988
0.0068352236 	 2.5354416
0.0014629927 	 1.6132293
0.000115580086 	 1.6873567
0.002889572 	 2.1162958
0.00035906324 	 2.433472
0.0068145194 	 1.2095178
0.0110953385 	 1.2612127
0.0005223327 	 0.4960825
0.00142109 	 2.5806997
0.00023081581 	 1.9359366
0.015130083 	 1.6146399
3.129293e-05 	 2.1799111
8.881131e-06 	 2.2291827
0.010629381 	 0.81534874
1.4305125e-06 	 1.8676333
5.7816674e-06 	 3.0898826
0.016554795 	 1.4990237
0.008985415 	 2.417137
0.006057392 	 2.373219
0.00640514 	 3.7246463
0.01813017 	 1.5518975
0.02690667 	 0.84543437
0.0038730905 	 1.9382936
0.009210073 	 2.2944932
0.015338695 	 1.5588163
0.012229714 	 1.3250536
0.0003671724 	 3.5644796
0.005659112 	 1.6971762
0.014125401 	 3.0530455
0.02360673 	 3.2936597
0.014168021 	 0.96208984
0.0073930845 	 2.049746
0.029778318 	 2.1795042
0.020816743 	 1.8305576
0.019846339 	 1.5821208
0.023959171 	 1.9062134
0.00474001 	 1.9383019
0.018438246 	 2.085327
0.011672707 	 0.5171166
0.0044271452 	 2.169031
0.0007974704 	 2.0628817
0.009005082 	 2.0185854
0.026372945 	 1.8001206
0.004887944 	 2.3139052
6.7653564e-05 	 4.0737004
0.02575229 	 0.88035107
0.0039302353 	 1.4884129
0.013830194 	 1.7237937
0.0007039998 	 2.4395287
0.0012557639 	 1.5924387
0.0012799941 	 3.0080905
0.0004861344 	 1.1711649
0.000183778 	 2.6089518
4.0233943e-05 	 1.166693
0.00012064708 	 2.5010884
0.02137631 	 1.6992147
0.019638853 	 1.4500502
0.0051016784 	 2.79802
0.016035227 	 2.429774
0.00013078115 	 1.752743
5.4539738e-05 	 3.1454074
0.017904166 	 1.1321386
0.02018955 	 3.5574014
0.00014908233 	 2.7307253
0.035631467 	 2.845219
0.01884754 	 1.710306
0.025175843 	 1.0218165
0.030248925 	 0.9276881
0.0033372834 	 0.78144336
0.0025310332 	 2.0279696
0.0012187036 	 1.8848447
0.0053448807 	 1.6580007
0.007063061 	 3.132698
0.0006450707 	 1.5293553
0.0011979361 	 2.2235217
0.0004554832 	 2.6098025
0.003420235 	 4.217208
0.010794035 	 1.0505301
0.0022572104 	 1.3798668
0.0007820803 	 1.4288551
0.021118343 	 2.9403484
0.0010778154 	 1.1723205
0.000595747 	 1.6682259
0.012659414 	 2.0636084
0.006293149 	 2.9325728
0.0007705676 	 2.37689
0.019211128 	 2.685395
0.00026867422 	 2.2566776
0.041990828 	 2.2548542
0.00016726462 	 0.98742497
0.000238447 	 1.6401111
0.0283525 	 3.5049195
0.0003005718 	 2.2845736
0.0014255666 	 1.1171703
0.0028122235 	 1.9201158
0.004443789 	 2.38835
0.0027820985 	 2.61701
0.0022458003 	 1.2061292
0.0011537172 	 2.047668
0.0036360484 	 1.8884288
0.0014787515 	 1.1175247
0.0026117666 	 1.2154083
0.010997465 	 1.6403427
0.014597042 	 1.3144236
0.0067191646 	 1.9827102
0.0016542042 	 2.42982
0.0027918413 	 1.267946
0.10675414 	 1.8067409
0.14754134 	 1.4051946
0.14189066 	 1.7389495
0.0065373015 	 1.9146974
0.0885043 	 1.3997478
0.036154397 	 2.300065
0.00019820509 	 5.29046
4.3511486e-06 	 1.9388374
0.026134793 	 1.4252512
0.00022765606 	 3.5893164
0.001414345 	 4.6999454
0.000715452 	 2.1480167
0.018785043 	 2.123055
1.9848543e-05 	 5.1994796
0.005823009 	 5.0066586
0.05248586 	 1.073062
0.01416252 	 1.6080681
0.002411768 	 2.9039223
0.00010479046 	 2.3581872
0.011960521 	 0.77568036
1.3947584e-05 	 3.20222
1.3589952e-05 	 1.6982645
0.0016494876 	 3.644249
0.012118155 	 0.92015123
1.37687675e-05 	 0.79409796
1.1920936e-06 	 1.8486942
0.0046541947 	 1.5323259
0.009840949 	 2.3456872
0.018848754 	 1.1200204
0.007720334 	 1.8815111
0.007468506 	 1.2602454
0.022194492 	 1.060016
0.007297074 	 1.9697676
0.08510805 	 1.7473067
0.2441394 	 1.7669042
0.51158017 	 1.9942061
0.35975266 	 2.1600113
0.11807771 	 1.2027158
0.02948564 	 3.0242052
0.0071657123 	 1.8234482
0.015769368 	 2.1948142
0.010950279 	 3.3651528
0.020613497 	 2.2464836
0.020512862 	 2.7576625
0.00021907107 	 2.6549246
1.6093267e-06 	 1.8688742
0.0021650966 	 2.5903318
0.0036848641 	 3.8064995
0.0029853396 	 2.402129
0.0052109594 	 2.6570556
0.09050315 	 1.0170443
0.043852784 	 1.8778023
0.09649896 	 3.7369509
0.05765329 	 2.564406
0.116790235 	 2.0009801
0.026332922 	 1.8291875
0.056735437 	 1.9261936
0.03169111 	 2.1545148
0.020944675 	 2.2297778
0.033425864 	 3.3051865
0.0008256863 	 2.9034646
0.024504678 	 1.555419
0.00042864925 	 1.6167619
0.00033056238 	 3.9826326
0.013972407 	 2.0748925
0.016877297 	 1.8190482
0.043281373 	 1.2259651
0.035660993 	 2.5797641
0.06594669 	 3.065732
0.06423581 	 2.490532
0.086476035 	 2.1362007
0.1316721 	 2.4489517
0.10224668 	 1.6724563
0.046709754 	 2.0562468
0.09521508 	 2.8500524
0.027917048 	 3.4614065
0.1368792 	 2.2822182
0.11392555 	 2.207457
0.05824776 	 2.4862254
0.011680667 	 2.0325036
0.0012084392 	 2.8142488
0.06963597 	 3.5898972
0.027138207 	 1.2023392
0.000825388 	 2.2855277
0.022148542 	 1.6926132
0.08108272 	 1.6390105
0.116923615 	 2.4268649
0.14473474 	 3.0013485
0.1549209 	 2.457486
0.24115388 	 1.5494288
0.17364112 	 1.0099149
0.28162602 	 1.1207864
0.1586808 	 1.1667061
0.11026809 	 1.2305652
0.095553756 	 1.0604062
0.17328735 	 0.9787305
0.23630735 	 1.1394395
0.22809176 	 1.825774
0.25663704 	 0.9661694
0.14070149 	 1.1980522
0.11459615 	 2.7933948
0.059631843 	 3.4052427
0.00032686567 	 1.9195496
0.0026155314 	 3.526569
0.016467717 	 2.5623
0.027430996 	 2.0550132
0.0010115254 	 3.4430203
0.06695481 	 1.7577676
0.014893383 	 3.3361552
0.06805026 	 1.1553055
0.025188617 	 1.5172725
0.01801091 	 2.1950755
0.0046122177 	 1.8218853
0.0041926056 	 2.9199939
0.024804948 	 1.3673643
0.059216645 	 0.94372815
Summary
1.1920936e-06  -  0.89683354 ,  0.4960825  -  8.031468
accuracy:  100.0
equal predictions:  0
TensorFlow version: 1.13.1
Found 939 images belonging to 1 classes.
argN = 49
argN = 49
0.7245685 	 3.211336
0.49213645 	 3.032536
0.6719138 	 3.8267002
0.7763147 	 2.3128376
0.42735827 	 2.2536716
0.42595702 	 0.7332889
0.4731824 	 1.8113518
0.24966736 	 3.331543
0.15351494 	 2.4057603
0.2552542 	 2.7359824
0.058290724 	 2.8717217
0.34011185 	 2.16673
0.2515294 	 1.978409
0.23500414 	 1.7554432
0.11881655 	 2.849935
0.26638898 	 2.511443
0.40787286 	 2.8572857
0.5734196 	 1.8665996
0.63917524 	 1.4002756
0.8309468 	 0.6333876
0.45538655 	 3.4826014
0.47583717 	 2.3089027
0.18641326 	 1.5636992
0.15716456 	 1.611685
0.2714018 	 1.4080448
0.13989441 	 2.0672026
0.11791963 	 2.6957066
0.09724948 	 3.7685626
0.14039485 	 2.8865776
0.15104468 	 1.5457557
0.0015709812 	 2.1185489
0.0026987218 	 1.9470133
0.09640661 	 2.466265
0.39062968 	 1.4891183
0.15888675 	 2.399246
0.14607625 	 0.59878397
0.5115574 	 3.0279422
0.5505309 	 0.8864785
0.378389 	 1.1557081
0.6745958 	 1.6956353
0.51702106 	 3.0296474
0.4373521 	 4.495697
0.0011023993 	 4.4292407
0.2404052 	 3.0647354
0.20105295 	 1.6534494
0.064027674 	 2.5053747
0.05676187 	 3.4569063
0.0010422533 	 3.1167908
0.0022882158 	 2.19345
0.25021034 	 2.772405
0.23652895 	 1.1928068
0.43606603 	 3.443912
0.2810298 	 1.0704076
0.22224346 	 1.7985232
0.15302797 	 1.6038793
0.20326272 	 2.1935623
0.19117951 	 1.3961675
0.33537883 	 1.4170744
0.33013794 	 1.1278707
0.10659492 	 2.398116
0.11565669 	 2.2422833
0.025035327 	 3.0237858
0.061723933 	 1.1980194
0.0010572298 	 3.1354756
0.00075798144 	 2.366792
0.044425767 	 1.6542722
0.048544735 	 1.925173
0.047002457 	 1.6103845
0.1084927 	 1.8825511
0.21610196 	 1.3302364
0.13689104 	 2.037889
0.10727628 	 4.9801807
0.17685483 	 1.9114984
0.096346356 	 3.247558
0.26481146 	 4.2428274
0.18863104 	 2.9371145
0.20907502 	 2.2056274
0.22534761 	 1.163938
0.07085324 	 2.31159
0.14158283 	 2.9166903
0.2648186 	 2.2034733
0.1487263 	 1.8624575
0.065345846 	 1.8609667
0.18108131 	 1.2979313
0.1910769 	 0.7291845
0.11478292 	 2.3112905
0.19305329 	 1.8159591
0.09270295 	 3.1713684
0.11351777 	 7.5838623
0.0012987938 	 1.4641604
0.0022760285 	 1.9965515
0.014356477 	 1.6993752
0.00021769985 	 1.2529308
0.00014520745 	 5.6102567
0.00023355827 	 2.5239336
0.01838312 	 2.9952414
0.04171257 	 1.5387464
0.00026646827 	 1.831102
0.002121671 	 2.8508596
0.019027587 	 3.3232021
0.021254411 	 1.1863143
0.009242137 	 2.2653944
0.001472842 	 2.6793127
0.0017755885 	 2.3385692
0.000651035 	 4.2232637
0.077227086 	 3.753243
0.08197158 	 2.6621528
0.07468369 	 2.1891966
0.07234959 	 2.782942
0.055276733 	 2.0971951
0.036666904 	 1.6821139
0.05072779 	 1.3312362
0.02604345 	 0.94855934
0.007542312 	 2.47626
0.005038656 	 1.3626009
0.018023109 	 2.6913745
0.002110143 	 2.749391
0.00047629492 	 1.7021407
0.0022450238 	 1.8680648
0.0027194011 	 1.5719967
0.00048553807 	 2.2291472
0.00073835684 	 1.9846046
8.094638e-05 	 0.9726493
0.0046634167 	 3.3600912
0.0207055 	 2.435018
0.020450685 	 1.8633281
0.01904399 	 0.7930491
0.012728533 	 1.6942543
0.002320775 	 1.8966594
0.010838261 	 1.8806703
0.0028677536 	 2.1098137
0.015557459 	 2.464468
0.05619388 	 1.8842113
0.013321826 	 2.539891
0.0021842117 	 4.8845606
0.013991326 	 1.446559
0.0034312995 	 1.6106595
0.00025013238 	 1.9346342
0.00666078 	 2.2283185
0.031134536 	 1.2719115
0.014826412 	 0.7480613
0.01871101 	 1.7184486
0.01977077 	 1.7168361
0.005944661 	 2.566679
0.0031959768 	 2.7765365
0.0055334796 	 1.86123
0.0018370325 	 1.361759
0.019956453 	 2.8452568
0.00013382138 	 3.2080035
0.0014738567 	 2.2835941
0.01842853 	 2.8550432
0.014067549 	 2.2544286
0.00022294623 	 2.2574067
0.0032407048 	 3.1210096
0.01278528 	 1.5430447
0.011111249 	 2.9494488
0.0005023549 	 0.9705549
9.298757e-05 	 2.9488776
0.00062157155 	 2.3289382
0.001832136 	 1.985005
0.010546492 	 2.0486085
0.02014655 	 3.5233734
0.021292526 	 1.5300473
0.021922847 	 2.0354178
0.024094528 	 0.82772887
0.016689941 	 1.9628491
0.021369308 	 1.2557662
0.035311874 	 0.76681936
0.021673204 	 2.098884
0.021691905 	 3.345383
0.02094285 	 2.4620407
0.0021168329 	 3.0415657
0.012523966 	 2.178311
0.002266052 	 2.9942696
0.004399486 	 2.5341394
0.0007811855 	 2.1000319
0.0005412374 	 2.8790653
0.00045822628 	 1.8144957
0.0010575878 	 1.8315321
0.007986284 	 1.6533529
0.0011354572 	 1.6965023
0.00014651896 	 2.016938
0.0012324892 	 4.266768
0.0060478575 	 1.4389071
0.0017976817 	 1.868987
0.0006652899 	 1.8213843
0.0018071161 	 3.172547
0.003563547 	 2.2021916
0.0021683222 	 2.5967345
0.0014713496 	 1.5071733
0.0024135606 	 1.8757402
0.0021801498 	 2.51402
0.0021047674 	 2.2154596
0.086121455 	 1.6344365
0.12989159 	 2.043828
0.108374454 	 3.2614336
0.106673434 	 1.3402985
0.08886298 	 2.5644987
0.19435708 	 2.553288
0.061904702 	 2.269003
0.062136177 	 2.3717957
0.06410971 	 2.4043195
0.0738788 	 1.7907525
4.9651902e-05 	 1.634622
0.00017936646 	 1.6645539
0.032889143 	 1.0601137
0.01892365 	 2.1113892
0.00023165048 	 3.751617
0.013259732 	 2.2738643
0.00096958183 	 2.260406
0.026692692 	 2.6421587
0.00016255508 	 6.3091726
0.0017490773 	 2.600236
2.0861648e-06 	 3.157965
1.3113031e-06 	 3.0609326
-7.152555e-07 	 1.159871
5.9604645e-08 	 1.5000219
1.4305125e-06 	 3.0976574
4.3273907e-05 	 1.2722212
2.712048e-05 	 7.8575487
0.013507344 	 3.792521
0.0075630317 	 1.737524
0.027842458 	 2.6625423
0.000836603 	 2.84869
0.0021888113 	 2.530613
8.565554e-05 	 2.7950134
0.10514129 	 2.0585475
0.02269465 	 3.988657
0.004692221 	 3.787838
5.072484e-05 	 1.8084803
0.24812056 	 2.4572124
0.000753806 	 2.8662796
0.020375008 	 1.9419806
0.08020247 	 1.5035032
0.033853117 	 5.033683
0.05362726 	 3.7884462
0.03661682 	 1.0079201
0.056561593 	 1.4006201
0.027281405 	 1.3118252
0.02541132 	 2.3801677
0.0013355587 	 2.0048654
0.00028149274 	 1.5497235
0.00010473085 	 2.5778604
0.038662627 	 0.91380656
0.030630818 	 1.319051
0.038039993 	 1.5097461
0.018567573 	 2.207048
0.021048214 	 2.3315873
0.0012903786 	 6.663369
0.0005383152 	 3.5123038
0.00057970395 	 4.1219463
0.005525628 	 3.142569
0.020727469 	 2.406408
0.010422834 	 2.9873915
0.00023993748 	 1.9602677
0.036533605 	 2.7783494
0.007218063 	 1.9408783
0.04097824 	 1.8610641
0.016324785 	 1.4724195
0.038104698 	 1.6538051
0.05343679 	 2.416337
0.054031715 	 1.8068451
0.084256545 	 1.7053427
0.12845834 	 0.94626105
0.09323873 	 3.1478806
0.07644312 	 1.566435
0.11074879 	 2.3552525
0.07979755 	 1.4125183
0.04334878 	 3.5569708
0.0009317565 	 2.9832482
0.0015176124 	 2.6442242
0.008476678 	 2.252141
0.028382424 	 2.344518
0.0040831966 	 2.39752
0.019670099 	 2.473803
0.017445823 	 2.0917222
0.17040871 	 1.7441399
0.15647317 	 2.6546872
0.17727825 	 4.2675967
0.19808851 	 2.4281926
0.22122075 	 2.2846906
0.21982148 	 1.1076858
0.25398117 	 1.0416667
0.3364955 	 1.5048395
0.37694988 	 1.7824782
0.31727004 	 1.9079918
0.18675065 	 0.7266899
0.18087724 	 1.4586172
0.11676926 	 1.0751117
0.09460007 	 1.1831784
0.08747157 	 1.5545243
0.17564783 	 1.5809896
0.20798604 	 1.3453823
0.18525407 	 0.65509707
0.22454329 	 0.87814933
0.28949338 	 0.5603365
0.250769 	 1.6605302
0.1108552 	 1.5126852
0.017255269 	 3.2251568
0.0004885198 	 1.8103435
0.053863812 	 2.4394002
0.05501359 	 2.1496751
0.07922414 	 2.0726554
0.1309852 	 2.138011
0.074567765 	 1.5146781
0.08735181 	 2.3344107
0.100076534 	 1.8169814
0.069986545 	 1.8604624
0.03454484 	 1.4631242
0.022958452 	 4.1174273
0.025844155 	 3.4675288
0.0250338 	 1.5068096
0.034123644 	 2.998326
Summary
-7.152555e-07  -  0.8309468 ,  0.5603365  -  7.8575487
accuracy:  99.7
equal predictions:  0
