TensorFlow version: 1.13.1
Found 939 images belonging to 1 classes.
argN = 3136
argN = 3136
0.40057594 	 0.7112025
0.4133448 	 0.6551176
0.4602203 	 0.56402665
0.47456446 	 0.59947765
0.48293623 	 0.5521562
0.63058376 	 0.7018475
0.6592116 	 0.6502207
0.6953524 	 0.65008175
0.68522537 	 0.65285844
0.61555403 	 0.6016655
0.6194024 	 0.6626596
0.5807918 	 0.6633143
0.55492103 	 0.67433697
0.6070705 	 0.6444362
0.6130197 	 0.67615026
0.49945778 	 0.67222893
0.49312356 	 0.70728886
0.4720394 	 0.7147311
0.5496689 	 0.7973228
0.52594244 	 0.6977975
0.62443197 	 0.6533962
0.62117887 	 0.6662499
0.64844245 	 0.686946
0.6722713 	 0.6609621
0.6080569 	 0.69598
0.60586435 	 0.6457371
0.63381624 	 0.62556493
0.41667467 	 0.50771195
0.41985917 	 0.48928422
0.37226894 	 0.473986
0.37337312 	 0.6369188
0.37015292 	 0.5240367
0.36083952 	 0.44005916
0.3675735 	 0.54974055
0.3957004 	 0.6766508
0.37387857 	 0.574005
0.37725544 	 0.60467386
0.36081308 	 0.54135066
0.55935377 	 0.66490674
0.49857754 	 0.61291015
0.4606332 	 0.5962679
0.44004008 	 0.66132724
0.46205467 	 0.7727584
0.57709616 	 0.61532044
0.5368921 	 0.6466131
0.5259918 	 0.6140519
0.56189245 	 0.5841866
0.63567924 	 0.6182675
0.5918927 	 0.631698
0.6592564 	 0.64593333
0.5891685 	 0.6208206
0.53998625 	 0.6198705
0.4712671 	 0.54876626
0.4462253 	 0.55194026
0.41359383 	 0.5515317
0.4200511 	 0.6078067
0.5159193 	 0.71196204
0.5270583 	 0.67659444
0.5621359 	 0.5830187
0.5395282 	 0.59425884
0.5267696 	 0.6757568
0.5968937 	 0.6808479
0.58080375 	 0.597088
0.54134387 	 0.6810827
0.6371584 	 0.6597878
0.6406205 	 0.68732804
0.5902383 	 0.60334015
0.5704237 	 0.56019527
0.50826555 	 0.7146954
0.5172652 	 0.65539604
0.46234423 	 0.62730926
0.52588373 	 0.5982272
0.5402782 	 0.67015964
0.54780096 	 0.8326603
0.5579681 	 0.630742
0.45166814 	 0.8556439
0.44894296 	 0.5399256
0.4269261 	 0.5765984
0.58769596 	 0.6275028
0.6041597 	 0.5503235
0.5690489 	 0.6056127
0.53046995 	 0.54671997
0.55968314 	 0.6677136
0.5478162 	 0.6235148
0.534408 	 0.66816306
0.5617657 	 0.6170139
0.6308418 	 0.5947162
0.54103094 	 0.6807112
0.5229423 	 0.708853
0.622112 	 0.6265124
0.6246448 	 0.64989334
0.56654954 	 0.690589
0.4510319 	 0.4893822
0.49587804 	 0.72527105
0.6150084 	 0.6508744
0.5981719 	 0.69806606
0.65147483 	 0.5766793
0.66331244 	 0.58524615
0.6427534 	 0.631784
0.65716976 	 0.6497034
0.64384145 	 0.60028964
0.58818185 	 0.61661667
0.5547392 	 0.6921946
0.5790835 	 0.7120606
0.54872894 	 0.61389405
0.5831918 	 0.6434033
0.40807396 	 0.65147096
0.3902714 	 0.63189006
0.402214 	 0.52239966
0.3946004 	 0.536365
0.3801696 	 0.49288926
0.38859123 	 0.68935126
0.3894308 	 0.70596147
0.38711515 	 0.7575372
0.40026692 	 0.7119041
0.4197652 	 0.5190521
0.43584433 	 0.60149145
0.41271627 	 0.6525415
0.4642386 	 0.6425184
0.46582004 	 0.5663861
0.49999693 	 0.55011433
0.49485898 	 0.5225231
0.5210995 	 0.5888647
0.52216715 	 0.65907353
0.5325778 	 0.59105515
0.54977304 	 0.52595276
0.57239175 	 0.74474037
0.58378303 	 0.5938797
0.60365677 	 0.6142753
0.60931647 	 0.6411255
0.6051886 	 0.666574
0.5950419 	 0.6440642
0.6098213 	 0.7070821
0.5928209 	 0.69826794
0.5986526 	 0.69078463
0.6016977 	 0.70432097
0.62145686 	 0.6117202
0.59877974 	 0.6012811
0.6109127 	 0.57569176
0.61888784 	 0.69135386
0.62964225 	 0.6001797
0.59947866 	 0.67304206
0.5959745 	 0.67759734
0.63087094 	 0.6352394
0.62097055 	 0.6727915
0.63856655 	 0.6207698
0.6338616 	 0.69634014
0.6505653 	 0.6464106
0.6498976 	 0.59797525
0.6700648 	 0.67561585
0.62127733 	 0.70390606
0.62904364 	 0.6319421
0.672161 	 0.6288307
0.644144 	 0.6100712
0.6308902 	 0.75288856
0.6339808 	 0.6796026
0.6482428 	 0.63185364
0.6221093 	 0.67217106
0.62033767 	 0.64123625
0.64897877 	 0.6405823
0.6520063 	 0.65918607
0.6296957 	 0.6917629
0.6643929 	 0.67447513
0.66455495 	 0.70282227
0.6455536 	 0.6615459
0.64484847 	 0.64180505
0.6390206 	 0.62368983
0.65284264 	 0.67131805
0.62705547 	 0.60833246
0.66381794 	 0.63928664
0.64864516 	 0.6528369
0.62611055 	 0.66628987
0.6450209 	 0.60958606
0.6248307 	 0.586986
0.6212035 	 0.72798157
0.62257665 	 0.6427073
0.6134192 	 0.6135579
0.58434397 	 0.5949668
0.57080126 	 0.7025369
0.5903898 	 0.7196865
0.56344104 	 0.6104668
0.55448914 	 0.6518422
0.57735515 	 0.61124057
0.5653595 	 0.6479486
0.5590009 	 0.65197027
0.5597872 	 0.65970427
0.56214976 	 0.723257
0.57140946 	 0.62157315
0.5544784 	 0.6289123
0.5687967 	 0.6761938
0.56655705 	 0.5803866
0.5807042 	 0.64258003
0.56293446 	 0.6143254
0.58379006 	 0.68386453
0.5875994 	 0.62544835
0.55096215 	 0.691327
0.56651276 	 0.67961216
0.60305154 	 0.6105237
0.59328836 	 0.6177129
0.5893536 	 0.6461362
0.577673 	 0.6432837
0.55891776 	 0.66634476
0.62179714 	 0.6649992
0.60521984 	 0.6621884
0.6029865 	 0.6706182
0.5848396 	 0.6855949
0.56368995 	 0.6610187
0.56802845 	 0.6075125
0.57993305 	 0.6366308
0.57868433 	 0.64108145
0.6157782 	 0.6200604
0.6303319 	 0.6462519
0.6405807 	 0.6514642
0.6466438 	 0.68262327
0.6192688 	 0.6744399
0.63431597 	 0.63294494
0.62050325 	 0.6319087
0.6429751 	 0.6438582
0.63875294 	 0.62219006
0.63498604 	 0.66885734
0.64369303 	 0.679366
0.6382449 	 0.66876096
0.6547472 	 0.6290463
0.64579076 	 0.6638375
0.6553546 	 0.6634272
0.65993017 	 0.70031536
0.6454756 	 0.66338587
0.6399344 	 0.6281402
0.6218176 	 0.70525014
0.61232674 	 0.6501411
0.62700915 	 0.6503355
0.60730875 	 0.6750155
0.6030664 	 0.65236723
0.6284403 	 0.6944312
0.6089928 	 0.6348484
0.59944284 	 0.6558359
0.6226911 	 0.6580446
0.60706645 	 0.6546752
0.652129 	 0.69874597
0.6255239 	 0.6857506
0.61115533 	 0.6134731
0.61373097 	 0.6727242
0.67718685 	 0.6521855
0.6620534 	 0.64646226
0.6213792 	 0.6712238
0.6242408 	 0.66203237
0.63558304 	 0.66036326
0.6033434 	 0.6822532
0.5859214 	 0.62978005
0.6065602 	 0.6230826
0.6377429 	 0.682766
0.6130648 	 0.7319979
0.6316406 	 0.6723904
0.65534115 	 0.6331824
0.64639854 	 0.62378377
0.6008717 	 0.685176
0.60825545 	 0.6729871
0.59073657 	 0.67253745
0.6021051 	 0.65605426
0.5954142 	 0.6685728
0.60248804 	 0.6380885
0.59249455 	 0.6687114
0.6467292 	 0.6646937
0.66008526 	 0.69993913
0.5625645 	 0.6108899
0.54933125 	 0.64620996
0.56754786 	 0.6939301
0.5813072 	 0.61513585
0.6230862 	 0.6733302
0.6288415 	 0.65023243
0.6937507 	 0.6659136
0.6696861 	 0.68460226
0.7083372 	 0.6988587
0.72860914 	 0.6876304
0.7105693 	 0.6942865
0.69480735 	 0.6458451
0.6843966 	 0.6674356
0.67355984 	 0.65056163
0.68517673 	 0.6953632
0.6933063 	 0.637947
0.70422226 	 0.6693109
0.67769384 	 0.65291566
0.7113841 	 0.6189051
0.6511282 	 0.6701427
0.6497584 	 0.6476557
0.630542 	 0.6595434
0.61701894 	 0.6722736
0.59254986 	 0.70640284
0.5453925 	 0.6628793
0.55662626 	 0.6240541
0.5220862 	 0.62334746
0.44737884 	 0.659341
0.46534416 	 0.637378
0.45978588 	 0.7182791
0.47704425 	 0.61410177
0.48908317 	 0.6516358
0.5117666 	 0.5899149
0.64523923 	 0.6607117
0.68887883 	 0.6502103
0.6786911 	 0.64974165
0.66037345 	 0.6699105
0.6634735 	 0.6263284
0.64083636 	 0.7054299
0.6639914 	 0.641516
0.6515274 	 0.66296536
0.64336586 	 0.63714844
0.63077617 	 0.68219095
0.6228198 	 0.67654026
0.64819753 	 0.6317727
0.62556803 	 0.68420875
0.63647264 	 0.6837703
0.62170166 	 0.6881434
0.64233446 	 0.6395303
Summary
0.36081308  -  0.72860914 ,  0.44005916  -  0.8556439
accuracy:  80.8
equal predictions:  0
TensorFlow version: 1.13.1
Found 939 images belonging to 1 classes.
argN = 3136
argN = 3136
0.41548923 	 0.5652452
0.42053586 	 0.6661922
0.49362826 	 0.5711461
0.5222796 	 0.63107747
0.63150734 	 0.6360253
0.6461444 	 0.65260965
0.6048319 	 0.6077861
0.619456 	 0.66735756
0.62524885 	 0.66866595
0.616168 	 0.6522433
0.6403729 	 0.65167814
0.6369802 	 0.66028345
0.61817956 	 0.6746639
0.5513954 	 0.6058755
0.5807743 	 0.68784064
0.59988415 	 0.58616287
0.5845632 	 0.632983
0.4609471 	 0.56506693
0.49125767 	 0.53843147
0.548233 	 0.5490126
0.47317016 	 0.56229293
0.5328875 	 0.62325317
0.52810264 	 0.4720895
0.5356633 	 0.6285309
0.51927525 	 0.5711994
0.58225375 	 0.6992537
0.6301478 	 0.6120834
0.5439249 	 0.6082896
0.38496876 	 0.7106033
0.42503792 	 0.64317137
0.42421496 	 0.7128695
0.37345627 	 0.7486119
0.37456366 	 0.6955542
0.37585473 	 0.5604489
0.36955658 	 0.70335585
0.5659706 	 0.55325633
0.49125144 	 0.6103798
0.5112933 	 0.5417342
0.5431023 	 0.6192782
0.55837023 	 0.70670056
0.5267825 	 0.60781544
0.5921165 	 0.6182243
0.6243036 	 0.5977584
0.6347887 	 0.62421834
0.6244983 	 0.638693
0.55990845 	 0.6471163
0.59144855 	 0.638112
0.5768043 	 0.6608835
0.48389912 	 0.64734983
0.48235258 	 0.6596271
0.5134559 	 0.66836274
0.53628767 	 0.6755674
0.60060775 	 0.6325323
0.5975743 	 0.665136
0.5689941 	 0.6528818
0.5987165 	 0.6629628
0.62151456 	 0.6292537
0.60504854 	 0.6546683
0.65770674 	 0.58487743
0.6186402 	 0.67338246
0.5802916 	 0.6540581
0.45118472 	 0.5053656
0.5175056 	 0.64870733
0.5508152 	 0.77991295
0.52828014 	 0.74037313
0.501115 	 0.49080575
0.51840955 	 0.63474774
0.50915694 	 0.47361246
0.44974244 	 0.48829982
0.45640302 	 0.55386883
0.46095398 	 0.6752143
0.57478046 	 0.6314574
0.59194225 	 0.6613208
0.5424884 	 0.6745863
0.5402571 	 0.61017245
0.5581692 	 0.6136661
0.65277964 	 0.6525564
0.65235347 	 0.6191719
0.5556605 	 0.67522305
0.58963746 	 0.567494
0.52869767 	 0.6584418
0.5887681 	 0.7090949
0.450003 	 0.5502052
0.44677797 	 0.6806436
0.45397478 	 0.7845158
0.5140802 	 0.6624584
0.62699914 	 0.6473578
0.6158343 	 0.61192596
0.63352203 	 0.6695431
0.6108552 	 0.67428875
0.58460146 	 0.73500305
0.43456176 	 0.6078454
0.44390643 	 0.7143958
0.44253471 	 0.5454853
0.44488144 	 0.4929032
0.4206999 	 0.7642654
0.39712644 	 0.6375876
0.41926223 	 0.5502317
0.40500152 	 0.67253697
0.40334696 	 0.6167302
0.38733456 	 0.649217
0.40891454 	 0.64417803
0.39271238 	 0.63746184
0.4072326 	 0.7049671
0.4070816 	 0.56567824
0.43718624 	 0.7736639
0.4516745 	 0.61761147
0.47531375 	 0.64516634
0.51124567 	 0.7187137
0.50809383 	 0.7793474
0.52659804 	 0.5569877
0.54290324 	 0.6748459
0.5313092 	 0.62566674
0.60115236 	 0.6076841
0.5856253 	 0.6397719
0.6009575 	 0.69452155
0.6026516 	 0.60308075
0.593984 	 0.6804462
0.596131 	 0.6545919
0.61427504 	 0.6331752
0.5999749 	 0.6322259
0.60803944 	 0.70134175
0.60949594 	 0.6537141
0.61388093 	 0.62821126
0.6123991 	 0.64039594
0.6588013 	 0.63086814
0.63890547 	 0.6258871
0.6327836 	 0.6575217
0.6354022 	 0.67567664
0.64570946 	 0.7210871
0.6691582 	 0.58214116
0.64603454 	 0.66112775
0.65024984 	 0.5969667
0.63461185 	 0.5984024
0.6348385 	 0.6562858
0.65810204 	 0.61016685
0.6478995 	 0.6406167
0.64307827 	 0.656162
0.64572334 	 0.66999525
0.60940737 	 0.67234194
0.62241095 	 0.5790248
0.6289294 	 0.67170817
0.62298757 	 0.5958553
0.6468034 	 0.691375
0.66743654 	 0.6118645
0.6467638 	 0.64581317
0.6443703 	 0.6303341
0.6593542 	 0.62049216
0.6554898 	 0.61784095
0.6565793 	 0.6750522
0.64914674 	 0.6263213
0.64206064 	 0.6431649
0.6814431 	 0.63768244
0.63568807 	 0.66446203
0.6263184 	 0.7550485
0.6426785 	 0.6093145
0.6279711 	 0.67322826
0.6480442 	 0.72091633
0.6178896 	 0.7039528
0.62410593 	 0.7274196
0.60377383 	 0.6765148
0.610043 	 0.6439994
0.6158815 	 0.614348
0.5978657 	 0.65744215
0.5667527 	 0.64337856
0.58120227 	 0.5973219
0.5701791 	 0.6209997
0.58357126 	 0.6149945
0.55819523 	 0.59707886
0.5668367 	 0.65641385
0.57595146 	 0.6488577
0.5554579 	 0.5934397
0.5531771 	 0.6102338
0.5819702 	 0.67079127
0.56473374 	 0.62567
0.54855496 	 0.6735489
0.5531591 	 0.6385729
0.55395305 	 0.6555423
0.5712632 	 0.6376653
0.5698741 	 0.6168944
0.54881 	 0.61671156
0.55426407 	 0.6102205
0.5538505 	 0.6466598
0.5442012 	 0.6129211
0.5574026 	 0.7187302
0.57467043 	 0.73363876
0.57899106 	 0.6472633
0.5959186 	 0.63808894
0.5863125 	 0.5941701
0.5716587 	 0.6216389
0.594773 	 0.6652614
0.5951525 	 0.6288232
0.6080455 	 0.6907758
0.6136944 	 0.6309018
0.6265991 	 0.6490918
0.6084413 	 0.6291414
0.6077618 	 0.65988
0.6206757 	 0.6398067
0.61745197 	 0.64736485
0.5856868 	 0.6748282
0.5679583 	 0.7011807
0.59424615 	 0.63303417
0.5877087 	 0.67888933
0.6208196 	 0.60797524
0.63365066 	 0.59533334
0.63893163 	 0.62471735
0.627664 	 0.63036543
0.62793624 	 0.66630787
0.6174983 	 0.7105538
0.63371736 	 0.6132057
0.64670986 	 0.66146237
0.6389917 	 0.65474445
0.63740796 	 0.6511706
0.65270424 	 0.6553455
0.6709413 	 0.68656266
0.64441156 	 0.6531656
0.6344323 	 0.65982556
0.6508809 	 0.6403084
0.6348917 	 0.6537476
0.6202687 	 0.67751175
0.61487424 	 0.6911501
0.6031265 	 0.7063547
0.60421395 	 0.64285874
0.60299665 	 0.62596095
0.6284079 	 0.69542706
0.6066962 	 0.69084525
0.6318054 	 0.63204104
0.6428649 	 0.6920002
0.6542118 	 0.67076176
0.6035401 	 0.6570997
0.618933 	 0.6661389
0.6494959 	 0.6556052
0.63019246 	 0.6722397
0.61327195 	 0.6641332
0.617523 	 0.68520206
0.6082433 	 0.6265616
0.6686014 	 0.65782374
0.6569653 	 0.6424808
0.6285342 	 0.65767914
0.6166437 	 0.68713814
0.6209577 	 0.6490084
0.61889493 	 0.64326954
0.61546296 	 0.629458
0.6185226 	 0.61412853
0.59498143 	 0.6309964
0.6010547 	 0.66698956
0.60543555 	 0.6920249
0.62522036 	 0.6081027
0.6507783 	 0.6589167
0.6298869 	 0.6912766
0.6175394 	 0.6657006
0.60746324 	 0.660901
0.5963838 	 0.6162475
0.58258873 	 0.6568184
0.57854015 	 0.7180915
0.5955755 	 0.63701725
0.59424603 	 0.6620319
0.61413646 	 0.63974106
0.59466517 	 0.6357718
0.5971875 	 0.654748
0.6590545 	 0.66501266
0.65018016 	 0.679792
0.62662864 	 0.6483285
0.5762316 	 0.64179325
0.5563891 	 0.62680423
0.6426756 	 0.6743912
0.70432234 	 0.6656329
0.7432617 	 0.686978
0.68699104 	 0.6716718
0.6734569 	 0.6665293
0.7106094 	 0.68171537
0.68162185 	 0.6881568
0.655016 	 0.67922574
0.6435867 	 0.70232487
0.6019812 	 0.6237872
0.57752943 	 0.68445075
0.54012144 	 0.62515086
0.5596898 	 0.617873
0.56558096 	 0.63061446
0.5654287 	 0.63916236
0.5080268 	 0.641123
0.45804697 	 0.6919083
0.47125277 	 0.6586784
0.49434292 	 0.5805932
0.49059525 	 0.6534342
0.5208452 	 0.5994632
0.5077904 	 0.6665298
0.5469696 	 0.61802053
0.5703177 	 0.6740697
0.5697885 	 0.59691906
0.5767714 	 0.69004625
0.5857677 	 0.63344795
0.6154241 	 0.67632186
0.62672055 	 0.6512248
0.67957366 	 0.67262864
0.6569627 	 0.6502395
0.7112365 	 0.65801615
0.620384 	 0.65807074
0.65571934 	 0.6834515
0.66002786 	 0.6855575
0.66116744 	 0.6364348
0.65161437 	 0.6718574
0.6277204 	 0.6660779
0.63393396 	 0.6574703
0.6363442 	 0.69225675
0.6236143 	 0.6540406
0.64283884 	 0.661886
0.6457523 	 0.63907623
0.6415725 	 0.6639833
0.64417976 	 0.65881926
0.63640773 	 0.6866015
0.61943597 	 0.68657076
0.61571 	 0.66392976
Summary
0.36955658  -  0.7432617 ,  0.4720895  -  0.7845158
accuracy:  84.0
equal predictions:  0
TensorFlow version: 1.13.1
Found 939 images belonging to 1 classes.
argN = 3136
argN = 3136
0.41070515 	 0.64019984
0.38879275 	 0.5978636
0.5363605 	 0.5996927
0.4548703 	 0.6580331
0.47667745 	 0.6043112
0.46159023 	 0.5896602
0.4992225 	 0.5766061
0.45274693 	 0.69444764
0.4746233 	 0.60789764
0.5280666 	 0.5854092
0.68246984 	 0.59795725
0.6896976 	 0.6331953
0.65188 	 0.6325484
0.685882 	 0.7068649
0.57228523 	 0.59805745
0.6317654 	 0.6121326
0.61068386 	 0.67281026
0.6127558 	 0.66544366
0.5232794 	 0.6201776
0.5021687 	 0.55836356
0.4689501 	 0.71516436
0.46593904 	 0.5838503
0.4778866 	 0.5562506
0.53669614 	 0.6103122
0.5120927 	 0.6033634
0.53944355 	 0.6493971
0.6118213 	 0.6404586
0.66180533 	 0.6354101
0.6354357 	 0.65761656
0.60272306 	 0.62078863
0.60836375 	 0.6082888
0.60109496 	 0.6647298
0.4707326 	 0.5807552
0.42598858 	 0.67190564
0.3794472 	 0.47919098
0.37140876 	 0.6207942
0.3921632 	 0.4386655
0.3732831 	 0.73645
0.36827567 	 0.7141803
0.38583183 	 0.660733
0.39120498 	 0.70674384
0.44461113 	 0.65938133
0.4972215 	 0.6872013
0.46050546 	 0.65514535
0.42747825 	 0.59267676
0.38763294 	 0.76409876
0.5514754 	 0.6436466
0.56166184 	 0.71908295
0.57832587 	 0.6673965
0.59689677 	 0.63698155
0.6375638 	 0.6619751
0.6262718 	 0.61798126
0.5688677 	 0.61718386
0.5982366 	 0.7186637
0.5637675 	 0.65002304
0.48215747 	 0.64138883
0.4464478 	 0.63747394
0.4211954 	 0.5138953
0.4970704 	 0.5958553
0.5178655 	 0.6199155
0.5081889 	 0.8190884
0.5169989 	 0.7148105
0.5034771 	 0.57728213
0.5437537 	 0.65125346
0.57943445 	 0.625163
0.5274542 	 0.6173799
0.5855454 	 0.6441079
0.5987919 	 0.6040451
0.6155313 	 0.6310121
0.6322881 	 0.657527
0.61698157 	 0.6307052
0.527613 	 0.6345964
0.54577804 	 0.59638995
0.5090086 	 0.6662697
0.4326257 	 0.6836965
0.414005 	 0.6913736
0.46412012 	 0.62087995
0.45115572 	 0.56569535
0.5700014 	 0.6211771
0.5803913 	 0.6184159
0.548972 	 0.7573512
0.6277622 	 0.6299363
0.6993542 	 0.6706663
0.6312087 	 0.71751934
0.7301415 	 0.6441376
0.56686664 	 0.63023907
0.52609015 	 0.633546
0.59295917 	 0.55998796
0.44619408 	 0.5906209
0.44047424 	 0.5337893
0.46335644 	 0.5532839
0.4159646 	 0.46087584
0.40844685 	 0.6544239
0.5706713 	 0.64222914
0.63767296 	 0.64434516
0.6467706 	 0.59635013
0.6444772 	 0.6048274
0.57983583 	 0.709033
0.42601222 	 0.6086472
0.42732617 	 0.5474148
0.42231262 	 0.6002553
0.42324522 	 0.7955483
0.39454237 	 0.5835003
0.3933272 	 0.4472285
0.3831519 	 0.60974836
0.40645173 	 0.53567284
0.410252 	 0.571566
0.40283078 	 0.6003075
0.42142302 	 0.64409935
0.39784703 	 0.7128443
0.39591637 	 0.68652135
0.40946555 	 0.70358926
0.40447852 	 0.58456415
0.45967185 	 0.6665925
0.4725616 	 0.76913893
0.5065365 	 0.53467584
0.50940096 	 0.727277
0.52788275 	 0.7108548
0.6082517 	 0.66938984
0.60163784 	 0.6318852
0.6241155 	 0.6827061
0.6051624 	 0.5897282
0.61676854 	 0.6003346
0.6071831 	 0.67405355
0.5987881 	 0.6978993
0.602568 	 0.6831101
0.62255114 	 0.63773745
0.5815807 	 0.6589786
0.61760837 	 0.594251
0.6166953 	 0.64391506
0.618159 	 0.6644727
0.6139655 	 0.64726853
0.6029315 	 0.6511138
0.6059994 	 0.69675845
0.6281369 	 0.65579605
0.6316309 	 0.6436565
0.65016854 	 0.6835899
0.6401011 	 0.6257091
0.6538404 	 0.63559055
0.66051245 	 0.64657193
0.66557866 	 0.6457396
0.63826567 	 0.6519847
0.6624545 	 0.6748012
0.6577782 	 0.6750913
0.6219642 	 0.65351385
0.6169845 	 0.69573474
0.63178825 	 0.65307647
0.6661365 	 0.6739162
0.6539264 	 0.7307662
0.68129027 	 0.68151957
0.6516898 	 0.6413721
0.68641067 	 0.644505
0.62547845 	 0.63539475
0.64528775 	 0.63261086
0.6649962 	 0.6259194
0.64867085 	 0.69244206
0.654532 	 0.6292369
0.6406089 	 0.62732255
0.6555101 	 0.64494365
0.64122945 	 0.6081987
0.66958755 	 0.6080285
0.6655148 	 0.604417
0.6504856 	 0.59989923
0.62441987 	 0.6034084
0.64369017 	 0.62865007
0.6106867 	 0.57215565
0.6197967 	 0.81808215
0.627418 	 0.6024625
0.61054075 	 0.6107562
0.5941295 	 0.6997481
0.61363167 	 0.5452824
0.5869854 	 0.6272086
0.56561273 	 0.6909648
0.5509934 	 0.59093434
0.556809 	 0.6360287
0.5456221 	 0.61808944
0.57598007 	 0.64505744
0.55247325 	 0.7290449
0.5496437 	 0.65665084
0.54668087 	 0.6199319
0.5570678 	 0.6424241
0.5502615 	 0.63868135
0.5533672 	 0.67618394
0.5502401 	 0.6097092
0.56719255 	 0.63208586
0.5593795 	 0.63334584
0.5799867 	 0.6748968
0.56922704 	 0.612755
0.5503826 	 0.67010933
0.5663208 	 0.6358292
0.57712734 	 0.67278737
0.5674989 	 0.64587945
0.55504096 	 0.65490806
0.57411826 	 0.61399263
0.5794288 	 0.6551482
0.5814466 	 0.6922916
0.582535 	 0.6138356
0.6092495 	 0.68665236
0.6034412 	 0.6877543
0.6113216 	 0.6649505
0.5598193 	 0.6235437
0.6193887 	 0.6314995
0.6009257 	 0.64831
0.60430884 	 0.65381956
0.6257452 	 0.6111702
0.60330695 	 0.6351502
0.6394769 	 0.6494104
0.64116555 	 0.6534254
0.6457921 	 0.64449453
0.643267 	 0.6876419
0.61420786 	 0.625792
0.6164516 	 0.6543091
0.6507428 	 0.61357373
0.65440977 	 0.65061694
0.6527055 	 0.6484898
0.66857135 	 0.66841805
0.6264655 	 0.6545696
0.6679786 	 0.66983944
0.6162742 	 0.6686118
0.62833506 	 0.6612331
0.6272434 	 0.69661254
0.6347561 	 0.64154565
0.6418403 	 0.6578288
0.63744247 	 0.71073943
0.61593246 	 0.6683471
0.5959241 	 0.62013555
0.613124 	 0.6695284
0.61479497 	 0.68145037
0.6079009 	 0.67240924
0.6122907 	 0.665526
0.649301 	 0.6445349
0.6466336 	 0.63994247
0.6157012 	 0.67278445
0.62535304 	 0.70037144
0.640058 	 0.62111926
0.6282566 	 0.66898984
0.6299204 	 0.66136444
0.6410074 	 0.7234154
0.6089659 	 0.6428642
0.6272282 	 0.66484207
0.6150767 	 0.6472933
0.5986792 	 0.61893034
0.60036415 	 0.6173324
0.61135304 	 0.6744816
0.60564154 	 0.67045325
0.62128323 	 0.6260002
0.6270419 	 0.6373293
0.63440126 	 0.6432998
0.5955464 	 0.59612715
0.5811607 	 0.68289614
0.5623555 	 0.66060925
0.5884417 	 0.6180191
0.614405 	 0.68538773
0.59401464 	 0.6571486
0.63688314 	 0.66656053
0.64270186 	 0.6668551
0.6622515 	 0.670843
0.6524121 	 0.65921026
0.6497525 	 0.64665705
0.6666245 	 0.6260816
0.63661206 	 0.6537162
0.59357685 	 0.67498106
0.55630296 	 0.67251337
0.5609376 	 0.615861
0.5432883 	 0.6462742
0.58403385 	 0.65457976
0.6970125 	 0.661064
0.71137863 	 0.6631626
0.70443743 	 0.6719982
0.6801438 	 0.63030005
0.6711977 	 0.64068615
0.72726464 	 0.69018906
0.67031485 	 0.6639461
0.6804408 	 0.6979291
0.6546252 	 0.6236377
0.6162209 	 0.6430392
0.60930234 	 0.63468504
0.59808445 	 0.6560933
0.58926773 	 0.647057
0.5483033 	 0.66564703
0.5743603 	 0.6975937
0.5654693 	 0.6681139
0.56707186 	 0.68392277
0.5551027 	 0.6585484
0.5138806 	 0.7058399
0.50813866 	 0.6781071
0.49542132 	 0.6605825
0.47311917 	 0.6885654
0.49364233 	 0.682616
0.49811682 	 0.6528255
0.57266086 	 0.6044788
0.5684257 	 0.6175014
0.57306284 	 0.70580584
0.59933144 	 0.6472403
0.6339045 	 0.6710551
0.6504367 	 0.6639175
0.66693497 	 0.6412575
0.6625918 	 0.656317
0.6976038 	 0.6668509
0.6884415 	 0.634101
0.67436314 	 0.6747114
0.65547067 	 0.6714932
0.6689959 	 0.6696348
0.66401404 	 0.65497875
0.65760124 	 0.65661263
0.6500484 	 0.6870564
0.6178346 	 0.63061243
0.65337473 	 0.6605602
0.6441677 	 0.6683146
0.6326555 	 0.67872274
0.64104533 	 0.6744558
0.63837355 	 0.65485114
0.625259 	 0.6551917
Summary
0.36827567  -  0.7301415 ,  0.4386655  -  0.8190884
accuracy:  80.8
equal predictions:  0
TensorFlow version: 1.13.1
Found 939 images belonging to 1 classes.
argN = 3136
argN = 3136
0.4052246 	 0.67007357
0.5410502 	 0.65630287
0.45408365 	 0.68360806
0.5780944 	 0.60505724
0.63408816 	 0.6927969
0.66801655 	 0.6230101
0.6779284 	 0.6120343
0.6134062 	 0.6509508
0.630786 	 0.56877935
0.5951426 	 0.6177954
0.628641 	 0.64460814
0.6001881 	 0.71224207
0.55220145 	 0.57737833
0.5175074 	 0.6809628
0.48712468 	 0.6266126
0.5031442 	 0.7378063
0.5188662 	 0.56885934
0.50575984 	 0.589374
0.53825736 	 0.5608471
0.51264966 	 0.58553684
0.5263486 	 0.5393459
0.5362861 	 0.5509819
0.5605656 	 0.6178429
0.60014474 	 0.63544583
0.66149646 	 0.61208105
0.64756596 	 0.62415314
0.61611944 	 0.62657195
0.65092146 	 0.6690649
0.6180798 	 0.63254577
0.61002135 	 0.6359553
0.5009168 	 0.7411648
0.41720417 	 0.48991033
0.38618353 	 0.52039593
0.36830434 	 0.5965514
0.41785553 	 0.73411345
0.5141791 	 0.5883746
0.4962032 	 0.6908535
0.5191572 	 0.57972986
0.5828367 	 0.5819373
0.53644186 	 0.6679068
0.5361577 	 0.5591263
0.5575072 	 0.6656779
0.5582096 	 0.63166785
0.60710114 	 0.69565743
0.6417099 	 0.60852015
0.6288515 	 0.6516027
0.6203343 	 0.6068233
0.6299443 	 0.61266315
0.6153836 	 0.6228762
0.5735067 	 0.64943653
0.538534 	 0.59632117
0.4616101 	 0.6093909
0.4220138 	 0.66217834
0.4588666 	 0.52271026
0.49789104 	 0.5661887
0.46508837 	 0.6973814
0.5324848 	 0.66438603
0.51560026 	 0.5706095
0.58428925 	 0.66334087
0.61352664 	 0.6515637
0.509507 	 0.62933064
0.519869 	 0.51785326
0.49896446 	 0.47938994
0.5297604 	 0.66563684
0.39924884 	 0.721982
0.3868721 	 0.7452427
0.5441342 	 0.56932753
0.5803461 	 0.64236087
0.5505392 	 0.69414806
0.50202286 	 0.6045772
0.57882017 	 0.60825425
0.64686745 	 0.64933044
0.6443314 	 0.62674356
0.6219291 	 0.5632036
0.6426811 	 0.6519563
0.5964049 	 0.6297062
0.5618134 	 0.5889738
0.49500683 	 0.6051613
0.49917337 	 0.66160077
0.42497483 	 0.5757015
0.41174287 	 0.5473782
0.40295127 	 0.6053244
0.5985886 	 0.6100862
0.612736 	 0.5805417
0.6268774 	 0.67888063
0.67105114 	 0.6294957
0.6439399 	 0.6676867
0.61497366 	 0.64349943
0.58288324 	 0.6308414
0.5738117 	 0.602138
0.5554114 	 0.68063104
0.57431394 	 0.6502921
0.46407035 	 0.57758445
0.42583492 	 0.6569212
0.45215777 	 0.5716175
0.4261901 	 0.6007255
0.43604797 	 0.83086497
0.4353618 	 0.67720115
0.41445953 	 0.7884157
0.40536192 	 0.5141695
0.419252 	 0.5226203
0.39009124 	 0.569911
0.39308372 	 0.68696874
0.39522216 	 0.554461
0.3887728 	 0.61796236
0.38988462 	 0.6201442
0.40506032 	 0.5836597
0.44854712 	 0.6082905
0.42671055 	 0.7600064
0.4002477 	 0.65084934
0.4374961 	 0.63725847
0.5070925 	 0.61799043
0.5107442 	 0.61467284
0.5165056 	 0.6436991
0.5218272 	 0.63228375
0.5595373 	 0.6808074
0.54874045 	 0.6779123
0.5693907 	 0.5925824
0.58196825 	 0.6355037
0.56498176 	 0.5754694
0.5827507 	 0.5996202
0.587079 	 0.6492085
0.6017721 	 0.6908449
0.62281364 	 0.64191884
0.5953717 	 0.5795418
0.5943252 	 0.6587145
0.6067757 	 0.65022296
0.6000011 	 0.7112477
0.595258 	 0.6844096
0.5990085 	 0.610739
0.5930627 	 0.61020494
0.58053637 	 0.64300525
0.61025715 	 0.6619564
0.61811006 	 0.6405226
0.6231011 	 0.72349036
0.6299817 	 0.6433273
0.631098 	 0.7266519
0.6607711 	 0.68076277
0.64792776 	 0.6216298
0.6558775 	 0.6331056
0.6476138 	 0.6182768
0.61112744 	 0.6147059
0.64810145 	 0.6350304
0.6449344 	 0.64290774
0.6404097 	 0.556959
0.6408061 	 0.6448582
0.6514267 	 0.6374789
0.6476022 	 0.69989043
0.6492332 	 0.66665983
0.63679844 	 0.67390746
0.6302178 	 0.63308495
0.63238937 	 0.6825688
0.6144791 	 0.69438225
0.6332641 	 0.5904592
0.6202523 	 0.6378214
0.64058286 	 0.69261837
0.65874046 	 0.645531
0.65575 	 0.67150426
0.6435791 	 0.5974235
0.64152086 	 0.7103059
0.6486575 	 0.6244367
0.620625 	 0.6727304
0.6376008 	 0.60348684
0.6335943 	 0.60956657
0.6550926 	 0.6446748
0.62970734 	 0.5759604
0.6271269 	 0.6574778
0.6332814 	 0.6260049
0.6144512 	 0.71431774
0.6371331 	 0.6364176
0.6019229 	 0.5942256
0.6089858 	 0.6370777
0.57834905 	 0.60743207
0.5717965 	 0.7112774
0.57510734 	 0.6619106
0.5665384 	 0.6541981
0.5753242 	 0.66979575
0.5766275 	 0.6542724
0.57006 	 0.72842675
0.5605767 	 0.7149302
0.5739081 	 0.6277127
0.5484403 	 0.7036936
0.54864264 	 0.7564718
0.55215245 	 0.6319305
0.5283366 	 0.65046203
0.5503987 	 0.63853306
0.5480857 	 0.7047117
0.54617816 	 0.666872
0.56571597 	 0.64110124
0.56913835 	 0.64669484
0.55723745 	 0.647743
0.55418074 	 0.61249995
0.54740393 	 0.6637114
0.560476 	 0.60615104
0.5836987 	 0.6649643
0.5762577 	 0.6704735
0.5662725 	 0.61478627
0.5914302 	 0.6467301
0.5990761 	 0.6835927
0.59731257 	 0.6779676
0.59702593 	 0.62306577
0.5830845 	 0.6737798
0.59411204 	 0.65161616
0.6061447 	 0.63542056
0.6077029 	 0.6649637
0.57692134 	 0.6515899
0.6016403 	 0.7176113
0.60442924 	 0.6297003
0.6211024 	 0.69468546
0.6115099 	 0.6310179
0.6346625 	 0.59818774
0.6364242 	 0.65433246
0.67853135 	 0.6478651
0.63817114 	 0.6735843
0.62874115 	 0.6644757
0.6189338 	 0.6890029
0.6155671 	 0.71994513
0.5982983 	 0.6371497
0.6380538 	 0.65634626
0.6188843 	 0.6422289
0.6130323 	 0.6645929
0.63249886 	 0.65653545
0.610086 	 0.6713022
0.6220809 	 0.7045416
0.621935 	 0.6741875
0.60120803 	 0.6847129
0.6174213 	 0.6504947
0.6150366 	 0.64318323
0.61168635 	 0.69690025
0.657311 	 0.697923
0.64766943 	 0.68145555
0.6415949 	 0.69262385
0.6174525 	 0.67767
0.61002785 	 0.6448312
0.6473013 	 0.67360824
0.60505146 	 0.65553814
0.60731006 	 0.6568883
0.60050887 	 0.68355656
0.5801172 	 0.68287456
0.5852815 	 0.673704
0.61739063 	 0.6372817
0.61326325 	 0.62002915
0.6049284 	 0.6269624
0.6283735 	 0.6308712
0.61337674 	 0.6484313
0.6065028 	 0.75023365
0.6020816 	 0.6490788
0.6232759 	 0.69140714
0.5993356 	 0.6076834
0.58642775 	 0.6586368
0.57040054 	 0.7179444
0.578876 	 0.6506558
0.60583097 	 0.6826536
0.59489596 	 0.69101715
0.5905298 	 0.6121959
0.5983252 	 0.6533392
0.6448264 	 0.6746491
0.66841227 	 0.63209015
0.6869149 	 0.677082
0.6227573 	 0.63022405
0.6059333 	 0.65998393
0.57713604 	 0.68059605
0.5328604 	 0.59942883
0.56242263 	 0.59005296
0.5567847 	 0.63015294
0.58078414 	 0.6971531
0.5908966 	 0.65405744
0.6300917 	 0.5928952
0.67424923 	 0.6325451
0.7513407 	 0.6446719
0.7182993 	 0.6561229
0.7288687 	 0.65213484
0.6937924 	 0.67489797
0.70938456 	 0.67757154
0.6824994 	 0.6413069
0.70204115 	 0.6413003
0.703404 	 0.6331314
0.6993796 	 0.64902836
0.6912982 	 0.62837464
0.6650613 	 0.664771
0.69351715 	 0.6912054
0.6277851 	 0.6452638
0.6379599 	 0.64358795
0.60391265 	 0.68016917
0.5892594 	 0.67423177
0.5815061 	 0.68762
0.5496052 	 0.6061728
0.50044495 	 0.7040008
0.48655903 	 0.65272564
0.47181106 	 0.66330004
0.47572926 	 0.5674597
0.46474585 	 0.63197756
0.4665606 	 0.62015855
0.5077223 	 0.6387379
0.48757645 	 0.61513627
0.5317199 	 0.6355699
0.5463932 	 0.7220646
0.5829095 	 0.699487
0.5894483 	 0.6461218
0.6045024 	 0.6296429
0.61553186 	 0.67834234
0.6342565 	 0.6566368
0.6860614 	 0.66416925
0.655565 	 0.62329364
0.67588365 	 0.75430256
0.6711506 	 0.6759693
0.6635197 	 0.6818199
0.64272434 	 0.67704904
0.6268964 	 0.63604295
0.6313658 	 0.67004967
0.6389346 	 0.6505894
0.63956374 	 0.6494344
0.6382106 	 0.65887177
Summary
0.36830434  -  0.7513407 ,  0.47938994  -  0.83086497
accuracy:  82.7
equal predictions:  0
