TensorFlow version: 1.13.1
Found 939 images belonging to 1 classes.
argN = 49
argN = 49
0.6967508 	 2.8537672
0.926526 	 1.2398767
0.28870964 	 0.43933806
0.3860927 	 1.7543241
0.2157262 	 2.1058772
0.26902857 	 1.5844297
0.20379934 	 3.902297
0.023540212 	 1.3671293
0.120998256 	 1.9068725
0.37455276 	 1.8537741
0.38935187 	 1.242212
0.41063812 	 1.5962567
0.27694267 	 1.8164465
0.34875244 	 1.2805256
0.75335956 	 0.71828693
0.47183475 	 1.8209243
0.5423261 	 3.4351072
0.34384403 	 1.2304164
0.39736816 	 1.433894
0.4921342 	 0.49815565
0.6536926 	 1.0092361
0.5596936 	 1.156773
0.3721048 	 1.8738202
0.06845785 	 2.1904905
0.0010191029 	 3.0794084
0.015760953 	 1.3745323
0.077993944 	 1.9865237
0.17998043 	 1.5823426
0.16627452 	 1.7379231
0.23958671 	 1.9124075
0.32448146 	 0.8852962
0.3512927 	 1.3427469
0.38976854 	 2.3216429
0.38710558 	 1.2568511
0.46583134 	 0.91900486
0.8675953 	 2.2824676
0.60036296 	 2.8462007
0.32613665 	 0.964938
0.33826366 	 0.91985506
0.34073004 	 1.7469448
0.63099325 	 3.0970492
0.7942279 	 0.8207598
0.6185501 	 1.4161528
0.6915781 	 1.0091814
0.8385517 	 3.0341365
0.41363582 	 2.7317255
0.43172607 	 4.973913
0.30265206 	 1.2184689
0.3977379 	 0.75007415
0.32484594 	 0.52106076
0.34347 	 0.32112783
0.12152096 	 2.1980786
0.10555805 	 1.8992819
0.08975813 	 2.3956146
0.069317915 	 2.9910998
0.09522092 	 3.4188962
0.07765312 	 1.8748922
0.0012746826 	 3.0152307
0.013692352 	 0.7911564
0.23570375 	 1.4126186
0.22496925 	 0.71414477
0.5342745 	 3.2587566
0.38159958 	 2.5353417
0.2310707 	 1.7728727
0.2221409 	 1.8305981
0.17663889 	 5.526437
0.24674359 	 1.3054991
0.11742408 	 1.1678095
0.49886942 	 0.8106608
0.5243929 	 0.93667346
0.41352892 	 0.7749463
0.23107566 	 1.182887
0.17345181 	 1.5087541
0.18696319 	 1.0027721
0.12395138 	 1.5522285
0.08234054 	 1.2497689
0.090408996 	 0.87537384
0.033393446 	 2.639466
0.06289116 	 0.8750917
0.0012180472 	 3.029021
0.06430986 	 3.119171
0.35223067 	 2.3070014
0.12995681 	 2.6742322
0.518852 	 1.2033416
0.28480193 	 2.6239357
0.49082953 	 1.6220824
0.18064064 	 1.5461121
0.16988201 	 0.6089183
0.15847802 	 1.5173817
0.19561735 	 1.0240774
0.37863424 	 1.5317233
0.4280618 	 0.9803899
0.6243721 	 1.1062186
0.3804613 	 1.2774653
0.2948689 	 2.2267034
0.26969028 	 1.2838813
0.1676867 	 1.8760288
0.06844751 	 2.617866
0.038006622 	 1.8474979
0.18156098 	 1.7393926
0.08805852 	 1.6643505
0.3580666 	 1.873932
0.20451276 	 2.0427191
0.13803202 	 2.5126035
0.0004885794 	 1.5906887
0.0002291465 	 1.4391693
0.049843643 	 3.2882562
0.052083913 	 1.2663894
0.015833557 	 4.166231
0.020531358 	 2.184773
0.0005186949 	 4.252231
0.06237951 	 4.3437877
0.038151015 	 0.66063094
0.051150892 	 2.109811
0.08681858 	 2.307965
0.06993119 	 1.704659
0.06698183 	 1.6725836
0.078937456 	 1.1408949
0.046815056 	 1.2858748
0.0060877358 	 1.6257027
0.00028673944 	 2.3484302
0.0005092725 	 1.8096272
0.0009298474 	 2.4297287
0.001091957 	 3.2918644
0.022405801 	 2.1198251
0.00021787871 	 1.6180816
0.00023838738 	 2.17181
0.00019981473 	 1.6133246
5.1320916e-05 	 2.2766237
0.020590194 	 1.7338806
0.00016327045 	 1.826972
0.000292642 	 1.0368128
0.028532425 	 2.0895534
0.06572349 	 1.3094946
0.041522183 	 0.2889074
0.03650684 	 2.1460156
0.0942217 	 1.4038755
0.025255796 	 1.7549498
0.03648273 	 1.7884448
0.011001623 	 1.3944917
0.0075098826 	 0.3865643
0.07216033 	 0.70926243
0.03084275 	 2.789748
0.026038067 	 1.9284108
0.009241114 	 1.959257
0.0011691727 	 0.9208834
0.0017145661 	 1.6119807
0.012532234 	 1.9383885
0.020072114 	 2.9794621
0.0030032147 	 1.8335012
0.0024100353 	 1.9406321
0.00015945514 	 2.5620914
0.001463351 	 1.6523373
0.013037545 	 1.3629804
0.00074533577 	 2.1472454
0.00018634148 	 3.054056
0.0072222655 	 1.223605
0.00016589349 	 1.1260881
0.012288908 	 2.4754484
2.4736233e-05 	 1.9719813
0.0008436423 	 3.5998542
0.011959135 	 1.9994878
0.00017370303 	 1.453516
0.0046055713 	 3.3559144
0.0077116843 	 0.59176147
0.00015271876 	 2.8500464
0.006131034 	 2.9161937
0.017302994 	 1.9292045
0.00044952004 	 2.5790393
0.0030451242 	 3.2491586
0.0040517165 	 1.2538706
0.004535155 	 2.117747
0.014153149 	 2.183233
0.020795625 	 3.7953467
0.023027739 	 2.5183578
0.044499297 	 0.9186496
0.051734418 	 2.366562
0.045493435 	 2.5202544
0.057586994 	 2.165746
0.04330272 	 1.9455007
0.070319265 	 0.78286344
0.036297224 	 0.90049756
0.09024942 	 0.98474234
0.030249847 	 1.8479899
0.028183827 	 1.7381377
0.0016102039 	 2.0523481
0.059842292 	 2.5887697
0.061956447 	 2.3072348
0.057361554 	 2.8699615
0.068980284 	 2.4619007
0.020856788 	 2.2751827
0.042213824 	 1.6500648
0.025214229 	 2.359558
0.023095138 	 1.4390664
0.006218656 	 1.8249477
0.018307537 	 2.9091942
0.014658614 	 0.75967014
0.020133719 	 1.7343172
0.02519797 	 2.03296
0.06631119 	 1.2068014
0.0029043371 	 1.4358062
0.01570137 	 2.7956007
0.007152986 	 1.2628256
0.0015864433 	 1.6416672
0.0042130165 	 0.43628454
0.019492004 	 1.5785033
0.034390233 	 1.5629593
0.0012018151 	 1.2912571
0.0020692286 	 2.6283007
0.0031963952 	 1.4676458
0.003351158 	 2.9084172
0.02815955 	 1.5984155
0.004078289 	 0.94796455
0.005135288 	 0.95493966
0.0030858396 	 1.8752191
0.0043734442 	 2.656931
0.00188164 	 1.0035545
0.0039353813 	 1.1295193
0.1296225 	 1.7441692
0.0949443 	 1.819508
0.0729789 	 1.6311759
0.06808044 	 1.3735166
0.010765417 	 1.4237005
0.061591435 	 3.5243235
0.025214842 	 2.086375
0.00036753016 	 4.4653783
0.018939503 	 3.0682502
0.017397847 	 2.489442
0.020381883 	 3.2487333
0.022740806 	 2.503778
0.027753044 	 1.0841995
0.00077700993 	 1.8032033
0.0025706522 	 1.8304547
0.0017075207 	 1.1241217
0.00256868 	 2.7719922
0.008696351 	 1.0538958
0.018242888 	 0.8600501
0.0024768962 	 1.5321596
7.456819e-05 	 0.96270853
0.0627787 	 1.3929654
0.033616815 	 1.6694391
0.034899615 	 2.7187362
0.04644423 	 3.134014
0.00021764023 	 1.1931024
0.00023290247 	 1.2837207
0.038283166 	 2.7261856
0.021564791 	 2.3883798
0.0007298271 	 1.8417789
0.0076691583 	 1.2261809
0.13762093 	 1.1207755
0.020532636 	 2.100018
0.020159567 	 1.6139426
0.029924108 	 3.7270536
0.09351128 	 2.439701
0.027670745 	 1.0439562
0.016989207 	 1.8568895
0.069590606 	 1.2071711
1.335153e-05 	 2.7643433
0.014832462 	 2.7463775
0.04773935 	 0.8837241
0.015591906 	 2.7186186
0.017428901 	 2.0036535
0.004910945 	 2.7690115
0.0014454435 	 2.0998216
0.0015316409 	 2.4976501
6.497117e-05 	 1.251139
0.00042256698 	 0.95358163
0.00017316648 	 0.7771077
0.0031378572 	 2.331337
0.0023187438 	 1.2932429
0.015769308 	 1.8418164
0.06457343 	 1.5192391
0.058984704 	 1.5114645
0.18132558 	 1.77973
0.21343915 	 1.0496747
0.15831566 	 2.8436449
0.054027185 	 1.4823296
0.014222311 	 2.3910735
0.11511584 	 3.3716908
0.060949173 	 2.4863243
0.06709133 	 3.9000592
0.096224345 	 1.6126083
0.021521488 	 1.0099132
0.01611318 	 2.0964162
0.010255411 	 2.5459754
0.1797494 	 1.6452398
0.15099677 	 0.8872559
0.17119518 	 1.7327162
0.22416851 	 1.4613844
0.25685993 	 2.1921165
0.4020028 	 0.9894439
0.3275514 	 1.0700549
0.45867762 	 0.8161999
0.32061008 	 0.9779273
0.24603668 	 0.94306815
0.3268194 	 0.77858967
0.25772917 	 0.5932551
0.21360925 	 0.5470864
0.18918918 	 0.94463664
0.30129775 	 0.9113503
0.22994132 	 1.1299455
0.08839008 	 1.8311627
0.08159796 	 1.8474264
0.089794904 	 1.0148485
0.042833336 	 1.5626683
0.028004698 	 0.93217635
0.047675706 	 1.2350063
0.12448629 	 1.3103182
0.18500015 	 1.0197488
0.1312195 	 1.1064277
0.17725356 	 1.0623325
0.15759389 	 1.9832273
0.17075616 	 1.7072384
Summary
1.335153e-05  -  0.926526 ,  0.2889074  -  5.526437
accuracy:  99.4
equal predictions:  0
TensorFlow version: 1.13.1
Found 939 images belonging to 1 classes.
argN = 49
argN = 49
0.7292394 	 2.7624571
0.60509056 	 3.249638
0.2309528 	 1.3250333
0.7197857 	 1.0016385
0.5780343 	 0.9437531
0.33710426 	 0.60982317
0.47107452 	 1.1062622
0.17395727 	 3.0115325
0.18638302 	 2.2803822
0.20818391 	 3.6548069
0.20784377 	 2.5051413
0.25988126 	 2.5214355
0.26301968 	 2.7814524
0.11931588 	 3.341912
0.204764 	 2.0478275
0.07265689 	 1.4088037
0.07345104 	 2.136822
0.15323833 	 1.2956195
0.05045731 	 2.7101152
0.05517702 	 1.143088
0.21830924 	 1.5663214
0.45607907 	 1.2369742
0.7005823 	 2.535972
0.6240146 	 2.2845297
0.5708407 	 3.0448258
0.56991774 	 1.1477815
0.7254909 	 2.1279309
0.5198708 	 2.8566787
0.38099653 	 1.1422539
0.31426853 	 1.0046318
0.58659995 	 1.5422539
0.1271906 	 1.6838517
0.004552519 	 1.1152976
0.013387125 	 1.4085159
0.010102708 	 2.05974
0.0342111 	 1.7000307
0.3497459 	 2.5316017
0.65988696 	 1.2478528
0.17086767 	 1.2964237
0.34010288 	 4.57358
0.43151793 	 1.0547215
0.27562785 	 1.7609844
0.5098179 	 1.2414848
0.7250412 	 1.8947512
0.48713458 	 2.0648947
0.42401874 	 1.9680133
0.19054873 	 0.59781986
0.0719613 	 2.0039463
0.17162824 	 1.2322716
0.38274154 	 0.64084464
0.25604957 	 0.7489725
0.08962037 	 2.009434
0.052082848 	 1.7557544
0.04095986 	 1.7076116
0.020059524 	 2.28204
0.014240449 	 2.2838795
0.011824807 	 1.905625
0.26789606 	 2.1310856
0.366416 	 0.93379366
0.27513942 	 1.8305618
0.16024522 	 1.2428197
0.30482155 	 0.7484496
0.16873185 	 1.5485767
0.00051762146 	 3.1169415
0.017734151 	 3.1053934
0.21646573 	 1.3075391
0.106488965 	 1.2243181
0.35630736 	 0.8727932
0.32083917 	 0.751761
0.33647197 	 0.8171519
0.22873755 	 2.1146033
0.1179649 	 1.0192882
0.06813276 	 1.5955364
0.4172051 	 2.8546104
0.2617461 	 2.9321332
0.31371412 	 0.8979295
0.17293434 	 1.85825
0.2627136 	 0.82083493
0.35995084 	 0.8152401
0.3132999 	 0.7408115
0.13371302 	 2.4135127
0.082139544 	 2.767849
0.074165255 	 1.8284538
0.17382436 	 2.3399918
0.22831336 	 0.5389293
0.09790583 	 1.8105487
0.11566225 	 1.195109
0.11350021 	 3.043662
0.17978686 	 8.159833
0.10867814 	 2.3074427
0.034603827 	 1.2339107
0.004201105 	 1.119496
0.075291455 	 2.3825195
0.13156705 	 1.8115396
0.053492688 	 2.315813
0.003563906 	 1.4395735
0.0007008385 	 2.512902
0.15367194 	 1.7681812
0.011443516 	 3.350153
0.0011382619 	 1.9468975
0.0031770219 	 0.71402705
0.10237662 	 3.3431904
0.0792644 	 2.9181895
0.042210776 	 2.296695
0.06402869 	 2.221999
0.019462952 	 1.9665184
0.022247635 	 7.6611958
0.0005888288 	 1.9032253
0.00029574236 	 2.10784
7.522389e-05 	 1.8451684
4.9771115e-05 	 2.0983262
8.458257e-05 	 2.129776
9.94851e-05 	 2.464751
0.0019329382 	 1.7610943
0.018258974 	 1.5300862
0.020057335 	 2.107796
0.02075534 	 0.8173689
0.0041805147 	 1.6399614
0.084962554 	 2.3653889
0.052604087 	 1.4955544
0.05181156 	 0.97377425
0.07666904 	 2.1226864
0.09735485 	 0.97535604
0.04387738 	 1.9045327
0.037260346 	 1.7071307
0.07523079 	 2.1397123
0.07453726 	 1.4363647
0.051948484 	 1.4978112
0.0742541 	 1.4691153
0.06601202 	 2.3946607
0.059510507 	 2.2203002
0.039366983 	 1.3171626
0.032817632 	 3.3034434
0.022319432 	 2.0351157
0.033517882 	 2.535183
0.02491121 	 2.3450725
0.0041484335 	 3.2475028
0.0032298216 	 1.5503983
0.01798961 	 2.492901
0.006072504 	 1.5198203
0.019369848 	 2.064562
0.0016444726 	 0.5172416
0.0024071077 	 2.3066852
0.012565551 	 1.3440067
0.0004982401 	 1.228261
0.0031160335 	 2.3837535
0.029940814 	 2.820221
0.028454907 	 1.3302981
0.0020283752 	 2.9417255
0.026388245 	 1.7494473
0.00030647442 	 2.068013
0.0005107038 	 1.7221285
0.00010222719 	 2.3419807
0.00082467217 	 1.1638002
0.018369703 	 3.0682836
0.008142631 	 2.603625
0.006529082 	 1.1022674
0.0001427037 	 2.0670736
0.00036109053 	 0.5794056
0.012017347 	 2.5857193
0.0001187395 	 2.4420671
0.0199328 	 2.0724518
0.043709558 	 2.6463804
0.092963904 	 2.1373014
0.1210728 	 0.5426894
0.13913512 	 1.7706391
0.10137795 	 1.3632079
0.07083981 	 1.3169235
0.087081194 	 0.887339
0.05873297 	 1.9030274
0.019145751 	 1.8265656
0.027328571 	 2.1321766
0.06268636 	 1.9445161
0.0020779488 	 1.702862
0.0050096614 	 3.8009636
0.015092747 	 1.1755658
0.006246725 	 1.6017785
0.017155033 	 1.8699293
0.0025380247 	 1.7245388
0.0030136174 	 1.5749409
0.002927053 	 1.9903667
0.005719836 	 1.4586018
0.00015951475 	 3.6565595
0.0017595264 	 2.5028222
0.0020796212 	 1.9704865
0.002687008 	 2.3191502
0.008502888 	 0.9333169
0.0013524494 	 2.301383
0.0036133763 	 1.9819089
0.00253677 	 2.9653902
0.0012161972 	 1.9810568
0.002555175 	 3.4898007
0.01731094 	 1.5795374
0.00424504 	 3.4450922
0.13168916 	 1.3824568
0.21873426 	 1.1969329
0.08593736 	 1.4302782
0.02290948 	 1.5223271
0.0009052677 	 1.8680513
2.4676627e-05 	 1.5067672
2.8074182e-05 	 2.4002883
0.040461473 	 3.6088216
0.0001728088 	 5.368472
0.0018249704 	 1.9480807
0.026526684 	 2.6279836
0.013759488 	 3.7910411
0.0026632815 	 2.1336732
0.035364114 	 1.8777999
0.008776382 	 1.4853632
0.003680437 	 3.8123522
0.005851907 	 1.3022718
0.00026497775 	 3.0722108
0.0009166626 	 2.0513294
0.00042471365 	 2.569868
0.0011831962 	 0.622995
0.0021280623 	 1.5891198
0.0004994328 	 3.6783931
2.5033983e-06 	 2.0180092
3.7611237e-05 	 2.5537906
4.476409e-05 	 1.1266402
6.377901e-05 	 1.3652058
0.006540661 	 0.89171594
2.3901748e-05 	 3.2948487
0.0080767125 	 0.65328723
0.002948514 	 5.575104
0.013832491 	 1.8096465
0.0439145 	 2.3842022
0.16052666 	 1.5274348
0.55949414 	 1.7987576
0.016832137 	 3.2199178
0.0138612585 	 1.8064201
0.021700738 	 4.3879495
0.05302334 	 1.1833098
0.01921125 	 2.581298
0.3870597 	 1.0826427
0.14375097 	 1.7620215
0.025508475 	 2.675232
0.039464947 	 2.191332
0.10353374 	 2.7929487
0.04027337 	 1.3760115
0.005837038 	 1.8979343
0.0006717315 	 1.6417583
2.4438203e-05 	 1.6250366
0.028955324 	 1.7965175
0.02751303 	 1.1117743
0.020790393 	 5.3265758
0.010085728 	 2.366703
0.052689027 	 1.2078559
0.020976935 	 0.7360923
0.00085593126 	 1.0982713
0.012137763 	 3.3527594
0.018869711 	 5.3071456
0.00406596 	 1.904196
0.0143532725 	 4.6408796
0.028882006 	 1.1659222
0.045666113 	 3.4826944
0.024270453 	 2.9039984
0.14345501 	 1.7692999
0.27173173 	 1.8434721
0.19996838 	 1.5246658
0.2844858 	 1.711086
0.35443193 	 1.3013297
0.38248613 	 1.4079206
0.36840832 	 1.9114404
0.3657887 	 1.327641
0.24355948 	 1.8205992
0.18663923 	 1.4437703
0.2418257 	 2.095461
0.166559 	 1.7040455
0.16188778 	 1.7229692
0.09847651 	 2.3522778
0.0409598 	 2.246427
0.045250498 	 2.9148374
0.03779199 	 2.2093866
0.019677455 	 2.101489
0.052707374 	 2.4610267
0.0073108836 	 2.400472
0.042295337 	 2.0711808
0.012670701 	 3.250316
0.019681284 	 1.6773021
0.24948162 	 2.2967608
0.19877069 	 2.07449
0.34995434 	 0.90681636
0.16173923 	 1.1623001
0.30546805 	 1.4240549
0.29110852 	 0.8199839
0.39068255 	 1.1213834
0.29853788 	 0.6674514
0.307341 	 0.59540546
0.42858395 	 0.89946854
0.39372256 	 1.191273
0.3691202 	 0.9105852
0.160771 	 1.645681
0.11504496 	 2.986835
0.05242311 	 1.5843707
0.07654884 	 2.2545946
0.103709795 	 1.5233363
0.19794066 	 2.6164951
0.112831675 	 0.8332841
0.15476453 	 1.5205157
0.1304838 	 2.5947464
0.1093544 	 1.55507
0.15778635 	 1.6856583
0.15771322 	 1.6262103
0.09262945 	 2.3571808
0.05832149 	 3.087895
0.06345148 	 1.4150028
0.099253856 	 2.7005532
0.05628417 	 2.5522654
0.074696854 	 1.9856899
0.059307843 	 2.9327888
0.08685525 	 3.0336683
0.08165093 	 1.6878062
Summary
2.5033983e-06  -  0.7292394 ,  0.5172416  -  8.159833
accuracy:  100.0
equal predictions:  0
TensorFlow version: 1.13.1
Found 939 images belonging to 1 classes.
argN = 49
argN = 49
0.80515677 	 1.7976781
0.4227919 	 1.8827986
0.45870957 	 1.3354033
0.22635356 	 2.9570017
0.1678764 	 1.141905
0.074017495 	 1.7609272
0.23427278 	 2.1128254
0.48924485 	 2.7907906
0.3536961 	 2.1130457
0.745257 	 3.5365548
0.57482094 	 1.1359262
0.45057014 	 1.3307643
0.37974706 	 0.49060538
0.37279475 	 0.6322694
0.1526919 	 1.6100779
0.14761664 	 2.0361264
0.17001723 	 1.9338139
0.19721694 	 3.1164787
0.12647119 	 2.638671
0.004490309 	 1.7107937
0.34173626 	 1.1844771
0.62485474 	 1.9785651
0.35402554 	 1.5816774
0.3617365 	 1.5799569
0.40888968 	 1.019904
0.20068258 	 2.887603
0.15291198 	 1.453066
0.17604627 	 0.46256655
0.13692705 	 1.6798857
0.39214775 	 3.2779217
0.5381835 	 0.5086469
0.36287344 	 3.1462774
0.19961712 	 2.69698
0.47595152 	 2.0262365
0.34069768 	 1.404125
0.18956915 	 1.3860838
0.32969186 	 1.8636
0.011725355 	 1.6228752
0.24391726 	 0.79766077
0.41341662 	 0.832147
0.26348472 	 1.9623357
0.3687 	 1.8774476
0.2965204 	 1.6622223
0.27508575 	 1.5150384
0.24629879 	 1.4380107
0.13335028 	 1.7346728
0.27099076 	 1.9882678
0.4707803 	 0.6130833
0.46363103 	 0.8552261
0.44662145 	 0.8663816
0.22149496 	 2.2821453
0.010780359 	 2.5795226
0.0020019768 	 2.4760983
0.0007598306 	 3.0313828
0.049078844 	 1.4757502
0.083091706 	 1.5505478
0.08777769 	 1.4383235
0.036987487 	 2.8667321
0.06507234 	 1.3788719
0.34075978 	 1.364775
0.2844419 	 2.0904453
0.21387082 	 1.5817108
0.19988358 	 2.9582524
0.4353303 	 0.9057344
0.28758258 	 1.4817218
0.33172464 	 3.711157
0.26308063 	 0.5291787
0.1535027 	 2.240862
0.005533779 	 2.650091
0.00020953227 	 1.1071708
0.038865857 	 2.438493
0.21183692 	 1.6341196
0.08166671 	 1.9674538
0.0795606 	 4.063145
0.026435552 	 1.2926791
0.024004715 	 1.5472249
0.0055328803 	 2.8683796
0.025439078 	 1.1348786
0.00047683163 	 1.4709349
7.492585e-05 	 2.0681586
0.004851468 	 1.9654219
0.04213623 	 2.5536082
0.021054484 	 3.9692736
0.1080263 	 1.8861687
0.09005132 	 1.8177729
0.062049415 	 1.574291
0.042700272 	 3.066758
0.00351384 	 1.1144193
0.0055008153 	 1.7537682
0.00060612446 	 2.3724544
0.00023641996 	 1.4754778
0.0001515861 	 1.6008848
0.000901032 	 2.6640692
0.0002323659 	 1.7752746
0.0027861032 	 1.3999349
0.013729152 	 1.2693843
0.005838597 	 0.50638944
0.005852147 	 3.4393559
0.0067561893 	 2.9087386
0.0002418453 	 1.9123482
0.0092893625 	 2.2063801
0.03518808 	 2.0170164
0.05895619 	 2.308642
0.009431352 	 1.6179559
0.023285894 	 1.6506411
0.019277299 	 2.0962796
0.0050845444 	 1.4038702
0.031856745 	 1.6307216
0.061458386 	 1.9021784
0.025455464 	 2.6954956
0.01920815 	 1.8796811
0.051924564 	 2.7578542
0.09740867 	 1.7914748
0.006015656 	 2.069522
0.042090848 	 1.9067389
0.023424027 	 1.3290821
0.025158545 	 1.6995809
0.009580644 	 3.2020779
0.0407608 	 1.7307326
0.017825527 	 1.4418163
0.006443293 	 3.672022
0.009045379 	 2.3889806
0.014214995 	 2.9079127
0.020915521 	 1.5249985
0.0055180765 	 1.9832659
0.016093556 	 0.7045872
0.020788506 	 1.2354616
0.024222147 	 1.6459537
0.0052186884 	 0.8619849
0.0054266206 	 2.0001373
0.0033154553 	 1.629203
0.0046248524 	 2.2091293
0.01791503 	 1.7635407
0.01178102 	 0.8942124
0.0032389706 	 1.8435508
0.0046280264 	 1.5987293
0.00091576774 	 2.414001
0.0004605519 	 1.3023006
0.0003409967 	 1.7241881
0.00031857795 	 1.3117787
0.011542156 	 1.48252
0.013389118 	 1.8989172
0.00023147163 	 2.3573217
0.00015140726 	 1.4318691
0.010837176 	 0.9223493
0.020451842 	 3.3649821
0.023323964 	 3.447717
0.009665198 	 2.3477328
0.0009033587 	 2.1464097
0.017407188 	 2.727502
0.018461986 	 2.0617177
0.02435363 	 1.0973396
0.011424585 	 2.83979
0.006857729 	 2.2177923
0.036839303 	 3.6442833
0.029016865 	 1.8165646
0.021542743 	 1.1173244
0.048153125 	 2.2953484
0.022304865 	 2.092309
0.02304994 	 3.4328048
0.05716734 	 2.4537864
0.037731826 	 1.8061863
0.0023759794 	 1.6757319
0.03827363 	 2.722107
0.031468663 	 2.48433
0.02116747 	 1.8294451
0.00555146 	 1.2322311
0.010533482 	 2.8459606
0.006272576 	 2.1006088
0.0032672554 	 3.409626
0.049668048 	 1.3971688
0.008101229 	 0.9960533
0.0071712956 	 0.5743536
0.0060885753 	 3.1434503
0.0012458572 	 1.8809435
0.008232292 	 1.4313271
0.0019512724 	 3.6065662
0.0019820293 	 1.9560161
0.08098667 	 1.430964
0.011489459 	 2.877597
0.0040982184 	 2.6349201
0.022471026 	 1.8797225
0.0071604894 	 2.24914
0.008828756 	 0.7653171
0.0017287765 	 1.3732673
0.010604442 	 1.9299963
0.031363856 	 2.2978866
0.00200132 	 1.1309865
0.0026922673 	 1.6986411
0.003312166 	 0.99190176
0.0036285708 	 2.0092907
0.0054239836 	 2.4439602
0.009220059 	 1.8365694
0.0031701454 	 1.3634344
0.00463108 	 2.1834319
0.013050528 	 1.1797825
0.0018204321 	 2.1571856
0.005245651 	 2.7618003
0.23589426 	 4.5035005
0.08234689 	 2.7424574
0.089966275 	 2.2533443
0.12217795 	 1.3859109
0.1037092 	 2.1955178
0.051127557 	 2.2363365
0.003326758 	 4.66749
0.02386174 	 1.7894875
0.021890191 	 1.0432348
0.04648906 	 1.4568264
0.00018675879 	 1.6050103
0.0008340379 	 1.6122135
0.020074302 	 2.4176002
0.0011342041 	 2.002343
0.015301653 	 2.2272842
0.0044798316 	 2.359813
0.014079881 	 2.829082
0.04609888 	 1.1906581
0.044220094 	 1.9232508
0.037919328 	 2.6181765
0.03231596 	 0.6278649
0.0017173126 	 1.4290773
0.0025195603 	 2.0414817
0.0002869183 	 1.8208945
0.0020465918 	 1.1858698
0.014011938 	 1.2117867
0.011967941 	 1.7949588
0.0013380654 	 2.8922627
0.0018888061 	 3.0409968
0.3483109 	 1.2138671
0.137247 	 0.98531795
0.026097104 	 1.5538368
0.021848034 	 1.9118963
0.0012566592 	 7.1813226
0.021255082 	 1.8960919
0.0067756325 	 2.5803115
0.14178735 	 1.5950615
0.082807675 	 2.6822412
0.02281904 	 2.034424
0.008424983 	 2.8491266
0.10705415 	 2.4166276
0.04123536 	 1.4760185
0.030619817 	 1.256962
0.031017344 	 1.5652363
0.00037486426 	 1.7400064
0.02142874 	 2.1014862
0.049343627 	 1.2421975
0.041813374 	 2.120015
0.042458385 	 2.6394393
0.029501539 	 3.5957687
4.4644876e-05 	 0.83014286
0.004005576 	 2.8444798
0.0017634673 	 3.3257391
0.027552733 	 5.716782
0.048313443 	 1.3903596
0.039874505 	 1.9332576
0.05486183 	 1.1113286
0.03650288 	 1.7400213
0.02025749 	 1.9182963
0.04054452 	 1.4090717
0.2437722 	 1.6815926
0.27723867 	 2.5982273
0.24078868 	 0.89432704
0.19453518 	 0.8009738
0.26981056 	 3.6637971
0.11828332 	 1.761789
0.19035274 	 1.4850264
0.13326828 	 1.4712574
0.13375519 	 1.2087886
0.13805309 	 1.4682747
0.09429847 	 2.595152
0.051279943 	 2.3609345
0.01249246 	 1.2783091
0.023682225 	 1.7398944
0.039866067 	 1.9602981
0.046319485 	 0.7349485
0.035035226 	 0.8030908
0.021093931 	 2.3089051
0.02135512 	 1.9120727
5.704327e-05 	 2.970588
0.024066076 	 2.3080094
0.08020576 	 1.2175038
0.06149084 	 2.1949582
0.08437437 	 1.3658186
0.084145665 	 1.0581182
0.2893722 	 0.85154855
0.19992135 	 1.9272385
0.37146476 	 0.6718503
0.40234643 	 0.8300969
0.2331704 	 0.9144199
0.2090006 	 0.6054051
0.25774792 	 0.99509287
0.28193897 	 0.89797425
0.21621946 	 0.6811724
0.26506728 	 0.7717188
0.29868796 	 0.6372262
0.37965277 	 0.6944036
0.23938851 	 0.5897227
0.33100682 	 0.9277097
0.30229264 	 1.6821735
0.20202036 	 1.1575981
0.22226572 	 1.7466898
0.23323506 	 1.5295808
0.23818414 	 2.1040258
0.094401106 	 3.2553709
0.07152418 	 2.3375673
0.012023258 	 3.1022365
0.040232603 	 2.4289513
0.08514414 	 2.641988
0.052868925 	 3.3663385
0.12978463 	 1.6326002
0.092527576 	 1.7260473
0.13467188 	 1.2225921
0.07467072 	 1.2935948
0.07506752 	 2.7555957
Summary
4.4644876e-05  -  0.80515677 ,  0.46256655  -  7.1813226
accuracy:  99.7
equal predictions:  0
TensorFlow version: 1.13.1
Found 939 images belonging to 1 classes.
argN = 49
argN = 49
0.78874147 	 1.9585152
0.61147785 	 2.1826596
0.52074504 	 1.859022
0.5122012 	 2.459143
0.47176442 	 1.4153553
0.83720773 	 1.5163879
0.5876566 	 1.0674658
0.3622386 	 2.3046925
0.24109358 	 1.8790015
0.21542029 	 0.7364321
0.17142954 	 2.5974514
0.37246692 	 2.312787
0.237654 	 3.188125
0.20031933 	 2.9971879
0.22112729 	 2.3645115
0.2970689 	 1.2087234
0.7354435 	 2.4456542
0.37481135 	 2.0515015
0.29646373 	 1.285118
0.39368385 	 0.9736692
0.18105623 	 1.0248525
0.4961807 	 1.4480284
0.6105097 	 2.972189
0.3812796 	 2.6625261
0.20849738 	 2.150409
0.16165999 	 1.1944046
0.0018213278 	 2.1827025
0.0025212334 	 2.345982
0.035357755 	 1.733252
0.41010135 	 0.36659074
0.5492507 	 5.02941
0.30859086 	 2.436055
0.17619683 	 3.6745784
0.6708584 	 3.1759346
0.44228682 	 0.59031224
0.6341556 	 2.2599468
0.013568123 	 3.4670227
0.3790886 	 2.1024168
0.24870588 	 1.4384556
0.08644484 	 1.5478843
0.107960366 	 1.7811999
0.004264913 	 1.86447
0.41088152 	 1.2807634
0.19537869 	 3.250425
0.3818827 	 1.450478
0.26754728 	 0.8681098
0.052758772 	 2.3166199
0.053774368 	 1.3171364
0.056802813 	 1.6788741
0.048700355 	 1.5160148
0.0054308753 	 2.0311732
0.00051153864 	 1.1082834
0.007466945 	 3.0775797
0.038211145 	 1.3042266
0.10262268 	 1.1551477
0.19812383 	 2.0477996
0.21623188 	 1.4604571
0.39855683 	 1.2767915
0.2949202 	 3.4029796
0.20262748 	 4.3109803
0.22267635 	 3.1492515
0.21107902 	 5.558421
0.44605163 	 1.2661912
0.3689004 	 3.1628125
0.21044394 	 1.6874511
0.23624666 	 2.019556
0.3707336 	 1.5915294
0.40225393 	 1.4050528
0.16616352 	 1.883226
0.052525435 	 3.6334946
0.0054339916 	 2.8653846
0.15320762 	 1.9603556
0.5251031 	 2.116651
0.23117584 	 1.7104683
0.22341552 	 1.709991
0.24163274 	 0.9408235
0.07446124 	 1.1399474
0.20348749 	 1.1670811
0.13400038 	 3.112418
0.0073192297 	 1.8784338
0.017407127 	 3.4327366
0.018567696 	 1.5174439
0.0006238976 	 2.7208285
0.00063147215 	 4.2314053
0.018070873 	 4.256735
0.007201133 	 2.2046444
0.0026947774 	 2.3821309
0.00023349865 	 3.1107635
0.005459402 	 2.0572865
0.11206318 	 1.7723135
0.11626813 	 3.1075976
0.091275945 	 3.857103
0.042218857 	 1.9051834
0.037532352 	 1.6816205
0.043307576 	 0.89566654
0.032689832 	 0.9935416
0.015704278 	 1.3491141
0.001953721 	 3.7113376
0.0009691045 	 1.2893107
0.0004898317 	 2.7143447
0.000107294116 	 0.9823426
0.0007666307 	 3.0927577
0.00011063234 	 1.9010515
0.0006983334 	 1.5172502
0.00222083 	 1.8402919
1.919288e-05 	 5.757697
0.0001306023 	 1.3184566
0.027080823 	 1.6024687
0.032476217 	 2.835817
0.0008100571 	 3.5304518
0.00013036386 	 0.59668976
0.0002801811 	 0.9832397
3.588264e-05 	 1.1621023
0.0004181544 	 1.5673251
1.3291924e-05 	 5.4002757
5.5195425e-05 	 6.1157846
0.0012005619 	 2.3537052
0.0004098063 	 2.7446122
0.0042430647 	 4.306792
0.015358728 	 2.7554758
0.019847313 	 2.3703933
0.001344571 	 2.4819202
0.00072702364 	 2.0765676
0.009513487 	 2.2618625
0.03358211 	 1.9070482
0.026191756 	 2.0916953
0.012379002 	 2.507391
0.0015394611 	 3.1047366
0.016710548 	 2.1278217
0.0044818074 	 1.5742853
0.015410964 	 1.6155522
0.0017988161 	 1.8819712
0.020643068 	 1.4839116
0.0073602996 	 1.7982211
0.0010904652 	 2.0851724
0.0028059473 	 2.2345352
0.007522494 	 2.6592476
0.017373163 	 1.2029436
0.009919445 	 0.8351504
0.0074401023 	 2.106875
0.0012625078 	 2.3402908
0.00030671293 	 1.4717932
0.010104936 	 2.1818616
0.023287725 	 1.8817897
8.8576424e-05 	 1.4894733
0.00037701085 	 1.5189422
0.00018479147 	 2.7129765
0.00061220786 	 1.360071
0.021334173 	 1.413507
3.3259945e-05 	 2.6810603
0.0007796346 	 3.0515733
2.4617022e-05 	 2.0510921
0.0076188864 	 3.539105
0.012526621 	 1.6761535
0.021220194 	 1.3713892
0.01892523 	 1.5993739
0.02364286 	 2.3649912
0.023984263 	 0.87135357
0.0013699972 	 0.8410465
0.0014653804 	 3.6607742
0.0057058684 	 3.1145718
0.0028246562 	 1.7830652
0.0019026009 	 2.255905
0.006353132 	 2.253914
0.004559764 	 1.1539189
0.0029828886 	 1.3145227
0.018745625 	 0.8771247
0.07075804 	 1.2233032
0.019183543 	 2.0375912
0.020471796 	 1.2611356
0.0055944957 	 1.3580688
0.00024333576 	 1.0803602
0.02252711 	 1.7544842
0.00062073657 	 0.79530084
0.0037734087 	 1.2546746
0.018150443 	 2.269451
0.00087162084 	 2.5670137
0.016535161 	 2.176095
0.0145248305 	 1.9151784
0.0035461404 	 0.96422875
0.0013956625 	 2.4481418
0.0062592607 	 1.4349828
0.008887327 	 1.8731371
0.01600464 	 1.5037211
0.0036348521 	 1.3355992
0.021540733 	 2.3433526
0.13284048 	 1.588131
0.09600138 	 1.8787701
0.0925587 	 4.268316
0.26397693 	 1.0065922
0.14244322 	 1.484169
0.13690306 	 1.6943144
0.033258304 	 2.0410604
0.011178815 	 2.7681794
6.9382215e-05 	 0.6943517
0.0035585822 	 2.2413702
0.019679217 	 1.3973343
0.011090698 	 3.1253822
0.0007268447 	 1.8951433
0.025491416 	 1.7136462
0.02118056 	 3.809984
0.0031315791 	 1.8510143
0.0007898946 	 3.068468
0.04978331 	 1.3208053
0.04376373 	 2.1851327
0.02364768 	 1.5153261
0.0004947217 	 2.7369518
5.5731896e-05 	 2.249608
0.00023242552 	 0.94703597
3.6954948e-06 	 2.1615894
3.3378658e-06 	 4.3626294
0.00014198835 	 3.8736374
4.7684855e-05 	 4.240776
0.0013335891 	 3.0224016
0.013524562 	 1.2299985
0.035194747 	 2.5166738
0.00027988298 	 2.575077
0.36249736 	 1.7079551
0.16722393 	 1.8113335
0.16786294 	 1.6493059
0.055264138 	 2.490004
0.0347605 	 2.3000152
0.01324421 	 2.0828
0.04173824 	 3.105826
0.020367222 	 2.6536589
0.028872434 	 1.9138179
0.00073298847 	 1.0329987
0.2840147 	 1.727955
0.0055289245 	 0.5056337
0.07811316 	 2.7893057
0.0692587 	 5.8043437
0.057857197 	 2.1782339
0.040397797 	 2.3240838
0.037986502 	 0.7588375
0.015699191 	 1.3104218
0.013001856 	 1.768117
0.049461298 	 1.065191
0.011383951 	 2.5161068
0.020497287 	 1.2501398
0.0426469 	 3.45418
0.038540833 	 1.7078663
0.0004997906 	 1.173453
0.013848506 	 4.088612
0.00034159294 	 1.9590629
0.03969383 	 2.5458455
0.039865322 	 1.6786706
0.056165382 	 1.5792502
0.025995856 	 1.1580796
0.042224206 	 1.8428035
0.04115791 	 2.344381
0.089615285 	 1.0903206
0.045160763 	 1.4507834
0.109070785 	 1.081712
0.074217446 	 1.512482
0.07409093 	 1.9236702
0.11184165 	 1.4849163
0.15329681 	 2.0285559
0.27475414 	 1.7627522
0.15866221 	 0.9028929
0.10997244 	 1.7839291
0.07470964 	 2.0165608
0.11740377 	 1.5928555
0.13121529 	 1.7115649
0.098614775 	 1.3687228
0.026313584 	 1.315809
0.025943492 	 2.9697654
0.07517463 	 2.7394047
0.031841177 	 2.9547336
0.0181868 	 2.6311362
0.0061552026 	 1.6918213
0.17275517 	 1.0519242
0.28517047 	 1.2116867
0.23768423 	 1.8817008
0.29038486 	 1.9733307
0.28241208 	 1.8575978
0.32118717 	 0.8940689
0.3669956 	 1.2556306
0.4183493 	 1.6143298
0.289548 	 0.81858164
0.29963368 	 1.0624522
0.24562511 	 0.82181823
0.29604858 	 1.2100544
0.2931152 	 0.66451323
0.15790977 	 1.2785504
0.3512362 	 0.7868294
0.3006339 	 0.7726883
0.21227174 	 0.9069005
0.21497576 	 0.972987
0.14512514 	 1.3048829
0.22363904 	 1.0410953
0.18926199 	 2.4743302
0.11830499 	 2.2311387
0.05828655 	 2.05951
0.11850225 	 1.1037943
0.081521645 	 1.9019623
0.047402617 	 1.2812501
0.12979019 	 1.8752409
0.088046215 	 1.3081491
0.0654572 	 1.8193033
0.20197476 	 1.9029542
0.12204198 	 1.6689123
0.109586686 	 1.0640947
0.12714186 	 1.1993676
0.1917273 	 0.78570026
0.11544139 	 2.170792
0.100696705 	 1.7066865
0.13017547 	 1.2611648
0.1320802 	 1.0896672
0.20961234 	 0.9645127
0.026272403 	 1.8651571
0.14665557 	 1.0998542
0.062292915 	 2.8636782
0.07081229 	 1.1322807
Summary
3.3378658e-06  -  0.83720773 ,  0.36659074  -  6.1157846
accuracy:  99.7
equal predictions:  0
