TensorFlow version: 1.13.1
Found 939 images belonging to 1 classes.
argN = 196
argN = 196
0.38933948 	 0.5859172
0.48392725 	 0.6482017
0.554632 	 0.9900012
0.33374232 	 0.5508095
0.5023296 	 0.9847829
0.41417834 	 0.81945556
0.27860948 	 0.735912
0.30186483 	 0.6950198
0.51515895 	 0.665188
0.38807675 	 0.61705714
0.26938745 	 0.7359002
0.31479156 	 0.7169902
0.3768861 	 0.66380197
0.30320013 	 0.8247343
0.2694364 	 0.8461169
0.37796584 	 0.953001
0.29900897 	 0.8282464
0.390905 	 1.0337056
0.42270285 	 0.52293
0.37159646 	 1.014863
0.35084105 	 0.74193203
0.35548314 	 0.6633589
0.18034784 	 0.8016678
0.26045412 	 0.65625
0.19304693 	 0.5224162
0.20717606 	 0.72531855
0.21741764 	 1.2149236
0.21717492 	 0.8527633
0.11219807 	 0.58282834
0.24607463 	 0.69447476
0.19031495 	 0.8620515
0.27647215 	 0.6659085
0.41956407 	 0.7354652
0.41924104 	 0.597842
0.5122357 	 0.48621973
0.5670557 	 0.4939106
0.6195361 	 0.8111539
0.4612869 	 0.69681865
0.44016597 	 0.69508994
0.4439448 	 1.0899427
0.4281443 	 0.7949823
0.17679977 	 0.86915207
0.1499164 	 0.6215963
0.3764667 	 0.7521351
0.42825258 	 0.7957233
0.451444 	 0.77671593
0.3276298 	 0.64269245
0.39090052 	 0.71918684
0.2802863 	 0.65808374
0.29926965 	 0.746896
0.31489927 	 0.630127
0.23675582 	 0.91869605
0.29333416 	 0.7292783
0.2364277 	 0.7751012
0.11652901 	 0.45601097
0.18836252 	 0.99343824
0.18909022 	 0.9368955
0.18043166 	 0.8801021
0.09734829 	 0.59528613
0.1222711 	 1.1997433
0.14594857 	 0.7202769
0.13170807 	 0.7277508
0.3663338 	 0.612305
0.44350448 	 1.0116873
0.41329154 	 0.2843103
0.40177473 	 0.6991009
0.5911994 	 0.6639461
0.4282643 	 0.66812736
0.34485626 	 0.66190076
0.32130173 	 0.71602017
0.36983174 	 0.7682993
0.5378771 	 0.9785737
0.5311735 	 0.6343318
0.32614854 	 0.86075777
0.44892225 	 0.7240633
0.33139595 	 1.1384282
0.36953154 	 0.7209038
0.32679656 	 1.0161457
0.18276729 	 0.921239
0.2401281 	 0.57158077
0.2789363 	 0.6874821
0.25452226 	 0.81164426
0.22666289 	 0.9058844
0.28401113 	 0.82776976
0.324908 	 0.86377496
0.40198177 	 0.57479674
0.12170829 	 0.5296614
0.24922967 	 0.90881443
0.1694711 	 0.85761714
0.24671589 	 0.68182594
0.30797818 	 1.0004189
0.3423965 	 0.7047505
0.34228778 	 0.87766635
0.2652906 	 0.6765948
0.2701823 	 0.8432429
0.22553669 	 0.6669661
0.327712 	 0.7656228
0.40206838 	 0.62130064
0.5217431 	 0.684412
0.46995756 	 0.8057947
0.49122027 	 0.7216801
0.54116005 	 0.58917934
0.44095594 	 0.7633445
0.4880374 	 0.7489132
0.397459 	 0.53360826
0.42098415 	 0.71369743
0.34446362 	 0.7268777
0.39173195 	 0.66993934
0.29480967 	 0.56281394
0.34685874 	 0.9711393
0.2070679 	 0.7262839
0.26912618 	 0.54708064
0.27724686 	 0.48182267
0.23849528 	 0.91970587
0.23969132 	 0.5399756
0.26358283 	 0.7903063
0.22484118 	 0.49338788
0.23983972 	 0.38568288
0.18408696 	 0.81468785
0.14374663 	 0.6518082
0.13326563 	 0.566495
0.13935126 	 0.9410593
0.17316076 	 0.6997566
0.14266263 	 0.45775566
0.1847772 	 0.7836116
0.17613512 	 0.8362476
0.19286945 	 0.8641603
0.14295256 	 0.8069283
0.14123157 	 0.48374304
0.20363937 	 0.7689999
0.15211053 	 0.619449
0.13622615 	 0.42645174
0.16785744 	 1.1710014
0.15186664 	 0.42077515
0.18698367 	 0.7672825
0.21246241 	 1.0100719
0.18716843 	 0.70463866
0.14450675 	 0.73616236
0.17533873 	 0.6482471
0.19973749 	 0.738572
0.19250514 	 0.6554987
0.17820476 	 0.844403
0.19277138 	 0.6785259
0.18371293 	 0.77576685
0.18645082 	 0.7560607
0.219147 	 0.49927452
0.2028234 	 0.6997614
0.20416398 	 0.5962591
0.21680838 	 0.72983307
0.24519947 	 0.5284497
0.17082311 	 0.6601436
0.26567575 	 0.86064446
0.20298506 	 0.37411776
0.21323383 	 0.62032473
0.23374403 	 0.8231091
0.22124939 	 0.55493265
0.27061784 	 1.0000935
0.23342383 	 0.8441586
0.24830124 	 0.7248024
0.28727534 	 0.7740344
0.24751733 	 0.70697975
0.36660624 	 0.55047685
0.34528574 	 0.6708264
0.268947 	 0.75513905
0.30612016 	 0.5581456
0.2883075 	 0.72788835
0.2537165 	 0.75776327
0.34751308 	 0.6040715
0.32000288 	 0.45206693
0.3962719 	 0.89058745
0.31759262 	 0.61961174
0.28679395 	 0.589736
0.35041735 	 0.55462706
0.347163 	 0.6101705
0.31777543 	 0.6723536
0.36542597 	 0.6846141
0.29035202 	 0.5898486
0.26879656 	 0.7234008
0.23183978 	 0.5251658
0.21155474 	 0.5179266
0.26525548 	 0.617125
0.2143207 	 0.6329693
0.27976406 	 0.5462341
0.29592237 	 0.51381373
0.3314971 	 0.64174
0.23697221 	 0.92934805
0.39543703 	 0.56163114
0.3443647 	 0.718905
0.37974375 	 0.590827
0.3564829 	 0.59624904
0.42137232 	 0.54971683
0.32003418 	 0.5779251
0.4474145 	 0.66722393
0.47029445 	 0.70773506
0.3853687 	 0.7503806
0.3761262 	 0.9696719
0.27175677 	 1.1046027
0.20165357 	 0.8632371
0.22083771 	 0.83303547
0.1726047 	 0.80700237
0.20598112 	 0.9343493
0.20993485 	 1.3004147
0.26697046 	 1.0458914
0.36349213 	 1.1143196
0.31393397 	 1.0087081
0.31156114 	 0.85273296
0.29472852 	 0.76898265
0.30439964 	 0.93568796
0.27012193 	 0.5938309
0.22826774 	 1.0459186
0.24641828 	 1.1112438
0.20238407 	 0.955939
0.19896048 	 0.8814
0.1679782 	 0.9645685
0.17810768 	 1.1509101
0.13483544 	 0.8141408
0.1380624 	 0.61144114
0.22153446 	 0.7053358
0.20586365 	 0.69874406
0.24836893 	 1.2054176
0.36897454 	 0.65930593
0.40310413 	 0.9849715
0.41787365 	 0.7073943
0.32037243 	 0.51520187
0.3593355 	 1.1548809
0.33636248 	 0.93254995
0.30482367 	 1.0480423
0.30598658 	 0.9524955
0.42360806 	 1.0141909
0.40757194 	 0.66271764
0.293786 	 0.6921024
0.21775217 	 0.9094395
0.15512788 	 0.9325358
0.2391008 	 0.93768513
0.29237586 	 1.139536
0.29096404 	 0.72035515
0.37219906 	 0.7671808
0.3094071 	 1.1000568
0.39910945 	 0.700604
0.3890936 	 1.031561
0.2923423 	 1.1314421
0.17518453 	 0.82850707
0.23372868 	 0.8174989
0.21278806 	 0.81044036
0.113387376 	 1.5297369
0.14274485 	 0.85804385
0.11905742 	 0.5754307
0.15742749 	 0.69851166
0.15260713 	 0.84800744
0.21205942 	 1.0384516
0.26501018 	 0.7010298
0.2447498 	 0.6618195
0.17630269 	 0.9754996
0.20011348 	 1.1692315
0.28758806 	 0.7622737
0.28773525 	 1.2642119
0.3247465 	 0.78096575
0.3901226 	 0.9636699
0.44549888 	 0.78314894
0.5092252 	 1.0277164
0.48193103 	 0.754776
0.5328621 	 0.93288714
0.57427245 	 1.199755
0.29839507 	 1.0447997
0.42116314 	 0.685604
0.3583035 	 1.2846934
0.23008266 	 1.2780904
0.21864688 	 0.9801624
0.2136911 	 0.5649033
0.24341364 	 0.88920105
0.1876391 	 0.93249816
0.1618896 	 0.73900884
0.1379872 	 0.87168556
0.14895518 	 0.48024544
0.17827499 	 1.0625398
0.2511194 	 0.885654
0.36193722 	 0.58006245
0.2898084 	 0.80549884
0.31157967 	 0.9751156
0.27631718 	 0.8464017
0.2626254 	 0.7823481
0.29152346 	 0.7035327
0.29873618 	 0.55681837
0.38425556 	 0.8665382
0.3300678 	 0.88742024
0.3910051 	 0.7075221
0.319005 	 0.8066773
0.38197145 	 0.5597787
0.35728738 	 0.7411719
0.3509507 	 0.7276783
0.39893967 	 0.9330703
0.35662353 	 0.56518173
0.39427376 	 0.8253337
0.30011654 	 0.62747353
0.30665603 	 1.346894
0.28554964 	 0.6523053
0.20768991 	 0.87699205
0.161135 	 0.9894176
0.18426353 	 1.0092545
0.1994349 	 0.9365632
0.18525794 	 0.89535743
0.16174126 	 0.6633111
0.17684202 	 0.64814645
0.13650303 	 0.9419406
0.17683135 	 0.6825612
0.13071921 	 0.79777366
0.20291306 	 0.7988755
0.18495683 	 1.0688528
0.17348662 	 1.6962742
0.24792197 	 0.5178311
0.1427254 	 1.3911669
0.16151124 	 0.58213425
0.14586319 	 1.3318694
Summary
0.09734829  -  0.6195361 ,  0.2843103  -  1.6962742
accuracy:  99.0
equal predictions:  0
TensorFlow version: 1.13.1
Found 939 images belonging to 1 classes.
argN = 196
argN = 196
0.4544218 	 1.153645
0.58235127 	 0.9139695
0.543928 	 0.8474246
0.48044074 	 0.9666665
0.4405588 	 1.1387701
0.33424893 	 1.073241
0.2518542 	 1.2306085
0.23985335 	 1.8521886
0.20184697 	 1.3426619
0.22555402 	 1.0830997
0.26894784 	 0.8343957
0.31813264 	 1.3374711
0.25803518 	 0.47077727
0.36813948 	 1.5348835
0.45043254 	 1.0173476
0.39260733 	 0.8636572
0.3912876 	 1.549186
0.52330655 	 1.1901326
0.43530405 	 1.0107348
0.23337422 	 1.3051102
0.12061825 	 0.7556502
0.08849668 	 1.958639
0.08482422 	 0.97989225
0.15446045 	 1.0229776
0.14394842 	 1.9406902
0.13447052 	 0.7571125
0.25724587 	 1.4650857
0.37444666 	 1.0850106
0.48584703 	 1.1459097
0.4475272 	 0.97706455
0.54632926 	 1.150393
0.4218966 	 0.9082574
0.46415406 	 0.87218577
0.30508855 	 0.5949055
0.19452165 	 1.3874245
0.31790072 	 1.0226885
0.49940228 	 0.9281473
0.7055605 	 0.8118602
0.6047684 	 1.3466084
0.73529994 	 1.2932894
0.909944 	 0.89529544
1.03525 	 1.044817
0.10219116 	 2.0967836
0.2893431 	 1.1212943
0.36894995 	 0.71026796
0.38865402 	 1.0218804
0.38443765 	 0.94418573
0.4558135 	 0.65059364
0.44109565 	 0.98842543
0.23036893 	 1.2318922
0.24265932 	 1.3254043
0.102514304 	 1.1899794
0.17733753 	 0.88356745
0.21935658 	 0.75019974
0.16626896 	 1.4820617
0.26467997 	 0.88831806
0.31441078 	 1.0010012
0.25218344 	 1.0315921
0.4268576 	 0.7570063
0.42262253 	 0.98774385
0.3299955 	 0.938953
0.22937895 	 1.2983868
0.22350988 	 0.93767905
0.090824686 	 1.4890771
0.031060075 	 0.43431807
0.086845756 	 2.0378492
0.076477736 	 1.6456953
0.42133254 	 0.9656973
0.34820062 	 1.2168394
0.30251274 	 1.4000751
0.17053771 	 1.2524445
0.15695144 	 0.80845994
0.40265834 	 0.84920526
0.23668776 	 0.7386931
0.3910341 	 1.4434359
0.5713669 	 1.1656505
0.48338768 	 0.831895
0.47029215 	 0.79046714
0.44810253 	 0.7910068
0.278104 	 1.6251807
0.031383045 	 1.5802121
0.17134847 	 0.95810354
0.16580853 	 1.9720019
0.2722739 	 0.9357369
0.18323058 	 0.659684
0.13692486 	 1.6364534
0.14651795 	 1.0463958
0.24129477 	 1.4750861
0.10538253 	 1.2979816
0.13137107 	 1.5318975
0.105676495 	 1.7479678
0.11590095 	 1.7341396
0.20291613 	 1.0219464
0.17243876 	 1.7398281
0.20382176 	 1.451771
0.11517069 	 0.5268562
0.114202596 	 1.3554807
0.18890518 	 1.1260638
0.15243217 	 1.1955897
0.16875274 	 1.0742986
0.14437018 	 0.6272956
0.13144979 	 1.2359277
0.09336332 	 0.6811753
0.13147922 	 1.260942
0.10038693 	 0.856835
0.098175645 	 0.74351645
0.07900389 	 0.58853483
0.0791833 	 1.3399642
0.055912904 	 1.3440425
0.052170757 	 1.1815994
0.06779126 	 0.7470934
0.07280651 	 0.89709705
0.08968191 	 1.099186
0.08276099 	 1.3230559
0.069240935 	 1.0529014
0.080616005 	 0.8568839
0.08954253 	 1.4071535
0.09514232 	 1.3875364
0.1661871 	 0.726666
0.13584782 	 1.4526052
0.1687219 	 1.2239826
0.16247816 	 0.35810924
0.19301744 	 0.806022
0.18534897 	 1.3869514
0.18676028 	 0.731483
0.21145451 	 1.0887437
0.22418866 	 0.9632734
0.2512046 	 0.79222935
0.22892638 	 0.843458
0.204752 	 1.3199711
0.20994514 	 1.01096
0.23304248 	 1.087151
0.19059777 	 1.2275012
0.16071507 	 0.90202326
0.1476554 	 1.4133875
0.1820692 	 0.9554187
0.14369054 	 1.2138786
0.1066804 	 0.9603546
0.1709098 	 0.44952908
0.13141471 	 1.2073547
0.16042098 	 0.6556638
0.17623436 	 1.0054946
0.13519537 	 0.69616944
0.12495503 	 0.3479351
0.14817874 	 1.1389799
0.16879444 	 0.82360065
0.12455488 	 1.494529
0.121108994 	 0.9033326
0.12301944 	 1.3191729
0.15270565 	 1.1192794
0.12410556 	 0.9094422
0.1574558 	 0.9887987
0.13567913 	 1.0390526
0.15300936 	 1.5660573
0.1250729 	 0.94934314
0.094603345 	 0.6926496
0.14045034 	 1.3065101
0.10420898 	 1.132926
0.10251721 	 1.0877789
0.08523935 	 0.27056777
0.10162812 	 0.9343287
0.15665978 	 0.8110325
0.15006901 	 0.39918968
0.17450698 	 1.2574219
0.18996648 	 0.81251013
0.17033803 	 1.2337815
0.18306021 	 1.0333726
0.17232975 	 0.6449392
0.18229169 	 1.1763625
0.1811291 	 1.2432064
0.14626803 	 1.0570978
0.18204582 	 0.8399938
0.16495612 	 1.4922307
0.19426472 	 1.2711517
0.20112911 	 0.65379804
0.18357736 	 0.8741358
0.1699054 	 1.0535772
0.19555813 	 0.37421837
0.18184963 	 1.2903528
0.2439775 	 0.7675802
0.19427688 	 1.1083072
0.16857897 	 0.9947212
0.15997855 	 1.1793616
0.1333577 	 1.4998136
0.15305728 	 1.1919898
0.15257686 	 0.766611
0.14746481 	 0.6831832
0.12093045 	 1.5176424
0.11102669 	 1.2180837
0.1092407 	 0.9817735
0.076199174 	 1.0919756
0.08757429 	 1.8108764
0.11637238 	 0.7859864
0.09455152 	 1.0580223
0.052808285 	 0.72475266
0.08518204 	 0.68344134
0.09340887 	 0.93934935
0.0723264 	 1.1092987
0.043536715 	 0.6539271
0.5978319 	 0.9815977
0.52567923 	 0.8695061
0.43503833 	 0.7133008
0.4238721 	 0.818043
0.36524493 	 0.7512262
0.4697767 	 0.8978989
0.26468796 	 0.75300914
0.18836692 	 1.1604179
0.19130854 	 0.79872733
0.25154656 	 1.2678789
0.18970172 	 1.1321971
0.21524678 	 0.46616322
0.16911697 	 0.58126515
0.17449662 	 0.8075762
0.18378328 	 1.1381774
0.11952416 	 1.1390613
0.16289188 	 1.1359079
0.16549563 	 0.97037995
0.1370782 	 1.0524677
0.16300946 	 1.3823404
0.16633181 	 1.0072516
0.1707039 	 0.91857445
0.15840937 	 1.1907718
0.2015816 	 1.4117678
0.16053884 	 1.1713022
0.18017897 	 0.7498633
0.14480336 	 0.4516863
0.2088478 	 0.87725514
0.23810495 	 0.6325505
0.44128737 	 0.63543665
0.26619807 	 0.8100505
0.2926678 	 0.4799934
0.22971803 	 1.3439206
0.2726398 	 0.87852204
0.27157336 	 0.68910545
0.3731515 	 1.1009556
0.40881863 	 0.839887
0.26378208 	 1.0827152
0.8311968 	 0.8168787
0.7262272 	 0.76685363
0.19860405 	 1.2083617
0.24064788 	 1.332912
0.29407036 	 0.5358688
0.31638047 	 0.48502207
0.22284228 	 1.1315987
0.30127126 	 0.9346557
0.27778178 	 0.93525994
0.27175817 	 0.76384413
0.24826977 	 0.7387319
0.25551474 	 1.3343834
0.28376925 	 1.0997025
0.2503979 	 0.9222673
0.19280274 	 1.1094118
0.17273207 	 0.5411913
0.17444524 	 0.7877997
0.20374292 	 0.5205349
0.17130291 	 0.47239572
0.14011717 	 0.7401403
0.2000591 	 1.1347587
0.16475713 	 0.94964784
0.14881857 	 1.2155385
0.18322708 	 0.6273579
0.18598108 	 1.2669257
0.23996912 	 0.7579487
0.27454737 	 0.72102064
0.24943526 	 0.67738986
0.2593453 	 1.072595
0.25835148 	 0.93849933
0.21016303 	 1.0322388
0.2189698 	 0.8452893
0.25670722 	 1.0740349
0.3558485 	 0.48690465
0.4169955 	 0.661299
0.3939638 	 0.6419772
0.36756963 	 0.90126127
0.24725804 	 0.9064902
0.18362871 	 0.6885367
0.17761037 	 0.5131084
0.15823662 	 0.8318264
0.18081595 	 0.93706846
0.18273959 	 1.1951102
0.16087915 	 1.6916256
0.16762714 	 0.8537755
0.18783723 	 0.9895547
0.26028946 	 0.598013
0.19372763 	 0.9092819
0.2241624 	 0.87926704
0.23674819 	 0.9772907
0.33601695 	 0.6639154
0.37725475 	 0.5089328
0.42507586 	 0.9322481
0.45552206 	 0.9533438
0.4637074 	 1.0336609
0.43827224 	 0.99530655
0.50945246 	 0.838031
0.4116684 	 0.8102521
0.44170815 	 0.63016707
0.478321 	 0.7822978
0.44741625 	 0.8303633
0.24195763 	 0.6905693
0.24408965 	 1.0365056
0.27693695 	 1.0573789
0.30181035 	 0.8788936
0.2264514 	 1.1031408
0.33379933 	 0.7806874
0.26104662 	 1.156233
0.28124455 	 0.63083607
0.23886637 	 0.8391405
0.33348536 	 0.56293625
0.4302891 	 1.1173948
0.44015598 	 0.6995515
0.51337457 	 0.8103237
0.38725203 	 1.0702889
0.33274335 	 0.72151405
Summary
0.031060075  -  1.03525 ,  0.27056777  -  2.0967836
accuracy:  99.4
equal predictions:  0
TensorFlow version: 1.13.1
Found 939 images belonging to 1 classes.
argN = 196
argN = 196
0.43651396 	 0.7039535
0.5461363 	 1.0183033
0.7422985 	 1.1581584
0.6203485 	 0.8978825
0.35120463 	 1.0202341
0.2984492 	 0.5142112
0.20368819 	 0.88440067
0.12608504 	 1.5570483
0.06864054 	 0.30233184
0.078238264 	 1.2638439
0.05112693 	 1.2696891
0.071954064 	 0.82882416
0.07227322 	 1.410585
0.13042337 	 1.0607185
0.09072104 	 1.4890127
0.011087262 	 1.1099252
0.29581982 	 0.6829491
0.33206835 	 0.69626015
0.24189751 	 1.1451107
0.24008445 	 1.0354817
0.24603827 	 1.1837695
0.3827246 	 0.75862646
0.48100612 	 1.0831294
0.34433526 	 0.8694444
0.30355904 	 1.2941352
0.3131944 	 0.4741551
0.47044176 	 1.0623503
0.31269348 	 0.7398705
0.31493357 	 1.0850863
0.13748421 	 0.630042
0.27684253 	 1.1460747
0.19383644 	 0.58761317
0.113213345 	 1.3883983
0.0371493 	 0.84899765
0.32590327 	 1.0024046
0.30458423 	 0.77788293
0.36264932 	 0.8506842
0.2795065 	 1.4003805
0.18594246 	 0.9295617
0.21626739 	 0.23445104
0.16616768 	 0.68011177
0.683298 	 0.7532974
0.58395135 	 1.0481727
0.5738872 	 0.76563156
0.4305627 	 0.7699884
0.19476198 	 0.29586276
0.17556854 	 1.34792
0.0290149 	 1.368718
0.048485607 	 1.5664293
0.03594801 	 1.3639659
0.06085561 	 1.54344
0.08782181 	 0.91678596
0.14146754 	 0.339171
0.35849693 	 0.8110141
0.4858395 	 1.3481382
0.47073013 	 1.1013585
0.27170116 	 0.59593123
0.19977622 	 1.1457856
0.3317404 	 0.80413604
0.30351463 	 1.2761328
0.26784143 	 0.9405601
0.19162038 	 1.0111697
0.21016648 	 1.0105138
0.12293216 	 1.3428203
0.0044949194 	 1.5163059
0.0041888948 	 1.3708439
0.2465811 	 1.1494117
0.588814 	 1.2121083
0.42205942 	 0.8709367
0.24011461 	 0.74977726
0.23196627 	 0.6274961
0.33134648 	 1.1808008
0.37722996 	 0.53523445
0.46524933 	 0.41146347
0.045587696 	 1.132446
0.15661092 	 1.5891137
0.015419197 	 1.7468077
0.015720928 	 1.0031173
0.25550306 	 1.3360314
0.18416636 	 0.96179503
0.2430727 	 1.08865
0.292798 	 0.5476015
0.3816783 	 0.9719185
0.3895715 	 1.5591085
0.2269721 	 1.7267514
0.020614957 	 1.1826682
0.20842674 	 0.8253
0.26167423 	 1.2489829
0.21095683 	 1.0173544
0.16494621 	 1.3719183
0.1560596 	 0.82715577
0.15006244 	 0.57347417
0.15001203 	 0.587159
0.15841964 	 0.8544101
0.079661995 	 1.2711504
0.08343705 	 1.5088565
0.06320052 	 2.1341245
0.03699831 	 0.8423833
0.052673887 	 1.1923572
0.049551547 	 1.461688
0.071778 	 1.7308167
0.041043323 	 1.1077933
0.064361855 	 1.0840228
0.0058846427 	 0.9453416
0.031202115 	 1.1025743
0.044507276 	 1.1746372
0.015552131 	 1.0398214
0.03550053 	 0.7194511
0.07259966 	 0.65469915
0.051955074 	 0.8923444
0.07620052 	 1.8432398
0.09381933 	 0.26828206
0.14501247 	 0.7567373
0.22056895 	 1.0328016
0.1917587 	 0.94683254
0.2907856 	 0.73186916
0.21575814 	 1.1784563
0.2695316 	 1.2114342
0.3203009 	 1.5682036
0.35679972 	 1.1130852
0.3069676 	 1.1610694
0.3336536 	 1.2072129
0.26153255 	 0.944156
0.31221184 	 0.5962505
0.2543284 	 0.39318633
0.29518768 	 0.81296116
0.25391817 	 0.77268255
0.28857502 	 0.7704768
0.29486024 	 0.9724483
0.22196443 	 1.1314713
0.24348801 	 0.98752946
0.25506005 	 1.1242133
0.21906061 	 1.0395331
0.20336403 	 1.1186054
0.20383112 	 1.1434416
0.20896056 	 0.94779
0.19477712 	 1.3144367
0.21709916 	 0.9317503
0.19028063 	 1.28506
0.1906476 	 1.1687942
0.16460563 	 0.9413308
0.1583026 	 0.71254176
0.15093398 	 1.5619092
0.11796269 	 1.3768743
0.14021434 	 1.1217806
0.14290863 	 1.0840799
0.11006067 	 1.1296
0.11422558 	 0.7719801
0.1445874 	 0.9717544
0.14400081 	 1.5263989
0.1533875 	 1.1919413
0.13314149 	 1.0345097
0.16880143 	 1.254894
0.17361212 	 0.9056403
0.17140493 	 1.2021298
0.1728793 	 1.4001486
0.18886119 	 0.9484199
0.17075743 	 1.515493
0.19695142 	 1.312781
0.19813772 	 0.7885718
0.1789097 	 1.3234682
0.14622608 	 1.175443
0.13357505 	 1.2904612
0.15595147 	 1.420115
0.1799728 	 1.4094799
0.17157793 	 1.1619948
0.18112081 	 0.9083303
0.16633505 	 0.35032836
0.17197844 	 1.4719518
0.17307529 	 0.7977602
0.15989539 	 1.0709522
0.19503671 	 0.7212611
0.20496231 	 0.8818275
0.1579878 	 1.4219697
0.17303717 	 1.1202828
0.1313661 	 1.5405177
0.12057326 	 1.1016089
0.087369174 	 0.75638026
0.074476 	 0.95755535
0.09425917 	 0.7610395
0.08328675 	 0.81507576
0.10702171 	 1.0085021
0.08605318 	 1.4019878
0.0464895 	 0.80697984
0.08838005 	 1.5600158
0.0501441 	 1.3316804
0.056730893 	 1.4820709
0.066712335 	 0.6967629
0.06847285 	 0.9144302
0.046661727 	 0.68100804
0.03948057 	 1.4507961
0.02094072 	 0.739991
0.07339511 	 0.9031499
0.03634451 	 1.3334193
0.02450645 	 1.6318922
0.032848306 	 0.47218275
0.031057 	 0.3357766
0.03108848 	 1.3062806
0.01572117 	 1.0055093
0.031361457 	 0.83941585
0.33817205 	 0.660355
0.41081715 	 0.8088212
0.43237823 	 0.63267696
0.31601396 	 0.82170784
0.26778838 	 1.2696352
0.15567738 	 0.79511815
0.23004928 	 0.88650393
0.17975639 	 0.52874976
0.2022493 	 0.65270364
0.19661985 	 0.7625943
0.27320364 	 1.02751
0.25730368 	 1.1327345
0.25729528 	 0.6839408
0.1149476 	 1.5304193
0.13797173 	 0.80894685
0.13491061 	 0.944937
0.16314018 	 1.3812462
0.13566124 	 0.6125324
0.2036195 	 0.4651491
0.13415563 	 0.41482043
0.13061224 	 0.810877
0.25641808 	 0.90579075
0.65268165 	 0.60885954
0.7370213 	 0.7083776
0.46158513 	 0.7988339
0.45825613 	 1.3188084
0.25634837 	 1.0153135
0.5082202 	 1.1482872
0.42843655 	 0.59891486
0.42171267 	 1.135681
0.35138774 	 0.5107713
0.28188017 	 1.2738978
0.3138593 	 0.41230068
0.21561128 	 0.4375636
0.26563275 	 1.9703954
0.25012997 	 0.6022097
0.29396895 	 0.48031268
0.21368054 	 0.33607468
0.24854836 	 1.3826734
0.28369564 	 0.7808788
0.22108275 	 0.54344076
0.24681224 	 0.6133653
0.22578631 	 0.67201626
0.21697141 	 0.90020114
0.17457852 	 0.5539733
0.19332792 	 0.8072165
0.2247958 	 0.7980326
0.21144973 	 0.34597933
0.19971478 	 0.3382411
0.25020283 	 0.9079769
0.3067773 	 0.70139474
0.28516898 	 0.7203135
0.33197498 	 0.92190087
0.3387791 	 1.0698344
0.40337533 	 0.43362167
0.43537644 	 0.4087684
0.473154 	 1.03283
0.4045588 	 0.72229886
0.42468387 	 0.47703984
0.48059514 	 0.6522204
0.424633 	 0.7240236
0.3023604 	 0.51909196
0.3300251 	 0.578756
0.21662249 	 0.65072614
0.23153079 	 0.88649815
0.19419277 	 0.3633357
0.23818845 	 0.7615076
0.16129208 	 1.0525569
0.107454926 	 0.99625266
0.15237844 	 0.5008869
0.14897282 	 0.5357205
0.2209229 	 0.966714
0.2223511 	 0.66371167
0.34307328 	 0.79785544
0.3593951 	 0.54502714
0.36995497 	 0.6366763
0.43675277 	 0.7824173
0.33024234 	 0.83732146
0.3559627 	 0.64381784
0.32957956 	 0.6451254
0.3380898 	 0.47766882
0.3481846 	 0.62422353
0.33409098 	 0.69204986
0.33679822 	 0.4013461
0.30823278 	 0.6075771
0.23613857 	 1.38455
0.2467117 	 0.44873437
0.29090112 	 0.43397415
0.28318664 	 0.45933402
0.31476828 	 0.8219562
0.32094318 	 0.6962383
0.33502573 	 1.5891204
0.2592856 	 0.98406553
0.23656225 	 0.87983495
0.27300268 	 1.1042877
0.32937968 	 0.90911573
0.3083639 	 0.38796973
0.41298378 	 0.6862779
0.36662197 	 1.1303663
0.33890188 	 0.47135904
0.40226898 	 0.7543021
0.38157007 	 1.2028141
0.3563695 	 0.52505934
0.44752702 	 0.5789533
0.58445066 	 0.9503958
0.47662857 	 0.585189
0.3944231 	 0.58181
0.44243562 	 0.61839336
0.3806169 	 1.1423329
0.39609802 	 0.65564275
0.38191894 	 1.2931423
0.37020954 	 0.52018356
0.5439167 	 0.6930287
Summary
0.0041888948  -  0.7422985 ,  0.23445104  -  2.1341245
accuracy:  98.7
equal predictions:  0
TensorFlow version: 1.13.1
Found 939 images belonging to 1 classes.
argN = 196
argN = 196
0.4554682 	 1.0290362
0.44412833 	 1.0495692
0.6174675 	 0.7503844
0.4396483 	 0.8315157
0.33174822 	 1.3049418
0.20700245 	 1.0354419
0.15224983 	 1.2372688
0.20161237 	 1.4322399
0.32866192 	 0.7823849
0.21329942 	 1.2628195
0.16780943 	 1.4246775
0.29934788 	 0.980428
0.42107722 	 1.59372
0.4421016 	 0.9246345
0.41374284 	 1.2273165
0.4007667 	 1.1192299
0.14145593 	 1.587566
0.2010579 	 1.1990294
0.22475998 	 0.82137066
0.19992653 	 1.3286796
0.099338114 	 1.4345393
0.1237154 	 1.188547
0.20370974 	 1.4766104
0.42321646 	 0.8937544
0.69264996 	 0.65988624
0.6048463 	 0.68053424
0.45318562 	 0.79829186
0.57791466 	 0.8847373
0.55120784 	 0.9767441
0.5301073 	 0.9906777
0.38457754 	 0.77431065
0.5225603 	 0.8521215
0.4627558 	 0.633284
0.41880673 	 0.7657819
0.5095997 	 1.0034028
0.60705084 	 1.1874417
0.68989223 	 0.731657
0.32117385 	 0.95309657
0.322568 	 0.82737446
0.31733766 	 0.6478391
0.27892014 	 1.4816208
0.21159378 	 1.1798506
0.2566851 	 1.1303924
0.26696852 	 1.1412632
0.33053786 	 1.2153395
0.4607993 	 1.084133
0.38853005 	 1.0474328
0.2774423 	 1.3660797
0.19437121 	 1.4516102
0.21173482 	 0.987793
0.28194955 	 1.1904963
0.451321 	 0.8706273
0.4450284 	 0.77188426
0.39813408 	 0.93097335
0.20720935 	 1.2660494
0.18890323 	 1.0382357
0.16776685 	 1.1050327
0.13113414 	 0.85127354
0.12874907 	 0.9559046
0.14960657 	 0.91604006
0.14847036 	 1.3477844
0.1216677 	 1.1523756
0.14713724 	 1.3031212
0.2178377 	 0.9676907
0.28574997 	 0.68553525
0.28540388 	 1.2492197
0.40203184 	 0.64366657
0.44462508 	 0.6462112
0.47182137 	 0.5839878
0.34312117 	 0.61281353
0.28087264 	 0.8777257
0.39872137 	 1.6348573
0.406813 	 0.8917317
0.59480673 	 0.6000954
0.40352932 	 0.6765326
0.47314453 	 0.75174886
0.2602386 	 0.8880783
0.32891366 	 0.9604027
0.34355742 	 0.94723547
0.30376756 	 1.0883464
0.17025238 	 1.0963678
0.17814784 	 1.0050946
0.24471402 	 0.99294245
0.42498705 	 0.95603764
0.29496014 	 1.3584231
0.2876933 	 0.87310743
0.23534694 	 1.3405819
0.318496 	 0.8713654
0.30809018 	 0.9696046
0.13953511 	 1.1854177
0.117344044 	 1.6357348
0.17440152 	 0.98759985
0.2151935 	 1.9922084
0.17196761 	 1.1292024
0.187699 	 1.0252835
0.22503927 	 1.0581174
0.24549985 	 1.127573
0.26152706 	 1.2635573
0.40053964 	 0.7088768
0.34894803 	 0.9783074
0.1609526 	 1.3566844
0.14969067 	 1.2451768
0.18778825 	 0.8843171
0.17534654 	 1.0029507
0.17620216 	 0.76245666
0.23407088 	 0.6985048
0.28096396 	 1.0738543
0.2302463 	 0.5538025
0.19639163 	 1.1427946
0.2589263 	 1.2776929
0.15631595 	 1.0520365
0.25143158 	 0.73079777
0.23760623 	 0.79503655
0.1840474 	 0.6811522
0.22349921 	 1.0047156
0.21347664 	 0.7541282
0.18815869 	 1.0285827
0.22176777 	 0.8755375
0.17938162 	 1.067982
0.25741747 	 1.0004281
0.15603931 	 0.9682225
0.2024345 	 1.0288931
0.19836546 	 1.077004
0.23161517 	 1.0933841
0.26600653 	 0.88324016
0.22866502 	 1.1521348
0.2672938 	 0.8168241
0.26242617 	 1.0630237
0.25255045 	 0.870738
0.26627252 	 0.69364524
0.26924506 	 0.699284
0.27484846 	 0.58521706
0.22580335 	 1.3384715
0.24988191 	 0.99544847
0.26531687 	 1.0593071
0.16021527 	 0.8581919
0.20966607 	 1.2592698
0.15016799 	 1.0256137
0.24152969 	 1.0652595
0.16074705 	 0.5846406
0.20388265 	 0.77727264
0.2704352 	 0.5483293
0.31450474 	 0.9000308
0.2597859 	 1.0262432
0.31788507 	 1.1027422
0.2926505 	 0.7740564
0.3255624 	 1.101786
0.30477986 	 0.5099728
0.29696864 	 1.0678756
0.25430778 	 0.87013113
0.28144902 	 1.0834891
0.2748651 	 1.0881162
0.23017165 	 0.727009
0.2273299 	 1.1653621
0.29514244 	 1.13311
0.25444153 	 0.8812309
0.23559707 	 0.6994373
0.19436657 	 1.0246984
0.22721027 	 0.8290436
0.19891787 	 0.7588253
0.30725145 	 1.0343935
0.26544362 	 0.80355173
0.2152337 	 0.86249
0.23689653 	 1.4059846
0.27712536 	 0.95652413
0.25097528 	 0.7078677
0.21709168 	 1.2459124
0.22403875 	 0.7897245
0.22486946 	 0.86204034
0.2273008 	 1.1151633
0.18804401 	 0.9282283
0.22601157 	 0.8988401
0.20861214 	 0.8494417
0.2755041 	 0.82377
0.2452128 	 0.97397524
0.258507 	 0.62869334
0.2622361 	 0.7192024
0.2831765 	 0.9237016
0.27146715 	 0.9752621
0.25828767 	 0.8103459
0.26961246 	 0.9395757
0.3616488 	 0.8185888
0.2833623 	 1.0315493
0.32532775 	 0.7565285
0.3339894 	 1.0789598
0.37708196 	 0.687871
0.39594674 	 0.7510659
0.34144923 	 0.77668744
0.37871137 	 0.73018473
0.33480692 	 0.66577554
0.30214024 	 0.7544317
0.37293115 	 0.99119985
0.454685 	 0.85808784
0.40855923 	 0.5722658
0.46473637 	 0.7332562
0.36565208 	 0.8253329
0.3539364 	 1.0090675
0.44864625 	 0.894877
0.37892255 	 0.6123658
0.3558771 	 0.98940974
0.42582652 	 0.78984296
0.38272426 	 0.7034396
0.4397769 	 1.0130869
0.39389753 	 1.0696728
0.47141424 	 0.7284916
0.4876509 	 0.6120042
0.28545392 	 1.0136516
0.2870982 	 0.78897417
0.2132685 	 0.6277138
0.29064357 	 1.3082117
0.305107 	 1.0082595
0.24381159 	 0.7237202
0.263828 	 0.9553677
0.26553613 	 0.87085336
0.26593885 	 1.6292486
0.2348998 	 1.3925198
0.23029523 	 1.2066424
0.2265858 	 0.9001916
0.18224356 	 1.3686976
0.1807324 	 1.2711862
0.1878142 	 1.2221991
0.15558872 	 1.1377318
0.14849076 	 1.0350057
0.13738258 	 0.6725045
0.1247157 	 2.342191
0.15687028 	 0.6674379
0.16195731 	 1.1803335
0.14605872 	 1.571046
0.14744851 	 0.6695293
0.10862771 	 0.9754124
0.16524978 	 1.1974252
0.55490047 	 0.74701077
0.7208815 	 0.7595778
0.49459368 	 0.9449241
0.31199342 	 1.1058803
0.20969974 	 1.2263592
0.20327432 	 0.88617176
0.1850911 	 1.02757
0.23806684 	 0.9857173
0.22921868 	 1.1805184
0.2338054 	 1.1274836
0.27455458 	 0.7846869
0.46629167 	 0.668855
0.3702873 	 0.86424124
0.17411326 	 0.9272076
0.19321279 	 1.0868055
0.30612534 	 0.91741735
0.27720028 	 1.4741316
0.2043948 	 1.8985792
0.26037863 	 1.3036591
0.20416048 	 0.5922138
0.14752455 	 1.1747068
0.16337645 	 1.4478034
0.0983261 	 0.77915305
0.16043988 	 0.8933393
0.18309435 	 1.4884322
0.24823126 	 0.7751873
0.2409305 	 0.6386702
0.22292027 	 1.0988986
0.18743153 	 0.9950692
0.28806162 	 0.5651581
0.28727326 	 1.2629755
0.34207186 	 1.0562261
0.43088868 	 0.6781106
0.4401741 	 0.8079889
0.40885603 	 0.7482729
0.45569307 	 0.7220014
0.36653793 	 0.6935604
0.2707396 	 0.8714056
0.26653892 	 1.0866919
0.18065506 	 0.8142689
0.1314319 	 0.58800435
0.140743 	 1.3646723
0.17366295 	 1.5626267
0.13448294 	 1.5159459
0.107842974 	 0.5868635
0.1225979 	 1.3671597
0.13533252 	 1.084967
0.12563834 	 1.4627761
0.12813137 	 1.4147071
0.21983849 	 1.3473371
0.16097556 	 0.99437666
0.20263317 	 1.5174814
0.20188847 	 0.7627995
0.27283493 	 0.8531709
0.24274874 	 0.9921617
0.20822869 	 0.9133297
0.35635588 	 0.82699835
0.36400828 	 0.9731372
0.40081638 	 0.7209134
0.4654107 	 0.5925516
0.4875617 	 0.8763573
0.3950873 	 0.70932204
0.4889366 	 0.9186671
0.6021271 	 0.508412
0.43495968 	 0.8848234
0.4489637 	 0.8386164
0.475644 	 0.8988021
0.34127697 	 1.2740196
0.2272758 	 0.9008378
0.28016895 	 1.501239
0.33324894 	 1.3327917
0.3366785 	 0.8463237
0.3502714 	 1.4235237
0.4137074 	 1.0341688
0.4013997 	 0.6403545
0.33729434 	 1.0257498
0.36582118 	 1.5333319
0.31856033 	 0.69819903
0.25432155 	 0.54120994
0.27650312 	 0.93852645
0.24354793 	 1.354318
0.30823871 	 1.3808938
Summary
0.0983261  -  0.7208815 ,  0.508412  -  2.342191
accuracy:  99.4
equal predictions:  0
