TensorFlow version: 1.13.1
Found 939 images belonging to 1 classes.
argN = 196
argN = 196
0.318096 	 5.2779193
0.52257574 	 2.9769518
0.6003987 	 2.513637
0.6820685 	 2.142937
0.41772702 	 2.0754926
0.18272944 	 3.448249
0.14884187 	 3.13981
0.17920657 	 2.4832911
0.123737924 	 2.9195364
0.16112414 	 1.2625686
0.14311534 	 2.8920016
0.13450414 	 3.0168061
0.21868478 	 1.6681412
0.37685117 	 1.1324717
0.26806077 	 2.7908924
0.23014869 	 2.2585216
0.28742725 	 2.5991738
0.21954669 	 2.2827482
0.35439673 	 1.9842633
0.40035248 	 1.9810369
0.13759896 	 2.7451093
0.10015079 	 1.667184
0.22158876 	 2.282358
0.14231333 	 1.719712
0.117044084 	 2.5349317
0.058961373 	 3.332177
0.026816418 	 3.6686497
0.025712537 	 3.8430524
0.060269337 	 2.6195586
0.12420388 	 2.9737992
0.47239536 	 1.9316784
0.45951566 	 2.0109992
0.49541152 	 1.3498609
0.27916062 	 2.4739509
0.11315241 	 1.999114
0.09838575 	 3.1774359
0.08745433 	 2.487712
0.51340175 	 2.1391554
0.28717992 	 2.3270473
0.2123371 	 2.345221
0.6414015 	 1.8856626
0.42226115 	 1.8375907
0.5405294 	 1.9621657
0.5013751 	 2.3200798
0.2975494 	 2.0357862
0.35121343 	 2.063747
0.24896067 	 2.3666203
0.1887334 	 1.9811437
0.09048716 	 2.225785
0.07624336 	 2.5448532
0.095945545 	 1.80753
0.1252482 	 1.8208779
0.18258218 	 2.2831824
0.17247835 	 1.8458083
0.13089599 	 2.5953212
0.11196051 	 1.8383101
0.107844174 	 2.7003706
0.10153846 	 1.9125087
0.2662842 	 2.8539512
0.15668237 	 2.4875097
0.07820301 	 2.5417366
0.1130557 	 2.7891407
0.063177794 	 2.3877318
0.00511408 	 4.584076
0.020462124 	 3.4822638
3.838613e-05 	 4.179418
-9.5367386e-07 	 2.8869603
0.05220762 	 2.8777316
0.3155693 	 2.2958882
0.16717236 	 2.037648
0.1765598 	 2.1300373
0.15378788 	 2.2902157
0.23101993 	 2.3801334
0.22193936 	 2.2336507
0.4348686 	 2.0624137
0.13244928 	 2.1808748
0.30072868 	 2.0339575
0.32750368 	 1.7686965
0.06007918 	 3.1451888
0.08731447 	 2.1539514
0.09119224 	 2.2319076
0.101416014 	 1.8222979
0.15513812 	 1.794267
0.1450997 	 2.1118999
0.15322283 	 2.740709
0.09580791 	 2.8671744
0.1255296 	 1.6797208
0.07327991 	 2.1582167
0.061546683 	 2.643042
0.10499311 	 2.9306643
0.08628245 	 3.2422404
0.04167162 	 4.1794376
0.00511408 	 2.2959776
0.01579129 	 2.9824727
0.05717668 	 2.5983195
0.05296168 	 3.275156
0.02417293 	 2.0957603
0.05178363 	 1.8919611
0.017271096 	 2.1321843
0.03806371 	 2.2770705
0.018397082 	 1.8435286
0.025840178 	 2.4109209
0.025201699 	 1.9785417
0.031089528 	 1.9618329
0.021631543 	 2.9968774
0.0051141395 	 1.2631742
0.0045885653 	 1.8944218
0.015650209 	 1.6726632
0.01540697 	 1.4060782
0.009577214 	 1.6914253
0.02122403 	 1.4114587
0.041671433 	 2.2100124
0.027582755 	 1.7812254
0.041821327 	 1.5825431
0.04603734 	 1.6046125
0.06650145 	 2.0646245
0.06855359 	 1.9820006
0.074068524 	 1.1036526
0.07406641 	 1.3374405
0.07113671 	 1.3581226
0.06844368 	 2.5428548
0.05261797 	 1.4116057
0.041671745 	 1.3681083
0.031083256 	 2.7836149
0.062144108 	 1.9849672
0.018839402 	 1.7053128
0.015609645 	 2.0003166
0.020618243 	 1.3863313
0.042134926 	 2.341796
0.03941652 	 1.7078966
0.036485016 	 2.709319
0.019896317 	 1.8412616
0.01954318 	 1.62007
0.036114722 	 2.023444
0.01102603 	 1.8770561
0.016550735 	 1.2536868
0.014776869 	 2.495185
0.024336347 	 1.3786821
0.0114382105 	 2.1707382
0.036623623 	 1.6534606
0.020198004 	 3.5134695
0.020840844 	 2.113655
0.041568905 	 1.2897346
0.022845507 	 1.4951684
0.03132265 	 3.6868565
0.020614166 	 2.7108815
0.025501017 	 1.4545541
0.033954423 	 1.3606217
0.0206281 	 1.8948056
0.010342191 	 1.8681262
0.022030937 	 1.762358
0.010427352 	 1.2084758
0.017924737 	 1.7269459
0.010374652 	 2.5934794
0.011087503 	 1.3462806
0.015011423 	 1.7630583
0.015423555 	 1.6402379
0.051231697 	 2.7246437
0.025840178 	 2.871785
0.04824313 	 1.0993816
0.052343905 	 2.141243
0.041653473 	 1.4932203
0.036630612 	 1.0700794
0.0523326 	 1.7617341
0.03638883 	 3.0641212
0.025840178 	 1.3615928
0.04705675 	 1.2459097
0.036366574 	 3.891719
0.03850447 	 1.8750473
0.036491133 	 1.4291291
0.03340793 	 1.2626815
0.041669384 	 1.5784452
0.047004957 	 1.8138231
0.04700352 	 1.5244663
0.05154895 	 2.0929701
0.047036882 	 1.1528125
0.054360367 	 1.3789227
0.068106405 	 1.2092891
0.07404041 	 2.3985147
0.04225113 	 2.146222
0.047312934 	 2.9928932
0.06840442 	 1.1176975
0.036277447 	 2.6454234
0.05483261 	 1.5978557
0.041723944 	 1.5771807
0.040964145 	 2.6513295
0.06588646 	 2.5427728
0.062441304 	 2.3767192
0.059028205 	 2.7528615
0.031328555 	 1.9413903
0.043162994 	 1.2957286
0.03628344 	 2.4510334
0.021033483 	 2.4880836
0.05188815 	 1.6941097
0.063085414 	 1.3369286
0.05540884 	 2.0208495
0.05986862 	 0.8499111
0.075463 	 1.7345893
0.047594693 	 1.8433596
0.04700802 	 1.8186734
0.06862349 	 1.1992369
0.042704064 	 1.428243
0.14182086 	 2.2424853
0.14216614 	 2.8083978
0.1921325 	 1.8617504
0.106959686 	 3.1915033
0.10761859 	 2.7074945
0.085762195 	 2.74828
0.05775786 	 2.9794517
0.047004957 	 1.2527242
0.015423434 	 1.6145395
0.052404642 	 3.0423236
0.05786989 	 5.2779074
0.044006493 	 1.9820608
0.05726719 	 2.9755082
0.03917989 	 1.6691531
0.04455277 	 2.2537937
0.0296759 	 3.6652
0.02766903 	 4.6192727
0.03430794 	 3.1415465
0.02514088 	 1.2282058
0.024833117 	 5.277884
0.022049338 	 2.3877318
0.03969761 	 2.7420042
0.050398633 	 1.4932342
0.041462414 	 1.3391159
0.02766615 	 2.019957
0.6045602 	 1.9860481
0.29241434 	 2.216765
0.12446604 	 4.5842977
0.13090265 	 2.0418189
0.13693464 	 2.6919217
0.106063195 	 2.88423
0.08515653 	 3.6686006
0.06317639 	 2.9926198
0.06862675 	 2.931291
0.067795336 	 3.4804215
0.05756603 	 1.7805207
0.055016045 	 3.351161
0.3670537 	 1.7585391
0.26653308 	 2.0593786
0.05109381 	 3.668638
0.15584774 	 2.9559014
0.15503566 	 3.8878891
0.0779605 	 1.7853624
0.06452631 	 5.2776275
0.06862739 	 2.639043
0.07961114 	 2.5707188
0.07410126 	 1.5739357
0.078638546 	 2.7036
0.06697437 	 2.23316
0.067475505 	 1.8957849
0.0312459 	 4.053287
0.031048577 	 3.8884509
0.020842608 	 2.4925652
0.031089528 	 2.5600352
0.038149096 	 3.0868368
0.036579233 	 2.603559
0.068598025 	 3.200646
0.0954546 	 3.5809388
0.09623603 	 3.3321052
0.18268242 	 2.5055134
0.22850397 	 2.0200107
0.24748863 	 1.8123728
0.22002676 	 1.7865218
0.26071486 	 1.8420315
0.2289496 	 1.3161751
0.2289945 	 2.0272715
0.25611165 	 1.6509999
0.23479939 	 1.4499508
0.30746666 	 1.7791216
0.14974967 	 2.0335364
0.13253911 	 1.6457136
0.11337656 	 0.7839906
0.04167162 	 3.668638
0.043372434 	 2.6275735
0.025840178 	 2.794054
0.015423434 	 2.6390388
0.04134127 	 4.179406
0.02573596 	 3.8945267
0.041479375 	 2.793087
0.063177854 	 2.9642332
0.04670176 	 2.691832
0.02998221 	 2.387761
0.034514915 	 3.492614
0.11333097 	 3.9357188
0.1559213 	 2.3009598
0.3317188 	 1.9044574
0.3780528 	 1.9350555
0.33312818 	 1.4050853
0.262405 	 2.1736686
0.23427963 	 2.1300323
0.27834082 	 1.3388475
0.29532525 	 1.8438371
0.34045812 	 1.2241929
0.2822689 	 1.6552655
0.27199596 	 1.6213416
0.20925187 	 2.521845
0.18933862 	 2.8801904
0.18867359 	 1.8439754
0.1545501 	 2.9804654
0.11873513 	 3.332177
0.05775773 	 2.3876793
0.05839959 	 1.6386055
0.0716555 	 2.882702
0.09085791 	 1.5646046
0.10762968 	 2.124806
0.1380713 	 2.7143881
0.16103704 	 1.6436439
0.13125417 	 1.4932944
0.13906209 	 2.896223
0.092953436 	 3.6676736
0.10253629 	 1.6405035
Summary
-9.5367386e-07  -  0.6820685 ,  0.7839906  -  5.2779193
accuracy:  100.0
equal predictions:  0
TensorFlow version: 1.13.1
Found 939 images belonging to 1 classes.
argN = 196
argN = 196
0.34715304 	 0.5981784
0.36894038 	 0.5111655
0.28625298 	 0.62584126
0.18334177 	 1.035949
0.13069402 	 1.6055713
0.12155165 	 1.1358823
0.12615292 	 1.2344342
0.12936836 	 1.5275646
0.06517406 	 2.2418873
0.0101189045 	 1.9445802
0.18174767 	 1.7984282
0.29862818 	 0.9268538
0.29612145 	 1.0004765
0.22283104 	 0.7481783
0.24542701 	 0.8546588
0.23064326 	 0.91421854
0.3376885 	 1.020645
0.3411898 	 0.7446912
0.26837528 	 0.9345003
0.4927078 	 0.8442208
0.4549251 	 0.65463203
0.41930556 	 1.2976966
0.42041534 	 1.1890898
0.3421692 	 0.85716856
0.3296739 	 1.2773435
0.30691063 	 0.8026876
0.28885365 	 1.1450291
0.120843954 	 1.7976116
0.023908012 	 2.0365794
0.040672395 	 0.79162633
0.30527878 	 0.86713916
0.3644499 	 1.0340354
0.7324877 	 0.9618045
0.32637683 	 1.464148
0.29865494 	 0.8923741
0.7238541 	 0.47244602
0.97485757 	 1.1267016
0.31807685 	 0.9556288
0.5053495 	 0.7034965
0.38634157 	 0.5929484
0.46080828 	 0.55663365
0.44757906 	 1.0156158
0.36087012 	 0.76852405
0.51590574 	 0.53929514
0.07220037 	 1.6553934
0.03343554 	 1.3717
0.031124944 	 1.6039398
0.2507923 	 0.85823166
0.40946904 	 0.75607336
0.4805804 	 0.94712895
0.29313773 	 0.84415984
0.36113524 	 0.862428
0.2644386 	 0.84454715
0.39438453 	 0.85847104
0.41550258 	 0.90924835
0.42353323 	 0.8591735
0.41359672 	 0.4069405
0.38256502 	 0.94244814
0.36307564 	 0.83784
0.36788723 	 0.9657654
0.08722836 	 1.931303
0.010857361 	 1.9874511
0.109461464 	 1.1092968
0.20127642 	 0.9275296
0.3403849 	 0.884897
0.7523139 	 1.1460462
0.70798516 	 1.0624171
0.7866315 	 1.1705801
0.58462864 	 0.55295783
0.6507347 	 1.5450329
0.39475888 	 0.8770892
0.35284886 	 0.5810857
0.41523784 	 0.61028963
0.43700075 	 0.7448065
0.41112658 	 0.6205758
0.2513105 	 0.6513356
0.20912446 	 1.0630852
0.16335575 	 0.99515206
0.073330134 	 1.5892869
-9.5367386e-07 	 2.0200093
0.26159543 	 0.70846623
0.21499659 	 0.7093638
0.16682918 	 1.1654874
0.35747245 	 0.64734685
0.41457626 	 0.5776464
0.4975377 	 0.97685206
0.20356105 	 1.2663751
0.1254073 	 1.1730683
0.14864178 	 1.333836
0.31528154 	 0.87356365
0.23745082 	 0.9528894
0.29925784 	 0.86742944
0.20261967 	 0.99678206
0.19613342 	 1.3216271
0.19276313 	 1.4540284
0.179508 	 0.75487757
0.17959131 	 1.0312464
0.15772326 	 1.1527382
0.117546685 	 1.2470908
0.19205855 	 1.9154212
0.16637707 	 1.2796527
0.097725004 	 1.3448154
0.1190078 	 2.361351
0.1168932 	 0.91093093
0.14581196 	 1.3129599
0.14929165 	 1.1507748
0.19825296 	 1.1244576
0.122037664 	 1.7744514
0.11143585 	 1.8196048
0.15815528 	 1.4653516
0.18394366 	 1.5246388
0.15317288 	 0.9110726
0.18400198 	 1.3636266
0.17787465 	 1.4735645
0.15288323 	 1.2849365
0.13962537 	 1.4978259
0.17549081 	 0.9688026
0.19744922 	 1.3175559
0.28369874 	 1.2511407
0.2078715 	 0.62914026
0.31374976 	 1.1812748
0.30929607 	 1.0798777
0.25829932 	 0.68137604
0.34163433 	 1.0051981
0.33549953 	 1.1623422
0.32511702 	 0.72364175
0.39945215 	 0.79801047
0.37692034 	 0.73992795
0.32606182 	 0.80990416
0.30880684 	 0.6805672
0.33918163 	 0.75795215
0.23740087 	 0.7308495
0.32725707 	 0.8981384
0.31344765 	 0.8763341
0.3094369 	 0.87302077
0.31210026 	 0.76072925
0.22720803 	 0.82606184
0.2732815 	 0.7308876
0.23933415 	 0.81406224
0.17275637 	 1.1192136
0.1496846 	 1.158513
0.23183414 	 0.88337326
0.18146035 	 1.0443171
0.17819892 	 1.1199977
0.1930937 	 1.083449
0.20757693 	 1.2704163
0.1841943 	 0.8045024
0.20813973 	 0.97220355
0.18724197 	 1.1421922
0.15733609 	 1.4350919
0.1719192 	 1.0841709
0.19083746 	 0.9592816
0.16145584 	 1.0350897
0.18870151 	 1.7306081
0.23007134 	 1.5764767
0.1957571 	 1.0735247
0.18754296 	 1.5184546
0.21985416 	 1.0348576
0.19845815 	 1.3211007
0.19438256 	 1.5946474
0.13640901 	 1.692348
0.1587144 	 1.4279572
0.16131106 	 1.5555946
0.22487886 	 1.5561768
0.18190838 	 1.4627503
0.17241234 	 1.230497
0.17214184 	 1.8468586
0.17814592 	 1.2300564
0.16526061 	 1.5147301
0.17370833 	 1.3869581
0.18713911 	 1.5032271
0.10761601 	 1.668134
0.15650538 	 1.148522
0.19192018 	 0.8697486
0.15796588 	 0.8585436
0.17218941 	 1.2307498
0.18812753 	 1.2699652
0.18948601 	 1.0074679
0.21456836 	 1.42649
0.19396256 	 1.4205687
0.15773317 	 1.5425184
0.17624445 	 1.19945
0.17481816 	 1.2294142
0.1836025 	 1.4722999
0.17671762 	 1.3199455
0.15329911 	 1.2744973
0.12337758 	 1.395494
0.122210614 	 1.1141003
0.107180335 	 1.4650824
0.12644914 	 1.3942034
0.1215392 	 1.2813603
0.12114674 	 1.2445378
0.13526551 	 1.4724065
0.102058806 	 1.6783545
0.092809215 	 1.6232789
0.12475838 	 1.5434185
0.10475984 	 0.93800473
0.094356105 	 1.5606278
0.097438164 	 1.8292639
0.1039503 	 1.6984006
0.09568387 	 1.3949242
0.04212815 	 1.7481369
0.052798484 	 1.813632
0.04931601 	 2.0998657
0.13922767 	 1.7993289
0.099118665 	 2.0782783
0.08294048 	 1.168274
0.078927785 	 3.188625
0.109888144 	 1.3593205
0.15379088 	 1.1658132
0.117447406 	 2.1770198
0.11357853 	 1.6335623
0.13793506 	 1.6675798
0.10699518 	 1.4504633
0.07400517 	 2.1706815
0.036041126 	 1.7408309
0.07554309 	 2.505068
0.05423715 	 1.4903266
0.043343864 	 1.3822469
0.04701258 	 1.2172835
0.030654171 	 1.5267626
0.052638453 	 1.2479975
0.05324667 	 1.6351484
0.078287445 	 0.7168128
0.08541007 	 2.0333092
0.071598835 	 2.3001661
0.0863599 	 0.57987714
0.07029094 	 1.7828209
0.05572534 	 1.443013
0.10359264 	 1.7865044
0.08458432 	 0.61165965
0.07152514 	 1.118027
0.4151062 	 1.7459506
0.27355024 	 1.4476649
0.17888469 	 0.7669075
0.15967734 	 1.87019
0.11686647 	 1.6688842
0.15286322 	 0.97303325
0.057845388 	 0.61869985
0.04517729 	 1.8073782
0.103347 	 1.837493
0.0958556 	 1.9094346
0.14832655 	 1.294604
0.17102931 	 0.90093577
0.16037509 	 0.74485534
0.073210776 	 1.0278877
0.0851566 	 1.5359831
0.07586146 	 1.2613513
0.085198075 	 0.9456386
0.102019794 	 0.570056
0.11439992 	 0.8585712
0.083762094 	 1.0794109
0.15264976 	 1.8400831
0.11812681 	 1.0605872
0.10240766 	 0.7481885
0.11008642 	 1.7461036
0.13156508 	 1.3434119
0.17483123 	 1.4870288
0.20675592 	 1.2037007
0.14282694 	 0.9842105
0.12298682 	 1.2844946
0.09345932 	 0.9297145
0.11568767 	 1.061629
0.15223941 	 1.822219
0.16822444 	 1.3651379
0.22937363 	 1.1655489
0.3235113 	 1.4336247
0.25116467 	 0.9014137
0.11769593 	 0.75754124
0.10300133 	 0.6726465
0.09617815 	 3.1986024
0.07912537 	 1.7818317
0.086769305 	 2.7121572
0.069664925 	 2.1766028
0.041671246 	 1.6703525
0.074260846 	 2.0943267
0.04646365 	 1.0737455
0.11955539 	 1.9796088
0.1058049 	 1.9810823
0.079595834 	 2.1173458
0.07355471 	 1.5892311
0.083955385 	 0.63881683
0.09482758 	 1.7473536
0.1586428 	 0.8023337
0.18192054 	 1.3905904
0.19188428 	 1.1856503
0.16350834 	 1.5939766
0.2952808 	 1.0684829
0.36150026 	 0.94941986
0.36616978 	 0.6429839
0.43282047 	 0.98092306
0.37404376 	 0.7761802
0.3452573 	 1.1762384
0.24590999 	 1.0522019
0.28646094 	 1.1105279
0.06702262 	 1.7132963
0.06647604 	 1.5991356
0.06869225 	 1.4127337
0.09925794 	 1.8405839
0.060379624 	 1.3146049
0.10944949 	 1.6771308
0.10090919 	 0.48798236
0.0761683 	 1.2928715
0.13020214 	 1.7517564
0.10771956 	 1.6674184
0.04166733 	 1.7622875
0.03642085 	 0.75462353
0.057854544 	 1.6332101
0.041714747 	 2.0200245
0.05775754 	 1.0923263
0.04443879 	 1.886013
0.036366574 	 1.3071679
0.03636917 	 1.9250189
Summary
-9.5367386e-07  -  0.97485757 ,  0.4069405  -  3.1986024
accuracy:  99.0
equal predictions:  0
TensorFlow version: 1.13.1
Found 939 images belonging to 1 classes.
argN = 196
argN = 196
0.16210099 	 2.9557352
0.8073625 	 2.4635434
0.47414342 	 2.3336463
0.40165788 	 2.839473
0.101818554 	 2.8525763
0.08035625 	 2.560184
0.06332434 	 2.7932322
0.11038051 	 2.3358972
0.14607266 	 2.089922
0.1324284 	 1.6944902
0.21041717 	 2.1956306
0.19899487 	 2.566925
0.3056505 	 2.9766338
0.2759263 	 2.2904496
0.27630934 	 3.7942917
0.3561235 	 2.3626084
0.34573373 	 2.5305395
0.2830289 	 3.7403512
0.396127 	 3.666267
0.13642077 	 2.3358245
0.020618364 	 2.9118884
0.047004957 	 2.3641312
0.0046441345 	 3.720243
0.005197718 	 3.8905196
0.0059183985 	 2.5706456
0.00511408 	 2.5468714
0.058742955 	 3.0943208
0.25266725 	 2.7131138
0.25851363 	 1.613106
0.3375515 	 2.4733822
0.33944884 	 2.102861
0.38490814 	 2.248555
0.2802409 	 1.9455687
0.068939164 	 2.8575962
0.22475371 	 2.3445091
0.4384769 	 2.490855
0.62793916 	 2.2297943
0.4817363 	 2.9228158
0.35569307 	 2.4397893
0.5522169 	 2.4897215
0.31567377 	 2.8053305
0.020384984 	 3.8871593
0.080343455 	 2.3682153
0.32339877 	 1.9085174
0.34114787 	 2.1410284
0.14403503 	 2.5186205
0.040541355 	 3.4740486
0.03667723 	 3.0452101
0.061337523 	 2.1846697
0.1083989 	 2.1516793
0.05630782 	 2.365092
0.16747168 	 2.7632494
0.14156806 	 1.5208751
0.21980752 	 2.356629
0.05054238 	 4.176269
0.102192216 	 2.7048166
0.11889985 	 3.1493738
0.14821061 	 2.0786586
0.08083835 	 2.4217124
0.1733941 	 3.8318746
0.046951983 	 2.5629563
0.101978935 	 1.9938034
0.015206574 	 3.4796572
0.010006316 	 2.3825169
-9.5367386e-07 	 4.037949
-9.5367386e-07 	 3.0810182
-9.5367386e-07 	 2.6405127
0.0051134205 	 3.891649
0.025840178 	 2.0587745
0.05218332 	 2.3876586
0.1861383 	 2.0806513
0.051495545 	 1.8604115
0.06397391 	 2.5160375
0.1992376 	 2.186126
0.166358 	 2.6911302
0.20940949 	 3.1111863
0.40211758 	 2.1579893
0.034301095 	 2.0306585
0.22873898 	 3.130393
0.29506174 	 2.164143
0.3323803 	 2.4093742
0.27903974 	 2.6232536
0.28035322 	 2.4437578
0.07591824 	 2.7273352
0.038330358 	 2.5682304
0.083962776 	 2.5665774
0.08286006 	 2.9383981
0.08062621 	 2.7972767
0.03596469 	 2.5428524
0.015423373 	 2.105722
0.025218263 	 2.6388752
0.03634933 	 3.089775
0.035562906 	 4.1794996
0.025930524 	 1.5615177
0.02156205 	 1.1332557
0.03316865 	 3.1908424
0.010254568 	 2.4570315
-9.5367386e-07 	 2.0154147
0.025331538 	 2.1913338
0.004172255 	 1.9810568
0.00022235005 	 2.132222
0.0051141395 	 1.5044488
0.00511408 	 2.8225513
0.010255472 	 3.1837275
0.020200254 	 2.5672846
0.020617086 	 2.361104
0.037928365 	 1.7551408
0.025521621 	 3.4859316
0.058716282 	 2.6391406
0.046784952 	 1.6122484
0.07353893 	 2.634219
0.04149565 	 2.3335829
0.022290602 	 2.7093217
0.027510151 	 1.1721413
0.03620563 	 2.7055101
0.036364414 	 1.8003554
0.020598711 	 1.3740821
0.023506526 	 1.7375928
0.025726235 	 1.97554
0.020598711 	 1.5680535
0.015423555 	 2.569376
0.020534035 	 2.3562193
0.025618603 	 2.4439266
-8.344647e-07 	 2.8684773
0.0051223473 	 1.869208
-9.5367386e-07 	 2.018687
0.0053657345 	 2.312542
0.024842588 	 1.2553775
0.0050630975 	 2.502322
0.015870132 	 2.6752837
0.025836386 	 1.3897635
0.024207247 	 1.3551863
0.025831249 	 1.4921161
0.031089405 	 1.2322764
0.027994646 	 1.6308138
0.036366574 	 1.5404793
0.031123407 	 1.4012377
0.022042027 	 2.0831416
0.033914097 	 1.5370933
0.031089466 	 1.9859608
0.020618182 	 2.3253813
0.015423434 	 1.5639566
0.020618243 	 2.1644104
0.015420711 	 4.3777413
0.010255472 	 1.4742883
0.0039435797 	 2.5032876
-9.5367386e-07 	 1.6941372
-9.5367386e-07 	 1.8451947
0.009512825 	 2.282369
0.0032792753 	 3.7230046
-9.5367386e-07 	 1.699958
0.010255411 	 1.778012
-9.5367386e-07 	 4.154275
-8.344647e-07 	 2.5348587
0.009424011 	 2.2037644
0.008136322 	 1.3044432
0.0051714755 	 0.8246349
0.00511408 	 3.1014676
0.025749965 	 1.9536481
0.020618243 	 3.6681826
0.041596558 	 2.752326
0.0508095 	 2.4142601
0.041183375 	 1.2064191
0.036366638 	 2.7729628
0.03636886 	 1.841719
0.03397101 	 3.3283527
0.033065327 	 1.6367918
0.04160681 	 1.428628
0.02280898 	 3.8376207
0.031089528 	 1.9121368
0.02145115 	 2.4677684
0.041669507 	 1.8596274
0.045765817 	 2.186101
0.032426838 	 2.0339606
0.029230664 	 2.1618028
0.0051142597 	 2.523121
0.0102571575 	 1.7767543
0.027231976 	 1.5936188
0.045138124 	 1.5655386
0.017520612 	 1.4119469
0.030796278 	 3.8626816
0.015447829 	 2.129817
0.024827678 	 1.8759191
0.012242868 	 2.4293897
0.02331579 	 0.6850998
0.013102704 	 0.89014447
0.020441135 	 1.646737
0.032236915 	 1.9343153
0.034293137 	 1.8419484
0.03514011 	 2.3890133
0.010255351 	 1.5375903
0.01983126 	 1.3153348
0.03638821 	 1.390126
0.020925015 	 1.3570322
0.021057528 	 1.9622242
0.01482121 	 1.511849
0.19799806 	 2.1934013
0.17830911 	 2.093159
0.16045031 	 1.9934818
0.18220457 	 2.1384165
0.15990372 	 2.0533943
0.124822594 	 2.3341653
0.122821555 	 2.597012
0.033107344 	 2.9199793
0.018601397 	 13.425608
0.022046657 	 3.4510927
0.062811196 	 4.106939
0.036366574 	 2.8798082
0.025840178 	 4.58487
0.033154417 	 2.7081926
0.047004834 	 2.7960107
0.015188056 	 1.296989
0.04076465 	 2.0600076
0.03565877 	 2.1551373
0.017808598 	 2.729242
0.031089405 	 2.8777285
0.025780484 	 1.8417171
0.036361076 	 3.332192
0.020733554 	 4.584823
0.036365647 	 4.8131113
0.015423434 	 2.7131553
0.05231828 	 2.4816017
0.026915547 	 3.6670926
0.04656512 	 3.3452206
0.09072783 	 2.9755104
0.31554022 	 2.1736975
0.113521375 	 2.1838155
0.09085295 	 4.090677
0.10192501 	 2.5700512
0.05383733 	 1.4916157
0.06189849 	 1.9414206
0.07981208 	 3.4282787
0.07408361 	 3.332177
0.015423434 	 4.541203
0.10565755 	 2.696697
0.09533395 	 0.97420776
0.14162369 	 2.2830749
0.1029237 	 2.9746895
0.04492383 	 2.6297636
0.043932125 	 3.4551497
0.1482104 	 1.8455042
0.10908714 	 2.8802211
0.14395903 	 3.3470974
0.08515212 	 3.480259
0.07914801 	 2.3831925
0.09067235 	 1.8715873
0.113267414 	 3.2052891
0.048314754 	 3.6698537
0.048909016 	 1.2922242
0.07956434 	 2.3770993
0.068598785 	 3.5646796
0.042432886 	 5.2779193
0.04788872 	 1.0252835
0.0633559 	 3.3463576
0.024963947 	 4.1794376
0.034798272 	 2.4832718
0.031091126 	 2.5055091
0.038188975 	 1.5291039
0.047005396 	 2.3327599
0.0685647 	 1.8381561
0.05677108 	 2.6985126
0.17847127 	 1.577944
0.17791958 	 1.9080348
0.2158392 	 1.2237475
0.18286504 	 2.287678
0.20218801 	 1.9291877
0.09246507 	 1.2440277
0.052326005 	 2.6256492
0.09508266 	 2.9756904
0.031098258 	 2.9565086
0.039615687 	 2.5079083
0.03642839 	 2.880202
0.031092355 	 4.584864
0.04175073 	 2.386301
0.06387784 	 3.6366374
0.04167162 	 3.8698387
0.025839444 	 4.178889
0.11971199 	 2.880289
0.13514003 	 1.0303144
0.13734087 	 2.5946114
0.15453975 	 3.1761444
0.17926696 	 3.8909311
0.17470351 	 3.891734
0.16547158 	 2.8583398
0.25277752 	 1.8467174
0.26080707 	 2.5693357
0.28645712 	 2.0273168
0.24869059 	 1.9561253
0.24045365 	 1.5323057
0.3166342 	 1.8329928
0.21927316 	 1.8860264
0.22707547 	 1.9128559
0.24789356 	 1.3553847
0.19194299 	 2.3453288
0.21551411 	 1.7393054
0.17261504 	 1.6669482
0.1784323 	 1.8612956
0.11340854 	 2.8541384
0.107042015 	 2.2887685
0.063177794 	 2.4459312
0.07402282 	 3.3321786
0.045500483 	 1.7970531
0.07452121 	 5.2779193
0.052573115 	 3.600365
0.031089773 	 2.462061
0.04702345 	 2.1002166
0.055069827 	 1.8343648
0.10455051 	 2.331882
0.1074826 	 3.8911617
0.1043395 	 2.5255942
0.11812527 	 2.57178
0.091275685 	 3.079416
0.060672052 	 3.6847079
Summary
-9.5367386e-07  -  0.8073625 ,  0.6850998  -  13.425608
accuracy:  100.0
equal predictions:  0
TensorFlow version: 1.13.1
Found 939 images belonging to 1 classes.
argN = 196
argN = 196
0.090254895 	 1.0046394
0.117047906 	 1.1732869
0.15794438 	 0.58399165
0.10700161 	 1.1682646
0.12592839 	 0.6474341
0.15992162 	 1.1370206
0.22770025 	 0.94258535
0.16463725 	 0.58299065
0.14949505 	 0.64268625
0.20392364 	 0.498915
0.09621562 	 0.59192973
0.09491074 	 0.54455787
0.24106073 	 0.8184734
0.18432373 	 0.7073979
0.1983031 	 0.54676694
0.10312793 	 0.61013955
0.1718179 	 1.4693089
0.15343538 	 1.0461994
0.1601102 	 0.8833206
0.1260062 	 0.7905687
0.0913758 	 0.4314769
0.13298686 	 0.7153222
0.35578588 	 0.5441048
0.44408798 	 0.7212118
0.19756149 	 0.43998346
0.04216004 	 0.7455669
0.06073862 	 1.4681965
0.1329731 	 0.76576304
0.20825747 	 0.73092043
0.034923993 	 1.139959
0.04261182 	 1.279617
0.022937411 	 1.8124948
0.049895585 	 0.54158604
0.13101149 	 0.17980818
0.17247792 	 0.67881614
0.1367428 	 0.7144282
0.17172886 	 1.4994664
0.20610754 	 0.9334444
0.17479615 	 0.9004071
0.16586481 	 0.673994
0.1193954 	 0.3287962
0.07115764 	 0.32663378
0.109279536 	 0.72030544
0.11224441 	 0.44131535
0.19856754 	 0.98352814
0.1386477 	 1.0039034
0.13969775 	 0.6874854
0.16055654 	 0.647841
0.16824779 	 0.79130346
0.04716234 	 0.59104824
0.12519623 	 0.85044044
0.29096484 	 0.76898086
0.2355254 	 0.7225943
0.15663433 	 0.41037634
0.041721705 	 0.39218375
0.04190387 	 0.50807554
0.031027427 	 0.11844736
0.076453544 	 0.2981846
0.029986938 	 0.53439194
0.054816432 	 0.7352282
0.09609475 	 0.5564477
0.13715154 	 1.3542237
0.12654647 	 1.0088009
0.10338706 	 0.68442345
0.10955457 	 0.72805303
0.037108596 	 1.2503169
0.04186328 	 0.86159515
0.13051355 	 1.0161535
0.12277121 	 0.58422935
0.14650863 	 1.3049068
0.24175943 	 0.35438308
0.15687291 	 1.041977
0.16024396 	 0.82828474
0.10544823 	 0.7273382
0.21577516 	 0.45935807
0.024941886 	 0.68996423
0.18260308 	 0.7698534
0.084373854 	 1.39873
0.0076327003 	 0.9319004
0.040250782 	 0.66020733
0.031192953 	 0.35820985
0.059759904 	 1.3596683
0.06689082 	 1.4791983
0.08893777 	 1.7778956
0.21105576 	 1.0007609
0.24177894 	 0.9413769
0.1872618 	 0.721034
0.14477931 	 0.44336528
0.24035563 	 0.8512181
0.19372003 	 0.5154321
0.058523957 	 0.65549374
0.060156718 	 0.58150023
0.041308347 	 0.43377066
0.051741384 	 0.5130592
0.041934635 	 0.54201823
0.04740768 	 0.6200686
0.071696356 	 0.6050336
0.080511734 	 0.5627041
0.056715816 	 0.69154215
0.047872525 	 0.8358503
0.04162309 	 0.8552673
0.01950507 	 0.83537745
0.04060057 	 0.8824529
0.020619215 	 0.27713886
0.050523322 	 0.46518138
0.023013953 	 1.1311959
0.031634018 	 0.4985946
0.010255472 	 0.54508716
0.05625523 	 0.833324
0.056998722 	 1.2790779
0.025747886 	 0.39492095
0.039482743 	 0.5887977
0.04525218 	 1.2373674
0.07181303 	 0.9649173
0.07784806 	 0.9942131
0.05440637 	 0.5949822
0.08614497 	 0.8818576
0.10631454 	 0.8592078
0.10684985 	 0.9600275
0.111852385 	 0.4708668
0.14210369 	 1.0052779
0.12848124 	 0.5177198
0.14756973 	 0.70782435
0.20968305 	 0.947052
0.15937553 	 0.75448245
0.19900012 	 0.76566344
0.19479717 	 0.8141747
0.30417177 	 0.70420164
0.23986639 	 0.4728321
0.20774788 	 0.94666064
0.2327526 	 0.8355448
0.22589345 	 0.5626666
0.2005511 	 0.6099717
0.16175884 	 0.60265094
0.20928037 	 0.51583785
0.18236028 	 0.4910681
0.19657306 	 0.5805694
0.1906916 	 0.62545013
0.19058233 	 0.6930646
0.18119326 	 0.7493711
0.15096572 	 0.5704432
0.16820689 	 0.8119217
0.18340757 	 0.44203103
0.17717983 	 1.0333966
0.2077781 	 0.8147622
0.25412548 	 0.649976
0.23128115 	 0.6182375
0.23382294 	 0.55626786
0.19197029 	 0.58489114
0.20010641 	 0.9486896
0.1985522 	 0.8827024
0.1800827 	 0.51161414
0.15239552 	 0.55403334
0.23598558 	 0.688419
0.11143472 	 0.7694578
0.15875533 	 0.49301377
0.14359683 	 0.5879848
0.13448463 	 0.48896867
0.11845736 	 0.68026674
0.1288745 	 0.37633
0.15445286 	 0.4659605
0.13160308 	 0.75660557
0.112739004 	 0.89544356
0.095186174 	 0.5157404
0.07797641 	 0.66634035
0.06316852 	 0.55233026
0.07943165 	 0.9095369
0.083147086 	 0.5914442
0.0634758 	 1.2284908
0.07579465 	 0.9665124
0.05458236 	 0.6685811
0.0799485 	 0.37641397
0.06855921 	 1.062815
0.052847937 	 0.60925543
0.07092164 	 0.47293943
0.052786797 	 0.4923657
0.041344315 	 0.82279986
0.064258814 	 0.90859395
0.06650572 	 0.6260739
0.057545952 	 0.61503035
0.061599806 	 0.5342178
0.07839 	 1.1132795
0.040339522 	 0.33440378
0.05760865 	 0.35568857
0.101768404 	 0.5287366
0.054643296 	 0.49109674
0.09872253 	 1.2525997
0.053995475 	 0.8617444
0.052483033 	 0.5552293
0.041623898 	 0.3877076
0.041253127 	 0.48999283
0.036365647 	 0.4124472
0.05800006 	 0.28763074
0.03102878 	 1.2561827
0.1267518 	 1.9345216
0.1982087 	 2.637029
0.17471884 	 1.2001766
0.15312272 	 1.0783211
0.1306765 	 3.48629
0.057690922 	 1.6145778
0.08054713 	 3.3288348
0.08401898 	 2.1870148
0.11073854 	 2.1155243
0.11340253 	 3.4863172
0.12033976 	 1.9845608
0.08945309 	 2.2831
0.08512817 	 3.332207
0.10915056 	 3.4270358
0.0740743 	 2.5660374
0.064913005 	 1.4852395
0.083454676 	 2.1011617
0.087048806 	 1.8120986
0.07341614 	 2.18432
0.017717892 	 1.9934244
0.06296937 	 2.3476462
0.06124006 	 3.6690798
0.06422697 	 1.8123811
0.07602288 	 1.910701
0.06229628 	 2.4402795
0.07212215 	 0.48893824
0.099951245 	 1.2347227
0.06770215 	 1.9411656
0.07420705 	 1.8973587
0.11256615 	 3.8774822
0.16692095 	 1.3436735
0.25992423 	 1.7512683
0.5033619 	 1.642338
0.20944586 	 2.1572607
0.20065664 	 2.500377
0.1723054 	 2.494877
0.124731705 	 1.8408686
0.09346979 	 2.4069154
0.24679317 	 2.4629602
0.075986736 	 3.209173
0.14540993 	 3.086974
0.16080888 	 2.344243
0.18790987 	 1.2684728
0.091351435 	 1.5661972
0.11354802 	 2.1256614
0.056910824 	 2.0367205
0.057834335 	 1.8985279
0.041722078 	 1.5821503
0.05644977 	 3.7320597
0.05033319 	 2.2340486
0.05236482 	 1.7421021
0.025899693 	 2.7751348
0.022665687 	 1.3337554
0.07218647 	 2.644054
0.09412661 	 2.5046902
0.12217505 	 1.7947401
0.14298743 	 1.9203823
0.124085315 	 2.3253288
0.11049426 	 1.8888879
0.13177076 	 1.8954959
0.14534175 	 2.061673
0.1326719 	 1.649583
0.18162273 	 2.5732782
0.18403716 	 2.41423
0.26717186 	 1.3976946
0.29954618 	 1.3856096
0.33238095 	 2.4445398
0.31176758 	 2.0823915
0.18649665 	 2.158883
0.13448204 	 1.9793473
0.057757605 	 3.3293755
0.07730152 	 1.5954461
0.03395424 	 1.498577
0.026532132 	 1.2018648
0.047549248 	 1.4713616
0.06078682 	 2.5431254
0.06796987 	 0.70850676
0.05506076 	 2.281421
0.051795743 	 1.7830744
0.052285496 	 2.420701
0.05775773 	 1.4714919
0.03433829 	 1.0296162
0.06928872 	 2.7922094
0.07811987 	 2.9755104
0.109995864 	 2.9755104
0.13627785 	 2.0622983
0.1528942 	 1.806588
0.15758824 	 0.6823994
0.14045918 	 2.392929
0.16010208 	 2.1272292
0.15799004 	 1.9270567
0.21325693 	 1.4654489
0.25619936 	 1.7330112
0.31287828 	 1.202554
0.29382563 	 1.5781494
0.2552589 	 1.4039359
0.17296708 	 1.8422399
0.21732253 	 0.69413507
0.108248115 	 3.3171258
0.104763545 	 1.9196496
0.06866735 	 1.7813709
0.06878527 	 0.7914841
0.07392989 	 0.9085002
0.09826744 	 2.5743165
0.15052372 	 2.0577793
0.16771497 	 2.1557064
0.18334657 	 1.4257306
0.17201363 	 1.9774436
0.13374484 	 1.8719426
0.12268199 	 3.0168622
0.11957185 	 1.9461845
0.09069892 	 2.2816403
0.12686493 	 2.2779796
0.101112284 	 2.0975218
0.10582749 	 2.6296794
0.09868036 	 1.9143522
0.11457202 	 2.24254
0.069165245 	 3.256498
0.10915761 	 0.94752294
Summary
0.0076327003  -  0.5033619 ,  0.11844736  -  3.8774822
accuracy:  100.0
equal predictions:  0
