TensorFlow version: 1.13.1
Found 939 images belonging to 1 classes.
argN = 784
argN = 784
0.46172482 	 0.5791803
0.4752543 	 0.5790571
0.53756154 	 0.6119343
0.3359674 	 0.4682781
0.30102018 	 0.5354946
0.24381647 	 0.2950841
0.2441932 	 0.5090501
0.2200896 	 0.5568402
0.2048294 	 0.8523687
0.24110587 	 0.4162781
0.22649476 	 0.5649449
0.080336936 	 1.438645
0.13645992 	 1.558223
0.16902141 	 1.2615284
0.15224934 	 1.3375158
0.21584542 	 1.5878226
0.3490666 	 0.9165121
0.3111994 	 0.5666124
0.38512373 	 0.4921623
0.42671895 	 0.6609571
0.46738893 	 0.8393631
0.3428429 	 0.75310975
0.33179438 	 0.5530793
0.31206328 	 0.87210876
0.30897942 	 0.72216165
0.24640241 	 0.6139756
0.2850205 	 0.6745336
0.21569195 	 0.86541015
0.15949227 	 1.0287241
0.1104279 	 1.8840548
0.25609264 	 1.0394362
0.24311268 	 0.6842324
0.38077894 	 0.68330157
0.4016684 	 0.792637
0.41946268 	 0.59680897
0.5008942 	 1.1073766
0.6987674 	 0.3622384
0.6346059 	 0.89366424
0.3513036 	 0.7422903
0.35596898 	 0.3521098
0.32629314 	 0.45540383
0.30648127 	 0.29971236
0.3101138 	 0.416646
0.4559692 	 0.7342557
0.27284425 	 0.7817933
0.25592917 	 0.60986793
0.21793301 	 0.5858887
0.19955534 	 0.5090542
0.096535325 	 1.3036902
0.04623527 	 1.6397547
0.07115764 	 1.2080519
0.15755266 	 1.4829056
0.35028166 	 0.42664242
0.3050329 	 0.4128649
0.33261582 	 0.5600477
0.31422836 	 0.4181268
0.3879488 	 0.53292793
0.3722731 	 0.5185478
0.3901734 	 0.86727166
0.25541556 	 0.4886233
0.27919433 	 0.8395377
0.28090492 	 0.67036784
0.21797653 	 0.77807796
0.20387971 	 0.8639859
0.16605155 	 0.7944069
0.16763525 	 0.86197275
0.09316127 	 1.7061939
0.10462701 	 1.0163193
0.17226815 	 0.60996115
0.22291066 	 0.7147048
0.5565652 	 0.79693604
0.67256147 	 1.2667848
0.8120957 	 0.5131789
0.8803739 	 0.8740048
0.51282465 	 0.5464906
0.4131519 	 1.1426494
0.2264138 	 0.5299684
0.37506276 	 0.60363805
0.36190796 	 0.5550716
0.23979221 	 0.44481012
0.23133966 	 0.59358615
0.060420908 	 1.3751154
0.286486 	 0.57011884
0.21499644 	 0.91149235
0.29996687 	 0.6129916
0.33273605 	 0.76265407
0.3286895 	 0.6263969
0.399618 	 0.57536465
0.5376894 	 0.64880276
0.46567163 	 0.56259483
0.5393763 	 0.63390183
0.40282845 	 0.9198618
0.33897388 	 0.51648
0.27212155 	 0.61423165
0.20115177 	 0.84788543
0.2839124 	 1.1387515
0.20342253 	 1.1149241
0.10609037 	 0.82031715
0.16369022 	 1.1552147
0.22817399 	 0.9635138
0.24387208 	 1.352149
0.23762573 	 1.6150177
0.3702609 	 0.76034427
0.4516644 	 0.60905635
0.44904307 	 0.5732302
0.4833819 	 0.6676764
0.48791546 	 0.66477716
0.49509913 	 0.67311776
0.53247344 	 0.57477164
0.54883254 	 0.5831064
0.5093898 	 0.62301755
0.4977926 	 0.6311642
0.49332288 	 0.4743043
0.48714408 	 0.7315148
0.44115967 	 0.68881863
0.4585491 	 0.66173637
0.42117378 	 0.6958036
0.42636594 	 0.69250387
0.4171416 	 0.6081572
0.42538443 	 0.8331641
0.41581547 	 0.6092655
0.41743264 	 0.661479
0.35527846 	 0.7076941
0.31690198 	 0.5815382
0.35774398 	 0.6993436
0.25629333 	 0.58840585
0.25335798 	 0.6777565
0.24174418 	 0.6415824
0.27178076 	 0.62317824
0.23891935 	 0.659198
0.21546945 	 0.5905004
0.20755552 	 0.4933632
0.21326335 	 0.6092245
0.18109639 	 0.5429468
0.18752657 	 0.74505436
0.17698559 	 0.8998263
0.19684045 	 0.59745556
0.20362616 	 0.71908504
0.18849696 	 0.72405994
0.22463611 	 0.8603403
0.21205913 	 0.7294924
0.2624849 	 0.77392286
0.24733436 	 0.7229917
0.25135103 	 0.76489544
0.25360066 	 0.66531336
0.24434912 	 0.91142476
0.2278718 	 0.86232495
0.24926156 	 0.97976106
0.2516591 	 0.87775236
0.27096534 	 0.8255295
0.2783308 	 0.96411353
0.29249498 	 1.031244
0.27915028 	 0.72777236
0.277428 	 0.9936997
0.30456918 	 0.80083525
0.25320777 	 0.8461445
0.24288537 	 1.0842198
0.24312879 	 1.0831181
0.25136033 	 0.6277386
0.2203421 	 1.2932079
0.22197165 	 1.0808196
0.22825359 	 1.3451519
0.2061534 	 0.54967254
0.24022397 	 1.1425587
0.21868582 	 1.1550056
0.20835774 	 1.0585397
0.18589623 	 1.0329739
0.14422917 	 1.1932403
0.1747811 	 1.2109896
0.1748462 	 1.1790422
0.16721131 	 0.90525633
0.17315069 	 0.65748227
0.16967463 	 1.2391496
0.15302867 	 0.7754661
0.14742406 	 0.911843
0.15207702 	 0.78827226
0.13862148 	 1.23351
0.13133287 	 0.8870206
0.15101585 	 0.99578446
0.12528872 	 0.6801868
0.12879713 	 0.36718518
0.12914018 	 1.3972058
0.14141797 	 0.8958841
0.16179724 	 0.9976083
0.14178996 	 1.0108389
0.15399936 	 1.0691608
0.18035513 	 1.0964001
0.16905345 	 0.65372765
0.1814745 	 0.9350897
0.17836162 	 0.93721485
0.24751672 	 1.116187
0.20380715 	 0.48289004
0.21710405 	 0.7664391
0.23425794 	 0.75167125
0.22445771 	 1.1859488
0.24413073 	 1.1092838
0.2481557 	 0.6630736
0.26465324 	 0.43551943
0.2705023 	 0.82345176
0.23496509 	 1.4340656
0.25076517 	 0.64311713
0.22764748 	 1.804694
0.20215648 	 1.255852
0.14345764 	 1.7076931
0.15338527 	 0.7797363
0.12915972 	 1.7803138
0.14202303 	 1.5757344
0.12035818 	 0.9847425
0.15344232 	 1.2828914
0.12595935 	 1.1799248
0.09400999 	 1.4384981
0.12165195 	 0.9074173
0.11608462 	 0.46025148
0.10327358 	 0.91598105
0.13620798 	 0.8143713
0.13138635 	 0.79534096
0.13906217 	 0.59823424
0.16595522 	 0.80434597
0.13524519 	 0.6235772
0.16961099 	 0.82021534
0.124076076 	 1.0522133
0.13774973 	 1.4885763
0.1500292 	 0.8234583
0.1359387 	 0.6113258
0.12318669 	 0.3989937
0.11732829 	 0.8589745
0.13522895 	 0.8434555
0.12293957 	 0.4298507
0.13320816 	 0.7567785
0.13809675 	 0.9437429
0.17068453 	 1.325102
0.20179227 	 1.3060367
0.20096521 	 0.96886873
0.21529779 	 0.67841035
0.25455356 	 0.6953316
0.24532661 	 1.1938424
0.26954907 	 0.68035454
0.20133458 	 0.85747504
0.25697193 	 1.1464791
0.25071883 	 0.48617807
0.24532706 	 0.7428111
0.27038217 	 0.9493408
0.2354026 	 0.96209794
0.23448202 	 1.2088909
0.22335404 	 0.34073004
0.16135259 	 0.8169043
0.090727046 	 0.57336545
0.13673015 	 1.0733807
0.23471859 	 0.66893667
0.13745569 	 0.5343154
0.07027067 	 0.7866654
0.091095276 	 0.7838873
0.109194964 	 1.1681968
0.10873794 	 1.4854698
0.10880805 	 0.79663485
0.08385148 	 1.1726605
0.15402648 	 0.67424864
0.18858232 	 0.99953604
0.22350287 	 0.96576744
0.23048376 	 0.85360366
0.24765767 	 1.0982981
0.26723328 	 0.9451086
0.26581717 	 1.0541508
0.26570365 	 0.92430973
0.2661557 	 1.1340612
0.2475875 	 1.0615975
0.26060143 	 0.7044717
0.19513915 	 0.87729853
0.16111588 	 0.94457394
0.15097058 	 0.7681529
0.34429935 	 0.71781534
0.34078842 	 1.1054655
0.33199367 	 0.9554377
0.30935916 	 0.8764963
0.1874518 	 0.43425953
0.15052454 	 1.2985257
0.13010676 	 0.8548764
0.13137093 	 0.54468447
0.098677136 	 0.8225425
0.1243469 	 1.3778515
0.14082657 	 1.2384765
0.16460949 	 0.40248618
0.1778921 	 1.1713749
0.13056171 	 1.1661575
0.12918793 	 0.42829293
0.12422494 	 0.93035746
0.11720116 	 0.8839044
0.12771188 	 0.71074706
0.14845328 	 1.1659822
0.16487564 	 0.49510568
0.21692692 	 1.1169915
0.27584043 	 0.8563221
0.31454244 	 1.0071625
0.33052585 	 0.8260186
0.31450865 	 0.68256456
0.26667097 	 0.8227586
0.24078792 	 0.46163914
0.15263219 	 0.42819214
0.14388517 	 1.1918197
0.14220642 	 0.8343678
0.17931895 	 1.1413022
0.19552232 	 0.69491684
0.20440723 	 0.9043438
0.21233416 	 0.9817121
0.22663261 	 0.56421715
0.23193891 	 0.36681694
0.21454339 	 0.37324336
0.120341435 	 1.0997123
0.14077003 	 1.4261128
0.15283267 	 1.2182335
0.15115373 	 0.7231911
0.17504543 	 0.88174367
0.1823846 	 1.0583142
Summary
0.04623527  -  0.8803739 ,  0.2950841  -  1.8840548
accuracy:  98.1
equal predictions:  0
TensorFlow version: 1.13.1
Found 939 images belonging to 1 classes.
argN = 784
argN = 784
0.5403729 	 1.8148233
0.5295703 	 2.2812762
0.4984086 	 2.2607548
0.79427284 	 1.9910483
0.6381245 	 2.1293893
0.40197447 	 2.2235293
0.2879912 	 3.1094804
0.1615401 	 1.2285265
0.116523184 	 1.9962785
0.085398 	 1.7153178
0.07189565 	 1.9803807
0.14090398 	 1.7179542
0.10192211 	 1.5667784
0.084016845 	 2.130444
0.2481855 	 1.6774434
0.3008684 	 1.7736353
0.45386085 	 2.2361534
0.24003232 	 1.8338532
0.49407715 	 1.8240365
0.2510425 	 1.9525908
0.20767407 	 2.0139322
0.057235 	 3.0584912
0.0740037 	 2.0692112
0.06584648 	 2.7379196
0.29233745 	 2.1993895
0.71259487 	 1.4291216
0.6086126 	 1.4544259
0.49007866 	 1.4943973
0.67272943 	 2.0581746
0.69332814 	 1.7341062
0.69193375 	 1.9687438
0.62423337 	 1.7930008
0.61774987 	 1.9280443
0.37334767 	 1.5245429
0.35831782 	 1.9860233
0.2852373 	 1.8768824
0.28133166 	 1.7908107
0.16771102 	 1.9146906
0.10235087 	 2.5431466
0.06512717 	 2.9664605
0.085642055 	 2.8662734
0.044721108 	 3.9705873
0.056272317 	 2.139817
0.05622452 	 2.0293896
0.15918827 	 1.7165401
0.14798965 	 2.254903
0.13381632 	 2.1093154
0.16723315 	 1.7932605
0.17055531 	 1.8519113
0.26955253 	 1.8720298
0.28391698 	 1.922689
0.28283858 	 2.0479403
0.038982794 	 2.1312196
0.019317038 	 2.2894695
0.01025493 	 2.9141636
0.010708361 	 2.7080567
0.010253184 	 2.0540662
0.010255472 	 2.3437014
0.014128968 	 1.7657694
0.1427725 	 2.171256
0.5561871 	 1.4031006
0.5040948 	 1.4271499
0.4343683 	 1.320713
0.43839428 	 1.4906169
0.507578 	 1.8560139
0.32510513 	 1.6352404
0.26678714 	 2.3416169
0.36820555 	 2.5245442
0.4177951 	 1.7703484
0.43607682 	 2.3089268
0.5064282 	 1.718542
0.064389504 	 2.1646628
0.06542043 	 2.5389566
0.057825807 	 2.009165
0.08358634 	 2.327972
0.00511402 	 1.8056539
0.12055618 	 1.912217
0.1596735 	 1.701793
0.16027544 	 1.5025721
0.11738701 	 2.382146
0.07307758 	 2.242399
0.08060173 	 2.2316022
0.07760293 	 2.0609925
0.061134364 	 1.6036085
0.076928295 	 2.1777565
0.04907465 	 2.2795057
0.050334383 	 2.4280698
0.03633221 	 2.3894
0.01671964 	 2.0813484
0.018017465 	 1.9994644
0.031058662 	 2.3728852
0.028444605 	 2.1577537
0.028440006 	 2.6972604
0.08578434 	 1.8336176
0.04834059 	 1.8322651
0.11278444 	 1.2661204
0.0656713 	 1.604075
0.0955933 	 1.2932429
0.0948492 	 1.3175564
0.07208698 	 1.1430036
0.083047085 	 1.4895896
0.096147634 	 1.9066314
0.09366523 	 1.5781785
0.07468074 	 0.8447169
0.06531136 	 1.648028
0.08752452 	 1.235334
0.061224405 	 1.5436738
0.0677107 	 1.0602025
0.07172543 	 1.3832238
0.054388497 	 1.8384271
0.059052233 	 1.3366172
0.07501207 	 1.1998184
0.043011345 	 1.0231565
0.062396638 	 0.7920657
0.07406929 	 2.2698085
0.07351455 	 1.9096563
0.06474098 	 1.3979753
0.06034803 	 1.1622126
0.05684054 	 1.472222
0.06755668 	 1.320469
0.061943956 	 1.5768185
0.046569612 	 1.2487234
0.05470902 	 0.9314469
0.044859055 	 1.4478462
0.04566736 	 1.4110562
0.04225318 	 1.3116525
0.03900969 	 1.4549568
0.031089528 	 1.3015001
0.04114791 	 1.6378506
0.03229749 	 1.8034508
0.03501257 	 1.8781601
0.030548282 	 1.4491793
0.038977154 	 1.005728
0.032387864 	 1.232489
0.029773653 	 1.1908748
0.023163762 	 1.3997061
0.021784008 	 1.9334686
0.027149966 	 1.1483781
0.024532167 	 1.3423443
0.033574834 	 1.4300827
0.01931072 	 1.2956172
0.019379692 	 1.9611742
0.023039693 	 1.5384521
0.024535526 	 1.6199098
0.023389736 	 1.2164011
0.021971468 	 3.1379435
0.024064487 	 1.7493432
0.019628702 	 1.2206973
0.01671964 	 1.3207256
0.021921203 	 1.211066
0.016632486 	 1.4338884
0.015648877 	 1.757035
0.014216145 	 1.123011
0.016067268 	 1.4964516
0.02180332 	 1.1667184
0.018010365 	 1.277559
0.023373263 	 1.5464631
0.019332718 	 1.3930818
0.024532106 	 1.108418
0.026309056 	 1.9549445
0.024540108 	 1.3731908
0.027119344 	 1.4477932
0.023395594 	 1.2787175
0.02045324 	 1.6338475
0.022004614 	 1.2333572
0.01671964 	 1.3456843
0.027184201 	 1.4310546
0.025840057 	 2.0859501
0.03182641 	 0.7775655
0.032980375 	 1.7894522
0.045623068 	 1.0660596
0.043064173 	 2.5842133
0.04512054 	 1.9998118
0.04557004 	 1.0409646
0.057800673 	 1.1983006
0.05073613 	 1.0260679
0.04965784 	 1.0121197
0.050579563 	 1.0719521
0.054749377 	 1.152091
0.060410522 	 0.9814371
0.06914481 	 1.0256904
0.071595244 	 1.3181299
0.064537756 	 1.4809095
0.09639256 	 1.0846554
0.11328303 	 0.71633697
0.06858844 	 1.4877044
0.086858176 	 1.2912354
0.08556596 	 1.4025367
0.079472825 	 1.2873889
0.08691545 	 1.1172365
0.08781901 	 1.4376314
0.073119774 	 1.4315386
0.07037644 	 1.1108489
0.09384453 	 1.3263897
0.071708776 	 0.73588043
0.07024024 	 1.4452876
0.06304935 	 1.4531672
0.06846321 	 1.1657215
0.050832637 	 1.3046998
0.048340153 	 0.96678704
0.031480722 	 1.4172434
0.019433597 	 1.3775384
0.032885816 	 1.237836
0.033725865 	 0.8347992
0.05267646 	 1.6206142
0.044313174 	 1.0218327
0.041057482 	 1.5873545
0.35119125 	 1.2624258
0.38343433 	 1.3966632
0.441007 	 1.6718588
0.4067045 	 1.438249
0.27753457 	 1.7663926
0.23718542 	 1.2069393
0.23774283 	 1.807984
0.20957625 	 1.6777334
0.21719958 	 1.70679
0.21639852 	 2.0961432
0.2057509 	 2.1105895
0.19449058 	 2.0287194
0.18794209 	 1.6742184
0.19134983 	 2.2447634
0.17423996 	 1.4283015
0.22566284 	 2.2576413
0.16302076 	 1.8611748
0.17129655 	 2.2827144
0.11645126 	 2.4747422
0.13305849 	 2.063058
0.114127226 	 1.769671
0.095477685 	 2.6508431
0.12652524 	 2.100695
0.14099449 	 2.5232964
0.120485246 	 1.1922315
0.13746834 	 1.8442471
0.123616174 	 1.3877596
0.120467365 	 1.9694676
0.42074227 	 1.8203762
0.45949715 	 1.6098145
0.38742507 	 1.8524576
0.27093628 	 1.858897
0.19039506 	 2.0398498
0.17501894 	 1.8455362
0.18702614 	 1.6529319
0.17351873 	 2.0793092
0.18904392 	 1.6175951
0.3149032 	 1.6636405
0.26500767 	 2.2035673
0.22812817 	 1.9731339
0.23059243 	 1.2707136
0.23791923 	 2.5372617
0.23306972 	 2.8139515
0.22610871 	 2.3878505
0.18221766 	 1.9573885
0.15821253 	 1.6224802
0.15877204 	 2.1318023
0.12896298 	 1.8120129
0.14065868 	 1.2773575
0.10331191 	 2.4593422
0.11190511 	 2.1643913
0.09210509 	 2.6433043
0.12987441 	 1.824094
0.17237055 	 2.0400715
0.20912386 	 1.4286606
0.190821 	 2.1509461
0.20903917 	 1.9530492
0.21355383 	 1.8674161
0.21978688 	 1.91762
0.2739283 	 1.0542003
0.3023291 	 1.2527964
0.30334607 	 1.4491744
0.35065752 	 1.3641981
0.15714699 	 2.0794525
0.13066229 	 1.400551
0.1146533 	 2.6750457
0.07817832 	 1.2611376
0.09349938 	 2.3426201
0.084557205 	 2.72087
0.08087602 	 2.6757035
0.061821382 	 2.9025497
0.087834954 	 2.0770414
0.10194052 	 1.099901
0.11016887 	 1.8883107
0.11547256 	 2.167228
0.16489553 	 1.0436664
0.17186901 	 1.2700341
0.243099 	 1.9570737
0.28431278 	 1.6339324
0.3117254 	 1.7772313
0.33139563 	 1.7661462
0.41665694 	 1.4454507
0.42130202 	 1.4216243
0.49142495 	 1.1546817
0.49760532 	 1.1407075
0.47426426 	 1.0490191
0.47181466 	 0.86723375
0.39787567 	 1.0813265
0.29310447 	 1.5235053
0.25314873 	 1.4448562
0.14742047 	 2.2892518
0.14079817 	 1.7608131
0.13946378 	 1.9668711
0.12788546 	 2.5535102
0.15548636 	 1.5973084
0.13938737 	 2.8093402
0.12042695 	 1.8885691
0.120700896 	 2.2838035
0.13786083 	 1.6315253
0.1409785 	 1.6604189
0.21389134 	 2.2464998
0.19000332 	 0.9785134
0.17216937 	 2.3198779
0.15404199 	 2.0181055
0.16193165 	 2.3309672
0.15550092 	 1.6395135
Summary
0.00511402  -  0.79427284 ,  0.71633697  -  3.9705873
accuracy:  100.0
equal predictions:  0
TensorFlow version: 1.13.1
Found 939 images belonging to 1 classes.
argN = 784
argN = 784
0.13476716 	 2.5508814
0.0863137 	 2.59936
0.08937501 	 2.6020582
0.07996509 	 2.7741532
0.06244784 	 3.1726723
0.048941128 	 2.8601608
0.04036081 	 2.8758888
0.04352252 	 2.644313
0.042393338 	 2.2908418
0.031091556 	 2.4552898
0.081266955 	 1.7109115
0.119383976 	 2.1432683
0.123622514 	 1.9723788
0.102974236 	 2.1422548
0.061797608 	 2.383972
0.060524687 	 2.4457984
0.04338756 	 2.507606
0.05249704 	 2.777849
0.06733326 	 1.8466003
0.090241 	 2.878236
0.11930291 	 2.1590984
0.050175935 	 2.1221697
0.0837503 	 1.9507217
0.06726408 	 2.5303733
0.022014484 	 2.4959903
0.021921203 	 2.5027223
0.022203207 	 2.4343011
0.012646073 	 2.7537465
0.014128243 	 2.2455518
0.02846472 	 3.0800617
0.14084461 	 2.3848913
0.13876966 	 2.5390806
0.16021478 	 1.9614357
0.225888 	 2.359695
0.25726876 	 2.1825762
0.101678796 	 2.2165844
0.0869594 	 1.9241474
0.08754826 	 1.9085543
0.089798816 	 2.5857613
0.21400009 	 2.4360557
0.250696 	 1.753797
0.076341145 	 2.6399488
0.11096182 	 2.4588375
0.033745594 	 2.3128543
0.18033707 	 2.6254103
0.032028317 	 4.2661476
0.01675752 	 3.568625
0.023809243 	 2.610044
0.09296233 	 1.9960829
0.08683919 	 1.616242
0.049742844 	 2.1578722
0.021839809 	 3.128073
0.055910636 	 2.1254292
0.020595364 	 2.8021054
0.008973568 	 1.5098057
0.0038328813 	 2.4787185
0.012937006 	 2.3473792
0.07717274 	 3.0637178
0.082151964 	 2.1006238
0.284085 	 2.5336618
0.21372564 	 2.573054
0.18296666 	 1.9207214
0.20125054 	 1.4212413
0.066517256 	 2.2167633
0.09547093 	 2.413929
0.09558674 	 1.9760184
0.19960278 	 2.5053155
0.22315568 	 2.01021
0.2107484 	 1.5076437
0.08970153 	 3.000838
0.07413015 	 3.0322752
0.045788594 	 2.8735769
0.1259582 	 1.7604467
0.20117524 	 1.546246
0.0025531433 	 2.0194585
0.049264856 	 3.1098826
0.08211107 	 2.1479712
0.07875249 	 2.4185863
0.076742664 	 2.3564842
0.054299887 	 3.82966
0.012795906 	 2.547089
0.007681952 	 2.6908753
0.010150455 	 2.85674
0.037607543 	 2.4813635
0.04029608 	 2.3287578
0.031084793 	 2.3335934
0.028461592 	 0.8684383
0.020497045 	 1.2253354
0.021394214 	 1.6350325
0.02177225 	 1.2036095
0.028462512 	 1.2505044
0.029645814 	 1.9141889
0.01481504 	 1.6929783
0.01578808 	 1.0717963
0.020203844 	 0.90560657
0.010247884 	 1.6584113
0.006835524 	 1.7276899
0.011893024 	 1.2161115
0.014448875 	 1.329694
0.021518992 	 2.4762812
0.01750563 	 0.91450274
0.012247393 	 1.5035809
0.025406491 	 1.477186
0.024200957 	 1.6585021
0.016709093 	 1.1841338
0.018680826 	 1.2236348
0.015813088 	 1.1045587
0.012793249 	 1.6338903
0.020633576 	 1.7396374
0.015908103 	 2.4694798
0.020536104 	 1.5314318
0.008907954 	 1.9817667
0.010255472 	 1.8429962
0.007653542 	 1.2210485
0.0115440255 	 1.0918777
0.0128361145 	 1.6402671
0.015423434 	 1.2305168
0.008967794 	 1.8775438
0.008967613 	 1.476329
0.008967673 	 1.1795866
0.003489735 	 1.1061434
0.001275339 	 1.2808467
0.0076749846 	 1.5287129
0.008967673 	 1.3540596
0.0026486993 	 0.86324686
0.00666024 	 1.395682
0.007904875 	 2.0778804
0.007538168 	 1.0871559
0.0076814713 	 1.766537
0.008967673 	 1.5304818
0.010254448 	 1.4594872
0.010255472 	 1.2084373
0.013121123 	 1.7731072
0.008967673 	 1.5994577
0.0026284996 	 2.114595
0.011543303 	 1.1333157
0.0025285834 	 1.0939783
0.00511408 	 1.6460445
0.00511408 	 1.7662619
0.010255472 	 1.3719801
0.008965689 	 1.4844065
0.001275339 	 2.1209323
0.003243635 	 1.3093888
0.0038379673 	 1.6033252
0.003839882 	 1.7348198
0.0038328813 	 1.7980901
0.0038328813 	 1.7590377
0.0074722897 	 2.2452428
0.0037772378 	 1.2025024
0.0038328813 	 1.9762799
0.001275339 	 2.05626
0.0025532627 	 1.0234063
0.006396922 	 1.8935595
0.0063969814 	 0.97992605
0.012708007 	 0.8304535
0.0038180428 	 1.1377019
0.004895072 	 2.031605
0.0012756374 	 0.93053895
0.0025533226 	 1.6377252
0.0039576422 	 1.2751832
0.0035573859 	 2.0301075
0.001275339 	 1.7344445
0.0025532627 	 1.7792742
0.004848473 	 1.212671
0.003833779 	 1.1861743
0.010955523 	 1.4379368
0.008970801 	 1.6310382
0.013030962 	 2.112708
0.021570759 	 1.9996955
0.019317038 	 1.4385496
0.030007513 	 0.93533736
0.040511377 	 1.0210558
0.04098768 	 1.1238717
0.03771041 	 1.3240173
0.03928862 	 1.4702742
0.03598156 	 0.97149056
0.048238628 	 1.9065655
0.038775016 	 1.1343343
0.04903415 	 1.543892
0.0314301 	 1.8684273
0.04072088 	 1.0508615
0.041110273 	 1.144723
0.039552376 	 1.6087531
0.028643072 	 1.2544879
0.045059558 	 1.6524763
0.028452639 	 1.248327
0.02870447 	 1.3380505
0.033719823 	 1.6232722
0.032349017 	 0.92457986
0.17796873 	 1.3984624
0.17725874 	 1.5859941
0.20725363 	 1.2619734
0.21689804 	 1.7875216
0.1921929 	 1.889303
0.16020297 	 2.0177257
0.117630556 	 2.5349061
0.10614213 	 2.0992367
0.10055236 	 1.365486
0.103484824 	 2.3882103
0.10169641 	 2.1614335
0.093526535 	 1.5482922
0.090741925 	 2.0310564
0.10066454 	 2.2576602
0.10045534 	 2.0148175
0.104862235 	 2.3359058
0.08922303 	 2.4747536
0.08371932 	 2.444375
0.050127305 	 1.4023412
0.08324924 	 2.459723
0.063662544 	 0.86079526
0.06828871 	 2.0919676
0.068897076 	 2.622124
0.05233932 	 1.6850307
0.068627834 	 1.9995762
0.062100153 	 2.7303467
0.17161967 	 1.4735944
0.31378335 	 2.0563846
0.31413347 	 2.0652144
0.23696505 	 2.0549138
0.21940468 	 1.2690067
0.11905681 	 2.3506804
0.118157335 	 3.264274
0.09682493 	 2.5513034
0.104738794 	 2.2049303
0.11906776 	 1.6404516
0.10176062 	 2.7506797
0.13128726 	 1.7068688
0.14872824 	 1.0119857
0.28416714 	 1.7219404
0.21062316 	 1.7664554
0.121868655 	 3.5692933
0.15657564 	 3.108718
0.16608949 	 2.6213663
0.1241642 	 2.1570792
0.13900593 	 2.5909195
0.13644713 	 2.3442767
0.11577587 	 2.2298968
0.07136343 	 2.4294229
0.08510175 	 2.3336592
0.11044687 	 2.4360168
0.09906522 	 2.0794535
0.10763054 	 1.5341746
0.07825618 	 2.1874907
0.08928983 	 1.8278196
0.08563836 	 2.5962827
0.093476795 	 1.0138998
0.08184885 	 2.019986
0.076855876 	 1.3625449
0.05882147 	 2.6520758
0.04596663 	 2.4841542
0.050379075 	 2.06193
0.05633159 	 2.9026387
0.054953698 	 1.438358
0.054431297 	 1.6498091
0.049877916 	 1.9729544
0.06850738 	 2.537267
0.06196133 	 2.2021954
0.08794865 	 1.4161619
0.089704536 	 1.9129875
0.09971374 	 2.6863043
0.09600079 	 1.9975171
0.1570962 	 2.6300051
0.1948948 	 1.7638551
0.23591457 	 1.8241562
0.2206574 	 1.652053
0.24889982 	 1.493886
0.22984396 	 0.9166109
0.22713973 	 1.4759303
0.25088626 	 1.3446594
0.2643459 	 1.0630714
0.24333039 	 1.6933078
0.2185587 	 1.5464749
0.071218066 	 2.6940284
0.039802987 	 2.2139833
0.04497389 	 1.4342446
0.04167162 	 2.2870195
0.05121087 	 2.3876216
0.04693555 	 1.4602773
0.046782076 	 2.663608
0.05877153 	 2.8554099
0.13354236 	 0.82947975
0.21043327 	 2.0521383
0.20396553 	 2.222602
0.2443794 	 1.3286726
0.27751288 	 1.8741405
0.31569704 	 2.028191
0.33917794 	 1.8448164
0.3472588 	 1.1651081
0.3198093 	 1.0784204
0.2895367 	 1.2048404
0.29212204 	 1.3105551
0.30157495 	 1.6516491
0.25943306 	 1.6651423
0.24979414 	 1.6602006
0.26282284 	 1.4740493
0.25069663 	 1.6823261
0.20171352 	 1.1783742
0.21853563 	 0.8637618
0.16933455 	 1.4261816
0.19322595 	 1.5380938
0.13197641 	 2.570189
0.06727046 	 3.3319802
0.09844264 	 1.9286494
0.13801143 	 2.5278382
0.15135336 	 2.0267494
0.14642037 	 2.5687008
0.14536643 	 1.5890807
0.11639421 	 1.6218357
0.10261779 	 2.44173
0.10357479 	 2.3748305
0.070686966 	 2.3929722
0.07199896 	 2.2523444
0.078345135 	 1.479747
Summary
0.001275339  -  0.3472588 ,  0.82947975  -  4.2661476
accuracy:  100.0
equal predictions:  0
TensorFlow version: 1.13.1
Found 939 images belonging to 1 classes.
argN = 784
argN = 784
0.19875927 	 0.85258543
0.06825094 	 1.0535991
0.1634524 	 0.7070054
0.16335876 	 0.6057844
0.1848697 	 0.91479135
0.24472666 	 0.66761965
0.23681352 	 0.9645526
0.17800176 	 1.5002583
0.24227093 	 0.7847214
0.16926345 	 0.5176291
0.20519179 	 0.7901914
0.254312 	 0.7109065
0.25128007 	 0.3752718
0.25625396 	 0.5414764
0.2504983 	 0.50875974
0.2919023 	 1.4817115
0.34181142 	 0.44200218
0.18981645 	 0.39486805
0.2425118 	 0.5945653
0.21998122 	 0.7448886
0.267004 	 0.84847367
0.3815112 	 0.51508033
0.25093192 	 0.47690153
0.27523705 	 1.2312579
0.1576897 	 0.72415847
0.15755823 	 0.73624194
0.17267653 	 1.1006142
0.26149723 	 0.411959
0.30165803 	 0.6842898
0.34354398 	 0.58949775
0.101925276 	 0.87505037
0.29174972 	 0.88876593
0.32020754 	 0.66080177
0.38778278 	 0.8863437
0.24454121 	 0.49695116
0.13641639 	 0.4494349
0.14713137 	 0.64978284
0.09915354 	 0.54622006
0.11848125 	 0.41891974
0.15084429 	 1.5709233
0.11334992 	 0.95154124
0.16610996 	 0.70074815
0.11334478 	 0.48696014
0.25586805 	 0.6409435
0.27693105 	 0.49133366
0.15432961 	 0.5646933
0.16762151 	 0.78702855
0.16139805 	 0.98131716
0.28989848 	 0.73321825
0.2908722 	 0.8411015
0.22981201 	 0.93403405
0.20748687 	 0.6994101
0.22091064 	 0.42932883
0.22059958 	 0.9974011
0.10612861 	 0.62066245
0.1487023 	 0.84456587
0.15319762 	 0.8605517
0.17468669 	 0.4452445
0.15821393 	 0.7024706
0.22600178 	 1.2131357
0.22126657 	 0.7124028
0.25049338 	 0.7358039
0.30402514 	 0.7446574
0.27402097 	 0.6186447
0.27329513 	 0.64131427
0.27200645 	 0.7197174
0.3135638 	 0.5984243
0.26683503 	 0.9111411
0.17897956 	 0.2818737
0.24012242 	 1.1852154
0.31214684 	 0.6859455
0.34518558 	 0.86474055
0.31681797 	 0.80456185
0.1542134 	 0.48310512
0.27882418 	 1.3303282
0.29480758 	 0.69393367
0.33372268 	 1.0154132
0.19877076 	 1.2756146
0.23515184 	 0.3699258
0.17336787 	 0.721263
0.12017628 	 0.19724207
0.22392303 	 0.57801485
0.22275499 	 0.33777574
0.28509524 	 0.34217533
0.2599139 	 1.0321746
0.2507401 	 0.865901
0.2251829 	 0.79323286
0.17788719 	 0.64822793
0.14737701 	 0.51619756
0.15172927 	 0.7647961
0.16616344 	 0.9442544
0.07998621 	 0.65292233
0.19189945 	 0.42980692
0.16313238 	 0.7298623
0.16782789 	 0.5583469
0.2750676 	 0.71296954
0.18672882 	 0.937667
0.2140286 	 0.59925246
0.24287367 	 0.8823234
0.30509388 	 0.56987894
0.34331354 	 0.64587694
0.18004851 	 0.6754054
0.17053452 	 0.5934931
0.13798022 	 1.2745032
0.07652322 	 0.39456043
0.05916776 	 0.51220024
0.057076085 	 0.37242618
0.061811175 	 0.4579258
0.06803552 	 1.342669
0.06468095 	 0.73265994
0.050488405 	 0.19997507
0.0567073 	 0.82812214
0.04563879 	 0.14670299
0.049960054 	 0.33311406
0.04849255 	 0.39421576
0.0480211 	 0.41667908
0.044686016 	 0.51213944
0.17054944 	 0.44412005
0.20745005 	 0.49345878
0.20409015 	 0.7270044
0.24400626 	 0.5136396
0.25290877 	 0.6852177
0.22987157 	 0.9673576
0.2374503 	 0.5285864
0.2650731 	 0.5488969
0.28516665 	 0.65152353
0.28712273 	 0.7279713
0.30117428 	 0.6881874
0.25064018 	 1.011611
0.27581358 	 0.8426293
0.27607018 	 0.73118126
0.26629943 	 0.60107636
0.2895491 	 0.9564925
0.2702561 	 0.67159504
0.19538449 	 0.6548452
0.22823203 	 0.7103453
0.23617819 	 0.7760534
0.22221532 	 0.9185476
0.22634286 	 0.46222138
0.26091832 	 0.58460534
0.22646111 	 0.72704786
0.25258943 	 0.4719079
0.23791952 	 0.7868844
0.2609153 	 0.62931496
0.27603608 	 0.72753763
0.31897876 	 0.8260454
0.32523254 	 0.6488787
0.3060946 	 0.78011787
0.31699717 	 0.8442451
0.33075887 	 0.4524975
0.32633355 	 0.7220073
0.30812833 	 0.84733826
0.31143838 	 0.97362244
0.27963132 	 0.91584176
0.2605432 	 0.84710616
0.20458135 	 0.70599174
0.21691795 	 0.68514425
0.19614407 	 0.9152268
0.17684586 	 0.66974777
0.18602903 	 0.8491834
0.16660173 	 1.0539279
0.18976744 	 0.9393343
0.1670347 	 0.62790704
0.1845022 	 0.8144087
0.1650584 	 0.8620107
0.15998185 	 1.1507691
0.15785168 	 0.50525093
0.14957154 	 0.6842541
0.1214587 	 1.1387856
0.119727775 	 0.72260314
0.089339815 	 0.61768395
0.11132352 	 0.60371435
0.12010718 	 0.64531416
0.08926936 	 0.77887887
0.08099365 	 0.8027484
0.07672336 	 0.6476511
0.09489966 	 0.60477096
0.09729395 	 0.84739166
0.09713058 	 0.5403141
0.10397715 	 0.6455819
0.13497268 	 0.8803575
0.14971477 	 0.5038525
0.15141854 	 0.338447
0.13684599 	 0.7518457
0.17626366 	 0.9456426
0.16027384 	 0.6813254
0.18228482 	 0.48122886
0.16769558 	 0.7430172
0.16295089 	 0.90712565
0.17801523 	 0.87977475
0.16758274 	 0.35341853
0.14585057 	 0.37339512
0.13799192 	 0.58683467
0.2607745 	 1.2849013
0.2180021 	 1.5934899
0.22453195 	 1.1036453
0.16497412 	 0.5369473
0.14335445 	 2.107054
0.13850099 	 1.7602893
0.17384201 	 1.5399153
0.1751665 	 2.0543103
0.21548113 	 1.2702575
0.19728453 	 1.8284912
0.18323767 	 1.1262395
0.20954369 	 1.8775606
0.19045094 	 1.7109389
0.1946015 	 1.3169448
0.1867796 	 1.0214865
0.19539145 	 1.6070989
0.19273423 	 1.3522764
0.17951421 	 0.8946484
0.16888477 	 1.6663152
0.16461772 	 1.4682716
0.19948417 	 1.4094228
0.21460241 	 1.4944652
0.23772189 	 2.2137172
0.23428227 	 2.164509
0.2296543 	 1.5286721
0.22030495 	 1.5507729
0.20192225 	 0.6094843
0.20563528 	 1.9349511
0.3247389 	 1.2387159
0.38254914 	 1.0469898
0.36548397 	 1.8198011
0.33995414 	 1.7871784
0.35035205 	 1.8314388
0.36922023 	 1.3631499
0.5113577 	 1.5773373
0.15502341 	 1.8758899
0.15130724 	 1.7889147
0.19790782 	 2.0099103
0.3425775 	 1.3212969
0.3629944 	 0.83160263
0.3237129 	 1.0617243
0.37816694 	 1.4531912
0.24317577 	 1.6155462
0.1715942 	 1.5540812
0.18543041 	 1.3594278
0.1661477 	 1.1451368
0.1840752 	 1.7316276
0.17670801 	 1.8358617
0.1831038 	 1.0398289
0.24718384 	 1.4753842
0.23467426 	 1.8029284
0.28434312 	 0.91906446
0.29933944 	 0.87184376
0.24390097 	 1.5169075
0.3655173 	 1.4150621
0.42769215 	 1.163802
0.540611 	 1.0475808
0.5300511 	 1.0419457
0.4790645 	 1.0217485
0.47271517 	 1.0410867
0.35525653 	 1.0585716
0.30033866 	 1.4378425
0.23451042 	 1.1892697
0.24242131 	 1.3330625
0.22987877 	 1.6531184
0.20350341 	 1.3107864
0.19974579 	 1.5196234
0.18828402 	 1.2529911
0.15279344 	 1.6377485
0.16948593 	 1.397718
0.18442464 	 1.8116082
0.20590423 	 1.7445168
0.16387242 	 1.3740932
0.15096156 	 1.4280924
0.17227566 	 1.6496509
0.18118882 	 1.2218747
0.19350749 	 1.4812757
0.14537221 	 1.8839089
0.16941914 	 1.8321486
0.19358894 	 1.3761095
0.20959087 	 0.7932999
0.21304035 	 1.682672
0.21414289 	 0.75206685
0.21470717 	 1.5074817
0.22311 	 1.626766
0.2417142 	 1.6485194
0.24149114 	 1.3715433
0.26747814 	 1.0732896
0.30215475 	 1.4179269
0.33355427 	 1.0704008
0.37533757 	 0.70877784
0.37438208 	 1.0445126
0.3993474 	 0.69072646
0.38073325 	 1.2389503
0.36931837 	 0.9153297
0.29736048 	 1.4481198
0.26763865 	 1.8542235
0.2435969 	 1.8958777
0.2420688 	 1.9902656
0.24681576 	 1.8595765
0.21746469 	 1.348753
0.2278054 	 0.70890945
0.22765855 	 0.87724894
0.25763184 	 1.5460947
0.3474072 	 1.3009697
0.3602339 	 1.5374774
0.33950534 	 1.0022155
0.358319 	 1.2739189
0.3329206 	 1.1799406
0.33820564 	 1.4583776
0.34501195 	 1.3727468
0.34271786 	 1.3598393
0.31682777 	 1.3301853
0.31912753 	 1.2862992
0.3204561 	 1.4699392
0.28599146 	 1.2614104
0.27105835 	 1.3243902
0.27506918 	 1.4224758
0.3198902 	 0.8596583
0.33089578 	 1.1307964
Summary
0.044686016  -  0.540611 ,  0.14670299  -  2.2137172
accuracy:  100.0
equal predictions:  0
