TensorFlow version: 1.13.1
Found 939 images belonging to 1 classes.
argN = 196
argN = 196
0.12007969 	 2.3729076
0.23249416 	 3.3168955
0.07886309 	 2.8654861
0.113344386 	 2.180385
0.35363346 	 2.8441098
0.20331165 	 2.5241277
0.06863964 	 2.5953372
0.075816005 	 1.406986
0.053616256 	 2.9828305
0.08270693 	 2.2037618
0.08303646 	 2.3567011
0.07821119 	 1.8761288
0.16574773 	 1.9654729
0.109137595 	 1.9241368
0.13997333 	 2.7639432
0.09372958 	 2.4289248
0.11980948 	 3.8915586
0.12733343 	 4.574094
0.2638756 	 3.0929613
0.28648806 	 2.7979436
0.29238015 	 3.487757
0.24581936 	 3.2003927
0.215643 	 2.7360291
0.13825272 	 2.1117954
0.0796163 	 2.818563
0.0964685 	 2.756029
0.015423434 	 4.1761875
0.00071748 	 3.6713636
0.1112956 	 1.7740241
0.09597842 	 3.9034574
0.050892156 	 2.0402513
0.24071088 	 1.336004
0.1722103 	 2.3383985
0.043309566 	 3.940954
0.031207403 	 2.1726005
0.08604389 	 2.4762983
0.1427993 	 2.212676
0.05095117 	 2.4957726
0.14831044 	 2.089329
0.049411446 	 2.4103894
0.2365109 	 2.7115972
0.07977296 	 2.2416348
0.04147291 	 3.2350347
0.031195844 	 2.1506875
-9.5367386e-07 	 2.7198863
-9.5367386e-07 	 2.6811953
-9.5367386e-07 	 2.8795376
7.1525596e-07 	 4.5834985
-9.5367386e-07 	 3.1459103
0.017575206 	 2.4209445
0.16847484 	 2.5809689
0.35870886 	 2.54638
0.25915086 	 1.8018531
0.2456908 	 1.8710897
0.061386768 	 2.280371
0.26215118 	 3.8869092
0.12666263 	 2.0854445
0.16190699 	 2.4242585
0.18681517 	 2.963479
0.2160666 	 2.2510138
0.21907665 	 2.55759
0.16426298 	 2.0197496
0.19852109 	 2.347515
0.18132873 	 3.3934736
0.060428124 	 2.1619465
0.114175536 	 2.1649365
0.046678152 	 2.397294
0.022726355 	 2.273291
0.02067465 	 2.7777483
0.052414503 	 2.0760067
0.058431122 	 2.2795591
0.042229116 	 12.294624
0.0051155174 	 3.1318083
0.020634124 	 2.6787152
0.03635625 	 2.2374208
0.02583871 	 2.1963432
0.0076149823 	 2.2770798
0.010255411 	 2.8800056
-9.5367386e-07 	 2.9339077
0.01198827 	 5.2779193
0.023804788 	 2.5704117
0.01611076 	 3.18672
0.015067756 	 2.049602
0.013758884 	 1.969237
0.010255472 	 1.875678
0.015423313 	 1.4012104
0.010783492 	 2.0176752
0.010255531 	 2.0152435
0.00512049 	 2.962659
0.00511408 	 2.8129392
-9.5367386e-07 	 1.3305887
-9.5367386e-07 	 1.1219745
-9.5367386e-07 	 1.8356177
0.00015581868 	 1.3534688
0.00511408 	 1.4426342
0.010255472 	 1.8195951
0.014154782 	 1.6034639
0.00511408 	 2.7853115
0.0063671684 	 1.3134025
0.01025505 	 2.283687
0.015106907 	 1.7030432
0.010027147 	 1.4416745
0.015070419 	 1.5786859
0.026247436 	 2.1642585
0.010255472 	 2.0553153
0.031119041 	 1.3816252
0.010427111 	 0.995061
0.020618243 	 1.789174
0.046875272 	 1.742603
0.025844093 	 2.8512475
0.025832534 	 1.3267193
0.031089528 	 2.6383824
0.03108885 	 3.3493242
0.020578694 	 2.5041118
0.015441836 	 1.864645
0.015417321 	 2.7118387
0.025405513 	 2.579305
0.015423434 	 1.8392375
0.015425613 	 1.6439724
0.017799376 	 1.4474411
0.015423434 	 1.2332594
0.013438352 	 0.98827124
0.0053194733 	 2.3191686
0.010238309 	 1.725983
0.01511211 	 1.9413002
0.0044596544 	 1.6561166
0.00511408 	 1.8634102
0.015209479 	 1.3007174
0.0051120427 	 1.4573836
0.00511408 	 1.3457204
0.010204828 	 2.370355
0.0028615966 	 2.1871786
0.015837613 	 1.8006645
-9.5367386e-07 	 1.9003345
0.012184522 	 1.3427162
0.0051113837 	 2.5960972
0.010255472 	 1.94565
0.020481104 	 2.8320024
0.015533364 	 3.6085775
0.03052702 	 1.8442241
0.015423434 	 2.1870315
0.010255472 	 2.3868892
0.010243247 	 1.3046043
-9.5367386e-07 	 2.014245
-9.5367386e-07 	 1.5687088
0.0051136003 	 2.2738533
-9.5367386e-07 	 1.692943
0.0051103653 	 1.4572034
0.0051141395 	 1.9872732
-9.5367386e-07 	 1.7279345
-9.5367386e-07 	 3.0782943
0.0099051185 	 1.6216837
-9.5367386e-07 	 1.6007982
-9.5367386e-07 	 1.9112691
-9.5367386e-07 	 2.1191273
0.00511402 	 2.271441
0.009408067 	 1.1507759
0.0051281587 	 3.1992495
0.00511408 	 1.3860621
0.010255592 	 1.9018517
0.015424402 	 2.3536406
0.028063485 	 2.1476138
0.01025764 	 2.3322356
0.015423373 	 1.0613134
0.010255472 	 2.860035
0.028458342 	 1.9450133
0.015423373 	 2.7130284
0.01542301 	 1.539783
0.0033232295 	 1.3050194
0.015429003 	 1.3616573
0.005133491 	 1.3863745
0.00511408 	 1.763828
-9.5367386e-07 	 2.3856177
0.00511408 	 2.0721064
0.005110006 	 2.1358387
0.01541381 	 1.5892746
0.010255472 	 2.8821783
0.00511408 	 1.16664
0.010251437 	 1.1479834
0.014836032 	 1.1332294
0.020618 	 3.487496
0.022147141 	 1.5494214
0.0051361867 	 1.314057
0.005118992 	 1.8078393
0.0103014195 	 1.7128054
0.0147664035 	 2.1223583
0.005114739 	 1.3337206
0.010501677 	 2.389205
0.0051229466 	 1.7615988
0.010209766 	 2.8299482
0.02549863 	 0.88941485
0.008921546 	 1.842793
0.0047139595 	 2.2833152
0.018535089 	 1.5636184
0.010166352 	 1.7769998
0.023204023 	 2.0283198
0.0059217564 	 0.91335094
0.014627526 	 1.1968849
0.019283678 	 2.004896
0.02029885 	 1.1962003
0.008732848 	 2.491142
0.09358518 	 1.9981956
0.10285473 	 1.6210654
0.07470077 	 2.1856146
0.068557166 	 2.264141
0.036366574 	 2.1437097
0.00511408 	 1.426455
0.020618243 	 2.637767
0.00511408 	 12.811746
0.00511408 	 2.134986
0.0155522525 	 2.0941434
0.02058283 	 3.6684232
0.026083095 	 3.4863093
0.020618182 	 2.4003377
0.009798212 	 2.6381204
0.020235045 	 2.436949
7.838318e-05 	 2.246146
0.017972618 	 2.649467
0.010908761 	 2.0297122
0.0024799434 	 2.3877099
0.010255472 	 3.830599
0.0041707586 	 4.554242
0.01542301 	 3.4863327
0.020618243 	 3.668638
0.00511408 	 1.8199089
0.011547583 	 2.051527
0.047004957 	 2.9755104
0.24038799 	 2.2374835
0.29024684 	 2.4703352
0.18949991 	 2.2838566
0.12935221 	 2.6468952
0.098462634 	 1.1709565
0.056354795 	 2.1550684
0.036366574 	 1.9167682
0.03769252 	 3.1986113
0.05332651 	 2.0884674
0.020620434 	 1.7215956
0.0260314 	 1.3751202
0.07410684 	 2.293706
0.0740779 	 1.8377262
0.06883865 	 3.883335
0.048154563 	 2.5691698
0.0747449 	 3.0808144
0.073794484 	 1.1631933
0.046546757 	 2.0982926
0.04167162 	 2.1870432
0.052369468 	 2.521314
0.051492658 	 1.4938204
0.029361397 	 1.9750781
0.025842074 	 2.284526
0.00511408 	 13.815511
0.025661899 	 1.606561
0.015601714 	 0.88617104
0.025840178 	 1.8749564
0.015417684 	 1.5159953
0.0052593728 	 3.4863229
0.00511408 	 4.136944
0.020618243 	 2.9738297
0.028201055 	 1.9455882
0.029410379 	 2.326882
0.020002484 	 2.1770117
0.015423434 	 3.734587
0.010255472 	 2.638338
0.0051328917 	 2.444898
0.025839016 	 3.6341288
0.036356993 	 1.5402987
0.020618243 	 2.3754683
0.03323236 	 2.543839
0.09041767 	 1.3691497
0.10190409 	 1.7230623
0.122370385 	 2.276218
0.090337746 	 2.8789508
0.091083325 	 0.6153901
0.06196133 	 3.3018103
-9.5367386e-07 	 2.4666147
0.009746148 	 1.6946735
0.010243909 	 2.3798037
0.00511408 	 3.3222995
-9.5367386e-07 	 2.4365504
0.018892791 	 3.466654
0.015348863 	 1.1666963
0.008580738 	 2.1041377
0.0062926696 	 3.198382
0.010255472 	 2.8963103
0.036366574 	 2.5588822
0.10849954 	 2.791288
0.09802153 	 3.8724594
0.12423884 	 4.1923823
0.17863359 	 1.6636873
0.17337652 	 2.0199153
0.16886847 	 1.2368188
0.20171155 	 2.2646713
0.24706884 	 2.0668898
0.10967708 	 2.4223773
0.107092895 	 0.94183373
0.13521147 	 1.615327
0.115728356 	 2.0048926
0.09776872 	 0.76565665
0.12994133 	 2.9691474
0.10247897 	 3.3935
0.031089528 	 2.1517177
0.020770978 	 1.551223
0.036358416 	 2.1197724
0.011462388 	 2.7421854
0.029174693 	 3.2023036
0.056212984 	 2.93406
0.040561467 	 1.897181
0.07362201 	 2.8873518
0.062000077 	 1.4715537
0.020615505 	 1.8151226
0.047761045 	 1.2678154
0.036373068 	 2.6655283
0.05975339 	 1.7550722
Summary
-9.5367386e-07  -  0.35870886 ,  0.6153901  -  13.815511
accuracy:  100.0
equal predictions:  0
TensorFlow version: 1.13.1
Found 939 images belonging to 1 classes.
argN = 196
argN = 196
0.12137249 	 3.8826027
0.18378764 	 2.3435798
0.3211602 	 2.3344235
0.39750654 	 2.0984251
0.33364213 	 2.4728549
0.27417737 	 2.8509514
0.12565348 	 2.3531783
0.12380822 	 2.7136128
0.04901399 	 2.2795994
0.047248382 	 3.023678
0.083913766 	 2.1294806
0.1877392 	 2.501428
0.12605001 	 2.8137825
0.11149929 	 2.2336802
0.10380051 	 2.6405628
0.11810454 	 1.9851673
0.21388035 	 2.212346
0.03636225 	 2.5327632
0.008836152 	 2.4098923
0.023365697 	 2.6391766
0.014970886 	 2.1932662
0.005115278 	 2.9685917
1.0609683e-05 	 3.6325612
0.00013072153 	 2.0966806
0.004950478 	 3.0813687
0.00511408 	 1.464857
0.1287412 	 5.2731647
0.11855211 	 2.4429605
0.12010536 	 2.7711186
0.04510801 	 2.2074132
0.035351764 	 2.5367208
0.1300211 	 3.1056542
0.25339407 	 2.586788
0.31988478 	 2.0522985
0.28303814 	 2.5257282
0.21887447 	 4.453487
0.11882843 	 2.5612543
0.32428128 	 2.7288384
0.26434568 	 1.2125345
0.2016855 	 3.4225886
0.3193716 	 1.9354819
0.01961624 	 3.3276513
0.060865935 	 2.1411283
0.019318862 	 13.815511
0.025840057 	 3.6682596
0.050608028 	 2.9390466
0.037282184 	 3.0922995
0.04139364 	 2.1117866
0.14377065 	 3.080377
0.06948664 	 2.3748689
0.031282797 	 3.4892106
0.059738137 	 3.078143
0.07250826 	 3.6642528
0.07108763 	 2.3466763
0.072895035 	 2.8721695
0.09143301 	 3.2035236
0.020554295 	 2.8546093
-9.5367386e-07 	 2.6230698
-9.5367386e-07 	 3.499588
0.010255472 	 2.4974444
0.09146991 	 2.2647061
0.032269787 	 1.9093546
0.21312237 	 3.290186
0.21877557 	 2.2283084
0.18979302 	 1.7076037
0.08871499 	 2.128743
0.058409702 	 2.1871908
0.14617366 	 2.496944
0.38363105 	 2.3986506
0.04171226 	 1.700736
0.12258389 	 1.1573141
0.07448294 	 1.2476461
0.026421353 	 2.5419412
0.029095592 	 2.2600725
0.05692887 	 3.331373
0.040459737 	 2.8285532
0.04700502 	 2.9681208
0.058534067 	 2.5545595
0.05228003 	 2.7190037
0.023709508 	 2.7113335
0.02295711 	 3.4660244
0.019287871 	 3.5077462
0.00511408 	 1.7252272
1.7166285e-05 	 3.4863229
0.00511408 	 1.9792709
-9.5367386e-07 	 3.184836
0.011795796 	 2.306575
0.010255472 	 3.1453547
0.015052387 	 2.3057647
0.0051142597 	 3.9152603
0.010214042 	 2.4462924
0.005123306 	 1.7660252
0.0018608588 	 1.683857
0.002770503 	 3.0647404
0.0010257257 	 0.93494594
0.0 	 1.1683178
3.3974704e-06 	 2.0821187
0.002306198 	 2.275692
0.004962159 	 2.0562336
0.015439959 	 3.5260885
0.020651527 	 1.3044019
0.020616477 	 3.0814192
0.03284307 	 2.05524
0.025392551 	 1.150174
0.026413398 	 1.2754774
0.015413931 	 1.5918005
0.025834369 	 2.2223823
0.025234524 	 1.3677478
0.03109088 	 1.589761
0.021860097 	 2.0703943
0.010255472 	 1.3190273
0.03428049 	 0.7960372
0.036334064 	 1.2549292
0.012754974 	 1.5468564
0.025840178 	 1.6401409
0.010433014 	 1.6791755
-9.5367386e-07 	 2.7930968
0.015423434 	 1.6603192
0.015322836 	 1.9821265
0.005106591 	 1.5158252
0.014917523 	 1.3293302
0.00511408 	 2.916163
0.00511408 	 1.9581553
-9.5367386e-07 	 2.8788235
0.00511408 	 2.1033041
0.010255472 	 2.1407216
-9.5367386e-07 	 1.9234968
0.010255171 	 2.2048032
0.0102530625 	 1.2227337
0.005648802 	 1.7369896
0.010067184 	 2.975638
0.0051143193 	 1.550454
0.0154212555 	 1.386198
0.009813682 	 2.7131786
0.012424142 	 1.3641752
0.010256134 	 1.6694119
0.015432635 	 1.6834515
0.015417502 	 1.5762942
0.0051139 	 4.57918
0.005122647 	 2.0347328
1.1920929e-07 	 1.705123
-9.5367386e-07 	 1.9083682
1.1920929e-07 	 1.6201757
-9.5367386e-07 	 1.896806
2.0861648e-06 	 2.0595937
0.006915285 	 1.1218412
0.0054932637 	 1.559681
0.00511408 	 3.0529306
0.0154412305 	 1.8662874
0.015476945 	 2.4659176
0.014008916 	 1.5397824
0.015423373 	 2.7931776
0.015423434 	 1.9748402
0.020354083 	 3.4861596
0.014823086 	 1.3244612
0.015295358 	 2.870563
-9.5367386e-07 	 1.8256123
0.01025511 	 1.536288
0.00511408 	 1.7845773
0.00511408 	 4.1793013
0.00511408 	 2.8798048
0.00511408 	 1.8561748
0.005007325 	 1.6049744
-8.344647e-07 	 1.6728274
0.00511408 	 1.3382002
0.00484452 	 1.6933966
0.015375798 	 1.505704
0.017292382 	 1.1200237
0.023520317 	 1.9241204
0.0056715203 	 1.0162249
0.0135832885 	 1.4155846
0.0054968596 	 1.5157499
0.025840119 	 1.3258798
0.010256977 	 1.8579153
0.01540812 	 2.066151
0.0101762265 	 1.8505468
0.00922048 	 3.1915903
0.005146731 	 1.486848
0.009489116 	 3.066406
0.011869681 	 1.5882412
0.009507168 	 1.3695911
0.00511408 	 1.1044091
0.020393014 	 1.6716272
0.005152004 	 1.4955832
0.012571165 	 2.0934718
0.025218142 	 1.7214903
0.005966007 	 2.1470187
0.026349628 	 1.7641685
0.010255592 	 1.7915585
0.010353754 	 1.9759587
0.02944715 	 1.3657422
0.010197301 	 1.2713401
0.0956358 	 2.14305
0.101974845 	 2.1723833
0.1150457 	 2.2656312
0.04700502 	 4.1786394
0.04163042 	 1.6398419
0.010255472 	 1.2229375
0.015423434 	 2.2895296
0.0050396738 	 2.0574448
0.015386934 	 1.2783097
0.020600354 	 3.004961
0.027347807 	 3.0808961
0.015781842 	 2.4448862
0.017604567 	 3.6686077
0.031089343 	 2.7122293
0.03887317 	 3.059586
0.031089528 	 2.1731381
0.010254568 	 2.678281
0.010255472 	 1.8578339
0.0005824474 	 2.577957
0.02062603 	 2.7970295
0.0051229466 	 4.4281816
0.00511408 	 1.8817677
0.010177672 	 1.2151278
0.00511408 	 2.4974928
0.015423434 	 2.1425343
0.010254448 	 2.638872
0.010691252 	 1.6603038
0.015423434 	 3.491044
0.019824574 	 0.9667347
0.010250715 	 1.2505119
0.025643002 	 2.3877318
0.015419439 	 1.304948
0.31994438 	 2.502386
0.42342836 	 2.2122154
0.06961316 	 2.0038526
0.04702876 	 2.6326466
0.015423434 	 4.1794376
0.03215406 	 4.2198033
0.010255592 	 1.9819492
0.04143489 	 3.057659
0.064134374 	 2.6393275
0.067900844 	 0.82930815
0.06280491 	 2.7515776
0.024706885 	 2.4384193
0.025839996 	 3.0053353
0.09012809 	 1.7589993
0.07281676 	 2.712822
0.05775773 	 1.8539099
0.052366953 	 2.0986795
0.063177794 	 1.8170325
0.028198173 	 3.0735772
0.046964414 	 1.2517838
0.051204156 	 3.1986492
0.025840178 	 2.72994
0.020712437 	 2.5736675
0.010255472 	 2.5210335
0.015423252 	 3.0799127
0.010327316 	 3.1296704
0.005115158 	 2.1857505
0.010728062 	 2.7099602
0.010255351 	 2.4265935
0.005456106 	 2.409783
0.015408241 	 3.1430786
0.010255531 	 2.4977958
0.0258381 	 1.876979
0.014324129 	 2.9847152
0.031319514 	 1.2750641
0.025840178 	 3.4860835
0.08248436 	 2.5700395
0.08704686 	 2.8758953
0.11121726 	 2.184214
0.11855211 	 2.1866667
0.12748218 	 1.9112014
0.11249571 	 2.088338
0.09595185 	 1.8308343
0.14671914 	 2.1863084
0.09115567 	 1.7626667
0.10619589 	 1.803496
0.106198005 	 2.6719737
0.095109805 	 2.1934586
0.060312703 	 1.5273525
0.010255472 	 3.8665729
0.03107182 	 2.2570746
0.00511408 	 2.3332164
0.02000674 	 2.9826117
0.030403078 	 2.4448943
0.014689764 	 2.3809886
0.062253904 	 1.7415895
0.057826314 	 3.0449872
0.057632893 	 3.3275232
0.07276849 	 2.0204573
0.11380425 	 2.7915366
0.16134818 	 1.5993303
0.17518851 	 1.58978
0.17375372 	 2.490217
0.20482442 	 2.653083
0.18825993 	 2.049022
0.21457715 	 1.5633153
0.14632681 	 1.8732109
0.099799685 	 2.4374352
0.13688208 	 2.5803542
0.19004224 	 1.3138613
0.13050832 	 1.7024142
0.1140661 	 1.7612956
0.09892709 	 1.6258625
0.11695859 	 1.8382438
0.092401326 	 3.3111172
0.098807074 	 3.330068
0.062516995 	 2.616589
0.068619214 	 1.0037278
0.047004145 	 2.3414395
0.026044551 	 2.1865058
0.017494166 	 1.8416792
0.021926869 	 1.9553167
0.031088235 	 3.1934886
0.01980518 	 1.4326476
0.0691556 	 1.781213
0.073943816 	 3.818839
0.03545557 	 1.5683246
0.032423574 	 3.6684184
0.043063924 	 1.2023185
Summary
-9.5367386e-07  -  0.42342836 ,  0.7960372  -  13.815511
accuracy:  100.0
equal predictions:  0
TensorFlow version: 1.13.1
Found 939 images belonging to 1 classes.
argN = 196
argN = 196
0.10379357 	 3.1188338
0.17315269 	 2.7654486
0.5250879 	 2.6967835
0.26145807 	 2.4195466
0.14351095 	 2.5693092
0.09086823 	 3.117006
0.04446708 	 3.5131154
0.063653715 	 2.2765837
0.05593654 	 2.280898
0.07040471 	 3.646198
0.05618486 	 3.1824853
0.07509206 	 1.2717402
0.093393356 	 2.1981506
0.1301608 	 1.6050678
0.0425235 	 2.6624987
0.06738452 	 2.443486
0.15168287 	 2.5160663
0.14021948 	 1.4617926
0.10932295 	 2.8522272
0.11143971 	 2.324076
0.120081775 	 1.8456981
0.12520137 	 2.175742
0.13703717 	 4.5407834
0.10824679 	 2.2395575
0.21528353 	 2.4530668
0.25042224 	 1.7752525
0.1619128 	 4.6639943
0.15137027 	 2.9036744
0.07356151 	 2.3344045
0.09082795 	 2.5877132
0.0057678544 	 2.6628559
0.06436567 	 3.6099646
0.2137091 	 1.6789876
0.05012818 	 2.3356946
0.2126807 	 2.1807497
0.21381192 	 2.5759485
0.24647234 	 2.2198017
0.15326875 	 1.8338727
0.0842723 	 3.852816
0.07965012 	 2.865665
0.36480692 	 2.0545387
0.24521874 	 2.303452
0.29977012 	 2.0977185
0.20507939 	 1.95776
0.15015969 	 2.644558
0.15227947 	 2.4076228
0.18499377 	 2.7986002
0.1488914 	 2.2752693
0.097352624 	 2.5766773
0.04919636 	 2.4048376
0.044562053 	 2.3832579
0.05067712 	 3.489154
0.03939203 	 2.9639988
0.017364975 	 2.218323
0.070454076 	 2.0813065
0.107786745 	 2.1770582
0.103248864 	 2.377579
0.13137624 	 2.3419764
0.095611334 	 1.8159416
0.0632557 	 2.1058292
0.073784344 	 2.5222979
0.06870189 	 2.793456
0.067982055 	 1.8503284
0.12116672 	 2.4364536
0.067774355 	 2.621071
0.02060796 	 2.2392342
0.025849782 	 2.5106947
0.04590547 	 3.4628737
0.031630266 	 1.9720566
0.07997077 	 2.40665
0.020597372 	 3.0808687
-9.5367386e-07 	 1.3638978
0.008138665 	 2.7977097
-9.5367386e-07 	 3.5458703
-9.5367386e-07 	 2.8416207
-9.5367386e-07 	 2.125673
0.021351283 	 1.6854888
0.10104423 	 3.2865725
0.029487664 	 1.6948225
0.028374575 	 2.49323
0.03363808 	 2.306441
0.058013074 	 2.6146612
0.08120819 	 3.4213107
0.098816484 	 2.5226886
0.14735843 	 2.2100694
0.15314148 	 2.3635798
0.19260587 	 2.7774224
0.21239732 	 2.90732
0.16542791 	 2.3121982
0.15473664 	 1.798279
0.19870561 	 4.1776905
0.122092485 	 2.6390054
0.041816045 	 2.88757
0.06859892 	 2.637538
0.044406265 	 2.0426853
0.07070737 	 2.172567
0.11865351 	 1.8992436
-9.5367386e-07 	 1.4120888
0.042593908 	 3.195845
0.05760568 	 3.4719968
0.037252367 	 1.8431205
0.010255472 	 2.702633
-5.960463e-07 	 2.2307076
0.005117135 	 2.6748044
0.02342 	 2.9478328
0.031088358 	 2.7042453
0.01542301 	 2.3154604
0.010247282 	 2.594447
-4.7683704e-07 	 2.1030834
0.010661491 	 3.4862723
1.4305125e-06 	 2.5441477
5.960466e-07 	 3.4801273
0.005114619 	 2.2345252
6.0796924e-06 	 3.4757695
0.012780752 	 2.4605944
0.012499764 	 1.5074927
0.015405093 	 1.7545913
0.015403277 	 1.8783047
0.00511408 	 2.3879864
0.0088673625 	 1.7864456
0.015423192 	 1.5755737
0.00511408 	 1.0908228
-9.5367386e-07 	 1.9870985
-9.5367386e-07 	 2.1138933
-9.5367386e-07 	 2.1209826
-9.5367386e-07 	 1.4738921
0.01025499 	 2.9363716
0.010255472 	 1.207633
0.020314362 	 1.1145583
0.015400615 	 1.2062099
0.010390974 	 1.7315828
0.02588905 	 2.3220913
0.020808892 	 2.0764458
0.010246319 	 2.6428218
0.010255472 	 2.85469
0.020608628 	 1.5512455
0.015409149 	 1.9907585
0.020931346 	 2.061251
0.010255472 	 2.3702395
0.005155239 	 3.2014773
-9.5367386e-07 	 1.9641684
-9.5367386e-07 	 2.758449
0.010159668 	 1.703422
-9.5367386e-07 	 1.0955142
0.014451172 	 2.0004904
0.01025511 	 1.437974
0.009526665 	 1.1603177
0.009580403 	 2.4864762
0.015423434 	 1.7591665
-9.5367386e-07 	 2.0106778
-5.960463e-07 	 1.8769891
0.0052982606 	 2.3918414
0.0062018624 	 1.5721166
0.010258904 	 2.7837605
-9.5367386e-07 	 2.7638817
-9.5367386e-07 	 1.7650515
-9.5367386e-07 	 1.450895
0.0052406183 	 1.0577208
-9.5367386e-07 	 2.9746137
-9.5367386e-07 	 1.624419
-9.5367386e-07 	 2.4398665
-9.5367386e-07 	 2.5032554
0.00511408 	 2.0069163
0.005113361 	 1.9658977
0.012753585 	 1.2808263
-9.5367386e-07 	 1.2219405
0.0016153979 	 1.592543
0.015423252 	 2.0592608
0.013725164 	 2.7018871
0.010255472 	 1.2864289
0.01542295 	 1.1746088
0.012203829 	 1.2516173
0.010255592 	 1.2972378
0.010255472 	 2.8808258
0.015294935 	 2.421783
0.010255472 	 1.5116345
0.004642338 	 1.109158
0.010205551 	 1.9389199
0.009563192 	 1.6426536
0.009309577 	 1.0684505
0.00511408 	 1.5318079
0.015271513 	 1.6967092
0.0051141996 	 1.6371882
0.0009657634 	 1.853911
0.0051714755 	 2.1716714
0.0111730285 	 1.4927403
0.005653897 	 1.5117866
0.020465469 	 2.152471
0.023295045 	 1.2378342
0.009249957 	 2.3137558
0.010536373 	 1.3156133
0.007657326 	 1.7659025
0.00511408 	 2.0555274
0.01541841 	 1.5358485
0.011783915 	 1.0724739
0.020236323 	 2.9753938
0.010133595 	 1.5999225
-9.5367386e-07 	 1.4779707
0.021383252 	 1.0161242
0.017222885 	 2.0803924
-9.5367386e-07 	 2.5679467
0.0068207607 	 1.5171463
0.015469741 	 1.6617872
0.020618303 	 2.3537176
0.008127849 	 1.5967622
0.008462371 	 1.706085
0.0099273315 	 1.242012
0.010828801 	 1.3317837
0.014973668 	 1.8470117
0.091387615 	 2.6114602
0.058726143 	 4.5817037
0.116702214 	 1.2889202
0.15041937 	 2.4625552
0.074111916 	 2.9024541
0.05776872 	 1.8896358
0.015423434 	 13.757615
0.025651809 	 3.6686006
0.010255472 	 2.5698018
0.00511408 	 3.0697215
0.020618243 	 2.9854357
0.025745317 	 11.524887
0.02061587 	 3.234953
0.031087374 	 2.713005
0.020618243 	 3.8574276
0.015423373 	 3.0846806
0.015423434 	 2.3335435
0.015423434 	 2.5052695
0.00511408 	 0.68250996
0.006617039 	 3.6795924
0.01542186 	 1.2738878
0.00813584 	 3.0808558
0.020617938 	 4.573886
0.025840178 	 2.5000515
0.041686036 	 3.340151
0.079425715 	 2.3474598
0.049982864 	 4.163725
0.042468213 	 2.2113047
0.2552316 	 2.360457
0.102062166 	 2.2139473
0.041665778 	 2.5700247
0.031082517 	 3.332237
0.068087585 	 4.131625
0.06862381 	 3.8917747
0.064409465 	 2.2868311
0.044686515 	 3.5787218
0.031089466 	 2.1869676
0.022854654 	 3.646349
0.010255411 	 2.4533463
0.010255472 	 1.099481
-9.5367386e-07 	 1.0650609
0.00511408 	 2.9778743
0.020554598 	 2.4572048
0.010255472 	 1.8365511
0.020668259 	 2.488255
0.026367866 	 1.6711687
0.015423252 	 1.8989848
0.015423434 	 1.8441027
0.015417623 	 2.3121219
0.068703234 	 1.2519214
0.088950664 	 1.8784041
0.13198946 	 1.1100197
0.11730732 	 2.6741207
0.11369426 	 2.077074
0.065283425 	 1.8710757
0.055984322 	 1.7971786
0.036360025 	 3.0777092
0.020618243 	 4.31644
0.031201623 	 3.0808547
0.020594269 	 2.003373
0.00511408 	 1.9812884
0.010255472 	 2.4048812
-7.152555e-07 	 2.6380355
0.010255351 	 2.5700378
0.010240658 	 3.1644213
0.010255472 	 3.6710382
0.0154170785 	 1.3305379
0.02585492 	 1.4418511
0.07539133 	 2.8778534
0.07124091 	 0.9235864
0.092434146 	 4.58487
0.1843094 	 3.8589385
0.24506938 	 3.0424159
0.20711513 	 2.7758281
0.17737746 	 1.6444145
0.12853648 	 1.7680813
0.13242356 	 2.149148
0.1451478 	 1.4194647
0.13400064 	 1.8068124
0.10139563 	 2.140536
0.082010455 	 2.9322338
0.09847289 	 3.2054257
0.11885964 	 1.7816013
0.052090634 	 2.565327
0.05236689 	 1.1718684
0.020618485 	 1.6481268
0.045715094 	 5.2779193
0.025135562 	 3.0807428
0.028490355 	 2.9770737
0.025652666 	 1.5401424
0.010256977 	 1.3400255
0.030827073 	 1.8447617
0.045803007 	 2.566309
0.06474072 	 2.4123135
0.10010427 	 2.0988758
0.057504475 	 2.731483
0.06217474 	 3.3329134
0.035371464 	 2.6993515
0.041675847 	 3.727616
0.055065732 	 2.1519408
0.036392227 	 2.7028685
0.03258656 	 4.58487
0.048667815 	 1.5962694
0.03108307 	 2.7890768
Summary
-9.5367386e-07  -  0.5250879 ,  0.68250996  -  13.757615
accuracy:  100.0
equal predictions:  0
TensorFlow version: 1.13.1
Found 939 images belonging to 1 classes.
argN = 196
argN = 196
0.12974451 	 2.440298
0.4437103 	 2.7271485
0.5024652 	 2.899035
0.08956489 	 5.156404
0.08011218 	 3.6810794
0.08837192 	 2.8519669
0.2405139 	 1.4271866
0.102101244 	 2.3329122
0.13444448 	 2.411469
0.1677992 	 2.3229613
0.1560504 	 3.4589238
0.25824368 	 2.6500869
0.22912003 	 2.5114093
0.22492029 	 2.0484514
0.1981614 	 2.8063085
0.3023733 	 3.6712418
0.35097328 	 2.0167103
0.07725387 	 2.608457
0.05236262 	 1.8763798
0.01025481 	 3.8906248
0.084603004 	 2.139689
0.05583418 	 2.0521245
0.03707142 	 2.745371
0.00511408 	 2.8529522
-9.5367386e-07 	 3.1773117
0.0062900903 	 3.19802
0.005115278 	 3.2010455
0.025844216 	 2.6567457
0.04887841 	 2.969389
0.20501661 	 2.372218
0.25109747 	 2.7212288
0.24367994 	 1.4525541
0.1993794 	 2.8370807
0.23034693 	 1.9744905
0.20067966 	 1.9509284
0.18632457 	 2.8442042
0.39756107 	 2.3091168
0.36257976 	 2.892279
0.19250117 	 2.276298
0.18306243 	 2.5127292
0.22796927 	 2.4126353
0.23440003 	 3.7537415
0.42533937 	 2.694061
0.24954097 	 2.4035819
0.30284932 	 3.1695497
0.120458685 	 2.4722128
0.16265361 	 2.4761188
0.17854916 	 2.4714835
0.10921943 	 2.1514544
0.124687344 	 3.4134254
0.13550806 	 2.6458645
0.116904855 	 2.175742
0.052246306 	 1.5050331
0.015422647 	 2.2795086
0.045998644 	 2.978159
0.030029071 	 2.1133945
0.046264485 	 2.2566402
0.049449835 	 2.2445462
0.08251426 	 1.685833
0.079032086 	 4.832487
0.039135758 	 2.239585
0.03980218 	 2.280944
0.052691165 	 3.6184323
0.1775211 	 2.766338
0.16636877 	 2.9567873
0.053203106 	 2.2791703
0.031030808 	 3.150222
-9.5367386e-07 	 2.398988
-9.5367386e-07 	 2.9671876
-9.5367386e-07 	 2.4242241
-9.5367386e-07 	 4.5937285
0.037549928 	 2.4781885
0.123230994 	 3.0665739
0.04531767 	 3.4138744
0.2822056 	 2.0937688
0.19319291 	 2.5580754
0.1065182 	 2.6582365
0.12766121 	 2.3438294
0.37718078 	 2.0349677
0.2926071 	 2.7175457
0.16758323 	 2.2442436
0.14693065 	 2.5690064
0.15113793 	 2.6858933
0.17021365 	 2.593614
0.055836704 	 2.622706
0.024778552 	 2.9790916
-9.5367386e-07 	 2.676657
0.032334734 	 2.4839134
0.045662746 	 4.184892
0.0223482 	 3.186316
0.08514439 	 2.7806716
0.00511408 	 2.5427463
-9.5367386e-07 	 2.792397
5.3526404e-05 	 2.7341635
0.005097425 	 4.1790133
-9.5367386e-07 	 3.0796533
0.018513594 	 2.7542932
0.0051352284 	 4.9593596
0.015411267 	 1.7275544
0.017684221 	 2.134039
0.010239032 	 1.8090076
0.025455954 	 2.2668526
0.005127979 	 1.2898004
0.005460601 	 2.7533722
-9.5367386e-07 	 2.165653
-9.5367386e-07 	 2.1859472
-8.344647e-07 	 1.8355496
-9.5367386e-07 	 1.1624609
-9.5367386e-07 	 2.5855699
1.1324889e-06 	 2.264945
0.0051141996 	 1.4797633
0.00511408 	 2.3924158
0.0051143193 	 1.0322608
0.010255472 	 2.13225
0.0051810616 	 1.582429
0.00511408 	 1.634401
0.015423434 	 1.943659
0.011118482 	 1.7630951
0.021135997 	 1.91811
0.02061666 	 1.8771052
0.025857856 	 2.8712227
0.02583969 	 2.008084
0.036363363 	 1.7682098
0.052042536 	 2.8707945
0.041156232 	 1.9522187
0.032675423 	 1.5006243
0.015423434 	 1.1284813
0.025863728 	 1.6569707
0.026677877 	 1.2804794
0.009152385 	 1.6386257
0.01039802 	 1.6783967
0.015401643 	 2.5586343
0.015341478 	 2.3753111
0.008604664 	 1.3368498
0.020618243 	 2.0809429
0.00511408 	 1.995653
0.00511408 	 1.7818193
0.00586066 	 1.2768611
0.0017964874 	 1.8202635
0.0102419825 	 2.6975026
0.005114559 	 1.6434888
0.010249992 	 2.0182965
0.010239514 	 1.3280354
0.011706418 	 1.5373415
0.005112702 	 1.4072981
0.0051307348 	 1.9602947
0.005659292 	 1.2296052
0.00511396 	 1.5020577
0.00511408 	 2.623141
-9.5367386e-07 	 1.7743624
-9.5367386e-07 	 1.1391304
4.9830724e-05 	 1.5295516
-9.5367386e-07 	 3.3319502
0.00015814362 	 2.137868
0.015423252 	 2.2293577
0.010212235 	 2.0156455
0.016021296 	 2.711791
-9.5367386e-07 	 2.3879454
0.010244451 	 1.5182508
0.015426945 	 1.6275477
0.01542186 	 3.0711164
0.020618243 	 2.4455159
0.02047356 	 1.9127214
0.020618243 	 2.161257
0.014763319 	 1.6628586
0.00511408 	 1.6607398
0.02035244 	 2.6035526
0.00511408 	 1.7104393
0.005078434 	 1.6267444
0.019090647 	 1.7301762
0.0051222877 	 2.1855288
0.01412389 	 2.701632
-9.5367386e-07 	 1.814488
0.010255171 	 2.1369967
0.00511396 	 1.7766172
0.0068201604 	 2.8965867
0.0067665707 	 1.2554386
0.019143503 	 1.2186459
0.031805243 	 1.5112067
0.025310814 	 2.5332773
0.0051142597 	 2.7924573
0.010255291 	 2.7349815
0.00511408 	 0.9072328
0.0051184534 	 1.7061864
0.010255472 	 1.3967369
0.0149667105 	 2.6368167
0.00511408 	 1.8155653
0.015369261 	 2.0803232
0.00977835 	 1.9110353
0.009501693 	 1.9201541
0.019797701 	 2.2227757
0.018955175 	 1.7176135
0.007302718 	 1.2412918
0.018628359 	 1.3882413
0.14949036 	 2.1732738
0.12693734 	 1.4590489
0.11843924 	 1.6959459
0.053414658 	 2.4099183
0.055603404 	 2.407891
0.043805454 	 2.1426098
0.030608632 	 1.537152
0.025172481 	 1.4202571
0.04180374 	 3.668638
0.036365956 	 3.223639
0.025840178 	 1.6846136
0.021167228 	 1.744467
0.015357578 	 1.7815945
0.010256676 	 1.9325138
0.010255351 	 2.025634
0.00511408 	 1.0966474
-9.5367386e-07 	 2.273114
0.00035017898 	 4.1827292
0.00511408 	 3.0806885
0.010255472 	 1.9879531
0.015423434 	 1.5013018
0.010255472 	 9.202589
0.015612672 	 1.9081485
0.0051083285 	 2.278382
-9.5367386e-07 	 2.2801669
0.010215126 	 3.8818939
0.015423434 	 2.5980568
0.033419393 	 2.231449
0.025826294 	 2.5240347
0.057547722 	 2.7931738
0.047002897 	 1.5586257
0.105484925 	 2.0491657
0.06347587 	 2.3977947
0.036366574 	 2.4448917
0.04167162 	 3.486327
0.031089528 	 1.3471996
0.046323106 	 3.4861088
0.062221237 	 3.1986988
0.032017056 	 3.4398484
0.041569527 	 2.8802457
0.037190378 	 3.7376764
0.018665887 	 2.5702958
0.15415019 	 2.0157135
0.054033477 	 2.1445775
0.10758952 	 2.5700512
0.12354124 	 4.584864
0.052248817 	 3.4863503
0.054647516 	 1.9227129
0.06471274 	 1.5963017
0.08501246 	 2.2414682
0.035402957 	 2.1054165
0.051934984 	 2.3130918
0.05775773 	 2.004734
0.039150015 	 2.1424432
0.041666463 	 0.90417325
0.031089528 	 3.1775289
0.011304013 	 2.634111
0.010409343 	 3.4784222
0.008159758 	 2.984997
0.00511408 	 2.069682
0.026993742 	 2.570041
0.00511408 	 5.2779193
0.0050074453 	 1.5641135
0.101963885 	 2.4971004
0.09876905 	 3.6666913
0.13118912 	 1.934298
0.096914046 	 1.7132698
0.09222732 	 1.8015244
0.09261101 	 1.6385689
0.082060345 	 2.3120556
0.09026632 	 1.5333177
0.057741188 	 3.4847412
0.0739641 	 1.3029854
0.024103014 	 3.9001212
0.010255472 	 1.8072067
0.015414475 	 1.3552814
0.010242946 	 3.486319
0.020618243 	 3.8917718
0.009843779 	 1.8775325
0.0143643385 	 2.5679102
0.03239322 	 2.1146812
0.016530313 	 3.3319218
0.015420892 	 3.3320935
0.025840178 	 1.0884949
0.041218154 	 1.8758101
0.112355985 	 3.43704
0.088347174 	 2.9542475
0.20113458 	 2.3735473
0.2149632 	 3.1148
0.17668946 	 1.9076568
0.18361825 	 1.8542707
0.21922967 	 2.1083612
0.21767963 	 2.4960258
0.17645378 	 1.5655164
0.12218509 	 1.9042345
0.08825759 	 1.231883
0.082604244 	 1.6620969
0.08738823 	 1.884619
0.1207742 	 2.4249365
0.10243862 	 1.7815382
0.09046171 	 1.6585819
0.063177794 	 2.9674761
0.050936557 	 3.4863133
0.06862739 	 2.2944717
0.031089528 	 2.335744
0.041625697 	 3.3319936
0.036191292 	 1.7999288
0.0049436498 	 2.3822083
0.018593138 	 1.9598496
0.020135604 	 3.4876049
0.029362317 	 1.8664658
0.06091699 	 3.5582483
0.06738133 	 2.4821193
0.061482284 	 2.7014694
0.039948136 	 1.2119274
0.047046065 	 3.0801966
0.036363114 	 1.9163954
0.031082025 	 2.2331483
0.030985374 	 3.1987207
Summary
-9.5367386e-07  -  0.5024652 ,  0.90417325  -  9.202589
accuracy:  100.0
equal predictions:  0
