TensorFlow version: 1.13.1
Found 939 images belonging to 1 classes.
argN = 196
argN = 196
0.14952177 	 0.930599
0.1946341 	 0.7297782
0.29379413 	 0.37477148
0.38934913 	 0.5311976
0.3780046 	 0.5444301
0.33078533 	 0.65019214
0.27592888 	 0.59059316
0.4249856 	 0.78660727
0.34209383 	 0.73501885
0.27568573 	 0.9797433
0.34325415 	 1.2108257
0.41312036 	 0.95835555
0.33928472 	 0.93877554
0.44287992 	 0.5650403
0.40938967 	 0.74231035
0.398799 	 0.71878904
0.35733876 	 0.6852198
0.34700072 	 0.7488851
0.35611704 	 0.56890655
0.36072743 	 0.81893104
0.42533782 	 0.8486133
0.17261462 	 0.49724343
0.21534465 	 0.53955775
0.25384572 	 0.53408706
0.3427475 	 0.56456876
0.3889468 	 0.6740305
0.36479276 	 0.7167996
0.3897319 	 0.8112118
0.3013054 	 0.74200964
0.2115657 	 0.87580436
0.14202406 	 0.5337538
0.17764574 	 0.8000324
0.28230923 	 1.2427429
0.3020088 	 0.48020554
0.22936396 	 0.6519542
0.15415874 	 0.7466868
0.38216367 	 0.749307
0.3335584 	 0.8956333
0.20157073 	 1.0468196
0.53035873 	 0.76711273
0.57111967 	 0.84616673
0.42572817 	 1.1142814
0.28987458 	 0.628849
0.30819532 	 0.80647206
0.35949603 	 0.30896464
0.40724498 	 0.42808613
0.3572223 	 0.60381526
0.47562233 	 0.78844154
0.42959863 	 0.6787421
0.24374588 	 0.7144181
0.31609866 	 1.106364
0.2015813 	 1.4522467
0.062047325 	 1.2420623
0.13447092 	 0.914883
0.18655935 	 0.96626043
0.2159836 	 0.83197373
0.28000742 	 0.89848614
0.31052032 	 0.82608163
0.41562685 	 0.8512127
0.3353609 	 0.77449775
0.3718519 	 0.87386024
0.26437813 	 0.54270047
0.21244325 	 0.6169062
0.14159285 	 0.5254748
0.29060292 	 0.4761389
0.31275 	 0.45185888
0.3390605 	 0.64153194
0.16103466 	 0.9081024
0.4670209 	 0.6982552
0.40802404 	 0.8474392
0.15767582 	 0.72365403
0.2604599 	 0.8155429
0.33783776 	 0.51826215
0.36148852 	 0.8971577
0.060636334 	 0.8120956
0.45176682 	 0.56876206
0.44460618 	 0.8591864
0.25694478 	 0.5582465
0.2924779 	 0.6099074
0.30462772 	 0.5936923
0.09203451 	 0.55845505
0.23423994 	 1.1127684
0.16968226 	 0.8988992
0.2677405 	 0.806793
0.037991144 	 0.82206637
0.2394048 	 1.0511292
0.17342444 	 1.0188686
0.24856326 	 1.2590572
0.2748202 	 0.61206424
0.40187922 	 0.6190685
0.4365833 	 0.54796404
0.4322607 	 0.6675534
0.107298315 	 0.49170062
0.13191812 	 0.69295144
0.11007564 	 0.5105269
0.038289793 	 0.6946925
0.056075417 	 0.90136814
0.037600428 	 0.8998747
0.032047458 	 1.2573818
0.027796678 	 0.9539056
0.02732851 	 1.0170892
0.03360467 	 0.35902897
0.04076502 	 0.79511654
0.031252295 	 0.6108556
0.009313187 	 1.2790405
0.016705396 	 0.71510327
0.009995239 	 1.0568137
0.020499112 	 1.5092406
0.057706077 	 0.8547892
0.07637035 	 1.0312608
0.09274042 	 1.0230446
0.10031919 	 0.9477348
0.13346545 	 1.1717014
0.17151693 	 1.0075264
0.16163693 	 0.7939931
0.17497335 	 0.8765241
0.2792387 	 0.51158196
0.3218713 	 0.73807687
0.31505272 	 0.8010655
0.24307849 	 0.6819669
0.21711293 	 0.86632204
0.19382139 	 0.8716113
0.23276132 	 1.2067454
0.22777712 	 0.6826234
0.22420387 	 0.5802788
0.24526818 	 0.82158315
0.21998501 	 0.7323724
0.23173329 	 0.66645664
0.20096469 	 0.6412675
0.25617695 	 0.86465645
0.2762727 	 0.58926195
0.28234795 	 0.5899234
0.30968204 	 0.58735067
0.27844995 	 0.56095743
0.23942994 	 0.68864393
0.19255254 	 0.6097749
0.33150357 	 0.57912743
0.27906433 	 1.0048572
0.28493726 	 0.45579264
0.32090744 	 0.63902175
0.29540086 	 0.82172614
0.2949693 	 0.64675045
0.27417243 	 0.65453017
0.26846743 	 0.7450085
0.30569702 	 0.7497379
0.31630197 	 0.57325304
0.38949794 	 0.61278176
0.35439742 	 0.70253956
0.3239735 	 0.59815323
0.35320264 	 0.5203286
0.3476982 	 0.6192559
0.402764 	 0.70117205
0.43151334 	 0.8104335
0.48964635 	 0.68957597
0.5395705 	 0.5944448
0.47236437 	 0.67031425
0.38092452 	 0.69207144
0.58380216 	 0.8956464
0.32115033 	 0.66290385
0.40875334 	 0.53318655
0.44245166 	 0.6497842
0.34941784 	 0.9533571
0.33228755 	 0.7412916
0.26328015 	 0.6596597
0.26328024 	 0.7826139
0.22932026 	 0.6295117
0.24582386 	 0.5503928
0.2225902 	 0.81968796
0.15820639 	 0.5019783
0.18415776 	 0.7391195
0.16902338 	 0.634664
0.11945645 	 0.5874404
0.12628669 	 0.46978432
0.13593979 	 0.7239144
0.13763215 	 1.2669683
0.0894076 	 0.7141948
0.0779652 	 0.7727751
0.072511144 	 0.46454948
0.13718703 	 0.6967778
0.1332057 	 0.47437787
0.12504344 	 0.47738546
0.13292076 	 0.32696766
0.13215843 	 0.61361295
0.115318365 	 0.33769068
0.14878003 	 0.7499423
0.111295804 	 0.38781345
0.09307465 	 0.41968548
0.09467804 	 0.8017826
0.120306745 	 0.632024
0.08052388 	 0.5377913
0.06863147 	 1.059134
0.06577041 	 0.63049084
0.09201471 	 0.50636727
0.059579335 	 0.36740944
0.07515651 	 0.65505123
0.057964753 	 0.63317114
0.2500159 	 1.2338234
0.2863466 	 1.3425528
0.3081108 	 0.9954065
0.38000503 	 0.67144614
0.32780343 	 1.1121957
0.36880815 	 0.87929446
0.10464428 	 0.9350855
0.12908308 	 1.1267189
0.1731568 	 1.7808468
0.2093978 	 2.5385506
0.16009691 	 1.3379953
0.15062793 	 1.3054098
0.15906242 	 1.486384
0.15253651 	 0.65460086
0.16472404 	 2.0787814
0.2145869 	 2.0625224
0.18613228 	 1.0656433
0.18005936 	 0.7403523
0.2497731 	 1.0250148
0.2174312 	 0.803967
0.17691687 	 1.0289286
0.172908 	 1.14101
0.17088124 	 0.33681756
0.188956 	 2.0196755
0.19901997 	 1.9237396
0.22554618 	 0.7244172
0.20804872 	 1.146338
0.21554953 	 0.9524603
0.19772556 	 0.77486235
0.19036607 	 2.1494088
0.18715492 	 1.0144911
0.28464636 	 0.7360832
0.6210918 	 0.8045572
0.4071194 	 1.081885
0.36427954 	 1.075774
0.26925218 	 1.574592
0.28168756 	 1.3240399
0.3287982 	 1.1616918
0.27254942 	 1.5366873
0.2654954 	 1.5809404
0.29025784 	 1.5167205
0.2670929 	 1.1055886
0.4008443 	 1.0967655
0.2849063 	 1.2320406
0.24193889 	 2.045163
0.3513878 	 2.1434708
0.29111683 	 1.5121326
0.3641598 	 1.3433119
0.21649659 	 1.0238212
0.17749447 	 1.7139204
0.12370555 	 1.7004722
0.17793882 	 0.6153333
0.12620133 	 1.9909903
0.13593434 	 1.052079
0.16522531 	 1.7817677
0.10275227 	 1.9049507
0.088680856 	 1.449083
0.24326669 	 1.1007701
0.20319566 	 0.78217894
0.26391616 	 1.4132794
0.42886725 	 1.388082
0.5153277 	 1.2422931
0.4637542 	 1.3272651
0.31403545 	 1.2573519
0.39193603 	 1.6934254
0.27395362 	 1.2091749
0.14143753 	 1.4281148
0.14798218 	 0.654224
0.14521685 	 1.6731161
0.17176977 	 1.7448648
0.17011353 	 1.7094392
0.14651354 	 1.9883208
0.1480974 	 1.5849403
0.12674591 	 0.964099
0.13181387 	 1.6577314
0.09830762 	 1.5606581
0.14265803 	 1.3845524
0.16878407 	 1.2670685
0.18214735 	 0.64195365
0.23337814 	 0.90860844
0.242784 	 1.1394377
0.26220077 	 0.72935086
0.23965739 	 1.6716735
0.24678524 	 1.397672
0.28175643 	 1.0309792
0.27280706 	 0.980295
0.1941691 	 1.5608245
0.21539648 	 0.9200696
0.19223747 	 0.6954728
0.17309357 	 0.7726673
0.30181187 	 0.96760786
0.2750067 	 0.86857086
0.29051188 	 1.275661
0.20023471 	 1.1089058
0.1667094 	 1.4039783
0.18803027 	 1.0360769
0.19415094 	 1.021309
0.16598633 	 1.354647
0.22492857 	 1.1174974
0.349096 	 1.3161695
0.3460261 	 1.0014513
0.29977992 	 0.9668032
0.40794364 	 0.5854166
0.389427 	 1.2798595
0.32349885 	 1.0480092
0.3716378 	 1.1932733
0.38977346 	 0.7689094
0.3545327 	 1.2510546
0.31593958 	 1.2099253
0.3732502 	 1.2348282
0.36134747 	 0.6818838
0.3340075 	 0.60941875
0.35121596 	 1.3370926
0.21018451 	 0.9705638
0.32414132 	 1.6244816
0.31699848 	 1.0533155
0.36441186 	 0.7678726
Summary
0.009313187  -  0.6210918 ,  0.30896464  -  2.5385506
accuracy:  99.7
equal predictions:  0
TensorFlow version: 1.13.1
Found 939 images belonging to 1 classes.
argN = 196
argN = 196
0.5234677 	 1.4915851
0.34559426 	 1.8856167
0.94297504 	 1.3594772
0.9271106 	 1.48743
0.69601566 	 1.1312519
0.56533396 	 1.2386519
0.3320333 	 2.4438217
0.21179883 	 2.1200273
0.2559656 	 1.3308882
0.16770947 	 1.6056968
0.22512437 	 1.6547757
0.21152653 	 2.144149
0.15194164 	 2.009546
0.39356157 	 1.0136926
0.46979243 	 1.7166675
0.37012824 	 1.2169702
0.34507304 	 1.2377604
0.48610517 	 1.1453856
0.564302 	 1.4302638
0.4578737 	 2.1915247
0.48860872 	 1.8950403
0.47701794 	 1.6296113
0.41359562 	 2.1487021
0.13731626 	 1.7547386
0.22173004 	 1.8758074
0.18472199 	 1.2913662
0.10219769 	 2.3441877
0.03432651 	 3.4858596
0.036451634 	 1.8417656
0.044202965 	 1.285828
0.06060372 	 2.3153312
0.09066707 	 1.9114001
0.1197822 	 2.5123556
0.36644232 	 0.98420393
0.44716164 	 1.365119
0.3591989 	 1.1862614
0.36921617 	 1.8338373
0.22901084 	 1.6810385
0.546093 	 1.1729366
0.6016663 	 2.870137
0.6331781 	 2.2323759
0.6497752 	 1.16605
0.38251862 	 1.9521255
0.11745418 	 2.605271
0.57847136 	 1.0683769
0.4537021 	 1.0140845
0.4471979 	 0.9726602
0.05252732 	 2.4717786
0.054870076 	 2.236973
0.06991853 	 1.9149964
0.27406353 	 1.3931618
0.23815744 	 1.2426497
0.27454698 	 1.5372599
0.353767 	 1.3888438
0.30229667 	 1.651287
0.19739433 	 1.4227146
0.24104875 	 1.4221019
0.21231544 	 1.6666563
0.18414766 	 2.0365753
0.10758972 	 1.5531433
0.040420946 	 2.3218305
0.02061806 	 1.3125455
0.038303416 	 1.714473
0.005687645 	 2.1858432
1.6868256e-05 	 3.1426022
0.010087715 	 2.4507928
0.06517139 	 1.5959005
0.1063516 	 1.9337269
0.23820856 	 1.1138386
0.4328872 	 1.5313114
0.4542006 	 1.4090539
0.29089946 	 1.8520993
0.21162213 	 1.5898935
0.13616611 	 1.7014796
0.21604654 	 1.9726346
0.2713036 	 1.4645406
0.2759869 	 1.705681
0.47076142 	 1.4150962
0.50629133 	 0.97544473
0.098483615 	 1.4094989
0.49734536 	 1.4360299
0.50539756 	 0.88232255
0.4855994 	 1.0812358
0.42516118 	 1.2954788
0.19852473 	 1.133724
0.15835623 	 1.9243029
0.08916555 	 2.13351
0.1497354 	 1.6730598
0.098532684 	 1.8099217
0.17356284 	 1.2580051
0.22927116 	 2.049132
0.15528987 	 3.1183593
0.15709901 	 2.494883
0.066965446 	 2.430573
0.098723784 	 2.180563
0.06851497 	 2.2464085
0.057337757 	 2.173171
0.04193395 	 2.8724117
0.024027305 	 1.4486244
0.069784686 	 2.5734696
0.054553594 	 1.8131924
0.055681918 	 2.6382155
0.025422204 	 1.6826088
0.057320777 	 1.3869057
0.04514405 	 1.2123276
0.042443834 	 1.6180205
0.06354401 	 2.1093614
0.033346795 	 1.8168209
0.038077455 	 0.9582838
0.03435433 	 1.3343104
0.05750492 	 2.0165608
0.016446691 	 1.7224184
0.0536338 	 2.189245
0.057618055 	 1.3991647
0.06384227 	 1.7493616
0.05236689 	 0.9635232
0.07431394 	 0.93854
0.108037256 	 0.9871755
0.10950316 	 1.3953654
0.11319539 	 2.1377304
0.1128928 	 1.7324557
0.13781683 	 0.50978
0.15287504 	 1.8991752
0.1368516 	 1.801267
0.13567154 	 1.2538134
0.12690032 	 1.1800207
0.10356494 	 1.4516114
0.091780394 	 1.5035996
0.09510377 	 1.4881188
0.06799609 	 1.6094002
0.09605669 	 1.5202134
0.10041198 	 1.4278843
0.10585578 	 1.4090213
0.11240467 	 1.5882543
0.105576664 	 1.0963275
0.08168818 	 1.6714889
0.06885347 	 1.9487106
0.043679293 	 2.1096838
0.0634109 	 1.1401961
0.045165565 	 1.9290437
0.07590622 	 1.1310802
0.063211694 	 2.033619
0.026064679 	 1.6680303
0.05085879 	 1.7590765
0.06283328 	 1.4487586
0.055568054 	 1.7387104
0.041920524 	 1.9382812
0.040838532 	 1.7960315
0.041658632 	 1.4743227
0.03155337 	 1.051101
0.025178226 	 1.1990945
0.02564398 	 1.4208157
0.020625362 	 0.8650688
0.015423434 	 2.2218874
0.020634731 	 2.962381
0.005323548 	 1.4221228
0.019755753 	 2.6497383
0.00511408 	 1.085739
0.017713584 	 1.5402584
0.02638188 	 2.268335
0.020886367 	 1.477164
0.0469894 	 1.6928962
0.054983612 	 1.5899241
0.04811385 	 1.6707009
0.074034825 	 1.6343011
0.04729575 	 1.6574228
0.036933493 	 2.4354203
0.054107904 	 2.4254918
0.053828396 	 1.3214616
0.03634049 	 2.0248806
0.057475056 	 0.9126624
0.046964165 	 1.1242069
0.047552373 	 2.0390067
0.06994774 	 1.2390637
0.06434056 	 1.7761291
0.051790472 	 2.6426551
0.06314122 	 2.2673209
0.07580359 	 1.0593753
0.07830736 	 1.1889346
0.054956533 	 1.1374637
0.08415656 	 1.6136823
0.08474553 	 1.66485
0.07940726 	 1.4354638
0.074089125 	 1.130303
0.077661745 	 0.895355
0.06530627 	 1.0384672
0.07337978 	 1.5560017
0.068449296 	 1.095205
0.06875501 	 1.0121222
0.069062866 	 1.4446489
0.08592183 	 1.5511906
0.051171597 	 1.246817
0.07394009 	 1.1257403
0.085258044 	 1.799587
0.05418404 	 1.3069187
0.08514336 	 0.9697027
0.05911281 	 1.224052
0.033133406 	 1.2092366
0.056961115 	 1.9499573
0.04761557 	 1.7137444
0.026168443 	 1.1879652
0.043292575 	 1.2965286
0.03229601 	 1.9025342
0.028836422 	 2.5047567
0.023030238 	 1.6544144
0.018108016 	 1.7218233
0.046981905 	 0.9022868
0.025766294 	 1.7478186
0.047377367 	 1.639107
0.035462055 	 1.457958
0.043171085 	 1.2203649
0.24305628 	 1.335999
0.3118958 	 1.072115
0.16680925 	 1.942233
0.18532817 	 1.3802983
0.118818626 	 2.5765135
0.14528792 	 2.717488
0.13586879 	 1.8944116
0.0635872 	 0.8654409
0.11040088 	 1.5736518
0.0885196 	 1.1007572
0.1306771 	 2.251165
0.107603066 	 1.942422
0.103302196 	 2.3209045
0.08505393 	 1.3977995
0.085022256 	 1.7432473
0.10577044 	 2.2313983
0.05962463 	 1.0236317
0.049385272 	 4.1791105
0.06862726 	 2.8163936
0.05611255 	 2.8796957
0.039391782 	 1.4588317
0.05775369 	 1.4708537
0.03604817 	 2.7130923
0.096328765 	 1.5983322
0.10858804 	 1.6273263
0.19531746 	 1.7021744
0.6852601 	 1.2491382
0.49026364 	 1.4551969
0.39560974 	 1.271664
0.20997433 	 2.458623
0.13172221 	 1.1930151
0.12093469 	 1.200935
0.112991564 	 2.0624661
0.114287585 	 2.1615624
0.21699585 	 0.8324902
0.15396419 	 1.6399783
0.11856325 	 2.304453
0.23062576 	 2.5154812
0.17194277 	 1.9805185
0.16591293 	 2.1775808
0.18676761 	 1.1908728
0.18105231 	 1.3281996
0.13859978 	 2.0977917
0.15354767 	 0.97001433
0.15342787 	 1.7050393
0.14370526 	 2.543832
0.1630362 	 1.6751983
0.14677256 	 0.9366193
0.10650793 	 1.5680326
0.08517003 	 2.042598
0.07408964 	 2.5049608
0.068284504 	 2.1870081
0.041743893 	 3.1846414
0.031088972 	 1.9115754
0.052281916 	 2.2161262
0.060717653 	 1.449264
0.089398734 	 1.1672904
0.08035612 	 1.6830764
0.096325286 	 1.259881
0.13403827 	 1.3504684
0.13802107 	 1.0736748
0.19835892 	 1.6820805
0.21910945 	 1.2245187
0.26410788 	 1.1948879
0.279412 	 1.3582757
0.30106232 	 0.6493277
0.3317307 	 0.98579574
0.24333632 	 1.2591515
0.09614646 	 1.1033562
0.10178378 	 2.7267475
0.08543617 	 1.8935966
0.066943526 	 1.7836379
0.08505185 	 1.1918525
0.14763032 	 1.5209227
0.15426646 	 1.3436527
0.3176434 	 1.7421927
0.356338 	 0.75242776
0.37906274 	 1.3870181
0.43997604 	 1.2794042
0.51953036 	 0.8450768
0.52929014 	 0.91053957
0.5304672 	 1.0711933
0.3943572 	 0.98167473
0.37918624 	 1.3202407
0.40938053 	 0.8355935
0.3095395 	 1.0905055
0.34002104 	 1.0122634
0.35753518 	 0.9513351
0.30284852 	 1.7533641
0.30832577 	 1.1427006
0.17223735 	 1.0864799
0.107181996 	 1.1660367
0.1110504 	 1.7784894
0.11838852 	 1.3555659
0.15015303 	 1.8083613
0.13770197 	 1.3993638
0.17717214 	 1.4557998
0.18477255 	 1.0724803
0.17733589 	 1.5666194
0.15050916 	 2.7691777
0.19886164 	 0.79750913
0.16814616 	 2.146129
Summary
1.6868256e-05  -  0.94297504 ,  0.50978  -  4.1791105
accuracy:  100.0
equal predictions:  0
TensorFlow version: 1.13.1
Found 939 images belonging to 1 classes.
argN = 196
argN = 196
0.45283812 	 0.6847571
0.47442672 	 0.9199568
0.41097876 	 0.547212
0.28382966 	 0.6246803
0.24772403 	 0.42327562
0.272423 	 0.54827815
0.29695323 	 0.54763645
0.15818565 	 1.12938
0.04664355 	 1.1229787
0.07144678 	 1.1205633
0.1255288 	 1.2591987
0.32027036 	 0.8536475
0.19767646 	 0.8200214
0.17240532 	 0.9100182
0.17725554 	 1.6841556
0.06984879 	 1.6714398
0.2100981 	 1.3592175
0.26813856 	 0.94522256
0.24607593 	 0.6602088
0.1696064 	 0.9513713
0.4020142 	 0.75502723
0.36070758 	 0.84096783
0.3784123 	 0.7419556
0.3895047 	 0.62517756
0.3163129 	 0.49406466
0.1429928 	 1.097718
0.16614002 	 1.7291327
0.12708724 	 0.4674536
0.0105222175 	 1.5145466
0.023657203 	 0.9371492
0.047660016 	 1.4472675
0.3465146 	 0.77898264
0.47632727 	 0.77103543
0.66003615 	 0.9142449
0.33452356 	 0.7819985
0.42766562 	 0.64853185
0.44548827 	 0.94780815
0.2851807 	 0.6882415
0.36233106 	 0.62062943
0.33691067 	 0.41171202
0.53146744 	 0.7763997
0.33871618 	 0.46521652
0.40730435 	 0.542674
0.2359031 	 0.63377064
0.25373608 	 0.8864815
0.19045497 	 0.96947306
0.1471873 	 0.6318651
0.052398298 	 0.97159815
0.09416302 	 1.3260492
0.14569198 	 1.1612784
0.36234286 	 0.52165085
0.3207503 	 0.7107255
0.317944 	 0.725298
0.42170677 	 0.7060695
0.22802888 	 0.9823806
0.14968348 	 1.1058016
0.011259948 	 0.33524755
0.045349788 	 1.410537
0.12851588 	 0.6810959
0.5215089 	 0.7676326
0.6546999 	 0.6048345
0.43803373 	 0.55158275
0.4320528 	 0.5942116
0.5639979 	 0.8045337
0.7087666 	 0.6054808
0.61510384 	 0.9898228
0.4414844 	 0.43538317
0.57009566 	 0.71540666
0.46979243 	 0.45810956
0.5188093 	 0.65633523
0.37401077 	 0.32646018
0.20286824 	 0.54991764
0.20549333 	 0.99923134
0.18136474 	 0.95836145
0.01144852 	 2.328828
0.005115757 	 1.0951148
0.005489608 	 2.1857948
0.286984 	 0.6889827
0.2536927 	 0.86550975
0.2424757 	 0.7211958
0.29221082 	 0.73163337
0.3382227 	 0.7355739
0.21657956 	 0.63396317
0.27076796 	 0.6254114
0.36173823 	 0.5099751
0.56125057 	 1.0053697
0.47896653 	 0.5911412
0.19380344 	 1.2744913
0.22512512 	 0.7516083
0.25653365 	 1.0900714
0.098751545 	 1.0364467
0.10604723 	 0.90069884
0.076296695 	 0.41671726
0.07463462 	 0.99219996
0.48041424 	 0.74865144
0.50139827 	 0.90978515
0.5175012 	 0.8446147
0.5946691 	 0.6160784
0.53094035 	 0.9888352
0.54143995 	 0.7383389
0.51304287 	 0.78349674
0.60368204 	 0.8734667
0.6235885 	 0.8500185
0.7619092 	 0.8070091
0.6184682 	 0.90557116
0.61055565 	 0.93088067
0.6298734 	 0.9553823
0.7056661 	 1.1526058
0.53807163 	 0.7971782
0.4813745 	 0.89283323
0.40299013 	 0.7478566
0.4537231 	 0.7316175
0.3617075 	 0.88894886
0.3351182 	 0.6415299
0.37184343 	 0.8946367
0.4601169 	 1.0711042
0.31571805 	 0.5826349
0.41180676 	 1.013886
0.30424294 	 1.1698395
0.40408862 	 0.88297105
0.31570268 	 0.9747637
0.37991768 	 0.9266526
0.40934283 	 0.77823967
0.3198577 	 0.7309538
0.33555415 	 0.91661805
0.3430207 	 1.0036949
0.2895825 	 0.7856374
0.3437245 	 0.7616406
0.3142605 	 0.8632476
0.34792838 	 0.83861184
0.291466 	 0.8011861
0.27457482 	 0.97460276
0.24050526 	 0.9495579
0.24759728 	 0.87662137
0.23405921 	 0.8788484
0.25875002 	 0.80818236
0.23522176 	 0.7924145
0.22684915 	 0.5728256
0.16928978 	 1.0451965
0.17318267 	 0.97371936
0.16188365 	 0.8919008
0.19441724 	 1.3131446
0.1994451 	 0.83290005
0.18721846 	 1.027298
0.19672841 	 0.8672392
0.18577895 	 0.62206125
0.22218749 	 1.3055758
0.24798612 	 1.0594265
0.20638819 	 1.0687095
0.2615111 	 0.8000317
0.23223029 	 1.1717105
0.23041102 	 1.3097757
0.28700656 	 1.1778729
0.3030174 	 0.90937114
0.24112423 	 0.46168613
0.21478571 	 0.6512752
0.22355996 	 0.98231
0.18870331 	 1.1857363
0.24660574 	 1.3398969
0.25256848 	 1.5387484
0.22345248 	 1.1342543
0.22388425 	 1.3397715
0.17275807 	 1.4081211
0.1853352 	 1.0663862
0.17182137 	 1.1173357
0.1594425 	 0.9803894
0.18421708 	 1.1919739
0.13498598 	 0.85099083
0.14353104 	 1.218307
0.1303378 	 0.9316212
0.10476593 	 1.1639127
0.09070323 	 0.91614956
0.08728735 	 0.83468944
0.08713061 	 0.9275917
0.105680406 	 0.77879965
0.121525936 	 0.80442274
0.13743955 	 0.94678783
0.10886248 	 1.2410053
0.10799509 	 0.94578505
0.09585698 	 0.9929626
0.108257085 	 0.97292995
0.107085064 	 1.1854236
0.09014401 	 0.9211812
0.10604789 	 0.8590433
0.1533866 	 0.9086303
0.1062678 	 1.1488867
0.084049195 	 1.0321462
0.10055901 	 1.332134
0.08744132 	 0.67011046
0.098003976 	 1.3611573
0.083415926 	 0.9366775
0.09722307 	 0.99597776
0.075880624 	 1.5766405
0.08180325 	 1.23325
0.08483129 	 1.6312084
0.1067054 	 1.3861582
0.031092478 	 1.6600724
0.046053067 	 1.1168991
0.031123837 	 1.5709672
0.020637713 	 1.0045208
0.23323408 	 1.1769022
0.22446346 	 0.55485415
0.20126307 	 1.4282361
0.20517671 	 1.6101196
0.23348224 	 0.79369533
0.31308123 	 0.27463946
0.31696117 	 0.83749473
0.30372766 	 1.0412756
0.3252073 	 1.5026984
0.23644552 	 1.2243273
0.3043173 	 1.6761775
0.2609273 	 1.1823354
0.23922421 	 0.80931807
0.32642078 	 0.72525615
0.36981183 	 0.94617385
0.28387123 	 1.2922871
0.34461972 	 1.1532539
0.2832937 	 1.1803172
0.36708373 	 0.7891062
0.28241104 	 0.97116596
0.2949326 	 0.6212299
0.32867035 	 1.140306
0.3060988 	 0.66703105
0.3871673 	 0.99511385
0.3984266 	 0.997529
0.34553212 	 0.8953395
0.41624194 	 0.49292722
0.45332292 	 0.63092065
0.41854385 	 0.5290152
0.44190684 	 0.91451776
0.41541237 	 1.1248734
0.4532248 	 0.72385526
0.513923 	 0.7727099
0.32400632 	 0.5726842
0.33491406 	 0.54682356
0.37165195 	 1.121388
0.37709847 	 0.9415248
0.40648627 	 0.94778216
0.37227795 	 0.801888
0.41990152 	 1.1771992
0.31281358 	 1.0802588
0.3432975 	 0.54796344
0.38014343 	 1.0447705
0.4085883 	 1.0322794
0.45136517 	 0.9082171
0.35135183 	 0.9707325
0.35111436 	 0.71982366
0.33488515 	 0.6833867
0.287178 	 0.900311
0.24456254 	 0.8976218
0.3337499 	 1.2703679
0.3314511 	 0.42512536
0.32522875 	 1.0508163
0.3522166 	 0.5903931
0.29763734 	 0.6559394
0.3732071 	 0.74900913
0.4458902 	 0.9268597
0.49876204 	 0.71646863
0.39473924 	 0.69156283
0.4381465 	 0.8686227
0.35242754 	 0.9345669
0.38762242 	 0.59489685
0.2776721 	 0.7671958
0.35383737 	 0.91089964
0.3140051 	 0.8560075
0.4598536 	 0.7759959
0.4331684 	 0.97347873
0.43811315 	 1.3062788
0.31683663 	 0.3785875
0.38168284 	 1.0055903
0.33721974 	 1.3383391
0.3965728 	 0.9096445
0.35041788 	 1.0783434
0.37026894 	 0.91941226
0.36172855 	 0.85742563
0.3924443 	 0.86749583
0.34853536 	 0.9995134
0.32437855 	 0.8375377
0.29735067 	 1.033332
0.29745582 	 0.8790874
0.23994502 	 0.9483696
0.29466367 	 0.47804838
0.30266568 	 0.9625242
0.27180636 	 0.88367724
0.25450435 	 1.4125594
0.24480607 	 0.7621866
0.23980403 	 0.85084915
0.24162076 	 0.5313357
0.15670043 	 0.90403724
0.19037646 	 1.335208
0.15273565 	 1.476307
0.15524136 	 0.644144
0.2071743 	 1.057592
0.17606597 	 0.94103426
0.22859715 	 0.98939836
0.19998251 	 0.98240674
0.33488172 	 0.70340693
0.31818148 	 0.8874008
0.28694588 	 1.0332899
0.30881688 	 0.9125093
0.31302077 	 1.1142251
0.17314261 	 1.0879458
0.26867396 	 0.9009397
0.2752883 	 0.654582
0.17907159 	 0.7800803
0.20542285 	 1.4309057
0.16751508 	 1.3276944
0.2695778 	 0.65842336
0.38326922 	 0.63069844
0.39248243 	 0.8603871
0.39495033 	 0.74822915
0.3788235 	 1.0237828
0.37966168 	 1.0865661
Summary
0.005115757  -  0.7619092 ,  0.27463946  -  2.328828
accuracy:  98.1
equal predictions:  0
TensorFlow version: 1.13.1
Found 939 images belonging to 1 classes.
argN = 196
argN = 196
0.47036934 	 1.841515
0.42365795 	 1.8629843
0.39617693 	 1.9064368
0.6580706 	 1.41939
0.5545959 	 1.7801948
0.46684253 	 1.7724695
0.3525746 	 2.089932
0.11712697 	 2.5882208
0.08898389 	 1.8219056
0.093185544 	 1.7472564
0.08417847 	 2.231949
0.42670286 	 1.7288516
0.39163116 	 1.5053132
0.24529986 	 2.049717
0.40883622 	 1.9725254
0.5286927 	 0.90955836
0.26440763 	 2.5296392
0.40808743 	 1.6782335
0.48553586 	 1.8150282
0.6145761 	 1.5996617
0.59532917 	 1.3516415
0.5436089 	 1.7425508
0.28371638 	 2.1664627
0.12663394 	 1.5392524
0.13465552 	 1.7061499
0.0002504901 	 1.9117146
0.13003515 	 2.7154396
0.61664385 	 1.0903713
0.6242793 	 1.1067009
0.6036522 	 1.5217669
0.80755574 	 1.096493
0.38475567 	 1.8311574
0.29348266 	 1.2748349
0.28432435 	 1.6479989
0.2928656 	 1.6059427
0.31860706 	 0.84243023
0.59549594 	 1.6344132
0.18402699 	 2.341146
0.7737244 	 1.2097754
0.41050178 	 1.8350917
0.30973098 	 1.0525327
0.29175788 	 1.6903994
0.20397942 	 0.86487496
0.08203 	 2.7425566
0.06311068 	 1.4155781
0.09057153 	 1.8710912
0.040101804 	 2.0915446
0.23288628 	 2.5472505
0.2921255 	 1.1890492
0.3080193 	 1.4721376
0.14410476 	 1.6626112
0.2083929 	 1.7412151
0.3766934 	 2.2026565
0.42588574 	 2.26699
0.39276657 	 1.3284763
0.37442672 	 1.7858049
0.15865844 	 1.6537387
0.05775735 	 2.1816568
0.10173237 	 1.4699258
0.14422214 	 2.5184193
0.1650232 	 1.5636287
0.10138844 	 2.0488856
0.00511408 	 1.3889002
-9.5367386e-07 	 1.7465243
0.0053700493 	 3.5081022
0.03608846 	 3.6685236
0.4340307 	 1.2589631
0.21586022 	 1.0424625
0.24806273 	 1.8121533
0.36726296 	 1.1482421
0.28847718 	 1.3960041
0.28818947 	 1.4596065
0.2637862 	 1.5232921
0.5799227 	 1.1610914
0.55499285 	 1.4478363
0.10719301 	 2.4695385
0.11808791 	 2.4298844
0.114257455 	 2.3547099
0.07986979 	 1.3977594
0.10237952 	 1.9950687
0.21425742 	 1.2633939
0.13535485 	 2.165664
0.031660534 	 2.1481137
0.055821072 	 2.0487976
0.046460465 	 1.3463671
0.057845514 	 1.810571
0.06545542 	 2.1630902
0.088023044 	 1.3243245
0.063508704 	 2.152153
0.027556777 	 2.2625153
0.01026336 	 3.3165998
0.010792951 	 2.6485896
0.0363735 	 2.8797116
0.036508445 	 1.862838
0.04996256 	 2.7106485
0.04182599 	 1.5786134
0.043309193 	 1.2949333
0.05775704 	 1.8119618
0.051953692 	 1.5357126
0.058569394 	 0.88370925
0.05191565 	 0.9221006
0.049383517 	 1.1032206
0.03803628 	 1.142014
0.034441188 	 1.6390446
0.041256107 	 1.286624
0.043236934 	 1.2128658
0.030010708 	 1.6638935
0.030949162 	 2.061678
0.034475554 	 1.5477767
0.041676093 	 0.9171615
0.05236953 	 1.5353273
0.026008151 	 1.8934902
0.062672205 	 1.4665745
0.062389787 	 1.5898776
0.06425589 	 1.666911
0.062537044 	 1.4029274
0.054162707 	 1.2264818
0.071753666 	 1.8049927
0.07877203 	 2.1561182
0.079354286 	 1.8509467
0.08368491 	 1.6748434
0.1114599 	 1.2171032
0.064633705 	 1.634251
0.08356742 	 0.46596536
0.039286204 	 1.3295228
0.04291963 	 2.504326
0.04608596 	 2.4526188
0.041668948 	 1.8669901
0.027493916 	 2.5125306
0.05594978 	 1.7470697
0.037272226 	 0.7870489
0.025196748 	 1.3312737
0.015423676 	 1.6412656
0.010302383 	 1.2043195
0.015071205 	 0.9416445
0.025496123 	 1.0858116
0.010256014 	 1.3108852
0.01542301 	 0.7109702
0.012439471 	 1.7370675
0.015405517 	 1.0611134
0.00511408 	 1.3937742
5.2215033e-05 	 1.7314956
-9.5367386e-07 	 1.381298
0.010822414 	 1.251876
0.0039170706 	 1.7016789
0.00511408 	 1.2224747
0.010241501 	 1.625997
0.0051014987 	 1.2458948
0.009547847 	 1.2978036
0.010261734 	 0.56840634
0.008921485 	 2.797215
0.015230722 	 2.4746501
0.0095460415 	 1.796113
0.029053804 	 1.3522226
0.052319534 	 1.9329964
0.054567315 	 1.7433083
0.0279309 	 0.8792205
0.062410027 	 1.3957238
0.04167187 	 0.94906366
0.036670987 	 0.6712293
0.047004957 	 1.1467798
0.04051361 	 0.71507454
0.037342325 	 1.2520871
0.026034273 	 1.5390533
0.020618243 	 1.009632
0.018708216 	 2.1515148
0.035532583 	 1.661132
0.011233004 	 1.6089244
0.016848443 	 1.118346
0.024686785 	 1.7369338
0.023971137 	 1.2029258
0.040974207 	 1.4138268
0.044630483 	 1.8149642
0.025527064 	 2.4118345
0.021053085 	 1.8164546
0.010330086 	 1.9995568
0.020003276 	 1.1327168
0.014530152 	 1.9351842
0.020885576 	 0.52404296
0.022632886 	 2.074249
0.015632652 	 2.1152713
0.029051226 	 1.7443613
0.027261743 	 0.73531836
0.010404284 	 2.115474
0.04160631 	 1.6025045
0.026231222 	 0.74419916
0.024859635 	 0.9258199
0.031983085 	 1.6946216
0.021090461 	 1.3127214
0.25187775 	 1.3835698
0.21085541 	 1.054268
0.20448849 	 1.0136423
0.15711588 	 1.1036987
0.1834065 	 1.1626998
0.14169312 	 1.4919971
0.05776152 	 1.7507155
0.052360423 	 1.1226732
0.04818371 	 2.3402047
0.04167013 	 1.8602549
0.047004957 	 0.9542615
0.04988819 	 2.1426938
0.03636676 	 1.3968067
0.0346941 	 1.3559295
0.020618 	 3.1986492
0.010255472 	 1.2358651
0.020618243 	 2.4521673
0.019031413 	 1.2488729
0.021925224 	 1.8858126
0.015457998 	 2.0382588
0.020452997 	 1.5149269
0.03718852 	 1.8121735
0.025853574 	 2.5076492
0.08570862 	 2.6219804
0.14819548 	 2.02371
0.099279925 	 1.3951201
0.06464616 	 3.3319368
0.06732235 	 2.3877676
0.09633001 	 2.4451158
0.057324626 	 2.0106947
0.07580533 	 2.3678157
0.0907292 	 2.2423203
0.22225203 	 1.9150008
0.20816813 	 1.5496172
0.09091254 	 1.5639683
0.1879418 	 1.03988
0.16660884 	 2.6511006
0.12615246 	 1.4892074
0.11936907 	 2.8978128
0.13645315 	 1.891765
0.124448895 	 1.2317917
0.10503747 	 1.4767065
0.10567901 	 1.278058
0.07607581 	 3.0808637
0.063113794 	 3.5313191
0.06862719 	 1.135771
0.04710817 	 2.966737
0.05775773 	 1.3260931
0.041644715 	 1.098453
0.025825316 	 1.626347
0.025800422 	 1.4081265
0.048961658 	 1.8175193
0.020618243 	 2.1412687
0.051099204 	 1.6643432
0.06881362 	 1.833791
0.059688408 	 1.3345708
0.07403855 	 1.7633127
0.04701289 	 2.2736356
0.11084135 	 0.6306009
0.10551837 	 2.1037102
0.08631227 	 1.7412324
0.18700501 	 2.2381332
0.14876744 	 2.0581007
0.21025725 	 0.46545097
0.24602944 	 1.1301571
0.26684847 	 1.1547667
0.24950854 	 1.3755847
0.30129898 	 1.4937875
0.28567374 	 1.3014407
0.30407587 	 1.5177243
0.26642522 	 1.4448721
0.20217583 	 1.1999785
0.19414008 	 1.8505058
0.14779393 	 1.8431667
0.090722606 	 0.9993252
0.100751884 	 1.8171605
0.038913447 	 0.91817486
0.035114553 	 1.128184
0.05179524 	 1.7075218
0.08240979 	 2.2335985
0.052487243 	 2.1057591
0.025841892 	 1.9605669
0.03423972 	 3.2295978
0.03884262 	 2.1841242
0.068739235 	 2.3105686
0.09475726 	 0.70493996
0.11564217 	 1.0955416
0.231005 	 1.0106225
0.36533836 	 1.5625315
0.53397506 	 1.3473759
0.62518525 	 1.2577126
0.51897347 	 1.1833535
0.5737096 	 1.3413965
0.485754 	 1.2830757
0.5645464 	 1.4088634
0.50095713 	 1.3102299
0.3719181 	 1.217401
0.34138793 	 1.1225166
0.34371954 	 1.0308006
0.28945056 	 1.0369734
0.27353606 	 1.1025522
0.30968758 	 1.3327402
0.25630772 	 0.89902616
0.19050013 	 1.8109423
0.18151174 	 2.665739
0.15175106 	 3.0293243
0.20051634 	 2.9402301
0.17393903 	 2.408129
0.14719442 	 1.2938651
0.09545847 	 1.4076334
0.095628195 	 1.3858641
0.09202451 	 0.8242787
0.10843922 	 1.0861269
0.1184891 	 1.2788974
0.12479275 	 2.2754114
0.1485987 	 1.3488482
0.15104815 	 2.4710376
0.1421869 	 0.9870402
0.20845062 	 2.1095262
0.21012111 	 2.654089
0.1792793 	 1.1940168
0.2042531 	 1.650262
0.19068244 	 1.3853729
0.18824244 	 2.1015973
Summary
-9.5367386e-07  -  0.80755574 ,  0.46545097  -  3.6685236
accuracy:  100.0
equal predictions:  0
