TensorFlow version: 1.13.1
Found 939 images belonging to 1 classes.
argN = 3136
argN = 3136
0.15289684 	 1.9994951
0.17103384 	 2.2678142
0.31099838 	 1.607393
0.12734027 	 1.4239306
0.080669634 	 1.6053
0.057590593 	 1.462669
0.052816078 	 2.141105
0.03800266 	 2.2829323
0.018069476 	 2.6088207
0.02262874 	 1.4704072
0.01590144 	 1.7630864
0.27365604 	 1.2672236
0.114543416 	 1.8982637
0.19992295 	 2.085889
0.33662236 	 1.1476761
0.26932287 	 2.1339765
0.14524105 	 1.8073157
0.05219864 	 1.888655
0.050814953 	 2.2699625
0.028132144 	 0.78992474
0.040017307 	 2.006775
0.05656916 	 2.068563
0.2231971 	 1.9041405
0.26129088 	 1.8561615
0.22722793 	 2.4087749
0.23640324 	 1.3612459
0.22396255 	 1.7510897
0.30400404 	 1.5530021
0.33182314 	 1.7810457
0.03571751 	 2.0069637
0.031371422 	 1.6839423
0.039038822 	 2.290575
0.08489397 	 1.7714472
0.10371443 	 2.0297031
0.106297635 	 2.3132026
0.029904824 	 1.7747186
0.020843582 	 1.2633281
0.020438883 	 1.6744936
0.021122055 	 2.40918
0.019391663 	 1.6726667
0.019258462 	 1.3528583
0.018925836 	 1.9415585
0.08621124 	 1.9351368
0.07714312 	 1.628907
0.062452976 	 1.3902636
0.056031413 	 1.41737
0.0648115 	 1.448359
0.070736736 	 2.114105
0.05809014 	 1.9091341
0.030897891 	 1.5001293
0.011275139 	 1.3222692
0.013613922 	 2.569914
0.008217027 	 1.577635
0.012377795 	 1.6894048
0.015661713 	 2.0234308
0.05448851 	 1.9157681
0.050907332 	 2.3407266
0.04141271 	 1.9113872
0.03507029 	 2.2271614
0.033318076 	 1.7513623
0.030937543 	 2.0029285
0.031502496 	 1.9091992
0.019891758 	 1.7429363
0.036137898 	 1.6885872
0.0642189 	 1.691689
0.075672686 	 1.1746703
0.06893629 	 1.4612552
0.08202029 	 1.3445542
0.10517671 	 2.3006818
0.14601327 	 1.5876955
0.13845375 	 1.4249669
0.037368 	 1.2794955
0.17060833 	 0.9393753
0.06999517 	 2.1003335
0.06729641 	 1.6310683
0.059130516 	 1.9565481
0.067767724 	 1.5677316
0.074316636 	 2.2209964
0.049459293 	 2.00593
0.029676512 	 1.9619087
0.02036704 	 2.067065
0.016987387 	 1.6194888
0.014077342 	 2.224685
0.016670002 	 1.8848525
0.015652087 	 2.6353815
0.01752686 	 1.4355582
0.026975494 	 1.6262606
0.06371012 	 1.384135
0.072310954 	 1.9551007
0.0673235 	 1.5972092
0.051086407 	 1.005833
0.03439572 	 2.213354
0.02017325 	 1.8568407
0.07062383 	 1.9415709
0.07378024 	 1.0083927
0.067853644 	 1.2689991
0.05977136 	 0.54837304
0.06279603 	 1.0021694
0.07114766 	 1.1613969
0.06743999 	 1.3274989
0.06665588 	 1.1770573
0.061814472 	 0.771811
0.06888546 	 0.97226596
0.0694816 	 1.2513473
0.07002477 	 1.0583793
0.055520795 	 1.351069
0.043244276 	 0.60927665
0.040257484 	 0.7490869
0.04291117 	 1.0141824
0.048737653 	 0.6720037
0.037523378 	 0.5826994
0.03943413 	 1.2965852
0.03642845 	 2.7346978
0.037871163 	 0.7364381
0.023174437 	 1.0686783
0.018869163 	 0.40110767
0.022775806 	 0.8544593
0.027315341 	 0.75428116
0.026786298 	 1.1320755
0.019033782 	 1.3138745
0.019117499 	 1.2095348
0.020565977 	 1.0738223
0.022620264 	 1.0884906
0.024098068 	 0.6759403
0.023423845 	 0.6001017
0.013886279 	 0.6852844
0.015413023 	 2.841687
0.013928768 	 0.7958197
0.0146417385 	 2.0386748
0.015322715 	 0.543814
0.018863333 	 1.3441907
0.012894016 	 0.8224529
0.014012785 	 2.0586252
0.0123991575 	 0.878095
0.011357546 	 0.9755691
0.0148485545 	 0.83881164
0.01404736 	 0.6953613
0.013138456 	 0.73349303
0.013822157 	 1.1907231
0.009207908 	 1.0032406
0.013009344 	 1.1422161
0.01261058 	 0.7980564
0.013685947 	 0.50810415
0.010229879 	 1.1798316
0.015441412 	 1.1001494
0.011251027 	 1.2536634
0.011931749 	 1.1128407
0.014231441 	 1.5070772
0.012321854 	 1.0665148
0.011985194 	 0.8830839
0.015428156 	 1.956975
0.0114733605 	 0.819757
0.013203018 	 1.047329
0.01296309 	 1.0506865
0.011858402 	 0.72471684
0.008301527 	 0.7685892
0.016559824 	 1.2492409
0.010723363 	 1.1147046
0.014352608 	 0.94409627
0.01749465 	 1.2200186
0.011041459 	 1.1699119
0.011879754 	 0.7500338
0.018826343 	 1.1095289
0.012521733 	 0.8670703
0.017114043 	 0.6691687
0.014318566 	 0.6279206
0.017708791 	 1.1531596
0.020692904 	 0.57741994
0.029839544 	 0.717293
0.036859218 	 1.057805
0.045273576 	 0.45493382
0.046424814 	 1.3633806
0.059255667 	 0.49345222
0.068274036 	 0.48349884
0.07999609 	 0.7094579
0.06450324 	 0.6051102
0.06116636 	 1.190994
0.07073533 	 0.86301386
0.06828208 	 1.3837891
0.07249352 	 0.9490952
0.06544384 	 1.1539323
0.05075187 	 0.53105223
0.06627508 	 1.1875423
0.056814987 	 1.0448198
0.064768896 	 0.9525437
0.0490826 	 0.61726886
0.039751757 	 1.0705048
0.018512076 	 0.7746104
0.024162976 	 0.5614737
0.01852331 	 1.3047873
0.022541191 	 1.3343436
0.019304825 	 0.6379617
0.25413692 	 1.4028106
0.26731 	 1.0129846
0.24203615 	 1.1123656
0.26439816 	 1.0145841
0.22381595 	 1.6466538
0.21258678 	 1.477862
0.20694372 	 1.4925311
0.19835581 	 1.5047851
0.1320092 	 1.2091225
0.13113116 	 0.9062282
0.13225259 	 1.760637
0.13274445 	 1.3764383
0.115093574 	 1.2676181
0.13556069 	 1.5997068
0.15367876 	 1.219493
0.15039866 	 1.4649633
0.16201982 	 1.561543
0.16588823 	 1.3504033
0.15624738 	 1.5271013
0.14293249 	 1.3493748
0.14601225 	 1.4596514
0.16489856 	 1.5823578
0.15724011 	 1.0108036
0.16039272 	 1.3066874
0.1475649 	 1.3983263
0.15783249 	 0.8142051
0.15123887 	 1.7408055
0.1528771 	 1.8223654
0.1523441 	 1.521083
0.14828485 	 1.2815927
0.18269573 	 1.5911034
0.18992944 	 1.4421673
0.19437519 	 1.6382756
0.24583781 	 1.2547375
0.19891663 	 1.6007891
0.16924107 	 1.6846756
0.15435645 	 1.1387093
0.154392 	 1.6037655
0.15791939 	 1.5435661
0.1328735 	 1.0017635
0.24778222 	 1.1573019
0.27581444 	 1.4817383
0.18672307 	 1.3974276
0.1650906 	 1.2397143
0.14128347 	 1.9975158
0.1434262 	 1.0646017
0.1268602 	 1.4817731
0.11176693 	 0.99058414
0.11619053 	 1.3670489
0.12645759 	 1.2852373
0.12535237 	 1.3178395
0.11223388 	 1.0378314
0.11160124 	 1.8817978
0.10359284 	 1.794019
0.101371884 	 1.1588787
0.10018043 	 1.7756662
0.1043485 	 1.1192843
0.08898363 	 1.8395354
0.086005434 	 2.3934839
0.086013615 	 1.5402231
0.08451012 	 1.7610978
0.08882611 	 1.1891816
0.081455365 	 1.828522
0.089311466 	 1.2994089
0.12643188 	 1.1220396
0.14770024 	 0.8675922
0.1453055 	 1.2880249
0.14027455 	 1.3718857
0.13121991 	 1.309885
0.13764548 	 1.3985628
0.137537 	 1.6723154
0.20120229 	 1.5312783
0.19561894 	 1.120159
0.21193866 	 1.1050115
0.24194078 	 1.1545787
0.22945055 	 1.2670691
0.2082808 	 1.0777524
0.14413719 	 1.2116835
0.1288791 	 1.7536387
0.12474264 	 1.55775
0.09942245 	 1.463889
0.11298055 	 1.4458828
0.092811376 	 1.7953289
0.09657964 	 1.7688887
0.1025783 	 1.0881946
0.11317156 	 1.8272369
0.10419006 	 1.2041373
0.09262657 	 1.2130978
0.19415405 	 1.5775003
0.24760498 	 0.9457387
0.29010257 	 0.8321565
0.30298406 	 0.90965354
0.30076313 	 1.0124302
0.32885203 	 0.89735425
0.37919527 	 0.95486563
0.4024854 	 0.97020787
0.40351024 	 1.0032587
0.4230079 	 0.99106157
0.41726172 	 1.0113038
0.4355033 	 1.0276515
0.41060144 	 0.8986359
0.38690495 	 1.0914471
0.21923998 	 1.2642585
0.21107356 	 1.1500294
0.12671986 	 1.7882195
0.119695395 	 1.3241956
0.11520861 	 0.9895898
0.11643988 	 2.0282695
0.1102084 	 1.8455082
0.12500338 	 1.2027352
0.12172808 	 0.80154556
0.099758066 	 1.8436443
0.11472503 	 1.5304768
0.10352323 	 1.5808547
0.11764323 	 1.6948497
0.10379926 	 1.3766035
0.105894014 	 0.8058238
0.09554195 	 1.9101996
0.09599672 	 1.2623
0.09164765 	 1.6455702
0.0883964 	 1.3919677
Summary
0.008217027  -  0.4355033 ,  0.40110767  -  2.841687
accuracy:  100.0
equal predictions:  0
TensorFlow version: 1.13.1
Found 939 images belonging to 1 classes.
argN = 3136
argN = 3136
0.531003 	 2.818057
0.82021505 	 2.1953726
0.79008013 	 2.1271412
0.58103067 	 2.0179417
0.5184627 	 1.8755924
0.4711314 	 2.1483216
0.45682213 	 2.2337704
0.41470242 	 2.5066013
0.046257496 	 2.8072786
0.055781934 	 2.5164027
0.046751224 	 2.5888681
0.052654535 	 2.1408646
0.039545245 	 2.847279
0.034935907 	 2.262367
0.24967661 	 1.3812503
0.3841397 	 0.9996846
0.37645862 	 1.0064774
0.27522835 	 1.2461244
0.2212798 	 1.3775983
0.20877987 	 1.6732678
0.20425208 	 1.641462
0.18407628 	 2.0865076
0.21833311 	 1.9339929
0.36180833 	 1.8314335
0.4375853 	 1.9399968
0.49166885 	 1.9401151
0.5702134 	 1.8661271
0.14918813 	 2.0091727
0.16425118 	 1.9551331
0.07679306 	 2.7025635
0.057031974 	 2.7945824
0.05269393 	 3.0377517
0.07538298 	 2.436846
0.07621364 	 2.4164941
0.15704921 	 2.2325096
0.533483 	 2.4118147
0.811024 	 2.4854321
0.79217106 	 2.3221533
1.0172812 	 2.582172
0.8915646 	 3.031043
0.7402333 	 2.2757728
0.6447346 	 1.9692904
0.64189816 	 2.7260263
0.52489716 	 2.5737567
0.64121115 	 2.0682201
0.3751521 	 2.1622336
0.57993305 	 2.0697339
0.7798515 	 2.4058607
0.2617969 	 1.9084257
0.2180164 	 2.100152
0.20655416 	 1.9572805
0.1824778 	 2.0380514
0.1559089 	 2.79801
0.06265241 	 2.6889544
0.061765905 	 2.992223
0.054189764 	 2.8880525
0.16909806 	 1.8933104
0.20117648 	 2.1149995
0.22108029 	 1.6411105
0.22840749 	 1.5879089
0.23033395 	 1.7202586
0.21782295 	 1.7250141
0.2033627 	 1.6830033
0.21248505 	 2.0783718
0.20443824 	 1.9458306
0.20157358 	 2.1094244
0.111501954 	 1.9940726
0.039662942 	 2.3063638
0.026798664 	 2.366776
0.022705989 	 2.695084
0.027232466 	 2.3282194
0.025565952 	 2.814936
0.03343209 	 2.9958074
0.06248838 	 2.6176372
0.12842493 	 2.4697962
0.19718312 	 2.685923
0.19780917 	 1.8044261
0.16681066 	 2.9978147
0.16430253 	 2.3885007
0.17179278 	 1.9469008
0.21823731 	 1.5802494
0.1948641 	 1.9690461
0.19509438 	 1.9498429
0.18505372 	 2.6469808
0.21310851 	 2.4105282
0.20233636 	 2.7777033
0.15695186 	 2.3055751
0.06481201 	 2.3344347
0.190748 	 1.5587214
0.14243388 	 2.2973886
0.1077422 	 2.0386605
0.3843485 	 1.0934087
0.3403338 	 1.0657153
0.22260068 	 1.5146624
0.13928364 	 2.3331606
0.16059482 	 2.1630704
0.21293473 	 1.8208436
0.19595677 	 1.7783698
0.21594054 	 1.560388
0.11472002 	 2.10618
0.101061575 	 2.2326593
0.046036717 	 2.407966
0.03298216 	 2.7548823
0.03681197 	 2.8311284
0.07482108 	 2.1768725
0.22216523 	 1.0375395
0.22395553 	 0.8135662
0.22374319 	 0.7809858
0.2073013 	 1.066696
0.23251867 	 1.3330607
0.22930099 	 1.4728241
0.21826386 	 1.1552385
0.22344518 	 1.0266403
0.22258341 	 1.2048643
0.22105487 	 0.88263386
0.20552744 	 0.88172495
0.20406939 	 0.9475821
0.20237948 	 1.0108284
0.21719883 	 0.7747277
0.21396363 	 0.99153346
0.22101627 	 1.3506589
0.21137646 	 1.0561917
0.2118689 	 1.0961745
0.2066355 	 1.3794739
0.18758869 	 1.0542569
0.15811612 	 1.4569278
0.13817531 	 1.4591787
0.12305173 	 1.3137283
0.121171966 	 1.6455979
0.09829887 	 0.9760189
0.099865876 	 1.2028463
0.069151 	 1.5641924
0.055463966 	 0.85980177
0.065089576 	 0.7605668
0.06702912 	 1.2190387
0.05952341 	 1.4662834
0.05592797 	 1.541819
0.054819327 	 2.1077356
0.05564096 	 0.99130696
0.05387073 	 1.3388723
0.05406569 	 1.1503377
0.046023734 	 1.5278236
0.045217384 	 0.83877164
0.049708012 	 1.0550095
0.04248494 	 1.4991155
0.040705983 	 0.94882625
0.03515727 	 1.2680446
0.03482487 	 0.80817103
0.03389868 	 1.6328133
0.029137872 	 0.7825246
0.031314287 	 0.9395838
0.0348561 	 1.0088342
0.032438844 	 1.3710109
0.030672979 	 1.5155141
0.02530085 	 1.7458125
0.022816114 	 1.1246717
0.02729672 	 2.1556895
0.030429315 	 1.255372
0.030132573 	 1.1272855
0.027098704 	 1.369604
0.024463326 	 1.2739749
0.026154188 	 1.461203
0.026024118 	 1.1727352
0.030928321 	 1.3497391
0.02371494 	 1.3319925
0.028773542 	 0.85384387
0.028756183 	 1.384727
0.032906327 	 1.3993099
0.03103087 	 1.7627501
0.039150015 	 1.5477045
0.04269878 	 1.2325416
0.037996035 	 1.4147767
0.04329071 	 1.4059056
0.0374925 	 1.3354086
0.038071137 	 1.0859474
0.04194781 	 1.6516112
0.040687233 	 1.4529773
0.050771244 	 1.5864586
0.043701712 	 1.4553509
0.044380654 	 1.5878019
0.05542679 	 0.8860962
0.055573344 	 1.1293643
0.056539327 	 0.7827586
0.046811935 	 1.4142563
0.04906432 	 1.0614939
0.054900806 	 1.2868164
0.07659536 	 1.6082925
0.07987548 	 0.89822954
0.106709115 	 1.113456
0.11450832 	 1.0945921
0.1115454 	 1.2425252
0.128007 	 0.6599848
0.13343051 	 1.1237969
0.13824998 	 0.8141314
0.15366791 	 0.6324257
0.15352522 	 1.0982373
0.15086508 	 0.9264918
0.15085614 	 1.1034412
0.12579271 	 1.060048
0.1217025 	 1.6314818
0.117208265 	 0.91757876
0.062539905 	 1.0803705
0.060847502 	 1.5086415
0.058417853 	 1.3255973
0.049947273 	 1.4179927
0.03751521 	 1.4181241
0.03764734 	 1.6781346
0.03329737 	 1.530389
0.03764963 	 0.69241655
0.4833666 	 1.0152416
0.42721295 	 1.1245635
0.4344527 	 0.9498404
0.3679315 	 1.2016407
0.29687607 	 1.4252349
0.28518927 	 1.4756926
0.25622585 	 1.3894879
0.2611438 	 1.2284899
0.27314043 	 1.5367358
0.29025322 	 1.4572656
0.27173454 	 1.1160434
0.29376134 	 1.5051268
0.29162508 	 1.5844657
0.3163529 	 1.4405783
0.32495278 	 1.4355155
0.31865016 	 1.1322803
0.30849746 	 1.2455069
0.28024545 	 1.4215326
0.28872395 	 1.5730082
0.29676938 	 1.1822059
0.28123358 	 1.3496248
0.2889378 	 1.2151505
0.29658785 	 1.1223217
0.28958312 	 1.4393389
0.28634226 	 1.6370807
0.28494647 	 1.4422913
0.28557634 	 1.0648894
0.30189386 	 1.3497331
0.27445844 	 1.4650314
0.28564695 	 1.5309316
0.27335194 	 1.3538357
0.31110618 	 1.3144349
0.4026917 	 1.54857
0.34516135 	 1.5908759
0.2684548 	 1.6415908
0.29095414 	 2.1103363
0.31257033 	 1.4955019
0.25602886 	 1.711525
0.25093776 	 1.7396659
0.27434203 	 1.300953
0.25326613 	 1.6119604
0.21797733 	 1.4941196
0.22215928 	 1.5046557
0.23428294 	 1.120412
0.23992684 	 1.5608566
0.23158151 	 0.97700757
0.21309781 	 0.9411227
0.21175817 	 1.4049238
0.18977651 	 1.3357104
0.20034657 	 1.6099379
0.23620394 	 1.6639347
0.27683553 	 1.5216181
0.27723378 	 1.3423942
0.2794545 	 1.2786043
0.3041204 	 1.3378325
0.40089104 	 0.98315763
0.39516392 	 1.1606874
0.3621681 	 1.012497
0.34446058 	 1.2207099
0.2824844 	 1.3995452
0.19905736 	 1.5900272
0.20637031 	 1.4185424
0.21476354 	 1.5757557
0.21311101 	 1.5809882
0.20272705 	 1.7804478
0.20886059 	 1.0056642
0.21979007 	 1.4823304
0.22042538 	 1.7517108
0.24209264 	 1.4351703
0.2646128 	 0.9814821
0.32171226 	 0.88282967
0.3316228 	 1.4884418
0.3385491 	 1.3981401
0.32136056 	 1.4690417
0.33981866 	 1.1441342
0.3469945 	 1.1083436
0.38266438 	 1.1189065
0.39554858 	 1.0604255
0.419522 	 0.93984187
0.4516219 	 0.7561606
0.5039023 	 0.71150553
0.4998629 	 0.6736395
0.5283497 	 0.61110044
0.54368496 	 0.6669777
0.5212579 	 0.7037177
0.53280324 	 0.6274682
0.5182211 	 0.6909401
0.25430033 	 1.5059289
0.2146867 	 1.763642
0.22564611 	 1.4047529
0.2215503 	 1.4926927
0.22451158 	 1.5946589
0.2328871 	 1.2337356
0.22240397 	 1.3355268
0.20798928 	 1.240059
0.2007805 	 1.11728
0.20690992 	 1.4933578
0.23049381 	 1.3365242
0.23058815 	 1.5398252
0.23979123 	 1.7323678
0.23813483 	 1.5831984
0.23180468 	 1.5106963
0.2059544 	 1.6868352
0.21418822 	 1.3387002
Summary
0.022705989  -  1.0172812 ,  0.61110044  -  3.0377517
accuracy:  100.0
equal predictions:  0
TensorFlow version: 1.13.1
Found 939 images belonging to 1 classes.
argN = 3136
argN = 3136
0.38684967 	 2.4726825
0.4120182 	 2.2239926
0.46200472 	 2.2676587
0.7229878 	 1.9741073
0.29716405 	 2.2899897
0.1117326 	 2.3127515
0.080359414 	 2.2871785
0.0601076 	 2.1278713
0.050261363 	 1.8978711
0.030906374 	 2.3608265
0.05140713 	 2.0883744
0.20628811 	 2.111524
0.35717398 	 2.1035283
0.45620567 	 2.0552254
0.48760393 	 1.5929304
0.3352244 	 1.6135257
0.36407948 	 1.7925032
0.37387216 	 1.6011853
0.12073042 	 2.2834198
0.08148169 	 1.7972145
0.06862675 	 2.4242013
0.04063875 	 2.7309797
0.19611506 	 2.5321856
0.5734037 	 2.312167
0.5620911 	 2.0060952
0.6295823 	 2.3877525
0.7078055 	 2.031566
0.77670366 	 1.8734682
0.41072834 	 1.862443
0.40731198 	 2.2381103
0.081840314 	 2.0991952
0.110364735 	 2.2887697
0.16541842 	 1.8645355
0.1462316 	 2.2595785
0.16996707 	 1.88407
0.050624643 	 2.472397
0.056789625 	 1.8656646
0.028682327 	 2.5126653
0.29082268 	 1.3193785
0.19466342 	 1.493282
0.17115818 	 1.870938
0.16286698 	 1.7548643
0.14639251 	 1.7247013
0.1489235 	 2.014194
0.14852153 	 1.7056192
0.12250627 	 2.0153346
0.14312786 	 2.1456459
0.039138053 	 2.215861
0.04628303 	 2.4714262
0.03104827 	 1.6526664
0.021433063 	 2.232697
0.01830693 	 2.1161525
0.045285486 	 2.5077436
0.07611613 	 2.1142585
0.07884194 	 2.0256276
0.16503802 	 2.0034537
0.13306148 	 2.3737898
0.11397705 	 2.366884
0.08737022 	 2.9078178
0.08878416 	 2.6555266
0.061561137 	 2.757498
0.052575313 	 2.41686
0.05196851 	 2.196365
0.11829063 	 1.9200935
0.1732081 	 2.0466132
0.1565313 	 2.4792185
0.06021135 	 2.2039318
0.052126613 	 2.3477871
0.06315138 	 2.0836208
0.047712903 	 1.7704864
0.27039826 	 1.2702806
0.117723756 	 2.2096028
0.14548065 	 2.0150843
0.1347499 	 1.7538213
0.13780616 	 1.7933679
0.045865968 	 2.690637
0.050335325 	 2.193202
0.025953157 	 2.2998166
0.020553017 	 2.4162076
0.020935424 	 2.0892332
0.02607147 	 2.9376779
0.026616909 	 1.9788574
0.025408754 	 2.3049128
0.047304124 	 2.218562
0.13231824 	 0.9827375
0.1288629 	 0.73688257
0.14066032 	 0.88866746
0.130458 	 0.8564676
0.12396919 	 1.1383008
0.12694444 	 0.8153989
0.12360262 	 0.82230073
0.11385221 	 0.99751925
0.12222914 	 0.9994901
0.11989992 	 1.1926571
0.13213843 	 0.9771263
0.123894095 	 0.93189317
0.11808476 	 0.96427536
0.120984465 	 0.96333104
0.11288299 	 1.3115454
0.12433367 	 1.1695014
0.11187838 	 0.9694022
0.103617035 	 1.4418106
0.08485816 	 0.56612194
0.092672214 	 1.4518439
0.08764326 	 0.9235465
0.08633573 	 1.1584631
0.06843391 	 1.0640589
0.075349495 	 1.0295904
0.055749286 	 0.9077665
0.059322074 	 1.0399313
0.05107618 	 1.6799597
0.040962905 	 1.1566107
0.045583077 	 2.1335526
0.03996352 	 1.4089168
0.032310538 	 1.5013235
0.03376927 	 0.9476665
0.038448967 	 1.4840198
0.043976847 	 1.1611558
0.041934013 	 1.6692476
0.045945223 	 0.9489596
0.041235983 	 1.191164
0.044066727 	 1.4016887
0.045138374 	 1.151439
0.048201036 	 1.1617026
0.038820934 	 1.5126197
0.044429444 	 1.6980082
0.042195916 	 1.2541375
0.0324112 	 1.1625681
0.031090511 	 1.4467943
0.029308304 	 1.262249
0.03298955 	 1.120932
0.02993455 	 1.0980701
0.031204145 	 1.0005707
0.034342732 	 1.0648798
0.028946059 	 0.9237981
0.025279209 	 1.416512
0.021963364 	 2.0851278
0.023412922 	 1.4700531
0.01833601 	 1.2410643
0.024184592 	 0.63996583
0.027329307 	 1.5060412
0.031658564 	 0.9860245
0.025892599 	 1.438603
0.0219775 	 2.2555478
0.026873605 	 1.8022192
0.025953218 	 1.7690341
0.025353424 	 1.4498048
0.021061972 	 0.9305177
0.027241837 	 1.1038278
0.022735441 	 1.6914386
0.019281734 	 1.1948231
0.026733646 	 1.2938216
0.02676683 	 0.6811706
0.032308076 	 0.51574343
0.02981234 	 0.86790705
0.03799071 	 1.4937015
0.03228407 	 0.75777406
0.03207257 	 1.2862393
0.028101493 	 1.381779
0.025517708 	 0.78106636
0.025337836 	 1.7982225
0.029868407 	 2.8130584
0.028502865 	 2.0262902
0.03127671 	 0.74957216
0.035384677 	 1.0030017
0.032493703 	 0.84288305
0.0393991 	 0.6098058
0.03828651 	 1.2833436
0.039158754 	 1.4808865
0.04639153 	 1.3394707
0.037817802 	 2.2569926
0.044217728 	 1.0643196
0.056516558 	 0.8132419
0.059608247 	 1.8321866
0.0700637 	 1.325887
0.10306066 	 1.0076004
0.10872844 	 1.1487788
0.10026509 	 1.2024097
0.12108807 	 1.3820517
0.11253166 	 1.4768274
0.118841454 	 1.0522788
0.110092275 	 1.2529846
0.12139013 	 1.0814358
0.12077447 	 0.70848036
0.113502614 	 1.1679249
0.117736764 	 1.4719214
0.10727973 	 1.0326294
0.10624208 	 1.5150962
0.09256242 	 0.8347085
0.07065908 	 0.9052283
0.052527007 	 0.8500217
0.051628906 	 1.2668935
0.060662236 	 1.4697467
0.03201515 	 0.768919
0.038801722 	 0.91982126
0.38160008 	 1.1082236
0.37998697 	 1.1909673
0.37746772 	 0.9030993
0.246805 	 1.0409223
0.2456475 	 1.0910602
0.2017906 	 0.86514807
0.2491877 	 1.2440281
0.2678334 	 1.4890959
0.23522794 	 1.2782991
0.23985986 	 1.3447131
0.2328048 	 1.4356791
0.23860726 	 1.2856019
0.25424308 	 1.5297239
0.24610017 	 1.3008194
0.23690446 	 1.4693376
0.2585875 	 1.3928375
0.248463 	 1.601279
0.2259645 	 1.2645628
0.23063718 	 1.3455085
0.24254833 	 1.0704305
0.33591953 	 1.2083411
0.34909758 	 1.457194
0.34951743 	 1.4004383
0.32274058 	 1.4598025
0.29079565 	 1.568863
0.28237736 	 1.6436627
0.25046873 	 1.6317493
0.2570069 	 1.6463991
0.2570786 	 1.0746716
0.25815293 	 1.174574
0.23737662 	 1.7022984
0.2524544 	 1.7069148
0.23375405 	 1.7375972
0.21567191 	 1.4863735
0.23108715 	 1.8943928
0.29519218 	 0.987497
0.39448136 	 0.7158702
0.32734615 	 1.4152842
0.28996915 	 1.5084944
0.24126336 	 1.760921
0.2720142 	 1.9671358
0.25607753 	 1.4517158
0.24379966 	 1.7475636
0.23012543 	 1.4706038
0.22995971 	 1.3093045
0.19851935 	 1.3352652
0.18368149 	 1.7631904
0.18647984 	 1.6785854
0.18696764 	 1.7825522
0.18467948 	 1.7417507
0.17719585 	 1.6942258
0.175292 	 1.8504262
0.14295374 	 1.2975593
0.13810092 	 1.8411556
0.14512327 	 0.9632117
0.15269649 	 1.9746864
0.16436596 	 1.9689636
0.23093629 	 1.2987853
0.23806804 	 1.0368153
0.22998086 	 1.5126438
0.23489377 	 1.110402
0.24962872 	 1.6024787
0.25050426 	 1.2394841
0.23465806 	 1.3077666
0.22765706 	 1.6174943
0.25575104 	 1.5601448
0.26979792 	 1.4511496
0.31511864 	 0.90868944
0.29616007 	 1.3688731
0.3017957 	 1.2606522
0.31957993 	 1.1318676
0.37236425 	 1.3050777
0.35160705 	 1.171274
0.33724415 	 1.2052594
0.23061202 	 1.6739701
0.21373066 	 0.99645346
0.22662559 	 1.0008336
0.20959873 	 1.2091575
0.16870822 	 1.1550249
0.1700859 	 1.7883627
0.18182674 	 1.6697145
0.17866103 	 1.4313124
0.1681449 	 1.4642648
0.17689802 	 1.5425811
0.16115867 	 1.6060905
0.19354084 	 1.9198829
0.21055017 	 0.93892795
0.22965227 	 1.5929481
0.24746703 	 1.6566749
0.25097987 	 1.4540187
0.28471348 	 1.4867551
0.4079379 	 0.89415807
0.41141507 	 0.9097782
0.3986665 	 0.8529255
0.41669482 	 0.8199365
0.40503582 	 0.86479443
0.44420323 	 0.82363254
0.44639713 	 0.71807784
0.46454588 	 0.7794341
0.5154055 	 0.82976246
0.5107077 	 0.7582469
0.48825145 	 0.7897454
0.44737235 	 0.8323106
0.3892346 	 0.8096404
0.39313298 	 0.9335653
0.3195426 	 1.0861777
0.26234442 	 0.8528942
0.2334145 	 1.6498666
0.19320376 	 1.0373093
0.18627064 	 1.7374986
0.18773942 	 1.5265064
0.19134413 	 1.4983548
0.17970917 	 2.0161786
0.18834785 	 1.7332264
0.17074236 	 1.4676478
0.18507065 	 1.6278713
0.181258 	 1.4411268
0.15503664 	 1.1350673
Summary
0.01830693  -  0.77670366 ,  0.51574343  -  2.9376779
accuracy:  100.0
equal predictions:  0
TensorFlow version: 1.13.1
Found 939 images belonging to 1 classes.
argN = 3136
argN = 3136
0.43561092 	 1.9699432
0.4808316 	 2.1431184
0.34368852 	 1.7511724
0.2819075 	 1.6273216
0.23667221 	 2.1738908
0.044083484 	 1.3781735
0.026435735 	 2.4809873
0.023674596 	 1.9348933
0.017019337 	 2.4140582
0.016717577 	 1.5855005
0.041780062 	 2.2677922
0.067002475 	 1.9718559
0.13839947 	 1.3493571
0.28081405 	 1.1850874
0.13151552 	 1.6306612
0.3734883 	 1.432992
0.427633 	 1.7750586
0.49237955 	 1.8982072
0.45334402 	 1.706102
0.4065491 	 2.0929797
0.40122813 	 1.7586567
0.41411287 	 1.7271161
0.41719523 	 1.7282486
0.4040438 	 1.6674398
0.2292935 	 1.893238
0.13822404 	 1.8701957
0.12624604 	 1.8071389
0.112607844 	 1.8723708
0.03864695 	 1.9059355
0.042416718 	 1.9197195
0.037544668 	 2.8823485
0.024642065 	 2.0627184
0.031663302 	 1.921093
0.021419788 	 2.2133083
0.026485065 	 2.0891316
0.031106437 	 2.201983
0.042999957 	 2.342617
0.28221217 	 2.2401812
0.71220416 	 2.2866433
0.8127544 	 2.2167125
0.7996569 	 1.8528069
0.7998691 	 1.7403729
0.7332476 	 2.3971243
0.6819372 	 2.1677628
0.6088208 	 2.0676863
0.5565621 	 2.736045
0.4556642 	 2.4216492
0.4798865 	 2.2292747
0.56162006 	 2.3116338
0.6218853 	 1.7831042
0.643477 	 1.9375796
0.6651186 	 2.0287344
0.14174744 	 1.9224668
0.15154186 	 1.8113328
0.14092381 	 2.328705
0.0639485 	 1.9846016
0.030827012 	 2.183251
0.036694914 	 2.177734
0.036723606 	 2.453487
0.021189936 	 2.5825953
0.19180362 	 1.284123
0.11201711 	 2.1919942
0.16627283 	 1.9487866
0.15043019 	 1.8727862
0.16776325 	 1.7913593
0.17414723 	 2.3913229
0.10336743 	 2.0742352
0.04146838 	 2.5070772
0.028570144 	 2.1467285
0.037895493 	 1.9951261
0.038917106 	 2.3269758
0.032238513 	 2.4004395
0.014767069 	 2.1843798
0.008308679 	 2.6536453
0.00994792 	 1.7923454
0.01544232 	 2.664272
0.028247343 	 2.1509337
0.07714003 	 2.2108147
0.13462743 	 1.9512078
0.15349923 	 2.294006
0.11583175 	 2.2174993
0.06797797 	 2.135396
0.043756507 	 1.5376668
0.0458714 	 2.0002086
0.07797074 	 2.2257938
0.08356859 	 2.2111259
0.13301423 	 2.3285143
0.15916704 	 2.1117876
0.17122523 	 1.8959193
0.120098576 	 2.1403446
0.07579626 	 2.2251344
0.02678795 	 2.2431147
0.030855104 	 2.0736027
0.06686272 	 2.604588
0.2649097 	 1.3662959
0.2642046 	 1.3400836
0.20916177 	 1.3818427
0.10234948 	 1.6375557
0.12303434 	 1.9400305
0.13548267 	 1.5976677
0.13822836 	 1.8628614
0.017444186 	 2.2668686
0.013008439 	 2.2345436
0.062075928 	 1.9116218
0.099262744 	 1.6717778
0.14689206 	 0.7960644
0.13046955 	 1.1233057
0.15129378 	 1.1157115
0.15343294 	 0.9497754
0.1462915 	 1.2992607
0.13342057 	 1.2119049
0.1525765 	 0.81716084
0.14104268 	 1.3415017
0.15450566 	 0.6692481
0.14032736 	 1.2515515
0.13054357 	 1.3753119
0.13724351 	 0.64144295
0.13349584 	 1.1017429
0.10962779 	 0.6997919
0.12641051 	 1.6254178
0.108691625 	 0.7365471
0.113445595 	 1.1285671
0.1029488 	 0.84410256
0.107420415 	 0.9869339
0.09095393 	 1.9621636
0.0529669 	 0.97760993
0.047781363 	 1.1892667
0.038867716 	 0.87024665
0.04059188 	 0.67603475
0.03540555 	 1.1998917
0.029254783 	 1.3771734
0.032506634 	 1.0472795
0.03519629 	 1.0102414
0.027685452 	 2.821546
0.028615164 	 1.7306525
0.028802559 	 0.77892923
0.032268986 	 0.93694735
0.023093613 	 0.9994512
0.03068859 	 0.95628077
0.028251696 	 1.4817475
0.017717285 	 0.58022827
0.02257143 	 0.82144517
0.015761558 	 1.4441575
0.020895498 	 1.4930575
0.02106958 	 0.96276754
0.021765793 	 0.9570261
0.018549966 	 1.2737159
0.020306332 	 2.5647466
0.017540447 	 0.8254662
0.019305555 	 0.5759709
0.01606533 	 1.5804075
0.019357998 	 1.0801015
0.0143055655 	 0.7839993
0.012931571 	 0.8574474
0.012491374 	 0.77735317
0.014426501 	 0.8895827
0.017513212 	 0.9340206
0.015245126 	 1.5074402
0.018219093 	 1.6759003
0.014269349 	 1.3831389
0.013462879 	 0.77454054
0.01412129 	 0.8587191
0.014767674 	 0.911168
0.01257032 	 0.9955888
0.013389903 	 0.60886616
0.013171794 	 1.1307968
0.025545774 	 0.5588898
0.0299593 	 0.5219108
0.02647258 	 0.7997902
0.024456486 	 0.681193
0.02222539 	 1.0747541
0.024000503 	 1.0294578
0.022966625 	 1.5958586
0.03170606 	 0.70998955
0.030862175 	 0.8585091
0.030567886 	 0.94305587
0.029615605 	 1.7320217
0.038541637 	 0.61015356
0.043253735 	 1.3243836
0.05070327 	 0.64391816
0.0626031 	 1.8237369
0.07983635 	 1.4434036
0.094309404 	 0.9661978
0.091676 	 1.2435268
0.09605616 	 1.3797069
0.094776005 	 1.2211378
0.09569083 	 0.822255
0.09318639 	 1.3737013
0.09535434 	 0.9698404
0.09590802 	 0.8018735
0.099650525 	 0.9324683
0.057154782 	 0.9053402
0.059079736 	 0.84977907
0.04969605 	 1.8603916
0.04960447 	 1.0254468
0.03284122 	 2.0607219
0.028268682 	 0.99852
0.01807858 	 1.3251114
0.024303978 	 1.3281245
0.02104243 	 1.3229057
0.29026055 	 1.1739568
0.28734127 	 1.4382751
0.23915341 	 1.6122139
0.21649192 	 1.22739
0.186258 	 1.4445105
0.16494122 	 1.5579286
0.16147307 	 1.3885022
0.18484038 	 1.7293957
0.18112582 	 1.3654127
0.18957283 	 1.6358838
0.19964667 	 1.7156926
0.19247386 	 1.1201483
0.19465162 	 1.2092603
0.20667933 	 1.206758
0.2128857 	 1.433756
0.1828737 	 0.9999099
0.18572612 	 1.414184
0.19017394 	 1.4893787
0.17958319 	 1.1684203
0.1846969 	 1.7162619
0.17578928 	 1.2351421
0.17741254 	 1.4043095
0.17543298 	 1.6186776
0.18007348 	 1.628536
0.18469784 	 1.0197365
0.17589083 	 1.6390661
0.17870279 	 1.2882644
0.27601144 	 1.5773846
0.25416446 	 1.5877643
0.2510866 	 1.179312
0.24148567 	 1.7927306
0.2266641 	 1.6101186
0.18454607 	 1.1694444
0.17707373 	 1.4063312
0.16565502 	 1.9325286
0.29983324 	 1.2782558
0.31342238 	 1.3029004
0.19760536 	 1.4651856
0.17422627 	 1.7726513
0.19217715 	 2.0502183
0.19565098 	 1.2558165
0.18364425 	 1.6829891
0.16682847 	 1.4719497
0.15598413 	 1.3102212
0.13776532 	 1.3354923
0.13526729 	 1.5178529
0.124177225 	 2.0585835
0.10349533 	 2.0136702
0.09242264 	 1.713111
0.09793068 	 1.739562
0.10905756 	 1.9086785
0.13067567 	 1.4776614
0.13279209 	 1.3213923
0.14044197 	 1.2077957
0.15139282 	 1.6384646
0.14622857 	 1.3356915
0.16961178 	 1.5561457
0.17282027 	 0.8690264
0.16215187 	 1.5833113
0.1643574 	 1.6980652
0.23137355 	 1.1807165
0.23476774 	 1.3974671
0.27939498 	 1.0654197
0.2876452 	 0.8752959
0.20872648 	 1.3882124
0.16344166 	 1.6972706
0.15889786 	 1.009912
0.13775137 	 1.8693336
0.123575844 	 1.2186852
0.113538735 	 1.4822166
0.12239491 	 1.6078573
0.12173226 	 1.3832221
0.11147403 	 1.6381701
0.10492572 	 1.2081002
0.11895409 	 1.4906425
0.12889571 	 1.425169
0.13492282 	 1.7866634
0.14850079 	 1.2526948
0.17713493 	 1.5700992
0.17551646 	 1.4422946
0.1975071 	 1.6828477
0.22031966 	 1.5177044
0.2528945 	 1.041398
0.29492125 	 1.2423202
0.37264973 	 0.8608254
0.43863815 	 0.88945067
0.33333346 	 0.74995226
0.32715794 	 0.8006219
0.2958937 	 0.9872099
0.2609608 	 1.1599343
0.20614299 	 1.4904008
0.15873598 	 1.4537853
0.13150668 	 1.8649205
0.12991588 	 1.013068
0.12698376 	 1.2052288
0.13069272 	 1.3599645
0.13850345 	 1.3951818
0.13027832 	 1.1742697
0.13111152 	 1.5934774
0.136732 	 1.6380754
0.121400625 	 1.5828661
0.13642268 	 1.4112635
0.14042202 	 1.7395688
0.14169414 	 1.9695915
0.14510797 	 1.7034609
0.13714942 	 1.569346
0.13612275 	 1.801342
0.14484751 	 1.9094652
0.13791037 	 1.5929911
0.122317575 	 1.9029359
0.12348723 	 1.2166754
0.11609433 	 1.7025089
0.12714802 	 2.1249456
Summary
0.008308679  -  0.8127544 ,  0.5219108  -  2.8823485
accuracy:  100.0
equal predictions:  0
