TensorFlow version: 1.13.1
Found 939 images belonging to 1 classes.
argN = 49
argN = 49
0.8650576 	 2.2982712
0.3973376 	 1.2321168
0.5167586 	 1.3750464
0.7865183 	 1.3012986
0.95789796 	 1.557576
0.7375344 	 1.3590844
0.38491347 	 0.7884996
0.16414252 	 2.7673955
0.2863217 	 3.032049
0.26048264 	 2.2291355
0.12423561 	 1.1130217
0.14900154 	 1.6578412
0.04958023 	 1.9387037
0.26683253 	 1.0167928
0.40902013 	 1.4412482
0.33456877 	 1.8400629
0.3096005 	 1.2329975
0.25191954 	 2.0715218
0.4691979 	 1.7105551
0.7563027 	 1.8697859
0.6556145 	 2.1695275
0.97793126 	 2.5566483
0.96921635 	 3.034004
0.74867755 	 2.5597892
0.5035877 	 0.92491317
0.5137674 	 0.73888665
0.31349364 	 0.62922037
0.34245256 	 0.66136974
0.32326403 	 1.195686
0.5800727 	 1.5741969
0.43013385 	 1.4148421
0.29100743 	 1.840299
0.22367126 	 2.5217538
0.15048443 	 1.8089316
0.20888975 	 2.9613736
0.0019011677 	 1.7485505
0.002506474 	 1.2252816
0.20062685 	 1.2873706
0.4778175 	 1.2672353
0.31116083 	 2.7793543
0.63473564 	 1.1465192
0.4469444 	 0.7154355
0.25728524 	 3.4147005
0.19961573 	 1.0449985
0.83018607 	 0.52985376
0.8143654 	 2.3129864
1.1193519 	 1.041235
0.67899007 	 1.3803784
0.6764351 	 2.1880648
0.79283834 	 2.2856684
0.2644328 	 0.775911
0.28383195 	 1.509776
0.078548014 	 1.5971301
0.05480535 	 1.7702235
0.006334657 	 2.2780302
0.0116139725 	 2.128141
0.37467378 	 1.6907074
0.39451247 	 2.8906624
0.25850344 	 2.0760918
0.27104905 	 1.8364894
0.28064382 	 2.2953112
0.16505264 	 1.3488926
0.20940405 	 2.0908535
0.4149782 	 1.1274068
0.3789868 	 0.9421493
0.2328474 	 1.0978014
0.15862513 	 1.8495665
0.1386247 	 1.3555315
0.03612084 	 1.8388737
0.06553866 	 0.8151754
0.0026217466 	 2.5272756
0.0025396382 	 0.9630356
0.0016371292 	 2.9424396
0.0057954914 	 2.0155172
0.017711401 	 2.747853
0.11810199 	 1.7374607
0.0917785 	 2.242001
0.38280553 	 1.199528
0.41556886 	 0.9567246
0.35900873 	 1.1154392
0.22756486 	 2.4093325
0.22429353 	 1.5235497
0.39717388 	 0.7732242
0.18118961 	 1.0384234
0.24141313 	 0.76003236
0.2245024 	 1.683942
0.3973694 	 1.1020178
0.41055796 	 1.4006939
0.21195361 	 1.6908193
0.17371918 	 1.6136574
0.04367531 	 1.9176402
0.029124126 	 1.7727306
0.12928383 	 1.1945125
0.18656403 	 1.7050242
0.0012694903 	 1.0619444
0.21520361 	 0.9829273
0.25231645 	 1.9162937
0.15805788 	 4.836558
0.035578843 	 1.5909581
0.013148784 	 0.9915582
0.05823803 	 1.4922584
0.034331013 	 3.683187
0.042014945 	 1.7701716
0.041247226 	 3.25787
0.051372994 	 2.0394592
0.0012340408 	 1.8148221
0.03406518 	 1.751166
0.10538737 	 2.9882336
0.07264926 	 1.6951462
0.100508526 	 0.6335305
0.048630144 	 1.9523027
0.11140287 	 3.2177022
0.08010366 	 2.4672203
0.050718382 	 1.3630127
0.03182032 	 1.2550995
0.056796756 	 2.777708
0.05934187 	 1.1061363
0.10033758 	 1.0142819
0.028437002 	 1.6205662
0.059859823 	 2.5330184
0.037642512 	 1.5046345
0.005552779 	 1.8172632
0.012992497 	 2.3547275
0.0013735783 	 1.5394198
0.0010613468 	 0.99046856
0.0013773385 	 2.6637056
0.010427894 	 1.8117187
0.008988663 	 0.5101925
0.039176174 	 3.6737962
0.07091844 	 0.23830017
0.07864996 	 1.9004637
0.08986357 	 1.8248988
0.042972952 	 1.8673043
0.07331416 	 2.6802008
0.035168014 	 1.2777939
0.11557928 	 1.3030264
0.06885098 	 2.2524714
0.079843774 	 1.3203961
0.043653455 	 1.5874864
0.03454854 	 3.0324965
0.07573351 	 2.3440902
0.039160985 	 2.4740932
0.02759844 	 1.7387599
0.04454778 	 3.012412
0.02309227 	 0.43348366
0.046325978 	 1.2041625
0.041720152 	 1.6762964
0.031070096 	 1.7888918
0.045966506 	 1.5455955
0.01404331 	 0.64179224
0.0054064244 	 0.3413559
0.021479284 	 2.0068529
0.04979866 	 1.4109123
0.015565087 	 1.540802
0.056734867 	 1.1955079
0.019327248 	 1.2027258
0.014385441 	 1.8713096
0.0018925086 	 2.3330488
0.015178979 	 1.0154549
0.0013428401 	 1.2663473
0.005557394 	 1.6147048
0.0041025877 	 1.1374978
0.002151836 	 3.3352976
0.00033592858 	 2.650622
0.015668495 	 1.9367421
0.00067089644 	 0.8915742
0.0028430666 	 2.4961574
0.0012083198 	 2.2614124
0.047613632 	 2.4484873
0.095119506 	 0.9299784
0.023621133 	 1.2837731
0.042966604 	 0.4372373
0.11671246 	 0.7468306
0.13285397 	 2.4821043
0.09910984 	 1.6509473
0.06607811 	 1.6587262
0.05443652 	 1.0719422
0.06901962 	 1.866849
0.073169984 	 2.099443
0.0726142 	 1.4571663
0.09116435 	 1.9065242
0.07379769 	 1.922486
0.079256594 	 1.1728262
0.07441686 	 2.322755
0.08705889 	 1.046987
0.07839567 	 0.9536757
0.022108627 	 1.687359
0.058553595 	 1.7526038
0.08899223 	 2.6319876
0.06411238 	 1.9679762
0.025846723 	 0.7997118
0.0034796866 	 1.6305733
0.08882643 	 1.2208622
0.029602222 	 2.1130986
0.009335266 	 1.0266718
0.009028418 	 1.9605216
0.017109253 	 2.0887494
0.032298226 	 1.9210975
0.051756825 	 1.8168509
0.0067815734 	 1.4454297
0.0055768737 	 2.3727024
0.01999379 	 2.4548047
0.0028704435 	 1.2956598
0.02374387 	 2.7221344
0.012967016 	 1.1832325
0.012187176 	 1.9844294
0.011324269 	 1.4238741
0.0050478214 	 0.9796434
0.0054677324 	 1.8574233
0.0056037265 	 1.1465942
0.20498091 	 1.4973073
0.25577596 	 1.6092917
0.15087292 	 2.0975966
0.13051002 	 1.4057388
0.029084608 	 3.92485
0.011511286 	 1.9568615
0.039183486 	 2.1071937
0.029956229 	 3.0437946
0.10689004 	 2.28536
0.024912493 	 1.9119867
0.0412371 	 3.3555436
0.012429332 	 1.6057823
0.0018427651 	 0.5612846
0.0006546136 	 2.933921
2.2650021e-05 	 1.2863277
5.65068e-05 	 2.7048094
1.2517054e-05 	 1.0283886
1.2874686e-05 	 1.3075079
0.009734291 	 0.811666
0.00030885937 	 2.2853014
0.66140765 	 1.6072661
0.18162288 	 1.7043034
0.12683205 	 2.7467985
0.024209995 	 1.8137178
0.05565205 	 2.1744177
0.021770727 	 1.8311939
0.009206585 	 2.3808262
0.0081395665 	 2.594045
0.016185569 	 1.5591122
0.0042389343 	 4.866456
0.035388134 	 1.8468027
0.015568053 	 0.95677954
0.010850312 	 1.7843078
0.003429924 	 1.8802849
0.3492942 	 1.1486543
0.28015372 	 2.4247398
0.09072953 	 3.1923592
0.031392086 	 1.8630922
0.06404502 	 2.4200828
0.091219395 	 2.341143
0.105732016 	 1.4576806
0.003294046 	 3.4295106
0.0015823838 	 2.272507
0.042595897 	 0.9782397
0.032632377 	 0.9900788
0.08140952 	 1.7490789
0.07199102 	 2.7838917
0.03647438 	 3.803455
0.013685343 	 1.1121666
0.04052199 	 1.8436673
0.046728488 	 1.2894118
0.052135844 	 2.8270226
0.08499689 	 1.3683932
0.09543375 	 1.7105758
0.17862369 	 1.8379793
0.15301152 	 1.4603369
0.18180744 	 1.9395901
0.12495226 	 2.322211
0.23589313 	 0.7813201
0.19432993 	 1.0919186
0.10319923 	 1.1885436
0.09782774 	 1.2256984
0.1933828 	 1.9844065
0.17833604 	 2.3188117
0.06873292 	 1.8612143
0.065929115 	 1.6804452
0.10366523 	 3.16933
0.04990686 	 1.7735474
0.06736596 	 2.8591175
0.038178075 	 1.6545036
0.08575512 	 1.7950643
0.07741808 	 2.1008732
0.14384429 	 1.4674273
0.10317894 	 0.77367115
0.16442323 	 0.9031977
0.13873556 	 1.443024
0.1799419 	 1.3017156
0.48538324 	 1.0711185
0.41674095 	 0.6795685
0.43647227 	 0.9610485
0.5447381 	 0.41170058
0.31209034 	 0.694886
0.31407183 	 0.6626425
0.36838058 	 0.6478232
0.24800889 	 0.70087826
0.2169372 	 1.7091612
0.23768423 	 2.4346058
0.08881679 	 1.4010367
0.116729476 	 1.6351961
0.04430981 	 2.6961958
0.1263867 	 1.5965291
0.100728154 	 2.2217345
0.1218189 	 1.5831398
0.14911562 	 1.3377229
0.1860243 	 2.8663707
0.07387713 	 1.8831716
0.16545105 	 2.1541693
0.27737048 	 0.97707266
0.188672 	 1.7205323
0.33612722 	 1.1595496
0.13421105 	 1.3007228
0.09274441 	 1.1099602
0.07659812 	 2.4803727
Summary
1.2517054e-05  -  1.1193519 ,  0.23830017  -  4.866456
accuracy:  99.0
equal predictions:  0
TensorFlow version: 1.13.1
Found 939 images belonging to 1 classes.
argN = 49
argN = 49
0.61859524 	 2.2091808
0.47940522 	 1.8898176
0.9034879 	 2.5082047
0.5115376 	 2.0877323
0.26530638 	 3.0275667
0.17903866 	 2.0880806
0.11549344 	 1.8708718
0.15530477 	 0.71580446
0.13367766 	 2.4717073
0.12939163 	 1.7204736
0.21916421 	 3.1334105
0.20317076 	 2.1729548
0.1890468 	 3.5241575
0.1284994 	 1.7656541
0.049876723 	 2.2725365
0.32207328 	 2.408291
0.41907454 	 1.7551014
0.63131124 	 1.3203393
0.34955633 	 2.2763386
0.67122465 	 2.9191952
0.39418268 	 0.90044725
0.34258184 	 0.67260236
0.3389539 	 0.9734948
0.5972696 	 2.8331225
0.13092941 	 1.7291498
0.12722458 	 1.2634156
0.0008732912 	 1.50691
0.022311142 	 1.5764989
0.0478392 	 1.4993716
0.11358181 	 2.0108976
0.24150883 	 1.482568
0.2066717 	 0.917517
0.29939356 	 2.6795707
0.56413245 	 1.1645015
0.624124 	 1.5033407
0.49127755 	 1.2202365
0.35761768 	 1.265672
0.13883553 	 3.4967017
0.104374506 	 0.3376708
0.47697204 	 2.919014
0.31008103 	 1.0922655
0.36583665 	 0.9533104
0.8818234 	 1.3381287
0.8355979 	 1.1241187
0.33124685 	 0.96274847
0.32731903 	 0.97607964
0.22571744 	 0.81040055
0.24248065 	 1.0978535
0.34875008 	 0.4651865
0.08783372 	 1.71811
0.03194062 	 3.0682
0.03511739 	 0.90865785
0.021307139 	 1.7588792
0.2519443 	 0.6937379
0.46863776 	 3.01157
0.4503349 	 0.6549824
0.29996252 	 2.0011113
0.18729416 	 5.2554555
0.23542447 	 1.6795807
0.14986467 	 1.2826086
0.28730887 	 1.9528781
0.3433055 	 0.66229117
0.17057157 	 1.1187156
0.074274264 	 1.9705353
0.044866413 	 1.2154943
0.003270664 	 2.4975016
0.04541328 	 3.0864503
0.046274036 	 1.4888629
0.17348428 	 1.2973632
0.032665815 	 1.755923
0.35263598 	 1.0097495
0.5413742 	 1.4619359
0.16576153 	 2.4177413
0.12256933 	 4.3306704
0.2376048 	 1.5905284
0.14109868 	 3.3439262
0.37777588 	 2.8464563
0.38143283 	 3.357089
0.40017468 	 1.4199315
0.2506091 	 1.8787802
0.37852162 	 1.6256825
0.5153059 	 1.047883
0.42086703 	 0.56718326
0.4169634 	 1.8207346
0.06389271 	 1.9664068
0.17849806 	 2.0904882
0.31971934 	 1.8155313
0.15417126 	 2.0843267
0.09768774 	 0.9453221
0.13589269 	 1.946096
0.08011199 	 3.9795766
0.0046269484 	 1.5078653
0.00049555657 	 1.5864271
0.01617509 	 1.434528
0.070010066 	 2.2979448
0.13837278 	 1.7467568
0.057377145 	 1.1612939
0.010024076 	 1.382625
0.026782563 	 1.9244058
0.0049561686 	 2.23584
0.0012517057 	 4.011441
0.0015109862 	 2.8132014
0.03353588 	 1.6859179
0.06243534 	 2.192779
0.0010330647 	 2.3027866
0.0032884248 	 1.5043335
0.012248841 	 0.9012694
0.0077291033 	 4.9076104
0.0019337146 	 1.8345954
4.685035e-05 	 2.1137893
0.00024118948 	 1.6677125
0.0003642507 	 2.684578
5.6983663e-05 	 2.3400228
0.00015045344 	 1.9894001
1.6093383e-05 	 2.3488233
1.990815e-05 	 2.9930086
0.011488434 	 0.89360905
0.0028263298 	 1.4527967
0.031049438 	 0.9105976
0.14039835 	 1.906106
0.09788808 	 2.2860675
0.14944592 	 1.3621535
0.12670295 	 0.63956916
0.06913401 	 1.4097106
0.13330138 	 1.1844296
0.0870626 	 1.2787734
0.05456977 	 1.1823245
0.044001386 	 0.4688575
0.07000144 	 0.46515045
0.030662224 	 1.5637534
0.018922253 	 1.8052115
0.02843976 	 1.4908766
0.016040012 	 2.872396
0.009613561 	 1.9366072
0.040498093 	 1.9810516
0.0021578092 	 2.770651
0.0319093 	 1.3962882
0.013863192 	 1.9127481
0.010010952 	 1.5148011
0.012819571 	 1.5506546
0.0068293423 	 0.89220303
0.014667324 	 3.1304052
0.02059719 	 2.015077
0.004572638 	 1.1679908
0.009275766 	 1.8497086
0.04249402 	 2.5885627
0.008650778 	 1.4906232
0.007672762 	 2.2467828
0.0030563043 	 2.933668
0.002429454 	 0.98855066
0.006173794 	 0.68194073
0.008050274 	 1.430183
0.006921707 	 2.3168936
0.0011830173 	 2.4154031
0.0036250413 	 0.53671837
0.017424839 	 3.9593818
0.0017224475 	 2.8751743
0.0020707813 	 1.6711408
0.00035041748 	 2.5447438
0.026263162 	 4.2277694
0.07026914 	 3.122857
0.122179024 	 1.4291214
0.08260684 	 2.3822117
0.09528484 	 0.88325083
0.12141079 	 1.6304418
0.11953995 	 1.5880294
0.17278945 	 1.4104716
0.14321789 	 1.2553496
0.10263338 	 1.2798023
0.13686562 	 0.7677952
0.12884323 	 0.8389926
0.15499349 	 1.5595286
0.053688265 	 1.9444027
0.12626173 	 1.3766911
0.09823969 	 1.8877362
0.017506722 	 1.3405925
0.031917114 	 1.5230515
0.020055572 	 1.6313529
0.043480188 	 1.1418604
0.017052017 	 1.3567863
0.0050759776 	 1.3419076
0.002058358 	 1.5532683
0.012598387 	 2.6448376
0.009749458 	 1.3724862
0.0028287806 	 2.0479345
0.00868583 	 0.99687845
0.000507066 	 1.0050992
0.0008806887 	 1.0726106
0.0012010393 	 1.5093793
0.03836715 	 2.0298128
0.0031089184 	 0.7653423
0.0068714125 	 0.61746114
0.006247025 	 1.5411788
0.01027438 	 2.5913155
0.004315735 	 2.1216962
0.0052699186 	 2.5771086
0.0077991444 	 1.1119668
0.020097047 	 1.0379041
0.0025793768 	 1.2055042
0.0020446207 	 2.486259
0.0054268003 	 2.465037
0.17160417 	 1.3595812
0.1809778 	 1.3303064
0.21808259 	 2.1211476
0.3408585 	 3.487221
0.018980507 	 1.2334157
0.08463537 	 3.0359032
0.11131759 	 1.6121744
0.05658556 	 1.6708372
0.05054483 	 2.1868026
0.0003901885 	 3.348993
0.005350034 	 1.7617216
0.005391802 	 1.8432424
0.028344836 	 2.540989
0.029908387 	 1.691336
0.031149048 	 2.0186565
0.025544245 	 1.638468
0.007223586 	 1.7782886
0.02535801 	 1.575209
0.00040151787 	 2.7518036
0.0024695466 	 1.7589062
0.0017196413 	 2.0824652
0.0091693485 	 4.3558245
5.7220623e-06 	 1.697544
0.00023099467 	 2.190767
0.0041232957 	 1.314727
0.0002613409 	 1.4268678
0.0023054811 	 1.3374654
0.002954552 	 2.137305
0.0003841661 	 3.7105138
0.003453549 	 1.3381264
0.109161794 	 1.6340497
0.01226097 	 1.5352659
0.0321572 	 1.6218889
0.005587183 	 2.7893395
0.00023320055 	 1.0608125
0.016402155 	 3.1659734
0.07437224 	 2.8938074
0.06904517 	 2.6304915
0.056728687 	 1.7424058
0.077465355 	 0.76613665
0.17967364 	 1.637263
0.04372469 	 1.4080341
0.013082231 	 5.325497
0.040001113 	 1.4811682
0.04582666 	 1.6626385
0.019777456 	 1.4795552
0.07651428 	 1.3310441
0.051604178 	 1.158814
0.0020855344 	 1.4426582
0.019916626 	 1.1741941
0.061217688 	 1.1543994
0.02300206 	 1.610257
0.005778825 	 0.7747886
0.00031243675 	 0.6598257
0.00623305 	 2.6358156
0.0070925946 	 3.4200525
0.00014544591 	 2.6111422
0.0073051797 	 1.118798
0.021397745 	 1.8390167
0.020464253 	 1.1380755
0.033107653 	 1.5910847
0.016500924 	 1.0942966
0.01977156 	 2.0341651
0.057401385 	 1.6880993
0.051491026 	 1.7162857
0.2274711 	 1.4780757
0.21867788 	 0.9683118
0.12182038 	 1.6161962
0.20846228 	 3.0847821
0.21256451 	 1.6737902
0.054736786 	 1.4213923
0.13775438 	 2.0966282
0.09278934 	 1.1849009
0.08178643 	 1.0184402
0.12572552 	 0.97298294
0.14624989 	 1.394478
0.14275791 	 1.0049409
0.09354637 	 2.1114094
0.107799426 	 2.7955763
0.03559348 	 2.3304772
0.07179747 	 3.580316
0.0033382403 	 2.6046138
0.025852045 	 1.8532152
0.026037026 	 1.8217819
0.030487014 	 1.9605707
0.06212806 	 2.1923928
0.1169947 	 0.9840757
0.3322809 	 1.5825266
0.40660557 	 1.2707304
0.33193836 	 0.78568375
0.2912476 	 0.6215834
0.4635159 	 1.0887084
0.3952719 	 0.544883
0.51434237 	 0.79095435
0.42815876 	 0.65164936
0.31245816 	 0.85021013
0.26113492 	 0.6418442
0.16336536 	 0.7744027
0.25697398 	 0.87234145
0.43810153 	 1.2359663
0.3073159 	 1.276626
0.2878796 	 1.2549337
0.039298914 	 1.4750384
0.0506306 	 1.239564
0.09918731 	 0.95854086
0.3376272 	 1.0074458
0.2052548 	 1.1113601
0.19195743 	 0.9052808
0.14681418 	 1.4611619
0.16481288 	 1.968137
0.10592383 	 0.9746394
0.069491625 	 1.1684742
Summary
5.7220623e-06  -  0.9034879 ,  0.3376708  -  5.325497
accuracy:  100.0
equal predictions:  0
TensorFlow version: 1.13.1
Found 939 images belonging to 1 classes.
argN = 49
argN = 49
0.6625074 	 0.68194336
0.31938985 	 1.0926583
0.47984266 	 0.66068405
0.7792764 	 0.807357
0.50582355 	 0.869293
0.26627487 	 1.2413955
0.36455363 	 1.9220748
0.04217005 	 2.3971205
0.23193538 	 1.4326948
0.1501923 	 5.8112288
0.0026782823 	 1.4616772
0.0054496336 	 1.7865684
0.016215919 	 1.3434597
0.20993514 	 0.87705654
0.2262942 	 0.7666703
0.2198047 	 0.5777342
0.62135804 	 1.7616855
0.39148912 	 1.0689567
0.37679112 	 0.6957062
0.44167146 	 0.65584326
0.5602299 	 0.49132216
0.5116549 	 0.5291472
0.3885638 	 0.96327543
0.42361808 	 0.87663954
0.3965789 	 0.6479491
0.15692194 	 0.9178829
0.00018347993 	 0.6575605
8.064834e-05 	 1.1581138
0.08575115 	 1.6576579
0.42917207 	 0.4336706
0.3368118 	 0.8664132
0.3814606 	 0.8393043
0.3223168 	 0.5999132
0.43903622 	 1.0199382
0.30143982 	 0.99024665
0.39939475 	 1.146908
0.6306411 	 1.4232768
0.7143288 	 0.7965329
1.0664654 	 0.7981756
0.48074156 	 1.239181
1.0169547 	 1.1586052
0.9183817 	 0.7892063
0.17080417 	 0.581746
0.13971174 	 1.3178642
0.2969189 	 0.91968524
0.1574655 	 1.6115781
0.054327577 	 1.9289087
0.04043975 	 1.9748092
0.35897663 	 0.90991867
0.43449974 	 0.60043085
0.48683134 	 0.7046406
0.33093885 	 0.8238375
0.37596846 	 0.8281236
0.19437121 	 0.7006026
0.3135968 	 0.6683511
0.22158065 	 0.6903681
0.41552442 	 0.43541494
0.34680358 	 1.0977603
0.05967917 	 1.1178252
0.0003869686 	 2.5112138
0.07871412 	 1.6835966
0.29535586 	 1.4234401
0.59876704 	 0.7945086
0.41846585 	 1.040528
0.58933586 	 2.2944694
0.45160773 	 1.4697213
0.5919444 	 0.89046794
0.22666499 	 1.16093
0.419896 	 0.77176356
0.4749263 	 0.6654889
0.26342234 	 1.1126974
0.12973216 	 1.5001345
0.06655496 	 1.9819453
0.19182211 	 0.9729517
0.34032375 	 1.1671711
0.5879993 	 1.1477926
0.40061018 	 0.4113418
0.25538963 	 0.47988775
0.22854389 	 1.0531096
0.23464939 	 1.5185223
0.09040058 	 0.729628
0.26433745 	 0.9954789
0.20669201 	 0.835806
0.17763293 	 1.9954798
0.03129879 	 0.88241863
0.109360054 	 0.80446565
0.06495136 	 2.1051323
0.16659251 	 2.4967284
0.16039103 	 1.9565406
0.041593265 	 1.4407035
0.13539286 	 1.3548061
0.13319582 	 1.0324527
0.08268045 	 0.92545635
0.07071876 	 1.7336603
0.023291323 	 1.0694591
0.057409655 	 1.5147756
0.045948096 	 1.5085645
0.04832608 	 1.1457132
0.035392642 	 0.8683997
0.031440802 	 2.2130592
0.052711334 	 1.4537019
0.06808037 	 0.9214863
0.21895295 	 1.3012869
0.063728034 	 0.91734946
0.023483155 	 1.0205207
0.07196777 	 0.3492995
0.12393741 	 1.1078287
0.14252694 	 1.1729265
0.15467457 	 0.56565505
0.08711735 	 0.52473676
0.16368179 	 0.9213097
0.26305255 	 1.0163034
0.26041892 	 0.4471085
0.35765696 	 0.6647147
0.30488598 	 0.8237242
0.37430018 	 0.77751917
0.4037742 	 0.55796427
0.1980014 	 1.0405326
0.23593155 	 1.0451008
0.17306948 	 0.9833493
0.13907045 	 0.88244975
0.21898034 	 0.8053745
0.18979554 	 0.73494774
0.21067202 	 0.38884798
0.33980468 	 0.7693945
0.3182704 	 0.63867784
0.23360075 	 1.0577812
0.24254932 	 0.8882232
0.19525021 	 0.975384
0.26298618 	 1.0676773
0.25078693 	 1.0056695
0.24780688 	 1.2913347
0.10330795 	 1.4372687
0.12547143 	 1.5323598
0.15936533 	 1.115317
0.19494247 	 0.6699425
0.1350733 	 0.94564337
0.1242298 	 0.8901661
0.12299956 	 2.0880089
0.119749345 	 0.7321644
0.07409163 	 1.8904848
0.11681582 	 1.781886
0.054403163 	 1.0215399
0.16530062 	 1.3722796
0.07379564 	 2.0913556
0.05343553 	 0.53515786
0.067110136 	 1.0300261
0.033595547 	 0.9361948
0.049874905 	 0.8490705
0.043671075 	 1.1594653
0.086320594 	 1.2132398
0.10051571 	 1.5646315
0.082974546 	 1.2817156
0.0919444 	 2.1539423
0.08000615 	 1.1322796
0.09326896 	 2.015622
0.086298496 	 1.0267564
0.08198102 	 1.1332712
0.07783402 	 2.898323
0.12225278 	 1.9672841
0.15789916 	 1.9908681
0.2093698 	 2.3503678
0.21076165 	 1.6849034
0.20361811 	 1.4786738
0.15202442 	 1.23484
0.063964956 	 1.7033713
0.07644106 	 1.7806385
0.117971204 	 1.6888533
0.18365793 	 0.46362826
0.19092229 	 1.6413865
0.10075696 	 1.1407874
0.06863499 	 1.0201247
0.130671 	 0.6421009
0.11357713 	 0.9328909
0.13889436 	 0.9255383
0.16073062 	 0.92495376
0.14356084 	 2.102793
0.12788498 	 0.6359843
0.1402105 	 0.84777796
0.1512176 	 1.0208642
0.14234109 	 1.4884318
0.11304722 	 0.87836224
0.071112014 	 1.1375544
0.08961235 	 1.2898738
0.070028484 	 1.0557482
0.06859017 	 1.090022
0.05009359 	 1.211194
0.023988415 	 0.9423955
0.044213615 	 0.8413986
0.03243416 	 0.74824744
0.008555127 	 1.1555114
0.024964252 	 1.8906696
0.0039259866 	 2.1213226
0.08581051 	 2.2058563
0.20215051 	 0.70735586
0.22460149 	 1.3078759
0.05732936 	 1.0293725
0.24721201 	 1.0826697
0.13430314 	 1.1076757
0.065675564 	 1.1837038
0.059264142 	 1.5194072
0.06439802 	 0.79331046
0.040504735 	 0.94516134
0.08276099 	 1.0238968
0.08276992 	 1.0646404
0.13184373 	 1.9092946
0.11676652 	 1.8675712
0.13619529 	 1.9490558
0.10425747 	 2.0663645
0.104813986 	 1.1193005
0.106690675 	 2.278249
0.095426336 	 1.9318097
0.15452597 	 2.045163
0.09462274 	 0.6695079
0.021254472 	 1.7651097
0.04328878 	 0.7914053
0.0034679037 	 1.339077
0.0003478536 	 1.7951698
0.0028859854 	 0.78473496
0.0004809463 	 1.6847389
0.005632198 	 2.4185266
0.020262416 	 1.0270125
0.07620387 	 1.1083788
0.022174807 	 1.8439683
0.014779046 	 1.6803262
0.013054997 	 0.86649173
0.3913448 	 0.92630035
0.49967477 	 1.6343861
0.06281208 	 1.764585
0.059508227 	 1.6855159
0.12132963 	 1.4590417
0.106360875 	 2.0867636
0.07675972 	 1.623874
0.118785605 	 1.2457595
0.21719322 	 1.4792485
0.099603906 	 0.46173665
0.13281544 	 2.770082
0.072372474 	 1.989232
0.16381751 	 2.1126337
0.06439364 	 1.7447734
0.036397543 	 1.0214219
0.0858865 	 2.0140934
0.10025554 	 1.0060557
0.09680694 	 0.8753783
0.04098377 	 2.9332914
0.08976256 	 1.0138551
0.062011175 	 2.712003
0.073603086 	 1.1267599
0.047066182 	 0.8248707
0.03564314 	 2.0899277
0.04179976 	 2.3087642
0.068637796 	 1.985784
0.067465685 	 0.7372162
0.088230506 	 1.3786231
0.13573155 	 1.9080184
0.08982353 	 1.9033245
0.0972343 	 2.1768384
0.067760386 	 1.0183849
0.06086587 	 1.8429078
0.08997854 	 1.279545
0.03372864 	 1.1731281
0.29865327 	 1.2474711
0.4594417 	 1.0594654
0.50379014 	 0.70438033
0.50792 	 0.90283626
0.4581252 	 0.47735932
0.23070084 	 0.7044604
0.122099824 	 1.7658231
0.095142975 	 1.678435
0.0034647933 	 1.4857792
0.0039011538 	 0.8297576
0.0007225501 	 1.1275175
0.16969384 	 1.0274245
0.24494107 	 0.7031356
0.15532747 	 0.8137121
0.2912005 	 0.8281534
0.22511877 	 0.56001
0.2586305 	 0.7478301
0.36843425 	 0.9199698
0.39211705 	 0.4505547
0.20018607 	 0.8669557
0.22840068 	 1.2062207
0.33970422 	 0.84652245
0.34112808 	 0.87445885
0.41978008 	 0.8217304
0.3569491 	 0.60201675
0.43279365 	 0.70601684
0.3498171 	 1.0219914
0.35481048 	 0.8157253
0.38405147 	 0.6640097
0.31140178 	 0.42270923
0.3987672 	 0.43950564
0.16041574 	 0.95259947
0.21360607 	 0.55555016
0.20564905 	 0.92363733
0.1576507 	 1.7073462
0.1817075 	 1.1040257
0.114342384 	 1.3806325
0.0968994 	 1.3025746
0.09463427 	 1.619234
0.13508163 	 1.8431894
0.14458734 	 0.8902304
0.26838145 	 0.9254109
0.2435052 	 0.8499277
0.15357457 	 0.9590309
0.35857552 	 1.0036762
0.17183766 	 1.2792515
0.09287227 	 0.98784935
0.14065538 	 0.79237705
0.1700098 	 0.8889793
0.096249156 	 0.9763845
0.10344879 	 1.062029
0.17652033 	 1.9029131
Summary
8.064834e-05  -  1.0664654 ,  0.3492995  -  5.8112288
accuracy:  99.0
equal predictions:  0
TensorFlow version: 1.13.1
Found 939 images belonging to 1 classes.
argN = 49
argN = 49
0.7675557 	 1.9742764
0.42292783 	 1.4275984
0.34106094 	 0.19398181
0.287928 	 0.4987112
0.14364293 	 2.7098572
0.09527527 	 1.0564518
0.11613577 	 2.625963
0.22288325 	 1.3786764
0.35332 	 1.3776637
0.47697818 	 1.0545613
0.516162 	 0.47233647
0.5365872 	 1.7156856
0.5176014 	 1.0094993
0.17838798 	 1.7535613
0.01027697 	 0.88695216
0.0016915792 	 2.3110344
0.0016353979 	 2.4891253
0.27369717 	 1.234408
0.40524623 	 2.6685455
0.6297492 	 3.6615279
0.45274833 	 1.3788513
0.67698365 	 3.1473284
0.27110377 	 1.7164781
0.45031688 	 0.5848432
0.6986525 	 1.8933461
0.5256678 	 2.4580998
0.35839033 	 1.280012
0.15576833 	 1.382848
0.31784955 	 1.1027056
0.4113075 	 0.41141632
0.2541091 	 0.37318283
0.26134667 	 1.4696637
0.121402845 	 1.622578
0.0639166 	 1.8475142
0.058300957 	 3.3143399
0.058404457 	 1.8326764
0.04521009 	 1.943783
0.0029801384 	 2.7566726
0.009038462 	 1.3673016
0.20494974 	 1.5999913
0.39510748 	 1.4099247
0.3775771 	 0.55053884
0.28270304 	 0.76922727
0.34044018 	 0.57441884
0.31514087 	 0.98696524
0.31010655 	 1.6045138
0.34865174 	 1.4489908
0.25936455 	 0.9173043
0.08456447 	 0.9441715
0.04301769 	 1.3723732
0.0016492489 	 2.6057012
0.050456055 	 1.0619891
0.14082046 	 0.9004113
0.18823086 	 0.9980866
0.23482923 	 0.7948911
0.4303021 	 0.6357559
0.35885596 	 1.8307465
0.29349488 	 1.6369642
0.11006206 	 2.1554523
0.14879179 	 1.113142
0.27830625 	 1.7237076
0.38040674 	 0.8850563
0.5179624 	 5.730627
0.090685084 	 1.0219327
0.1861643 	 1.3473215
0.26336586 	 0.72230834
0.5053671 	 0.46252027
0.2850293 	 0.49972418
0.113769054 	 1.7839139
0.0036983846 	 3.172523
0.0026870677 	 3.2179344
0.32055554 	 1.3676293
0.16879614 	 1.9680359
0.22713697 	 1.3115237
0.19803773 	 1.0719835
0.11614587 	 2.5967145
0.16186816 	 2.9166827
0.0981978 	 2.0685837
0.017583396 	 1.2960677
0.14316067 	 2.8174393
0.019348761 	 1.9136676
0.04113263 	 2.4984283
0.0076107183 	 2.019759
0.0020118912 	 0.46802318
0.1556431 	 1.5723912
0.13134047 	 2.273865
0.103173725 	 1.9218348
0.11673249 	 1.4149126
0.11640405 	 2.637114
0.12147802 	 2.3064082
0.008506674 	 1.2996564
0.045571726 	 0.8251865
0.01841135 	 2.188228
0.00141148 	 1.5357325
0.015639009 	 2.8071651
0.0011710225 	 1.5867931
0.0012424554 	 2.3444228
0.03074397 	 2.187773
0.0061221584 	 1.4883214
0.034586858 	 1.1069376
0.028393032 	 1.9523237
0.0056659454 	 4.0035195
0.052490383 	 2.6300323
0.049643308 	 1.4841051
0.05490943 	 0.834371
0.008716313 	 1.8146223
0.08711839 	 1.8165969
0.116940565 	 1.8257569
0.1165848 	 1.9439992
0.18285102 	 1.3936576
0.22525062 	 0.796161
0.110824235 	 1.9596528
0.17764346 	 2.0819294
0.14386632 	 2.2753556
0.15495104 	 1.6424727
0.115343116 	 1.9278595
0.08914783 	 2.587321
0.056761112 	 1.9709159
0.029301982 	 2.3427045
0.070671804 	 1.4558796
0.052812748 	 2.2393382
0.031102808 	 1.4267248
0.040387433 	 3.071317
0.021627096 	 1.1706676
0.03190105 	 1.6165992
0.025647955 	 2.237436
0.025414867 	 0.85892624
0.0056265634 	 1.3476424
0.0146356905 	 2.3905187
0.008947646 	 2.6212819
0.021994011 	 1.2102787
0.033614904 	 2.1204374
0.017230103 	 1.8915393
0.012331208 	 1.7327014
0.03451183 	 2.1477067
0.061623197 	 1.5622724
0.036808383 	 2.6638007
0.0032617538 	 1.7938054
0.00093318836 	 2.42328
0.0010122414 	 2.0781994
0.0027101373 	 0.39007637
0.0012457378 	 2.6341758
0.0004894739 	 3.9624581
4.0770406e-05 	 2.514039
0.000607198 	 2.1057074
0.00011575892 	 1.7353138
0.035158694 	 2.309139
0.051530812 	 2.6246846
0.03167136 	 2.1326408
0.06366883 	 3.854987
0.06328567 	 2.453694
0.06249866 	 2.3426101
0.063960634 	 3.159041
0.06525423 	 1.246147
0.046286523 	 2.166213
0.069082275 	 2.0780027
0.057556182 	 0.55571014
0.06992876 	 1.6813997
0.023150768 	 0.98096913
0.07605407 	 3.0086675
0.019517591 	 3.1934538
0.04768496 	 2.1414185
0.038366035 	 2.726181
0.022551252 	 1.5181637
0.00911852 	 0.63900167
0.031634327 	 1.4286195
0.023307614 	 0.8058274
0.0247122 	 3.727445
0.012531752 	 0.43767798
0.0061627594 	 1.5638851
0.019304946 	 1.6732218
0.003395893 	 1.6789767
0.026717668 	 1.7215146
0.01613626 	 2.4066138
0.02714237 	 2.251861
0.03723455 	 0.47666824
0.019817704 	 1.5544326
0.014486368 	 0.77471954
0.021068547 	 1.648213
0.04852321 	 1.911581
0.006036224 	 1.7525879
0.0030852417 	 1.5808117
0.0058381176 	 1.886177
0.0017678262 	 1.4459342
0.005382334 	 2.6456435
0.03167204 	 1.4268887
0.023557177 	 0.8720316
0.047732037 	 0.7971938
0.019633627 	 2.4799469
0.023185112 	 1.2548333
0.0056132567 	 0.82938606
0.009202794 	 1.5474042
0.26397276 	 1.2439667
0.18101294 	 1.3458631
0.05936812 	 1.166592
0.07942888 	 1.2543771
0.06555948 	 1.6797303
0.019097451 	 1.8692154
0.03972174 	 2.405833
0.019562265 	 1.2588073
0.051918913 	 2.1065814
0.0641066 	 1.01359
0.04137494 	 2.5572317
0.03463079 	 1.326001
0.044548653 	 1.1285414
0.040177688 	 1.7451297
0.02836832 	 1.9009682
0.024001846 	 2.811428
0.0026047148 	 2.0996053
0.0006398817 	 2.7005107
0.00013370215 	 1.276538
0.0056919013 	 0.96485066
0.00011087079 	 2.202015
0.0007118135 	 1.0211288
0.0002813735 	 5.7221403
0.0060462384 	 3.813853
0.024596613 	 1.0334582
0.00029961782 	 1.9603941
0.0020357813 	 2.7046793
0.07025679 	 1.8077965
0.005011698 	 0.7436234
0.0028523316 	 3.0986545
0.0011669648 	 2.9382381
0.12395907 	 0.74985105
0.05167077 	 1.5192876
0.32601836 	 1.3022876
0.029506082 	 2.8066587
0.121748075 	 2.3405242
0.10089442 	 2.9790835
0.037125297 	 1.4027444
0.04336185 	 1.3939264
0.050704274 	 2.1670387
0.04598092 	 1.0310166
0.02173625 	 1.3521783
0.017954959 	 1.5118595
0.05095412 	 2.263922
0.05627093 	 0.8150731
0.07705511 	 1.6655363
0.05682464 	 2.9670348
0.02058125 	 2.718194
0.042875826 	 2.9518692
0.034177978 	 2.0299041
0.020930616 	 3.086244
0.021513632 	 3.0761423
0.0006404185 	 2.4040265
0.004895072 	 3.0539663
0.023259172 	 3.2143366
0.09619213 	 4.0683794
0.060439777 	 2.5978742
0.16553551 	 1.0019898
0.12471023 	 1.3766191
0.1644842 	 1.090053
0.23551552 	 1.5504647
0.2881273 	 1.399702
0.18796928 	 1.1909308
0.1960865 	 1.5601388
0.22945409 	 2.2371948
0.10153252 	 1.7552222
0.13948317 	 1.389417
0.14120397 	 2.7377343
0.053196944 	 1.4765904
0.036374427 	 0.91890967
0.026112767 	 1.3472934
0.01288514 	 1.5732106
0.03788237 	 2.6524825
0.012969068 	 1.9482541
0.038769938 	 3.6871753
0.0063217604 	 2.0755174
0.019898994 	 1.4015251
0.021626487 	 1.8335392
0.019841293 	 0.9920141
0.023159187 	 2.989844
0.03236133 	 2.1740606
0.16273442 	 1.0527596
0.19262777 	 0.6211374
0.21646395 	 1.826943
0.2301838 	 2.6437168
0.2896509 	 0.72964996
0.22596787 	 0.8714499
0.28072914 	 1.0322969
0.35012463 	 1.3686621
0.3293231 	 0.94806856
0.327761 	 1.2667382
0.2660072 	 1.0588988
0.2544081 	 1.1400884
0.15444772 	 0.6461337
0.39016116 	 0.86216146
0.30877727 	 0.51438326
0.077455826 	 2.1686754
0.20594202 	 1.3025969
0.1704401 	 1.3356932
0.076936014 	 1.9665538
0.10246946 	 1.7039031
0.041391402 	 1.7993333
0.038689885 	 2.3439648
0.08711156 	 1.5106585
0.05576826 	 0.92901504
0.120015845 	 1.407756
0.09516034 	 2.0996308
0.17075503 	 1.4218525
0.14026049 	 1.013673
0.17749284 	 1.3324711
0.11572133 	 2.0631843
0.1153492 	 1.7603313
0.060075317 	 2.4076257
0.11789488 	 2.16707
0.08769505 	 1.6806282
0.072387725 	 3.4445224
0.07691259 	 2.056475
0.16627057 	 1.0800263
0.093505785 	 2.4323747
0.15043393 	 1.3851337
0.118324645 	 1.1404817
Summary
4.0770406e-05  -  0.7675557 ,  0.19398181  -  5.730627
accuracy:  99.0
equal predictions:  0
