TensorFlow version: 1.13.1
Found 939 images belonging to 1 classes.
argN = 3136
argN = 3136
0.48277432 	 2.763912
0.5207362 	 2.3524399
0.7400255 	 2.0279896
0.34080905 	 2.462175
0.12390442 	 2.1903179
0.09628663 	 2.4596908
0.09301015 	 2.859759
0.059077524 	 2.0711658
0.050736252 	 2.7572734
0.049580168 	 2.53895
0.25385538 	 1.3889908
0.2154812 	 1.6604565
0.1822537 	 2.0949793
0.22542109 	 1.9595065
0.44905642 	 1.8828866
0.48468095 	 1.9494383
0.50737655 	 1.8529719
0.5798166 	 1.4985428
0.4281947 	 1.810353
0.3893092 	 1.6582958
0.42298314 	 1.7797413
0.42111745 	 1.8109843
0.41901708 	 1.8271561
0.39125514 	 1.6643931
0.21260911 	 2.1646976
0.16258833 	 1.8726702
0.1621729 	 1.9999694
0.07725007 	 2.7048976
0.07468491 	 2.202583
0.07691291 	 2.2647808
0.06495575 	 2.5174966
0.06382422 	 1.4814086
0.071262546 	 2.600322
0.6564219 	 2.4900997
0.6923171 	 2.3866389
0.69011945 	 2.218122
0.6970848 	 2.0597084
0.8279547 	 2.661033
0.9391042 	 2.6133242
0.6963954 	 2.264763
0.6374212 	 3.0089068
0.59516203 	 1.8895975
0.5048291 	 1.9910256
0.5223996 	 2.290068
0.55327 	 2.450676
0.5292627 	 2.0340712
0.34729248 	 2.0989916
0.7695784 	 1.8893132
0.78050613 	 2.1230018
0.77809846 	 2.0671196
0.11241761 	 2.7241256
0.22532804 	 1.8616852
0.1899827 	 1.9450125
0.2014917 	 2.001798
0.1135975 	 2.2235096
0.07321097 	 2.797616
0.06392321 	 2.945609
0.07934983 	 2.498593
0.07613459 	 2.705683
0.041584563 	 2.0623462
0.28312808 	 1.2207791
0.18642713 	 1.9451433
0.23068732 	 1.7883068
0.23133914 	 1.7104115
0.2228139 	 1.7204114
0.24229221 	 1.6335257
0.18683012 	 1.7631866
0.23277465 	 2.1896627
0.0617446 	 2.5848083
0.04761401 	 2.2369592
0.031689942 	 2.0949755
0.029742459 	 2.4599993
0.032924872 	 2.6643121
0.06227636 	 2.6940918
0.1042883 	 2.30087
0.11687471 	 2.3225224
0.120606884 	 2.4007514
0.19560213 	 2.175361
0.2205402 	 2.4042797
0.18618053 	 2.427096
0.17822912 	 2.6180277
0.16435269 	 1.7328724
0.117659785 	 2.353424
0.078371696 	 2.2228334
0.086777754 	 1.8316118
0.077062964 	 2.4045074
0.09363859 	 2.1933777
0.1951303 	 1.8167233
0.2622598 	 2.026348
0.18094552 	 2.1655936
0.22075081 	 2.5969944
0.18594605 	 2.627949
0.13302396 	 2.5331752
0.08167938 	 2.4096444
0.1052577 	 2.7902932
0.30994198 	 1.2208296
0.36179763 	 1.1642758
0.3888749 	 1.1091864
0.23105328 	 1.4997944
0.19528428 	 1.8547333
0.21200415 	 1.7437892
0.11159198 	 2.190554
0.07793382 	 2.4231968
0.07060176 	 2.5668676
0.041129712 	 2.4649088
0.035043865 	 2.4989114
0.046022985 	 2.5986817
0.05401221 	 2.0971334
0.060265917 	 2.4046962
0.2133273 	 1.0747917
0.20584242 	 1.1952684
0.21909194 	 0.8383882
0.23073642 	 1.0399824
0.22040331 	 1.3911726
0.2229739 	 0.9600865
0.2289269 	 1.3813452
0.22376361 	 1.3387953
0.19582598 	 1.4472176
0.20133276 	 0.90599585
0.2096468 	 0.9886899
0.22387142 	 1.1776596
0.2050409 	 1.2187338
0.19739962 	 1.2126839
0.19883263 	 1.062548
0.18370713 	 0.8527117
0.17571916 	 1.3387375
0.16938694 	 1.0895382
0.1628284 	 1.1717098
0.15706365 	 1.912962
0.13661152 	 1.5064648
0.12836048 	 1.1528918
0.1076871 	 1.1146309
0.07931324 	 1.1381142
0.08269631 	 1.0973529
0.088295154 	 1.2582337
0.082299314 	 1.7781274
0.071968794 	 0.7373669
0.07090513 	 1.3362949
0.061529886 	 0.7133443
0.075696416 	 1.2294815
0.059456166 	 1.2981973
0.06367772 	 1.9498299
0.06260291 	 1.6519183
0.06330307 	 1.0342914
0.053249687 	 1.206973
0.056307375 	 1.4079133
0.05873272 	 1.8020059
0.06484533 	 1.1719909
0.060446233 	 1.6057796
0.055044636 	 1.4338605
0.05711925 	 1.0128919
0.059014168 	 1.1883662
0.048199035 	 0.859877
0.050505582 	 0.9894195
0.045339372 	 1.2669058
0.041900948 	 1.2843139
0.042614058 	 1.2433515
0.04132102 	 2.3964505
0.04353908 	 1.66801
0.042498372 	 1.040104
0.039314784 	 1.0695984
0.030896785 	 1.0554593
0.037169777 	 1.2512932
0.038597453 	 1.3234624
0.0333545 	 1.2835518
0.036027223 	 1.5266043
0.032107897 	 1.6888137
0.036004856 	 1.0134423
0.035731226 	 1.1238824
0.03631756 	 1.3343277
0.031938713 	 1.238508
0.03301216 	 1.4794736
0.034374993 	 1.2330909
0.035079055 	 1.1505392
0.03085984 	 1.0823264
0.038732205 	 1.4470402
0.038199317 	 1.6814536
0.03976732 	 1.590303
0.046461526 	 1.2441682
0.047747478 	 0.896657
0.04109841 	 1.2826891
0.042657536 	 1.3035195
0.035554014 	 1.4592266
0.042020354 	 1.1959789
0.043460827 	 1.8402337
0.042062376 	 1.5377092
0.051888276 	 1.6400634
0.052189033 	 1.1960285
0.05566226 	 1.2601979
0.053553745 	 1.1759
0.06278346 	 1.3397154
0.060790747 	 1.9166895
0.08389147 	 1.3642564
0.11972939 	 1.114702
0.12302329 	 1.5940439
0.13387525 	 1.1681573
0.14836568 	 1.1025361
0.138292 	 1.3806152
0.15763912 	 0.6567181
0.1512569 	 1.1935118
0.14244652 	 1.1643102
0.14272065 	 1.5509593
0.117488496 	 0.9122611
0.12579948 	 1.4304496
0.11895504 	 1.3439845
0.10135836 	 1.0008885
0.064836115 	 1.1082349
0.06753736 	 1.3563575
0.065126285 	 2.1104136
0.0467521 	 1.2152323
0.055898283 	 0.88837427
0.04285275 	 1.70855
0.046892826 	 1.5230137
0.43164703 	 1.0524596
0.42985162 	 1.1329066
0.44366562 	 1.0500491
0.35010383 	 1.3326769
0.33031243 	 1.3798841
0.3140317 	 1.2195518
0.2868479 	 1.0398582
0.23083252 	 0.90784687
0.28011948 	 1.5000123
0.2782979 	 1.1072204
0.2866851 	 1.5511583
0.28932333 	 1.5926555
0.3064691 	 1.2501366
0.32236335 	 1.1632913
0.30488738 	 1.4346036
0.27286586 	 1.4596391
0.28614277 	 1.1069078
0.2902746 	 1.2176232
0.27979672 	 1.5337666
0.30199915 	 1.1612679
0.28306496 	 1.5133147
0.27343702 	 1.661687
0.26916558 	 1.2541239
0.26719195 	 1.6036402
0.2738417 	 1.3238616
0.2852525 	 1.1265672
0.31233042 	 1.3844922
0.38383377 	 1.538484
0.4000394 	 1.2685096
0.37751102 	 1.4781665
0.36623615 	 1.405374
0.3476373 	 1.5232458
0.2983774 	 1.6240723
0.28163084 	 1.2744664
0.27316332 	 1.6474725
0.27925542 	 1.5673863
0.26912782 	 1.6014951
0.26905018 	 1.6936482
0.4129656 	 1.310672
0.4108933 	 1.3401091
0.36342278 	 1.397895
0.285516 	 1.5457007
0.28865427 	 1.5495332
0.29041132 	 1.3783783
0.2609194 	 1.2429786
0.246559 	 1.3866547
0.23922549 	 1.5420555
0.20794025 	 1.5945399
0.2111647 	 1.768345
0.23199725 	 1.5602946
0.23011898 	 1.0135632
0.22940122 	 1.2497298
0.19628267 	 1.698014
0.18076432 	 1.9195065
0.16133375 	 1.8688178
0.16072515 	 1.0481995
0.17264323 	 1.3966767
0.17780288 	 1.7895403
0.19271457 	 1.413291
0.19026361 	 1.9081272
0.2388747 	 1.5249298
0.2514624 	 1.0870285
0.27489215 	 1.4435998
0.26736107 	 1.5308013
0.24763934 	 1.6038028
0.30773368 	 1.3274426
0.3434322 	 0.93496096
0.33906433 	 1.2440959
0.26411185 	 1.584929
0.24577127 	 1.1954128
0.22042197 	 1.7537214
0.20809084 	 1.6448171
0.19917141 	 1.3420087
0.20568061 	 1.4917507
0.20624217 	 1.6100384
0.19155014 	 1.6116031
0.23351544 	 1.4862884
0.23024075 	 1.7947131
0.26146102 	 1.0037754
0.30563536 	 1.5064458
0.33473188 	 1.1167972
0.39227957 	 0.81142354
0.42711055 	 0.8385975
0.42042676 	 0.81675875
0.47438696 	 0.6931044
0.5175395 	 0.7395526
0.5220072 	 0.71537787
0.4497974 	 0.7738475
0.45871845 	 0.828961
0.32096103 	 1.0583321
0.3150193 	 1.1085023
0.24126776 	 1.4967672
0.22269556 	 1.1760752
0.20827156 	 1.153244
0.21061948 	 1.5287981
0.22266622 	 1.8009276
0.20976502 	 1.5446836
0.22400512 	 1.5389911
0.21802358 	 1.6233251
0.20360401 	 1.7211733
Summary
0.029742459  -  0.9391042 ,  0.6567181  -  3.0089068
accuracy:  100.0
equal predictions:  0
TensorFlow version: 1.13.1
Found 939 images belonging to 1 classes.
argN = 3136
argN = 3136
0.22357136 	 2.1329346
0.27622402 	 1.6668725
0.47015947 	 1.8561745
0.27006885 	 1.6478865
0.24829505 	 1.7903639
0.23328082 	 2.1232626
0.09232556 	 1.8308083
0.05486825 	 2.1974683
0.032876577 	 1.6723448
0.020016653 	 2.2836099
0.025497591 	 1.9925916
0.021257943 	 2.6868522
0.019233428 	 1.6093656
0.017180378 	 2.381137
0.0147158345 	 1.3101757
0.020436937 	 1.6342962
0.017002242 	 1.8590935
0.22642179 	 1.2949286
0.29291385 	 1.2810125
0.12654106 	 1.6253799
0.108987495 	 1.3902645
0.2521836 	 1.3333344
0.28268257 	 2.0655816
0.23569876 	 2.2435417
0.2144608 	 1.7981737
0.1159879 	 1.6690439
0.05178143 	 2.3554807
0.03441602 	 2.0636177
0.027136186 	 1.812529
0.019288905 	 1.8730782
0.029071108 	 2.0098298
0.08327852 	 1.9598893
0.2099097 	 1.9841832
0.2951094 	 1.8814974
0.39812708 	 1.4558481
0.38085562 	 1.6739861
0.3485943 	 1.5773332
0.31717443 	 2.3129
0.27353668 	 1.8349282
0.28975648 	 2.2758396
0.2874142 	 2.305731
0.37699142 	 1.6726264
0.3857233 	 2.3470528
0.44090444 	 1.841406
0.043258402 	 2.123173
0.103577636 	 1.8928798
0.117671184 	 2.3325481
0.08715259 	 2.2823555
0.024823463 	 2.1299796
0.018452635 	 2.3590212
0.017926559 	 2.146721
0.021196755 	 2.5603652
0.09010708 	 1.9377762
0.08861976 	 2.2239425
0.10832636 	 2.3245711
0.089487575 	 2.4025729
0.063385874 	 2.1071553
0.03142512 	 1.5844786
0.0124385655 	 1.9261073
0.009779313 	 2.1199353
0.0082334345 	 2.4800572
0.011934343 	 1.7086477
0.010307081 	 1.8559381
0.012612331 	 2.5852978
0.031971205 	 1.5880203
0.07032765 	 2.1524296
0.058384616 	 1.9521985
0.042478163 	 2.1006067
0.039660774 	 2.4938555
0.028857894 	 2.514154
0.038553096 	 1.8251307
0.08941021 	 2.166217
0.10735876 	 1.8286293
0.025106775 	 1.8816898
0.026070613 	 1.7643685
0.14040665 	 1.6418515
0.12090348 	 1.5021442
0.08620805 	 1.8343621
0.17439954 	 0.997817
0.19909452 	 1.1536437
0.076321006 	 2.3441598
0.073485814 	 2.0759032
0.06918562 	 2.0358036
0.07725007 	 1.9511435
0.076414876 	 1.8377681
0.07201677 	 1.6806589
0.06723221 	 1.5134308
0.07323399 	 2.2865095
0.02051195 	 2.4692588
0.011873963 	 1.979211
0.0110893715 	 1.6249155
0.011798028 	 1.5788082
0.009704198 	 2.2891836
0.030460713 	 1.7259784
0.031284336 	 2.2839766
0.07463983 	 0.8703349
0.064459875 	 0.7581156
0.078692384 	 0.8852575
0.08391539 	 1.9454902
0.07568831 	 1.3490403
0.07081575 	 1.206707
0.07842049 	 1.5846015
0.07537623 	 0.74618465
0.06637852 	 1.047898
0.07170519 	 0.9248141
0.06901631 	 0.980562
0.06719594 	 1.0660336
0.06634941 	 0.76769066
0.06756057 	 1.18172
0.06337864 	 0.70479834
0.063068464 	 0.7553413
0.06967553 	 0.86500776
0.07023678 	 0.9578257
0.06918198 	 1.1388489
0.0616677 	 0.82186294
0.060336255 	 1.4550226
0.07607214 	 1.7186148
0.070488356 	 1.078459
0.056306556 	 0.7411964
0.05066057 	 1.1022245
0.038358785 	 1.5629144
0.035752784 	 0.92823917
0.040719885 	 1.0820692
0.046211675 	 0.74783194
0.03582216 	 0.6311484
0.031152613 	 2.8590956
0.03733125 	 0.89440966
0.02948576 	 0.6029435
0.029184943 	 1.3141968
0.02370676 	 0.6027344
0.020800555 	 2.9097924
0.022930946 	 1.1752123
0.016536614 	 0.8708626
0.016805224 	 1.3109736
0.020533243 	 1.3686901
0.0235789 	 0.7352828
0.020264363 	 1.2263725
0.021965375 	 0.7116895
0.01875103 	 1.2882785
0.017480033 	 0.9349057
0.015317148 	 2.9990482
0.020395327 	 1.3610781
0.013985524 	 0.50890917
0.015293301 	 0.8589952
0.017718134 	 1.1451999
0.01436845 	 0.7369852
0.014146741 	 0.7211305
0.016529465 	 2.132892
0.014003355 	 0.9222147
0.017486159 	 0.48543435
0.012986882 	 1.0333146
0.010865918 	 1.1713502
0.013998942 	 1.8016934
0.009903914 	 0.8636584
0.011176405 	 0.77731997
0.011243432 	 0.7900117
0.011540891 	 1.2544975
0.012784978 	 1.2581574
0.010617273 	 0.8975537
0.013164607 	 1.2359234
0.010580105 	 1.2695493
0.0133466525 	 1.1421903
0.010296963 	 1.1482157
0.014164938 	 1.0725183
0.009729055 	 0.8442484
0.012733302 	 1.0378742
0.011972103 	 1.9796282
0.014276121 	 0.7190241
0.01221288 	 0.52371556
0.014759266 	 0.7554615
0.017577147 	 1.2667974
0.013152347 	 0.58154786
0.0165371 	 1.0747495
0.017451707 	 0.6280189
0.01654625 	 1.3333594
0.0147096645 	 0.7998881
0.01784197 	 0.65109277
0.019004501 	 0.8188447
0.021081999 	 0.608722
0.023253255 	 0.92845637
0.0344977 	 1.6666532
0.0319453 	 1.3363576
0.034801047 	 1.2335277
0.038484648 	 0.6615476
0.038408026 	 1.1658556
0.050603323 	 1.7999738
0.045083005 	 1.3604505
0.053768642 	 0.8644214
0.065021135 	 1.1090453
0.05981888 	 1.0732105
0.07355311 	 0.7598222
0.08070052 	 0.87840813
0.06778322 	 0.7523863
0.06758697 	 1.4058293
0.0643651 	 1.1693403
0.061846554 	 0.81090266
0.054659475 	 0.7141316
0.049355965 	 0.63215965
0.01918567 	 1.2014303
0.013172881 	 1.2427201
0.020265153 	 0.4582286
0.019644264 	 0.6750629
0.24966873 	 1.1275283
0.2612641 	 0.93496174
0.1986795 	 1.6441396
0.15842293 	 1.4650735
0.13735995 	 1.5310683
0.14022928 	 1.4044554
0.13481723 	 1.3913224
0.120653756 	 1.2818391
0.14098021 	 1.6397282
0.14185308 	 1.6595305
0.16776861 	 1.6687498
0.15458483 	 1.1993688
0.16359559 	 1.5755428
0.17179851 	 1.1499211
0.17085747 	 1.3775747
0.16613488 	 1.233518
0.14871821 	 1.5262357
0.17262907 	 1.5969543
0.16727422 	 1.5881078
0.15698923 	 1.2601612
0.15623902 	 1.4320529
0.15633859 	 1.1775416
0.16005865 	 1.4158837
0.15276225 	 1.2138976
0.16968438 	 1.5889181
0.172011 	 1.5688207
0.15637776 	 1.3256897
0.16455932 	 1.7854306
0.15448396 	 1.310088
0.15597174 	 1.6294414
0.18663377 	 1.370123
0.22441557 	 1.415699
0.20348726 	 1.8016274
0.18939582 	 1.61222
0.16735385 	 1.7017425
0.14884374 	 1.371718
0.14147118 	 1.8715327
0.27890658 	 1.3164563
0.1589859 	 2.5523894
0.17824365 	 1.26321
0.16023557 	 1.7654816
0.15330245 	 1.9845244
0.1437502 	 1.7534285
0.13831069 	 1.2421529
0.12037673 	 1.1912442
0.12664497 	 1.2562968
0.11808006 	 1.4575914
0.11003365 	 1.7736669
0.107311584 	 1.6057336
0.111460105 	 1.2019107
0.1009357 	 1.7929134
0.09026038 	 1.2185824
0.104938634 	 1.8899292
0.10440104 	 1.5532889
0.11592471 	 1.4720523
0.13004145 	 1.1529377
0.15390489 	 1.6763017
0.1362985 	 1.3063576
0.1462846 	 1.2889794
0.13686512 	 1.6101742
0.18709247 	 1.2444577
0.19891438 	 1.5230023
0.21989508 	 1.1264467
0.24594672 	 0.839411
0.25081196 	 1.1791582
0.24226137 	 1.2723825
0.25736806 	 1.323517
0.23846403 	 1.332476
0.15533409 	 1.2016864
0.14048389 	 0.8727109
0.13316484 	 1.5998503
0.105384454 	 1.4670082
0.11184239 	 0.9844938
0.0997738 	 1.7884315
0.1057937 	 1.4659123
0.10640735 	 1.3056461
0.11431378 	 1.7997785
0.125092 	 1.2415816
0.1340754 	 0.80687165
0.17675625 	 1.737121
0.19497782 	 1.5700378
0.2769955 	 1.2778339
0.30406448 	 0.99341816
0.34170705 	 0.9850917
0.33779162 	 0.9053616
0.34271184 	 1.0359166
0.36669636 	 0.8604535
0.39374244 	 0.9956849
0.4195666 	 0.97362417
0.43170378 	 0.81841856
0.41330335 	 0.8899773
0.31110072 	 0.7979542
0.21205324 	 1.1633593
0.115994185 	 1.8769814
0.1223489 	 1.2876422
0.1251528 	 1.2488923
0.13063845 	 1.3207039
0.11379771 	 1.0316691
0.11955969 	 1.6202939
0.10664167 	 1.5543333
0.11477163 	 1.6976749
0.10174366 	 1.0618963
0.11021279 	 1.4331206
0.11675158 	 1.6007303
0.11614032 	 1.3765173
0.1204681 	 1.8411839
0.10791103 	 2.043538
0.1011506 	 1.1615311
0.10240825 	 1.2839805
0.106724694 	 2.0865862
0.09863372 	 1.2328746
Summary
0.0082334345  -  0.47015947 ,  0.4582286  -  2.9990482
accuracy:  100.0
equal predictions:  0
TensorFlow version: 1.13.1
Found 939 images belonging to 1 classes.
argN = 3136
argN = 3136
0.18545373 	 1.7520983
0.26142895 	 1.947571
0.1561379 	 1.6298202
0.03937554 	 1.9241184
0.017540568 	 0.9331606
0.0044114594 	 1.4165312
0.013212863 	 1.5401825
0.014282106 	 1.888716
0.04965308 	 1.5662266
0.09348046 	 1.1147498
0.23188135 	 1.3661295
0.22593074 	 1.3483704
0.1830542 	 1.2162081
0.10167134 	 1.9058434
0.14269961 	 1.4484897
0.19958124 	 1.8706237
0.24983263 	 1.6518968
0.27003846 	 1.6229924
0.3003487 	 1.8447957
0.26466623 	 1.6446528
0.1880333 	 1.3590354
0.056169797 	 1.6464953
0.058951892 	 1.2583802
0.057802442 	 1.5148337
0.032663167 	 1.7649652
0.032065738 	 1.321092
0.010450359 	 2.1873276
0.00506142 	 2.3290863
0.004355125 	 1.9181218
0.003883502 	 1.5738592
0.10236077 	 1.9820136
0.30249065 	 1.8191849
0.30220628 	 2.2150183
0.27869266 	 1.6899422
0.2617697 	 1.4507755
0.024766577 	 1.6004695
0.021844745 	 1.5706834
0.038868275 	 1.8417323
0.08967989 	 1.7622454
0.090786114 	 1.5213223
0.062519215 	 1.7941333
0.08649287 	 1.8219831
0.009610974 	 2.2630072
0.012357036 	 1.3520843
0.011145062 	 1.6575259
0.005755325 	 1.2193319
0.0072618304 	 1.9614213
0.051083773 	 1.43825
0.06604309 	 2.1653194
0.076117806 	 1.6446248
0.06753066 	 1.3654975
0.06479655 	 1.922367
0.04428383 	 1.4265478
0.07448782 	 1.9280514
0.04916067 	 1.7037305
0.013158386 	 2.1323261
0.007979975 	 1.5890094
0.00925098 	 1.7122496
0.015373376 	 1.4700233
0.016838016 	 2.0087392
0.012487934 	 2.05024
0.0020403801 	 1.3581094
0.015446073 	 1.7765242
0.0535401 	 1.8673506
0.043715723 	 1.7444428
0.045541406 	 1.7107371
0.037612494 	 2.0122285
0.034795556 	 2.4607215
0.028777897 	 1.7097366
0.027902216 	 1.8839623
0.040741615 	 1.4385551
0.06883195 	 1.3867718
0.090833105 	 1.7655628
0.07447459 	 1.0929568
0.061430752 	 1.7540003
0.0698766 	 2.5399568
0.09569325 	 1.6649127
0.06580962 	 1.5031831
0.009494472 	 1.7944148
0.010569202 	 1.2001122
0.17488496 	 1.4991493
0.13749905 	 1.4086225
0.037460323 	 2.0137563
0.058152553 	 1.7929783
0.051681567 	 1.5651908
0.005307129 	 1.716062
0.014520174 	 1.7127442
0.00676249 	 2.042887
0.002589775 	 1.7023778
0.008485875 	 2.486504
0.030250276 	 1.6255195
0.051808298 	 1.9834386
0.05233888 	 1.4736202
0.04768021 	 1.5608134
0.058589175 	 0.50511235
0.055335887 	 0.9717887
0.054404233 	 0.7617385
0.053439617 	 0.908266
0.054982603 	 0.99121976
0.052438747 	 0.45270935
0.05379984 	 0.74602425
0.049791332 	 0.5513067
0.056960862 	 1.2753999
0.055578638 	 1.2150283
0.053184938 	 0.64513314
0.05292341 	 1.0799286
0.04636781 	 0.8308294
0.047178023 	 0.57027483
0.043718025 	 1.0743126
0.030326767 	 0.87316906
0.02151552 	 1.0596704
0.026145376 	 0.52446705
0.022226792 	 0.7825337
0.011245904 	 1.0618955
0.0105710095 	 0.7691868
0.011884399 	 1.0684481
0.009332619 	 1.5194807
0.008332419 	 0.5742135
0.010175564 	 0.6949274
0.007367805 	 1.0411397
0.009191245 	 1.0014548
0.010210369 	 0.8676423
0.011802793 	 0.9454918
0.010209526 	 0.85179687
0.012536097 	 0.7832339
0.014440046 	 0.8253389
0.00846135 	 0.8297467
0.0073728487 	 0.40336186
0.008654505 	 1.0230873
0.010461683 	 0.6903197
0.010896287 	 0.7683888
0.007679009 	 0.7260752
0.010717277 	 0.7231586
0.0047548627 	 1.0698073
0.00666534 	 0.6017612
0.0025816476 	 1.0495689
0.0041071363 	 1.1949643
0.0025545773 	 0.917121
0.004693239 	 0.41737425
0.003770836 	 1.1937314
0.005109167 	 0.6625299
0.0031873065 	 0.60958314
0.0022334345 	 1.0837595
0.00510725 	 0.384982
0.002870324 	 0.48983133
0.0028730738 	 0.82094073
0.007593241 	 0.9075343
0.009771548 	 1.1370026
0.006415758 	 0.5315329
0.007600208 	 1.3282156
0.008692864 	 1.100785
0.0065834993 	 1.4395268
0.007708861 	 0.49869382
0.008205188 	 0.5484976
0.012452326 	 0.5906107
0.009278834 	 0.6598189
0.013448562 	 0.88149196
0.01494384 	 1.1074847
0.0131296385 	 0.98354757
0.009975432 	 0.9022557
0.021521002 	 0.42652616
0.020292524 	 0.5385736
0.022848494 	 0.46660906
0.027236875 	 0.40686795
0.04160041 	 0.39726424
0.04874623 	 0.42952296
0.04043671 	 0.3732735
0.04758919 	 0.59149265
0.041673236 	 1.1343985
0.05253379 	 1.1196285
0.049692668 	 0.9326637
0.04438938 	 0.9180465
0.04751037 	 0.4431755
0.051986717 	 0.76822495
0.056537814 	 0.6378221
0.04476069 	 0.7510562
0.041627377 	 1.1194698
0.041318163 	 1.2444232
0.040614292 	 0.5919065
0.029553413 	 0.7214243
0.020368196 	 1.6342348
0.024950076 	 1.0432663
0.022887463 	 0.8348893
0.016668001 	 0.5391533
0.012266943 	 1.034704
0.012979635 	 0.96551913
0.007041091 	 0.7476664
0.012937247 	 0.92507356
0.0067057833 	 0.96631074
0.00763192 	 1.1273843
0.0044663604 	 0.5570614
0.005944661 	 0.6932869
0.14655757 	 1.0552839
0.12682319 	 1.6654477
0.1082701 	 1.0871043
0.08909016 	 1.5374571
0.05719227 	 0.8423027
0.066071995 	 1.1098441
0.06453077 	 0.9248884
0.08298549 	 1.6042205
0.078309484 	 1.4044679
0.08316464 	 0.9007588
0.08595886 	 1.4534388
0.075855225 	 1.039442
0.07238497 	 1.1818266
0.08313562 	 1.6082827
0.086666726 	 1.1450658
0.07165268 	 1.3348606
0.08060289 	 1.5108653
0.079893686 	 0.76193374
0.07842726 	 1.5640936
0.07612462 	 1.0721455
0.09269935 	 1.5345262
0.10820222 	 1.4826329
0.12966058 	 1.0451962
0.14025912 	 1.531694
0.095509425 	 1.4329176
0.09299125 	 1.3770536
0.07946437 	 0.8761969
0.07871586 	 1.4553667
0.08052414 	 0.74258775
0.08134726 	 0.948535
0.06354383 	 1.1735573
0.07457791 	 1.9238
0.069808014 	 0.80698794
0.16570018 	 0.51979506
0.120237306 	 1.12446
0.08872065 	 1.3758553
0.099043965 	 1.814218
0.10257618 	 1.6707615
0.079780124 	 1.1878762
0.08270634 	 1.0330298
0.07286145 	 1.3533498
0.059807047 	 1.2335907
0.05167259 	 1.1737869
0.05883847 	 0.7671202
0.068093516 	 1.1068841
0.069151446 	 1.154108
0.060173683 	 1.6639535
0.054558817 	 1.7976868
0.05820758 	 0.67310363
0.048991203 	 1.0537856
0.03827487 	 2.3470583
0.031474017 	 1.3637241
0.036266074 	 1.3793069
0.043157645 	 1.7056068
0.053857017 	 0.9855464
0.065968595 	 1.5527419
0.077630185 	 0.56397384
0.07403374 	 1.181233
0.081702925 	 0.9582112
0.14294232 	 0.9487533
0.15385643 	 0.8727595
0.18576244 	 0.82941157
0.19117165 	 1.4777052
0.14834307 	 0.8776649
0.14803055 	 0.8258871
0.12937324 	 1.2365905
0.09048383 	 1.4824615
0.055167135 	 1.356124
0.06311278 	 1.18552
0.054378618 	 1.2511411
0.05666674 	 1.5019867
0.055877544 	 0.86498725
0.0534554 	 1.1336434
0.049226098 	 1.1415952
0.046313867 	 1.423528
0.04999245 	 0.9198515
0.04276882 	 0.95406777
0.051436618 	 0.95522547
0.052090004 	 1.261872
0.061670553 	 1.1474252
0.08923352 	 1.4845198
0.099539705 	 1.6605008
0.11048235 	 1.1138921
0.1338204 	 1.4156768
0.14096367 	 1.4469796
0.17606731 	 0.9281763
0.20355667 	 0.79063296
0.21107224 	 1.2963437
0.2469009 	 1.1131487
0.2457206 	 0.8758108
0.2684048 	 0.8392475
0.27885538 	 0.9185395
0.29390544 	 0.7621235
0.33142933 	 0.8509742
0.32485867 	 0.9366382
0.39301386 	 0.9322602
0.4075138 	 0.6960929
0.40780652 	 0.9161308
0.3867162 	 0.85419923
0.3066904 	 0.67579806
0.30202237 	 0.9611406
0.23959777 	 0.9311099
0.23103961 	 1.02433
0.12839334 	 1.3045444
0.09520945 	 1.3282448
0.06239448 	 1.1371901
0.054594953 	 1.5457188
0.060186725 	 1.2306234
0.052962124 	 0.89527833
0.054741632 	 1.7607098
0.05742714 	 1.581747
0.061786193 	 0.85768217
0.05224725 	 0.95570755
0.046255622 	 0.7257963
0.06295445 	 1.5093534
0.06733096 	 1.6262652
0.0623941 	 1.2375317
0.069403455 	 1.367839
0.052437115 	 1.0378679
0.04696129 	 1.4052528
0.044281274 	 1.2301949
Summary
0.0020403801  -  0.40780652 ,  0.3732735  -  2.5399568
accuracy:  100.0
equal predictions:  0
TensorFlow version: 1.13.1
Found 939 images belonging to 1 classes.
argN = 3136
argN = 3136
0.33995172 	 1.9825588
0.32973802 	 2.5972848
0.410352 	 2.178426
0.559825 	 2.3027425
0.49921325 	 1.8126284
0.41818002 	 2.089304
0.3348754 	 2.1100304
0.2888911 	 1.6235257
0.18401545 	 1.851751
0.024275336 	 2.0888114
0.02034289 	 1.7690712
0.02534994 	 2.3318622
0.18895636 	 1.5640208
0.18115433 	 2.1346872
0.3032161 	 1.7824559
0.30443528 	 2.3182325
0.02907663 	 2.4719882
0.02939577 	 2.1461794
0.045535043 	 1.9498823
0.058396053 	 2.3912153
0.075609684 	 2.4258983
0.23335873 	 2.352101
0.5611887 	 1.8928612
0.5463161 	 2.4405813
0.5131982 	 2.2092187
0.45810062 	 3.1994307
0.48141655 	 1.7678103
0.35913932 	 2.4120162
0.40682516 	 1.7780039
0.55010885 	 2.2873087
0.18223217 	 1.7852348
0.12657489 	 2.013939
0.14782144 	 2.3551345
0.15213192 	 1.8275156
0.040409464 	 2.2646441
0.031858776 	 2.0588882
0.031136565 	 2.0658348
0.23016857 	 1.5006814
0.15790822 	 1.6051418
0.14087728 	 1.960791
0.13690962 	 1.8278985
0.13634795 	 1.6572849
0.12431329 	 2.2390797
0.13486654 	 1.4796177
0.124873176 	 1.4489373
0.103527926 	 1.8872528
0.09601857 	 1.7842929
0.1063268 	 2.080192
0.1298837 	 1.9222426
0.06736705 	 1.9217293
0.023273082 	 1.4737517
0.02149116 	 1.9294244
0.01899132 	 2.8207402
0.01367785 	 1.9067606
0.01996223 	 2.5842788
0.015736429 	 2.052907
0.02333995 	 2.6323307
0.039110966 	 2.1650019
0.12112554 	 2.1264958
0.066143125 	 2.7772748
0.07458543 	 2.072908
0.051598154 	 2.1636503
0.042075865 	 2.280319
0.08033041 	 2.3478158
0.094418205 	 1.9084575
0.09464239 	 1.4565302
0.14469555 	 1.7133174
0.1347566 	 1.9496381
0.14995316 	 2.6035357
0.03991228 	 2.3459342
0.042199645 	 2.0438566
0.12851724 	 1.5630472
0.032815844 	 1.6294636
0.07222773 	 1.9848813
0.11130659 	 1.7160271
0.09469613 	 2.2988994
0.1029858 	 1.6444639
0.099752404 	 1.9499812
0.11725035 	 1.9009554
0.072631575 	 2.1951482
0.06532173 	 2.1323652
0.027436571 	 1.9464645
0.02349481 	 2.5593252
0.017214943 	 2.245173
0.020639418 	 2.7734516
0.04841973 	 2.0001256
0.08289554 	 1.6374855
0.06642215 	 1.3071936
0.02922962 	 2.2355714
0.11080978 	 0.7335678
0.11190431 	 1.1606798
0.10239907 	 0.79397786
0.11128068 	 0.70112973
0.103994675 	 1.2638979
0.10119288 	 0.68830556
0.10429545 	 1.4081762
0.08912639 	 0.9560525
0.092742704 	 0.97584414
0.11228689 	 1.0819609
0.11176559 	 0.9856783
0.09042145 	 1.215993
0.090853274 	 1.4150623
0.070052646 	 0.5385789
0.070125915 	 0.76497144
0.077389166 	 1.4145582
0.0720775 	 0.8814941
0.065330066 	 1.0429248
0.04825283 	 1.2877563
0.036083147 	 1.2718637
0.04034306 	 1.3006697
0.038415708 	 1.1250043
0.04141234 	 0.8990915
0.03609872 	 2.1481097
0.030751899 	 1.4916143
0.033827282 	 1.0448152
0.02889992 	 1.4284059
0.04126064 	 1.1622113
0.029766468 	 1.4673474
0.035287548 	 1.6354328
0.022262018 	 1.3702866
0.021725954 	 0.6352946
0.021817451 	 1.4195741
0.022746721 	 1.245675
0.02249541 	 0.9302104
0.022393672 	 0.8671414
0.02523538 	 0.7700469
0.023941344 	 2.6601923
0.019319106 	 1.1060357
0.019788826 	 1.6067544
0.021613514 	 1.1433415
0.025132934 	 1.0734634
0.019355262 	 0.90718853
0.023358436 	 0.88808423
0.019666938 	 1.4032336
0.01464821 	 1.1855879
0.016405186 	 0.8559924
0.019607002 	 2.0442846
0.019791318 	 1.3197304
0.023793494 	 0.6935207
0.017928015 	 1.1862243
0.02574978 	 1.7443596
0.022215212 	 1.4338132
0.016182782 	 2.129506
0.02135847 	 1.7569653
0.022538083 	 1.6844658
0.020526247 	 1.6439079
0.020910835 	 0.97299445
0.020818813 	 1.0413848
0.017851982 	 1.2522141
0.02042331 	 1.2797773
0.02174222 	 1.2774624
0.017417742 	 1.240908
0.021502366 	 1.2360691
0.019024488 	 0.6372883
0.021517651 	 0.46416098
0.022933569 	 1.2535012
0.026184842 	 0.55975187
0.02437183 	 1.3548768
0.022669224 	 2.803699
0.026404707 	 1.087867
0.029966546 	 1.3771935
0.023289798 	 1.2706867
0.024695644 	 1.3051845
0.028186953 	 1.1225991
0.0357416 	 1.3295969
0.033152137 	 0.5368673
0.03033457 	 0.7622714
0.034197714 	 1.0265418
0.039546546 	 0.67444766
0.032887418 	 1.3582026
0.026850399 	 2.2594728
0.039750826 	 0.95067644
0.083005376 	 1.0207567
0.06910074 	 1.0239358
0.09701117 	 0.9155953
0.095993176 	 0.68687636
0.09553808 	 1.4063966
0.091472 	 1.4228971
0.09199341 	 1.4310071
0.0914673 	 1.4933056
0.094415784 	 1.0598551
0.09166084 	 1.0832506
0.1107968 	 0.9890076
0.093202814 	 1.1717458
0.07887335 	 1.1033775
0.054860067 	 0.85875314
0.045794085 	 1.4599783
0.025035512 	 1.5343431
0.024713239 	 1.2199104
0.32315782 	 0.8712238
0.33295935 	 1.3781472
0.3143667 	 1.1562698
0.36253798 	 1.0830871
0.34239632 	 1.0311127
0.31446996 	 1.4060894
0.27848238 	 1.409677
0.21172363 	 1.5189681
0.19927776 	 1.2648873
0.20875344 	 1.05013
0.18624415 	 1.7070407
0.22394666 	 1.3511041
0.2308238 	 1.6754262
0.23972328 	 1.4998521
0.24319151 	 1.2046589
0.23647353 	 1.4248971
0.21741454 	 1.5179684
0.20572688 	 1.3711149
0.20283422 	 1.2695707
0.21350387 	 1.003321
0.21188156 	 1.2288672
0.22360632 	 1.1990218
0.21914099 	 1.4522225
0.22132055 	 1.4264101
0.22277972 	 1.3986645
0.21078579 	 0.88920295
0.20657578 	 1.6676872
0.21962026 	 1.0544437
0.21848601 	 1.4028758
0.21021731 	 1.5098529
0.20903248 	 1.5753576
0.20551544 	 1.4085976
0.2728076 	 1.6075162
0.27629817 	 1.2198218
0.24410349 	 1.5670561
0.21947683 	 1.6942865
0.21377383 	 1.5887835
0.2535956 	 0.9208318
0.31280428 	 1.18692
0.25115135 	 1.5016432
0.20877114 	 1.756049
0.21202965 	 1.4110762
0.20898333 	 1.665381
0.18692711 	 1.7105092
0.19786742 	 1.2663642
0.15870154 	 1.1042984
0.16501953 	 1.4572366
0.14843565 	 1.7251486
0.141864 	 1.8684173
0.1466056 	 1.1895595
0.124528416 	 2.0477452
0.1173911 	 1.2464927
0.12271959 	 1.6548634
0.12371351 	 1.8608743
0.1829122 	 1.3178992
0.17967413 	 1.2472852
0.18792641 	 1.3041348
0.20263682 	 0.9523983
0.18561855 	 1.5260308
0.1847719 	 1.0649209
0.20487013 	 1.353655
0.20350742 	 1.4059341
0.21075208 	 1.2939736
0.21669991 	 1.2311069
0.19598766 	 1.5652027
0.1883729 	 1.6481752
0.22812007 	 1.5992427
0.22402786 	 1.5512303
0.26360688 	 1.3856184
0.25648782 	 1.3926333
0.31417403 	 1.0403696
0.3202037 	 1.218274
0.23238768 	 1.3813605
0.20663302 	 1.4386735
0.20123355 	 0.95850664
0.18739752 	 1.0296963
0.1692576 	 1.7139015
0.14359249 	 1.7665224
0.15254998 	 1.8080418
0.15041973 	 1.563785
0.14069703 	 1.5128226
0.15112877 	 1.9184079
0.15676339 	 1.4274474
0.15313946 	 0.96573204
0.14723827 	 1.9198045
0.20047097 	 1.4350138
0.1916164 	 1.6244707
0.20482492 	 1.681755
0.21845643 	 0.7963082
0.25336158 	 1.5064222
0.2682578 	 1.1426159
0.3154572 	 1.2817366
0.41135177 	 0.8982764
0.42614466 	 0.7603249
0.44555992 	 0.869
0.43516377 	 0.853567
0.49333087 	 0.8522308
0.4812493 	 0.9208138
0.47080627 	 0.90278625
0.36098796 	 0.75798404
0.24150814 	 0.8192692
0.21180709 	 1.6807427
0.17165236 	 1.7823198
0.16453044 	 0.99877197
0.164898 	 1.361748
0.1605606 	 1.4283376
0.16106854 	 1.56299
0.16903158 	 0.8946618
0.16404364 	 1.454501
0.14402457 	 1.4785467
0.14978705 	 1.8939863
0.17278393 	 1.2673398
0.17614551 	 1.6940411
0.16244486 	 1.7419062
0.160855 	 1.6100283
0.16163447 	 0.9343862
0.16734849 	 1.6084628
0.15657878 	 1.8961809
0.16928682 	 1.5873843
0.15628487 	 1.7231431
0.14725001 	 1.8922529
0.1544185 	 1.3789241
0.140741 	 1.7358476
0.13490945 	 1.0523822
Summary
0.01367785  -  0.5611887 ,  0.46416098  -  3.1994307
accuracy:  100.0
equal predictions:  0
