TensorFlow version: 1.13.1
Found 939 images belonging to 1 classes.
argN = 784
argN = 784
0.43183905 	 1.9640788
0.49994153 	 1.9883914
0.46986297 	 2.360354
0.49788868 	 1.8483872
0.43812793 	 1.9929183
0.22611223 	 2.5904152
0.24002808 	 2.3363047
0.14136901 	 2.6206098
0.13690375 	 2.0661187
0.15478598 	 2.0266204
0.13567775 	 1.3490217
0.11973617 	 2.058077
0.14663756 	 1.4971642
0.15434943 	 1.6688225
0.19745633 	 2.1315346
0.21959917 	 2.0564954
0.27816927 	 2.3900464
0.2524639 	 2.4877715
0.24826503 	 2.654722
0.37038252 	 1.7816887
0.38377777 	 2.28256
0.45617828 	 1.5289448
0.12012076 	 2.1712573
0.07969537 	 3.1068964
0.061820116 	 1.8778315
0.076333106 	 1.9968386
0.03795183 	 2.6050308
0.04571765 	 2.241561
0.13445027 	 2.6583412
0.2399745 	 2.438939
0.58879465 	 1.4342119
0.8478357 	 1.524377
0.847843 	 1.5610195
0.6459354 	 1.738534
0.43355086 	 2.1661406
0.4588662 	 1.6411813
0.53793484 	 2.6728907
0.30893597 	 2.2605085
0.24832095 	 2.381972
0.54938143 	 2.8067474
0.93552405 	 2.0887854
0.8341693 	 2.0727408
0.87458414 	 2.295436
0.9600884 	 1.8335605
1.0164224 	 2.7925713
0.9293349 	 2.236707
0.23986927 	 2.387567
0.20567665 	 2.5376084
0.08372503 	 2.1630337
0.32124797 	 2.293427
0.2428061 	 1.8045843
0.27885342 	 1.9253324
0.24671948 	 2.6390882
0.066478774 	 2.7262812
0.07860979 	 2.512521
0.1286442 	 1.6289093
0.11768245 	 1.8702538
0.15250549 	 2.031741
0.10914205 	 2.00732
0.13173893 	 1.8321534
0.17852157 	 1.958816
0.13510095 	 1.5738568
0.15859215 	 1.9200333
0.03113921 	 2.474236
0.057735566 	 2.3337538
0.017899374 	 1.5300528
0.01096191 	 2.0799992
0.004148972 	 3.1703048
0.024531983 	 2.2330394
0.06827212 	 2.7515945
0.12982805 	 2.7917027
0.12017513 	 1.9203334
0.57547426 	 1.4627359
0.58609045 	 1.688312
0.29914305 	 1.8523291
0.32819372 	 2.3163557
0.23681012 	 1.8313707
0.214216 	 2.173302
0.33131003 	 2.4482722
0.35409436 	 2.1600122
0.3461305 	 1.7469872
0.23111126 	 2.61482
0.16768064 	 1.9910038
0.067262426 	 2.3012757
0.12650575 	 2.3536975
0.086397074 	 2.2122223
0.0682912 	 2.2594876
0.05656998 	 2.47634
0.04154977 	 2.3399053
0.032956656 	 2.050662
0.025840178 	 2.271923
0.028468767 	 2.32903
0.03487647 	 3.1081083
0.04034188 	 2.3984382
0.061434746 	 2.7682374
0.064902194 	 1.8730576
0.08236093 	 0.94575036
0.08526077 	 1.3318373
0.087749965 	 1.3785801
0.08003941 	 1.5935043
0.070384756 	 1.5672343
0.064469285 	 0.9911586
0.072586454 	 1.7695458
0.08193709 	 1.5627627
0.04809008 	 1.094313
0.054752085 	 1.3055506
0.050350867 	 1.8016977
0.031860624 	 1.1741155
0.05003719 	 1.0933405
0.0385754 	 1.0702206
0.045517515 	 1.4274623
0.036076844 	 2.142421
0.023914117 	 1.7818711
0.049117222 	 1.2003525
0.048496492 	 2.1684377
0.053683862 	 1.7797904
0.050982784 	 1.5810646
0.0610966 	 1.3237891
0.07365659 	 1.0259188
0.071186505 	 1.2725539
0.05629508 	 1.6414595
0.08073754 	 2.1551168
0.06775401 	 1.5061324
0.06363624 	 0.92337483
0.07294223 	 0.8913512
0.070087746 	 1.7745847
0.060518354 	 1.2111926
0.061919477 	 1.213609
0.057754826 	 1.4444462
0.06381939 	 1.2846673
0.053715244 	 1.3970528
0.053770278 	 1.9919584
0.051163502 	 1.1062242
0.046844166 	 2.0252287
0.046437487 	 1.5762881
0.06160139 	 1.3592278
0.04022069 	 1.3415154
0.04550454 	 1.229732
0.03901019 	 1.1187636
0.04064719 	 1.3362362
0.03504393 	 1.1023263
0.04150485 	 1.2695827
0.041469373 	 1.5000006
0.033759218 	 1.9161512
0.042996284 	 1.0647863
0.028468767 	 1.4637545
0.025837548 	 1.5058101
0.02458745 	 0.9537877
0.02778442 	 1.2787799
0.024234116 	 1.493516
0.018026143 	 1.6133246
0.021921141 	 2.0463927
0.024532167 	 1.9922687
0.02628617 	 1.3939949
0.027122283 	 2.3212705
0.025658352 	 2.163253
0.023789465 	 1.7325544
0.03183244 	 1.3022115
0.017901255 	 1.4824958
0.03173879 	 1.7916772
0.03693949 	 1.9319166
0.028038781 	 1.2022398
0.031065548 	 1.2704785
0.019333081 	 1.0619711
0.04205156 	 1.2016745
0.04183525 	 1.9040848
0.029774757 	 0.95377237
0.056421705 	 1.5432564
0.050975632 	 1.1365072
0.061721206 	 1.36787
0.057184886 	 1.2762522
0.065342665 	 1.5725008
0.04779837 	 0.9600261
0.054562405 	 1.3439249
0.06582726 	 1.16015
0.06282478 	 1.5897912
0.05840553 	 1.2517892
0.06871166 	 1.3811449
0.059883047 	 1.0991246
0.07272798 	 1.2795019
0.059084103 	 1.472905
0.06584966 	 1.1084528
0.05503966 	 2.0392764
0.064767875 	 1.7398316
0.08250747 	 1.5434648
0.083443075 	 1.2208648
0.092983656 	 1.2842517
0.08808306 	 1.5022957
0.07449982 	 1.494329
0.11013566 	 1.6236998
0.10594769 	 1.5291877
0.07519037 	 1.681929
0.095846154 	 1.2505722
0.07817407 	 1.3353642
0.07071972 	 0.93080306
0.0940684 	 1.619004
0.08027228 	 1.3806524
0.07100802 	 1.4418632
0.09398124 	 1.3482318
0.059786353 	 1.078135
0.0694561 	 1.3111635
0.061756965 	 1.3011966
0.057716433 	 1.4096069
0.052617908 	 1.254932
0.05900677 	 1.377689
0.05110742 	 0.9251032
0.06175037 	 1.0620424
0.4305243 	 1.7669712
0.43090877 	 1.5074488
0.31694627 	 1.2812141
0.30827904 	 1.3653282
0.33120346 	 1.506695
0.3269508 	 1.728649
0.19390735 	 1.9357276
0.14114708 	 1.4036659
0.14399785 	 1.8552618
0.15749921 	 1.8348553
0.13720249 	 1.59204
0.20566896 	 2.3480995
0.16610996 	 2.286213
0.1919406 	 2.173741
0.15399513 	 1.5596936
0.16880898 	 1.7630037
0.15509921 	 1.7889874
0.15815835 	 1.172698
0.122991204 	 2.1513534
0.11372565 	 1.6736689
0.11801594 	 2.055752
0.1338249 	 2.039819
0.11719426 	 2.6130412
0.11110382 	 0.9816062
0.13001125 	 1.5006295
0.13074802 	 1.7394935
0.1657082 	 1.9105688
0.3526302 	 1.4774169
0.4195073 	 1.7861596
0.19045895 	 2.2600017
0.21056187 	 1.1768445
0.22959737 	 1.2835275
0.2279445 	 2.012944
0.228137 	 1.8436179
0.47351962 	 1.5456098
0.29007563 	 2.2214284
0.26973984 	 1.9998505
0.26054296 	 1.2886845
0.18589292 	 2.1103358
0.17949589 	 1.9282124
0.2182898 	 0.9310567
0.15731384 	 1.3380543
0.12844147 	 2.4184237
0.11685957 	 2.0199
0.106209874 	 1.9458069
0.11880635 	 2.7771676
0.104427174 	 1.9432985
0.10754041 	 2.2217488
0.111808255 	 1.641633
0.12341399 	 1.6102678
0.13968822 	 1.7374858
0.16677622 	 1.282185
0.17095754 	 1.7197074
0.19706196 	 1.5784383
0.21497162 	 1.1691865
0.21224336 	 1.8283962
0.23542494 	 1.8192338
0.32320836 	 1.265213
0.3159981 	 0.90845704
0.33710587 	 1.2248737
0.34542787 	 1.4577832
0.27446416 	 1.1656696
0.19438322 	 2.0507534
0.1470867 	 1.1570294
0.12893546 	 2.3524482
0.11595048 	 2.1289568
0.113880195 	 1.8869032
0.109918684 	 1.8963095
0.11100358 	 1.2164903
0.10568345 	 2.164547
0.112193465 	 2.493735
0.11033392 	 1.8776515
0.10301381 	 2.2387972
0.114574224 	 1.927549
0.10993252 	 1.5412946
0.106210135 	 1.1531861
0.14092922 	 2.46676
0.14978185 	 1.0754915
0.14774156 	 1.9828134
0.13528183 	 2.5279331
0.17547292 	 2.0734391
0.20284079 	 1.5891441
0.2632148 	 1.541424
0.37008473 	 1.4532276
0.35324642 	 1.3397119
0.39113176 	 1.270804
0.36400837 	 1.1905109
0.4109439 	 0.9432258
0.31655052 	 1.2494345
0.3837662 	 1.030329
0.27748606 	 1.5088695
0.26999655 	 1.5775014
0.2710883 	 1.2483343
0.26226786 	 1.3140098
0.24119243 	 1.7090677
0.2504515 	 1.4073572
0.21451879 	 2.2489638
0.22662745 	 2.0901334
0.18160787 	 1.4289763
0.18095252 	 1.7062291
0.23583473 	 2.2060933
0.26242554 	 1.751841
0.34650332 	 1.9784417
0.32330522 	 1.6659524
0.23387349 	 2.2237215
0.23540156 	 1.4730061
Summary
0.004148972  -  1.0164224 ,  0.8913512  -  3.1703048
accuracy:  100.0
equal predictions:  0
TensorFlow version: 1.13.1
Found 939 images belonging to 1 classes.
argN = 784
argN = 784
0.24412297 	 1.63224
0.2764026 	 1.9278538
0.18370226 	 1.6701466
0.15706217 	 1.4543065
0.09205111 	 1.0175385
0.09615472 	 1.7007306
0.11330847 	 2.026767
0.07594294 	 1.5007534
0.0719588 	 1.1917307
0.050282232 	 1.3367255
0.14499304 	 1.4915261
0.14713123 	 1.36167
0.14262117 	 1.3389382
0.14193544 	 1.8871517
0.17269297 	 1.680106
0.27071574 	 1.6880738
0.20154536 	 1.5157185
0.13644332 	 1.1870773
0.13399336 	 1.4136428
0.078978226 	 1.6833857
0.056569602 	 1.6222906
0.020572852 	 2.215094
0.03504529 	 1.5217257
0.045665056 	 1.5594344
0.056406002 	 1.7666646
0.2368355 	 1.7255254
0.26061767 	 1.3392758
0.36063698 	 1.7388806
0.16932467 	 1.2907541
0.1874958 	 1.3608013
0.35942397 	 1.307683
0.27408555 	 1.4638033
0.35530925 	 1.4368162
0.24172163 	 1.939554
0.30717072 	 1.559045
0.32351205 	 2.0410264
0.0725462 	 2.784207
0.062451072 	 1.5378397
0.06598979 	 2.0705643
0.04550479 	 2.2099092
0.05494948 	 2.4965322
0.067333765 	 1.3945957
0.047025573 	 2.0739653
0.12781231 	 1.4508278
0.12658381 	 1.5492135
0.13024451 	 1.7925615
0.13844813 	 1.3091044
0.12521657 	 1.7845063
0.083117165 	 2.1518023
0.059353065 	 1.261954
0.06917553 	 2.0345385
0.07008723 	 1.191672
0.13068594 	 1.9375523
0.1600215 	 1.9043853
0.14950094 	 1.4869142
0.1396669 	 1.9519571
0.04645809 	 1.8127707
0.0076918625 	 1.5873309
0.0025532627 	 2.4362097
0.005256856 	 1.7614332
0.014209373 	 1.3179144
0.014531362 	 1.3589089
0.035285324 	 1.4893605
0.05681707 	 1.4123342
0.07961662 	 1.7536387
0.37256876 	 1.2090602
0.3569582 	 1.4240876
0.36036652 	 1.2421077
0.38425818 	 1.3052766
0.29906747 	 1.0464779
0.14397609 	 1.9296932
0.15283899 	 1.2595743
0.31474233 	 1.7324517
0.29572415 	 1.2771859
0.09750236 	 0.98586845
0.19835515 	 1.6894436
0.24677913 	 1.0868684
0.23363183 	 1.1005775
0.32187986 	 1.5887963
0.3117604 	 1.7366678
0.26396143 	 2.3145564
0.14460765 	 1.7148588
0.0686452 	 1.5322177
0.0037141787 	 1.3151703
0.127397 	 2.3155298
0.09483407 	 1.6274315
0.107402824 	 2.0568907
0.10720621 	 1.14519
0.09042883 	 1.5037965
0.06983064 	 1.6458532
0.056179125 	 2.1320832
0.059953418 	 1.4653882
0.030484311 	 1.6618412
0.035009053 	 2.3116105
0.03950159 	 2.2640648
0.02824765 	 1.7379303
0.016828924 	 1.5358604
0.021883857 	 1.6015301
0.019317038 	 1.7826291
0.06418795 	 1.4805374
0.07368418 	 1.5436615
0.07931505 	 1.3154992
0.04428053 	 1.8963933
0.053689584 	 1.1267794
0.04711379 	 0.98106915
0.052680485 	 1.0889636
0.05517381 	 1.0622237
0.052180115 	 1.1887952
0.041952286 	 1.4022887
0.058022488 	 1.567747
0.038880233 	 0.7684336
0.053451627 	 0.7726833
0.03805436 	 1.8068062
0.02690024 	 1.211698
0.03698897 	 0.9637732
0.027088476 	 1.2120235
0.016216524 	 1.2701077
0.03282311 	 1.0283113
0.044598386 	 1.1603414
0.04710723 	 1.497197
0.040788118 	 1.1138382
0.046904255 	 1.1654954
0.053688012 	 0.8548542
0.044555448 	 1.5480632
0.053484198 	 1.0008098
0.037693698 	 1.5585934
0.06453083 	 1.5105302
0.05216724 	 1.1149405
0.041629676 	 0.9969271
0.053693485 	 0.96952116
0.038752772 	 0.84500617
0.032739103 	 0.9783057
0.04627641 	 1.4820633
0.03453904 	 1.0817554
0.04029602 	 1.249242
0.035002448 	 0.9881055
0.039338216 	 0.9563317
0.029708749 	 1.4572045
0.02717771 	 1.0282283
0.032424252 	 1.2085181
0.029036807 	 0.87486106
0.023839153 	 0.86002165
0.027151067 	 1.0164531
0.020830924 	 1.1115079
0.023976631 	 1.1167723
0.024470901 	 0.9902083
0.021398475 	 1.2577289
0.02059421 	 1.2842218
0.025832593 	 1.0815177
0.015423434 	 1.0205946
0.022985836 	 0.9338888
0.019506346 	 1.1985137
0.023225253 	 1.1065549
0.021709995 	 1.3294897
0.017312394 	 1.1028029
0.024532167 	 1.3114954
0.024531921 	 0.7489702
0.01671964 	 0.909818
0.0140686985 	 0.77910995
0.02086969 	 1.1085379
0.02268538 	 1.3241293
0.02211137 	 0.91046166
0.023437575 	 1.1231911
0.017674636 	 1.1271869
0.025145525 	 1.2805511
0.02453064 	 0.8349684
0.02451097 	 1.4878427
0.025839996 	 1.122197
0.021345133 	 0.8183615
0.019883731 	 0.96061397
0.021916451 	 1.386323
0.014128968 	 1.5694461
0.02453235 	 1.0615511
0.018017465 	 0.764303
0.02977396 	 0.69800556
0.024337508 	 1.2339016
0.032334547 	 0.8801692
0.0429928 	 0.8015866
0.03243416 	 0.8627754
0.037386194 	 0.75620884
0.03742338 	 1.7420315
0.042343836 	 0.75396186
0.04834591 	 0.94934237
0.05243391 	 0.8705955
0.05012555 	 1.6093274
0.057392735 	 1.29683
0.068249345 	 0.830088
0.06196729 	 1.0850577
0.08632488 	 1.135483
0.07455197 	 1.1747913
0.05376833 	 1.1971493
0.045853924 	 1.4502871
0.074679 	 1.0705345
0.058050912 	 0.94273776
0.046444166 	 0.9549378
0.052486677 	 1.0320657
0.044460602 	 1.5035828
0.04436757 	 1.2014592
0.0502398 	 1.1369566
0.063700974 	 0.91335315
0.04719377 	 0.8005568
0.058889933 	 1.3670899
0.056194447 	 1.1281523
0.046455532 	 1.1544726
0.044302646 	 1.1830064
0.050975632 	 0.7680753
0.04968233 	 0.64340484
0.034207523 	 1.2640804
0.032443278 	 1.1522614
0.038957696 	 0.96680194
0.043004747 	 1.2782216
0.34845987 	 1.1516743
0.3636884 	 1.2114189
0.37627023 	 0.91085106
0.26491788 	 1.6692417
0.3375414 	 1.4757724
0.261529 	 1.1244209
0.14676856 	 1.0703645
0.08360552 	 1.4600837
0.113324024 	 1.0745435
0.13473074 	 1.8236443
0.13768543 	 1.1755345
0.11905514 	 1.789119
0.11328677 	 2.332427
0.092118494 	 1.8438051
0.09212503 	 1.9762589
0.09741346 	 1.6739672
0.087838925 	 1.6359725
0.07815776 	 1.5345049
0.08936621 	 2.4649258
0.090915814 	 2.117008
0.08927008 	 2.6572418
0.14777313 	 1.8515699
0.45371053 	 1.5642685
0.37445003 	 1.4804795
0.24072711 	 1.4713211
0.20010751 	 2.3770967
0.16885075 	 1.755197
0.15862009 	 0.96988726
0.15713409 	 1.8765919
0.16254197 	 2.06719
0.19202712 	 0.86393315
0.22180511 	 1.3949682
0.35986575 	 0.614142
0.47785267 	 1.4702135
0.16311835 	 2.245262
0.17456482 	 1.6344701
0.23256223 	 1.5408744
0.2459603 	 2.1561584
0.23735265 	 2.1101847
0.151178 	 1.7156041
0.11540065 	 2.0254066
0.12771593 	 1.3970848
0.12152977 	 2.4712253
0.1003327 	 1.1984313
0.09351711 	 1.9779199
0.11763136 	 1.2157952
0.103495665 	 2.0039785
0.096190095 	 2.8157363
0.07611349 	 1.1327075
0.09065539 	 1.4766049
0.11944698 	 1.8997443
0.1204993 	 1.7606994
0.14985822 	 1.9944072
0.15999296 	 1.6129259
0.18237951 	 1.7216996
0.24862823 	 1.8086941
0.33896443 	 1.0969629
0.34326753 	 1.1622635
0.34761146 	 0.97482914
0.12575303 	 0.9084085
0.10621007 	 2.1710498
0.100468986 	 1.9586973
0.07564646 	 1.5568569
0.09336338 	 1.8760709
0.084616885 	 1.5506631
0.09588046 	 1.8023533
0.11037159 	 1.5049598
0.11615665 	 0.7838293
0.12653308 	 1.0371894
0.12837248 	 1.8308179
0.16491662 	 2.0432973
0.15773171 	 0.6861704
0.20312023 	 1.788758
0.1962422 	 2.0166464
0.20530434 	 1.8163105
0.22719382 	 1.5813065
0.27675423 	 1.8149843
0.2872176 	 1.2667824
0.26086524 	 1.6488378
0.18572505 	 0.87444997
0.25134 	 1.1253278
0.24514882 	 1.378117
0.24060716 	 0.7520443
0.23799689 	 2.1295533
0.21271949 	 2.1895952
0.14932923 	 1.2777009
0.14684968 	 1.2822554
0.121721685 	 1.735868
0.16150354 	 1.4754897
0.1790676 	 1.5797323
0.20359327 	 1.203871
0.2537351 	 1.7980494
0.26282254 	 1.6746532
0.25123495 	 1.6472001
0.25166094 	 1.5194945
0.30556628 	 1.338661
0.30345005 	 1.9551677
0.23769134 	 1.1923474
0.21209641 	 1.4788953
0.17670645 	 1.8676742
0.17639653 	 2.0588956
0.18116847 	 1.297863
Summary
0.0025532627  -  0.47785267 ,  0.614142  -  2.8157363
accuracy:  100.0
equal predictions:  0
TensorFlow version: 1.13.1
Found 939 images belonging to 1 classes.
argN = 784
argN = 784
0.34381923 	 2.1885183
0.25669682 	 2.0691617
0.48083478 	 1.8930765
0.5172022 	 1.9712454
0.46880624 	 1.9744464
0.44456017 	 2.1741755
0.33090726 	 2.356193
0.29472178 	 2.6209188
0.20118034 	 3.0498743
0.089503154 	 2.1555026
0.117039464 	 2.1882598
0.1198674 	 2.3806598
0.22227651 	 1.3848203
0.15454984 	 1.3603879
0.08758151 	 2.1376035
0.1534364 	 1.6573336
0.22816987 	 1.6472518
0.23782606 	 1.611685
0.21588019 	 1.678427
0.14417437 	 1.8441156
0.15901937 	 2.0288324
0.17656294 	 2.4346738
0.17019337 	 1.7988865
0.16252269 	 1.9750566
0.12239006 	 1.9136659
0.155423 	 1.894289
0.32092455 	 1.9664048
0.34562492 	 1.8680432
0.30838498 	 1.8240622
0.26208037 	 1.5173281
0.17682531 	 2.1889699
0.14623035 	 1.9712459
0.12060561 	 2.2724557
0.1569651 	 1.8777351
0.16208668 	 2.0486293
0.07338754 	 2.318854
0.076878145 	 2.3295002
0.033755705 	 2.8063233
0.21372609 	 1.8001286
0.4290008 	 1.6978916
0.38495937 	 1.6937623
0.5455258 	 1.708855
0.52251196 	 1.5428495
0.2966515 	 1.5499613
0.3771738 	 1.9946603
0.49285716 	 1.7833141
0.5272526 	 1.9755254
0.55060357 	 2.12299
0.46003515 	 1.9768301
0.53222275 	 1.9390247
0.27789402 	 1.71909
0.28992707 	 1.8897032
0.068335116 	 2.2493532
0.29277387 	 1.6813424
0.3494726 	 1.7863283
0.21588151 	 2.384069
0.18313645 	 2.0998516
0.15778755 	 2.3235607
0.14613406 	 1.7905756
0.111761265 	 2.7473414
0.04810359 	 3.019664
0.092129275 	 2.410865
0.08570135 	 2.128466
0.16899826 	 1.659122
0.117039934 	 2.7079272
0.05303471 	 2.521975
0.08777788 	 2.1430006
0.12469693 	 1.9089624
0.15514396 	 1.9062719
0.044145774 	 2.2496562
0.059101805 	 1.8599102
0.05886907 	 2.6568766
0.06407419 	 1.705759
0.047315124 	 2.4125862
0.020618243 	 2.9010997
0.027270626 	 2.9632056
0.13479029 	 1.8193209
0.35825267 	 1.4678457
0.38609618 	 1.8195275
0.36484033 	 1.8979392
0.2983043 	 1.6041526
0.27055222 	 1.7066038
0.28249475 	 2.5806375
0.1540518 	 1.8357047
0.07820661 	 2.2314017
0.06577047 	 2.3686514
0.069555074 	 2.2497284
0.18931334 	 1.5622909
0.038024947 	 1.9508961
0.115937695 	 1.63262
0.14653431 	 1.8932958
0.048392702 	 2.492424
0.06626432 	 2.1363223
0.047052875 	 2.198323
0.03769023 	 1.9987656
0.020505743 	 1.4265397
0.025984416 	 2.3510582
0.07188073 	 2.0386999
0.061773513 	 1.324619
0.04968446 	 1.6353016
0.06394405 	 0.8954733
0.044340964 	 1.2642144
0.047986142 	 0.86245453
0.04497913 	 0.5915739
0.04914721 	 0.8621733
0.035943374 	 1.0909318
0.036361568 	 1.4001578
0.04397597 	 1.621716
0.03457316 	 0.9245372
0.050617054 	 0.8597847
0.029366553 	 1.0244355
0.039272938 	 0.844771
0.060441926 	 1.4593092
0.031736393 	 1.2730956
0.05613386 	 1.4150276
0.05905615 	 1.1127881
0.07196156 	 1.0810871
0.037386376 	 0.8493004
0.05446667 	 1.1708658
0.051091235 	 0.9718798
0.05108653 	 1.352814
0.07378678 	 0.9399381
0.05549452 	 2.0409389
0.05910579 	 1.8352661
0.06890851 	 1.050435
0.055763405 	 1.2348468
0.048009593 	 0.96101046
0.04967876 	 0.9790556
0.05337341 	 2.1871648
0.041632224 	 1.4135118
0.047543745 	 1.3120644
0.045670357 	 1.3476126
0.033202846 	 0.94881934
0.035857435 	 1.7049956
0.03917016 	 1.6253945
0.028955813 	 1.7514613
0.023686437 	 1.755194
0.021901341 	 1.0557712
0.0376755 	 1.3473885
0.028444238 	 1.4565114
0.03768658 	 1.8068861
0.027136736 	 1.3919489
0.022218443 	 1.7193334
0.026037516 	 0.930461
0.029738713 	 0.9483576
0.024631802 	 1.8572946
0.023854293 	 1.4130987
0.030210897 	 1.2840961
0.024841793 	 1.4099411
0.03235351 	 1.508127
0.0319229 	 1.4738588
0.027889527 	 1.2875621
0.031117134 	 1.2900038
0.034379005 	 1.4136271
0.02324331 	 1.57973
0.019316796 	 1.4015294
0.03660316 	 0.9952156
0.024532167 	 1.8838701
0.03636633 	 1.5238366
0.029421182 	 1.9105685
0.03739832 	 1.633143
0.037563294 	 1.2667152
0.03238608 	 1.4091268
0.032432746 	 0.93416315
0.035977606 	 1.0439683
0.032208722 	 2.212083
0.024533205 	 1.0893953
0.051243868 	 1.062049
0.043002322 	 1.0214794
0.04051069 	 0.9956675
0.054969694 	 0.99298173
0.07472261 	 1.0829198
0.088846564 	 1.0939503
0.07672805 	 1.7245936
0.09052455 	 0.98505694
0.091052316 	 1.7900107
0.067729004 	 0.7722825
0.0873574 	 1.196191
0.0688368 	 1.2323989
0.08670956 	 1.1677319
0.08546318 	 1.4070386
0.0606737 	 0.94104445
0.07264061 	 2.0671136
0.07649195 	 1.6322933
0.046971034 	 1.4865242
0.06671596 	 1.643315
0.0548799 	 1.0261317
0.3045746 	 1.3041592
0.32228306 	 1.5168874
0.31114376 	 1.4774684
0.3099158 	 1.2432356
0.2216511 	 1.0445256
0.19834308 	 1.9864521
0.20053798 	 0.9610958
0.1996174 	 1.844332
0.18226165 	 1.9740467
0.17733996 	 2.2129753
0.16524895 	 2.0149474
0.1489466 	 1.5759228
0.16776642 	 1.9658036
0.16616021 	 1.3666023
0.15809 	 2.360332
0.17366402 	 1.8431175
0.19123393 	 1.8752195
0.16781867 	 1.2637383
0.14086363 	 1.919641
0.17081703 	 1.693152
0.16252114 	 2.5613375
0.14305854 	 2.2586436
0.1394156 	 1.5246373
0.12626666 	 2.1628315
0.08933082 	 1.8858268
0.10050655 	 2.9237895
0.116361596 	 1.8201506
0.114568345 	 2.21218
0.12173286 	 2.5059757
0.13679788 	 1.9155455
0.116071835 	 1.2598073
0.09698891 	 2.5227377
0.20692576 	 2.0116615
0.40894547 	 1.7605073
0.445175 	 1.7687188
0.31505787 	 1.1182169
0.26266712 	 1.7337984
0.28608593 	 1.9014461
0.25005105 	 1.7767454
0.15523252 	 2.100209
0.16011712 	 2.0198426
0.21392693 	 1.4182974
0.32592127 	 1.7274629
0.32476562 	 1.5740646
0.31161696 	 1.8549958
0.23507313 	 3.1904917
0.24467984 	 2.769249
0.2509303 	 1.8073934
0.22932716 	 1.5096872
0.18441166 	 1.7160705
0.20015462 	 1.5713289
0.20281509 	 1.0863297
0.16153282 	 1.627095
0.17220683 	 1.4279629
0.17588316 	 1.8507711
0.17524597 	 1.6125617
0.15565126 	 1.6235167
0.15657634 	 2.3286269
0.14751682 	 1.2383364
0.13500474 	 2.604107
0.1414146 	 2.0731108
0.12771627 	 2.4600585
0.109050974 	 0.8669081
0.108669765 	 2.337004
0.09422616 	 1.6547018
0.17065795 	 1.7863303
0.17576015 	 1.9896076
0.17538184 	 2.2694411
0.24273135 	 1.2089838
0.19950986 	 1.9108089
0.26713294 	 2.0586238
0.24873814 	 1.6292963
0.31551635 	 1.574015
0.30806017 	 1.1148527
0.33935118 	 1.2634828
0.33709067 	 1.4648988
0.37143132 	 1.3479542
0.37195194 	 1.050093
0.29294485 	 1.3187497
0.20796183 	 1.5278519
0.14531514 	 1.6172042
0.15371482 	 1.1055064
0.13801286 	 2.5478687
0.08532036 	 1.7869196
0.083810516 	 1.3605992
0.089727156 	 1.9807565
0.08247206 	 1.7643344
0.10338376 	 1.3852521
0.12037741 	 1.6738033
0.13016243 	 1.7954481
0.13134164 	 2.144354
0.17184134 	 1.4241604
0.23428693 	 1.7234607
0.31354764 	 1.653016
0.42973107 	 1.1453594
0.43789998 	 1.2066714
0.49191543 	 1.0306481
0.50691265 	 0.92839116
0.5035879 	 1.1684341
0.41302666 	 1.329724
0.42235008 	 1.1082002
0.37728238 	 0.91348153
0.36835974 	 1.1456782
0.33391526 	 1.2083608
0.34925368 	 0.9403137
0.32621685 	 1.0735571
0.30621713 	 1.2813219
0.32715347 	 0.9177672
0.30094576 	 1.6531935
0.19959769 	 2.3891308
0.17634605 	 2.5499597
0.16439112 	 2.5034711
0.14822403 	 1.8878412
0.13882498 	 2.9197042
0.13963407 	 2.078218
0.12509207 	 1.3025895
0.1365451 	 1.2540922
0.1276151 	 1.8281139
0.15325284 	 1.166911
0.15316482 	 1.6284707
0.18448119 	 1.0775068
0.24905801 	 2.258696
0.23694034 	 1.7284255
0.21180266 	 2.2100434
0.1659643 	 1.2540199
0.17379421 	 2.071702
Summary
0.019316796  -  0.55060357 ,  0.5915739  -  3.1904917
accuracy:  100.0
equal predictions:  0
TensorFlow version: 1.13.1
Found 939 images belonging to 1 classes.
argN = 784
argN = 784
0.5107223 	 0.54771435
0.22874086 	 0.4928518
0.24390645 	 0.33926833
0.23460455 	 0.44975814
0.22654021 	 0.67811435
0.22820783 	 0.6383941
0.1562379 	 1.2174764
0.20866692 	 1.13437
0.31992418 	 0.8891802
0.4012965 	 0.7594908
0.2495552 	 0.633046
0.2617437 	 0.7334348
0.4577517 	 0.5530254
0.40891266 	 0.38893732
0.3936441 	 0.5898597
0.27169058 	 0.63864195
0.28422266 	 0.88273454
0.15771176 	 1.6488642
0.14924231 	 1.0286843
0.15788512 	 1.475509
0.22609489 	 1.7258244
0.30244225 	 0.9368348
0.3259117 	 1.1129982
0.30144626 	 0.6293132
0.37007594 	 0.5328315
0.6745066 	 0.6424442
0.64503384 	 0.61703926
0.66183907 	 0.6641553
0.39447445 	 0.7915103
0.39726406 	 0.55064225
0.07821538 	 0.7692457
0.16464435 	 1.3222053
0.2353078 	 1.0047927
0.324385 	 0.6131197
0.36291584 	 0.3533823
0.38893977 	 0.45371673
0.40202144 	 0.3575788
0.34281814 	 0.53167164
0.15650985 	 0.52602947
0.14341463 	 0.54778093
0.21235251 	 0.653016
0.2645727 	 0.6547613
0.16572312 	 0.9212618
0.16882691 	 0.87026364
0.1508682 	 0.5772596
0.12917049 	 0.5403642
0.08287203 	 1.5363399
0.06615121 	 1.2390525
0.21313794 	 1.037694
0.4383454 	 0.59525627
0.6652301 	 0.72598183
0.58777297 	 0.705345
0.51710105 	 0.85856664
0.50206256 	 0.5565077
0.50096595 	 0.71135485
0.49383393 	 0.73627526
0.2815953 	 0.6164927
0.28053263 	 0.58448607
0.26518095 	 0.27935353
0.3018076 	 0.32312933
0.29757717 	 0.34184012
0.294274 	 0.57409817
0.24702336 	 0.73337847
0.21405561 	 0.7042812
0.09774203 	 1.0315866
0.122058205 	 0.739576
0.059401453 	 1.6201177
0.08331454 	 0.7769545
0.46479082 	 0.7889111
0.21950668 	 0.9154784
0.33824334 	 0.63328487
0.31698588 	 0.6065995
0.25841624 	 0.5850989
0.19758698 	 0.94357073
0.24788088 	 0.6236243
0.3530925 	 0.56282187
0.38724658 	 0.6503735
0.2905782 	 0.34410602
0.25454172 	 0.65822667
0.30848813 	 0.70920706
0.27251002 	 1.0289344
0.254226 	 0.81455207
0.301816 	 1.0182213
0.20542943 	 0.9125925
0.15054846 	 1.0960224
0.13406444 	 0.82624555
0.19762918 	 1.0536877
0.18187872 	 1.0378977
0.09424823 	 0.81040096
0.4034813 	 0.58103216
0.35110113 	 0.41797405
0.30114478 	 0.24986362
0.3031647 	 0.7108697
0.26594585 	 0.44212562
0.2670631 	 0.73119456
0.2540451 	 0.71769154
0.25062257 	 0.38379702
0.29137108 	 0.312813
0.21085158 	 0.31723714
0.2776109 	 0.5433256
0.2979869 	 0.4907078
0.23521693 	 0.5404785
0.25832987 	 0.38907963
0.24394448 	 0.5947045
0.20930123 	 0.8177244
0.20181517 	 0.51184374
0.22720152 	 0.7121336
0.2500923 	 0.5583943
0.2574443 	 0.8177209
0.32061535 	 0.8887572
0.28133535 	 0.67308944
0.2928707 	 0.8294328
0.2946184 	 0.67464775
0.32844102 	 0.81440425
0.29912558 	 0.78466314
0.2989818 	 0.6013183
0.30648807 	 0.8079064
0.28394186 	 0.7618374
0.28003904 	 0.59242564
0.2904098 	 0.81037813
0.28811648 	 0.648686
0.26265216 	 0.89174837
0.28439158 	 0.82331735
0.27533516 	 0.7699716
0.26956218 	 0.576671
0.2701966 	 0.635421
0.23793624 	 0.87567484
0.2345879 	 0.47607356
0.2557668 	 1.0064921
0.25620836 	 0.86346537
0.25308853 	 0.5520803
0.27432904 	 0.97063386
0.26309985 	 0.68118966
0.21439368 	 0.9739699
0.21520022 	 1.0225401
0.2110517 	 0.7675756
0.20544122 	 1.2319623
0.20606352 	 0.8846969
0.19765286 	 0.7204052
0.2068254 	 0.8640425
0.20314601 	 1.0298116
0.22453874 	 0.60307527
0.1824851 	 0.8604354
0.19198011 	 1.1556927
0.17866367 	 0.8845093
0.17523234 	 1.1525064
0.16425356 	 0.6325061
0.15589999 	 0.9812811
0.18008633 	 0.8645863
0.18584031 	 1.3381064
0.18763521 	 0.94885844
0.13979954 	 0.77662927
0.12961002 	 1.2117791
0.14359145 	 1.2243315
0.13730873 	 1.0665252
0.13717814 	 0.6521824
0.13208891 	 0.8110315
0.1317099 	 1.143135
0.12165908 	 1.3949379
0.15117703 	 0.6605677
0.14138658 	 0.80610925
0.14977361 	 0.72546244
0.15391678 	 0.8382232
0.18878344 	 0.72314584
0.2026236 	 0.96666485
0.18895291 	 0.83176094
0.17237133 	 0.6912085
0.1948909 	 0.62041736
0.18040775 	 1.0039318
0.18919234 	 0.62011117
0.16053708 	 0.32684368
0.19391544 	 1.3522857
0.18993859 	 0.70954365
0.1968644 	 0.8859963
0.21343444 	 0.7459247
0.18547596 	 0.7226784
0.17358369 	 0.95700157
0.17372195 	 1.011359
0.18026005 	 1.0830328
0.17980205 	 0.48964438
0.17494985 	 0.6385611
0.17233811 	 0.9593633
0.15435499 	 0.84150285
0.15709189 	 1.0792707
0.1542257 	 0.942682
0.15427306 	 1.1389531
0.13791789 	 0.86524516
0.13484035 	 0.53211886
0.11864976 	 0.42348406
0.10617713 	 1.1919085
0.101934716 	 0.560998
0.3197187 	 0.5719644
0.30611992 	 0.68644994
0.29108092 	 1.2615099
0.2937113 	 0.78277767
0.29764298 	 0.7647103
0.29728168 	 1.504432
0.29538876 	 0.951825
0.39295408 	 0.9853144
0.3698264 	 0.8116998
0.38333535 	 0.8387431
0.3741843 	 0.91310465
0.40174943 	 0.81032604
0.36279187 	 0.96702623
0.39683098 	 0.96216905
0.35982466 	 1.0236076
0.40252933 	 0.7306585
0.3551976 	 0.65290105
0.36960176 	 0.6229917
0.4186308 	 0.7807468
0.41934085 	 1.1756885
0.45730883 	 0.84366846
0.4545553 	 1.1621326
0.5190783 	 0.5241415
0.51784885 	 0.62114424
0.5207794 	 0.94891214
0.5266289 	 0.69504
0.5085062 	 0.8526208
0.54169565 	 1.0663303
0.49151263 	 0.91166085
0.50068516 	 0.8761643
0.5732245 	 0.893397
0.5934603 	 0.6864209
0.57281697 	 0.8747653
0.5762019 	 0.9815817
0.50087214 	 0.85314846
0.56170577 	 0.7100539
0.57539 	 1.0152919
0.5684175 	 0.67128474
0.5120582 	 0.6638976
0.44311216 	 1.0486135
0.35725552 	 1.0483785
0.462502 	 0.9776516
0.5023933 	 0.8714177
0.5083266 	 0.6576552
0.5345254 	 0.6695391
0.5189984 	 0.80960816
0.60588515 	 0.5864448
0.5660879 	 0.67328906
0.53827155 	 0.87076867
0.50961566 	 0.8598738
0.4269756 	 0.8143589
0.41561168 	 0.7688375
0.40876642 	 0.7750876
0.40270257 	 0.6764956
0.37467465 	 0.8160907
0.44202062 	 1.0737394
0.4353793 	 0.7812676
0.604905 	 0.6756078
0.5630964 	 0.89663804
0.58891946 	 0.8202458
0.5909449 	 0.8936922
0.5606078 	 0.6593827
0.4942952 	 0.74487656
0.47110382 	 0.78373724
0.4440553 	 0.8473953
0.4647169 	 0.9120576
0.47064614 	 0.6737703
0.47647643 	 0.78368646
0.5779531 	 0.637254
0.5380566 	 0.7106807
0.6004427 	 0.8169907
0.5998474 	 0.7962725
0.57172 	 0.61396354
0.5251936 	 0.83833283
0.49051854 	 0.5408098
0.45258132 	 0.89537334
0.46177787 	 0.9646311
0.44065613 	 0.7912456
0.43440327 	 0.9399946
0.43978152 	 0.8149468
0.40103993 	 0.6088815
0.32399723 	 1.174197
0.28360668 	 0.838496
0.2719988 	 0.7962498
0.28897825 	 1.0514506
0.25659063 	 0.7254249
0.27428126 	 0.8286123
0.217097 	 0.6022599
0.22734995 	 0.9046969
0.26777023 	 0.9689044
0.24097556 	 0.787816
0.22137217 	 0.8049705
0.22885609 	 1.0509644
0.28378984 	 0.603667
0.34390825 	 0.64688784
0.33320552 	 0.8398582
0.33418182 	 0.8363773
0.3761756 	 1.0396363
0.43835706 	 0.61701494
0.47520983 	 0.9515559
0.4801512 	 0.62177336
0.45232934 	 0.89995104
0.4438306 	 0.8684586
0.45539367 	 0.58164364
0.53013134 	 0.690755
0.5508019 	 0.6424843
0.5348137 	 0.82261425
0.5585982 	 0.7399869
0.53618646 	 0.55698144
0.4522361 	 0.9346203
0.52555966 	 0.89675814
0.44865373 	 0.6607087
0.43967828 	 0.62216973
0.4202157 	 0.5891111
0.44573808 	 1.0091499
0.43676263 	 0.73870236
0.45369458 	 0.8487523
0.4384062 	 0.88320094
0.4370195 	 0.7297622
0.4622709 	 0.8461669
0.46642318 	 0.6360737
0.5544666 	 0.70720434
Summary
0.059401453  -  0.6745066 ,  0.24986362  -  1.7258244
accuracy:  97.8
equal predictions:  0
