TensorFlow version: 1.13.1
Found 939 images belonging to 1 classes.
argN = 784
argN = 784
0.17787714 	 3.882542
0.15552695 	 2.124827
0.26199782 	 2.1988328
0.19055681 	 2.6947708
0.049682144 	 2.5906308
0.03875872 	 2.6847491
0.059043128 	 1.8695779
0.0496403 	 2.4645696
0.0714131 	 1.9113888
0.1338168 	 1.8722197
0.11884427 	 1.7539597
0.068785846 	 2.098764
0.1250437 	 2.2278924
0.14666095 	 2.2172065
0.14267838 	 1.9794137
0.08202534 	 2.7127113
0.11398059 	 2.312964
0.07191589 	 2.6526423
0.03901558 	 2.6038594
0.09972481 	 3.3500528
0.12078275 	 3.2331948
0.055125374 	 2.5012875
0.31675217 	 2.8122861
0.14878917 	 2.6790226
0.08368627 	 2.5204835
0.08489475 	 2.8725688
0.046979595 	 1.9513798
0.010255472 	 2.0074046
0.020103615 	 3.3105323
0.014128484 	 2.97718
0.011749839 	 2.901768
0.010647936 	 3.2172036
0.006396922 	 2.5303059
0.020618243 	 1.7090197
0.028461346 	 2.7767968
0.039379694 	 3.448609
0.050396252 	 2.3263073
0.2107345 	 2.1864781
0.3180087 	 2.419032
0.12516834 	 2.8127992
0.13547735 	 2.6515813
0.24620363 	 1.9882891
0.215393 	 2.586517
0.2812252 	 2.2600582
0.13169216 	 2.5026531
0.39550272 	 3.0443301
0.40918723 	 2.8121035
0.14006533 	 3.024755
0.16606 	 2.7263122
0.055871494 	 2.4158745
0.16811895 	 3.2970843
0.07410498 	 3.2970343
0.07234921 	 2.8148186
0.031089528 	 2.4900098
0.05452206 	 3.4471495
0.059213165 	 2.8096826
0.037691407 	 2.4307392
0.048339903 	 2.0964823
0.08376884 	 2.6997647
0.08082691 	 3.0926828
0.057603724 	 3.619762
0.032885693 	 3.496393
0.042722292 	 2.9755175
0.044129577 	 2.1168976
0.05640184 	 2.3417985
0.09926136 	 3.0532703
0.14879145 	 2.8743083
0.020618243 	 2.5530322
0.03504473 	 2.3470278
0.035031706 	 3.667984
0.027149966 	 2.3188782
0.0025532627 	 2.6946588
0.0025532627 	 2.950255
0.028461654 	 2.6787422
0.050085507 	 2.9039495
0.2695956 	 2.544569
0.2248452 	 1.6985186
0.19788414 	 2.7594144
0.10810984 	 2.1744099
0.14683594 	 2.4574463
0.15074448 	 3.025704
0.115461856 	 1.6572577
0.17556775 	 3.2304866
0.19558197 	 2.4812539
0.22590047 	 1.8521825
0.1879313 	 2.4159012
0.021621494 	 3.2494414
0.037527774 	 2.6769152
0.032404304 	 3.138008
0.03240621 	 3.0364208
0.19360754 	 1.6694299
0.2557103 	 1.4850447
0.11672914 	 2.815564
0.08477329 	 2.2620904
0.08364492 	 2.5335221
0.019232515 	 3.3689427
0.028167825 	 2.458827
0.028356241 	 3.0106719
0.013036881 	 2.2819257
0.0319805 	 2.7579076
0.016747277 	 2.6163304
0.019022787 	 2.6622946
0.010255472 	 3.8311486
0.010255472 	 3.080865
0.045318417 	 2.6230903
0.047002085 	 2.7288797
0.03233461 	 1.6365486
0.03372457 	 1.079057
0.027074637 	 2.6814642
0.023188101 	 2.1419482
0.024559839 	 0.7162853
0.01784106 	 1.0698622
0.024396323 	 1.8176922
0.016719276 	 1.3658615
0.02497116 	 2.0506935
0.02108967 	 1.0791783
0.011542097 	 2.3332736
0.016542796 	 1.9011991
0.020618243 	 1.4604473
0.036314283 	 1.4484528
0.029340588 	 2.4087834
0.027129203 	 1.2967559
0.029694749 	 2.0182388
0.020568227 	 1.6707402
0.030039206 	 1.9135218
0.028461408 	 1.4996135
0.040344674 	 1.7733392
0.029438678 	 2.0285378
0.027681898 	 2.7894492
0.030816624 	 1.9580902
0.029623158 	 0.98879707
0.024532167 	 1.4770631
0.035203762 	 2.3232925
0.033720996 	 1.4920261
0.02190981 	 1.7774298
0.02847809 	 1.5047445
0.020552713 	 1.956503
0.02762871 	 2.3199675
0.021179037 	 2.905154
0.021918643 	 1.3743923
0.020618243 	 1.3072354
0.019249042 	 2.385803
0.014096687 	 2.1074333
0.01154499 	 1.7591312
0.014131628 	 1.3601499
0.017806778 	 1.7486476
0.012502419 	 2.39185
0.014129391 	 2.0689313
0.017311364 	 1.8854635
0.018107956 	 2.3405347
0.028461408 	 2.2578647
0.021919923 	 1.9021575
0.023185479 	 2.0039012
0.027150761 	 1.3538268
0.014129391 	 2.059711
0.01025505 	 1.8459438
0.021735884 	 1.4831415
0.016717821 	 2.2604976
0.016716426 	 1.9803872
0.010255472 	 1.9901884
0.015148903 	 2.6650407
0.020618182 	 1.9282755
0.014128968 	 1.9454961
0.017915212 	 1.4514987
0.010322738 	 1.6098408
0.014128908 	 1.693438
0.00828584 	 2.5105467
0.0074617206 	 2.415825
0.010379289 	 2.2773628
0.0128361145 	 1.1844871
0.012740184 	 2.475194
0.008967673 	 1.3147242
0.019317282 	 2.728938
0.01154499 	 2.0738342
0.012839375 	 1.2613367
0.018016737 	 2.7258034
0.027146045 	 1.1232294
0.022920273 	 2.172838
0.050779395 	 1.2060071
0.044303454 	 1.6600398
0.049612366 	 1.2322642
0.068577595 	 1.7316209
0.057748638 	 1.8008482
0.062369805 	 1.0010111
0.069902994 	 1.2151101
0.04603266 	 1.2301826
0.067261726 	 1.699837
0.05683177 	 2.0416589
0.04968164 	 2.1425734
0.050838657 	 1.2169839
0.042705495 	 1.2200727
0.046975844 	 1.4244858
0.041578475 	 1.3477103
0.047727786 	 1.6024071
0.042689137 	 1.6604669
0.04752362 	 1.6244723
0.03773616 	 1.6256722
0.043508142 	 1.6397009
0.0537138 	 2.2351506
0.032726232 	 1.3563408
0.03901558 	 1.3211075
0.04566574 	 1.2205948
0.30258963 	 2.1919084
0.19671592 	 1.8439637
0.2506574 	 1.3878487
0.24609934 	 1.9817173
0.16791186 	 2.0547051
0.10626714 	 2.7222958
0.0759421 	 1.5393914
0.10067792 	 2.311554
0.085552715 	 1.9502908
0.09072744 	 1.8983672
0.112782106 	 2.6771786
0.10909172 	 2.6454217
0.12313546 	 2.9755104
0.13146596 	 2.623274
0.13200681 	 2.78807
0.1265393 	 2.772568
0.12978496 	 2.4302914
0.10775886 	 2.1101694
0.10440832 	 2.5012934
0.11316689 	 2.2576466
0.090718955 	 2.7520428
0.07574315 	 1.8950129
0.076856524 	 2.3173127
0.0907277 	 1.6671824
0.07116417 	 3.3685653
0.07832921 	 2.1799564
0.07843197 	 2.6141849
0.08040721 	 2.5212834
0.0815049 	 0.9906507
0.082380086 	 3.0808377
0.0935213 	 2.603576
0.103268884 	 1.5016937
0.07556237 	 1.9121094
0.12864406 	 2.5974345
0.3393896 	 2.0943847
0.37439257 	 1.9912984
0.23148277 	 2.1754894
0.1998281 	 2.4966083
0.17179264 	 2.0077624
0.16255628 	 2.540321
0.1492704 	 2.4599497
0.14750604 	 2.6639624
0.1456224 	 1.1623268
0.19070444 	 2.862102
0.14803353 	 2.6213417
0.12767348 	 1.5948842
0.096996136 	 1.9903785
0.09364468 	 2.6209729
0.09632988 	 1.3871789
0.101962894 	 2.1719568
0.10632587 	 1.1490091
0.10917409 	 2.344371
0.10193881 	 1.7149279
0.067697436 	 3.2565463
0.07132822 	 3.8917572
0.06039672 	 2.4448519
0.05775773 	 2.1000628
0.055126633 	 1.8493172
0.051557988 	 2.7951725
0.060423627 	 2.8141375
0.09992108 	 2.6551163
0.10170835 	 1.6277289
0.09065943 	 2.0896647
0.113368884 	 1.5539994
0.14675158 	 2.3209748
0.1488492 	 2.0478773
0.21872988 	 1.9342035
0.229612 	 1.8657504
0.25268942 	 1.9107783
0.28506273 	 1.5529137
0.281089 	 1.1878814
0.26769662 	 1.8470782
0.101597965 	 1.0573328
0.0667744 	 3.139711
0.04167162 	 2.6039522
0.051023744 	 1.7361923
0.04034281 	 2.7518308
0.04155934 	 2.8142447
0.049682267 	 1.8360579
0.046398338 	 1.9084916
0.06668526 	 3.0672727
0.0752387 	 1.9991884
0.079616554 	 2.1829097
0.17522132 	 2.2661545
0.19493595 	 1.421525
0.20539862 	 2.2512596
0.25706673 	 2.046429
0.27589503 	 1.6538702
0.26591095 	 1.9710939
0.2597852 	 1.7047662
0.2615179 	 1.7833978
0.24423268 	 1.4587327
0.2447725 	 1.5741721
0.23186804 	 1.8696258
0.18744828 	 1.2657573
0.20013452 	 1.7363216
0.18594067 	 1.6840056
0.17307961 	 2.0568395
0.19685873 	 1.4802595
0.16449854 	 2.328521
0.13754876 	 2.536876
0.083768904 	 2.4017184
0.08240727 	 2.7419634
0.07004964 	 1.9510039
0.10005572 	 3.138026
0.09719909 	 1.5734715
0.110472165 	 2.1386387
0.1453583 	 2.9099226
0.13984327 	 2.604846
0.13398804 	 2.2732835
0.08654681 	 2.6756196
Summary
0.0025532627  -  0.40918723 ,  0.7162853  -  3.8917572
accuracy:  100.0
equal predictions:  0
TensorFlow version: 1.13.1
Found 939 images belonging to 1 classes.
argN = 784
argN = 784
0.23106274 	 3.123908
0.44457328 	 3.4060025
0.2315371 	 3.198195
0.17135122 	 2.3027103
0.14915049 	 2.6198099
0.11935302 	 3.3800993
0.07409375 	 3.406283
0.056605745 	 3.5734482
0.033746023 	 4.1794376
0.03901279 	 2.1209323
0.021921264 	 3.2721245
0.06063931 	 2.553622
0.053921055 	 2.5929024
0.11192038 	 2.5775213
0.08798223 	 3.4644783
0.08654499 	 2.3735952
0.11985181 	 2.6875484
0.13248706 	 2.4741914
0.08737815 	 2.9723623
0.11825199 	 2.5714438
0.10541465 	 2.5672395
0.06672304 	 2.795625
0.08376877 	 2.4648793
0.048342653 	 3.5766375
0.03240621 	 3.5733314
0.01154469 	 3.2048748
0.08346867 	 3.4062757
0.14977902 	 3.3324008
0.12795395 	 2.8486664
0.33807066 	 2.1834831
0.29826862 	 2.2901733
0.26521328 	 2.7053826
0.3085034 	 2.6405487
0.31120533 	 2.3562477
0.22596173 	 2.557827
0.18642166 	 2.227199
0.279482 	 3.1369615
0.28327343 	 2.9261572
0.3376262 	 2.8072875
0.42003196 	 2.6720798
0.1743899 	 2.705898
0.1729617 	 2.8142447
0.0740673 	 3.1376274
0.034745384 	 3.717349
0.029774573 	 4.58487
0.014045244 	 4.4387894
0.024520317 	 3.4870553
0.09441748 	 2.1304767
0.044314295 	 2.6586552
0.06356459 	 3.196212
0.07332744 	 2.589427
0.06754865 	 2.6786492
0.09350239 	 2.9604182
0.07643244 	 2.4789624
0.04330552 	 3.0518444
0.027119344 	 3.254932
0.00818752 	 3.5349243
0.008703687 	 2.9396663
0.033700835 	 3.1682174
0.051018663 	 3.6161616
0.07275016 	 3.5654907
0.08560446 	 3.0401428
0.23226579 	 1.8595688
0.2889417 	 2.4415293
0.15597083 	 2.6664696
0.1999686 	 2.0284367
0.17909227 	 3.1054122
0.14503492 	 2.6942382
0.14084558 	 3.107955
0.17291819 	 3.393014
0.22026698 	 3.7024915
0.079262726 	 1.8756071
0.11045546 	 3.3324609
0.11956782 	 3.2998128
0.17726587 	 2.6753876
0.11169181 	 3.618581
0.04280926 	 3.486319
0.028457975 	 3.0255198
0.008806928 	 2.3334727
0.12944943 	 2.1840882
0.10669691 	 2.0778973
0.07587207 	 2.1891885
0.07606185 	 2.7030215
0.07270939 	 2.6961746
0.07275689 	 2.5439148
0.034296405 	 2.9220493
0.033693314 	 2.6933382
0.04584388 	 2.9113898
0.029726617 	 2.9701104
0.04756775 	 2.8552668
0.049981236 	 1.9000814
0.046001203 	 1.6936041
0.043875016 	 2.0405865
0.03387229 	 1.7935865
0.054125145 	 2.2217324
0.048701856 	 1.2447069
0.041507456 	 2.3798296
0.02939804 	 2.1923304
0.0283785 	 1.7693201
0.027004274 	 1.1999626
0.027231792 	 2.2894197
0.015434814 	 1.5826435
0.033855397 	 1.5722234
0.029480543 	 1.7093213
0.023229646 	 1.2547864
0.029793058 	 1.1347644
0.044280965 	 1.9459057
0.035424013 	 1.492788
0.04340188 	 1.5585421
0.04613009 	 1.6085759
0.03240375 	 2.5812547
0.031087989 	 1.3867458
0.049667485 	 1.5111624
0.039010435 	 1.7194436
0.040342066 	 1.9547579
0.024629664 	 1.5784779
0.018793242 	 1.6110227
0.019174673 	 1.3987364
0.015568356 	 1.5720472
0.015423373 	 2.0398052
0.018208046 	 1.4258367
0.015421557 	 1.9606622
0.01671964 	 2.4828942
0.016720911 	 2.2387638
0.014128968 	 1.6736736
0.0128361145 	 2.109134
0.011491629 	 1.7397083
0.018971091 	 2.4800017
0.008967673 	 2.3603022
0.00511408 	 1.4092615
0.0076814713 	 1.2057272
0.01154487 	 1.6317636
0.0128361145 	 1.2265646
0.016720548 	 2.2692919
0.018017465 	 1.2937218
0.016719578 	 1.3115492
0.016120631 	 2.6243434
0.015794983 	 1.9225487
0.0115440255 	 1.5747992
0.015423434 	 2.393115
0.019317038 	 2.5372632
0.010249811 	 2.121931
0.015423434 	 2.4696636
0.011545172 	 2.0883725
0.0141892405 	 1.8545178
0.01801437 	 2.245535
0.020613132 	 2.980279
0.0128361145 	 3.166669
0.01671964 	 1.1294615
0.015423434 	 1.978838
0.018013824 	 1.8175414
0.029774511 	 2.1280189
0.021471063 	 1.5771734
0.018017465 	 1.4700727
0.012635087 	 2.0786304
0.014110288 	 1.2937537
0.0102206655 	 2.383599
0.007684475 	 1.2929558
0.011538479 	 1.13391
0.013967088 	 1.7659764
0.0128361145 	 1.9908388
0.0063969814 	 2.1450448
0.008973146 	 1.1141887
0.015266308 	 1.1056756
0.0038328813 	 1.5449672
0.01671964 	 2.9263253
0.015422586 	 1.5419647
0.014110892 	 1.6100922
0.015423434 	 2.8041625
0.010262095 	 1.5943544
0.019707484 	 1.57126
0.018033851 	 1.6984004
0.021920655 	 2.5740898
0.019320806 	 2.1031117
0.01801522 	 2.6212718
0.05558425 	 1.7078006
0.05807157 	 1.0622183
0.042997405 	 1.2843359
0.06285289 	 1.7836833
0.055197053 	 2.0860696
0.06693569 	 1.0195199
0.0469939 	 1.893548
0.048336398 	 1.7490416
0.041318223 	 1.8027205
0.05520858 	 1.2496848
0.06751179 	 1.722408
0.051343627 	 2.3935661
0.03762741 	 1.3740157
0.044735257 	 2.5584803
0.055321712 	 0.98914784
0.049895458 	 1.661519
0.036480624 	 1.4700497
0.04953977 	 2.1284776
0.03901558 	 1.7732869
0.031058539 	 0.95045316
0.028548801 	 2.0115445
0.020595243 	 2.282283
0.019317038 	 1.5972372
0.23661466 	 1.3810308
0.19118471 	 1.6800389
0.18900187 	 1.908507
0.24393938 	 2.5442648
0.20347178 	 2.5896416
0.18788412 	 2.2377257
0.08239012 	 3.0247169
0.07973791 	 1.9647669
0.08989715 	 1.1627862
0.11634144 	 2.9120617
0.097348414 	 1.50791
0.121916056 	 2.8001409
0.096135825 	 1.9094249
0.106203444 	 1.7299294
0.128936 	 2.5642595
0.11074213 	 2.2199445
0.10055196 	 2.1775565
0.12759925 	 1.3126564
0.09421627 	 2.2949715
0.09212503 	 2.521322
0.086531855 	 3.004195
0.072672464 	 2.0897644
0.07780251 	 3.3315797
0.07160735 	 3.1346397
0.08424396 	 1.3761216
0.092859186 	 2.812986
0.07414208 	 3.05347
0.120048575 	 2.4765563
0.1986667 	 2.4056551
0.28021604 	 2.1820936
0.12633348 	 1.7589647
0.12615089 	 2.838014
0.1346191 	 1.3610412
0.10467096 	 2.4532588
0.12337663 	 1.9147407
0.09718826 	 3.0020514
0.3713023 	 1.7160832
0.118765466 	 2.3391995
0.113306664 	 2.1864681
0.12598781 	 4.1794453
0.14084058 	 3.2970793
0.14687058 	 2.3588943
0.14084654 	 2.7931921
0.1265836 	 2.176274
0.121960364 	 2.3739364
0.11762244 	 1.346031
0.06726223 	 2.950812
0.08925092 	 2.58681
0.09355507 	 2.0794349
0.09542909 	 1.196346
0.09798682 	 1.8146198
0.063177794 	 3.1089303
0.03930325 	 2.9578037
0.045252495 	 2.606773
0.042381022 	 2.9518578
0.032399006 	 3.2970858
0.05489281 	 1.9962645
0.10311643 	 1.9780169
0.13052149 	 1.1308606
0.12645502 	 2.3602853
0.12458236 	 2.1407561
0.1985621 	 1.5476725
0.23975654 	 1.8348702
0.21400939 	 1.7636284
0.22550465 	 1.3974698
0.2389731 	 1.8455864
0.17498834 	 1.5591544
0.15857434 	 1.8936434
0.116757475 	 2.1208026
0.11525717 	 2.7401218
0.08097904 	 2.6758878
0.051023744 	 2.4345431
0.053705495 	 2.2203796
0.058876466 	 2.7550623
0.056036834 	 2.9992912
0.044471193 	 2.9262674
0.05910971 	 2.4015505
0.0613938 	 3.1859698
0.09879826 	 2.7247481
0.108682856 	 2.2859743
0.14149398 	 2.393087
0.24148643 	 1.4542664
0.25499973 	 1.6423421
0.30134603 	 1.8129008
0.34024626 	 1.796736
0.3794428 	 1.4197953
0.33757806 	 1.6230009
0.32151142 	 1.7781256
0.36456385 	 1.5070785
0.33434325 	 1.3853734
0.33749914 	 1.510504
0.3273205 	 1.6012028
0.31969595 	 1.2667018
0.29213426 	 1.6456078
0.29081988 	 1.4038541
0.27729562 	 1.6270092
0.24441487 	 1.8477077
0.21708019 	 1.2062509
0.2030932 	 1.6176398
0.1964839 	 1.9545437
0.16217354 	 2.458194
0.14132494 	 2.4212391
0.0727349 	 1.982906
0.07376041 	 2.5350792
0.08362043 	 2.4671366
0.06823428 	 2.3308747
0.09154228 	 1.4977819
0.075530104 	 2.0734136
0.11458225 	 2.5375023
0.13330546 	 2.3089573
0.15123208 	 2.752341
0.14378586 	 2.346829
0.13994144 	 2.4013023
0.10294669 	 2.1757998
0.09490399 	 1.7665652
Summary
0.0038328813  -  0.44457328 ,  0.95045316  -  4.58487
accuracy:  100.0
equal predictions:  0
TensorFlow version: 1.13.1
Found 939 images belonging to 1 classes.
argN = 784
argN = 784
0.113960214 	 3.0070736
0.12754908 	 2.7359602
0.13053237 	 2.575532
0.23155926 	 2.700116
0.42541718 	 2.8357491
0.27633566 	 2.4346697
0.14628425 	 2.9860282
0.05613865 	 2.830436
0.026808888 	 3.3114798
0.031721503 	 2.522754
0.07667683 	 2.3644278
0.08748796 	 1.4749287
0.04967538 	 2.3260655
0.060479984 	 2.7897344
0.097762406 	 2.4050298
0.08094311 	 2.305599
0.042166572 	 2.7751222
0.032372843 	 2.4461555
0.04412908 	 3.1075988
0.09249684 	 2.2320287
0.18146265 	 2.1949646
0.24788088 	 2.6432667
0.2860489 	 2.3613226
0.21004677 	 1.8773011
0.027149597 	 3.722124
0.051180065 	 2.4700189
0.08643905 	 2.1636627
0.023222202 	 2.9780815
0.021961233 	 3.318585
0.007681351 	 2.771978
0.21340345 	 2.9054873
0.26792294 	 2.1955273
0.22493894 	 2.270734
0.20395032 	 2.6638665
0.12461888 	 2.4894032
0.0976376 	 2.0408347
0.08807954 	 2.2395358
0.17331868 	 2.2118757
0.17147794 	 2.8278265
0.23632321 	 2.5418851
0.06391476 	 3.4063692
0.15576638 	 2.3843827
0.10960098 	 2.5226812
0.033708666 	 3.8917718
0.01671964 	 3.1976595
0.0672732 	 2.2422552
0.0896825 	 2.051474
0.068265356 	 2.5670633
0.051094625 	 2.7621098
0.07144556 	 2.538937
0.05183341 	 2.0242803
0.10753118 	 2.4304361
0.013938559 	 2.7892156
0.012796147 	 1.8063489
0.007662011 	 2.4842927
0.0128310425 	 3.7684748
0.015421315 	 2.198492
0.007681892 	 2.6376712
0.00511408 	 3.619911
0.0038328813 	 3.4594333
0.011466065 	 2.5667062
0.014142872 	 2.5839305
0.056583792 	 2.25848
0.2321291 	 2.508448
0.13687867 	 2.664587
0.08258864 	 3.2907813
0.06725949 	 2.4645023
0.20238568 	 2.3883798
0.21012649 	 2.7016046
0.12051678 	 2.4250646
0.124276504 	 2.0220063
0.14389625 	 2.096764
0.08778374 	 3.4454846
0.07684706 	 2.9622228
0.065732665 	 1.9230938
0.029774634 	 2.6012728
0.005110725 	 2.2982771
0.07623256 	 2.065433
0.107618 	 2.0984948
0.068014786 	 2.2833495
0.056247223 	 3.4682534
0.02768637 	 2.6120448
0.028497592 	 2.8971255
0.006396202 	 2.4448457
0.0076816515 	 3.0583541
0.008283977 	 2.9443593
0.012164068 	 2.9893916
0.015405154 	 2.899782
0.01154499 	 2.9258971
0.0038328813 	 2.5685585
0.0038599863 	 2.884965
0.014441497 	 3.2617588
0.022032093 	 2.308258
0.047427554 	 2.006778
0.037356615 	 2.7655368
0.040342625 	 2.603605
0.025831982 	 2.9248738
0.024420388 	 1.6794193
0.033112027 	 1.680571
0.025832593 	 1.8448794
0.02112717 	 2.5641665
0.021649085 	 1.3266755
0.016837774 	 2.1147165
0.018796947 	 1.6022248
0.017569505 	 0.9066299
0.010322497 	 1.3418851
0.01674455 	 2.0357208
0.030945351 	 1.858819
0.027149905 	 2.0338745
0.016163398 	 1.4889178
0.0128361145 	 3.0007865
0.021921141 	 1.4629846
0.018238334 	 0.9559018
0.020618303 	 1.8522084
0.023793433 	 1.8522581
0.024531921 	 1.9431725
0.021941857 	 1.7495155
0.028128834 	 1.5388685
0.021947524 	 2.3966148
0.02389092 	 2.3738968
0.019330468 	 2.4675899
0.027206313 	 1.780735
0.014437627 	 1.7636389
0.015423434 	 1.8261725
0.016539523 	 1.26172
0.012791499 	 1.5641335
0.010808556 	 1.6904691
0.0076815314 	 1.5693024
0.0038328813 	 1.336329
0.008943076 	 3.027718
0.0038328813 	 2.9438782
0.0089705 	 1.9746791
0.0076887994 	 1.4183173
0.014128968 	 3.0531528
0.0076897005 	 2.1368084
0.01154499 	 1.5169064
0.016224762 	 1.9910108
0.009016269 	 1.6754956
0.010207358 	 2.690298
0.007681351 	 1.1976005
0.010165448 	 1.7184802
0.008458284 	 2.1525044
0.0108932145 	 1.8969601
0.0054997965 	 2.202842
0.01680886 	 1.4989203
0.0063969814 	 1.6012728
0.010190196 	 1.5992563
0.012767954 	 1.8366888
0.0102530625 	 2.320105
0.0075426726 	 1.8013349
0.01154499 	 1.4222536
0.0051139 	 1.1839808
0.00511408 	 2.3874457
0.014128968 	 0.9170913
0.0038462244 	 1.5881971
0.005762339 	 1.7515042
0.01154499 	 2.4445364
0.0052031702 	 2.2890513
0.001300644 	 1.3546453
0.010221087 	 1.9717166
0.0034654513 	 2.4503741
0.0076814713 	 2.3851812
0.0038328813 	 1.6445324
0.010255472 	 1.2703086
0.00511408 	 1.5924902
0.009134099 	 2.3600326
0.0063969814 	 1.3941467
0.010684926 	 1.5820929
0.008967673 	 1.0513324
0.010255472 	 1.2035156
0.0128361145 	 1.896574
0.016719457 	 1.1359912
0.019198308 	 2.3930035
0.017937724 	 1.3511137
0.023225559 	 1.7297933
0.025749965 	 1.514857
0.040434785 	 1.8988897
0.0324027 	 1.3930156
0.041453965 	 1.6253339
0.025838956 	 1.5285988
0.0389823 	 1.4755409
0.045281056 	 1.2646693
0.035044856 	 2.0320024
0.040831205 	 1.6957918
0.030721718 	 1.8250756
0.031167988 	 2.3802798
0.032398883 	 2.0496721
0.032505833 	 1.462687
0.04333764 	 1.659064
0.042994544 	 1.5477835
0.042902082 	 1.438571
0.04481112 	 1.5458997
0.050012942 	 1.8432413
0.031372346 	 1.7719544
0.032406274 	 1.585495
0.026128735 	 2.0391748
0.033727653 	 1.8257632
0.031765617 	 1.5809641
0.025849782 	 1.4959742
0.03492109 	 1.9193493
0.019303791 	 2.0257614
0.02314595 	 1.1466287
0.23879659 	 1.5750365
0.22108275 	 1.6577399
0.0827819 	 2.8801298
0.1219335 	 3.080748
0.10079744 	 2.5745888
0.0989667 	 3.0403783
0.12309218 	 1.844003
0.12771621 	 2.0618865
0.11851158 	 2.3080237
0.12916772 	 2.210041
0.13362643 	 2.0891397
0.13064872 	 2.1277502
0.13761464 	 3.0008152
0.13352765 	 2.975493
0.12768058 	 2.8559706
0.09915874 	 2.8655698
0.08310052 	 2.8599455
0.08733906 	 2.9894743
0.08376547 	 2.307363
0.08472269 	 2.9033265
0.1096365 	 2.1758134
0.07647233 	 2.872552
0.12879199 	 2.2454922
0.26772496 	 2.0565784
0.28284532 	 2.3739896
0.24080294 	 2.265243
0.22185057 	 1.5991137
0.17367345 	 3.126929
0.12653166 	 1.9922975
0.13218993 	 2.771833
0.14993398 	 2.7957792
0.15201838 	 2.2428014
0.12375263 	 3.0275223
0.3934706 	 1.8518391
0.15476516 	 1.7927334
0.15568441 	 3.5288801
0.1621028 	 2.3718805
0.14765996 	 2.8576927
0.1255811 	 2.021261
0.11888589 	 2.6391199
0.12051988 	 2.5372617
0.09914222 	 2.732568
0.092125356 	 3.000827
0.10209551 	 2.9264743
0.101974644 	 1.5707005
0.056407202 	 1.5955213
0.06452937 	 3.4866736
0.0522502 	 3.4454734
0.05775805 	 2.6314275
0.085268565 	 2.3257086
0.08179206 	 1.5583323
0.094179265 	 2.0895448
0.11048714 	 2.7086532
0.12973027 	 2.6904685
0.1047971 	 2.833381
0.1328831 	 2.5675278
0.17363983 	 2.7718778
0.19063556 	 1.1887059
0.21545821 	 2.2699504
0.19903117 	 1.7022731
0.2061353 	 1.7790356
0.21105848 	 1.8621141
0.1887499 	 1.9311172
0.15955673 	 1.8201792
0.1553524 	 2.029435
0.08236779 	 1.6240164
0.07826346 	 2.7931435
0.0591099 	 1.8426274
0.05533475 	 2.9273021
0.059056785 	 2.3876436
0.051023744 	 2.7726471
0.05380632 	 2.6831965
0.04967857 	 1.4517517
0.055604853 	 2.7733188
0.08929113 	 1.3650237
0.06589894 	 2.3452969
0.061841737 	 2.7111058
0.093524896 	 1.6211306
0.11143339 	 2.6142526
0.12104118 	 1.0637197
0.1140995 	 2.1357036
0.12371391 	 2.5347197
0.15263657 	 2.880149
0.14073792 	 1.9915783
0.258132 	 1.6347057
0.2699511 	 1.8775041
0.22912544 	 2.0961332
0.16713628 	 1.569724
0.19510792 	 2.2215476
0.16874287 	 1.057544
0.14234906 	 2.508902
0.14103375 	 2.0946288
0.124795586 	 3.2952104
0.10887418 	 3.330861
0.07827423 	 3.0269244
0.08114187 	 2.2392766
0.06999447 	 4.098859
0.07031767 	 3.2704098
0.07163975 	 2.2016165
0.107581295 	 2.3076823
0.11973624 	 2.6569793
0.16011964 	 3.0270438
0.1722084 	 2.1105227
0.15146016 	 2.6212382
0.14362785 	 1.2380513
0.11949984 	 2.9755502
0.124219544 	 2.3135839
0.11573284 	 2.650714
0.085245974 	 1.6003708
0.09398425 	 3.0901918
0.08793837 	 1.7015272
Summary
0.001300644  -  0.42541718 ,  0.9066299  -  4.098859
accuracy:  100.0
equal predictions:  0
TensorFlow version: 1.13.1
Found 939 images belonging to 1 classes.
argN = 784
argN = 784
0.11775695 	 2.507658
0.21080448 	 2.3690405
0.3537057 	 2.7937396
0.39919668 	 2.6236718
0.26778355 	 2.9267123
0.09492647 	 3.8917952
0.076858066 	 3.2315154
0.052231863 	 2.9001222
0.05110554 	 2.6670692
0.070602916 	 2.3905096
0.05628455 	 1.7494642
0.058991343 	 2.7814708
0.04536064 	 3.4054978
0.05006157 	 3.1073349
0.09521489 	 2.6234531
0.09608425 	 2.555987
0.1722091 	 2.7325606
0.30580887 	 1.9429832
0.025490131 	 2.8353662
0.015423434 	 2.7175448
0.053573616 	 2.6556861
0.13043295 	 2.6178863
0.15487337 	 2.9168987
0.085100845 	 3.4423811
0.070682555 	 3.2974226
0.20949878 	 3.159486
0.17516267 	 3.3006582
0.32138374 	 3.1005619
0.42707354 	 2.6094248
0.42512327 	 1.8084631
0.39678532 	 3.19648
0.39468247 	 2.3350897
0.11260077 	 3.0382938
0.06571064 	 2.6719487
0.17082693 	 2.2147703
0.17088428 	 2.5324032
0.13017431 	 2.912958
0.1053818 	 3.4546251
0.100418106 	 3.3685427
0.021921203 	 3.8917718
0.023225803 	 3.9128027
0.043769274 	 2.6210237
0.04630931 	 2.5336933
0.046192884 	 2.3773644
0.053539976 	 2.172579
0.082505725 	 1.901024
0.080577955 	 2.4147596
0.06014001 	 2.449292
0.021862045 	 3.5277634
0.01911756 	 2.189013
0.029431865 	 2.3917203
0.046840042 	 2.3479698
0.024527097 	 2.1270418
0.11337489 	 3.2303948
0.11362915 	 2.6758966
0.05558355 	 3.0047445
0.033019245 	 2.3219
0.02846147 	 3.0706809
0.020618182 	 2.6390164
0.0076817116 	 2.2728086
0.0063968617 	 3.4778523
0.016507285 	 3.64053
0.021919193 	 2.7721713
0.30304492 	 2.6134257
0.19746353 	 2.7596807
0.17430325 	 2.156091
0.2082022 	 2.4162328
0.06949316 	 2.6309068
0.054244574 	 2.328135
0.058898088 	 2.644313
0.107817814 	 2.4079294
0.1984066 	 2.2948692
0.1177678 	 3.4004033
0.07573422 	 3.3256514
0.092098296 	 2.7066665
0.07002011 	 2.4117088
0.057541408 	 2.8458138
0.048072133 	 2.4946895
0.056407325 	 3.2545397
0.04033828 	 3.1607773
0.02066893 	 2.974735
0.018017465 	 3.2113225
0.02623783 	 2.8673685
0.027149966 	 3.1385856
0.026737504 	 2.3940792
0.019943746 	 2.4753308
0.014128908 	 3.52924
0.0063969814 	 3.214721
0.015423434 	 2.3462143
0.0076814713 	 3.1086674
0.001275339 	 3.00143
0.008967613 	 2.8610785
0.021921508 	 2.935636
0.023106728 	 1.2105205
0.031362996 	 1.5557342
0.01540697 	 2.0597022
0.021923214 	 1.981784
0.024531495 	 1.9260827
0.020126786 	 1.9133092
0.028439822 	 1.1019446
0.023225863 	 1.5639307
0.027149966 	 1.4794228
0.038468357 	 1.8847916
0.012118034 	 2.0297303
0.0065574003 	 1.9284207
0.008966771 	 1.7104772
0.021808375 	 1.9978207
0.007682913 	 2.2437143
0.011545051 	 1.310174
0.007547117 	 1.4585524
0.024530822 	 2.9310744
0.0063969814 	 2.0591516
0.018015342 	 1.111427
0.020383403 	 1.8639491
0.019316858 	 1.9914273
0.020077465 	 1.4504467
0.020346174 	 1.3795335
0.011675421 	 1.3143474
0.013427418 	 1.8621551
0.02060723 	 2.4011478
0.036671788 	 2.4694185
0.025732473 	 1.2825596
0.013648363 	 2.418597
0.013949862 	 1.299254
0.025438529 	 1.5884376
0.0128361145 	 1.8413537
0.014128968 	 1.7160307
0.008958893 	 1.7342696
0.015292514 	 2.174981
0.008663945 	 1.8357166
0.0063969814 	 1.6604042
0.0063969814 	 1.0920831
0.00511384 	 1.4295074
0.0063971016 	 1.9283755
0.00511408 	 2.6937013
0.00511408 	 1.4879255
0.010255472 	 1.7226964
0.0063969814 	 1.5759295
0.006017095 	 1.878281
0.0076814713 	 1.6461828
0.0076814713 	 2.2820425
0.0077191927 	 1.4715244
0.003268571 	 1.2581916
0.010255472 	 1.3796697
0.00511408 	 2.0023487
0.008966531 	 1.4425205
0.008967673 	 1.3510331
0.008967673 	 2.0490732
0.0076999716 	 2.307417
0.0051343297 	 2.6570446
0.009975492 	 1.487864
0.009198403 	 2.213858
0.00511408 	 2.0293827
0.008967673 	 2.5531502
0.0038328813 	 2.42775
0.0038328813 	 1.952587
0.001275339 	 1.5909072
0.0025532627 	 1.4439751
0.0065358016 	 1.2692515
0.00844518 	 2.0405607
0.00896623 	 1.5856105
0.001275339 	 1.3115715
0.007665855 	 1.9615599
0.01149181 	 1.8534606
0.009006104 	 1.2183336
0.011357787 	 1.4758251
0.00511408 	 1.6012291
0.010255472 	 1.7423915
0.006396922 	 1.5766968
0.012531691 	 1.7599456
0.01671964 	 1.2067528
0.010255411 	 1.6384999
0.013021844 	 1.7516385
0.01152045 	 1.359607
0.012801701 	 1.6941868
0.015939232 	 1.7527767
0.014133441 	 1.9023385
0.023159735 	 2.4746182
0.037276864 	 1.73506
0.012012943 	 1.992558
0.028132083 	 2.5546937
0.041993063 	 2.2378426
0.024558129 	 1.507067
0.03283069 	 1.9782323
0.024938952 	 2.1849654
0.030760195 	 1.2601491
0.037644617 	 1.5713968
0.023353616 	 1.9464917
0.023183282 	 1.7373815
0.024532655 	 1.511224
0.03262086 	 1.6610222
0.027149966 	 1.1191092
0.0128361145 	 1.6278673
0.01671964 	 1.329654
0.22026981 	 1.7155942
0.26935828 	 1.6998496
0.18766017 	 2.0715106
0.21105818 	 2.0164664
0.19815399 	 1.812319
0.20406742 	 1.9209456
0.16270594 	 2.6114173
0.13316545 	 2.0570478
0.13548978 	 2.634229
0.12683949 	 1.2926023
0.10780188 	 1.2119569
0.11949393 	 2.4930022
0.08238391 	 2.1876678
0.112931035 	 2.6940715
0.13983902 	 2.3338614
0.11676806 	 2.476335
0.1000656 	 2.7587678
0.09615282 	 1.7665726
0.08402319 	 2.178178
0.05909915 	 1.7858549
0.09351109 	 1.8815658
0.08559615 	 2.122813
0.083920054 	 2.920541
0.08445687 	 1.2711735
0.058949172 	 1.8852851
0.06455219 	 2.384615
0.07944224 	 2.5832248
0.15854123 	 1.6738821
0.1523452 	 2.4152784
0.12756756 	 2.5801032
0.13496558 	 1.4534941
0.13023365 	 2.4781308
0.14254467 	 2.4451878
0.14521514 	 1.8284726
0.25133142 	 1.6954124
0.24610223 	 1.9510782
0.3127135 	 0.92380995
0.27620775 	 1.9554232
0.21950793 	 1.8931323
0.18483901 	 2.2576118
0.13497043 	 2.825113
0.15112753 	 3.4455144
0.16588113 	 2.0201926
0.16193572 	 2.373184
0.1458767 	 3.332177
0.1450053 	 2.610219
0.16461863 	 1.8099068
0.1520095 	 1.9050208
0.12290701 	 1.9979935
0.092860885 	 2.5863857
0.116227485 	 1.6875815
0.082382806 	 2.6941023
0.09899 	 3.2970908
0.0977072 	 3.1090384
0.09909168 	 2.2694879
0.05757266 	 3.0806508
0.046986464 	 2.637869
0.047010954 	 1.2423404
0.046920184 	 1.8067877
0.03634766 	 2.8120837
0.04433249 	 2.3339303
0.07548183 	 1.9630396
0.12627017 	 2.1983209
0.16289532 	 1.8197169
0.12754312 	 2.5530744
0.15563044 	 2.3076901
0.18589753 	 1.8686119
0.20611069 	 1.9377881
0.20137993 	 1.8520253
0.20255594 	 2.0773072
0.08027247 	 2.1578226
0.08286498 	 1.3128718
0.088670366 	 1.6215144
0.05640039 	 2.9507015
0.051207166 	 2.6988695
0.049677007 	 2.7985315
0.05224819 	 1.4741362
0.045499735 	 3.0478177
0.050469283 	 2.7776132
0.06663085 	 2.4899573
0.049523924 	 2.7400525
0.068627454 	 2.3245742
0.07962385 	 2.4448895
0.081436224 	 1.1595334
0.11757162 	 2.4655724
0.16384251 	 2.4744244
0.17427629 	 2.373939
0.16472931 	 2.2686617
0.29405925 	 1.3309599
0.28766435 	 1.4733301
0.26409057 	 1.7867317
0.29628015 	 1.3631792
0.23742868 	 1.5703969
0.17487155 	 2.1047928
0.17156547 	 2.261826
0.13643812 	 1.5518094
0.07772443 	 3.4454997
0.09158421 	 1.2660027
0.08506139 	 1.640407
0.06993368 	 2.8097966
0.07467739 	 1.3045478
0.08200269 	 2.0693328
0.076870814 	 1.8419356
0.076647095 	 3.167978
0.085156664 	 1.5132405
0.07548068 	 2.4159024
0.14176166 	 2.1842031
0.14843953 	 2.5756252
0.16618161 	 2.466364
0.15446928 	 2.5835145
0.16749048 	 2.8172827
0.14234446 	 1.9278607
0.14814377 	 2.7130303
0.1321483 	 2.8006449
0.112540066 	 3.3023155
0.107624836 	 1.8200126
0.105714984 	 2.3855386
0.11186151 	 1.9818635
0.116192736 	 2.5679512
Summary
0.001275339  -  0.42707354 ,  0.92380995  -  3.9128027
accuracy:  100.0
equal predictions:  0
