TensorFlow version: 1.13.1
Found 939 images belonging to 1 classes.
argN = 196
argN = 196
0.40086415 	 1.2478131
0.44238868 	 1.3356359
0.20934224 	 1.6091865
0.20186637 	 1.6120082
0.19839862 	 1.7096312
0.21218742 	 1.5467335
0.2959816 	 1.1706021
0.38552234 	 1.3198295
0.3930076 	 1.6756058
0.42841303 	 0.73855513
0.47044632 	 1.2421117
0.5268858 	 1.4437488
0.3331431 	 1.235518
0.2704225 	 1.2808207
0.16727465 	 1.3308563
0.20072505 	 1.612415
0.12489303 	 1.4235811
0.14713806 	 1.4330502
0.058604345 	 2.0452218
0.017149089 	 2.5990536
0.006466029 	 1.4608638
0.047044504 	 1.6005902
0.11871929 	 1.5813149
0.1225979 	 1.9089154
0.7951171 	 1.0689888
1.0011634 	 1.007421
1.1248525 	 0.8743005
0.90082043 	 0.7890444
0.946938 	 1.0669837
0.90879935 	 1.0971937
0.86144054 	 1.0479169
1.0372003 	 1.1365341
0.3997325 	 1.7342291
0.62279195 	 0.8268106
0.5023742 	 0.93305635
0.4241049 	 1.1749505
0.10639688 	 1.6459197
0.11096968 	 1.6546441
0.09316899 	 1.9140425
0.07895184 	 1.5163083
0.04749618 	 1.6729722
0.09053773 	 1.2324941
0.09378266 	 1.9270812
0.06589079 	 2.2073133
0.31077966 	 1.4871174
0.36810088 	 1.4237713
0.30825007 	 1.3479152
0.2962588 	 0.8299944
0.2904757 	 1.249621
0.2603974 	 1.2991492
0.40906408 	 1.1325992
0.36412752 	 0.8906402
0.29050064 	 1.2707862
0.01367924 	 1.4542964
0.010237707 	 1.4360682
0.010043764 	 2.9702532
0.00511408 	 1.8780587
0.015424463 	 1.1210467
0.07408823 	 1.4083682
0.6701445 	 0.7764914
0.6521918 	 0.8940763
0.60630274 	 1.1419102
0.35839656 	 1.5263962
0.44612163 	 1.0465454
0.5273284 	 1.2665685
0.22720915 	 1.2513855
0.517059 	 0.80820215
0.55350065 	 0.70322424
0.012720624 	 2.6298761
0.29187375 	 1.8057514
0.27984133 	 1.3537074
0.10355285 	 2.0215876
0.39456165 	 2.2311103
0.47908607 	 1.3968527
0.5208679 	 1.4835087
0.08768607 	 1.3574245
0.09492221 	 1.3139415
0.06267855 	 1.8805871
0.07567828 	 1.8352101
0.02743167 	 1.8492464
0.04197479 	 1.5989164
0.10390797 	 2.274966
0.044019014 	 1.9379686
0.1230183 	 1.4094108
0.12733322 	 1.720836
0.13444646 	 1.2820307
0.14331983 	 1.647898
0.06022306 	 1.388552
0.09633585 	 0.9722956
0.11396396 	 0.88861805
0.069969796 	 1.6482183
0.1097408 	 1.1765985
0.042661704 	 1.4433807
0.0718382 	 0.8300375
0.053686313 	 1.3099835
0.11479396 	 0.6333007
0.12224981 	 0.9378911
0.1542545 	 1.4282458
0.12052122 	 0.6554879
0.12482874 	 1.4029977
0.094984345 	 0.41955537
0.13130112 	 1.2438354
0.13555244 	 1.0633535
0.1435757 	 0.7827508
0.15632647 	 0.8016998
0.13115555 	 1.4663111
0.18190496 	 1.3662101
0.18693243 	 1.1237777
0.18623523 	 1.0565283
0.18041632 	 1.162066
0.1915004 	 1.1921126
0.13117532 	 1.55069
0.1538125 	 1.3839247
0.14801522 	 1.411283
0.13516043 	 0.75933516
0.12969212 	 1.5360067
0.12299821 	 1.1978525
0.12879835 	 0.99100053
0.11579528 	 0.7900633
0.14588381 	 1.1212188
0.12238952 	 2.0556211
0.10624507 	 0.9397454
0.09604363 	 0.98527735
0.12498475 	 1.6048291
0.15114819 	 0.8976581
0.13116017 	 0.81151384
0.112959325 	 1.6032684
0.09847776 	 1.0253869
0.06627374 	 1.2975028
0.088396855 	 0.80606145
0.10211696 	 1.301223
0.085147254 	 1.502812
0.090962745 	 0.95478433
0.07672696 	 0.76800126
0.08068869 	 1.5285738
0.029338563 	 1.4085486
0.045288417 	 0.9074315
0.03725354 	 0.90732795
0.05902302 	 2.4381182
0.05028687 	 0.9330087
0.027461506 	 1.3263162
0.011175018 	 0.5154474
0.04441592 	 0.9505475
0.0061889677 	 0.67227924
0.0053768805 	 2.486004
0.009502776 	 1.6914874
0.017325433 	 1.2697077
0.025658535 	 2.22977
0.049161796 	 0.68384326
0.031586956 	 1.7322309
0.036173247 	 1.5454454
0.031102255 	 1.63894
0.034161266 	 1.6923437
0.03247517 	 1.5160418
0.041198652 	 1.2900571
0.03345927 	 1.5574178
0.04688214 	 1.2597983
0.050818842 	 0.9476101
0.06546051 	 0.941691
0.05989425 	 1.6851351
0.06896617 	 1.0053799
0.10377459 	 1.3599634
0.065367416 	 0.5362509
0.09943364 	 0.5266277
0.12605995 	 1.2946942
0.14000644 	 1.0213683
0.13559216 	 1.0955113
0.120438114 	 1.0628047
0.09658161 	 1.023505
0.12752098 	 1.063112
0.10702098 	 0.86045575
0.1602236 	 1.2004989
0.090190314 	 1.0752784
0.11463846 	 0.9624791
0.07855498 	 0.69258505
0.09377291 	 1.644331
0.105899714 	 1.2918861
0.120778844 	 0.66316545
0.1149581 	 0.94074225
0.1167071 	 1.0471364
0.10109461 	 0.67910177
0.08501233 	 1.4151732
0.08854441 	 1.0631015
0.06704907 	 1.1702889
0.06816568 	 1.0783523
0.046368495 	 1.609574
0.0734053 	 0.8675066
0.083547205 	 1.0336952
0.06495104 	 0.553513
0.07154799 	 1.4201715
0.06290989 	 0.772264
0.04244601 	 0.8904909
0.27939838 	 0.86736035
0.36335832 	 0.9920628
0.31151554 	 1.1215364
0.30129382 	 1.2751219
0.27683395 	 0.90747195
0.14647993 	 1.3823278
0.11833545 	 0.79232913
0.10649361 	 0.68260396
0.11232557 	 1.0867933
0.081886634 	 0.94857305
0.09072267 	 1.7255213
0.15968916 	 0.7030399
0.17294115 	 1.241438
0.12551379 	 1.722293
0.096602485 	 1.5887263
0.068628155 	 0.701473
0.036688298 	 1.3428283
0.049826853 	 0.83764565
0.054567944 	 2.5751796
0.06715055 	 1.8306342
0.059240803 	 1.219666
0.089442275 	 2.0448525
0.06371533 	 1.2919713
0.08994476 	 1.1664145
0.10929855 	 2.6512814
0.08572076 	 1.450165
0.09568263 	 1.493035
0.10093048 	 1.9582828
0.22156422 	 1.3112618
0.485164 	 1.1034696
0.3943917 	 0.98856896
0.32128036 	 0.7729638
0.24038382 	 0.99766034
0.092155546 	 1.0028062
0.11269103 	 1.4822084
0.08999393 	 1.6244992
0.110345766 	 1.181408
0.12883544 	 1.7061486
0.046745103 	 1.2461308
0.25782698 	 0.7816315
0.37124926 	 1.0867474
0.39274308 	 1.2170606
0.18866415 	 1.8999077
0.26056448 	 0.7766475
0.28532007 	 0.6711483
0.15298589 	 1.8908521
0.15976784 	 1.5109808
0.18730615 	 1.1422361
0.13669346 	 0.79376674
0.10196303 	 1.232748
0.09044318 	 0.97548896
0.08304281 	 0.7034528
0.11903721 	 1.0552309
0.11333604 	 0.7105693
0.08822484 	 1.1800034
0.09071386 	 1.0779215
0.068565466 	 1.3651594
0.07959106 	 1.0482635
0.09312699 	 1.7997272
0.062273823 	 1.2003732
0.15044847 	 0.8839891
0.057986103 	 1.4682606
0.07991363 	 1.1863611
0.107998945 	 1.6019403
0.095581956 	 1.2349135
0.1856525 	 1.7663525
0.16618781 	 0.5851701
0.18602322 	 1.0103898
0.19044662 	 1.9017315
0.26259696 	 1.2772902
0.28283322 	 1.0635068
0.29766536 	 1.1408551
0.32060698 	 0.84136814
0.25868824 	 0.94723946
0.16857211 	 1.3566687
0.12979372 	 0.6676013
0.13693088 	 1.8979133
0.108894244 	 1.518932
0.08516218 	 1.4072783
0.11211465 	 1.0786821
0.08183469 	 1.5191609
0.080549784 	 2.019273
0.021110123 	 1.3806932
0.04752812 	 0.8868468
0.07698874 	 1.8430812
0.090676464 	 1.1415181
0.119464174 	 0.76199746
0.2961733 	 1.5086213
0.25971347 	 0.7819814
0.36397237 	 1.0487527
0.34036496 	 1.444793
0.38077685 	 0.9731419
0.34405538 	 0.80054045
0.40409416 	 1.0926366
0.30118465 	 1.2764374
0.22909875 	 0.96100545
0.22891304 	 1.0949217
0.178805 	 1.727972
0.15567738 	 1.5877217
0.19515118 	 1.3452243
0.18814424 	 1.0751209
0.13048123 	 0.7632655
0.14198455 	 0.9725916
0.14113067 	 0.7933358
0.13738887 	 0.9713556
0.12512909 	 1.3933713
0.16388772 	 0.8936589
0.16338144 	 1.0660172
0.19490002 	 1.11221
0.18597576 	 1.6191527
0.2169883 	 1.497229
0.20138219 	 1.1599674
0.19598803 	 1.6005542
0.2149878 	 1.2332326
0.2320788 	 1.1642842
0.18480524 	 0.8164808
0.1815444 	 0.7964363
0.12462597 	 1.6205132
0.15182182 	 0.8356196
0.1902143 	 1.1621959
0.1600546 	 1.0858124
Summary
0.00511408  -  1.1248525 ,  0.41955537  -  2.9702532
accuracy:  99.4
equal predictions:  0
TensorFlow version: 1.13.1
Found 939 images belonging to 1 classes.
argN = 196
argN = 196
0.4771768 	 1.1444466
0.4697947 	 1.1936048
0.62927896 	 0.83030844
0.620398 	 0.70135146
0.27105165 	 1.2840098
0.28521353 	 1.2091095
0.23008303 	 0.4787589
0.15486237 	 1.3031392
0.17479573 	 0.92049307
0.16304483 	 1.2697656
0.14618449 	 0.9318633
0.1271575 	 1.3626451
0.062016375 	 1.2480782
0.2058764 	 0.98942053
0.31884626 	 0.9586027
0.43202 	 1.0414122
0.44537717 	 0.9097317
0.32147738 	 1.1755142
0.19696063 	 1.4900749
0.41374663 	 1.4438977
0.40791184 	 1.0107384
0.19634368 	 0.8429782
0.116470814 	 1.2733753
0.08076281 	 0.48461282
0.04333521 	 1.676855
0.1504486 	 1.0870684
0.47290424 	 1.2774808
0.392191 	 0.76977193
0.50949174 	 1.0001327
0.8807981 	 1.1187727
0.5531183 	 1.423675
0.5480207 	 1.0910293
0.48044163 	 1.2453123
0.3658022 	 1.3877248
0.36328322 	 0.9036096
0.5060819 	 0.96091115
0.40903646 	 1.2972964
0.34450248 	 0.8726159
0.4050144 	 1.0270756
0.538925 	 0.7948406
0.39564773 	 0.5245468
0.4176307 	 0.74875706
0.35679147 	 0.8500789
0.2624301 	 0.50508004
0.12417453 	 1.3732826
0.11683217 	 1.3572742
0.10086053 	 1.2485348
0.06772856 	 2.118299
0.24096903 	 1.5352999
0.20273945 	 1.0989931
0.19632286 	 1.7427006
0.25286832 	 2.0814002
0.15698226 	 1.771655
0.40904284 	 0.60960317
0.3307723 	 1.2335085
0.30394298 	 0.80179083
0.20754217 	 1.1150303
0.094622016 	 1.2156553
0.010982881 	 0.9386802
0.020796234 	 1.3380084
0.015980536 	 1.4025886
0.13769698 	 0.9133814
0.38498163 	 0.8698092
0.42261443 	 0.5578659
0.4302352 	 0.9401826
0.21122448 	 1.105864
0.26275742 	 1.1268706
0.37980944 	 1.166804
0.4915141 	 1.1666349
0.54319775 	 0.8309899
0.4430234 	 1.0139877
0.48061684 	 1.4609735
0.5336749 	 0.80314535
0.34998047 	 0.9882568
0.46790117 	 0.58980674
0.4561466 	 0.58267206
0.5164157 	 0.7381558
0.428898 	 0.6299638
0.20593747 	 1.1867818
0.09131833 	 1.501666
0.14874995 	 1.0614519
0.018731598 	 1.437279
0.1476382 	 0.83248925
0.11006553 	 0.7611196
0.11651769 	 1.515719
0.2602737 	 1.2542455
0.2034153 	 1.4540999
0.44414636 	 0.91177297
0.18428646 	 1.1321135
0.08120283 	 1.7114451
0.10972071 	 1.2125428
0.03108676 	 1.1617097
0.08314437 	 1.6273896
0.010532337 	 0.5024214
0.35061547 	 0.94079524
0.30279565 	 1.6519635
0.40813708 	 1.5733341
0.53192717 	 1.3727782
0.55450654 	 1.4078797
0.5261816 	 1.2739917
0.58968335 	 1.0776603
0.55087095 	 0.6871737
0.564189 	 1.294942
0.6771815 	 0.6710494
0.5289585 	 0.8390982
0.52839816 	 0.9797515
0.43569422 	 1.4912152
0.3529661 	 0.543207
0.29981354 	 1.355451
0.24199499 	 0.7995398
0.10915288 	 0.79171747
0.13795292 	 1.5217533
0.10339631 	 1.3083447
0.1049195 	 0.99497646
0.07948715 	 0.8111297
0.08935461 	 0.2050933
0.07535161 	 1.080196
0.07300057 	 1.4302244
0.06886751 	 1.2284285
0.0579453 	 1.0509335
0.06892735 	 0.7675318
0.07315524 	 0.9806547
0.05780276 	 1.9096981
0.07399414 	 1.1491848
0.13089816 	 0.89811426
0.11102282 	 1.0211296
0.10712215 	 1.1764598
0.10718366 	 1.3120769
0.13752592 	 0.8002498
0.11815251 	 0.70750856
0.14356318 	 1.0596585
0.08759491 	 1.2137188
0.11506469 	 0.37379834
0.12435378 	 1.334229
0.108582124 	 1.2466111
0.11823307 	 1.0600195
0.094882235 	 0.5193943
0.05470682 	 1.5409564
0.095796436 	 1.4629622
0.07410787 	 0.9163681
0.07245135 	 1.6921359
0.060499296 	 1.7844821
0.046837732 	 0.5948817
0.060156338 	 0.9565822
0.041893613 	 1.1026723
0.06279006 	 1.2649522
0.047549374 	 1.108769
0.05236664 	 1.316382
0.063177474 	 1.1023611
0.053522304 	 0.9201614
0.047005646 	 1.31502
0.06857076 	 0.97496486
0.06835368 	 1.3551753
0.06877365 	 0.57457864
0.057752553 	 1.4954159
0.06862234 	 0.71039724
0.06923755 	 0.7465539
0.09016566 	 0.5962352
0.078452855 	 0.8979643
0.074462324 	 1.240888
0.0795888 	 0.91590345
0.09122312 	 1.0648334
0.082416914 	 1.107191
0.08986761 	 0.74313134
0.11468258 	 1.6194314
0.10528386 	 1.2229496
0.08167706 	 0.61526906
0.07480123 	 1.1919779
0.06952338 	 1.6100727
0.09266391 	 0.99842817
0.06956211 	 0.68992776
0.100974925 	 1.1147078
0.073056675 	 1.4610162
0.10140896 	 1.463507
0.07018915 	 1.6104357
0.059427764 	 0.9739451
0.07497603 	 1.2436479
0.084001675 	 1.5221397
0.07531665 	 0.65563875
0.10418074 	 1.0406584
0.080409534 	 0.7896732
0.06863313 	 0.46531513
0.045474287 	 0.4015583
0.053778455 	 1.2739357
0.040010232 	 1.958958
0.04288143 	 0.7761803
0.030841704 	 1.4068553
0.031104468 	 1.7167494
0.045472663 	 0.6297577
0.03466658 	 0.16043442
0.035954993 	 0.944738
0.01659576 	 1.1229243
0.041943397 	 1.7348022
0.0199176 	 1.2674006
0.010258422 	 1.0800164
0.010251196 	 1.0388025
0.0011871348 	 1.2464235
0.028381258 	 1.4665699
0.033227924 	 1.6997081
0.17919765 	 1.0374218
0.22063926 	 1.0170861
0.17176503 	 0.8288013
0.16008739 	 1.0162429
0.10765059 	 1.193995
0.107286364 	 0.73219526
0.09016064 	 1.6942887
0.06851408 	 2.1425483
0.07408046 	 1.3193362
0.052930575 	 1.2559038
0.04942297 	 1.576847
0.04631068 	 0.9807593
0.061331883 	 0.59711355
0.07410595 	 1.0681345
0.03682372 	 1.4317594
0.06317741 	 1.3584303
0.04698934 	 0.81802243
0.07403412 	 1.578811
0.06770534 	 0.88469934
0.031089528 	 1.3227488
0.047932554 	 0.8953412
0.047037445 	 0.7602309
0.05788164 	 1.0922621
0.08557317 	 0.66453767
0.37036327 	 0.7306144
0.54049826 	 0.81163555
0.14826536 	 0.75400317
0.14080694 	 0.6247009
0.23710202 	 0.9428445
0.20268689 	 1.0626236
0.21182536 	 0.7191808
0.18426897 	 1.5961068
0.18592882 	 1.2969295
0.18115768 	 0.9065876
0.15330946 	 0.7229923
0.21620221 	 0.7685694
0.20838754 	 0.75992143
0.17186873 	 0.8146763
0.20237386 	 0.76717234
0.22979409 	 0.573103
0.15909246 	 0.45611987
0.13622779 	 1.331194
0.17934732 	 0.34640244
0.1737557 	 1.2589604
0.16577306 	 1.5526385
0.11855641 	 1.3183236
0.14810824 	 1.2714726
0.1476556 	 1.2701366
0.116879396 	 1.5737902
0.17416476 	 0.7018136
0.11430456 	 1.62858
0.12926783 	 0.88283396
0.12617429 	 0.6104369
0.100778915 	 1.0226964
0.1172474 	 1.1173484
0.12806465 	 0.8960771
0.20729537 	 0.80143225
0.17752066 	 1.2422936
0.22208083 	 1.0388973
0.21117914 	 1.549901
0.32956812 	 0.6524708
0.32154948 	 0.9907604
0.28555882 	 0.67561233
0.31620154 	 1.1844363
0.25746298 	 1.0992962
0.172253 	 1.6119828
0.16755088 	 1.0460173
0.12967815 	 1.2993519
0.074118145 	 0.72788453
0.0790017 	 0.8108356
0.07360078 	 1.5209668
0.10003912 	 1.2666714
0.13364482 	 0.8935215
0.17074873 	 0.65398073
0.16455981 	 0.9248442
0.17829038 	 1.0681529
0.14978865 	 0.72635776
0.19607083 	 0.8095096
0.2829823 	 0.7651204
0.28152743 	 0.73335665
0.3621021 	 0.8073221
0.36863467 	 0.91990745
0.318262 	 0.643902
0.32647166 	 0.65320426
0.3500013 	 0.53666264
0.35954946 	 0.7048113
0.3729912 	 0.6081614
0.30410665 	 0.7170836
0.32691145 	 0.6899695
0.3439908 	 0.60923415
0.33280522 	 0.7040134
0.36617845 	 0.8936041
0.4042263 	 0.65506524
0.45543757 	 0.76733357
0.47517204 	 0.6237895
0.33233425 	 0.46493578
0.19416136 	 0.9711763
0.1994611 	 1.6917547
0.13732146 	 1.2968023
0.13253544 	 0.93636596
0.16297473 	 0.70742476
0.16805993 	 1.6419427
0.18906482 	 1.2892066
0.16256434 	 0.86724824
0.19224873 	 0.79211116
0.22441766 	 1.0680537
0.2347899 	 1.4358803
0.2347201 	 1.3818535
0.2698618 	 0.7194225
0.22136205 	 0.968777
0.2608698 	 1.1912192
0.19597396 	 0.768486
0.2250518 	 1.315502
0.16265278 	 1.4599895
Summary
0.0011871348  -  0.8807981 ,  0.16043442  -  2.1425483
accuracy:  99.7
equal predictions:  0
TensorFlow version: 1.13.1
Found 939 images belonging to 1 classes.
argN = 196
argN = 196
0.6409278 	 0.75074875
0.6570622 	 0.5310267
0.49935347 	 0.6242202
0.48512566 	 0.65788615
0.3856141 	 0.9191289
0.40834796 	 0.76544595
0.46911004 	 0.7014284
0.3881008 	 0.8545017
0.4032902 	 0.79091126
0.42953086 	 0.58226997
0.13074347 	 1.0087686
0.02564392 	 2.0191286
0.06978782 	 0.7193939
0.038740814 	 1.2354457
0.114294335 	 0.9398794
0.1502045 	 0.71652675
0.2926456 	 0.562666
0.5095976 	 0.76850706
0.43550754 	 0.63807994
0.29644328 	 1.032328
0.23611766 	 0.97210634
0.19828857 	 1.5003973
0.20930065 	 1.1501106
0.11780731 	 1.133981
0.123798504 	 1.7924882
0.09103136 	 1.7041523
0.12330887 	 1.2431996
0.06720556 	 0.8221959
0.26433253 	 1.1606846
0.37670103 	 0.57622
0.40772024 	 0.4196181
0.33765787 	 0.5162369
0.45598876 	 0.56860745
0.43595836 	 0.7957287
0.3642177 	 0.7186628
0.3203565 	 0.5124941
0.44218358 	 0.9013695
0.55192894 	 0.920181
0.42466098 	 0.6086768
0.28741285 	 0.66427046
0.2607219 	 0.7013399
0.4192259 	 0.77617776
0.27207515 	 0.6899341
0.22286776 	 1.0031112
0.08221305 	 2.5724185
0.2049283 	 0.81359106
0.29105988 	 0.5665886
0.45004004 	 1.0707442
0.48854423 	 0.74465317
0.4670654 	 0.75106096
0.3388423 	 0.5765772
0.48592824 	 0.6179661
0.24611512 	 0.5310634
0.23641954 	 0.9984757
0.09498736 	 0.8129296
0.1048116 	 1.1527113
0.13593973 	 0.7957845
0.1643923 	 0.6586836
0.13756032 	 0.8336727
0.1143933 	 1.3642303
0.08620227 	 1.1910068
0.025825378 	 1.0471288
0.025759017 	 0.7146899
0.0047722305 	 1.7998102
-9.5367386e-07 	 2.0469222
0.0051216884 	 1.1223773
0.015425068 	 1.9454991
0.19266224 	 1.865571
0.2628226 	 1.0103621
0.33059683 	 0.9686325
0.20957397 	 0.4509199
0.2658103 	 0.49928376
0.42983478 	 0.67123634
0.66015446 	 0.87497
0.44751546 	 0.61031926
0.33056343 	 0.49910092
0.31318998 	 0.6977837
0.47040692 	 0.5527859
0.54676074 	 0.69992244
0.2677653 	 0.7304304
0.24723682 	 0.6784309
0.2996798 	 0.8694184
0.15147299 	 1.166389
0.074105814 	 0.88491
0.08181644 	 1.4053252
-9.5367386e-07 	 1.0318488
0.22728711 	 0.906715
0.15626326 	 0.74741375
0.22224756 	 1.7582222
0.35341853 	 0.9016311
0.539177 	 0.79918015
0.41543403 	 0.9941587
0.3307924 	 0.44250613
0.3006306 	 0.68260676
0.2595363 	 0.6394286
0.22834376 	 1.1995472
0.13393344 	 1.9878286
0.13942315 	 0.6344402
0.13451041 	 1.5003351
0.1411897 	 1.3648629
0.08459982 	 1.8866235
0.026682591 	 1.1738634
0.025360823 	 1.8054034
0.12055249 	 0.97952217
0.12180739 	 1.6542919
0.12917213 	 1.081046
0.1102462 	 1.143006
0.062269635 	 1.3362042
0.35147363 	 0.47076505
0.38431656 	 0.5453111
0.32694995 	 0.3912332
0.3905742 	 0.932208
0.34523946 	 0.8258453
0.38929987 	 0.79174817
0.3543327 	 0.938375
0.36396334 	 0.64757645
0.39170435 	 0.7422961
0.36475363 	 0.6242229
0.39079583 	 0.765785
0.46415225 	 0.66195
0.30440998 	 0.5345351
0.26979518 	 0.55983484
0.37298325 	 0.57388103
0.35852748 	 0.6422982
0.43058985 	 0.8076116
0.39639178 	 0.60058516
0.3720032 	 0.5853707
0.39712185 	 0.551829
0.34323996 	 0.7123422
0.40451843 	 0.66883427
0.35378814 	 0.62011135
0.34617734 	 0.7543355
0.24193607 	 0.65917295
0.2580783 	 0.86867046
0.2166561 	 0.7238732
0.1858406 	 1.2159549
0.20154908 	 0.82377994
0.14360763 	 1.5527757
0.18141426 	 1.2195152
0.18181495 	 0.9005628
0.16058908 	 0.888508
0.19269817 	 0.91343
0.11912745 	 0.17562039
0.19325538 	 0.56774825
0.14230543 	 1.4673647
0.1267175 	 1.2231594
0.16011782 	 1.5584832
0.1704654 	 1.5379672
0.13073267 	 1.3957682
0.11990113 	 0.9339538
0.14048547 	 0.86914414
0.10311088 	 0.31388256
0.1305414 	 0.41207546
0.107270904 	 0.43348393
0.0845491 	 1.1444411
0.1074461 	 1.5594817
0.07418715 	 1.3529418
0.0796811 	 0.706382
0.0920898 	 0.88016003
0.084591456 	 0.5958335
0.07975127 	 1.1412599
0.102348424 	 1.9889205
0.047315247 	 0.35457516
0.035028126 	 0.8245831
0.041755825 	 0.59555143
0.037971888 	 1.532837
0.050081998 	 1.1565547
0.031177457 	 0.8960248
0.02521582 	 0.74900866
0.026105242 	 0.3105252
0.025840791 	 0.19980358
0.030937912 	 1.1874994
0.03610397 	 1.7946153
0.046921935 	 1.6934686
0.033264466 	 1.2172122
0.052670244 	 1.3630849
0.07559375 	 1.7720451
0.068792745 	 0.97099406
0.05236545 	 0.7607012
0.025839077 	 1.3848937
0.09892018 	 0.20141704
0.102359585 	 0.43798605
0.12067474 	 0.71863467
0.1583311 	 1.0695698
0.13227423 	 0.6842678
0.13841884 	 1.2024542
0.14043374 	 1.0056673
0.13689159 	 1.03169
0.14514105 	 0.85964054
0.08608611 	 0.6578548
0.1287913 	 0.2897662
0.13782552 	 0.6073766
0.09300034 	 0.97855985
0.16125979 	 1.57867
0.13345122 	 0.6534029
0.07877435 	 0.7241704
0.08227647 	 1.023044
0.045670982 	 0.7288189
0.045395195 	 1.2627436
0.036369294 	 0.6129981
0.031074585 	 0.8436542
0.037314605 	 1.3343229
0.006605099 	 0.7581536
0.009687707 	 0.7424282
0.0168442 	 0.28576902
0.008124063 	 1.6821452
0.24476442 	 0.80438715
0.2993305 	 0.79396296
0.22847041 	 0.5248116
0.2556308 	 0.58159095
0.21831976 	 0.5407229
0.142487 	 0.5992786
0.13214755 	 0.47381213
0.070475824 	 0.5597307
0.05775824 	 0.8109929
0.036366515 	 0.8482078
0.05776108 	 0.7846728
0.052364066 	 0.7032666
0.07923285 	 0.8164267
0.057913154 	 0.56754637
0.06862458 	 0.8456554
0.07516358 	 0.63322777
0.07655063 	 0.91594917
0.11861915 	 0.5769174
0.1422405 	 0.8352767
0.04046228 	 0.62433875
0.09380237 	 0.86190766
0.20282428 	 0.7207347
0.3084556 	 0.7295206
0.21737127 	 0.7593159
0.20026064 	 0.59642804
0.2279787 	 0.69805056
0.1694613 	 0.736104
0.1470251 	 0.72181356
0.12381881 	 0.89604306
0.11372725 	 0.6347102
0.22651756 	 0.90484333
0.21057607 	 0.7538215
0.21814694 	 0.594542
0.25913242 	 0.6115863
0.17533915 	 0.9496873
0.21055768 	 1.2046139
0.17826417 	 0.87794757
0.1397447 	 0.9294045
0.2136091 	 0.9592561
0.21709605 	 1.114236
0.1303825 	 0.63161474
0.08274959 	 0.80914086
0.10779571 	 0.79265094
0.07407231 	 0.43889052
0.08479282 	 0.92347175
0.086347364 	 0.38697192
0.07960578 	 0.5145623
0.08181625 	 0.86876893
0.1025141 	 0.47978634
0.09019456 	 0.43920258
0.07421578 	 0.5302095
0.15346304 	 0.7994197
0.13639796 	 0.75524
0.26848418 	 0.5963716
0.22069322 	 0.5951693
0.2864841 	 0.5430164
0.27552438 	 0.49911427
0.2614915 	 0.75964874
0.33245185 	 0.7009627
0.20297477 	 0.62154144
0.28179753 	 0.6653654
0.21733527 	 0.6649949
0.20961984 	 0.6368306
0.17320335 	 1.0226994
0.13611352 	 0.5212115
0.110275015 	 0.30735317
0.12619261 	 0.6359519
0.08504478 	 0.98282456
0.08571713 	 0.6314734
0.12022447 	 0.8558926
0.1418879 	 0.7630848
0.12045398 	 0.6023463
0.15644766 	 1.0972034
0.13039763 	 0.68116224
0.20393738 	 0.5797868
0.25409144 	 0.7129963
0.24316543 	 0.8091482
0.3394407 	 0.78724164
0.35736328 	 0.7189996
0.3400028 	 0.6607473
0.30615577 	 0.6206463
0.27556717 	 0.68080103
0.31453666 	 0.6414589
0.3430159 	 0.7089321
0.37193075 	 0.58322984
0.37801766 	 0.66082066
0.36802724 	 0.7051684
0.3044877 	 0.62315494
0.22500023 	 1.0448196
0.13419926 	 0.8500482
0.10701866 	 0.6907598
0.09208412 	 1.3057116
0.11840355 	 0.49303836
0.15015103 	 0.79864466
0.17619021 	 0.53730506
0.21269515 	 0.87354267
0.24517974 	 0.57448155
0.27252546 	 0.4777237
0.2680706 	 0.85831124
0.26288167 	 0.77278787
0.2953448 	 0.6790908
0.26251465 	 0.60763705
0.25310966 	 0.6080961
0.24997313 	 0.8531471
0.16556056 	 0.97396404
0.17504762 	 0.49697965
0.17786412 	 0.73924536
Summary
-9.5367386e-07  -  0.66015446 ,  0.17562039  -  2.5724185
accuracy:  99.7
equal predictions:  0
TensorFlow version: 1.13.1
Found 939 images belonging to 1 classes.
argN = 196
argN = 196
0.74551576 	 1.1665682
0.66790485 	 0.8737343
0.45689234 	 0.78364396
0.36572245 	 0.7765794
0.57012296 	 0.95211333
0.5330714 	 1.5456564
0.36241037 	 1.7060639
0.30680022 	 1.2816797
0.24914914 	 1.5655515
0.31880116 	 1.9591758
0.27395144 	 1.702283
0.21701251 	 1.5764337
0.30587336 	 1.3153737
0.420733 	 1.1065192
0.35825965 	 1.0568441
0.26133406 	 1.2843714
0.611482 	 1.5884434
0.76039654 	 1.5001296
0.63015294 	 1.1040606
0.64630455 	 1.1738279
0.7086055 	 1.2097013
0.52222943 	 1.0274247
0.6378717 	 1.0998564
0.67314625 	 1.1666851
0.61290604 	 0.7814952
0.516033 	 0.9829031
0.49721453 	 0.80777895
0.40520003 	 1.1544185
0.45869815 	 1.1890081
0.40884122 	 1.0541018
0.14660056 	 2.4386508
0.22193526 	 1.5708966
0.20278427 	 1.1925676
0.158742 	 2.2594101
0.11273967 	 1.6681428
0.09440746 	 1.6010267
0.15239663 	 2.853766
0.34799886 	 1.3396813
0.4072885 	 0.7756503
0.5687398 	 0.8758204
0.66681737 	 0.79273176
0.5379679 	 0.85099864
0.6474294 	 0.90445966
0.4165169 	 1.0816046
0.40315855 	 0.964774
0.8173186 	 1.1990496
0.90960175 	 1.088259
0.5968465 	 1.0474765
0.9293267 	 0.87537456
0.59958696 	 0.9352994
0.5118638 	 1.2785287
0.6678296 	 0.789654
0.48121798 	 0.6720278
0.38737977 	 0.66180617
0.42269495 	 0.8872542
0.31177488 	 1.808169
0.2315374 	 1.4300216
0.19051239 	 1.2896504
0.17685412 	 1.0444034
0.24907039 	 1.1609809
0.3212547 	 0.90002686
0.40932292 	 1.0079042
0.3828905 	 1.0398551
0.4144909 	 1.0348253
0.35029754 	 1.0962676
0.29150614 	 1.0729437
0.09330024 	 1.5950533
0.112389125 	 1.9060249
0.06691173 	 1.4340185
0.09598163 	 1.3469023
0.17240071 	 1.7155908
0.4989729 	 0.93360686
0.60906494 	 0.7803473
0.5903017 	 1.0848736
0.5915211 	 1.4728346
0.55178934 	 0.75510585
0.6647067 	 1.2041583
0.5251622 	 0.6779387
0.4899588 	 1.0585772
0.56472516 	 0.7435876
0.44707412 	 0.8226498
0.37498766 	 0.8734633
0.34802586 	 0.77911484
0.4740963 	 0.88614374
0.4265278 	 1.1776164
0.261289 	 1.264839
0.16113038 	 1.7994262
0.21035324 	 1.3852785
0.30376425 	 1.2351258
0.21017069 	 1.2991823
0.41366234 	 1.1826322
0.40440223 	 1.164485
0.45559838 	 0.98526794
0.34246892 	 0.8750837
0.12491734 	 1.2953131
0.09527166 	 0.96022195
0.1064525 	 1.4173237
0.11579434 	 2.1996095
0.082131386 	 1.31627
0.08012594 	 1.7962064
0.1091701 	 1.7957072
0.07494345 	 1.4954451
0.42169124 	 1.0405614
0.573394 	 1.0174736
0.42733413 	 0.81799597
0.42279872 	 0.95978343
0.39065382 	 1.1219474
0.48692688 	 1.2822592
0.4735378 	 1.0445834
0.4847519 	 0.7431949
0.38169962 	 0.89081955
0.42831022 	 1.2779267
0.4149032 	 1.003674
0.46130627 	 1.137452
0.43736503 	 0.8845628
0.41888115 	 0.63234556
0.33372518 	 1.018872
0.40397897 	 1.0348908
0.40004796 	 0.98500407
0.297564 	 0.9990689
0.27914044 	 1.2036191
0.28713885 	 1.2467905
0.31783137 	 0.9440745
0.28006327 	 0.36087698
0.25813904 	 1.6806948
0.25424147 	 1.3693719
0.28225967 	 1.5766399
0.22436036 	 1.2178758
0.27327892 	 0.9553643
0.22468305 	 0.49855438
0.19535543 	 1.6927991
0.21847978 	 1.1721263
0.24842021 	 1.3519998
0.22077326 	 1.2354536
0.149879 	 1.5970273
0.15303457 	 1.1923591
0.17176072 	 1.5680377
0.18204753 	 1.4688934
0.13491607 	 1.3372211
0.12467857 	 0.60929424
0.19712962 	 0.9008141
0.17625712 	 1.1954699
0.14065799 	 1.4111404
0.18478143 	 0.9073247
0.11654669 	 1.4245442
0.13319337 	 0.8771836
0.112345114 	 1.4086372
0.098999545 	 1.1306729
0.103291556 	 1.2751557
0.074849345 	 1.2166538
0.099013954 	 1.1264355
0.09106152 	 2.3367863
0.063259445 	 1.548501
0.05259831 	 1.8723181
0.06628241 	 2.0117521
0.07218179 	 1.2710382
0.04447998 	 1.2487116
0.055748846 	 1.4835027
0.07384152 	 2.4663851
0.06544302 	 0.713535
0.092327 	 1.264195
0.074381486 	 0.9250011
0.10794569 	 1.9895618
0.09314014 	 1.374995
0.08425641 	 0.9961237
0.1127783 	 1.1473284
0.12066976 	 0.9731219
0.085258566 	 1.8819853
0.10823955 	 1.3796027
0.15133622 	 1.2489115
0.15979888 	 1.7409809
0.11467195 	 0.74364895
0.13027479 	 1.3686103
0.11156013 	 1.3231791
0.1359777 	 1.2827394
0.15589686 	 1.0271705
0.091989875 	 1.0097661
0.11007983 	 1.4810072
0.10483278 	 0.9925345
0.09207346 	 0.9139961
0.15759493 	 1.0337754
0.08843065 	 1.3235931
0.12057837 	 1.3884389
0.11133931 	 1.3737018
0.095431976 	 0.48937327
0.12992531 	 0.98780197
0.111803785 	 1.0922376
0.08508897 	 1.3079561
0.061187144 	 1.5539591
0.04996676 	 1.7415901
0.08168579 	 2.0004005
0.068302885 	 1.0302325
0.08541007 	 1.6219078
0.056365896 	 1.2883813
0.034110013 	 1.3344775
0.045477778 	 1.5367119
0.046579354 	 1.682628
0.06296728 	 1.2350808
0.091194324 	 1.2548012
0.2947298 	 1.2278631
0.35693198 	 1.1892933
0.26198432 	 0.7737299
0.31075898 	 0.9410504
0.26569378 	 0.8736532
0.3935668 	 0.9514189
0.2550608 	 0.95352906
0.26400813 	 1.1230704
0.30112287 	 0.8316474
0.30177763 	 1.3792154
0.26688445 	 0.9927967
0.24630207 	 0.69159687
0.29317063 	 1.3218455
0.28040853 	 1.0541546
0.24230534 	 1.308702
0.2644108 	 1.2633579
0.21561778 	 1.297891
0.1784266 	 1.4324405
0.2091886 	 1.4881866
0.18746324 	 1.1332247
0.26649377 	 1.2613441
0.2360889 	 0.8063549
0.22869956 	 1.3141338
0.23274131 	 1.3829951
0.14729075 	 1.5065777
0.14254873 	 1.1661898
0.085143745 	 1.7502137
0.05092947 	 1.0847323
0.074073724 	 0.8783925
0.12480794 	 0.95016026
0.101963684 	 2.1624217
0.063119635 	 1.3439289
0.08438306 	 1.3432864
0.09910662 	 1.9116423
0.08512545 	 2.213647
0.10941764 	 0.92191404
0.13235757 	 0.8078807
0.10975836 	 1.345129
0.21573655 	 0.8912425
0.41944128 	 1.6617627
0.32137215 	 0.87244415
0.17651962 	 1.8102349
0.1332655 	 1.5572342
0.29054743 	 0.7945128
0.3444609 	 1.295155
0.4570151 	 1.4445902
0.45619842 	 1.309912
0.45466745 	 1.3457257
0.32162553 	 1.3587109
0.32965 	 1.7532244
0.29054838 	 1.328169
0.2843547 	 1.297932
0.30037382 	 0.8703433
0.2900738 	 0.76681036
0.29049277 	 1.8666859
0.22810817 	 2.633403
0.19720832 	 1.8748864
0.18190818 	 0.9238718
0.18313293 	 1.9943371
0.16626044 	 2.0049598
0.13167462 	 1.7682616
0.10892329 	 1.4306333
0.1452447 	 1.2612916
0.1931796 	 1.3613584
0.16100168 	 0.91681904
0.20071958 	 1.606897
0.2450706 	 1.2111616
0.34562382 	 1.3601636
0.3118984 	 1.1350466
0.42086965 	 0.976747
0.38265094 	 0.78558207
0.28444475 	 0.8689187
0.19008312 	 1.330652
0.16179599 	 1.7208503
0.15810396 	 0.66543263
0.14449593 	 0.6902195
0.14066903 	 1.3635311
0.12272546 	 1.6032423
0.12998098 	 1.1396724
0.15433475 	 1.076415
0.23295693 	 1.4442853
0.18519975 	 0.7142187
0.2656424 	 1.1291986
0.2859889 	 1.0150051
0.33089927 	 1.2653347
0.38586462 	 0.6434763
0.53271055 	 0.8572806
0.51529795 	 0.76620156
0.50034726 	 0.8049512
0.66901344 	 0.9094368
0.5081623 	 0.7284333
0.5019706 	 0.75534266
0.5277706 	 0.7609897
0.5185582 	 0.7888375
0.5432967 	 0.78431326
0.59634894 	 0.81989455
0.54497695 	 0.73676413
0.5814739 	 0.727389
0.55115885 	 0.7350808
0.5361804 	 0.9374017
0.42840132 	 1.0903821
0.36800012 	 0.9593174
0.3306043 	 1.0181803
0.3094408 	 1.0855601
0.3574994 	 1.2361505
0.36507267 	 1.0652479
0.2742876 	 1.1610502
0.18428588 	 1.552183
0.16535175 	 0.9031524
0.17667195 	 1.2855775
0.18964711 	 0.877994
0.26627564 	 0.9283954
0.20947717 	 1.8090208
0.25815415 	 1.5782979
Summary
0.034110013  -  0.9293267 ,  0.36087698  -  2.853766
accuracy:  99.7
equal predictions:  0
