TensorFlow version: 1.13.1
Found 939 images belonging to 1 classes.
argN = 784
argN = 784
0.14833464 	 3.05347
0.15860026 	 2.9753761
0.19552849 	 2.7100177
0.24606183 	 2.3441947
0.2368361 	 3.0822523
0.11104467 	 3.262834
0.06862739 	 3.406202
0.056392886 	 3.3685427
0.037690293 	 3.831157
0.024465282 	 2.713148
0.036364537 	 3.05347
0.049692918 	 2.5531602
0.041579716 	 2.9267502
0.033865448 	 2.7369676
0.029485883 	 2.7495625
0.08929654 	 2.5346422
0.08948797 	 2.5101936
0.064861745 	 2.709242
0.052942954 	 3.3862636
0.10338832 	 2.7175944
0.09537755 	 2.5311866
0.103958234 	 2.232129
0.12172182 	 2.6314127
0.04539569 	 3.1383655
0.011860634 	 2.1689773
0.009073528 	 3.2656033
0.0038328813 	 2.6379755
0.010255472 	 2.9231439
0.024531983 	 3.0268075
0.15914041 	 2.930585
0.25457424 	 2.3475845
0.20647459 	 2.2845461
0.14963412 	 2.5309145
0.12867585 	 2.9054818
0.11314066 	 2.2478464
0.111131325 	 3.3785162
0.22707973 	 2.347663
0.28705794 	 2.5028584
0.45667833 	 2.9267468
0.43113488 	 2.4161015
0.12818232 	 2.7137277
0.12920156 	 2.7288094
0.04728394 	 2.6417217
0.17821173 	 2.257221
0.16925146 	 2.586836
0.17397259 	 2.5761201
0.12272869 	 2.6213105
0.01968025 	 4.8570876
0.018016554 	 3.9563055
0.03504467 	 2.8279393
0.08165623 	 2.4603097
0.04296287 	 3.7739863
0.024386795 	 2.5869083
0.037687197 	 2.7560983
0.10434248 	 3.0559762
0.09917204 	 2.6389914
0.059109837 	 2.4302914
0.0128361145 	 2.8802
0.027149966 	 3.4863229
0.04167162 	 2.0278592
0.020373184 	 3.406283
0.0076825526 	 1.9717551
0.0038328813 	 2.772569
0.0062927296 	 2.6472619
0.010255472 	 2.8142447
0.010255291 	 4.247906
0.021921203 	 3.166949
0.1954226 	 2.5041
0.27327564 	 2.5313911
0.20196164 	 2.8514032
0.23350942 	 2.3012455
0.0851457 	 2.730631
0.11481708 	 3.4739544
0.12613696 	 2.488782
0.116200104 	 2.5352535
0.10338243 	 3.230342
0.13061856 	 3.333396
0.18130529 	 2.153387
0.09073149 	 3.4455013
0.049689222 	 3.3685427
0.043648724 	 2.2479887
0.011654073 	 3.2114408
0.010348936 	 3.1050968
0.22494918 	 1.52841
0.08369262 	 2.2801406
0.074111015 	 2.3077104
0.051023804 	 2.5407333
0.048361924 	 3.053841
0.048716877 	 2.5820537
0.025854431 	 2.6941993
0.019317038 	 2.7350469
0.009075152 	 3.094488
0.029806629 	 2.896333
0.030733828 	 1.5540172
0.034906648 	 1.7299708
0.031093031 	 1.0654104
0.028518565 	 1.8134065
0.031063149 	 2.1282556
0.01815548 	 1.5862731
0.025717122 	 2.5652728
0.027139002 	 1.4068991
0.025840852 	 0.7202062
0.03144732 	 0.96359164
0.019871632 	 2.0114696
0.014310403 	 1.2223933
0.02074688 	 2.084234
0.010445059 	 1.1709671
0.018011458 	 1.354345
0.01831458 	 1.4624894
0.027232343 	 1.3412783
0.020102885 	 2.0463073
0.021858329 	 1.270559
0.01676437 	 1.6797057
0.01671964 	 2.4252815
0.021921203 	 1.980572
0.020435477 	 2.8142438
0.02271733 	 1.7885374
0.01929577 	 1.2376143
0.018017586 	 2.4158683
0.015458967 	 2.1950047
0.021580687 	 1.6784161
0.01154499 	 1.4173746
0.016719578 	 1.805812
0.0123374835 	 2.1894925
0.0038328813 	 1.7088945
0.0063969814 	 1.534393
-8.344647e-07 	 1.4419179
0.0038328813 	 1.8800842
0.0038328813 	 1.1389092
0.0063969814 	 2.5055814
0.0076814713 	 1.2426419
0.008913607 	 1.8350031
0.010255472 	 2.179109
0.004956528 	 2.636577
0.0077291033 	 2.8723233
0.011546438 	 0.9868055
0.0076814713 	 1.9022223
0.010255472 	 1.9315275
0.014128968 	 1.4824278
0.018017465 	 2.058189
0.008967673 	 1.901999
0.0076814713 	 1.4604386
0.0076814713 	 1.1931674
0.0025532627 	 2.0281024
0.0076814713 	 1.4173836
0.006389663 	 2.3600118
0.0038328813 	 1.7816073
0.010310634 	 1.8318753
0.007961229 	 1.4392401
0.011462025 	 2.0968091
0.0063969814 	 1.7518251
0.011517978 	 2.1000998
0.0038328813 	 1.6864508
0.0076814713 	 1.2801431
0.001275339 	 2.4302576
0.0025532627 	 1.1713618
0.00511408 	 2.3213713
0.01154499 	 1.1547712
0.0038328813 	 1.2001958
0.010255472 	 2.2576945
0.014128968 	 1.0148883
0.00511408 	 2.162523
0.0063966815 	 2.0373673
0.003805897 	 1.5706526
0.0076814713 	 1.4063662
0.0063969814 	 1.4410671
0.010255472 	 2.444895
0.00934417 	 1.1065847
0.01539559 	 1.0166215
0.012835813 	 1.4739887
0.020618243 	 1.6339583
0.031089589 	 1.2578803
0.025859812 	 1.4712111
0.025845317 	 1.1449107
0.03901502 	 1.7456759
0.02191639 	 1.9730465
0.029761372 	 1.1294615
0.036396123 	 1.4211835
0.04131431 	 1.164616
0.020565672 	 2.269663
0.026969064 	 2.1246088
0.022260433 	 1.7791135
0.027766954 	 1.7676936
0.025882322 	 1.3960544
0.03621805 	 1.3912538
0.032406274 	 1.3039414
0.03500226 	 1.976504
0.032304816 	 1.4263403
0.03240621 	 1.4659078
0.02159981 	 1.2954391
0.031089528 	 1.5721121
0.0258329 	 1.6529294
0.021998642 	 1.5170985
0.028461346 	 1.896244
0.020618 	 0.99481255
0.18589845 	 1.6270936
0.1508393 	 2.282015
0.08915988 	 1.3505913
0.06299318 	 1.4856191
0.07898016 	 1.1092887
0.067250885 	 2.294929
0.074106716 	 1.7816013
0.08694796 	 3.1986492
0.09042348 	 3.0072894
0.08376877 	 3.1353002
0.079616554 	 2.6962347
0.078372076 	 1.6876699
0.08098952 	 2.67541
0.08933206 	 2.772568
0.07141067 	 2.193931
0.080994815 	 1.9915308
0.08700446 	 2.1860304
0.0741686 	 2.926947
0.068627454 	 2.6939754
0.061818402 	 3.138026
0.04750968 	 1.9730538
0.057756025 	 2.2453177
0.06436071 	 1.7661409
0.06726223 	 1.2325158
0.049668737 	 2.3603086
0.06720428 	 2.6568043
0.18864019 	 2.3878942
0.22020295 	 2.0462852
0.18931471 	 2.2691736
0.12630413 	 2.3538876
0.09436593 	 2.7868176
0.08372211 	 2.730408
0.08002198 	 1.8164465
0.1104745 	 2.7952485
0.09693066 	 2.053071
0.114743076 	 2.2699268
0.12072471 	 1.1752394
0.2515445 	 0.8789595
0.242796 	 1.9715651
0.10621007 	 3.8311486
0.12482165 	 3.2712731
0.14377788 	 2.3877318
0.11324912 	 3.5366652
0.11189951 	 2.6570616
0.1104745 	 2.5535223
0.12336969 	 1.7517486
0.07547566 	 2.2875712
0.060458012 	 3.4863229
0.07109147 	 1.8360897
0.057948206 	 3.0008152
0.068475336 	 2.1540198
0.037905894 	 3.2303963
0.051023804 	 3.1380136
0.03372457 	 2.9755104
0.031095123 	 2.6180105
0.03633462 	 3.0267475
0.041558716 	 3.2258258
0.02192163 	 2.7931921
0.03504473 	 2.0588517
0.055058617 	 1.9456263
0.071286164 	 2.1646
0.100547746 	 2.7131498
0.11882534 	 1.2518922
0.119057685 	 2.1544607
0.18764845 	 1.9463097
0.1890278 	 1.5459372
0.22242594 	 1.6945895
0.21076195 	 1.9022439
0.2127599 	 1.6270869
0.2060379 	 1.7731447
0.17024736 	 1.6002
0.14619504 	 1.7373526
0.12519562 	 2.046435
0.08169659 	 1.084726
0.074105754 	 1.2983569
0.052366953 	 2.8142447
0.05371191 	 2.6230328
0.037690602 	 2.7718787
0.035042755 	 2.5372572
0.059107434 	 1.2705736
0.061820053 	 2.2699504
0.053633045 	 2.4939783
0.04834278 	 1.1231424
0.06836619 	 2.5656939
0.09325686 	 2.453504
0.1015529 	 2.7133503
0.11189951 	 0.98073786
0.14127941 	 2.5367336
0.13426988 	 2.5990689
0.19040422 	 1.7140454
0.25319862 	 1.9740965
0.2820175 	 1.5739069
0.2664345 	 1.5603553
0.24811155 	 2.0059216
0.26808846 	 1.7464519
0.22920744 	 1.6433004
0.21634059 	 1.9321455
0.20194836 	 1.9141371
0.19539507 	 1.775555
0.2016384 	 1.6575619
0.19004628 	 2.0199814
0.17458825 	 2.1232548
0.14525455 	 1.7740579
0.15488464 	 1.954665
0.10620974 	 2.926462
0.07320365 	 3.3319986
0.06726593 	 2.9184787
0.051023744 	 3.8917718
0.06450781 	 3.05347
0.061333656 	 2.3990037
0.079616554 	 2.2699504
0.10946804 	 2.6941023
0.13567886 	 3.1075335
0.09642453 	 2.9782116
0.0887882 	 2.922869
0.08791995 	 2.2745416
0.06741997 	 2.5126808
0.073479526 	 3.3685393
Summary
-8.344647e-07  -  0.45667833 ,  0.7202062  -  4.8570876
accuracy:  100.0
equal predictions:  0
TensorFlow version: 1.13.1
Found 939 images belonging to 1 classes.
argN = 784
argN = 784
0.16434847 	 2.6390522
0.1660289 	 3.0808687
0.5095234 	 2.7325222
0.3740976 	 2.6357996
0.27244216 	 2.9753773
0.19781011 	 3.3694725
0.11905621 	 4.0609326
0.06572108 	 2.9265366
0.04268447 	 2.7725728
0.0550646 	 2.7523699
0.06398948 	 2.586327
0.04132282 	 2.3698785
0.06307754 	 1.7560165
0.12047328 	 2.1981285
0.085773036 	 2.7377272
0.10944124 	 3.416727
0.0796618 	 2.6932423
0.30651203 	 2.4735832
0.03901558 	 3.8917718
0.068610154 	 2.4870982
0.11332596 	 2.3603332
0.031089528 	 3.0534837
0.031044703 	 3.000536
0.010255411 	 3.5280373
0.014128968 	 3.4821186
0.015423434 	 3.1072469
0.025840178 	 1.9488164
0.0591056 	 2.489971
0.0672651 	 2.7909644
0.1772369 	 2.6081238
0.19814068 	 3.1662335
0.11749594 	 3.4062846
0.33800688 	 2.4189572
0.34459737 	 2.3611405
0.29060122 	 2.271999
0.20228374 	 3.0825667
0.20755742 	 2.9443083
0.29578128 	 2.8323314
0.48543862 	 2.3358338
0.4078992 	 3.0268004
0.4618751 	 2.7436194
0.46999934 	 3.444358
0.16041286 	 2.838025
0.13207857 	 3.7194977
0.10909192 	 2.665278
0.056145206 	 2.926413
0.03504473 	 2.903807
0.04034275 	 4.025296
0.025838343 	 2.835822
0.048389636 	 2.6508887
0.052374054 	 2.518159
0.11339559 	 2.1340454
0.10940441 	 1.9241029
0.09886373 	 2.6847878
0.08359386 	 2.348052
0.085156664 	 2.657055
0.044275545 	 2.4448504
0.09352496 	 2.445806
0.0823907 	 2.1519377
0.17275502 	 2.410258
0.04834053 	 2.4460716
0.028450739 	 2.474689
0.054992996 	 2.9748108
0.008967673 	 2.732568
0.0076814713 	 2.637498
0.00511408 	 2.9509728
0.0038748854 	 3.9100208
0.0038328813 	 3.831146
0.0076007484 	 3.5138056
0.09921456 	 3.317517
0.094943576 	 2.7332492
0.07399529 	 2.9501956
0.23704761 	 2.4862928
0.07168982 	 2.5070033
0.24905716 	 3.0381272
0.10148482 	 1.7538942
0.16301556 	 2.141557
0.13945925 	 1.687175
0.23004185 	 2.8905668
0.26773807 	 2.5253305
0.11925114 	 3.1644847
0.1105388 	 2.8141513
0.03901558 	 2.9497323
0.03523105 	 3.034953
0.19028921 	 1.8112668
0.0076814713 	 2.0104396
0.11906051 	 2.1403348
0.0767798 	 2.7371018
0.078592375 	 2.1648128
0.06757549 	 2.1133304
0.035056584 	 2.7096646
0.02192754 	 2.3198311
0.04167162 	 2.9712694
0.011544931 	 4.099398
0.01671964 	 3.2970858
0.014183921 	 2.5084426
0.017510725 	 3.2978983
0.01154499 	 3.3321135
0.014128968 	 3.0317276
0.01414928 	 3.370653
0.043127272 	 2.7154558
0.045668986 	 2.7330346
0.032411445 	 1.360463
0.029687934 	 1.7585934
0.03106647 	 2.1105232
0.044621136 	 2.3123991
0.033723336 	 1.284187
0.03372001 	 1.736794
0.03239593 	 2.1984315
0.027212132 	 1.5660342
0.014128968 	 2.1404252
0.018134177 	 1.9249932
0.021921203 	 1.6855043
0.021920716 	 2.415913
0.032405533 	 1.2445157
0.04834278 	 2.1533706
0.02529113 	 1.600367
0.03542327 	 2.0161164
0.043002322 	 1.7473053
0.031515967 	 1.0405585
0.02896557 	 1.5463138
0.028486306 	 1.431177
0.027148925 	 2.1278262
0.030867523 	 2.0800588
0.0363667 	 1.8203048
0.03943723 	 1.8868796
0.022738367 	 1.0924137
0.03108965 	 1.6189651
0.021921203 	 2.1644375
0.02039703 	 1.5344573
0.018006057 	 1.5292575
0.022557408 	 1.5174375
0.012846861 	 1.7724271
0.014128968 	 2.2217093
0.011539082 	 1.3776456
0.019317038 	 2.732448
0.019316858 	 1.8046553
0.014128968 	 1.44449
0.004116832 	 1.8382427
0.021302694 	 1.6410817
0.018017465 	 2.100001
0.011562598 	 2.4717488
0.011544931 	 1.5955002
0.014129935 	 1.8628299
0.018013095 	 2.7643216
0.020618243 	 2.200044
0.023225924 	 2.296545
0.024532167 	 1.7371403
0.014062351 	 1.6422501
0.0128361145 	 1.6933085
0.0128361145 	 2.7647936
0.008921485 	 2.2207382
0.01412933 	 2.078649
0.016719578 	 2.1466444
0.01154499 	 2.3205912
0.0063973414 	 2.0593162
0.0076814713 	 2.557607
0.0076814713 	 1.355573
0.010255411 	 2.79927
0.0076814713 	 1.738995
0.021521915 	 2.951503
0.024532167 	 1.7444179
0.018017406 	 1.7015586
0.01781861 	 1.8252217
0.027043343 	 2.9348338
0.032214817 	 2.10758
0.026728934 	 1.4936726
0.02528783 	 2.0654123
0.025825744 	 1.9317155
0.021910664 	 2.3324714
0.024532167 	 2.1914747
0.029765362 	 2.504672
0.023223605 	 2.1197422
0.032484896 	 1.6437124
0.035031706 	 1.7840786
0.054854523 	 2.079421
0.043002322 	 1.8264617
0.05261929 	 1.8294927
0.053711597 	 1.2259911
0.0394709 	 1.7813793
0.063226424 	 1.3969395
0.037694253 	 2.7780962
0.061956067 	 2.435739
0.057602905 	 2.1165783
0.058565665 	 2.322492
0.037678037 	 2.431701
0.04432607 	 2.0245275
0.04530557 	 2.4602232
0.042070705 	 1.7735088
0.06548126 	 2.0321634
0.04165186 	 2.7129135
0.044673864 	 1.6324775
0.024532411 	 2.028263
0.021920655 	 1.9215631
0.037680946 	 1.7366298
0.023225559 	 1.4823837
0.02498106 	 1.5608475
0.32057238 	 1.7793586
0.2535544 	 1.8356019
0.2624914 	 1.6075518
0.25386983 	 1.503214
0.31005567 	 1.4547486
0.32222587 	 1.9914718
0.30774212 	 1.841324
0.2791877 	 2.1201916
0.26833194 	 1.8522164
0.2505603 	 2.2333152
0.24207243 	 1.9235086
0.14668849 	 2.7866945
0.15563636 	 2.4597049
0.12476621 	 2.5335815
0.1288753 	 2.6540542
0.15975615 	 2.534483
0.1557613 	 2.7523727
0.16536088 	 2.5700333
0.16397817 	 1.8945756
0.16003494 	 2.5518186
0.13207313 	 1.8572816
0.1076255 	 2.3336651
0.099141106 	 2.2454731
0.08359451 	 1.8568747
0.096330665 	 2.9189355
0.10749289 	 2.489606
0.120257005 	 2.6829298
0.107629545 	 2.4193752
0.10633688 	 2.6587827
0.099140316 	 3.026799
0.12079499 	 2.9398794
0.12731022 	 2.333431
0.09351607 	 1.9548717
0.15712321 	 2.1970515
0.16914225 	 2.3874826
0.40815485 	 2.047529
0.14821476 	 2.6039207
0.17368422 	 2.4608374
0.16842772 	 2.4604535
0.17824322 	 2.4302087
0.303045 	 1.6081485
0.31438163 	 1.9130154
0.47178507 	 1.660279
0.22579335 	 2.3595386
0.22484617 	 2.1870787
0.1857239 	 2.621404
0.17131953 	 2.3580782
0.17483066 	 2.1212904
0.11181145 	 1.5645378
0.11443922 	 2.752181
0.13206701 	 2.4015255
0.11624195 	 2.5055134
0.12049607 	 3.4062235
0.059098583 	 1.8522178
0.06999447 	 1.4657271
0.048348974 	 2.6826386
0.06589799 	 1.9633584
0.0672164 	 2.4902673
0.07684487 	 1.9913033
0.096450515 	 2.4900105
0.10226332 	 1.6493059
0.13844945 	 2.4750757
0.14523864 	 1.7444073
0.14328943 	 2.1669476
0.1647452 	 2.2310205
0.2691431 	 1.9548585
0.21521567 	 1.1034222
0.26238075 	 1.6872313
0.25283125 	 1.6451621
0.16633083 	 1.9317061
0.12740533 	 2.7506797
0.091610216 	 2.7734323
0.07685736 	 3.05347
0.059176426 	 3.0008235
0.06538059 	 2.4815917
0.06734346 	 2.5055134
0.06296384 	 1.6561985
0.05754646 	 2.6548898
0.064678974 	 2.7114277
0.07410691 	 2.835302
0.063177794 	 2.385786
0.064531595 	 2.7931843
0.061820053 	 1.9095975
0.060477007 	 1.9822706
0.10166692 	 2.6570616
0.13869496 	 2.6117947
0.18454958 	 1.9469305
0.24271137 	 2.0293071
0.3237325 	 1.5703665
0.3367866 	 1.8212918
0.32510018 	 1.6103283
0.30965826 	 1.7515877
0.31945333 	 1.3217444
0.32777488 	 1.4154375
0.22921643 	 1.5465443
0.2600446 	 1.6280112
0.22131996 	 2.0452824
0.19524188 	 1.4317986
0.19630378 	 1.3019098
0.20930006 	 2.2686641
0.14969504 	 2.693941
0.104913145 	 3.228598
0.100552484 	 1.4282122
0.08793407 	 3.2970858
0.092125356 	 2.0394285
0.11331801 	 1.660475
0.0879314 	 2.289348
0.100427665 	 2.3205936
0.11695825 	 2.3739357
0.15250021 	 2.8143075
0.18375957 	 2.3336651
0.2090526 	 2.2260225
0.22346099 	 2.121106
0.1782076 	 2.941721
0.1794608 	 2.4748144
0.15122162 	 2.1088257
Summary
0.0038328813  -  0.5095234 ,  1.0405585  -  4.099398
accuracy:  100.0
equal predictions:  0
TensorFlow version: 1.13.1
Found 939 images belonging to 1 classes.
argN = 784
argN = 784
0.28127447 	 2.8637764
0.2332282 	 2.1105158
0.54617625 	 3.052359
0.62842077 	 3.1610587
0.20013787 	 2.4899573
0.21107481 	 2.8137329
0.093524836 	 3.3134696
0.03768961 	 4.099398
0.089125805 	 1.9193895
0.11595972 	 1.9593918
0.070540294 	 2.5228276
0.10167556 	 2.042618
0.10333689 	 2.5154562
0.2045821 	 1.8626434
0.15179677 	 2.1749494
0.084848225 	 2.6897957
0.10521207 	 3.376011
0.10055058 	 2.3074427
0.12710321 	 2.269883
0.15858635 	 2.934209
0.2359825 	 2.5024836
0.3663854 	 2.7324553
0.34393448 	 2.3078632
0.25966457 	 2.0234718
0.192317 	 2.7322
0.09633001 	 2.6195838
0.11276849 	 3.1667652
0.07246552 	 2.3741515
0.040298194 	 3.4171958
0.05236689 	 3.5733314
0.31969997 	 2.1242306
0.329774 	 2.6296363
0.33766696 	 2.7195985
0.34909827 	 2.4568627
0.22916111 	 2.6175
0.23284377 	 2.240547
0.35822913 	 2.639018
0.311654 	 3.9563055
0.28660476 	 3.3297517
0.21548395 	 2.6060443
0.38836727 	 3.4455013
0.5774941 	 2.240021
0.13954067 	 3.2303948
0.09781624 	 4.099204
0.0657536 	 2.9437966
0.1747429 	 3.167416
0.048343718 	 3.7198715
0.049570963 	 3.1381085
0.0713681 	 2.2087715
0.122903444 	 2.0887363
0.112578824 	 2.759022
0.06230852 	 3.2104518
0.06658733 	 3.1678774
0.070035 	 2.2757356
0.08617297 	 2.6550348
0.08203666 	 2.4009275
0.07538234 	 2.7803226
0.07961223 	 2.3603275
0.07579125 	 2.1205509
0.13686575 	 2.9110053
0.19225769 	 2.8370197
0.04433436 	 2.5690126
0.02977396 	 2.8556294
0.019316979 	 3.9563055
0.007681231 	 3.0532665
0.008967673 	 3.2304354
0.035044607 	 3.0808687
0.26478535 	 1.774548
0.2634415 	 2.1347506
0.24638465 	 2.6316173
0.16581964 	 2.4201202
0.17063195 	 2.7315004
0.16836642 	 2.662023
0.16350847 	 2.7389712
0.11595289 	 2.732568
0.21716818 	 2.898535
0.17459244 	 2.307693
0.16163398 	 3.0268028
0.20449872 	 2.6941023
0.037942607 	 3.4184668
0.04834278 	 2.791982
0.016720366 	 2.6827936
0.12381395 	 2.7434165
0.12684058 	 2.2101352
0.10312826 	 2.308874
0.05379066 	 2.7844136
0.050280727 	 2.8152404
0.04963861 	 2.6296363
0.028461408 	 2.70062
0.020618243 	 3.1339974
0.015426461 	 3.6374998
0.008967673 	 3.3659847
0.017555127 	 3.3311179
0.031089528 	 3.4062774
0.053711973 	 2.0074322
0.03372821 	 2.9708123
0.049683835 	 1.6596442
0.056407325 	 1.7892075
0.051350154 	 2.4334583
0.046568863 	 1.9531391
0.051529493 	 2.315432
0.051412337 	 1.2500924
0.045411598 	 2.2950146
0.02568361 	 1.7664303
0.03954574 	 2.2806618
0.025619214 	 2.3721886
0.019316979 	 1.6396873
0.038943753 	 1.8356087
0.047004957 	 2.8132093
0.026586058 	 2.3321998
0.0363803 	 1.2632672
0.04682149 	 1.7317023
0.047012765 	 1.8955745
0.044314485 	 2.1531284
0.047004957 	 1.8603835
0.04432794 	 1.5168961
0.03372451 	 2.5845728
0.020618243 	 1.3697212
0.032406397 	 1.6272929
0.032400303 	 1.7153225
0.034043655 	 1.7517719
0.023225803 	 2.1864698
0.03240621 	 1.8686138
0.027653955 	 3.1278348
0.021922238 	 1.9934274
0.025839811 	 2.6221707
0.024547072 	 2.4159012
0.017154971 	 1.3521453
0.020618485 	 2.430286
0.019745965 	 2.5241277
0.016242694 	 1.8059509
0.015919065 	 1.6477208
0.015320052 	 2.1420746
0.02061666 	 1.7433672
0.012835873 	 2.3426225
0.023181636 	 1.9892098
0.014494956 	 2.175764
0.021921203 	 2.3007383
0.028780658 	 3.0880165
0.026266223 	 2.3364644
0.0128361145 	 1.3914056
0.017496957 	 1.5956254
0.01671964 	 2.0280018
0.01154499 	 2.5530062
0.01541835 	 2.6251743
0.023090929 	 1.7523218
0.016677093 	 2.2331746
0.008967673 	 3.1056583
0.008029665 	 1.7172977
0.015311398 	 2.4443083
0.017847188 	 2.8274083
0.016021296 	 2.8356242
0.0128361145 	 2.1801658
0.0063969814 	 2.372758
0.015606073 	 1.0453317
0.015305769 	 2.752369
0.015423373 	 1.8349781
0.014125159 	 1.945821
0.021911515 	 1.3708634
0.019316858 	 2.6938856
0.015319326 	 1.5546199
0.016717093 	 2.2714336
0.020652682 	 2.9393237
0.024534915 	 2.232518
0.016119117 	 2.3868904
0.012902347 	 1.4867588
0.025619337 	 1.465853
0.021944782 	 1.5453081
0.028456563 	 1.7665639
0.01671976 	 1.7123735
0.012836054 	 1.9822693
0.01670782 	 1.5327191
0.025842197 	 1.709212
0.024995908 	 1.8085548
0.029774634 	 1.2982711
0.036367625 	 2.6456082
0.030188413 	 1.5419449
0.031088911 	 2.5859036
0.037827212 	 2.1418188
0.0871457 	 1.805168
0.07271926 	 1.8360744
0.0656713 	 1.3590744
0.07829969 	 1.5331937
0.07333796 	 1.8281529
0.06317639 	 2.2805266
0.06066173 	 1.7527328
0.057429917 	 1.7078433
0.07494641 	 1.8278447
0.063851476 	 1.5234667
0.067241386 	 1.0334421
0.046756968 	 1.8010681
0.073289275 	 2.157894
0.04834278 	 1.9877173
0.04942109 	 1.6327002
0.047076803 	 2.4001367
0.023225803 	 2.3877125
0.02846147 	 1.2617192
0.029773898 	 1.4258808
0.2841981 	 2.0394056
0.31177652 	 1.4710667
0.33123758 	 2.2569988
0.20859276 	 2.2514946
0.12337711 	 2.3789175
0.15266219 	 2.732568
0.17977294 	 2.2210393
0.14526056 	 2.7858186
0.17622569 	 2.7658908
0.1467366 	 2.880202
0.13017933 	 2.6217573
0.13001363 	 1.8206713
0.123403534 	 2.5506232
0.11332756 	 2.3075995
0.12554447 	 2.1105099
0.117637396 	 3.0551965
0.11378876 	 2.1210501
0.1320677 	 2.880202
0.1157141 	 2.586997
0.12047422 	 2.6908164
0.10621007 	 3.1337347
0.17833056 	 2.5321991
0.35970268 	 2.1534164
0.23037906 	 1.7678732
0.18847911 	 2.3305233
0.19825165 	 2.8142447
0.18388091 	 3.0538893
0.1806917 	 2.3883376
0.17850804 	 1.6938577
0.14369088 	 2.9508507
0.15908729 	 1.9128247
0.43381712 	 1.8361076
0.24604277 	 2.142612
0.15414824 	 2.505488
0.16011958 	 2.4900098
0.15563852 	 3.1678774
0.16909608 	 3.4851127
0.17368338 	 2.4899983
0.14750046 	 1.808605
0.16286936 	 2.7131624
0.14231388 	 1.7736995
0.14084579 	 2.3078098
0.10479128 	 2.2822871
0.09492182 	 3.109033
0.116515614 	 2.7859974
0.15117772 	 2.657048
0.14526056 	 1.41979
0.13644993 	 2.069588
0.11618832 	 2.859522
0.12612411 	 3.026724
0.0894059 	 3.740984
0.08090892 	 3.2970858
0.07401313 	 3.2971132
0.08296451 	 2.271436
0.14805433 	 2.2937207
0.14726423 	 2.771609
0.2123514 	 1.8200887
0.15128644 	 2.3938305
0.16623805 	 2.294454
0.18191689 	 2.259204
0.17656535 	 2.4597049
0.22324994 	 2.0568082
0.22608091 	 1.9524745
0.24611756 	 1.9247783
0.25308523 	 1.5951791
0.26766047 	 1.978309
0.15118127 	 2.2447004
0.12997751 	 1.8730984
0.11332482 	 1.8603395
0.0699946 	 3.1090384
0.06997248 	 3.0506346
0.05917554 	 2.0350482
0.06453579 	 2.9738843
0.09072 	 3.2970858
0.09622934 	 2.4653795
0.1100755 	 2.2689
0.13195506 	 1.737224
0.14259073 	 2.285632
0.21097405 	 2.391891
0.19982046 	 2.2570803
0.23433094 	 2.1118042
0.24166022 	 1.7143016
0.32967487 	 1.7594677
0.3653521 	 1.8830379
0.3703181 	 1.6690977
0.37079713 	 1.7980732
0.44947967 	 1.3840436
0.45199656 	 1.4952338
0.448224 	 1.4779004
0.36032072 	 1.554785
0.3698271 	 1.4651309
0.3992603 	 1.3125675
0.34257698 	 1.2266817
0.2990543 	 1.69985
0.33626205 	 1.8371354
0.22309265 	 2.0487032
0.18740895 	 2.6172845
0.15861556 	 2.603875
0.10753171 	 1.4386463
0.10479201 	 2.079482
0.106210336 	 2.373939
0.09352496 	 2.286346
0.110473566 	 2.4448683
0.107629284 	 2.7725728
0.116310306 	 2.9676826
0.12627113 	 1.6469573
0.10894702 	 2.428572
0.19051692 	 2.6753426
0.19288717 	 2.2965813
0.20283969 	 2.752056
0.15963615 	 2.1027682
0.17824209 	 1.380645
0.120467834 	 3.2303963
0.09273525 	 1.8041356
0.10758501 	 2.8293939
Summary
0.0063969814  -  0.62842077 ,  1.0334421  -  4.099398
accuracy:  100.0
equal predictions:  0
TensorFlow version: 1.13.1
Found 939 images belonging to 1 classes.
argN = 784
argN = 784
0.06869927 	 3.4860017
0.19237046 	 2.8801682
0.3255067 	 2.9267957
0.12935133 	 2.455774
0.059110027 	 2.9145043
0.045668922 	 1.5594568
0.03903665 	 2.5998476
0.09194838 	 1.9021524
0.089740135 	 1.6309417
0.09529179 	 2.343894
0.07360238 	 2.4891942
0.053688828 	 2.4747684
0.023904288 	 2.3272862
0.02039259 	 2.3637946
0.028461346 	 2.880629
0.039870284 	 3.054884
0.070058845 	 2.5150146
0.042386558 	 2.5361032
0.1333402 	 2.050681
0.20023733 	 1.6907381
0.056203086 	 2.2196696
0.05771435 	 2.1983783
0.024532167 	 3.1351233
0.013841798 	 2.752182
0.016395248 	 2.8577478
0.0076814713 	 2.8142447
0.05648868 	 2.9755104
0.033741955 	 2.7725499
0.18364583 	 1.9815617
0.20773312 	 2.54612
0.061951753 	 2.1757472
0.042276498 	 1.862433
0.121142164 	 2.1753929
0.15000212 	 2.587088
0.2140802 	 2.325893
0.089336164 	 2.8357053
0.12857865 	 2.603949
0.05109544 	 3.1678774
0.04700552 	 2.6519034
0.04430489 	 2.3218384
0.0063969814 	 3.3305995
0.008967673 	 3.668638
0.03504436 	 3.1899214
0.0128361145 	 2.9130018
0.044338908 	 2.1318455
0.04302217 	 2.047249
0.012832492 	 3.3321502
0.023404991 	 2.9181895
0.019315338 	 2.1399074
0.080331184 	 3.081079
0.029788636 	 2.9575374
0.016715337 	 3.3370922
0.0037297935 	 1.9712069
0.0115098385 	 2.9612803
0.025989737 	 2.1720145
0.038496666 	 2.4562256
0.023225803 	 1.9985818
0.13988118 	 2.3714054
0.13929166 	 1.565754
0.111534536 	 2.3597555
0.04718552 	 2.2225325
0.052199394 	 1.988569
0.0962947 	 2.3467455
0.15565696 	 2.8471568
0.097735524 	 2.5536702
0.11465584 	 2.6921144
0.16877186 	 1.6234208
0.11904124 	 1.8933797
0.08672139 	 3.0541635
0.05626853 	 3.5734398
0.024532167 	 2.6951337
0.04995517 	 2.18801
0.08376884 	 2.2215118
0.040346596 	 2.6912708
0.040200397 	 2.2338889
0.04834278 	 2.9031732
0.042724468 	 3.6682408
0.00511408 	 2.755201
0.0128361145 	 3.0262976
0.011450993 	 3.001641
0.0128361145 	 2.9717104
0.011514722 	 2.3591714
0.012841307 	 2.2111866
0.0034496612 	 2.3574986
0.00984113 	 2.6830335
0.0040815207 	 2.073405
0.010255472 	 3.0005205
0.0038304282 	 2.1245246
0.0074210064 	 2.8318648
0.010255472 	 2.7926607
0.002552187 	 2.8577228
0.014937427 	 2.1322005
0.019316128 	 2.6705034
0.030535867 	 1.8619525
0.018023474 	 2.5134487
0.017192021 	 2.6968439
0.008967673 	 1.7893854
0.019317038 	 1.868583
0.014124555 	 1.9945823
0.023225803 	 1.7227148
0.0063969814 	 1.9656299
0.014128968 	 1.7897445
0.012155139 	 1.3707094
0.007681171 	 0.78588516
0.0076805707 	 1.0403392
0.001275339 	 1.4178866
0.0128361145 	 1.8281128
0.0025532627 	 1.2568171
0.015423373 	 1.7339367
0.011572969 	 1.2078179
0.0063969814 	 0.83200645
0.0076814713 	 1.490506
0.015419379 	 1.8360875
0.017025461 	 1.6422676
0.012836295 	 1.4685936
0.010382602 	 2.7030349
0.0154264 	 1.957391
0.015422102 	 2.21004
0.007710723 	 1.1429415
0.017143633 	 1.1710284
0.01154499 	 1.6743349
0.015283072 	 1.259711
0.01671964 	 1.1765015
0.014129209 	 1.4768621
0.020618243 	 2.1987107
0.014128968 	 1.4659088
0.00896214 	 2.0844533
0.01154499 	 2.153541
0.018017465 	 1.9913784
0.010255592 	 1.2889955
0.00511396 	 1.620183
0.016719032 	 1.1879421
0.014128968 	 1.7299318
0.008967673 	 1.4754598
0.01283859 	 1.3413742
0.01542295 	 1.6474481
0.016677335 	 1.9105661
0.011440743 	 1.6022456
0.006588539 	 1.9857016
0.00511408 	 1.9919287
0.0076816515 	 1.5334022
0.006353012 	 1.5315975
0.0063969814 	 1.1192961
0.00511396 	 2.4159024
0.00511408 	 1.4386309
0.0038328813 	 1.8361524
0.0076807505 	 2.4898803
0.008967673 	 1.9414629
0.0063969814 	 1.322273
0.00511408 	 2.1210358
0.008967673 	 1.6622778
0.00511408 	 1.4897083
0.0025532627 	 1.633966
0.0063969814 	 1.2136999
0.012836054 	 1.7067213
0.0038328813 	 2.1305826
0.005118034 	 1.3973862
0.008967553 	 1.6338203
0.0062594404 	 1.3077749
0.00511408 	 1.1066955
0.00511408 	 1.9030561
0.010255171 	 2.1757789
0.0038328813 	 1.2351145
0.0037924347 	 1.407246
0.001275339 	 1.0649457
0.0025532627 	 1.2936718
0.007619487 	 0.9577147
0.006320981 	 1.9945652
0.010255472 	 1.367044
0.0012752793 	 1.4659111
0.0038328813 	 2.0496476
0.0063969814 	 0.8892299
0.0076814713 	 1.7444214
0.00511408 	 1.4549646
-9.5367386e-07 	 1.2588483
0.002553203 	 1.1106795
0.0025532627 	 2.129821
0.00490196 	 1.9822598
0.0076804506 	 1.5524164
0.0076814713 	 0.87462544
0.0063969814 	 1.2080842
0.014988129 	 1.4361995
0.011524671 	 1.0702507
0.017729359 	 2.233732
0.033724386 	 1.4604375
0.028446812 	 1.6452656
0.029773775 	 0.89318013
0.021903962 	 2.0296736
0.025838833 	 1.5168675
0.023182428 	 0.86229235
0.015505215 	 1.3183182
0.025051218 	 1.1575545
0.024719777 	 2.2100732
0.024176532 	 1.1871784
0.018017465 	 1.7744201
0.016991328 	 1.512287
0.015423434 	 1.2894115
0.019317038 	 1.8771492
0.030421019 	 1.4988011
0.029628683 	 1.4381043
0.01671964 	 1.2211932
0.024532167 	 0.9566185
0.019317038 	 1.1063172
0.021107262 	 1.3646282
0.021921203 	 1.8186609
0.01671964 	 1.910879
0.13119985 	 1.8853291
0.1407644 	 2.4253752
0.09212548 	 2.7520325
0.07197892 	 2.1316576
0.03950767 	 3.138026
0.04283987 	 1.088715
0.046969097 	 3.017393
0.042997405 	 1.9915313
0.048877157 	 1.8801025
0.08519262 	 1.5829316
0.06862145 	 2.444906
0.07685916 	 1.9638927
0.07962166 	 1.7156472
0.07681475 	 2.9827504
0.093412794 	 2.090822
0.08541124 	 2.2949514
0.09073559 	 2.6922455
0.076835476 	 2.8801904
0.06999447 	 2.2004766
0.07265163 	 2.098901
0.08376877 	 1.1349789
0.07547618 	 3.1376164
0.043002322 	 1.7722044
0.055064663 	 0.8709861
0.056407325 	 3.0800383
0.06726676 	 2.9005914
0.06453744 	 1.2738822
0.061811365 	 1.478346
0.057753943 	 2.949976
0.12785797 	 1.6320952
0.21743558 	 2.2361062
0.15162446 	 2.2699504
0.12057844 	 2.6638563
0.08238274 	 1.8358605
0.09212529 	 1.3150594
0.08099869 	 2.5868583
0.08793837 	 2.7772624
0.0645897 	 3.1090384
0.114908814 	 1.5064654
0.11139981 	 2.1978607
0.10045982 	 3.484168
0.123349726 	 3.0266502
0.092125356 	 2.7523699
0.07469506 	 1.8768415
0.053936843 	 2.3771448
0.075434074 	 2.110521
0.06046415 	 2.638138
0.06046377 	 1.8441212
0.061820053 	 1.0049249
0.05236689 	 1.5111129
0.04162191 	 3.405654
0.029774634 	 3.3695195
0.046311993 	 2.416056
0.03769023 	 2.67541
0.040075563 	 2.9755104
0.07547797 	 1.5393417
0.07136343 	 2.5689714
0.09644455 	 2.5367389
0.11487171 	 2.3206046
0.14374237 	 2.6817715
0.18639553 	 1.973031
0.2022085 	 2.0955665
0.20438434 	 1.1960938
0.2092063 	 2.1317983
0.17515813 	 2.079324
0.19051158 	 1.8521966
0.065218024 	 1.8448133
0.045668736 	 2.9740338
0.03494245 	 3.2970858
0.025940862 	 2.785665
0.036366574 	 2.1869922
0.02322934 	 2.8345673
0.023427384 	 2.7523718
0.026112154 	 1.2350358
0.031089528 	 2.6212285
0.03372451 	 2.6039515
0.04700502 	 2.7131498
0.041482728 	 3.1091185
0.047004644 	 2.1423657
0.0879234 	 2.8577166
0.13163735 	 1.36123
0.16041169 	 1.3617128
0.18547782 	 1.7226293
0.1305666 	 1.6562259
0.12590331 	 1.8812716
0.14866433 	 1.5905571
0.107629545 	 2.621344
0.11047496 	 1.5521904
0.08793856 	 3.114004
0.053815126 	 2.3398798
0.056407202 	 2.371876
0.059110027 	 2.604098
0.040642783 	 1.9509624
0.06590728 	 1.4174017
0.09914295 	 2.5700512
0.08770552 	 2.7013745
0.09072776 	 2.7520812
0.12219236 	 2.479806
0.10561906 	 2.7902486
0.106193565 	 2.6887631
0.08099869 	 2.880202
0.07615633 	 2.1314049
0.06588615 	 1.8788949
0.07547425 	 2.5699866
0.06213713 	 2.835751
0.057750974 	 1.6731377
0.052364755 	 1.56454
Summary
-9.5367386e-07  -  0.3255067 ,  0.78588516  -  3.668638
accuracy:  100.0
equal predictions:  0
