TensorFlow version: 1.13.1
Found 939 images belonging to 1 classes.
argN = 49
argN = 49
0.43228823 	 1.0855222
0.5030559 	 1.2888477
0.52150816 	 0.9215504
0.5005321 	 0.8868523
0.40418023 	 0.5889296
0.44676465 	 1.8161141
0.12638393 	 1.1501701
0.027907792 	 1.8979563
0.15981084 	 1.4294028
0.309369 	 1.7000124
0.08052698 	 1.6833508
0.32591698 	 1.0551747
0.34244317 	 1.0288563
0.3737074 	 1.8594705
0.40522423 	 1.2590563
0.28143093 	 1.0766939
0.31454375 	 1.3217947
0.3057256 	 1.0717491
0.18847753 	 2.3839726
0.25117657 	 0.9111374
0.20078596 	 1.0103427
0.2583089 	 0.9413103
0.0057453136 	 1.2418456
0.007065942 	 1.8023638
0.024133423 	 1.4954904
0.27551243 	 0.837915
0.21093372 	 2.262958
0.4429886 	 1.2313768
0.39377576 	 1.2510536
0.2069048 	 2.5676296
0.5257162 	 2.22769
0.81056863 	 0.65176314
0.5059306 	 1.7410297
0.22922137 	 0.7968985
0.46943283 	 1.6262076
0.7313522 	 2.992904
0.31260985 	 1.4204324
0.4744403 	 1.3608934
0.31825775 	 1.3082818
0.4674496 	 0.6344274
0.2982627 	 0.7131909
0.10181915 	 1.9609519
0.06291256 	 1.7799399
0.1804428 	 1.3930076
0.3182799 	 1.8530608
0.15201893 	 0.67093337
0.4040413 	 0.583834
0.42153814 	 1.0700371
0.75535715 	 1.5749326
0.58773863 	 1.2346325
0.5354555 	 1.4529661
0.255996 	 1.7653844
0.4628503 	 1.064657
0.45776188 	 1.8119887
0.18737645 	 2.173226
0.28861624 	 0.89263874
0.18528219 	 1.0854882
0.08159712 	 1.5389963
0.070558205 	 1.2409488
0.076061144 	 1.6330086
0.021357678 	 1.2081882
0.018228684 	 1.8931992
0.0026908328 	 4.2123795
0.16768071 	 1.5075641
0.19626005 	 1.1554105
0.4290624 	 2.0198874
0.45434302 	 1.4169525
0.46084863 	 2.5861838
0.38638088 	 1.017546
0.31749552 	 0.9909098
0.19887008 	 1.2182437
0.46205658 	 0.88626635
0.4133231 	 1.4226464
0.095471516 	 2.7700925
0.091427065 	 2.6316
0.054958865 	 2.5478444
0.5564151 	 1.4015418
0.22418731 	 1.967346
0.12267937 	 1.5759503
0.18736927 	 1.7491542
0.2214124 	 1.2271469
0.5564893 	 2.0325923
0.6109058 	 1.6940224
0.3009096 	 1.9630774
0.04460456 	 0.81164855
0.085287064 	 3.1270678
0.09055365 	 1.4403743
0.09178013 	 1.00531
0.1951795 	 1.0229521
0.20004687 	 2.4497302
0.2640936 	 1.3986939
0.11420974 	 1.6076497
0.008908616 	 1.3717599
0.044504035 	 2.13543
0.015337605 	 1.9010236
0.13930584 	 1.0493523
0.09785022 	 1.5275933
0.12143925 	 1.6648477
0.07147424 	 1.6466222
0.067347795 	 1.2426617
0.090232976 	 2.3968098
0.02587963 	 1.4569191
0.028170217 	 2.134614
0.04268509 	 1.4973848
0.048928235 	 2.074666
0.05211757 	 1.4792951
0.021164915 	 1.946728
0.05637611 	 1.1916404
0.044836428 	 2.4082694
0.022043489 	 2.3812046
0.060966913 	 1.4784273
0.04169884 	 2.216526
0.12989287 	 1.9190689
0.09335566 	 1.4468889
0.1478506 	 1.6709316
0.116147816 	 1.5860143
0.1561501 	 1.4210435
0.11582539 	 1.2539449
0.14969747 	 0.9288315
0.11259664 	 0.7281254
0.21874464 	 2.0042112
0.11673986 	 1.6109397
0.08970727 	 1.2330571
0.15674365 	 1.9849876
0.12292562 	 1.1810493
0.064947285 	 1.8807719
0.079836935 	 2.584527
0.08508034 	 1.2162364
0.09690485 	 2.5414345
0.17231758 	 1.9013128
0.13402538 	 1.5806577
0.11026017 	 1.3461232
0.1641879 	 1.7869424
0.03005751 	 0.98003834
0.084216855 	 1.1100763
0.115103275 	 1.7391934
0.07102652 	 1.824356
0.04330714 	 0.94400173
0.020589402 	 2.1228707
0.1432721 	 1.3311652
0.10143356 	 1.9917495
0.14660132 	 1.9154192
0.19180225 	 1.0788097
0.1327682 	 1.5993799
0.15105245 	 2.740951
0.11350268 	 1.0212907
0.0416252 	 1.39952
0.14545067 	 2.548544
0.06866295 	 1.5590441
0.09520564 	 0.87720656
0.06971496 	 1.5752239
0.07945927 	 1.1018202
0.10758023 	 1.3948559
0.13668601 	 1.3942717
0.25480238 	 2.995377
0.13913868 	 1.5072632
0.21973519 	 1.1823716
0.20722431 	 1.5626462
0.22267717 	 1.3761698
0.20843549 	 1.5366178
0.3048037 	 2.1671004
0.17737518 	 1.3367205
0.2673463 	 0.85523546
0.15764594 	 1.3129482
0.15369327 	 1.5720923
0.16869016 	 1.6741228
0.15155607 	 1.1577482
0.15204884 	 0.92994255
0.19288854 	 1.4735091
0.21160887 	 1.1833014
0.15268247 	 0.91993135
0.13063839 	 1.3245348
0.15559345 	 0.8412324
0.094128706 	 1.0048188
0.05300329 	 1.5184611
0.11263626 	 1.0581471
0.05373883 	 1.6026406
0.05757563 	 1.3070034
0.016844079 	 1.477962
0.09735335 	 1.6967946
0.016808556 	 1.3891048
0.02223892 	 1.6495442
0.03182001 	 1.2317716
0.04656562 	 2.1992652
0.020050585 	 1.6559396
0.016594306 	 3.1400414
0.13211599 	 2.045196
0.0048407465 	 3.0364358
0.00190278 	 1.3619841
0.018256485 	 2.2431288
0.009564937 	 1.6728197
0.008905249 	 1.3673624
0.021777976 	 2.1192722
0.050305676 	 1.5392647
0.02116601 	 1.5390475
0.014754548 	 2.3736088
0.10566238 	 1.6138905
0.066591345 	 1.2967168
0.042801235 	 1.7292744
0.07636148 	 0.3928559
0.04089752 	 1.3532605
0.03944374 	 1.3574247
0.058429606 	 0.82436126
0.04567853 	 0.7165184
0.062244516 	 1.9393314
0.022649957 	 1.357301
0.07464342 	 1.7171911
0.05778571 	 0.8072183
0.0054392656 	 1.9450258
0.05346754 	 1.4563786
0.06098541 	 1.4718121
0.0024064505 	 0.8594985
0.023601055 	 1.5483915
0.058143962 	 0.15480392
0.12355211 	 1.347841
0.04161793 	 0.47342172
0.03036443 	 0.8126822
0.060700934 	 0.41075018
0.042350058 	 1.8342716
0.23163846 	 0.5876846
0.354541 	 1.084414
0.34014937 	 0.9512874
0.0814339 	 1.1931648
0.2651791 	 0.7529718
0.019936996 	 0.8586103
0.010820727 	 0.8723074
0.049580794 	 1.272992
0.10686225 	 1.2008252
0.09710063 	 1.6206096
0.31438246 	 0.72372556
0.1212766 	 0.42321727
0.07636347 	 0.51521784
0.1030263 	 1.1310338
0.06981818 	 1.4558088
0.10508163 	 1.1378788
0.09868878 	 0.95066106
0.09617277 	 1.3111528
0.06781396 	 0.5859602
0.06109305 	 0.6789642
0.15038647 	 1.0184609
0.01975101 	 1.7597853
0.018643843 	 1.1910704
0.009574746 	 1.4936529
0.05742588 	 0.5724152
0.08446958 	 1.1307005
0.1294244 	 0.41378033
0.16463451 	 1.197857
0.036539666 	 0.7408639
0.044109147 	 1.6629043
0.11298562 	 1.699992
0.2399473 	 0.61729556
0.25968218 	 0.8716736
0.24933597 	 0.89966375
0.24821392 	 0.61639684
0.0629045 	 1.7741903
0.12432888 	 1.0303884
0.29621938 	 1.2411051
0.18600807 	 1.25477
0.08917702 	 1.5512109
0.16178028 	 0.8322543
0.18755196 	 1.3517134
0.19459224 	 1.084362
0.10639303 	 0.88443893
0.13528837 	 1.1006898
0.20515914 	 0.6560763
0.14072673 	 0.61602837
0.19914703 	 0.7727541
0.13472958 	 0.93162984
0.070044845 	 1.322227
0.07498296 	 0.69987744
0.07957338 	 1.3937231
0.08070207 	 1.030363
0.12196622 	 0.9605152
0.042687394 	 1.2600275
0.11629383 	 0.4284198
0.06292881 	 0.9712574
0.03256556 	 1.8929558
0.0573767 	 1.3108388
0.18119247 	 0.5133612
0.08539313 	 1.1463969
0.10344305 	 0.86339694
0.1664374 	 0.77578795
0.12117116 	 1.3760486
0.1421504 	 0.9541897
0.07312247 	 1.474375
0.25756228 	 1.2538106
0.16857345 	 0.85014164
0.32253927 	 0.27745286
0.23574169 	 0.75597906
0.13764097 	 1.3217919
0.13277303 	 0.6231344
0.14024273 	 1.4641558
0.10141997 	 1.2560622
0.19682339 	 0.3981167
0.15618291 	 0.87765205
0.1493057 	 1.0374603
0.20581101 	 1.1807072
0.13182917 	 0.91159767
0.147543 	 0.9584437
0.18607937 	 0.9422492
0.4204453 	 0.7751947
0.2245973 	 1.0201981
0.23978798 	 0.9411204
0.09616332 	 1.8785461
0.22584765 	 1.0204173
0.13130146 	 0.4589143
0.1174596 	 1.2053796
0.10241795 	 1.4176098
0.09494443 	 0.63565695
0.023808572 	 1.5504546
0.19048794 	 0.70390564
0.19370303 	 1.7225262
0.24258783 	 1.2310221
Summary
0.00190278  -  0.81056863 ,  0.15480392  -  4.2123795
accuracy:  99.4
equal predictions:  0
TensorFlow version: 1.13.1
Found 939 images belonging to 1 classes.
argN = 49
argN = 49
0.55312324 	 4.528083
0.5861558 	 3.8777328
0.30360645 	 1.8184812
0.15339139 	 4.1998935
0.27871817 	 2.52131
0.41063327 	 5.06418
0.18844643 	 1.2396642
0.19067487 	 2.8668528
0.09593518 	 2.0518274
0.14833733 	 2.2754235
0.23710413 	 1.8954686
0.040285222 	 3.4628434
0.17045692 	 2.2319725
0.28332037 	 1.3461525
0.4009919 	 2.3613157
0.34290883 	 2.7312074
0.9153349 	 2.797837
0.30432618 	 2.319086
0.8119286 	 0.7711534
0.5048203 	 1.0117508
0.20645267 	 1.327353
0.5069274 	 2.2833571
0.23922844 	 3.834949
0.080436796 	 3.6833198
0.16420588 	 2.1037996
0.011407765 	 3.3269536
0.00044856593 	 2.3064435
0.16847272 	 3.0473883
0.056975376 	 4.388482
0.34666398 	 1.6647499
0.29260814 	 1.0039296
0.6123162 	 3.3260825
0.28359482 	 1.4892426
0.11561862 	 7.865128
0.12971723 	 0.653116
0.26144886 	 1.1216551
0.6239213 	 1.9466571
0.31243828 	 1.2068219
0.5135088 	 1.2103066
0.50824714 	 3.1154823
0.20346074 	 2.014536
0.1711961 	 1.7144151
0.21855646 	 2.762274
0.09679604 	 2.488535
0.028813357 	 2.5213919
0.096213 	 3.1441967
0.00013882885 	 3.2068825
0.0012098118 	 2.3611653
0.021189753 	 2.5875208
0.47564477 	 2.979514
0.3345617 	 1.2606387
0.31617424 	 2.201454
0.19896536 	 2.5017653
0.18825215 	 3.8977592
0.240295 	 1.1400807
0.19164637 	 2.3489358
0.1123173 	 2.9461195
0.41464087 	 0.9131678
0.061653562 	 1.900069
0.0041017495 	 4.240288
0.032243438 	 1.6820046
9.77564e-05 	 3.6023438
0.00011862028 	 3.0676773
0.041351646 	 5.4679637
0.12613223 	 2.1610098
0.025268817 	 2.2696435
0.08638739 	 2.923164
0.17258054 	 1.2958587
0.24751237 	 1.9804662
0.079523355 	 1.3443601
0.046489812 	 2.2405179
0.13451287 	 1.9545033
0.043102693 	 7.1894264
0.055522747 	 3.2701714
0.27184382 	 1.7349778
0.2678406 	 1.062005
0.1209766 	 3.2907717
0.16433428 	 1.4411638
0.23076247 	 1.7953544
0.24599475 	 4.0258536
0.28780288 	 3.352378
0.12252116 	 1.5279464
0.13986994 	 0.8087592
0.14345185 	 1.8872815
0.18294233 	 3.579335
0.19211748 	 1.0711583
0.07035604 	 2.6961684
0.19098672 	 2.2126005
0.16983412 	 2.0066972
0.0022383928 	 2.950216
0.05349256 	 1.8555938
0.060705937 	 2.6678452
0.26456565 	 2.1000566
0.15781678 	 2.9117548
0.030723378 	 2.3013875
0.0011186297 	 2.2774599
1.1980605e-05 	 2.78847
0.0037321867 	 3.1008332
0.020661687 	 1.875438
0.01812586 	 2.6639981
0.0031502342 	 2.9224834
0.012543159 	 3.4730067
0.039576124 	 2.1410716
0.031278186 	 4.1681776
0.03401023 	 3.8489332
0.05010819 	 11.037936
0.009866893 	 3.8625114
0.0026763699 	 2.9022207
0.0044657616 	 1.6959513
0.0006688089 	 2.107559
0.0004854188 	 1.9218915
0.00013000618 	 2.3936718
0.00091791543 	 1.6265188
0.00044009832 	 2.0958428
0.0006463232 	 2.7863107
0.0006462039 	 2.2679696
9.536789e-06 	 3.191915
0.00031798173 	 1.661013
5.1856177e-06 	 2.2929907
0.019506287 	 3.8874936
0.019018535 	 3.072422
0.0018470049 	 2.4038055
0.034794014 	 2.424426
0.0066708606 	 2.3586907
0.016364167 	 1.0745808
0.0023258533 	 2.6659875
0.00011367252 	 2.073616
0.03510813 	 2.80169
0.022262689 	 3.3317432
0.0018297475 	 1.6308019
0.00803315 	 1.0070838
0.012740425 	 2.2370183
0.004839369 	 1.5902725
0.0046349727 	 2.2890468
0.03889839 	 1.8785204
2.8968278e-05 	 1.1239228
0.0010855724 	 1.2793307
0.00077844155 	 2.576926
0.00025156324 	 1.8002717
2.6822127e-06 	 6.7213135
4.947198e-06 	 1.9058117
0.0054036677 	 1.1874775
0.02211271 	 1.7996223
0.016870022 	 1.7905763
0.020457316 	 1.7404357
0.0064702886 	 2.6105556
2.3901748e-05 	 1.1531085
3.9578266e-05 	 2.2335773
0.023887562 	 1.7687657
0.034205426 	 2.1349664
0.031807214 	 2.1379027
1.3709077e-06 	 2.3640785
0.0002202038 	 3.023656
0.027709167 	 2.4931123
3.1590512e-06 	 3.8254695
0.0205762 	 7.188084
5.1559346e-05 	 4.402911
0.03776203 	 2.8890302
0.02277044 	 1.5265733
0.058376275 	 1.3800215
0.021679662 	 2.8853226
0.03665491 	 3.9835188
0.04866719 	 2.6401994
0.02262557 	 1.5602459
0.014719101 	 1.5092498
0.040021088 	 1.2031442
0.03369763 	 1.1968354
0.040930554 	 3.106285
7.605842e-05 	 2.5013378
2.2948052e-05 	 2.7115579
0.008628172 	 6.040855
0.00015826286 	 2.0207343
5.448013e-05 	 1.4008913
0.002508685 	 2.7259917
0.02441599 	 1.3585504
0.00014204795 	 0.8556124
0.048150998 	 2.5640032
0.00036478735 	 2.6377714
0.0008284304 	 0.58799124
0.0021673664 	 2.4142148
5.7222096e-05 	 0.90222543
1.1742184e-05 	 2.7089477
0.0027190424 	 1.6898763
0.0013778757 	 2.553295
0.020334678 	 2.9122853
0.015723834 	 2.8553922
0.0035217954 	 2.4930828
0.00023677768 	 1.804408
0.0015336705 	 2.798649
0.034718044 	 1.5689607
0.017214943 	 1.6954585
0.0033647337 	 1.5544177
0.11115244 	 1.7846729
0.13092995 	 2.2470365
0.13114977 	 1.7318879
0.13991505 	 2.2465084
0.16571327 	 1.8857007
0.13173363 	 3.0492415
0.0027904068 	 2.744196
0.026122006 	 2.0259814
0.08515277 	 3.6250355
0.08835238 	 2.488619
-9.5367386e-07 	 3.7194362
0.021487262 	 3.024209
2.9445127e-05 	 2.496396
0.017504295 	 2.4793828
0.024767065 	 2.5559368
0.025888745 	 3.375941
0.039104395 	 2.8188376
0.04488574 	 2.538384
0.027430937 	 2.113958
6.360018e-05 	 3.115497
0.020616965 	 1.2348319
0.007718472 	 2.7912693
0.013231405 	 1.2116756
7.0333726e-06 	 2.4499354
-9.5367386e-07 	 2.790332
8.8215265e-06 	 3.7426581
0.020551497 	 8.210504
0.019824088 	 3.981121
0.021468993 	 1.6276985
0.061881684 	 1.7801282
0.020618426 	 1.534307
0.040814754 	 1.7365831
7.480663e-05 	 2.4699259
3.0041192e-05 	 3.8324606
0.032340705 	 2.6856213
0.098111995 	 2.8266158
0.106602214 	 1.6019583
0.0002850104 	 3.1386955
0.020618303 	 2.156899
0.00013084075 	 5.68079
0.04181157 	 3.5259628
5.0247978e-05 	 3.724345
0.020130556 	 3.7399547
0.00045136863 	 2.2783356
0.020687854 	 5.872816
0.020741282 	 2.3558395
0.03171966 	 2.499338
0.27194566 	 2.4815838
0.05249635 	 5.4366636
0.06342868 	 9.183259
0.17584358 	 3.8829007
0.041574746 	 2.7934337
0.1371164 	 2.6792996
0.06685086 	 1.4949132
0.04558969 	 1.4468915
0.0904608 	 2.392367
0.1053669 	 2.1898522
0.013379212 	 3.1208596
0.05544922 	 3.4661217
0.06317563 	 1.7633023
0.0067410674 	 1.73396
0.06145002 	 1.8978887
0.06368624 	 2.2738225
0.08068637 	 3.746679
0.06282846 	 2.3931282
0.027662719 	 1.5178735
0.049990196 	 3.32625
0.020192835 	 2.1236904
0.0050117583 	 3.931571
0.08016462 	 1.6198345
0.05670516 	 1.861582
0.098091744 	 1.6616092
0.04477191 	 2.7488787
0.036057685 	 3.1034148
0.08632761 	 2.291912
0.08803977 	 2.640364
0.100837655 	 2.2347918
0.05799425 	 2.7489886
0.18321519 	 1.5599318
0.09237838 	 1.7117586
0.1558731 	 1.3060106
0.14179847 	 2.782309
0.09072163 	 1.9052807
0.18934086 	 1.898543
0.112425074 	 2.0359838
0.094388336 	 2.5666308
0.1585566 	 2.4842143
0.10365849 	 1.6681206
0.10205643 	 0.8834175
0.12073425 	 2.4744308
0.0775581 	 1.4660141
0.005333615 	 2.5812342
0.020840112 	 3.1284745
0.021506201 	 2.6578012
0.039775014 	 2.1750743
0.0051068305 	 3.666675
0.09478813 	 2.6952324
0.2862022 	 2.085933
0.2669092 	 1.3961614
0.17816544 	 1.5629112
0.1872756 	 1.5048624
0.22346963 	 1.6641229
0.13668054 	 2.0759947
0.06782985 	 2.3929486
0.28302097 	 1.2995722
0.105371736 	 2.664177
0.04967926 	 2.292637
0.15774749 	 2.170693
0.115462795 	 3.5643554
0.0010212508 	 1.9033751
0.019876376 	 3.794223
0.008919441 	 3.2747195
0.023775 	 5.747651
0.14175273 	 3.5755408
0.029738775 	 1.6962117
0.03361213 	 1.9428692
0.07044033 	 1.6270128
0.10065083 	 2.4184911
0.08278138 	 1.6124039
0.040895533 	 3.6883495
0.031148864 	 4.0412297
Summary
-9.5367386e-07  -  0.9153349 ,  0.58799124  -  11.037936
accuracy:  99.7
equal predictions:  0
TensorFlow version: 1.13.1
Found 939 images belonging to 1 classes.
argN = 49
argN = 49
0.61987334 	 2.2887757
0.5515984 	 3.8822584
0.46146438 	 2.6714227
0.32182014 	 2.1788683
0.60270137 	 3.1370258
0.6643061 	 3.0020201
0.78631914 	 2.5303142
0.52285963 	 1.496127
0.3234473 	 1.8738338
0.10875575 	 4.561525
0.11729693 	 3.7813365
0.26096195 	 3.353119
0.088035345 	 2.495736
0.07600905 	 3.0065672
0.045319974 	 1.8171333
0.16280314 	 2.222313
0.11555311 	 2.349125
0.22571161 	 1.1971213
0.30203527 	 3.766834
0.48443073 	 3.939158
0.5220711 	 1.9050733
0.57170093 	 2.6387277
0.45475027 	 2.238241
0.40582708 	 0.7033732
0.048017725 	 3.7282927
0.14147104 	 2.2460158
0.13408017 	 3.4626646
0.041692436 	 2.2424662
0.041631352 	 5.166948
0.05716696 	 2.888998
0.09549388 	 3.2177408
0.3934674 	 1.492321
0.63234 	 5.4282794
0.40883836 	 1.7573166
0.12921953 	 3.1710913
0.46850634 	 3.8717349
0.23623186 	 2.1826317
0.19248036 	 3.6014085
0.48180094 	 2.750163
0.2383942 	 2.0269697
0.5406051 	 1.9245557
0.307567 	 4.56108
0.2518313 	 3.2199833
0.032749698 	 3.346491
0.17748216 	 3.3774173
0.1282938 	 1.4895923
0.15129934 	 2.9683816
0.15102604 	 2.8402839
0.08139943 	 0.74394274
0.035711396 	 4.0515103
0.044390064 	 3.7494035
0.039738297 	 2.3171072
0.056272317 	 2.9115465
0.0006438182 	 2.3676803
0.13546309 	 3.5470283
0.2704698 	 3.0870535
0.37498644 	 1.63457
0.0707931 	 2.5544329
0.12843001 	 1.5082549
0.06299635 	 1.7616911
0.05785808 	 1.8854399
0.0016181441 	 3.4196482
0.0002979484 	 2.0425391
0.013426149 	 2.056491
0.041389976 	 1.9228593
0.070946656 	 1.7536718
0.24889623 	 1.3575549
0.3247638 	 1.180004
0.16864966 	 2.843048
0.030722272 	 3.2055774
0.08814789 	 2.4701972
0.14333992 	 2.268067
0.3238102 	 2.2062871
0.09793738 	 3.2051127
0.11114831 	 2.3254976
0.20303756 	 2.620143
1.4901173e-06 	 1.4778886
0.004242945 	 4.5627923
0.2925199 	 2.4123685
0.32576606 	 1.626995
0.050904132 	 1.472584
0.027865257 	 4.4584365
0.0027726549 	 1.9102777
0.00019981473 	 3.4250689
0.00020917457 	 1.4067951
0.01653916 	 2.013818
0.017176922 	 2.7724268
0.033281226 	 2.7475033
0.0011321156 	 2.4635735
0.013619058 	 3.4076335
7.415093e-05 	 3.3541846
3.0398414e-06 	 3.157717
0.0044261273 	 3.6099072
0.0200816 	 2.2022214
0.011590878 	 4.376968
0.07968853 	 2.3518832
0.033469744 	 2.1460876
0.021086747 	 2.8331397
0.054217074 	 1.0205554
0.001486631 	 2.6019151
0.0024647068 	 2.4329054
0.018847844 	 2.5343237
0.0068933787 	 2.483401
0.0029566442 	 1.3159028
0.00011277835 	 1.6317368
5.1260126e-06 	 2.419944
0.000119156786 	 1.667951
8.8159155e-05 	 1.5255761
1.2874686e-05 	 1.917274
0.00023123315 	 2.5264893
1.8418004e-05 	 1.8454026
0.00021364586 	 1.356828
0.019653685 	 1.3952967
0.028062137 	 5.5028024
-9.5367386e-07 	 1.6968042
-9.5367386e-07 	 3.3753066
-8.344647e-07 	 8.984043
0.020571878 	 3.6837728
-7.152555e-07 	 1.234477
0.0049893544 	 2.5618834
0.00050140073 	 0.56013805
0.042687085 	 5.339647
0.02609068 	 2.1888735
0.06160272 	 1.8274782
0.041894667 	 3.0554268
0.0024449888 	 1.3680305
3.0398414e-06 	 3.7356234
0.011744653 	 2.5277436
0.015826471 	 2.011761
0.021487994 	 2.9834673
0.003442783 	 4.15806
0.048708368 	 2.0740113
0.0031239856 	 7.6821795
0.0008725753 	 1.8413416
5.1618954e-05 	 1.5092056
0.002080756 	 2.2498987
0.051474836 	 2.0263915
0.040214233 	 1.6847177
0.0056088213 	 1.8198014
0.0007661535 	 2.929798
8.803994e-05 	 2.6525223
0.0010862288 	 2.52671
0.0055644666 	 1.995478
0.005364356 	 2.8108552
0.024238085 	 1.9899759
0.00250504 	 3.1451168
0.0017705131 	 3.2635055
0.022592586 	 2.0761316
0.0020370951 	 2.467058
0.0050983233 	 2.061043
1.8418004e-05 	 1.7519764
0.020537442 	 1.9460639
0.0005246585 	 3.3249586
0.0021063203 	 1.7621506
0.002432322 	 3.6319957
0.0006315914 	 1.2488348
0.018839827 	 1.3519032
0.00044176797 	 2.2185454
4.3511486e-06 	 2.3297837
0.0001886665 	 2.0838094
2.956434e-05 	 2.0974913
0.02211978 	 1.5468749
0.020854112 	 2.6421738
0.019258704 	 0.99285495
0.019519232 	 1.7552187
0.014438534 	 5.9675593
0.016947921 	 2.34557
0.00693209 	 1.1598448
0.00813548 	 3.696869
0.0027881353 	 3.2649462
0.009286836 	 2.3907218
1.28150805e-05 	 2.2304785
4.3810374e-05 	 3.5617926
0.0012790392 	 1.7305926
8.8215265e-06 	 2.1735418
0.00031225788 	 1.4248606
0.006830243 	 2.434125
0.0002377912 	 1.5507985
2.6285994e-05 	 1.6157147
0.004679226 	 2.8692806
6.205036e-05 	 3.7841282
0.0034040269 	 2.0845425
0.032932818 	 1.5311799
0.0002726688 	 2.4930093
9.567003e-05 	 1.6042899
7.409132e-05 	 2.0760152
0.00015045344 	 2.001826
0.00012607177 	 1.1867374
0.011001864 	 2.4479282
3.3915618e-05 	 1.7517709
0.00051589205 	 1.5248225
0.008436524 	 1.1926514
0.0046507213 	 2.5826333
0.0014396535 	 1.4710535
0.008962261 	 2.0976655
0.00043884607 	 2.550557
0.00018580494 	 3.4572504
0.00024381271 	 0.9660272
0.00015170533 	 3.554131
0.13598344 	 2.7801015
0.037530124 	 2.388984
-9.5367386e-07 	 11.983696
0.002377951 	 1.864607
0.0069951126 	 3.6404734
0.00046931786 	 1.3474414
1.7881395e-07 	 2.0377235
0.020619033 	 5.7421174
0.0031739722 	 2.6611073
8.559593e-05 	 5.775423
0.024269292 	 5.0758686
8.8215265e-06 	 3.1944392
0.0037002992 	 2.4741414
0.0030730448 	 3.1830602
0.00038667046 	 1.9488591
0.00066737743 	 3.0722172
0.020602422 	 3.1057835
0.01976706 	 3.889782
-8.344647e-07 	 2.7917864
-7.152555e-07 	 1.9217725
-9.5367386e-07 	 5.3729835
0.029426953 	 0.94518346
0.00070101744 	 3.5315268
0.008422338 	 3.4901602
8.064834e-05 	 2.9847505
1.1921e-05 	 3.0652375
3.8743096e-06 	 2.2670326
8.9407007e-07 	 3.4672844
0.02060881 	 2.9827256
0.020959588 	 3.8893623
-9.5367386e-07 	 1.3084964
0.02035469 	 2.3553047
8.523501e-06 	 1.8122256
0.01908129 	 7.2324433
0.0036346128 	 2.4573107
0.04645085 	 6.4286942
0.06603086 	 1.5434182
0.050303794 	 1.6260718
0.020852773 	 2.6411548
0.0013634913 	 2.0417442
0.00019713199 	 2.749844
0.06403632 	 1.8142751
0.027829098 	 1.9372606
0.005494163 	 2.7771866
0.00019343579 	 3.7394855
0.0007253535 	 3.5883284
0.0059239147 	 3.806049
0.009672059 	 5.1738396
0.02612953 	 1.7604272
0.014453168 	 1.9644511
0.041521125 	 1.8542917
0.024532655 	 2.3834813
0.036027532 	 1.7871093
0.1346251 	 1.380163
0.067285314 	 3.0232723
0.092868865 	 1.8230379
0.08418055 	 3.6718652
0.16991153 	 3.038336
0.010962272 	 1.4958867
0.002827884 	 1.9122933
0.001978864 	 1.7029412
0.059828687 	 8.382624
0.035005964 	 2.611185
0.0016139053 	 2.9903004
0.01949559 	 7.4220195
0.01748525 	 5.803198
0.00014914194 	 1.4007437
0.007816264 	 3.200826
0.00025364992 	 3.588365
0.0015504452 	 2.2939918
0.00037069037 	 5.0337286
0.0063391556 	 1.983346
0.015347047 	 1.3062682
0.07683258 	 2.2345061
0.08698827 	 1.503158
0.1650487 	 3.609469
0.15344684 	 3.4017103
0.15962288 	 1.6211553
0.09628794 	 1.2942597
0.22627582 	 1.6623777
0.0858485 	 2.0314155
0.11288873 	 1.6489831
0.114545286 	 1.7005901
0.07704906 	 1.2126349
0.16500998 	 0.7132365
0.17972985 	 1.1373241
0.24607265 	 1.4168687
0.32629967 	 1.6684092
0.10385646 	 2.1690261
0.18957593 	 1.3777704
0.106554344 	 1.8294741
0.07013179 	 1.5601931
0.07129212 	 2.0933611
0.0010224441 	 2.0817163
0.0053480566 	 3.71717
0.020346053 	 1.9135702
0.021975854 	 1.7845155
0.022332171 	 1.6170763
0.068758905 	 2.5191035
0.026324416 	 3.86453
0.06413628 	 1.9546965
0.074851915 	 1.9434338
0.022514978 	 2.2101178
0.06428392 	 2.2058325
0.0737067 	 2.3245223
0.029076815 	 5.058658
0.0011535381 	 3.6601996
0.043467987 	 5.7323
0.092466116 	 1.7221148
0.044786934 	 2.79596
0.0019426727 	 3.2300482
0.015091476 	 1.6685135
0.04017961 	 3.7978055
0.03797251 	 1.451277
Summary
-9.5367386e-07  -  0.78631914 ,  0.56013805  -  11.983696
accuracy:  100.0
equal predictions:  0
TensorFlow version: 1.13.1
Found 939 images belonging to 1 classes.
argN = 49
argN = 49
0.22832803 	 2.229145
0.31864196 	 1.9005917
0.1919752 	 1.5168335
0.18381163 	 3.807232
0.10124695 	 2.8679483
0.13978569 	 2.2695725
0.24985819 	 7.3032594
0.14759357 	 3.170485
0.13826017 	 2.6780868
0.042922925 	 2.0777683
0.09790451 	 2.118609
0.059466984 	 3.8103714
0.19676861 	 2.5771143
0.16291237 	 1.7809731
0.24026634 	 2.2565434
0.51342344 	 3.389005
0.61643755 	 2.9746463
0.36021972 	 2.2585645
0.677449 	 1.4202098
0.2027015 	 3.6135535
0.48992825 	 2.7024195
0.3251614 	 1.9045463
0.52811754 	 1.894015
0.3011749 	 1.6281545
0.021546032 	 3.9090161
0.0093500065 	 2.1799803
0.00025227867 	 1.9649812
0.00046633626 	 3.7956836
0.035561673 	 1.5680238
0.15108386 	 3.1124153
0.1445274 	 2.2994998
0.17698224 	 1.0945121
0.2703817 	 0.55439997
0.2020812 	 3.007474
0.0030851818 	 2.4420967
0.07359417 	 1.931546
0.03402713 	 2.4331064
0.24523474 	 2.6412718
0.36075324 	 9.47797
0.3801606 	 3.7710884
0.32349384 	 2.3326628
0.34291992 	 2.635019
0.06842446 	 2.0659268
0.36235675 	 2.2650352
0.2184875 	 2.7601545
0.013589331 	 3.3454118
0.0092936335 	 3.0445366
4.947198e-06 	 1.3478705
-7.152555e-07 	 1.9300722
0.18067013 	 2.4462788
0.17434633 	 2.3730202
0.09921338 	 1.6128945
0.33273387 	 3.1261425
0.24904126 	 1.8454887
0.27450636 	 2.1780374
0.13000372 	 2.559564
0.39452195 	 1.8848183
0.3793924 	 1.47909
0.14766051 	 1.3962284
0.06277381 	 1.7965915
0.13424684 	 2.0910115
2.002736e-05 	 1.3006079
0.04136755 	 2.0769904
0.0881669 	 2.2195165
0.15723082 	 1.5301247
0.10628729 	 2.0646152
0.2990194 	 2.209908
0.16477154 	 3.1283178
0.043880746 	 2.9930406
0.23776907 	 4.167062
0.35788968 	 1.7238883
0.2659779 	 3.4756424
0.2936368 	 3.238805
0.1447853 	 2.688886
0.3723276 	 1.7955493
0.24614272 	 1.8215806
0.29266006 	 1.9931798
0.14696924 	 1.9889201
0.04817902 	 2.6780121
0.11777411 	 3.0409293
0.09673918 	 4.740221
0.18307117 	 1.4270399
0.08479853 	 2.668011
0.14934279 	 0.6186491
0.07874017 	 3.5433977
0.00524643 	 3.8403633
0.00027421897 	 2.4368706
0.0009682096 	 1.6421127
0.00917007 	 1.9809928
5.900877e-06 	 6.448116
0.0004342545 	 2.9294598
0.03355086 	 1.4962661
1.1920929e-07 	 4.7458034
0.039318997 	 4.2290125
0.023892995 	 3.178868
6.0083286e-05 	 1.1419691
0.032817632 	 2.7667353
0.019453106 	 3.1332996
0.025520153 	 2.4187303
0.008447524 	 2.0681856
0.020691443 	 0.94102556
0.010499208 	 1.5884329
0.011972466 	 1.200983
5.3466796e-05 	 1.5544741
4.261823e-05 	 1.0940604
0.00048774452 	 3.142246
3.9935194e-06 	 2.7841916
-8.344647e-07 	 1.8480198
7.1525596e-07 	 2.671971
0.00073519547 	 1.4062037
0.00061113434 	 0.53749233
8.9407007e-07 	 1.9587911
0.020455431 	 3.5653684
0.009076355 	 2.2682562
0.030623687 	 0.9331368
0.00042083772 	 2.7057767
-8.344647e-07 	 1.8856555
0.0013849785 	 1.3280615
0.0073832967 	 0.7406451
0.00020756491 	 1.4578258
0.0032372365 	 1.065341
2.9862373e-05 	 3.010176
0.017778868 	 2.4955754
0.023203718 	 2.328194
0.055215444 	 2.2667491
0.03149647 	 1.8417532
0.0035976437 	 0.9370516
0.012839495 	 1.695505
0.0014552926 	 1.6165326
5.3764834e-05 	 1.4832226
0.022799222 	 1.5562512
0.003800153 	 1.7854718
0.06303469 	 1.8391892
0.0101767685 	 2.9157448
0.04340922 	 2.0136724
0.0052180295 	 2.0409374
0.0007170625 	 3.1110096
4.5777415e-05 	 2.745434
5.9129557e-05 	 4.904775
0.007866607 	 1.3589848
0.020981379 	 1.3082734
0.003182463 	 2.8889189
0.0023492132 	 0.71615523
0.00011480514 	 1.7146388
3.1352534e-05 	 2.0769885
0.0054732463 	 0.54131806
0.0076934244 	 2.829732
0.008383869 	 1.1980393
0.011397696 	 2.048731
0.0024222839 	 2.0177715
1.549722e-06 	 1.9324702
1.7881395e-07 	 2.7017422
0.00094160053 	 1.5749129
-3.576278e-07 	 1.4849985
7.271793e-06 	 2.545034
-3.576278e-07 	 3.3141496
0.017981904 	 1.5580364
3.3974704e-06 	 2.215222
0.0 	 2.5072892
6.6161374e-06 	 1.5475727
0.009208148 	 2.6520352
0.00017191457 	 1.0869421
5.1856177e-06 	 0.90230066
4.589568e-06 	 1.8047383
0.004016707 	 3.190053
0.0075936015 	 1.2058127
0.015897322 	 2.8324733
0.009808265 	 2.442228
1.180179e-05 	 3.1735108
0.020216798 	 2.4529824
0.039796844 	 2.45594
0.020749193 	 1.2528362
0.0208378 	 1.2124038
0.03218601 	 5.0128403
0.041317105 	 2.2376766
0.02608132 	 2.429833
0.020689862 	 3.4067466
0.030805191 	 1.7897334
0.0057082064 	 2.2970285
0.01308966 	 2.0627565
0.0046831784 	 3.5824487
0.00068670243 	 2.669229
0.00028667983 	 2.4213626
0.0005943753 	 2.644507
6.6757425e-06 	 2.2405694
0.009545921 	 1.7906781
5.442052e-05 	 1.1930366
2.2053744e-06 	 2.474205
-5.960463e-07 	 2.2795744
4.2915435e-06 	 1.4771208
8.452296e-05 	 2.5812585
2.0683026e-05 	 3.2568417
0.00014842658 	 2.6543093
3.1888994e-05 	 3.0565903
1.0132795e-06 	 1.7510629
0.017750291 	 4.2559905
6.0083286e-05 	 2.5410335
0.010418076 	 1.2325604
0.0091215875 	 1.4605379
0.00012356807 	 2.1215878
3.2604272e-05 	 2.1087544
0.0029888668 	 1.1773776
6.6699824e-05 	 1.2581018
4.1247265e-05 	 1.2811385
0.0018495726 	 2.1784885
2.6107175e-05 	 5.945458
0.00039227548 	 1.0795379
0.00014616127 	 3.0027137
0.0017609595 	 2.556314
0.11485051 	 3.073291
0.16292304 	 1.4862542
0.25323826 	 1.3731259
0.19066463 	 1.365404
0.042386062 	 2.24471
0.09037977 	 2.3412313
0.037564162 	 5.1021986
0.08014305 	 2.1553986
0.041671123 	 1.7843227
0.0014758863 	 4.3872013
4.3691158e-05 	 2.323231
0.06285759 	 1.6359553
0.0015822643 	 2.9458563
0.006740707 	 6.852475
0.019029347 	 9.254792
0.020611124 	 2.8204322
0.0413445 	 3.1993678
0.04202595 	 1.6394613
0.015833192 	 1.906507
-5.960463e-07 	 8.779687
-5.960463e-07 	 2.3930035
0.026914077 	 2.0991938
4.708778e-06 	 1.7124548
-9.5367386e-07 	 1.4750077
-9.5367386e-07 	 1.7080587
-7.152555e-07 	 8.884153
-9.5367386e-07 	 3.2410772
0.030303296 	 3.186525
-9.5367386e-07 	 1.5237354
0.00077808363 	 2.3122447
0.020744385 	 3.663367
-9.5367386e-07 	 1.8421943
0.00012714478 	 4.002573
0.00011063234 	 2.6647754
0.09551414 	 1.3271242
0.23671103 	 2.0086691
0.085032575 	 2.090332
0.124419466 	 2.2378426
0.075508446 	 2.4875154
0.04701408 	 1.6983466
4.0830015e-05 	 10.711872
0.041895166 	 3.1954882
0.03342987 	 1.3176768
0.01176745 	 3.8914475
0.016011607 	 2.1063733
3.4452078e-05 	 2.2928107
0.020998849 	 1.1197406
0.025607351 	 1.7178655
0.017313669 	 1.6485765
0.021272859 	 3.860712
0.015342205 	 1.3261503
-9.5367386e-07 	 8.334562
6.0200873e-06 	 10.238974
-5.960463e-07 	 1.0441579
9.954025e-06 	 3.0402513
0.03144068 	 2.7967813
0.019519476 	 2.1601357
0.0654875 	 1.5644659
0.040773153 	 1.7908275
0.082880974 	 3.0523489
0.07381425 	 1.9361763
0.18821631 	 2.296938
0.17847398 	 3.1261058
0.07567963 	 1.4254538
0.13687223 	 1.1742423
0.09820885 	 3.9431283
0.09593623 	 1.7087938
0.049361035 	 2.324577
0.122165896 	 3.1002758
0.0019202776 	 2.248346
0.020287232 	 1.8040513
0.021014249 	 1.6962881
0.000793593 	 3.3453238
0.020640938 	 2.1667175
0.00024488586 	 3.1733797
0.0008732912 	 2.4748952
5.6028525e-06 	 2.743752
-9.5367386e-07 	 3.6112034
0.0006586694 	 1.2961409
0.15031518 	 2.7088017
0.1294461 	 1.9013093
0.13142946 	 4.0938745
0.13521789 	 1.6787483
0.27451012 	 1.6286529
0.17912364 	 0.99980235
0.07338523 	 2.1901948
0.066612944 	 1.1571215
0.06340474 	 2.6999545
0.08606071 	 1.5167195
0.06733064 	 1.3127743
0.11456761 	 1.2504374
0.18504411 	 1.9672407
0.0817722 	 1.4813045
0.10757559 	 2.062433
0.113219015 	 3.1676128
0.06354935 	 4.76159
0.026790889 	 2.9561763
0.06447272 	 2.3709297
0.04493586 	 2.9889486
0.06331983 	 2.387965
0.115748495 	 1.6495435
0.009422447 	 1.1535717
0.082305014 	 2.7026896
0.06954766 	 2.2822697
Summary
-9.5367386e-07  -  0.677449 ,  0.53749233  -  10.711872
accuracy:  100.0
equal predictions:  0
