TensorFlow version: 1.13.1
Found 939 images belonging to 1 classes.
argN = 49
argN = 49
0.5236398 	 5.9908986
0.5610073 	 2.1807644
0.3977457 	 3.182409
0.30950415 	 2.274359
0.44335544 	 2.6919754
0.70442057 	 2.6301847
0.44595498 	 1.4399959
0.16373922 	 1.6973263
0.06276715 	 3.1018016
0.25674775 	 2.5574563
0.1967118 	 2.2946055
0.34264147 	 2.9692266
0.25235075 	 1.7846618
0.07723764 	 2.4879975
0.045946784 	 3.7469823
0.0837866 	 1.9308447
0.1504714 	 1.8485738
0.15315446 	 1.1801565
0.13505904 	 1.5933495
0.2309293 	 2.961771
0.5847475 	 3.7093863
0.451248 	 7.1481075
0.45302734 	 2.3390338
0.36129186 	 3.3209405
0.9464068 	 1.2172862
0.3202431 	 4.7477055
0.04686915 	 2.1437721
0.20417905 	 1.6950669
0.038904957 	 3.1789324
0.008659796 	 3.594154
0.00034844986 	 3.8369238
0.43657142 	 1.998339
0.3210371 	 2.491733
0.43748003 	 1.3026358
0.20777553 	 1.9368516
0.3834519 	 2.3470783
0.11108657 	 4.491544
0.012064703 	 3.8703876
0.07465871 	 2.3761904
0.08509832 	 2.3801734
0.27436408 	 3.0639067
0.1887149 	 2.270695
0.03536788 	 2.5044546
0.021414734 	 3.4131413
0.03158105 	 7.168476
0.07140657 	 4.3284307
9.417578e-06 	 3.1891935
-8.344647e-07 	 1.6719428
0.16744997 	 2.4463084
0.18383026 	 1.5634823
0.2277477 	 2.1604502
0.22349742 	 3.0255566
0.12900414 	 1.9329544
0.2813416 	 4.5003986
0.17863481 	 1.5322188
0.26899934 	 2.162113
0.32225296 	 2.4564996
8.7026565e-05 	 6.4392343
2.0861648e-06 	 1.9197524
0.020612827 	 7.8343973
0.06034037 	 2.314731
0.08409062 	 3.421141
0.09952733 	 2.767456
0.19832295 	 1.352333
0.0010017403 	 3.6529076
0.06185917 	 2.6749697
0.29592735 	 1.7434695
0.25409466 	 3.8079407
0.35290197 	 3.8753452
0.07902519 	 2.2709696
0.27435523 	 2.4265141
0.18611777 	 2.4652882
0.086000495 	 1.6384462
0.15159062 	 3.3399003
0.14669229 	 2.7545753
0.16910823 	 1.3997017
0.020655785 	 2.2799723
0.04040419 	 2.3909652
0.0010253082 	 2.7796154
0.04897443 	 2.2246337
0.05882627 	 2.6330786
0.16940734 	 1.4711562
0.04157189 	 2.442387
0.09999551 	 3.1300972
0.033563003 	 2.379948
0.0010427904 	 2.0602348
0.0037780155 	 2.898056
0.04151317 	 2.185094
0.058362123 	 1.8738648
0.00042799333 	 3.5565655
0.00025108628 	 5.3625307
0.010230602 	 2.7814746
-9.5367386e-07 	 4.9198637
0.0065159434 	 6.3136706
1.2159421e-05 	 2.2747304
0.0066679204 	 2.3033988
0.011721012 	 1.9536641
3.111411e-05 	 2.5008013
0.07853029 	 1.5936111
0.09422419 	 2.644856
0.066677034 	 2.1478722
0.002618161 	 2.3472097
0.0021707118 	 1.8377329
0.0070436723 	 2.5016794
0.002237616 	 1.4398092
0.00038601458 	 2.388624
0.00011683193 	 1.6012368
0.00093306904 	 0.80831707
9.536789e-06 	 1.9267035
0.01769229 	 2.227225
0.007992112 	 0.82584256
1.0192446e-05 	 0.983757
0.0123388115 	 2.4996486
0.041671496 	 2.009378
0.04218031 	 2.2075844
1.573575e-05 	 1.5812286
0.022424636 	 2.8378775
-9.5367386e-07 	 1.8843377
0.033420995 	 1.7377466
0.00029437107 	 2.012442
-7.152555e-07 	 1.9347616
2.02656e-06 	 2.0954056
7.689029e-06 	 1.6959982
0.06285949 	 1.9438763
0.011568929 	 2.994554
0.06234798 	 1.931159
0.033740167 	 1.4667434
0.023713475 	 2.941548
0.018089991 	 2.715055
1.1563368e-05 	 9.540652
7.0333726e-06 	 0.87466747
0.004936941 	 2.1687937
0.00021650751 	 2.3803976
0.048914023 	 1.2525675
0.051665436 	 1.8792782
0.014424867 	 1.8822327
0.0014628137 	 2.3736982
0.0022186197 	 1.7665882
0.00499223 	 2.549035
0.02366471 	 2.7399805
0.0006106572 	 2.3973556
-4.7683704e-07 	 3.4253345
0.00026235444 	 1.7792503
0.0022748339 	 1.9243568
-7.152555e-07 	 1.895413
-3.576278e-07 	 1.0202277
-8.344647e-07 	 1.493106
0.036877893 	 2.2878654
0.0055559557 	 0.7728171
0.00016982805 	 2.7216067
0.00019421079 	 3.6293888
0.0 	 2.019365
-9.5367386e-07 	 3.8851526
-9.5367386e-07 	 3.1980462
0.0020124884 	 2.634863
0.035587862 	 3.0630267
0.04242213 	 1.2876992
0.04155772 	 1.9756122
0.10593848 	 1.3830818
0.052687146 	 1.9848214
0.03851252 	 2.709004
0.02061952 	 1.2720042
0.039148774 	 5.7887077
0.06077586 	 2.823198
0.02679444 	 1.4040476
0.02455422 	 1.2667594
6.7949527e-06 	 2.3572772
0.0047986424 	 3.0864556
-9.5367386e-07 	 2.091219
-5.960463e-07 	 2.333045
0.0030992923 	 2.2879899
-5.960463e-07 	 1.9811709
-4.7683704e-07 	 2.8217134
-8.344647e-07 	 2.2802958
1.6629834e-05 	 0.9454415
7.7486067e-07 	 1.560772
-1.1920928e-07 	 1.6616474
0.017017944 	 2.7933693
1.7285362e-06 	 0.899159
0.0048663216 	 2.1810157
0.020815404 	 1.4054071
0.00019283962 	 2.3650012
2.0146574e-05 	 1.7614839
0.00012774092 	 2.0657618
9.6027696e-05 	 2.5273688
2.759733e-05 	 1.4817668
0.00026980703 	 0.9916461
7.0693604e-05 	 1.049343
3.3974704e-06 	 2.3820095
1.3947584e-05 	 1.6343372
0.022100218 	 2.931366
0.0028956693 	 2.3252995
0.010394226 	 1.6005872
1.2159421e-05 	 3.1391604
0.017439697 	 1.1380755
0.0020164303 	 2.3782089
1.1205736e-05 	 0.98245835
2.1398297e-05 	 3.121638
5.960482e-06 	 3.7102945
7.92745e-06 	 2.3289242
0.20394185 	 2.631214
0.227918 	 1.2396795
0.03792886 	 2.4518378
0.08066239 	 2.284687
0.084666446 	 2.6085753
0.10302915 	 1.720126
1.1444157e-05 	 1.4920878
0.020604491 	 4.3092585
-9.5367386e-07 	 3.9640422
-3.576278e-07 	 1.4566023
0.018885989 	 3.4583366
0.02041607 	 2.0851974
0.020617452 	 8.196998
0.0050283517 	 3.7928278
5.36442e-07 	 2.6201816
2.9385521e-05 	 3.1484888
1.2397843e-05 	 3.8046348
-9.5367386e-07 	 1.7387636
-9.5367386e-07 	 2.0739677
0.0002134074 	 1.0028075
0.019818433 	 0.91754955
0.023472598 	 1.6741974
-9.5367386e-07 	 2.702953
-1.1920928e-07 	 2.1277106
-9.5367386e-07 	 1.3815366
1.9788939e-05 	 3.10376
0.08863155 	 1.3481125
0.012845895 	 2.24221
0.0113068465 	 3.2124264
0.020618243 	 2.1571617
0.031178748 	 3.8915498
0.02006445 	 3.8710053
0.020616721 	 2.3939931
0.021016136 	 2.9350345
0.19153374 	 2.5427244
0.06745255 	 1.9079853
0.17430353 	 3.2032096
0.04036087 	 2.407897
0.041730035 	 1.6668046
-9.5367386e-07 	 13.651002
0.00053956755 	 5.5556574
0.041666213 	 1.5962878
0.017624767 	 1.8714161
0.020410778 	 1.9422657
0.021738138 	 1.8979813
1.8596822e-05 	 2.1115503
0.01713781 	 2.9871776
-4.7683704e-07 	 2.7388108
2.3841887e-06 	 1.2963363
0.020624144 	 3.1804814
0.031401437 	 3.899079
0.003867406 	 3.3319001
0.03544353 	 3.3422627
0.016181814 	 2.766485
0.029241588 	 2.760158
0.023950197 	 2.0071545
0.0008475795 	 2.7572782
0.13038982 	 2.790536
0.124301344 	 3.1778777
0.13001966 	 1.32493
0.02407505 	 3.1317375
0.023999708 	 2.4373233
0.09465629 	 3.1116507
0.07843293 	 2.3705387
0.107305214 	 3.6503372
0.020442776 	 2.7586005
6.681904e-05 	 2.502579
0.03540141 	 6.740441
0.008258675 	 2.5050163
0.020670207 	 7.857857
0.0050058276 	 2.2933857
3.4570753e-06 	 6.3322363
0.021083094 	 2.4940894
5.4241696e-05 	 3.6080034
0.011721616 	 2.7313986
2.9802328e-07 	 7.598858
-7.152555e-07 	 3.8804839
0.06654191 	 1.2381121
0.15736288 	 2.9502058
0.0663852 	 3.1844773
0.12983328 	 3.8621995
0.16685848 	 2.9034548
0.24348854 	 1.4141214
0.2735237 	 2.2529614
0.19827905 	 1.3989742
0.2202086 	 1.6356843
0.20592166 	 2.068031
0.05817163 	 1.2615718
0.041903432 	 1.4635943
0.107730776 	 1.4165062
0.10722187 	 1.4551488
0.041700825 	 1.3243741
0.1465715 	 1.1961098
0.1531567 	 1.0280967
0.097130515 	 2.4773738
0.08823773 	 1.7685477
0.054641284 	 2.1507263
0.07331871 	 2.8109612
0.096009515 	 2.2376878
0.043756943 	 1.764764
4.3511486e-06 	 1.9028472
0.020334495 	 3.198271
0.021202782 	 1.7898009
0.13064015 	 1.6654805
0.13153252 	 1.5642323
0.043410964 	 2.0903976
0.07576739 	 2.7000308
0.02085405 	 3.8888323
0.027691763 	 3.2218454
0.0029353623 	 1.6920174
0.013037424 	 4.932534
0.010713422 	 3.9572873
0.026377473 	 1.457979
Summary
-9.5367386e-07  -  0.9464068 ,  0.7728171  -  13.651002
accuracy:  100.0
equal predictions:  0
TensorFlow version: 1.13.1
Found 939 images belonging to 1 classes.
argN = 49
argN = 49
0.37472042 	 2.2831976
0.44173634 	 1.8595477
0.21825963 	 3.1981032
0.072561905 	 3.607779
0.08326194 	 1.915392
0.089338906 	 3.1669972
0.13086934 	 2.9384263
0.13655631 	 2.3220305
0.26552486 	 3.9926226
0.26661316 	 2.4068084
0.31634498 	 2.7467623
0.38009864 	 1.6076761
0.48365748 	 2.176585
0.32183477 	 2.5193398
0.14020097 	 2.217581
0.12987679 	 2.1798632
4.3511486e-06 	 2.6982567
0.012184039 	 2.7667334
0.020541519 	 1.6316189
0.019172728 	 2.1478732
0.06903259 	 3.8630817
0.24797131 	 1.4026754
0.15465781 	 3.251898
0.17478146 	 3.0754578
0.53948426 	 3.4350388
0.28734326 	 2.003437
0.2928533 	 2.9948041
0.277418 	 1.104328
0.43044913 	 5.3843513
0.52934694 	 8.748407
0.48978677 	 3.3461628
0.3357118 	 1.148928
0.30781704 	 2.0178077
0.37065223 	 2.7838163
0.2505028 	 2.1330829
0.1854926 	 2.7875946
0.021123212 	 2.6861215
-4.7683704e-07 	 3.6851423
2.3841887e-06 	 2.693324
-5.960463e-07 	 1.7070045
0.39332208 	 3.3933938
0.12345823 	 1.7295332
0.18955272 	 2.7949529
0.534833 	 1.7122358
0.46441558 	 2.283849
0.06322979 	 3.2207012
0.08812048 	 1.7528001
4.3452732e-05 	 1.9403553
0.008480946 	 2.277805
0.020757468 	 1.6241262
-2.3841855e-07 	 3.1907554
-8.344647e-07 	 8.1907425
0.04758569 	 2.2259467
0.37844068 	 2.2182727
0.22785781 	 3.7718678
0.15624577 	 2.729201
0.07351628 	 12.419306
0.18337864 	 1.1357497
0.13757811 	 1.1175599
0.12089157 	 2.2751439
0.18504046 	 2.8573978
0.2550265 	 1.7218196
0.22251394 	 3.6881754
0.3017167 	 2.500571
0.27744278 	 1.9868889
0.1454559 	 2.055158
0.07725181 	 2.6790547
2.8014222e-06 	 7.128666
0.17894143 	 2.4124305
-9.5367386e-07 	 1.3771297
5.149974e-05 	 6.649738
0.20519851 	 4.1468525
0.3423263 	 2.3804615
0.30316204 	 1.7799858
0.07912685 	 2.4206078
0.038351912 	 3.8757563
-7.152555e-07 	 11.279998
3.165057e-05 	 2.7664282
0.018563626 	 2.2804136
0.04077005 	 1.6156545
0.02198926 	 3.2012005
0.036810238 	 4.322132
0.020619398 	 1.8267365
-9.5367386e-07 	 3.8873336
0.020294227 	 1.8951097
7.516428e-05 	 8.46541
0.020814613 	 2.789559
0.00011504358 	 3.1987236
0.020894524 	 2.5041497
0.04691088 	 1.6377869
0.0021471768 	 3.1876757
0.0053122225 	 3.4783237
0.008517315 	 2.9462702
4.231939e-06 	 2.2345774
0.0014619781 	 2.2429025
0.0012739664 	 1.4669877
1.01328405e-05 	 1.9930372
3.5166802e-06 	 2.9624732
0.00016529734 	 1.78584
-2.3841855e-07 	 2.7759802
5.173817e-05 	 2.9910097
0.020806884 	 1.778614
0.03637696 	 6.3793554
-9.5367386e-07 	 1.9057645
-9.5367386e-07 	 1.1868907
-9.5367386e-07 	 6.9237638
0.000121243196 	 2.2346542
5.960466e-07 	 1.6390269
0.018695766 	 3.1955857
0.051043563 	 3.7351089
0.022338266 	 2.8618727
0.020719374 	 2.729686
9.215303e-05 	 2.914324
0.026251841 	 2.3841
0.041672055 	 2.3760004
0.0064388537 	 1.6105425
-9.5367386e-07 	 3.9772007
0.019074973 	 2.4107707
0.013657305 	 1.9280095
0.05516556 	 1.511405
0.009126881 	 3.8320122
0.0049553304 	 1.8012124
0.00015021498 	 3.5618074
0.01584167 	 2.5443225
0.020543283 	 1.3405197
0.002516214 	 0.9084901
4.6731133e-05 	 2.4660032
0.00067274546 	 2.3598015
0.000152063 	 2.285359
1.6093383e-05 	 2.2288377
0.028363844 	 2.0795896
0.0033078005 	 2.3525183
0.02069193 	 2.0792792
0.0007687185 	 2.9955404
0.0006042756 	 1.7359792
0.00023343903 	 5.38556
3.5166802e-06 	 1.4763863
-8.344647e-07 	 3.2255213
0.004515396 	 1.4241394
0.002260735 	 2.7043827
6.6757425e-06 	 3.2552395
0.0066646803 	 3.8847
-9.5367386e-07 	 3.7577105
0.00032603095 	 2.2759933
0.034530647 	 0.9120099
0.039332267 	 3.4111202
0.035028372 	 3.8904612
0.03972242 	 1.1325847
0.04182947 	 1.8355219
0.041686658 	 2.28153
0.038340826 	 1.4345621
0.0035285545 	 0.8197989
1.1324889e-06 	 2.8019052
0.00010031965 	 1.3746487
0.027544277 	 2.6782916
2.2769234e-05 	 3.1317537
0.003336207 	 2.051846
0.00087919727 	 3.790141
0.000930623 	 2.779003
0.00018747419 	 2.12173
0.035604723 	 2.2780552
0.027076168 	 2.300736
0.036842767 	 2.0820906
0.038540892 	 1.6580689
0.0008753792 	 2.0072157
0.011417351 	 1.5370587
0.0 	 2.3343554
7.331398e-06 	 3.8479264
0.002823401 	 1.3991889
0.0010609293 	 1.76348
2.0325391e-05 	 3.8833437
0.00027559025 	 2.1707811
0.00013447712 	 2.1823773
6.7353476e-06 	 3.1307695
8.9407007e-07 	 1.5235876
0.04118766 	 2.186842
1.1920929e-07 	 0.9566298
0.0 	 1.9351087
6.58653e-05 	 1.6943717
0.02347266 	 5.0410933
0.009663272 	 1.656383
0.0009671953 	 2.9200003
0.00012875433 	 2.4403083
2.920632e-06 	 3.1143918
2.6047568e-05 	 1.7325747
3.0220011e-05 	 1.9789073
2.6762844e-05 	 1.3951421
0.09187775 	 2.2017567
0.14275743 	 1.6580055
0.16170166 	 2.3889346
6.4792344e-05 	 3.1400635
0.05159715 	 1.780578
0.041660063 	 2.06193
-9.5367386e-07 	 3.542518
0.020041708 	 2.4886763
0.00012881393 	 2.7839813
0.000316193 	 7.173595
0.036784884 	 2.7921734
0.020616539 	 3.8831267
0.083369285 	 1.7981632
0.027185243 	 2.1704698
3.1173717e-05 	 3.8303738
-9.5367386e-07 	 3.7795494
0.03537381 	 2.5461109
1.1384552e-05 	 12.40466
1.5556934e-05 	 2.7867303
-5.960463e-07 	 1.6859195
0.0014957045 	 2.6982682
0.020098263 	 6.453475
-9.5367386e-07 	 3.1985762
-9.5367386e-07 	 1.2848741
-9.5367386e-07 	 9.301349
-9.5367386e-07 	 3.2083426
0.041671373 	 2.0556383
0.020618303 	 1.6041888
0.0077035152 	 1.2274773
4.4168017e-05 	 0.7994235
0.00033455723 	 5.140437
0.075722836 	 2.281816
0.3052616 	 2.2570307
0.1921874 	 2.7559502
0.02980626 	 2.0274553
0.020618243 	 2.9543285
0.020615688 	 9.623618
-9.5367386e-07 	 2.1017158
0.062802054 	 4.349481
1.1920929e-07 	 3.698372
0.00011593776 	 5.6796026
0.00016786077 	 5.524821
0.08637316 	 1.317037
0.22782944 	 2.1160855
0.040844306 	 2.7918117
0.061096918 	 10.567622
-8.344647e-07 	 2.1875143
0.13094136 	 2.7714176
0.06291535 	 3.1982973
0.042860214 	 1.1375915
0.071713 	 1.6941116
0.019368693 	 2.0513651
0.074204035 	 2.0743947
0.020614166 	 1.4813032
0.020618364 	 3.1973941
0.041641545 	 2.3355188
0.0084594255 	 2.9440265
0.025066376 	 2.5580971
0.031841364 	 1.3046588
0.06167258 	 11.4951725
0.027497714 	 2.2535508
0.0031777392 	 3.6289282
0.0050589037 	 1.0645877
0.00049478136 	 3.792619
0.020896653 	 1.8680861
0.021564912 	 2.7732005
0.00055006373 	 1.5452081
0.041414637 	 2.2689984
0.03944132 	 2.4964607
0.004990612 	 4.95198
0.020621771 	 2.2740207
0.031777184 	 2.6077266
0.08636192 	 3.037206
0.120032646 	 2.8072026
0.07441686 	 1.8306625
0.12643656 	 1.2470951
0.16871895 	 1.5105556
0.10884294 	 1.8865311
0.061340883 	 3.844486
0.17465645 	 1.4277538
0.12511045 	 2.3740997
0.10390176 	 3.1385856
0.061144058 	 3.033771
0.10283015 	 2.9435194
0.10048678 	 1.3470753
0.086827226 	 0.92923075
0.16866899 	 3.3006032
0.0026821669 	 2.3825667
-9.5367386e-07 	 1.660919
0.017991249 	 1.2007234
0.011881262 	 1.6204083
5.6089542e-05 	 3.8653488
0.03308695 	 3.4353366
0.02370621 	 2.7809494
0.00014973807 	 2.7285528
0.013323457 	 1.3045975
1.1920929e-07 	 8.012219
0.19158739 	 1.7719449
0.065323 	 1.808991
0.042079285 	 3.1794522
0.11157086 	 1.2483929
0.20444007 	 2.4914343
0.12477978 	 1.9234303
0.17641538 	 2.111273
0.08312448 	 2.424948
0.06295217 	 2.7813303
0.07764042 	 1.9989759
0.044419598 	 2.7585535
0.17630994 	 1.3304358
0.14210582 	 1.2504162
0.17339431 	 1.2375821
0.33474046 	 1.3586702
0.17243089 	 0.93994045
0.11054559 	 3.02876
0.08551265 	 2.3817327
0.061909903 	 1.4014362
2.3961355e-05 	 3.3796356
0.021470394 	 8.004693
0.08293336 	 3.8728547
0.03819083 	 3.2256877
0.09196649 	 2.2455676
0.06065907 	 1.5607808
0.040038336 	 3.8795457
0.040042184 	 1.7362204
0.046269607 	 3.8102934
0.05650571 	 2.6782439
Summary
-9.5367386e-07  -  0.53948426 ,  0.7994235  -  12.419306
accuracy:  100.0
equal predictions:  0
TensorFlow version: 1.13.1
Found 939 images belonging to 1 classes.
argN = 49
argN = 49
0.625421 	 3.891366
0.5712733 	 3.7960153
0.15493287 	 3.8857563
0.11598435 	 5.758981
0.09102875 	 1.8276957
0.25714895 	 4.3028502
0.26724574 	 3.1980476
0.16481076 	 3.1230235
0.17609774 	 3.2131343
0.08893301 	 2.2229755
0.097962365 	 3.8099084
0.15884706 	 2.6859763
1.065654 	 4.6175995
0.8507173 	 3.554702
0.46131772 	 1.7200538
0.638672 	 1.9854472
0.26593527 	 3.5268
0.3784191 	 2.376053
0.33380705 	 1.781482
0.46449733 	 2.261437
0.28964818 	 3.8829067
0.07052725 	 4.3723245
0.047060747 	 4.2039757
0.00066534954 	 2.2736418
0.0338033 	 1.6625996
0.0570841 	 2.771612
0.20742679 	 1.9961592
0.2768779 	 1.2578856
0.5404293 	 7.7123704
0.11474716 	 4.2156725
0.06258762 	 8.057097
0.13455337 	 10.112297
0.17382939 	 2.748054
0.16954455 	 0.5943946
0.19287206 	 3.8916957
0.29560542 	 8.889328
0.2411422 	 2.3124034
0.14025837 	 2.4120812
0.16665912 	 2.583404
0.37608427 	 1.1587018
0.5012251 	 3.0512254
0.6029091 	 1.7030839
0.45365667 	 1.1926001
0.16186452 	 1.6893617
0.19126582 	 2.6852114
0.10590395 	 0.82303184
0.031395163 	 3.1601126
0.04403315 	 2.7048182
0.08733184 	 1.891435
0.3745472 	 2.3558748
0.27111465 	 1.2531872
0.27049136 	 2.5653186
0.20110075 	 7.9060097
0.17658548 	 1.6463324
0.0859256 	 4.190818
0.4623164 	 1.884358
0.42375183 	 1.8749909
0.19944131 	 1.7340295
0.16328388 	 1.6504545
0.057606943 	 1.872533
0.14587285 	 2.1608427
0.082949355 	 2.3436816
0.06628049 	 1.8988165
0.020695034 	 5.645931
0.02373264 	 1.7283281
7.1525596e-07 	 3.8825448
0.046722367 	 2.065134
0.041656457 	 2.0976877
0.041669384 	 2.4714687
0.07012776 	 1.8488396
0.1511303 	 1.6160866
0.24265051 	 1.3519613
0.25162998 	 1.8757336
0.13032885 	 3.1796343
0.16617921 	 2.3658848
0.043497123 	 9.200816
0.14307931 	 2.7901895
0.24969804 	 4.1423025
0.24241737 	 3.8890362
0.27507138 	 2.1086316
0.14949761 	 2.4266179
0.1556498 	 0.8437623
0.095198825 	 2.40773
0.20179695 	 2.1663642
0.32861787 	 2.3273888
0.11315401 	 2.234007
0.04524819 	 8.023979
0.18736 	 0.6682861
0.077049576 	 2.865981
0.058776207 	 3.018467
0.17281644 	 2.5186234
0.08450953 	 3.891147
0.03136632 	 6.7620516
0.034054693 	 13.275949
0.018552395 	 1.6020772
0.000846983 	 2.7064264
0.00043753418 	 1.7862674
0.00025734637 	 2.9733026
0.000419347 	 1.6458739
0.03775968 	 4.235231
0.05289928 	 2.3390362
0.00080415147 	 3.213533
0.022439571 	 2.9895728
0.021275964 	 3.9449098
0.033557516 	 2.4732106
0.04112288 	 3.0260603
0.059612233 	 1.0886964
0.046867527 	 3.883066
0.009807302 	 1.3955138
0.0007865541 	 2.4840105
6.0200873e-06 	 2.7916222
0.00012797937 	 2.0318847
1.3828373e-05 	 1.8340845
1.6093383e-05 	 1.9375544
-8.344647e-07 	 2.2453694
5.000955e-05 	 1.380197
2.0146574e-05 	 2.654245
-4.7683704e-07 	 2.4839897
0.009239129 	 1.2583774
0.00012064708 	 3.8928587
0.00029782916 	 2.5207207
1.4305125e-06 	 1.4976976
2.6226078e-06 	 3.0208833
-9.5367386e-07 	 3.8240767
0.014635509 	 1.6294158
7.552194e-05 	 1.7735081
0.0018757879 	 0.63347447
0.0018205516 	 3.8573346
0.020624388 	 2.0570674
-8.344647e-07 	 3.1994498
0.006849807 	 2.3008401
0.030799106 	 1.9327288
0.019985823 	 2.4011512
0.0056156544 	 0.9605979
0.009219278 	 2.4842243
0.00786168 	 1.0707486
0.043882303 	 2.7618115
0.0424151 	 3.0649295
0.00050157966 	 1.3391775
0.020634914 	 3.816423
0.047696024 	 2.3159213
0.040045347 	 1.8871934
-7.152555e-07 	 2.27874
0.0388596 	 2.0777037
0.004276466 	 1.5283855
0.04362475 	 2.0255575
9.2451075e-05 	 3.7136517
6.9737675e-06 	 2.5227919
0.0006267604 	 2.3893304
0.025880609 	 1.2962778
0.018392226 	 1.8816347
4.172326e-07 	 2.520325
1.7881409e-06 	 1.6771375
-9.5367386e-07 	 1.7435795
-9.5367386e-07 	 1.6482725
0.03208734 	 3.474345
0.0007411603 	 1.2682709
2.8014222e-06 	 3.1787865
0.00010854595 	 5.5229235
-9.5367386e-07 	 2.7565045
-9.5367386e-07 	 1.9936104
-9.5367386e-07 	 1.974333
0.012894136 	 2.2064743
0.00019403195 	 2.9612298
0.018356163 	 2.9323623
0.0007587569 	 3.1655183
1.4782061e-05 	 2.687841
0.0012213892 	 1.2061529
0.020393196 	 1.6850995
-8.344647e-07 	 2.4389417
0.020615991 	 3.8901465
0.008990588 	 2.5204687
0.0202258 	 2.9975448
0.024722893 	 9.03875
0.02089148 	 2.2205522
0.03697666 	 2.5166147
0.020614104 	 2.7906876
0.041659813 	 3.1937923
0.041238096 	 4.401656
0.00027624608 	 1.5358258
0.0015492513 	 2.7690418
0.017380139 	 2.6892288
6.496927e-06 	 1.2619338
-5.960463e-07 	 1.2263241
9.89442e-06 	 1.6442146
0.019948792 	 3.1771944
0.0019016454 	 2.6849065
0.014286338 	 1.4847097
6.7474735e-05 	 2.2925823
0.00015021498 	 2.783993
2.4855446e-05 	 2.307717
5.710288e-05 	 1.8918449
-8.344647e-07 	 2.255014
5.6268367e-05 	 3.0388339
0.020664852 	 3.1127944
0.0012147053 	 2.3950183
0.015845122 	 1.951775
0.0003040299 	 2.2104836
0.0017950543 	 2.1525187
0.0013656997 	 1.4312602
0.035877947 	 1.565384
0.012714467 	 1.770094
0.0002103073 	 2.7207425
0.00020047052 	 5.3136854
0.00069904915 	 1.7068764
0.00086482003 	 1.4166067
0.13588183 	 3.058259
0.15783243 	 1.7090838
0.1386471 	 1.3311998
0.15529802 	 2.7914355
-4.7683704e-07 	 1.8612748
0.073702596 	 2.6697235
0.020172339 	 2.7346354
-9.5367386e-07 	 12.708085
0.005037098 	 2.536342
-9.5367386e-07 	 2.0962112
0.004646709 	 2.6533463
0.0204401 	 2.9707496
-9.5367386e-07 	 11.338329
0.021621188 	 2.3041096
-9.5367386e-07 	 1.9456099
0.04166963 	 2.7552123
0.023279367 	 3.1967628
0.061359134 	 3.812935
5.424037e-06 	 2.9895053
0.015247001 	 3.18013
0.0004892354 	 1.0897704
0.015586094 	 1.8794285
-9.5367386e-07 	 1.8356322
0.015022073 	 2.1801653
0.028971275 	 1.7224854
0.040293787 	 3.8895576
0.22199859 	 2.0018773
0.55748284 	 2.0496128
0.060702138 	 2.2176554
0.002922749 	 3.1239202
0.020617634 	 2.245942
0.020619763 	 7.962913
0.032090727 	 2.7078261
0.004327827 	 3.010505
0.038598567 	 1.1328743
0.07854776 	 2.6373272
0.064082645 	 2.3253098
0.0028341005 	 2.4917684
0.00019278 	 3.891763
0.039878163 	 2.6229398
-9.5367386e-07 	 1.9646109
0.000348271 	 2.8362846
0.05752165 	 1.4084463
0.08240753 	 2.4534466
0.05101954 	 1.930912
4.172326e-07 	 7.1125164
0.0001055654 	 2.7238505
0.03271693 	 3.250153
0.041359723 	 2.2760088
0.0034882398 	 4.1035075
-9.5367386e-07 	 11.639827
3.1888994e-05 	 2.509818
0.07151791 	 1.7731588
0.084737025 	 1.7819306
0.036684033 	 2.0823512
0.0622919 	 2.045493
0.00024661483 	 3.1603599
0.043744177 	 1.7225876
0.07198302 	 2.2084243
0.16989939 	 2.6612225
0.12328682 	 1.9648048
0.18009104 	 1.8624088
0.12311045 	 2.8633168
0.063163064 	 1.4156815
0.02500813 	 3.1892803
9.54912e-05 	 3.8498514
-9.5367386e-07 	 3.858735
0.013684678 	 2.1332746
0.0004697353 	 1.544368
0.14602204 	 2.679218
0.14538221 	 0.927765
0.1770859 	 3.3537207
0.26979247 	 1.974188
0.2574232 	 0.8569183
0.21922432 	 0.8780264
0.18335094 	 1.5262678
0.18701479 	 1.5873386
0.120781936 	 1.9095448
0.16626374 	 1.8319248
0.10380633 	 1.8291833
0.088968776 	 2.4513447
0.111655094 	 1.2361846
0.2883311 	 1.534782
0.18897322 	 2.071822
0.13532734 	 1.4328966
0.13498217 	 2.8680553
0.10767269 	 3.898235
0.006928429 	 1.4588597
0.015111445 	 3.8759344
0.020489804 	 3.8861423
0.0001960589 	 1.9956768
0.03165555 	 2.7997646
0.08584474 	 3.8280885
0.09403356 	 2.622829
0.170599 	 2.2695825
0.04834328 	 1.238863
0.09722425 	 2.8835456
0.10709342 	 2.2569926
0.03718017 	 3.0083308
0.06289644 	 8.2389765
0.082651444 	 1.4914771
0.116943315 	 2.1210866
0.06448003 	 1.4243803
0.007216082 	 3.643171
0.03525408 	 2.1120112
0.0144881215 	 5.6819963
0.032701656 	 9.535689
Summary
-9.5367386e-07  -  1.065654 ,  0.5943946  -  13.275949
accuracy:  100.0
equal predictions:  0
TensorFlow version: 1.13.1
Found 939 images belonging to 1 classes.
argN = 49
argN = 49
0.4093538 	 3.1477876
0.48826864 	 10.257484
0.29423898 	 2.0934129
0.2779078 	 1.9568434
0.47278085 	 3.8436284
0.37634423 	 3.0412974
0.53820086 	 0.81559426
0.32803947 	 1.7791326
0.14453602 	 3.5710485
0.11588442 	 5.237538
0.19750775 	 2.7347512
0.4361416 	 4.812935
0.24922784 	 3.0147762
0.18897718 	 1.3224093
0.103177354 	 2.5042045
0.15719518 	 2.261295
0.12972775 	 1.9362411
0.15259463 	 2.8730283
0.0634483 	 4.052508
0.40508357 	 2.2796733
0.20906562 	 1.5472975
0.7851535 	 2.0963187
0.63879347 	 1.1604428
0.7016616 	 1.4842737
0.4741589 	 2.5109203
0.37200224 	 2.8887088
0.32676277 	 0.75715053
0.22045103 	 1.6698296
0.12472117 	 2.407983
0.041635018 	 3.8650446
0.39944798 	 2.788318
0.106632255 	 4.9554687
0.040171422 	 1.9086556
0.00013435789 	 1.9962769
0.1529131 	 2.3118281
0.16992779 	 3.4431734
0.21443385 	 2.4842687
0.23434962 	 0.81705344
0.04011682 	 8.087853
0.3017321 	 1.8755088
0.61923945 	 3.1410763
0.350612 	 1.9910872
0.2626251 	 1.6467434
6.8786125e-05 	 2.3064327
0.040137976 	 3.935063
0.3097282 	 4.0778356
0.15584022 	 1.7115108
0.168645 	 3.6228817
0.53345966 	 2.0880089
0.18236393 	 5.87235
0.39617765 	 3.484407
0.35985437 	 3.3659155
0.11402107 	 2.1945195
0.19119698 	 2.7515776
0.010685408 	 2.4879744
0.0011035927 	 3.463606
0.019848589 	 2.2764153
0.055207446 	 2.6850278
0.0001639262 	 2.0812476
0.015333066 	 2.2524827
0.11227789 	 2.7831588
0.079784 	 4.047172
0.25178045 	 3.018623
0.20225951 	 2.5112484
0.2648088 	 2.0214648
0.1615205 	 2.7151973
0.10086574 	 2.684104
0.2855179 	 1.0047914
0.31710666 	 1.6623706
0.069004364 	 1.9621543
0.042535566 	 1.9528908
0.00042948406 	 2.7674277
1.7881395e-07 	 3.1831162
3.8147045e-06 	 2.492837
0.00012034902 	 2.0819578
0.09449564 	 2.186456
0.028683983 	 1.5271462
0.23200807 	 1.3076141
0.03291378 	 1.5166234
0.07110152 	 2.6148567
0.075046055 	 3.8871214
0.022394769 	 3.4902558
0.25497696 	 1.83041
0.3061344 	 2.4877644
0.13124444 	 3.139214
0.1676781 	 1.0671763
0.13681817 	 1.7075882
0.1800959 	 3.1619196
0.053535573 	 2.437024
0.049532194 	 5.8179007
0.10605358 	 2.3347178
0.05499463 	 1.9810641
9.567003e-05 	 2.7713032
2.861027e-06 	 2.8177576
7.808239e-06 	 1.299384
-7.152555e-07 	 2.5407233
0.015957642 	 1.4248093
0.0020835632 	 3.1757803
9.954025e-06 	 3.1583998
3.5762793e-07 	 2.967278
7.271793e-06 	 2.3178923
0.044572648 	 1.7006352
0.009452231 	 2.1477828
0.0376172 	 2.8316038
0.030261395 	 2.10991
0.020281028 	 1.1729242
0.020762458 	 1.6456585
0.021325467 	 2.0878353
0.020625545 	 0.99091387
0.054901686 	 13.757615
1.3709077e-06 	 1.7786517
4.2856656e-05 	 2.2301097
2.563003e-06 	 0.9953362
0.00011534164 	 2.264934
-8.344647e-07 	 1.4076358
-9.5367386e-07 	 1.9297913
2.384186e-07 	 1.6109499
-9.5367386e-07 	 2.609642
0.002751855 	 1.6414641
-2.3841855e-07 	 1.784818
0.0017410764 	 1.603383
2.6524418e-05 	 2.364038
0.02013743 	 2.2464085
-9.5367386e-07 	 1.8474877
7.0333726e-06 	 6.381396
-8.344647e-07 	 1.7860843
0.020590983 	 3.8081582
0.0022079865 	 2.7709053
-9.5367386e-07 	 2.2745225
0.0006131621 	 1.1865457
0.01819372 	 1.8206013
6.3181124e-06 	 1.3875383
0.0051364866 	 1.733047
0.012029653 	 1.4697794
1.549722e-06 	 3.1808069
0.032281235 	 3.2372603
0.0005860257 	 1.8847238
5.9129557e-05 	 1.8574661
0.000108367116 	 2.1672192
0.00018628186 	 3.6805732
0.001939806 	 1.117303
0.012055835 	 2.2334054
0.0012537945 	 1.2806051
0.042122245 	 1.8243345
0.042756133 	 1.4587207
0.031698555 	 1.871757
-3.576278e-07 	 1.1123935
0.005750469 	 1.9960583
0.00021352663 	 0.8894349
0.0061487257 	 0.64640355
0.0021139658 	 1.9224305
0.0038390444 	 3.5929468
3.1590512e-06 	 1.3256319
0.009188598 	 1.9505122
-9.5367386e-07 	 9.664073
0.01015172 	 1.1341754
-5.960463e-07 	 2.3821478
0.020112433 	 1.9101763
4.303548e-05 	 1.5868288
7.1525596e-07 	 2.0526237
-9.5367386e-07 	 2.5373507
0.021268293 	 1.6589156
-8.344647e-07 	 3.8685596
0.00047367107 	 3.844032
0.0003982383 	 1.949104
3.0994463e-06 	 2.4970975
0.018846205 	 1.3783003
0.00014300177 	 2.0755236
0.020600779 	 2.7880719
0.011474868 	 1.8176768
0.026712833 	 1.377189
0.040674258 	 1.8622602
0.041972056 	 2.2544463
0.023905937 	 1.5936774
0.020510854 	 3.1352248
0.013408812 	 1.3790685
0.020293802 	 1.0777591
-3.576278e-07 	 2.3544369
-9.5367386e-07 	 2.4986482
1.6033779e-05 	 4.6420045
1.4305125e-06 	 1.7545497
0.0001890242 	 1.7811065
9.596394e-06 	 1.0839815
1.1682579e-05 	 2.448195
0.020981623 	 1.2774038
-7.152555e-07 	 1.6524956
-3.576278e-07 	 1.6196978
3.1531355e-05 	 2.7906427
-4.7683704e-07 	 3.7844849
4.4703584e-06 	 0.6014912
-7.152555e-07 	 2.0415502
3.820731e-05 	 2.2566948
6.985908e-05 	 2.2411134
0.014194743 	 1.2605608
0.009863582 	 1.0509313
0.003016786 	 2.2831333
6.3777175e-06 	 2.3867302
-8.344647e-07 	 2.0625296
0.0053738845 	 2.7863483
0.0005415952 	 2.9867558
0.015297417 	 1.7521547
0.008036995 	 2.2841253
3.594225e-05 	 1.1600982
0.038142223 	 1.8064528
0.07698584 	 3.198287
0.046757344 	 1.8981527
0.02271611 	 4.6079597
0.018814864 	 0.71425897
0.0027136037 	 1.8565621
0.01797274 	 3.2007775
-9.5367386e-07 	 2.0790966
0.070216894 	 1.6825662
0.017179953 	 2.79247
0.020329142 	 2.3081346
-9.5367386e-07 	 3.8856633
0.0003513715 	 1.9233385
0.018469939 	 1.9428425
0.020617573 	 1.1187546
1.8000765e-05 	 2.3742368
0.0037903406 	 1.7076148
0.016939495 	 3.1976113
-9.5367386e-07 	 2.2823298
-9.5367386e-07 	 1.6771634
-9.5367386e-07 	 2.792366
-9.5367386e-07 	 2.791729
-9.5367386e-07 	 13.08657
9.817367e-05 	 9.683973
0.0023506472 	 3.8913863
-9.5367386e-07 	 3.195727
0.009121287 	 4.330915
0.00046854265 	 3.416847
-9.5367386e-07 	 2.716181
-9.5367386e-07 	 9.750251
-9.5367386e-07 	 3.8917367
6.6757425e-06 	 2.218466
0.020621771 	 3.4671793
-9.5367386e-07 	 1.1089885
0.009370041 	 2.09039
-9.5367386e-07 	 12.528317
0.0005018778 	 5.086663
3.0398414e-06 	 2.711976
-9.5367386e-07 	 1.7842716
0.07984707 	 2.1708188
-8.344647e-07 	 3.0916405
3.951866e-05 	 9.62002
0.04587421 	 4.406169
0.020606134 	 1.5691936
0.0206539 	 1.7295563
0.0024871735 	 2.074941
-9.5367386e-07 	 2.2955241
0.02198932 	 3.1007485
0.039432023 	 2.2799554
9.1195525e-06 	 1.5907012
0.0004151133 	 2.903857
2.9504734e-05 	 3.8121958
0.0117499605 	 2.0429509
-9.5367386e-07 	 1.031672
0.023336777 	 3.1185212
0.04885832 	 1.201241
0.014419909 	 1.9823983
0.029931663 	 1.717384
0.0009481632 	 1.7683597
0.014410536 	 2.4921207
0.10683884 	 2.033721
0.012771636 	 1.9729351
0.083265044 	 3.7961931
0.090499625 	 3.1984622
0.085164905 	 2.0972614
0.11683646 	 3.7359257
0.10172611 	 2.0525765
0.08440855 	 2.6298985
0.020502642 	 1.8117176
0.0032917736 	 1.5168482
1.1920929e-07 	 2.277346
0.020618973 	 1.6756033
-9.5367386e-07 	 2.1631296
5.36442e-07 	 2.9023454
0.0010261434 	 3.4407094
0.014637807 	 3.2005887
2.4080566e-05 	 1.3249002
8.094638e-05 	 2.4954026
0.020394474 	 1.9750875
0.049024943 	 2.6054518
0.08765262 	 1.550318
0.04168995 	 3.1816363
0.121934034 	 3.1976988
0.0863243 	 2.021927
0.079414874 	 1.0041751
0.046613637 	 2.670717
0.13351627 	 2.288627
0.07728864 	 2.733727
0.08393639 	 2.292515
0.046498865 	 1.9859247
0.1055407 	 3.1994686
0.06312643 	 1.669843
0.06317805 	 7.233929
0.058703072 	 2.7782393
0.02358592 	 2.4721217
0.020534704 	 1.8101578
0.0055015944 	 1.970386
0.06380344 	 2.2219703
0.027310746 	 4.0196714
0.052901164 	 2.1972656
0.051811814 	 1.8196536
0.060413815 	 1.2750103
0.044776462 	 2.0403013
0.036227632 	 1.9941204
0.028176775 	 1.6577064
0.065715924 	 3.1348
0.073157735 	 1.0174987
0.027713211 	 1.7408408
0.042099364 	 2.7807243
0.0011901186 	 1.5604817
Summary
-9.5367386e-07  -  0.7851535 ,  0.6014912  -  13.757615
accuracy:  100.0
equal predictions:  0
