TensorFlow version: 1.13.1
Found 939 images belonging to 1 classes.
argN = 3136
argN = 3136
0.41431573 	 1.9996964
0.5037873 	 1.5535425
0.39488238 	 1.8412766
0.2757268 	 1.6562675
0.14441907 	 1.8645624
0.053260498 	 2.3577898
0.03410804 	 2.078882
0.028081262 	 2.3694115
0.020796355 	 2.375438
0.113120966 	 1.5547179
0.10520154 	 2.0015364
0.1988828 	 1.7620364
0.28031346 	 1.685629
0.3009825 	 1.6289684
0.30095488 	 1.5351909
0.30840024 	 1.6646764
0.27811566 	 1.9119952
0.35639468 	 1.499973
0.3052147 	 1.613517
0.28068683 	 1.912493
0.16113073 	 1.9785417
0.082135595 	 1.755349
0.07701603 	 1.3646501
0.06823453 	 2.1139097
0.03810612 	 1.951683
0.043072265 	 1.7771944
0.26628917 	 1.8911111
0.62620175 	 2.0206988
0.75704545 	 1.8335699
0.82235795 	 1.6391776
0.8226927 	 1.673835
0.72592515 	 2.168357
0.6597239 	 2.0053437
0.50507927 	 2.4462821
0.3945643 	 2.040854
0.3704573 	 2.38995
0.40923962 	 1.488893
0.40152642 	 1.6064343
0.51669824 	 1.7233144
0.040975574 	 1.9047596
0.09315028 	 1.9984323
0.12479707 	 1.9020613
0.12304877 	 1.7692639
0.10609441 	 2.0746481
0.10210613 	 2.0616517
0.0863434 	 2.0487041
0.030592836 	 2.307009
0.03643309 	 1.8972725
0.021628741 	 2.6640685
0.017020915 	 1.9441457
0.1953047 	 1.2137657
0.09194812 	 1.7612681
0.09364873 	 1.6899338
0.083663456 	 2.0726352
0.090030126 	 1.4774377
0.12304229 	 1.6892012
0.104088396 	 1.4204068
0.085264534 	 1.5152153
0.10234314 	 1.8494445
0.027744036 	 1.9419112
0.02817837 	 1.5591892
0.016602185 	 2.1147783
0.019612594 	 2.3233428
0.012968947 	 2.2373366
0.015965637 	 1.522193
0.015850997 	 1.8918896
0.0247678 	 2.0760612
0.078263015 	 1.8792938
0.08548032 	 1.9407092
0.11624094 	 1.6984016
0.089401476 	 2.2971733
0.065950386 	 1.9114025
0.07272124 	 1.8101184
0.094574384 	 2.2410102
0.11377507 	 1.6739701
0.10867495 	 2.2387972
0.08956691 	 1.6862519
0.15717824 	 1.6196713
0.10007845 	 1.330356
0.09636729 	 1.401334
0.10905743 	 1.6932197
0.10925627 	 1.5416014
0.10982415 	 1.5040365
0.13578734 	 1.8522859
0.05427497 	 2.000049
0.027251026 	 1.7567124
0.023106605 	 2.1752875
0.022646604 	 2.0895061
0.015606739 	 2.1881444
0.011486745 	 1.763223
0.013351968 	 2.3908467
0.04573244 	 1.6983104
0.10897361 	 0.9887835
0.117019564 	 0.5246477
0.11935113 	 1.1677874
0.11357426 	 0.8183849
0.114842825 	 0.98837405
0.14755557 	 0.7241275
0.12476466 	 1.0224352
0.12873945 	 0.6907518
0.12846105 	 0.6606259
0.12313101 	 1.0631567
0.124350004 	 0.9512161
0.123398416 	 0.5430629
0.12501426 	 0.58361614
0.12105806 	 0.6874719
0.14182766 	 1.1115178
0.13409695 	 1.088267
0.14511631 	 0.71566874
0.13421208 	 0.7769302
0.13501893 	 0.74925035
0.12626295 	 0.7095531
0.12618849 	 0.9435121
0.10257968 	 0.6155823
0.09693729 	 1.1464297
0.08026576 	 1.639091
0.037656065 	 0.78529453
0.033414956 	 0.55375373
0.035420123 	 0.7226921
0.029721336 	 0.78435034
0.032646354 	 0.5056444
0.03589086 	 1.2272618
0.036593206 	 0.8730095
0.032555833 	 0.57587194
0.023068482 	 0.4681775
0.022113563 	 1.00398
0.023068909 	 1.008106
0.022058357 	 0.9698121
0.02553116 	 0.7712606
0.021369308 	 0.8792768
0.021509126 	 1.8396355
0.022810383 	 0.5270356
0.024685135 	 0.7668802
0.025548281 	 0.43013385
0.022492971 	 0.47759682
0.019101096 	 0.87425834
0.018607227 	 1.160772
0.013282986 	 0.7361675
0.014184283 	 1.0048006
0.015851177 	 0.9317808
0.01678601 	 1.2771319
0.013145522 	 1.0690176
0.01649038 	 0.9573707
0.014204959 	 1.4485267
0.013691446 	 0.57100886
0.012447437 	 0.5531767
0.014127517 	 0.71213114
0.012598508 	 0.42795682
0.012169257 	 1.8451269
0.013958989 	 0.72824377
0.021146955 	 0.88773584
0.020213697 	 0.48167628
0.021363644 	 0.37249643
0.02532194 	 0.5156791
0.024859697 	 0.5928798
0.029056136 	 1.2779635
0.02439107 	 0.7605702
0.02490235 	 1.2735609
0.023355447 	 1.3984697
0.023311945 	 1.0056368
0.021492682 	 1.5846251
0.030701006 	 0.5116513
0.02637729 	 0.9075662
0.02905411 	 1.2463582
0.027174463 	 1.1007441
0.0290446 	 0.97420067
0.028303815 	 0.7835513
0.032239806 	 0.6078925
0.034474257 	 0.5570651
0.037341088 	 0.7415182
0.034824193 	 1.1093955
0.04215165 	 0.49633822
0.030101491 	 1.065492
0.023606364 	 1.0749675
0.046318926 	 1.0850092
0.060060572 	 1.6266587
0.057048257 	 0.48566306
0.08580148 	 0.93539757
0.08951235 	 0.41767424
0.09197452 	 0.5711083
0.0927669 	 1.0896719
0.08490877 	 0.8910443
0.09952594 	 1.1349351
0.09740091 	 0.6631106
0.105923966 	 0.43190148
0.09667608 	 1.1853635
0.10103697 	 0.9100351
0.10122077 	 0.6367329
0.101822585 	 0.73436916
0.09441067 	 1.1938573
0.08828923 	 0.7800715
0.075251035 	 0.6670481
0.051039174 	 1.5977608
0.041508514 	 0.5605109
0.039545182 	 0.66164374
0.04029844 	 1.0365787
0.037059113 	 1.0593204
0.033768218 	 1.8175725
0.027918763 	 0.6961131
0.021329973 	 0.99253166
0.019403089 	 1.0593332
0.016325269 	 1.1611105
0.019615147 	 0.5865036
0.30433798 	 0.72978276
0.31481034 	 0.97168505
0.2302902 	 1.49031
0.22557038 	 1.0850887
0.1789641 	 0.8633993
0.16413367 	 1.5110621
0.15363072 	 1.0605867
0.1534328 	 0.6411136
0.16450873 	 1.1417595
0.18592444 	 1.4100591
0.20072636 	 1.5450848
0.20925392 	 1.0867507
0.1995936 	 1.4071563
0.1693018 	 1.0945376
0.17894085 	 1.1676692
0.18523447 	 1.3943219
0.17510031 	 1.2823712
0.15352829 	 1.9013951
0.18648854 	 1.3301266
0.17175272 	 1.1892837
0.18059294 	 0.9770402
0.18885817 	 1.3311591
0.21698453 	 1.2441146
0.23780505 	 1.326433
0.287997 	 1.1302617
0.2596896 	 1.218728
0.22466013 	 1.3614149
0.20237875 	 0.91951805
0.20314191 	 1.4409064
0.1880323 	 0.8139229
0.17128424 	 1.420301
0.19169813 	 1.3790634
0.16742544 	 1.2888439
0.17731896 	 1.5703095
0.1680899 	 1.7437162
0.28945518 	 1.2088696
0.25392884 	 1.2296921
0.1910785 	 0.99604154
0.19139235 	 1.2913395
0.17022234 	 1.6261888
0.1743217 	 1.1586728
0.16661476 	 1.0733402
0.16030553 	 1.1485156
0.1506219 	 1.44309
0.144458 	 0.8886878
0.13673972 	 1.4263731
0.1494738 	 1.6559755
0.13150437 	 1.4898164
0.12954074 	 1.6746863
0.12846336 	 1.5785755
0.11443801 	 1.2022974
0.11723889 	 1.4049158
0.11449395 	 1.3237642
0.11528566 	 1.1007142
0.12432767 	 1.0698195
0.14178164 	 1.3621684
0.14301597 	 1.3437583
0.14905675 	 1.600356
0.17793831 	 1.1039889
0.16601229 	 1.5738187
0.19293778 	 1.387176
0.220827 	 1.3391641
0.2623898 	 0.95809776
0.28380892 	 1.0495949
0.23844111 	 1.0030407
0.17414333 	 1.3521944
0.12514125 	 1.2852162
0.11705159 	 0.859658
0.11539791 	 1.3423061
0.11060091 	 1.4119158
0.116203785 	 1.3716793
0.14457555 	 1.5515616
0.21056783 	 1.4917243
0.24606732 	 1.3080719
0.25579584 	 1.0208331
0.35911885 	 0.8387119
0.36125404 	 0.81604195
0.36914435 	 0.9102747
0.38385317 	 0.8612979
0.46669158 	 0.7156463
0.4910729 	 0.78812855
0.46928644 	 0.8024087
0.457643 	 0.85305333
0.35639256 	 0.71180195
0.24419692 	 1.0054371
0.23837468 	 1.057454
0.1427181 	 1.5794833
0.12773152 	 1.265997
0.11667067 	 0.8557278
0.12782003 	 1.3203454
0.13064118 	 1.1752188
0.13407601 	 1.1068614
0.12293566 	 1.3948594
0.14220221 	 1.3966849
0.12598275 	 1.4784683
0.1346487 	 1.2890829
0.12152782 	 0.88595706
0.12912594 	 1.7229354
0.14246927 	 1.0681959
0.1375223 	 1.2934947
0.13960227 	 1.5119717
0.14376947 	 1.2854626
0.13889696 	 1.3845624
0.13703683 	 1.4226701
0.12806112 	 1.1739715
0.12648004 	 1.176295
0.11142999 	 1.4893374
0.10433157 	 0.9713464
0.11857654 	 1.7475756
0.10708878 	 1.1973802
Summary
0.011486745  -  0.8226927 ,  0.37249643  -  2.6640685
accuracy:  100.0
equal predictions:  0
TensorFlow version: 1.13.1
Found 939 images belonging to 1 classes.
argN = 3136
argN = 3136
0.49901098 	 2.0621428
0.5447828 	 1.7501407
0.5367937 	 1.9729016
0.53285044 	 2.2491894
0.34796137 	 1.9943156
0.647767 	 1.6360555
0.4131135 	 1.4718331
0.38522816 	 1.7524226
0.28058282 	 2.031431
0.1347877 	 1.7964668
0.13929625 	 2.0721853
0.1200557 	 2.0202582
0.10954339 	 1.5824996
0.09261787 	 2.0301247
0.059039775 	 2.1795695
0.059966203 	 2.0022843
0.055519283 	 1.8299447
0.047018513 	 2.1680593
0.0916304 	 2.0175774
0.076065384 	 1.6917968
0.15820171 	 1.3614677
0.3907301 	 1.0039569
0.19621399 	 1.7175022
0.16535175 	 1.6351215
0.23120326 	 1.4689791
0.27968 	 1.851533
0.35278472 	 1.3575685
0.3406944 	 1.3985838
0.3519786 	 1.3971695
0.36175227 	 1.3668158
0.22211865 	 1.6828432
0.14349595 	 1.7261498
0.08696278 	 2.3591025
0.08705681 	 2.6849432
0.0840619 	 1.7640579
0.07903376 	 2.2340202
0.08804674 	 1.8983485
0.086909406 	 1.7069387
0.092532866 	 2.2619336
0.098592214 	 2.0050626
0.13914444 	 1.8838967
0.85509026 	 1.8828753
0.89151925 	 1.8623477
1.0128964 	 1.9697983
0.9549234 	 2.4215057
0.949337 	 2.269331
0.9752911 	 1.5664318
0.7801457 	 1.7698861
0.429697 	 1.7177998
0.6265024 	 1.6630771
0.09670806 	 1.891524
0.0720668 	 1.8305963
0.07421058 	 2.322911
0.07762058 	 2.0951722
0.083713874 	 1.7061834
0.0804397 	 1.9525597
0.064965986 	 1.5792409
0.060133487 	 1.8575242
0.049304303 	 1.8529499
0.18744741 	 1.7243683
0.16115768 	 1.5988404
0.12960398 	 1.9237677
0.17586362 	 1.4713191
0.17730814 	 1.509441
0.18204245 	 1.4240472
0.20226477 	 1.7060419
0.15904137 	 1.4898783
0.15883324 	 2.040982
0.16855942 	 1.8344092
0.16692123 	 1.9416245
0.12451134 	 1.8428069
0.1022966 	 1.7651097
0.063704275 	 1.9692045
0.035214197 	 2.185842
0.028563889 	 1.693337
0.024834644 	 1.7307339
0.23983851 	 2.0406222
0.18284278 	 2.208745
0.1793387 	 2.0097914
0.15983574 	 1.9840058
0.08111556 	 1.8111669
0.082195 	 1.161569
0.07398778 	 1.7622211
0.110582076 	 2.111273
0.13343228 	 1.7996292
0.14400184 	 1.6973679
0.16127843 	 2.1043563
0.16106533 	 1.7558562
0.17146783 	 1.3638551
0.16345246 	 2.4054096
0.1789077 	 1.8118548
0.13044687 	 1.9021409
0.11679626 	 2.0994234
0.07797029 	 2.1049244
0.07176161 	 2.1161366
0.2620531 	 1.3204823
0.2319441 	 1.3703412
0.06081013 	 1.8582727
0.10687618 	 1.7109567
0.27416945 	 1.2417727
0.110663764 	 1.8840392
0.12587626 	 1.7374786
0.14410228 	 1.8264657
0.16874336 	 1.5176237
0.06183717 	 2.4808292
0.05712165 	 1.9014131
0.027568111 	 1.9593327
0.043509323 	 2.2290647
0.050225385 	 2.6880758
0.060274906 	 1.9908366
0.14494811 	 1.4562292
0.13326828 	 1.2981324
0.048187464 	 1.8724794
0.21647216 	 0.5883596
0.20883621 	 0.70682275
0.22277391 	 0.89004433
0.22937228 	 1.1067874
0.21134494 	 0.93383646
0.25134975 	 0.9676071
0.2103828 	 0.62563354
0.21177106 	 0.8310086
0.18990421 	 1.4506086
0.1588558 	 1.0882232
0.173522 	 0.92238945
0.18533577 	 0.9898966
0.14076982 	 1.249626
0.121602334 	 1.3226367
0.12995613 	 0.8704233
0.11968995 	 1.0902429
0.105783954 	 0.6481044
0.09363008 	 1.2764496
0.090499625 	 2.3832862
0.09177438 	 1.0567003
0.059910953 	 1.0305303
0.051638447 	 0.5439362
0.05408475 	 1.0426283
0.058724564 	 0.9479867
0.052151293 	 1.6517044
0.054646257 	 1.6659787
0.049033646 	 0.76829743
0.053216495 	 1.3275881
0.056563735 	 1.1960484
0.05301347 	 1.0240322
0.05406078 	 0.94415957
0.0535257 	 1.2524111
0.05243718 	 0.8392896
0.052908137 	 1.4577838
0.03308812 	 0.4830535
0.03146528 	 0.8736476
0.037742656 	 1.4696081
0.038686913 	 0.7358166
0.027779212 	 0.80923533
0.029537696 	 0.7620691
0.029664233 	 2.384607
0.03387778 	 0.7992957
0.03403194 	 1.9444982
0.030639298 	 0.93866587
0.031570654 	 0.62801087
0.025998242 	 1.2637486
0.024824867 	 1.7743899
0.024805315 	 0.7609386
0.025117105 	 0.83144903
0.025125416 	 0.7879334
0.03294249 	 0.6484201
0.028345142 	 1.2304268
0.028966367 	 0.8710771
0.030216856 	 0.96514106
0.027107278 	 1.0054775
0.027343825 	 1.0818936
0.027877025 	 1.5702356
0.032376107 	 1.1558977
0.0278264 	 0.797416
0.041160207 	 1.4321021
0.04252375 	 1.1558728
0.04321857 	 1.0097104
0.05403769 	 1.1731672
0.046691515 	 1.1199665
0.052090697 	 1.2692703
0.0600419 	 0.878973
0.05340504 	 0.9348321
0.069921084 	 0.52870595
0.07748319 	 1.2051407
0.079627074 	 0.6366986
0.10840209 	 0.8295034
0.12425005 	 0.47943354
0.13683581 	 0.6895318
0.12969443 	 1.0452447
0.13141212 	 1.1058482
0.13412775 	 0.8841387
0.14274499 	 0.9038939
0.1407491 	 0.8828756
0.14205773 	 1.3822874
0.12210791 	 1.1238049
0.12554453 	 1.3808246
0.12096018 	 1.006606
0.09085145 	 0.81654024
0.060282633 	 1.138263
0.054684028 	 1.2768352
0.05174151 	 0.61526483
0.04231424 	 1.1788678
0.04000558 	 1.2914723
0.03953613 	 0.78158873
0.0376807 	 0.5101417
0.4271669 	 1.0112562
0.40533492 	 1.0700814
0.42797184 	 1.1809713
0.40461162 	 1.0048549
0.4270209 	 0.8733108
0.39701658 	 1.3145707
0.269765 	 1.4077264
0.25657794 	 1.3751453
0.2371546 	 1.1599238
0.24723734 	 1.4730108
0.26810786 	 1.4675586
0.2814373 	 1.4115182
0.29263029 	 1.3603401
0.27522898 	 1.0867225
0.2924787 	 1.358831
0.26547915 	 1.4057845
0.25820896 	 1.3408375
0.26512018 	 1.1648515
0.25027907 	 1.3554254
0.2620281 	 1.28736
0.23580801 	 1.1540537
0.2309118 	 1.1875291
0.2571336 	 1.5343565
0.24468593 	 1.6659992
0.24782628 	 1.4285964
0.2728409 	 1.4589558
0.26121286 	 1.3794234
0.29536083 	 1.4507136
0.32881558 	 1.4267824
0.37987515 	 1.3533876
0.3458519 	 1.4791653
0.28014362 	 1.1187168
0.25530145 	 1.1124371
0.4375009 	 0.6913798
0.28270003 	 1.3987554
0.27187306 	 1.5355822
0.29197413 	 1.7577126
0.27026758 	 1.5988183
0.24760857 	 1.1429669
0.19021603 	 1.4271792
0.19496666 	 1.4140155
0.19190414 	 1.499613
0.22458006 	 1.4057288
0.23002009 	 1.3080183
0.22812366 	 1.1320465
0.18763931 	 1.5765011
0.19166441 	 0.888613
0.15373866 	 1.2980505
0.17345677 	 1.5332106
0.17606923 	 1.8539567
0.18356726 	 1.8784486
0.21540572 	 1.5997791
0.22269608 	 1.2140019
0.22929266 	 1.2857008
0.26517186 	 1.518194
0.24238296 	 1.3113654
0.25427327 	 1.2257956
0.2356366 	 1.4806637
0.3313264 	 1.2097164
0.38195494 	 0.9782914
0.37203053 	 1.2525157
0.35951018 	 1.207714
0.24440399 	 1.5458763
0.20631258 	 1.6126739
0.17297643 	 1.4958298
0.16960429 	 1.5496446
0.17983843 	 1.6588962
0.17482214 	 1.2308925
0.194188 	 1.6800005
0.18966526 	 1.6094851
0.172526 	 1.4231892
0.17381038 	 1.1995058
0.20219676 	 1.3723762
0.21539034 	 1.2801546
0.2287365 	 0.93854195
0.2420805 	 0.893052
0.25854808 	 1.4379157
0.33911446 	 1.3816408
0.33800238 	 1.3178564
0.31458154 	 1.2792324
0.39486647 	 1.1278819
0.39540854 	 0.8278247
0.43188405 	 0.80251205
0.45358106 	 0.76612574
0.44599763 	 0.80919224
0.4906827 	 0.75795686
0.47628197 	 0.8132984
0.4834885 	 0.8125127
0.51640683 	 0.8017123
0.5024105 	 0.7957407
0.48229283 	 0.8224735
0.42744452 	 0.89012575
0.34725323 	 1.0724475
0.27566305 	 1.118044
0.2566788 	 1.3515713
0.22810374 	 1.5073067
0.22192857 	 1.4235448
0.1854708 	 1.6841052
0.18056317 	 1.3223462
0.18097666 	 1.9019259
0.17907089 	 1.7953023
0.18556875 	 1.440699
0.18497384 	 1.2400821
0.18172295 	 1.4637128
0.18912256 	 1.2484243
0.2036008 	 1.530443
0.20570572 	 1.4445064
0.20085707 	 1.7891061
0.20099217 	 1.7144618
0.16807918 	 1.5999517
Summary
0.024805315  -  1.0128964 ,  0.47943354  -  2.6880758
accuracy:  100.0
equal predictions:  0
TensorFlow version: 1.13.1
Found 939 images belonging to 1 classes.
argN = 3136
argN = 3136
0.4249204 	 2.1847773
0.46347666 	 1.830906
0.2438628 	 1.5616348
0.5649312 	 1.91204
0.4569076 	 1.5425022
0.2415092 	 2.221064
0.20916164 	 1.3492532
0.06777155 	 2.03045
0.020108966 	 1.5148914
0.022644531 	 1.3204948
0.04042529 	 1.7894454
0.025309531 	 1.8524967
0.24028544 	 1.3958071
0.31948778 	 1.0377201
0.35910466 	 1.060579
0.23833217 	 1.2404498
0.18134803 	 1.8197691
0.20353088 	 1.6866114
0.30673233 	 1.594742
0.35787928 	 1.5150083
0.37589857 	 1.3089825
0.39047658 	 1.8384907
0.3989747 	 1.5669321
0.07470854 	 1.9247203
0.042199213 	 1.468147
0.052182 	 2.4067607
0.047184147 	 2.2153869
0.06301996 	 1.7289292
0.10568922 	 1.87633
0.15218091 	 1.9301056
0.44736552 	 1.6858841
0.7145473 	 1.5493087
0.69723284 	 1.4717313
0.87531567 	 1.3898163
0.90022504 	 1.492959
0.57321256 	 1.6199847
0.43195465 	 1.8750399
0.4082332 	 1.8247222
0.21185549 	 2.0480502
0.5054317 	 1.9255822
0.052832667 	 1.6760076
0.047130037 	 1.7650069
0.05795048 	 2.3008947
0.09025849 	 1.8820773
0.20002939 	 1.4451958
0.12528102 	 1.7165262
0.119624384 	 1.5463773
0.10270907 	 1.6938473
0.025922203 	 1.9112904
0.022647763 	 2.0475955
0.017976927 	 1.8029183
0.15953647 	 1.4855778
0.16423166 	 1.4367691
0.14576402 	 1.5000607
0.034771055 	 1.8896657
0.020958554 	 1.8462232
0.03604403 	 1.5792054
0.011346453 	 1.4859788
0.011541976 	 2.3869865
0.011788438 	 1.5447133
0.01608653 	 1.4909668
0.0140204 	 2.213505
0.01786788 	 2.016497
0.04933054 	 1.276074
0.17292932 	 1.388158
0.20324051 	 1.7420185
0.19317722 	 1.6152791
0.18590578 	 1.7076885
0.15886551 	 1.9563091
0.14588284 	 1.3724291
0.13576418 	 1.7429346
0.056846533 	 2.2583356
0.038827315 	 2.169514
0.046412013 	 1.5329041
0.052767318 	 1.5596054
0.083363384 	 1.7112751
0.07408573 	 1.2603333
0.14459415 	 1.5134603
0.108050205 	 1.772526
0.11129307 	 1.7032295
0.112194136 	 1.918511
0.028794952 	 1.7077335
0.036777403 	 1.5783311
0.046383478 	 1.8185906
0.071243346 	 2.132119
0.21882483 	 1.0092696
0.24894576 	 1.1788893
0.07218006 	 2.1788313
0.18123578 	 1.49435
0.1941555 	 1.5305672
0.099934906 	 1.7560431
0.01577155 	 1.8062767
0.014695995 	 2.103164
0.012066151 	 2.3555248
0.029864293 	 2.0001636
0.06964377 	 1.6120749
0.17076683 	 0.6990246
0.17637493 	 0.66794693
0.15614118 	 0.6557305
0.16940664 	 0.84613425
0.1757824 	 0.586671
0.18477169 	 1.0062548
0.19777095 	 1.2161125
0.19776842 	 0.89930665
0.18863717 	 0.882532
0.1869905 	 0.68826365
0.19840857 	 1.0085897
0.19325185 	 0.702072
0.18496716 	 0.62724084
0.19367234 	 0.73120236
0.16930546 	 0.61048543
0.1923956 	 0.7095927
0.18245476 	 0.92335397
0.17336078 	 1.1850625
0.14704795 	 0.62326217
0.1403109 	 0.66965204
0.10447633 	 0.43245372
0.11015423 	 0.580992
0.111113876 	 0.9722494
0.09346043 	 0.63268626
0.06076421 	 0.6704131
0.053680025 	 0.6715985
0.050772186 	 0.7766562
0.035301253 	 0.76653326
0.040592875 	 0.45206147
0.035577856 	 0.7810423
0.036032103 	 1.6705052
0.033206727 	 1.1445482
0.03304937 	 0.9264962
0.029736502 	 0.9697634
0.03713198 	 0.86269915
0.04228974 	 0.739241
0.026492653 	 0.5457739
0.02564398 	 1.0038975
0.022515526 	 0.86096346
0.02127146 	 0.96180314
0.018361142 	 0.47699335
0.015785899 	 0.68860775
0.02056111 	 2.3380952
0.02369193 	 0.6385154
0.020194659 	 1.188199
0.018451603 	 0.8971719
0.01554632 	 1.0027075
0.011677833 	 1.5841621
0.013013813 	 1.0068941
0.012795604 	 0.590683
0.008304352 	 1.1381638
0.01057884 	 0.93611956
0.009003278 	 0.8975556
0.011006384 	 0.56779706
0.011853878 	 0.7993078
0.011396189 	 0.40269053
0.0115777925 	 1.1069008
0.010671672 	 1.0974271
0.011086479 	 0.67242205
0.014531665 	 0.7880682
0.009485446 	 0.7676948
0.010080912 	 0.5513074
0.012563982 	 0.77012116
0.020747732 	 0.41720435
0.023702245 	 0.81499213
0.0197118 	 0.83788663
0.025093634 	 1.0223094
0.021477701 	 0.72077674
0.019678244 	 0.5177251
0.019935658 	 0.4733886
0.023751378 	 1.0599409
0.019931462 	 2.0869322
0.02815685 	 0.99422437
0.023936644 	 0.95976603
0.026840298 	 0.4329163
0.028038291 	 0.69157344
0.025472034 	 0.52908486
0.028377702 	 0.6099225
0.026815807 	 0.67451096
0.021187378 	 0.9484113
0.027476149 	 0.5276338
0.02418215 	 1.7306229
0.028073294 	 0.7807018
0.03314031 	 0.56322694
0.039970655 	 0.49646524
0.04544815 	 1.4388908
0.0452611 	 0.5321602
0.043819837 	 0.9623411
0.07272823 	 0.8130038
0.07642028 	 0.7845947
0.08294851 	 1.148494
0.10639562 	 0.9605012
0.10433626 	 0.56577843
0.11384126 	 1.1177462
0.11419945 	 0.45217595
0.122457154 	 0.56440365
0.10492029 	 1.1579728
0.10816463 	 0.87186086
0.09014342 	 1.250388
0.09156821 	 0.62272507
0.07282759 	 0.6221291
0.07132527 	 0.6654979
0.057661623 	 0.8154595
0.018187832 	 1.1284223
0.021181839 	 1.0507252
0.01413465 	 1.2178999
0.2708011 	 1.0566428
0.2956737 	 1.033469
0.2984831 	 1.0114356
0.14838476 	 1.3599882
0.1412674 	 0.99240655
0.13535573 	 1.0398687
0.15232083 	 1.2583636
0.15617867 	 1.4653485
0.15425123 	 0.83040905
0.1805037 	 1.2320635
0.18726066 	 0.9464664
0.19351892 	 1.4273729
0.16815308 	 1.2951927
0.18611453 	 1.168418
0.15908687 	 1.1657757
0.15233396 	 1.0154145
0.14683455 	 1.1274562
0.14365587 	 1.0143522
0.15208279 	 1.111534
0.15098812 	 1.369362
0.13709064 	 1.0752505
0.15543303 	 1.1402432
0.14964499 	 1.1413231
0.1584992 	 1.4932196
0.15606663 	 1.3913435
0.15362315 	 1.2866672
0.16169642 	 1.5232543
0.26298943 	 1.5781878
0.23535313 	 1.318593
0.2091958 	 1.3739551
0.1978359 	 1.5335108
0.18038604 	 1.500288
0.17083295 	 1.0841005
0.16552363 	 1.0848801
0.16324733 	 1.267512
0.1631817 	 1.5371606
0.2219485 	 0.66320145
0.25813517 	 1.0174471
0.3065748 	 0.99566025
0.2346809 	 1.1645237
0.1882579 	 1.3350047
0.21336648 	 1.6552016
0.20071544 	 1.1233702
0.15038778 	 1.3923912
0.15123555 	 1.3363509
0.14170493 	 1.1680994
0.12925915 	 1.4101804
0.14000939 	 1.2163591
0.13862127 	 1.3403195
0.13749672 	 1.410241
0.12399733 	 1.1572585
0.11508388 	 1.0391382
0.10593033 	 1.5265094
0.100183 	 2.2358518
0.097425416 	 1.4842529
0.09585672 	 1.63536
0.10255419 	 1.3684344
0.09793436 	 1.6199667
0.13855371 	 0.91489625
0.14808875 	 0.7930014
0.1474266 	 1.3175267
0.15844066 	 0.6078855
0.21590112 	 0.94656605
0.23507516 	 0.64149976
0.22569817 	 1.2524576
0.27258995 	 0.95263857
0.27387178 	 1.0680581
0.2344396 	 0.89127016
0.20858799 	 1.2196765
0.17348123 	 1.2542624
0.15490238 	 0.7329141
0.13544138 	 0.7591478
0.13963175 	 0.8215719
0.10228788 	 1.5677204
0.10391135 	 1.5783068
0.09318247 	 1.1866176
0.08885269 	 1.1801846
0.096743055 	 1.1579413
0.09071347 	 0.89176756
0.10966444 	 1.2962071
0.11824501 	 1.6263791
0.12558624 	 1.5162041
0.15211679 	 1.8238968
0.18959638 	 1.3017393
0.31153834 	 0.95488316
0.3464485 	 0.8956931
0.3799081 	 0.77706957
0.40986094 	 0.82691413
0.45374712 	 0.7032424
0.44162324 	 0.7004143
0.4660553 	 0.6767177
0.4872207 	 0.6980942
0.4647912 	 0.6875108
0.41112226 	 0.70082927
0.38426667 	 0.74334455
0.32510266 	 0.7147548
0.27985853 	 0.8380824
0.19346504 	 0.7564007
0.11998883 	 1.3754677
0.11439838 	 1.0305531
0.10910848 	 0.86956286
0.106668726 	 1.2748165
0.111876845 	 1.4333795
0.10299921 	 1.1281509
0.1276969 	 1.369394
0.1078281 	 0.7004458
0.105817415 	 1.6448371
0.10866385 	 1.6476051
0.11107638 	 1.4484962
0.102172606 	 0.9184575
0.083254226 	 1.3848803
Summary
0.008304352  -  0.90022504 ,  0.40269053  -  2.4067607
accuracy:  100.0
equal predictions:  0
TensorFlow version: 1.13.1
Found 939 images belonging to 1 classes.
argN = 3136
argN = 3136
0.33801574 	 2.1180053
0.22278984 	 1.929046
0.10378795 	 1.8507327
0.104735285 	 2.1539931
0.093129344 	 2.3209214
0.0934711 	 1.9067436
0.0611234 	 2.0957842
0.40848193 	 0.96552616
0.23622553 	 1.2645143
0.22628449 	 1.450826
0.37257984 	 1.4684087
0.37829718 	 1.4401684
0.19583105 	 1.9293202
0.17786512 	 1.8995184
0.1672886 	 1.6600815
0.15020789 	 2.3503733
0.13184862 	 2.4539049
0.14048518 	 2.312805
0.15572676 	 1.5871879
0.1931574 	 2.2611635
0.9028173 	 1.7319506
1.0895033 	 2.0399816
1.2130567 	 1.8886905
0.7246268 	 2.2341504
0.7980919 	 2.0751972
0.7673609 	 1.962511
0.74691904 	 1.7393848
0.6693207 	 1.9275228
0.72798425 	 1.9088358
0.7493564 	 1.4710532
0.23626478 	 1.6389989
0.25716436 	 1.5993105
0.20755413 	 2.1304882
0.19612624 	 1.8288448
0.07092887 	 2.3850622
0.06598514 	 2.4283495
0.381007 	 1.1046782
0.23560545 	 1.2678399
0.19883154 	 1.5498095
0.17862839 	 1.5377353
0.32515854 	 1.2984139
0.33406526 	 1.3288641
0.32430756 	 1.3437197
0.2252147 	 1.6369033
0.17229918 	 1.7641222
0.087096736 	 2.110923
0.082803465 	 1.9402918
0.07951452 	 2.174412
0.05245646 	 1.9737653
0.051619556 	 2.4719896
0.07078158 	 2.2331583
0.07068556 	 2.3850381
0.08679524 	 2.3423014
0.15492404 	 2.2351289
0.31953898 	 2.121411
0.308638 	 1.7180831
0.28878504 	 2.0422254
0.29087552 	 1.8214355
0.2678476 	 1.6422306
0.2073481 	 2.0494614
0.15940782 	 2.0333471
0.2152657 	 1.6402804
0.1714979 	 1.966501
0.092777826 	 1.7824392
0.08760174 	 2.1570356
0.21882847 	 1.5164503
0.35234463 	 1.151041
0.35524836 	 1.1064192
0.378105 	 1.0491592
0.36397398 	 0.92450863
0.14078629 	 2.154302
0.21583137 	 1.6507442
0.31880003 	 1.3615028
0.3369215 	 1.2046026
0.31777492 	 1.1907648
0.20088111 	 1.6681064
0.091972366 	 1.8227394
0.089040056 	 2.2184496
0.062083345 	 1.7619233
0.03970859 	 2.4181633
0.066439725 	 2.4495962
0.06797555 	 1.9615904
0.15398456 	 1.6125133
0.17248294 	 1.6483475
0.13084088 	 1.4233909
0.08848743 	 2.126282
0.296064 	 0.6988658
0.321068 	 0.8147059
0.32316843 	 1.2468287
0.34922242 	 0.6859094
0.32992703 	 0.68428594
0.29079884 	 1.0861716
0.3148834 	 1.0514308
0.31772235 	 0.69734466
0.32424113 	 0.8704875
0.31722715 	 0.9265066
0.28555012 	 1.0718807
0.25727293 	 0.74643636
0.2907978 	 0.9454534
0.23667704 	 1.0032878
0.2373018 	 0.8765393
0.1610152 	 1.0390724
0.17390151 	 1.3438479
0.1523915 	 0.8698857
0.1501204 	 1.0194664
0.15786383 	 0.77014923
0.15224546 	 0.9234317
0.13219611 	 0.7779319
0.131636 	 0.8890266
0.118539765 	 0.91951656
0.10582802 	 0.8482434
0.098515846 	 0.7256452
0.096189305 	 1.1789643
0.09429513 	 1.6034982
0.08344379 	 1.2235253
0.079498574 	 0.600932
0.08239601 	 0.9586678
0.095337756 	 0.78692067
0.08826273 	 1.2697347
0.08977769 	 2.3134038
0.08717796 	 1.3344241
0.08069554 	 1.293477
0.07222184 	 1.5221877
0.07775432 	 0.8682865
0.07590834 	 1.161704
0.07859386 	 1.4560344
0.08955798 	 0.86318654
0.09119511 	 1.0162342
0.076408565 	 0.8400178
0.07521704 	 0.7434575
0.07512747 	 1.1312164
0.069783665 	 1.2621119
0.054329906 	 1.3412323
0.048843734 	 0.9367846
0.048467275 	 0.6583806
0.046228405 	 1.0381125
0.045520134 	 1.1929824
0.045354027 	 1.5507058
0.054113884 	 1.0550075
0.050604578 	 1.1468309
0.050471853 	 0.92313755
0.053967357 	 0.84851587
0.044305574 	 0.9429365
0.039891623 	 1.0980526
0.041352764 	 0.79137105
0.044537313 	 1.6658323
0.04276335 	 1.3206724
0.0467872 	 1.4166403
0.037470408 	 1.9801964
0.03889461 	 1.0738288
0.03262788 	 1.3851782
0.040846977 	 1.2329389
0.0394944 	 1.6461182
0.038416885 	 1.0949806
0.038420476 	 0.8461381
0.032101497 	 1.2429943
0.035169188 	 1.1920683
0.035036705 	 1.172599
0.040679347 	 1.0667092
0.044477988 	 1.112247
0.057119884 	 0.6734664
0.06590416 	 0.7197037
0.07403669 	 0.7550214
0.054922655 	 1.01474
0.07057899 	 0.63781077
0.0650918 	 1.2997439
0.078079455 	 0.6499677
0.07229404 	 1.1055218
0.07697412 	 1.0317218
0.07903163 	 1.6105751
0.098067686 	 1.0186408
0.119354025 	 1.2555333
0.12522332 	 0.58464426
0.14765526 	 0.89260006
0.1658247 	 1.0065788
0.16000171 	 0.7882974
0.15480894 	 1.3337224
0.16469713 	 0.7714889
0.16307808 	 1.0139259
0.1479727 	 0.6820971
0.14750369 	 0.9324062
0.14366212 	 1.17114
0.13527958 	 1.115081
0.1236186 	 0.807419
0.11799038 	 1.2769927
0.08998153 	 1.3138659
0.04817952 	 1.0430952
0.051489584 	 0.78107756
0.47737738 	 0.9160207
0.46619305 	 1.0547134
0.42121938 	 1.0966839
0.40621236 	 1.0140898
0.39846155 	 1.1052681
0.38644868 	 1.1452152
0.32454246 	 1.1651039
0.32796276 	 0.95099515
0.33852467 	 1.207935
0.31540653 	 1.1448569
0.3480223 	 1.3104218
0.35603723 	 1.1776096
0.36162663 	 1.085331
0.37141636 	 1.039653
0.37660348 	 1.0684122
0.3846469 	 1.0563207
0.35742548 	 1.2244148
0.32518318 	 1.1289216
0.34853384 	 1.341032
0.3373442 	 1.2559226
0.34341347 	 1.2072061
0.32474962 	 1.3536456
0.33118045 	 1.2855594
0.31659722 	 1.2171476
0.33771175 	 1.4137702
0.3315245 	 1.3040136
0.31185377 	 0.94482493
0.35412025 	 1.0029767
0.35161915 	 1.4233994
0.33877975 	 1.2048506
0.33379358 	 1.050044
0.31765494 	 1.1622895
0.47775578 	 1.0309471
0.46712396 	 1.2809435
0.42644718 	 1.2897303
0.42471686 	 1.1429063
0.40743163 	 1.3850213
0.38143528 	 1.3391539
0.33437365 	 1.3669345
0.34137022 	 1.4595985
0.34589073 	 1.2810353
0.4504462 	 1.0901148
0.52459204 	 1.1095098
0.3398936 	 1.8208252
0.35575697 	 1.3218471
0.30377677 	 1.4079121
0.26788905 	 1.5538678
0.27058652 	 1.5458632
0.27588707 	 1.2114432
0.25130177 	 1.0212809
0.25078946 	 1.5170665
0.28544694 	 1.3999711
0.27890375 	 0.8933374
0.2495633 	 1.7114638
0.24994811 	 1.1730915
0.22818013 	 1.7277962
0.2153275 	 1.4787285
0.21476236 	 0.95742214
0.210045 	 1.1830987
0.20384435 	 1.6021396
0.22071916 	 1.6926119
0.25091776 	 1.4626999
0.31132382 	 1.3597099
0.29960153 	 1.0172148
0.3001575 	 1.276138
0.2926801 	 1.2905543
0.29845786 	 1.2220787
0.30882916 	 1.2326714
0.304393 	 1.2497929
0.2926381 	 1.4328616
0.3430034 	 1.2444596
0.36435515 	 1.152457
0.37332308 	 1.033101
0.38168198 	 1.1097907
0.37397093 	 1.0092431
0.37409282 	 0.95641464
0.3938634 	 0.92612654
0.37860066 	 1.0645206
0.31653604 	 1.1779976
0.26622483 	 1.0399778
0.2738298 	 1.3954866
0.24594261 	 1.4661078
0.23971291 	 1.611143
0.2248564 	 1.4123651
0.23656301 	 1.5358757
0.21876149 	 1.5204896
0.21675041 	 1.4717088
0.20640469 	 1.2545844
0.22986864 	 1.3278683
0.23653741 	 0.96763813
0.24277306 	 1.3183602
0.27084962 	 1.2362386
0.30697262 	 1.2471203
0.341489 	 1.3103933
0.3506589 	 0.8104451
0.34447336 	 1.1144023
0.34827137 	 1.2324697
0.3813335 	 1.3066975
0.3860624 	 0.9169498
0.41345486 	 0.95465595
0.43710613 	 0.94712806
0.46968162 	 0.8275657
0.45919126 	 0.6876732
0.47616297 	 0.65863764
0.47559085 	 0.6453496
0.5489483 	 0.5968725
0.5441613 	 0.6161013
0.51702356 	 0.70008534
0.42156002 	 0.80499744
0.40306613 	 0.7546633
0.27959087 	 1.3730226
0.23559888 	 1.5926687
0.24697712 	 1.1006491
0.22488931 	 1.016479
0.22212124 	 0.9868096
0.2542768 	 1.545484
0.28111926 	 1.5685205
0.2796265 	 1.5275685
0.28742588 	 1.2663617
0.26529744 	 1.4722695
0.26098967 	 1.4327879
0.2438357 	 1.244381
0.24753757 	 1.4363637
0.25149888 	 1.2928394
0.22351003 	 1.2920059
Summary
0.032101497  -  1.2130567 ,  0.58464426  -  2.4719896
accuracy:  100.0
equal predictions:  0
