TensorFlow version: 1.13.1
Found 939 images belonging to 1 classes.
argN = 49
argN = 49
0.39361706 	 3.2013264
0.40021077 	 2.885141
0.2716869 	 1.9431342
0.5978866 	 3.8843145
0.45561606 	 1.4601592
0.11731321 	 3.8306403
0.1085606 	 3.4495337
0.2885348 	 3.8655252
0.062136624 	 2.5025198
0.07171563 	 2.456325
0.10362907 	 2.3205755
0.15882108 	 2.290505
0.057662826 	 2.3382745
0.14368531 	 1.2233945
0.4434336 	 5.9882574
0.40522593 	 2.2759202
0.75821686 	 2.0188587
0.37111413 	 1.7465401
0.069712535 	 2.3954027
0.1891858 	 1.3046174
3.7134385e-05 	 2.7702029
0.0068421853 	 2.005139
0.34015557 	 1.8542867
0.22602285 	 0.6450989
0.03244857 	 4.869976
0.36068296 	 1.6681769
0.23754954 	 0.9064344
0.5521249 	 4.911894
0.37662026 	 2.128878
0.11943932 	 3.3515115
0.035353307 	 3.247043
0.44420332 	 1.789802
0.37664595 	 4.2625403
0.49089262 	 2.7068496
0.45042562 	 3.0509849
0.3221182 	 1.0625399
0.015665649 	 5.2321005
0.038951498 	 2.4062726
0.0966103 	 2.4144042
0.23667312 	 3.330448
0.13361096 	 1.9288464
0.029998608 	 2.6458914
0.057824418 	 2.5784972
0.04201712 	 4.3212523
0.06859023 	 2.961573
0.04607404 	 2.5823705
0.12503648 	 3.7650495
1.7881395e-07 	 2.534843
-7.152555e-07 	 1.356312
0.17702529 	 2.4968426
0.2397132 	 3.1644819
0.23894016 	 2.1632907
0.25448406 	 2.113067
0.19210693 	 2.2929583
0.5037637 	 2.3842177
0.35255185 	 2.6608386
0.062806055 	 1.8866329
0.0006600412 	 2.3340895
0.035541043 	 7.961715
0.03379091 	 2.3273954
0.062560335 	 1.7780691
0.30541176 	 1.1749511
0.2602106 	 1.192909
0.2666273 	 1.6883852
0.15531947 	 2.327673
0.061484944 	 6.7871995
0.024562648 	 6.2320037
0.080162816 	 3.6879992
0.039555598 	 8.213358
0.096445724 	 3.6502569
0.21640074 	 1.5340327
0.26197425 	 3.8346455
0.1688099 	 2.43598
0.31809103 	 1.1033785
0.18711036 	 1.2221744
0.29838645 	 2.2525167
0.14865403 	 0.7852253
0.03987624 	 2.3513386
0.090582296 	 2.3046381
-9.5367386e-07 	 1.531962
0.20734046 	 2.521797
0.05611797 	 2.3700488
0.15195559 	 2.1824894
0.08789906 	 2.5974538
0.036411885 	 3.3460612
0.024754051 	 2.044981
1.5676145e-05 	 2.0946543
3.5048146e-05 	 11.883864
0.0073524336 	 2.4454772
0.038783755 	 3.1407826
0.020288693 	 2.4683347
0.00018926266 	 3.058683
0.037394546 	 1.6137595
-5.960463e-07 	 5.343955
-9.5367386e-07 	 2.6462562
0.04760363 	 3.2779503
0.020618182 	 1.6419264
-8.344647e-07 	 8.181752
0.062333073 	 2.6273196
0.0063152825 	 3.1994102
0.037745565 	 2.2175136
0.021239737 	 1.0094919
0.021110673 	 3.824235
0.023972297 	 0.91429067
0.02070483 	 1.9604928
0.06583292 	 13.3479805
0.014015746 	 2.726712
0.00038702824 	 1.531463
0.0005804793 	 2.0631883
1.2636265e-05 	 2.6838918
2.9206702e-05 	 1.707016
4.1426087e-05 	 2.8834305
-7.152555e-07 	 1.9772998
0.0197087 	 1.3525844
1.3113031e-06 	 1.898436
0.0102937715 	 0.86797917
0.00017131842 	 1.3076473
-8.344647e-07 	 1.080211
-9.5367386e-07 	 3.0719123
0.02061739 	 2.2787855
0.02037799 	 2.7058518
0.0010080052 	 1.8536729
0.024609197 	 3.1852722
2.2351991e-05 	 2.1259286
2.6226078e-06 	 2.436356
0.015645003 	 1.8256359
0.013323396 	 3.148822
0.00011778571 	 1.2805985
0.026496693 	 1.6130854
0.021606205 	 3.8362827
0.016974172 	 2.7740376
0.00060856977 	 1.9423065
0.00039108293 	 1.7512071
-5.960463e-07 	 1.504346
0.031631865 	 2.7107775
0.0035105504 	 2.211249
9.513354e-05 	 1.0130479
0.0002841161 	 2.1614532
4.3511486e-06 	 2.072591
0.0012856042 	 2.1067128
0.002279374 	 2.6144984
0.0039893584 	 1.36612
0.0002465552 	 1.5914307
-5.960463e-07 	 2.5878108
0.0002711783 	 1.7559693
-8.344647e-07 	 1.4058845
0.014126489 	 1.9619261
0.020772379 	 2.0614502
0.0388596 	 3.494644
0.024703402 	 2.004354
0.019033844 	 1.8124743
1.8537216e-05 	 1.6217115
-4.7683704e-07 	 1.0800067
-8.344647e-07 	 1.6671462
-7.152555e-07 	 3.57334
0.017370192 	 2.6411011
0.0013343053 	 2.936294
-9.5367386e-07 	 3.8867378
0.012436212 	 2.6004062
0.021903047 	 1.8007703
0.040880196 	 2.9397476
0.03380219 	 2.6183407
0.034438167 	 1.6621141
0.017214943 	 1.0752482
0.020618485 	 0.9930509
0.019384129 	 1.8507615
0.0002963386 	 0.7606419
1.466285e-05 	 2.704527
1.6689314e-06 	 2.0580559
2.1577114e-05 	 1.1407084
0.008424141 	 3.4447167
0.00029115146 	 2.7138708
7.301835e-05 	 1.491023
0.011085816 	 2.2792785
0.005342124 	 1.2247913
0.0005436229 	 3.3685877
0.0007268447 	 2.2343352
0.0030415969 	 2.582466
7.808239e-06 	 4.0993514
7.26607e-05 	 2.5399826
6.22888e-05 	 2.434368
0.006949556 	 1.5492189
2.3842142e-05 	 3.1032953
-4.7683704e-07 	 1.8212948
1.8477457e-06 	 1.7460947
6.681904e-05 	 1.1531842
-1.1920928e-07 	 2.423911
0.020342952 	 3.1220763
0.00540181 	 3.2925715
0.005850348 	 1.890606
3.8088092e-05 	 2.3621106
0.00023820854 	 2.1845605
3.9637875e-05 	 1.0499423
0.0002054187 	 2.6490219
0.0054927245 	 2.1288252
0.00076370785 	 1.8735046
0.0004494604 	 2.6598618
0.0851453 	 1.9277177
0.09049238 	 1.9273634
0.092506975 	 1.3665512
0.000115222414 	 1.7276593
0.041920837 	 6.283208
0.06443197 	 2.669463
0.00036293894 	 1.5041327
-9.5367386e-07 	 3.1840987
-8.344647e-07 	 2.1292887
-9.5367386e-07 	 2.540337
0.020618243 	 7.855548
-9.5367386e-07 	 2.005413
0.015386995 	 2.4568605
0.02104578 	 2.2600946
0.020582952 	 3.034859
0.00081506796 	 1.8082261
0.0026967495 	 2.5495737
0.020478548 	 3.8732934
0.020518215 	 2.7836285
0.020616904 	 1.1530175
5.3048275e-06 	 2.4127078
2.8610639e-05 	 2.72706
0.00033652483 	 0.94012034
-9.5367386e-07 	 2.7251937
8.142326e-05 	 0.9969851
-5.960463e-07 	 7.9432473
0.019011427 	 0.86013025
-4.7683704e-07 	 1.6898602
0.016938645 	 1.0812103
0.02964876 	 3.2050202
0.34130767 	 2.2628336
0.020249398 	 3.769994
0.020618243 	 2.1001623
9.030511e-05 	 2.1634007
-4.7683704e-07 	 8.816387
-4.7683704e-07 	 2.7759237
-9.5367386e-07 	 1.7357229
0.0191079 	 2.3655057
0.0020107564 	 3.6816306
0.0051685995 	 3.1951985
0.04278089 	 2.3982184
-9.5367386e-07 	 1.8121694
0.0029220914 	 3.8237
0.037772615 	 1.2384564
0.023442272 	 1.6257113
0.020614835 	 1.2559083
0.020625118 	 2.3365655
3.1829386e-05 	 1.7602277
1.1920936e-06 	 1.9619087
-8.344647e-07 	 3.2401102
1.8656428e-05 	 3.8311102
-5.960463e-07 	 1.0135752
5.9604645e-08 	 1.6431133
0.0029653125 	 3.0647914
1.08481045e-05 	 2.7658398
0.017316459 	 3.8661685
-9.5367386e-07 	 0.98918456
0.02146747 	 1.7063088
0.00024101062 	 1.9125289
0.04798427 	 1.7746536
0.0006403589 	 2.9348798
0.038800236 	 2.362806
0.012998355 	 2.9291608
0.084751755 	 1.3892174
0.12510997 	 1.1115582
0.15657564 	 1.56596
0.06438944 	 1.634718
0.08902468 	 2.5051513
0.110551916 	 2.5021095
0.0764906 	 2.1859853
0.08563621 	 3.7160375
0.14515856 	 2.3088608
0.020618364 	 1.8005985
0.000684078 	 1.4407144
0.013716523 	 2.9612136
2.449781e-05 	 3.141999
0.014262517 	 7.621599
0.00036633763 	 2.2813735
0.016498439 	 3.1945527
0.0002268214 	 2.5007946
0.00020243786 	 1.3839087
0.10031399 	 1.4126779
0.17235865 	 1.7077855
0.102216974 	 0.8529133
0.13932188 	 1.7531036
0.25701454 	 1.731694
0.14922377 	 1.6403812
0.0782663 	 2.0196269
0.023976143 	 1.8724794
0.1266012 	 2.2755947
0.05759962 	 1.7606287
0.13824663 	 1.1212742
0.047584753 	 1.3592879
0.13504964 	 1.9474068
0.09861379 	 2.429082
0.07536376 	 3.7294366
0.044259842 	 2.147816
9.751795e-05 	 1.6284418
0.020330299 	 3.2031336
0.017493559 	 3.3501089
0.014951888 	 2.2204654
0.0026118264 	 2.4753582
0.096549116 	 3.8468816
0.0010534708 	 2.0161884
0.022569723 	 1.6924665
0.0852831 	 2.3623402
0.010986557 	 1.135674
0.067815304 	 1.9901739
0.06318789 	 1.9659253
0.055935975 	 1.2589607
0.04436595 	 2.7621665
0.042379905 	 1.4451609
0.011432543 	 1.5942922
0.0010765623 	 3.9883645
0.0038954692 	 1.8581653
0.01128611 	 3.876222
Summary
-9.5367386e-07  -  0.75821686 ,  0.6450989  -  13.3479805
accuracy:  100.0
equal predictions:  0
TensorFlow version: 1.13.1
Found 939 images belonging to 1 classes.
argN = 49
argN = 49
0.50526696 	 2.2854526
0.32619378 	 2.1182842
0.36617923 	 1.679763
0.17106688 	 3.0382228
0.10545989 	 3.9118845
0.23770314 	 5.157594
0.19132753 	 8.096034
0.2004564 	 1.1717402
0.021521976 	 3.467739
0.21659614 	 1.917639
0.26560438 	 1.532917
0.31168827 	 2.4121351
0.59698814 	 3.2006736
0.7867572 	 4.488675
0.42106262 	 2.410051
0.6696087 	 2.042616
0.5534976 	 1.2314954
0.56883365 	 2.8545918
0.24636567 	 3.7740617
0.5404469 	 2.8928154
0.4937928 	 2.2806566
0.5214243 	 1.8917682
0.21342647 	 1.4812723
0.16924122 	 1.9443244
0.4816065 	 2.6762333
0.1551629 	 2.218191
0.048296303 	 4.5825887
0.0074048536 	 2.4121711
0.026724096 	 3.8053203
0.021420762 	 1.671638
0.08983709 	 3.494334
0.13748407 	 3.462155
0.2124807 	 1.287893
0.20688412 	 3.044494
0.55130863 	 3.80162
0.73335165 	 3.8330002
0.45931768 	 3.152031
0.59583175 	 1.2921956
0.31610057 	 2.1238482
0.21534407 	 3.7702138
0.65678877 	 1.7213483
0.3698082 	 1.2995263
0.2612247 	 6.2191978
0.22749572 	 2.1287115
0.30960017 	 2.2028039
0.23388974 	 2.7787929
0.16069323 	 2.8650005
0.046508793 	 3.624434
0.16437145 	 2.8409975
0.16469656 	 1.7059034
0.18185055 	 2.2435973
0.35186386 	 3.8897324
0.25863868 	 1.9849807
0.16226824 	 2.7580514
0.47380236 	 0.96961063
0.51827866 	 1.9280865
0.33401665 	 1.3559517
0.1013269 	 1.8129374
0.14892565 	 1.4645308
0.09971908 	 2.2324314
0.02077116 	 5.5719175
0.12681039 	 2.269218
0.18375082 	 1.0610993
0.14813942 	 3.1819062
0.3537496 	 3.8236182
0.34899536 	 1.1241316
0.15699376 	 3.1989193
0.33867645 	 2.4785984
0.2390111 	 1.29201
0.22010267 	 3.2834332
0.26647854 	 5.090142
0.33542633 	 1.6499804
0.19391415 	 1.751177
0.15805627 	 2.4806533
0.053070474 	 2.6342797
0.10408694 	 2.9380548
0.06312656 	 7.4389076
0.113381036 	 2.5115018
0.079127364 	 7.8491096
0.21411416 	 1.5221232
0.07638425 	 2.5211241
0.06912769 	 1.9729787
0.10883902 	 3.8896158
0.00041970477 	 6.7762175
0.00035059635 	 1.6684592
0.0070054964 	 2.2554748
0.06809269 	 1.7717657
6.699786e-05 	 5.571119
1.0728842e-06 	 2.8047552
0.0007726554 	 2.229345
0.00184384 	 3.7681985
0.009706545 	 2.0244572
0.06275782 	 2.5666356
0.092533395 	 2.4370418
0.02064179 	 3.1612527
0.020281576 	 2.7038019
0.016207255 	 2.0251024
0.0032722787 	 3.9242947
0.0012348763 	 4.966306
9.102043e-05 	 1.2246927
0.00042036068 	 2.1455617
0.00024196452 	 1.9932652
1.3709077e-06 	 2.1974158
0.00027564986 	 1.7913947
-1.1920928e-07 	 1.856485
0.004750131 	 0.85142857
4.613506e-05 	 2.939877
-8.344647e-07 	 2.5064697
-9.5367386e-07 	 1.7066779
0.01775114 	 1.4190044
0.0027468344 	 1.4777263
0.021436047 	 2.3786106
0.043424536 	 2.0505378
0.014428556 	 2.8140678
0.0014689023 	 1.6262515
0.029687135 	 2.352586
0.0426107 	 2.613821
0.02604706 	 2.3758907
0.048193216 	 1.9429948
0.013834304 	 1.0528777
-9.5367386e-07 	 3.5713518
0.017702786 	 2.3778675
0.06491631 	 1.8534932
0.03988567 	 4.8493423
0.016403973 	 6.106166
0.0025776438 	 1.9519739
0.0007812451 	 3.4760258
0.02612843 	 1.3639725
0.012965747 	 0.9248285
0.045396317 	 1.4724195
0.05721739 	 1.88787
0.0014557104 	 3.0941498
0.0032819663 	 1.2524384
0.017033342 	 1.9839183
0.006711964 	 2.4491346
0.036972396 	 1.9365987
0.016715942 	 2.3457139
6.556513e-07 	 7.361581
2.974316e-05 	 3.8482397
1.9014062e-05 	 2.8414
0.020405851 	 1.6354661
-8.344647e-07 	 3.661282
2.4617022e-05 	 2.7672455
0.0013485103 	 4.189322
0.005101978 	 2.7469082
2.1457695e-06 	 2.8600705
0.023484802 	 1.8383723
0.017190443 	 2.8470232
0.0027896895 	 0.91250104
0.00027225146 	 2.9850583
0.011115709 	 1.2670666
0.019621955 	 2.489411
-2.3841855e-07 	 2.414937
0.0071150456 	 3.1935904
-3.576278e-07 	 7.1255484
0.03068484 	 3.1843534
0.04882546 	 2.4182992
0.021304887 	 1.400101
0.031976685 	 1.2353503
0.020145396 	 0.97467697
0.023285344 	 2.61233
0.020735135 	 3.336522
0.044151943 	 2.2667456
0.01977472 	 6.731706
0.00036866308 	 1.5900018
0.029848877 	 1.2492748
0.022483887 	 1.7900382
0.002322448 	 1.5695332
0.011464618 	 3.211077
0.006674761 	 2.5906682
0.04153318 	 2.677608
0.019327005 	 2.8135948
0.0118107535 	 3.0977988
0.00037480463 	 5.5582976
1.0550078e-05 	 3.7873406
0.013252424 	 2.2125704
0.020407371 	 1.7636768
1.3113108e-05 	 5.8733454
0.008455699 	 2.3741906
9.238763e-06 	 1.3890008
1.3411135e-05 	 3.0472414
0.022818552 	 1.5527202
3.63589e-06 	 1.2956151
3.6954948e-06 	 1.6466129
0.00031810097 	 1.7245368
2.0861648e-06 	 2.2360988
0.0050161914 	 1.6763422
0.00027511327 	 2.1077585
1.3053503e-05 	 0.97199696
0.0021003473 	 1.6101571
0.0004120722 	 3.0795069
0.0039824764 	 3.4645984
0.017681977 	 1.4137983
0.014950677 	 1.5194668
0.0011332494 	 2.52125
0.00034660148 	 1.7567887
0.010707759 	 1.1477894
0.018302437 	 1.6394506
0.00028590474 	 2.5064206
4.6909954e-05 	 3.9954565
0.05353526 	 1.8041714
0.076123014 	 2.8093858
0.12860304 	 1.8120742
0.14385042 	 2.5154283
-9.5367386e-07 	 12.419306
0.02319475 	 2.9323747
0.014653049 	 1.536053
1.5080089e-05 	 2.2856407
0.021043284 	 2.4231765
0.011677833 	 3.4509292
-9.5367386e-07 	 11.045377
0.06845166 	 1.7388071
0.0003550683 	 3.2076366
0.013300081 	 2.770694
0.0154129015 	 3.189649
0.0019149029 	 7.8460584
0.0024801826 	 2.009025
0.020543586 	 3.8904176
-9.5367386e-07 	 1.5205097
-7.152555e-07 	 2.9901903
0.006587519 	 6.5358295
0.051711444 	 1.7920538
0.04029782 	 1.8125921
8.761921e-06 	 2.622747
0.0024939855 	 2.9387414
0.197666 	 2.0890315
0.08916516 	 2.41615
0.027486442 	 2.1266468
0.025713943 	 3.89033
0.041675285 	 3.7641392
0.021240834 	 3.0311432
0.081278466 	 1.361421
0.17785664 	 3.2439303
0.034016214 	 2.6234205
0.109511934 	 3.1379695
0.06798837 	 3.1964552
0.08413847 	 1.6988779
0.11846555 	 2.3039305
0.104447685 	 2.0787387
0.011127704 	 4.76035
0.004690005 	 3.9084606
-5.960463e-07 	 2.297188
0.014487699 	 3.2132692
0.0022857662 	 2.7930655
0.0215048 	 2.580802
0.09297365 	 2.2694468
0.03299818 	 1.6669441
0.020627795 	 10.355554
0.039431714 	 2.2811558
1.0252052e-05 	 1.5102185
0.042725712 	 3.934319
0.032479357 	 1.4498081
0.0119835045 	 3.376555
0.014833672 	 3.1451762
0.0006312932 	 3.1871717
0.06106182 	 1.6068685
0.042610947 	 2.4983566
0.0731058 	 1.8643458
0.12654626 	 2.350167
0.15440995 	 2.5571055
0.06856738 	 4.058052
0.11470163 	 1.9898369
0.06522038 	 2.1147563
0.22521664 	 1.7781048
0.07061136 	 0.9990222
0.024035485 	 3.5159411
0.0017917105 	 2.131947
0.02289399 	 2.0732348
0.033198413 	 10.160443
0.0034972117 	 3.841457
0.0038997177 	 2.5342424
8.678813e-05 	 5.986429
0.018944606 	 2.4989614
2.9862373e-05 	 2.9430952
0.003511866 	 4.178161
0.0012084988 	 3.6493971
0.06541075 	 3.172001
0.10064655 	 2.2273521
0.17289205 	 2.6372988
0.08798646 	 2.8790154
0.12997201 	 3.8043323
0.0835936 	 3.0510542
0.13486034 	 3.2304204
0.17891334 	 0.89029384
0.2349877 	 0.8665052
0.19116162 	 1.8555255
0.066291444 	 1.3260587
0.10366649 	 1.383504
0.1283224 	 1.1967494
0.15882121 	 1.8651791
0.1021398 	 1.977677
0.08169419 	 2.4904714
0.19534123 	 2.7929118
0.11063613 	 4.5789127
0.104017824 	 1.3680034
0.00026962816 	 1.9706738
0.021785164 	 3.1968691
0.08437132 	 2.6029916
0.06086448 	 3.189467
0.040239364 	 3.7227948
0.1449067 	 2.0163047
0.07642266 	 1.8921512
0.0819063 	 1.9220527
0.09981721 	 1.6992245
0.039367046 	 1.7920388
0.076154985 	 2.6741865
0.036456577 	 2.9739125
0.08473268 	 1.1162465
0.10388245 	 2.7305844
0.0049329875 	 5.78333
0.0049221455 	 3.6052847
0.04243867 	 3.5132353
0.062109794 	 1.4645945
Summary
-9.5367386e-07  -  0.7867572 ,  0.85142857  -  12.419306
accuracy:  100.0
equal predictions:  0
TensorFlow version: 1.13.1
Found 939 images belonging to 1 classes.
argN = 49
argN = 49
0.581553 	 4.0986867
0.5744719 	 3.0529459
0.35530517 	 1.7842319
0.1516486 	 1.7550408
0.2740603 	 2.9916553
0.31932217 	 5.59984
0.08876677 	 2.9202514
0.14476608 	 1.8686954
0.10452788 	 3.8358462
0.19597214 	 2.4578283
0.16588156 	 2.1229823
0.15306742 	 2.3939683
0.08295454 	 6.996611
0.43044215 	 2.1016076
0.30786377 	 2.7088242
1.000983 	 3.4834359
0.821004 	 1.5167812
0.4044677 	 2.244734
0.06697609 	 3.7325876
0.4571339 	 2.4652917
0.26046997 	 3.860129
0.14077401 	 3.185797
0.03858983 	 1.9502648
0.16355045 	 2.151768
0.0028438435 	 2.7566192
0.15536068 	 3.124236
0.15863456 	 2.156935
0.35956153 	 1.6715571
0.3361766 	 1.6526039
0.32459673 	 1.4341848
0.090039454 	 8.3868
0.09641304 	 0.6029631
0.28043655 	 4.8507967
0.13773023 	 1.8406854
0.3231416 	 3.8896916
0.33129948 	 1.3663936
0.20409337 	 1.9381553
0.14157602 	 1.6152344
0.21283887 	 2.7378082
0.11030197 	 0.8008638
0.04097582 	 3.2132232
0.0004003253 	 2.750288
1.5020483e-05 	 1.8970082
-8.344647e-07 	 1.9441766
7.6475684e-05 	 2.268758
0.019346938 	 3.0816662
0.35231656 	 2.0945325
0.40458962 	 3.6789737
0.31371713 	 2.3430514
0.23328707 	 2.2803528
0.20268032 	 2.915593
0.14180507 	 3.6210175
0.21861476 	 1.4439327
0.47897077 	 1.8326536
0.38165212 	 1.6836177
0.14876634 	 1.9003054
0.13370831 	 1.506163
0.06302295 	 1.7901682
7.4506083e-06 	 3.1771085
2.8014222e-06 	 1.5639127
1.6093267e-06 	 6.7883625
0.020998422 	 2.1213033
0.032995775 	 2.719122
0.15049109 	 1.5963393
0.13986398 	 2.507121
0.103794366 	 2.2698326
0.34510535 	 2.273939
0.04118654 	 1.5557584
0.04974015 	 2.3377087
0.141465 	 2.5948477
0.3551221 	 1.741912
0.26139522 	 5.6234365
0.10093319 	 2.3881745
0.32004228 	 2.0279162
0.14240734 	 3.5847428
0.14450021 	 2.814193
0.16200125 	 2.8271654
0.07832199 	 3.2153757
0.0005741575 	 5.8149786
0.19807522 	 2.1244206
0.00034332208 	 3.929895
0.050872836 	 2.2287896
0.04297675 	 3.0672817
0.13509364 	 0.6747656
0.03973966 	 1.5297157
0.039082702 	 5.613699
0.00014294215 	 3.202909
0.011493016 	 1.6772395
1.6093383e-05 	 1.3920183
0.033899482 	 3.1818287
3.582303e-05 	 3.2841136
0.019618064 	 1.546771
0.043273903 	 3.2128959
0.011677653 	 3.7918575
0.0004547676 	 2.3535795
0.0008984667 	 3.3112657
4.3989196e-05 	 1.4294719
4.5121735e-05 	 2.5192575
0.05824738 	 2.7228644
0.05395471 	 2.5988443
0.02162923 	 2.8133047
0.030834636 	 2.2109637
0.00011295718 	 1.6919876
0.0042631174 	 2.8212247
0.0001217797 	 2.1356213
0.0013799648 	 2.0787091
0.002717369 	 2.0014706
1.7881409e-06 	 3.0955596
0.00030242009 	 1.3287863
-5.960463e-07 	 2.669512
0.013530785 	 1.7663875
-9.5367386e-07 	 2.0466971
0.0015214329 	 1.5416952
2.0683026e-05 	 1.3297039
3.665753e-05 	 3.0373886
-9.5367386e-07 	 3.036288
3.9757088e-05 	 8.763543
0.0013557322 	 0.5507384
0.018223949 	 3.7625647
0.015047486 	 1.0852679
0.015427853 	 2.2011626
0.009438993 	 3.8786979
0.044274796 	 2.4366465
0.00016803961 	 0.99386585
0.042759243 	 2.4680765
2.1815538e-05 	 1.9328424
0.0016751604 	 1.5968239
0.035802636 	 3.1437473
0.062248576 	 2.1270783
0.043784842 	 3.7796643
0.005022661 	 0.9442288
0.0012072456 	 1.1516287
0.02064757 	 2.5379615
0.024443109 	 2.0044208
0.023714695 	 2.2608576
0.013021361 	 2.0308962
7.182618e-05 	 2.4646614
0.0012580318 	 3.2849824
4.7863676e-05 	 1.3138278
0.00011862028 	 1.7832534
0.01481147 	 3.000366
-5.960463e-07 	 2.2953088
-9.5367386e-07 	 1.6658125
0.0031677538 	 1.6154634
0.0047709728 	 1.3180512
0.0036983846 	 3.442014
6.109663e-05 	 3.0120437
-5.960463e-07 	 3.2141764
0.02073124 	 2.3509488
0.00030647442 	 2.5020723
3.8147045e-06 	 1.9960192
0.00019272038 	 1.4451922
0.0020756791 	 2.394464
0.008883058 	 2.7136307
-8.344647e-07 	 6.004115
0.00051386445 	 2.3904686
0.021892264 	 3.1792502
3.218656e-06 	 2.277489
0.0358368 	 1.561408
0.08520729 	 1.28913
0.021320961 	 2.5694025
0.01587201 	 1.6565099
0.038183462 	 3.1812904
3.3378658e-06 	 2.4528334
-4.7683704e-07 	 2.5088258
0.00013209261 	 1.885593
1.7881395e-07 	 2.5232391
0.0050254166 	 1.6996585
0.000115878145 	 1.8695875
1.1205736e-05 	 2.5072775
1.0132795e-06 	 3.878741
6.556513e-07 	 0.9999658
-1.1920928e-07 	 2.0634315
3.4570753e-06 	 1.8090805
0.040032566 	 2.8844528
0.00018771265 	 3.167954
1.4960878e-05 	 2.2977116
1.6391412e-05 	 1.4441084
0.00095603854 	 2.286174
7.444897e-05 	 1.1387402
4.845975e-05 	 1.8077037
0.007725199 	 1.3074186
0.001696893 	 2.9225764
0.00016112434 	 1.8286783
0.0004019949 	 2.8030822
2.4617022e-05 	 4.3560057
1.7762342e-05 	 2.354355
0.0042271423 	 2.35844
9.5789255e-05 	 1.4643348
0.00034373946 	 1.8506094
5.9844853e-05 	 2.7143998
4.685035e-05 	 1.2376157
1.6212594e-05 	 3.6235247
0.1429393 	 2.4943233
0.15617065 	 2.3856182
0.19522783 	 1.6649877
0.2576077 	 1.470213
0.041325305 	 2.2811909
0.09110846 	 2.2811344
0.008200321 	 2.706895
0.10300212 	 1.7881746
0.058233988 	 2.005287
0.010203323 	 1.0981758
0.018328663 	 1.8097736
0.020338267 	 5.160446
0.06275236 	 1.546597
0.0001996955 	 2.4602358
6.3777175e-06 	 3.1927307
0.014329812 	 3.5564194
0.04014536 	 3.0777311
1.1324889e-06 	 1.9406217
0.022393975 	 6.773243
0.0014909887 	 2.2154212
1.9669553e-06 	 3.1748857
-7.152555e-07 	 3.860381
0.0001605878 	 1.9559677
1.7881395e-07 	 2.5048938
-8.344647e-07 	 2.2961216
3.5166802e-06 	 1.8616952
-9.5367386e-07 	 3.8831499
0.01967332 	 10.230672
0.021693427 	 1.7451382
0.0006682125 	 3.0191844
1.08481045e-05 	 3.617626
5.3824442e-05 	 2.2548666
-9.5367386e-07 	 3.8892372
0.4173464 	 2.403721
0.049997214 	 2.1077816
-3.576278e-07 	 3.2050276
1.8418004e-05 	 2.3680365
0.020618364 	 3.6475081
0.020618243 	 3.5101979
0.033970397 	 3.488063
0.020624874 	 2.2577155
0.00494958 	 1.8529422
0.27315813 	 2.045799
0.12104939 	 2.312465
0.049473573 	 3.4141498
0.042425238 	 5.065671
0.08086491 	 1.0337554
0.062351342 	 9.1257715
-9.5367386e-07 	 12.361965
0.062339287 	 1.796293
0.047848828 	 3.819184
0.06522725 	 1.948005
0.020626396 	 2.742191
0.041671246 	 3.8478901
0.03681902 	 1.9708111
0.02389733 	 1.089579
0.03135746 	 2.7989564
0.060540583 	 1.9551213
0.039433386 	 3.1335323
0.01925202 	 1.6638469
1.466285e-05 	 7.6179547
0.061147165 	 2.7930033
0.04259496 	 2.4312663
0.02062518 	 2.0459456
0.020734832 	 1.9228076
0.019047026 	 6.6068325
0.043494195 	 2.0348198
0.028970601 	 2.9007928
0.09827566 	 2.6359694
0.13485713 	 3.0077019
0.15441133 	 1.1715643
0.12256778 	 3.5286527
0.1353999 	 1.6802679
0.082854554 	 1.9884684
0.043231018 	 3.8355978
0.12667122 	 3.046441
0.064389 	 1.5359033
5.6028525e-06 	 1.7695563
0.024361998 	 1.232201
0.019622928 	 1.8412936
6.2585073e-06 	 3.763525
0.030026555 	 2.759757
2.0861648e-06 	 9.231389
0.019702377 	 1.9379487
0.17747924 	 4.655258
0.14918378 	 3.6328137
0.18694666 	 2.9124928
0.1953858 	 2.2199116
0.29024112 	 1.6601363
0.27980396 	 2.2635195
0.28547698 	 1.5731218
0.23062772 	 1.5581112
0.0956356 	 1.8469086
0.12243567 	 2.0610838
0.08258243 	 2.1480494
0.083145924 	 2.1615365
0.11815385 	 1.750569
0.18238403 	 0.857556
0.19812208 	 1.1120446
0.2894917 	 1.3645748
0.15372442 	 1.9560629
0.23618054 	 1.1744504
0.1394291 	 2.100134
0.19376878 	 2.7187243
0.043454353 	 1.6731138
0.07773718 	 1.913708
1.549722e-06 	 2.8701077
0.03559163 	 2.0242143
0.13166529 	 3.7710547
0.17306536 	 1.693748
0.17457256 	 1.5869722
0.11814331 	 3.0245352
0.094489545 	 2.327338
0.09157017 	 5.2631254
0.08839327 	 2.8743758
0.06639138 	 1.5570085
0.032086294 	 2.9664974
0.05627673 	 5.8976197
0.02297492 	 1.9825977
0.1125917 	 2.0431123
Summary
-9.5367386e-07  -  1.000983 ,  0.5507384  -  12.361965
accuracy:  100.0
equal predictions:  0
TensorFlow version: 1.13.1
Found 939 images belonging to 1 classes.
argN = 49
argN = 49
0.41101474 	 5.8823476
0.3270632 	 1.9391097
0.31226885 	 1.5815966
0.7496997 	 2.6567729
0.86575353 	 2.950812
0.64992875 	 3.7959251
0.37466276 	 2.244712
0.34934244 	 0.6931776
0.1102466 	 4.278621
0.14821607 	 2.164911
0.14901952 	 1.7324041
0.085072875 	 3.0002031
0.20363082 	 2.5417776
0.17677864 	 2.175022
0.33135214 	 3.203204
0.22631371 	 3.1413617
0.17524065 	 2.901334
0.0723091 	 2.2208514
0.040624347 	 1.6412755
0.17225881 	 2.2412305
0.19938281 	 1.2880797
0.3141678 	 4.3875995
0.34427 	 3.3649442
0.7298275 	 2.050518
0.8879518 	 0.87277997
0.302212 	 2.567321
0.43013602 	 0.7566279
0.2568812 	 2.618609
0.03928546 	 3.9457264
0.02805766 	 3.9396327
0.002431844 	 2.1291904
0.0019033772 	 3.643351
0.037026145 	 1.8083923
0.056744456 	 2.7144482
0.16757964 	 2.8407066
0.029221397 	 2.5364218
0.08128564 	 10.112297
0.1492893 	 2.084187
0.15761189 	 3.8893623
0.26208922 	 4.1448383
0.31473905 	 2.7855096
0.07211478 	 2.528574
0.4792828 	 2.783964
0.49599257 	 1.1781257
0.5190833 	 8.468244
0.34974876 	 3.7903259
0.38315067 	 4.180665
0.18655397 	 4.303286
0.40240544 	 3.23625
0.16910018 	 2.6670794
0.032239377 	 3.3078983
9.233186e-05 	 2.7416925
0.045235343 	 2.4808946
0.21148007 	 1.4391212
0.057684924 	 1.972839
0.26193577 	 1.2224504
0.19308214 	 6.308551
0.32371148 	 3.418707
0.20094328 	 1.6390766
0.1107916 	 3.11534
0.07212388 	 1.7359298
0.03450301 	 3.0611897
0.12628242 	 2.1824203
0.0006873585 	 1.9920807
0.021192858 	 4.620761
0.002023179 	 1.7853265
0.06229412 	 1.6501573
1.3411135e-05 	 3.746237
0.0033813 	 2.9305046
1.8119976e-05 	 3.5453787
6.3898224e-05 	 2.4622614
0.00016356852 	 2.1076272
0.02267849 	 2.079604
0.033731908 	 1.9542736
0.1244894 	 2.5894399
0.054984115 	 2.3778894
0.112002105 	 3.272167
0.08803437 	 3.1550474
0.08905693 	 2.1946242
0.21357752 	 1.8075705
0.32343388 	 2.8577862
0.21282567 	 2.6421695
0.1834779 	 1.1729119
0.10495948 	 2.1213202
0.15637352 	 2.2371178
0.0011932218 	 4.850111
0.13552356 	 3.9809008
0.28706247 	 2.2499576
0.3346465 	 1.6260897
0.11829117 	 2.115859
0.13384977 	 2.4044178
0.016991086 	 7.5404034
0.019718913 	 2.7810514
3.9399445e-05 	 1.6307678
0.020403234 	 3.17644
1.1622973e-05 	 3.7655873
0.036745246 	 4.577851
0.0407418 	 2.2066758
0.00037718972 	 6.860857
0.026552515 	 2.9028516
0.044149887 	 2.179079
0.03958301 	 2.7824237
0.019858135 	 4.950843
0.016451478 	 1.825556
0.045401055 	 1.2455698
0.012834544 	 1.1095872
0.0010290671 	 3.1982038
0.00076985185 	 2.5415041
0.0007759362 	 1.7918983
0.009277811 	 3.0283866
2.0325391e-05 	 2.2938843
0.0060877358 	 1.3919612
-2.3841855e-07 	 1.8918527
0.001343437 	 1.4666578
0.00016851653 	 2.5115209
0.00085193437 	 2.5868275
0.020928241 	 2.2100618
0.03302011 	 3.3082728
0.00051422225 	 2.3157535
0.02058271 	 1.9255139
0.021894395 	 6.178367
0.017587278 	 0.7563551
0.016925551 	 2.287276
-9.5367386e-07 	 2.3365908
0.04009405 	 2.817186
-9.5367386e-07 	 1.4067302
0.00016571465 	 3.162045
0.00017936646 	 2.9259572
8.8215265e-06 	 2.3692248
0.04258837 	 3.5602443
0.050856218 	 2.4852912
0.027050447 	 2.8397758
1.2278632e-05 	 2.185918
0.0139707755 	 3.157305
0.0022084047 	 1.6656762
0.0006552697 	 1.5351998
0.02434673 	 3.062193
0.0039124633 	 1.8379872
0.0001732261 	 5.277464
0.0490811 	 1.5926793
0.04766277 	 2.2948964
8.267506e-05 	 3.0791233
1.2755475e-05 	 2.4806035
0.0023999978 	 3.0782747
0.028355444 	 2.2863982
0.00048977206 	 2.7530944
0.008855155 	 1.5471057
0.010591249 	 2.2458363
0.0007297675 	 1.4222023
0.058237713 	 1.8852824
0.03314345 	 1.6400223
0.0003234075 	 2.2765691
0.014284101 	 2.0325117
0.006378266 	 0.6412341
0.017840514 	 2.7903283
0.013708003 	 2.1050644
0.004280836 	 2.2217212
7.349523e-05 	 2.3816166
-4.7683704e-07 	 1.887365
0.007968139 	 1.1221764
0.020629134 	 2.0400765
0.0013291128 	 4.491884
0.015608677 	 2.1598737
0.01223086 	 1.2415065
0.002313845 	 2.5055995
0.00019117037 	 3.624434
7.689029e-06 	 3.754421
0.020611366 	 3.8987644
0.019792108 	 2.5805461
0.026953572 	 1.951076
0.033804595 	 2.4410782
0.028566219 	 7.2540345
0.041595127 	 2.3327372
0.035800844 	 3.8766966
0.020276345 	 2.7824671
2.777615e-05 	 2.491569
0.00063421566 	 3.212444
0.0043969117 	 2.1043904
3.3974704e-06 	 2.4538238
0.0037169307 	 2.1146028
0.001389097 	 2.0460835
9.536748e-07 	 2.7801726
0.0015973086 	 1.4012504
4.23798e-05 	 1.45551
8.458257e-05 	 1.5607203
0.00019450887 	 0.7880983
0.0006164424 	 1.5658331
0.0022596 	 3.7737424
0.029245824 	 1.4604135
6.210997e-05 	 1.9434505
6.3361746e-05 	 3.1185522
0.00010926128 	 0.6755771
3.7550997e-06 	 2.0676723
0.000104134735 	 2.3374383
2.563003e-06 	 3.1228652
0.0032586444 	 2.6975982
0.0003263887 	 2.7039132
0.001995228 	 2.3424966
0.015976418 	 1.7381767
0.0040181433 	 2.4218917
0.007206656 	 3.7800612
0.0015131949 	 1.6378686
0.0037274603 	 2.1719944
0.00010204836 	 5.2477646
7.504506e-05 	 0.95105314
0.0015993384 	 1.0856187
0.12826675 	 2.769928
0.063588284 	 2.6448786
0.020100635 	 2.738561
0.04162483 	 1.5940832
0.00067578733 	 4.8377757
0.011338496 	 3.676696
0.0018834913 	 4.2219305
0.023924738 	 5.985741
0.038657732 	 2.7966933
0.020597251 	 1.9441295
8.279428e-05 	 3.1335268
9.233186e-05 	 4.8036456
0.013775684 	 3.8929815
0.020708542 	 2.3378391
0.022030327 	 3.9228506
-9.5367386e-07 	 3.197982
-9.5367386e-07 	 1.7849967
-5.960463e-07 	 1.9905273
-9.5367386e-07 	 10.600584
-9.5367386e-07 	 7.511101
0.038159374 	 3.8901086
0.004734261 	 1.5963885
5.114209e-05 	 0.765392
0.0044533084 	 4.0916142
1.7464314e-05 	 8.09858
-9.5367386e-07 	 1.52956
0.039359853 	 2.2323236
0.1408099 	 2.9238703
0.10960152 	 1.6560776
0.020836947 	 3.8813648
-9.5367386e-07 	 1.4347758
-8.344647e-07 	 2.1447246
0.01966402 	 3.8424351
4.9592294e-05 	 2.7893183
2.223278e-05 	 8.925876
3.2604272e-05 	 6.086834
0.22922528 	 2.574653
0.08009191 	 2.1861706
0.00040086196 	 6.396152
0.04168119 	 1.7054913
0.015335123 	 1.8780665
0.04013804 	 1.747709
2.8193394e-05 	 2.5201197
0.07807333 	 2.228055
0.0030158293 	 2.2307897
0.019555822 	 2.9481986
-9.5367386e-07 	 4.8969007
0.0012780844 	 3.5219216
0.035217963 	 3.1550908
0.018039618 	 1.948483
0.033367008 	 3.8458824
0.039608248 	 2.5356057
0.045674287 	 3.1127207
0.07028103 	 1.4231765
0.044061806 	 2.8536482
0.028761765 	 2.0694084
0.042177014 	 1.6931376
0.014567346 	 2.4378474
0.04660446 	 2.6880977
0.04455395 	 3.1840096
0.17599332 	 1.6075215
0.05870895 	 2.5113835
0.02495637 	 1.9547722
0.03171689 	 2.7936099
0.08243724 	 2.7166507
0.08516095 	 1.6860981
0.10513659 	 3.0129433
0.13160153 	 2.6688704
0.15345775 	 2.79169
0.0640766 	 1.2971531
0.004250008 	 2.3410487
0.019779524 	 3.148211
2.861027e-06 	 2.5118294
3.510775e-05 	 3.6007185
9.1195525e-06 	 2.302324
0.025265576 	 2.4769912
0.00023498911 	 1.3218795
0.003759887 	 3.6448922
2.4259385e-05 	 3.6996534
0.0039019915 	 1.2303152
0.02059141 	 2.2908719
0.12337751 	 1.9279865
0.07870309 	 1.194383
0.11945074 	 1.2592272
0.13047281 	 1.6187128
0.2991698 	 2.1230037
0.31007445 	 1.5419401
0.17783862 	 1.6701741
0.066358514 	 1.4772557
0.08317468 	 1.4677052
0.05884043 	 2.5437152
0.06503583 	 1.361228
0.27234802 	 1.2679217
0.23094079 	 1.8397863
0.044530023 	 2.4716368
0.06394036 	 2.408741
0.0673638 	 2.0386999
0.06323678 	 6.167334
9.125887e-05 	 3.8807726
0.12673083 	 2.4017293
0.07321142 	 2.3182466
0.058313344 	 1.9891622
0.012587281 	 3.7821581
0.0010241745 	 1.7814809
0.01574878 	 4.554265
0.078470394 	 1.6796309
0.043184467 	 3.6600559
Summary
-9.5367386e-07  -  0.8879518 ,  0.6412341  -  10.600584
accuracy:  99.7
equal predictions:  0
