TensorFlow version: 1.13.1
Found 939 images belonging to 1 classes.
argN = 49
argN = 49
0.41634914 	 2.4444766
0.48080027 	 3.2181087
0.5251655 	 1.3879776
0.5486045 	 1.8739984
0.2864648 	 3.058363
0.19544123 	 3.6576636
0.16544057 	 2.2517738
0.2874099 	 3.7371385
0.29488778 	 3.7002223
0.33076087 	 2.9452124
0.38702652 	 2.6522405
0.20798782 	 3.3141432
0.10944517 	 2.450021
0.19697769 	 2.684861
0.11221153 	 2.9057772
0.10691458 	 2.3091187
0.092829816 	 2.256685
0.068264335 	 2.57815
0.1078773 	 1.8007379
0.17338787 	 1.8875197
0.1011748 	 4.2211223
0.23839307 	 2.2708225
0.39442387 	 3.4243658
0.22939155 	 2.157333
0.7487367 	 0.62892336
0.47791976 	 1.6446992
0.30435082 	 1.5842737
0.55127674 	 2.2994893
0.31669727 	 3.7203462
0.113652855 	 2.0309403
0.09314092 	 2.3129797
0.032997068 	 1.6707741
0.27176404 	 0.48291245
0.22097419 	 2.5161798
0.28782696 	 2.841168
0.331833 	 1.4555373
0.3231878 	 1.1101046
0.6957309 	 3.1787505
0.119869545 	 1.674222
0.38872382 	 8.273175
0.16599569 	 1.7736061
0.10116319 	 2.1243515
0.3334589 	 6.7278647
0.5394954 	 5.894975
0.32347983 	 4.7602386
0.24057183 	 0.73093516
0.17441005 	 2.1099985
0.19653432 	 1.8634187
0.16705133 	 2.602911
0.0077575757 	 2.313475
0.00082705833 	 2.099017
0.14949036 	 3.2677698
0.0664626 	 1.364901
0.24648394 	 0.99825263
0.15183133 	 2.7193553
0.26333126 	 2.6901302
0.20172743 	 1.8297527
0.20332144 	 1.7739774
0.23786192 	 1.5330217
0.23926675 	 1.221507
0.3350067 	 1.1870831
0.10729141 	 1.284452
0.13386463 	 2.08929
0.09126524 	 1.6797614
0.0406534 	 1.4291351
0.0013257705 	 1.6729165
0.021648537 	 3.0908275
0.0006257465 	 1.7868936
0.00043043817 	 2.9648871
0.00032603095 	 2.9981432
0.00032352674 	 1.1942143
0.00057314365 	 2.3700693
0.039883807 	 1.8710274
0.03563925 	 1.4050378
0.058143646 	 1.8727306
0.20196134 	 1.2420962
0.34540933 	 2.1828468
0.3323658 	 0.9591569
0.3203932 	 1.9203501
0.07898396 	 3.8372998
0.07458119 	 3.2084162
0.21640459 	 1.2024019
0.09500794 	 1.0265955
0.17631961 	 2.5617106
0.20203881 	 2.6048758
0.15490441 	 1.5910836
0.21399891 	 2.5260122
0.054003906 	 2.6299605
0.083563924 	 2.7199504
0.041289587 	 2.7598813
0.08382879 	 2.5638165
0.06361554 	 1.3534367
0.08695271 	 2.1954238
0.14273591 	 2.3609395
0.053418994 	 2.5581179
0.00054976554 	 6.734359
0.010437711 	 2.8189576
0.038230155 	 1.3817552
0.012746824 	 1.6616782
0.00026909157 	 2.8221123
0.034152508 	 1.4043158
0.00026998587 	 2.232557
0.029985648 	 4.471122
0.0030285635 	 4.6855087
0.0124922795 	 2.0718215
0.00059187046 	 0.95350015
0.0015728916 	 2.3360205
0.060371015 	 1.9257824
0.049565826 	 2.3051088
0.030838262 	 1.8920666
0.02499096 	 3.5283928
0.012697202 	 1.9242188
0.0035659997 	 3.2626643
0.002812642 	 1.0555992
0.0019160376 	 1.6871244
0.008750526 	 2.4555795
5.2095816e-05 	 2.1016004
0.00022282699 	 1.8752906
0.00092638715 	 0.48491305
0.00046156565 	 2.8002105
0.008111203 	 2.103375
2.9802368e-06 	 2.277128
0.015816964 	 1.254192
4.0710802e-05 	 2.5203886
-5.960463e-07 	 2.9452894
0.02615847 	 2.7005897
4.4585267e-05 	 1.4658713
0.0047639655 	 0.4456906
0.045394197 	 2.9719782
0.015398375 	 0.8348092
0.0029716494 	 1.298248
0.001575399 	 1.6468233
0.034534164 	 3.490467
0.0018302251 	 2.2163744
0.0034911109 	 1.6349151
0.062288538 	 1.8176517
0.001511225 	 3.9251308
0.031978346 	 1.4620593
0.022948755 	 1.7709514
0.020163033 	 2.002433
0.0004251311 	 1.9225267
0.0011767513 	 2.523223
0.014451475 	 2.7091231
0.00013680202 	 2.38218
0.0013020167 	 2.2689269
0.00047098758 	 1.3446171
0.03913074 	 1.8605498
0.018001383 	 1.6135272
0.0077292235 	 0.90546787
0.020106109 	 1.9497269
0.0017365385 	 2.9170475
0.00019003767 	 1.2644031
4.827988e-06 	 6.2567186
0.00017233187 	 3.5373206
6.6757425e-06 	 1.4297262
0.00093020534 	 1.4275421
0.012170403 	 0.8632885
0.014914013 	 2.7338939
8.344685e-06 	 2.386884
0.00265103 	 0.68637735
0.039207105 	 2.4954307
0.002635671 	 1.0294551
0.02045829 	 3.1783113
0.02049461 	 2.4790647
0.0225493 	 1.5127041
0.043094292 	 2.8179042
0.034224484 	 2.4574456
0.0014176279 	 1.4452051
0.011621752 	 1.6099812
0.020798486 	 2.4148376
0.038758412 	 1.0104487
0.02083847 	 0.98603237
0.039787665 	 1.9962276
0.00046079044 	 1.1645508
0.0032720394 	 3.412235
5.7222096e-05 	 2.3181708
0.0027189828 	 2.274577
0.00065658183 	 4.917222
0.011910094 	 1.2024262
0.0006020689 	 1.4169141
0.0003094556 	 1.7127075
0.00019671468 	 1.9399363
0.0004962722 	 2.0482087
0.04019289 	 1.4738588
0.00042918592 	 2.2861795
3.9459053e-05 	 1.7851595
0.00029699443 	 1.9527516
0.00040783852 	 1.5436956
0.00019319731 	 1.4990274
0.00019981473 	 2.384047
0.002017983 	 0.9944045
0.0017756482 	 3.2638233
0.0015048377 	 2.7659307
0.002466081 	 1.9091908
0.000649186 	 2.222082
0.00074426207 	 3.250064
0.00059765554 	 2.0790293
0.0006843166 	 1.3490375
0.0012279537 	 1.2065158
0.0067246254 	 2.2386742
0.000538673 	 4.4736843
0.0017757079 	 1.8440624
0.000830399 	 2.489713
0.0010239955 	 2.4004073
0.13072322 	 2.777664
0.1840042 	 1.2903379
0.020447887 	 0.9176725
0.0062780944 	 1.7038562
0.02020147 	 3.0723228
0.0196425 	 3.5200732
0.00041260885 	 1.5418003
0.013608906 	 2.3887513
0.018168774 	 2.4957473
0.023899283 	 2.1769462
0.017904107 	 2.6055996
0.0018788334 	 2.0982018
0.024394307 	 2.5562172
0.022095283 	 1.7831173
0.035944797 	 1.9624062
0.00016929152 	 3.2356558
0.013194986 	 2.4274778
7.808239e-06 	 7.0659957
9.543159e-05 	 3.4007769
0.0030211501 	 2.1229045
1.0132795e-06 	 2.9651148
0.0065071243 	 3.850846
0.0009551436 	 3.0363426
0.00040575152 	 1.4899646
0.02080153 	 1.7799098
0.00018294339 	 5.436636
7.72506e-05 	 3.7964082
0.02021838 	 2.082431
0.016192231 	 1.8566632
0.017619975 	 3.087226
5.7816674e-06 	 6.9810977
0.058831077 	 2.6043148
0.07000176 	 4.964102
0.142914 	 3.6825495
0.0010102724 	 7.9649696
0.0076107183 	 5.833882
0.0116185555 	 1.6306975
0.02366471 	 1.499109
0.015477187 	 2.2378292
0.001976057 	 2.2440424
0.041461356 	 2.0784812
0.023458868 	 1.5343852
0.002207389 	 7.4177423
0.016622063 	 3.0612736
0.013426451 	 2.7183158
4.452566e-05 	 3.088821
0.032444693 	 2.453225
0.014024752 	 3.7279036
0.016863415 	 4.64109
0.028355198 	 1.6871164
0.024765782 	 1.8230282
0.012608528 	 1.9763108
0.06742316 	 1.6578593
0.06899006 	 2.4821072
0.15693846 	 3.2236674
0.11334225 	 1.0483856
0.07743483 	 3.739764
0.034623202 	 2.0460577
0.08883171 	 2.5415406
0.064677574 	 1.692075
0.158376 	 1.9548223
0.060668822 	 3.1480124
0.06673572 	 2.493797
0.056390047 	 1.7478806
0.13585609 	 2.836191
0.009339958 	 4.0624695
0.0005112405 	 1.5311849
0.01917376 	 1.6656334
0.0010349144 	 3.7449703
0.0033923045 	 1.7496201
0.0020568052 	 1.2758678
0.18201965 	 1.4658871
0.21754137 	 2.6874764
0.1336684 	 1.985031
0.13321325 	 1.2113606
0.09098357 	 2.9413652
0.18288851 	 0.8495191
0.1490907 	 3.0553558
0.15102312 	 2.9738238
0.12708311 	 2.6966228
0.22837979 	 1.5654956
0.16395682 	 0.9283728
0.081632756 	 1.424305
0.11604968 	 1.4627781
0.074539706 	 2.1709886
0.092016675 	 1.5206608
0.079383776 	 2.1713006
0.15146306 	 1.1599064
0.1765389 	 1.0418388
0.097842656 	 2.7992444
0.056545824 	 1.4454879
0.06339229 	 3.5986335
0.00018342031 	 1.8627412
0.003651064 	 3.4103258
0.003414912 	 2.7709424
0.039217643 	 2.832919
0.07438174 	 1.9583669
0.103170484 	 1.4841856
0.051907297 	 1.9232386
0.022818126 	 1.6285142
0.1032178 	 2.048216
0.047528744 	 3.4844518
0.048181523 	 1.4857595
0.0328698 	 4.403564
0.03168662 	 2.6247356
0.053868026 	 3.0411925
0.00083552924 	 3.2169523
0.03249309 	 3.1965282
0.076211326 	 2.2694912
Summary
-5.960463e-07  -  0.7487367 ,  0.4456906  -  8.273175
accuracy:  99.7
equal predictions:  0
TensorFlow version: 1.13.1
Found 939 images belonging to 1 classes.
argN = 49
argN = 49
0.65121096 	 4.6671157
0.6447543 	 2.2525213
0.39852655 	 2.0107522
0.31139323 	 1.8118665
0.7772738 	 3.097907
0.38319692 	 0.58095586
0.17852178 	 1.627437
0.15566868 	 2.414953
0.17305942 	 1.4681574
0.10545227 	 2.64227
0.16131534 	 2.944519
0.05625914 	 2.0796297
0.14131278 	 1.6455024
0.08521151 	 3.5973165
0.10339856 	 1.539706
0.17716347 	 2.0176024
0.24791174 	 1.3074327
0.3991074 	 1.0788805
0.803525 	 2.8015478
0.37441146 	 3.240098
0.41245857 	 1.1053833
0.2425266 	 2.0246084
0.3821591 	 0.77891576
0.11090441 	 2.2477934
0.40376619 	 2.7365904
0.046174098 	 2.3586423
0.076631136 	 3.1652994
0.16597486 	 1.7030923
0.010646551 	 1.87801
0.099922456 	 2.626425
0.38151664 	 1.9310378
0.36560637 	 1.4722513
0.47098076 	 1.5687664
0.40888834 	 1.5089312
0.070001505 	 5.9730916
0.18672363 	 5.889104
0.44234592 	 2.962509
0.11195698 	 1.6890653
0.11721503 	 4.5096736
0.62648207 	 1.668498
0.4556672 	 0.9181055
0.41653228 	 4.106406
0.27351883 	 2.5576978
0.21367803 	 2.1700313
0.26265392 	 2.705643
0.15244322 	 0.6736114
0.0981502 	 2.8862953
0.07120142 	 2.2461646
0.10891186 	 3.271595
0.08001293 	 3.025488
0.0400567 	 2.1785598
0.00128638 	 2.1794384
0.4083302 	 3.3024547
0.29648778 	 2.714372
0.13779734 	 2.9404747
0.21155098 	 1.6688168
0.20789227 	 2.131389
0.31979105 	 1.4871248
0.09292662 	 2.816314
0.018829927 	 1.2720422
0.00094923715 	 3.2082245
0.0195292 	 2.3556316
0.0418598 	 1.7362413
0.04275607 	 2.4577024
0.12769176 	 2.251011
0.025518626 	 2.5967112
0.14572507 	 2.3765182
0.27833286 	 1.1912174
0.059566617 	 3.9302711
0.13723905 	 3.9712858
0.09679887 	 2.2998178
0.14731285 	 2.403057
0.113688245 	 2.1310675
0.31657055 	 4.205989
0.37918067 	 1.0388342
0.21878573 	 3.2302742
0.31715888 	 4.69969
0.31186777 	 1.931113
0.12635323 	 2.04229
0.30737367 	 2.4179184
0.32699725 	 1.9133508
0.26471382 	 2.0016606
0.21244515 	 1.8956075
0.23219842 	 2.959544
0.13389829 	 2.2273118
0.022803308 	 4.1725574
0.057775665 	 2.2227635
0.272365 	 2.1531982
0.10815679 	 2.5320778
0.041743893 	 3.1949978
0.10564013 	 6.2896767
0.06993304 	 2.796126
0.020988623 	 1.7582997
1.9848543e-05 	 5.1269484
0.013499067 	 2.160418
0.008718177 	 3.8740103
0.0029467207 	 4.686323
0.09413336 	 3.3793344
0.09601267 	 2.4621909
0.09167815 	 2.5190673
0.064343676 	 5.909498
0.074475616 	 2.5549774
0.047350496 	 3.0115604
0.022232704 	 2.4087245
0.036856927 	 2.4066277
0.043795925 	 0.91795844
0.0026822865 	 2.359724
0.016336296 	 3.0003889
0.0015436398 	 1.6177777
0.00011426863 	 2.795505
5.9785245e-05 	 2.8299875
0.00032197652 	 2.2548099
0.0010847966 	 3.521365
0.0010846177 	 3.2293553
0.00014157106 	 2.05517
0.0002773789 	 1.7334818
0.00023820854 	 1.9846714
0.0005715334 	 1.6455822
0.032582372 	 3.879041
0.00052072253 	 3.2724547
0.021322666 	 0.7895981
6.914163e-06 	 1.8443817
0.001159028 	 1.1909698
0.00019576082 	 2.9807062
0.0002294446 	 5.420598
1.4066795e-05 	 2.4688103
0.020890871 	 3.8053417
0.06533706 	 2.0252757
0.0054617994 	 2.3603325
0.03503924 	 2.256939
0.0001050289 	 2.0813723
0.009427982 	 2.3040745
0.003321017 	 1.4845396
0.011612223 	 1.5702934
0.0029207761 	 2.5123093
0.0006729244 	 2.210955
0.03749875 	 2.3469625
0.040582694 	 2.0050917
0.0013698777 	 1.7432936
4.9592294e-05 	 2.3880641
0.0008384523 	 1.5661376
0.008169072 	 2.4687877
0.03265005 	 1.3746572
0.025246872 	 1.7906682
0.021800578 	 2.128559
5.620876e-05 	 1.9250978
0.0021852271 	 2.8714006
0.0014458017 	 3.1132836
0.013801791 	 1.2314154
0.0015754587 	 2.4573815
0.01715958 	 1.8680598
0.00053753995 	 1.775086
0.00014306138 	 1.2421907
4.452566e-05 	 3.0467396
0.019113915 	 2.8635633
0.011458589 	 3.0112698
0.00027445744 	 1.1450815
0.00010222719 	 2.9247606
0.0007521954 	 3.4480205
0.02074183 	 2.1140625
0.00016553579 	 3.6673164
0.011247591 	 2.9594393
0.00048762525 	 3.78352
9.477183e-06 	 4.493941
0.0007404445 	 2.1660824
0.013083681 	 2.2769072
0.027039852 	 2.1106899
0.022599658 	 2.446861
0.021126134 	 3.013602
0.025184095 	 3.596936
0.020260956 	 5.394051
0.022796357 	 1.6466767
0.026531091 	 1.9098333
0.0021349913 	 4.1458316
0.02394342 	 1.9090315
0.021633737 	 2.7438946
0.014379697 	 1.466989
0.004702521 	 4.7231812
0.004316753 	 1.816606
0.01469799 	 2.847793
0.0024674553 	 2.370251
0.022544606 	 1.67309
0.011988934 	 1.4921622
0.006702843 	 1.6356106
0.0014881234 	 2.1230385
0.017850284 	 1.2737968
0.031736456 	 1.4636842
0.0005670009 	 1.7506613
0.03030133 	 2.6994917
0.010084404 	 4.2980423
0.047310248 	 2.9786134
0.017508056 	 3.0202844
0.0003878034 	 5.074686
0.002387869 	 2.766125
0.00046204272 	 0.6304994
0.0005235254 	 1.2196652
4.5240948e-05 	 2.6826715
0.00018783187 	 3.073942
0.025605822 	 3.5678284
0.00100359 	 2.4389
0.0029244826 	 3.205942
0.004318728 	 2.3310378
0.1280792 	 2.8355215
0.0023740674 	 2.6552696
0.028316997 	 2.4853585
0.03217985 	 1.7502488
0.015159554 	 1.6839846
0.015094018 	 3.475265
4.4107533e-06 	 2.4027271
0.081632234 	 1.4035417
5.388405e-05 	 2.160745
0.017927408 	 3.5914273
0.0031008467 	 4.1408215
0.00018192992 	 1.8343248
0.04142433 	 3.1049838
0.036815926 	 2.8699038
0.00084370194 	 3.2812183
0.00073859544 	 3.1688366
0.00024333576 	 1.8155155
0.018889634 	 3.5793967
0.0085256705 	 3.8522656
5.442052e-05 	 2.6507056
0.010016009 	 3.9752781
1.9014062e-05 	 3.5562065
0.0017862767 	 6.4485674
5.36442e-07 	 4.2529855
0.020348668 	 1.491337
0.033147577 	 1.6581068
0.00020637257 	 3.5832787
6.0023678e-05 	 2.9947398
0.001802996 	 2.7435694
0.0015389237 	 2.2265725
-2.3841855e-07 	 1.6610814
0.11092252 	 1.1674432
0.0054564653 	 2.1829796
0.026608706 	 3.5696
0.022316262 	 3.171222
0.02050702 	 2.820492
0.020766718 	 3.8777385
-9.5367386e-07 	 1.5107033
0.0003762953 	 2.6412768
6.5565323e-06 	 2.2194445
0.0038329412 	 3.9993742
0.0011914911 	 3.7652142
0.07837021 	 2.0223472
0.10462608 	 2.5302176
0.00274026 	 3.2815769
0.008382247 	 4.5406775
0.05265636 	 2.2409184
0.05087428 	 3.1830113
0.029198505 	 1.4772907
0.032748647 	 2.687036
0.011170377 	 1.8756807
0.0004755197 	 4.180739
0.01891879 	 1.6071851
0.04514112 	 1.8354312
0.028660184 	 2.8449368
0.04606031 	 1.8931506
0.0002595523 	 2.6888945
0.041250456 	 2.5474553
0.018382633 	 1.6276718
0.03381162 	 2.268041
0.08049901 	 1.3640271
0.051102027 	 2.1612637
0.0007935334 	 2.895307
0.042127714 	 2.8290517
0.11693902 	 2.2882419
0.06916729 	 3.236494
0.13461304 	 2.1169121
0.1320177 	 2.204091
0.17224067 	 1.2689601
0.050881304 	 1.8358976
0.10355714 	 1.6434678
0.18216868 	 2.2813263
0.085376315 	 1.7124151
0.051083647 	 1.8497946
0.092261896 	 2.2356172
0.004787143 	 1.6047717
0.0011596845 	 3.1849337
0.0032812487 	 2.4854665
0.028370345 	 2.3761017
6.9382215e-05 	 2.8238826
0.00018878574 	 1.3064507
0.0015923535 	 3.3232484
0.1668289 	 1.5669692
0.29146457 	 1.4871554
0.28865203 	 1.7879212
0.14969517 	 0.84098667
0.15881284 	 1.4931049
0.23679811 	 1.4261339
0.17884105 	 1.2187216
0.07580366 	 1.4589992
0.10371502 	 1.6885417
0.19499013 	 1.165943
0.13530721 	 1.413535
0.09465104 	 1.7908182
0.056564998 	 2.2796345
0.14915776 	 2.6087778
0.006689522 	 1.9696727
0.049839884 	 2.787789
0.07175488 	 2.4456987
0.03887701 	 1.932387
0.009212058 	 1.6932706
0.022708368 	 3.196773
0.08818513 	 3.377964
0.10445708 	 3.0460134
0.06986202 	 1.9699795
0.09884359 	 1.8899071
0.04942898 	 3.2807252
0.030006716 	 1.8573446
0.053354863 	 3.0574067
0.020838592 	 1.9646453
0.022772027 	 4.2241755
Summary
-9.5367386e-07  -  0.803525 ,  0.58095586  -  6.4485674
accuracy:  100.0
equal predictions:  0
TensorFlow version: 1.13.1
Found 939 images belonging to 1 classes.
argN = 49
argN = 49
0.5743632 	 3.4682934
0.4949105 	 4.108131
0.7238808 	 2.0720897
0.39187527 	 1.844246
0.107909836 	 3.8471441
0.21846229 	 2.5684357
0.26023927 	 2.9674056
0.19692253 	 4.0909653
0.027253537 	 3.1265025
0.2547547 	 2.4354224
0.18831877 	 2.0009904
0.2917814 	 2.9109669
0.30958393 	 3.4602885
0.725767 	 2.8437073
0.4563429 	 2.2426128
0.724022 	 1.6998992
0.38597912 	 2.1363983
0.29917237 	 1.0475963
0.041315924 	 3.2902658
0.2931493 	 3.2904563
0.037660338 	 1.7825894
0.083515905 	 2.7218142
0.1861709 	 2.1971111
0.15734076 	 2.6696866
0.5992251 	 2.2420425
0.6399005 	 3.3968666
0.12746911 	 3.230235
0.060112156 	 2.3166893
0.1409098 	 7.0408974
0.069943525 	 2.5945363
0.50244284 	 0.96198624
0.40834832 	 1.1737373
0.5548099 	 2.474781
0.23247859 	 1.9567733
0.52477473 	 2.865441
0.5635282 	 2.590654
0.5940777 	 1.3057281
0.39716113 	 3.8073635
0.27643144 	 2.8955014
0.013681959 	 4.3485723
0.19221991 	 2.084143
0.37784457 	 2.9957192
0.1365283 	 1.4809858
0.16777806 	 2.0581567
0.0088205775 	 2.9360335
0.02517407 	 2.425487
0.031365763 	 5.2475944
0.0009063416 	 1.2533569
5.281111e-05 	 2.0816514
0.20958418 	 1.4383157
0.23890921 	 2.268416
0.31205612 	 2.2955148
0.26690125 	 1.7293943
0.25431025 	 2.8659089
0.20328155 	 2.518832
0.108310215 	 4.217309
0.22696598 	 2.5356486
0.36163613 	 1.5660815
0.313156 	 1.2508274
0.0544819 	 1.8494551
0.16008796 	 1.4734204
0.04849124 	 1.7870994
0.002328243 	 1.9150199
0.0003414737 	 3.0028315
0.041957572 	 4.3462415
0.13363303 	 2.0272865
0.18938603 	 3.3334093
0.1155869 	 4.9276505
0.3426941 	 1.6683501
0.14768055 	 2.5329065
0.31373549 	 1.0570592
0.15381292 	 1.259556
0.24675396 	 1.8988343
0.2895043 	 2.4840226
0.16599146 	 0.7061828
0.1304491 	 2.6670032
0.060669392 	 5.5592103
0.0026491175 	 3.2806587
2.712048e-05 	 1.4487096
0.006741607 	 4.2538404
0.2645637 	 2.0970144
0.17896517 	 2.0255196
0.14004827 	 0.67005384
0.14373927 	 1.7708088
0.105382666 	 3.83691
0.010192725 	 2.1357732
0.0024426586 	 3.4714346
6.759395e-05 	 1.4893562
0.017913997 	 1.7852987
0.00025520005 	 1.2984673
0.022801967 	 3.0106766
0.01741586 	 2.2010505
0.0009298474 	 3.0986228
0.0006168599 	 1.6348487
0.01835853 	 2.444827
7.301835e-05 	 2.9427254
2.4378596e-05 	 5.6858354
0.00083248684 	 2.9900775
0.00089906325 	 2.2783735
0.041218095 	 1.8644993
0.022933204 	 3.185523
0.04109878 	 2.6187477
0.048327267 	 1.0081749
0.033059537 	 0.994347
0.0015722349 	 1.932963
0.006625319 	 2.422176
0.0036125388 	 2.7943583
0.00055268774 	 2.98131
0.00024089139 	 2.1564147
0.0003698556 	 1.3989518
0.0010637336 	 2.985234
0.017931595 	 1.6688089
0.00013268874 	 2.016851
0.0010969692 	 2.7428405
0.00077504147 	 1.283079
0.0094271405 	 2.4922323
0.043483987 	 3.863408
0.06298023 	 2.4644575
0.020927694 	 1.9585536
0.002400894 	 2.6366143
0.008359767 	 2.21709
0.001454636 	 2.2268188
9.859094e-05 	 4.03732
0.01372184 	 1.9124172
0.019051947 	 2.2967074
0.016938282 	 2.649015
0.0138891805 	 2.6769316
0.032466426 	 2.3719444
0.005284599 	 5.490462
8.583437e-05 	 1.577979
0.030739237 	 2.2117183
0.016042314 	 1.2341383
0.00030033328 	 3.1616058
0.0053164773 	 2.5583642
0.0018784751 	 1.0439321
0.0050299093 	 0.556382
0.0041054003 	 1.3025665
0.0098060975 	 2.378509
2.0563813e-05 	 2.7510166
0.019222125 	 1.9333841
0.00066904747 	 2.5692306
8.321155e-05 	 2.5497932
0.00074414274 	 3.9602008
7.7071774e-05 	 2.0340836
0.001846348 	 2.7231593
9.6206524e-05 	 1.5981718
0.00433112 	 3.808153
0.024251644 	 1.8728137
0.011277671 	 1.6465272
0.017103493 	 3.7798157
0.017481003 	 2.5541432
0.00921645 	 5.449338
0.003859747 	 3.2005858
0.033172164 	 3.0712373
0.06172761 	 1.1319082
0.020781202 	 1.3615842
0.041002214 	 3.1167476
0.025059225 	 2.7807927
0.04216166 	 1.6614735
0.041270766 	 1.020553
0.04393524 	 2.9620638
0.00020190132 	 2.1059918
0.010243308 	 2.0307326
0.033311605 	 2.9295747
0.040684626 	 3.3178625
0.010460298 	 2.6227198
0.01485291 	 2.4398823
0.0034683822 	 2.4969006
0.00463102 	 3.3120341
0.020850338 	 2.944715
0.0014724839 	 0.73243874
0.0010309167 	 1.6381462
0.0072307307 	 2.3302727
0.0018316583 	 1.5798146
0.034478143 	 1.9855587
0.02071201 	 2.106587
5.3466796e-05 	 0.85014915
0.0034524126 	 1.586922
0.0007403849 	 2.9102762
0.00070930837 	 2.4776912
0.0017414346 	 2.7075732
0.004657189 	 1.2253737
0.007678288 	 1.3736627
0.0046349126 	 1.976637
0.0012179278 	 2.269996
0.0026353723 	 2.3517854
0.0037303919 	 1.7025607
0.0007108592 	 1.2532182
0.0015419086 	 3.0485904
0.008496756 	 1.6423322
0.0017530778 	 1.3494442
0.00097507075 	 3.0190854
0.09526386 	 1.7573059
0.14910018 	 1.8074651
0.17194085 	 1.4162636
0.042260766 	 2.248777
0.04365744 	 4.831612
0.06576436 	 2.5470662
0.07678669 	 2.131183
-1.1920928e-07 	 10.086201
1.1324889e-06 	 3.2062364
0.010408198 	 2.1604614
0.020227686 	 1.320357
0.01519435 	 3.594644
0.02071122 	 3.7016702
0.009246408 	 3.9396663
0.01969721 	 2.5194464
0.010838863 	 2.849694
0.01881705 	 1.9851217
3.5762793e-07 	 3.0883605
-1.1920928e-07 	 1.5673069
-4.7683704e-07 	 1.962614
7.7486067e-07 	 1.5109631
1.6093267e-06 	 7.3302655
3.9757088e-05 	 1.0800405
0.0005302643 	 3.2690177
1.0728893e-05 	 2.0961764
0.01739603 	 1.4393817
0.014980747 	 3.2190738
0.1083419 	 2.286603
0.2956652 	 1.8081309
0.63424736 	 1.87669
0.45099175 	 2.1718009
0.18586278 	 2.1308973
0.020618426 	 2.1671495
0.04053608 	 3.2449806
0.015489294 	 3.635084
0.016814074 	 4.6706033
0.026521482 	 2.3087227
0.03145378 	 2.8485594
0.08492356 	 1.178014
0.24791929 	 2.44945
0.08775283 	 1.0016748
0.06564177 	 3.033161
0.04166 	 2.7839022
0.1322 	 2.9507937
0.081432216 	 1.7443057
0.05672503 	 4.2380056
0.043320894 	 1.2860527
0.05389954 	 1.4720038
0.10738152 	 2.1321702
0.017853135 	 2.6442668
0.04145241 	 1.8992165
0.009541949 	 2.921147
0.00022503285 	 2.7207224
0.03628103 	 1.0417382
0.07297056 	 2.2705793
0.04040754 	 2.06518
0.02974037 	 1.2724208
0.0001485458 	 3.7210574
0.022622582 	 1.9264599
0.03958425 	 3.7330956
0.0395032 	 2.4034467
0.016472746 	 5.133306
0.01988288 	 3.6379461
0.00020142438 	 1.3017043
0.014065918 	 2.490844
0.06786755 	 1.6612045
0.03465498 	 1.9283997
0.06418077 	 1.834442
0.043690067 	 2.9592118
0.16920465 	 2.186646
0.22885339 	 1.6411856
0.043524265 	 2.98088
0.13525897 	 2.426985
0.10780281 	 2.9888253
0.020819178 	 2.0914004
0.017573629 	 2.9451091
0.0046730577 	 2.15765
0.012313527 	 2.9735415
0.0064069997 	 2.3222651
5.960466e-07 	 3.7514648
0.00064226746 	 3.421911
0.0061237775 	 2.8195071
0.005017389 	 1.3418844
0.00014526707 	 5.4425397
0.021288933 	 2.2214239
0.060396593 	 2.3220243
0.0914801 	 2.4941356
0.15709747 	 2.4812367
0.16521512 	 3.5704808
0.2500779 	 1.8865008
0.18328635 	 2.2925994
0.21916169 	 1.661644
0.18153325 	 2.2699463
0.0699161 	 1.3728384
0.08817458 	 1.9633632
0.09763984 	 2.2829895
0.117246866 	 1.5653518
0.101620264 	 1.0161786
0.07717699 	 1.2918078
0.30316153 	 1.1928579
0.14319582 	 1.7218703
0.15797397 	 2.8723485
0.038816534 	 2.618842
0.10588122 	 2.535812
0.110428035 	 4.9060388
0.11682916 	 1.3262126
0.0007223711 	 3.484961
0.12301412 	 2.1726987
0.1750379 	 2.3308845
0.10288419 	 2.0364501
0.14344896 	 1.3145758
0.047002085 	 1.9328712
0.10900192 	 2.1452918
0.07847929 	 1.9724593
0.053589843 	 2.7014873
0.082764484 	 1.5268408
0.07194196 	 1.4854598
0.117088914 	 1.8070151
0.041588914 	 3.621383
0.00931457 	 3.5192196
0.010145699 	 1.6849266
Summary
-4.7683704e-07  -  0.725767 ,  0.556382  -  10.086201
accuracy:  100.0
equal predictions:  0
TensorFlow version: 1.13.1
Found 939 images belonging to 1 classes.
argN = 49
argN = 49
0.27712032 	 2.2023842
0.5894845 	 3.864013
0.32422572 	 1.7841634
0.744865 	 2.21756
0.33981574 	 1.4979805
0.1314767 	 2.9409034
0.15865949 	 1.2920417
0.052501753 	 1.704813
0.15467298 	 0.96698564
0.28981876 	 2.097047
0.5546642 	 2.9792604
0.49062642 	 1.8339365
0.71915084 	 1.8101447
0.6073546 	 1.4078989
0.5139926 	 2.7956972
0.27984545 	 3.7187335
0.47423947 	 1.7053778
0.24448155 	 1.62606
0.19427384 	 1.7116259
0.2092476 	 1.4302787
0.05601578 	 3.4981587
0.040713616 	 4.1010995
0.019367842 	 3.2710016
0.0011260291 	 2.2528837
0.0019187847 	 2.2910368
0.020864457 	 1.7463493
0.0023171906 	 3.330173
0.039095655 	 1.7716132
0.17748003 	 2.05315
0.22103032 	 1.2789869
0.08173009 	 4.9800076
0.3976339 	 1.7032933
0.109935984 	 0.62646425
0.43287247 	 2.3964787
0.3294864 	 3.2497394
0.57958734 	 2.1270523
0.5198198 	 3.0346198
0.072384454 	 2.2404568
0.1294887 	 1.9604915
0.013778222 	 3.5236118
0.047069743 	 3.2612472
0.029762415 	 2.4649417
0.00035357766 	 3.0717735
0.025722321 	 2.9538062
0.2091368 	 2.1542494
0.12566464 	 5.092012
0.27553898 	 1.6950982
0.34580648 	 1.3428674
0.35053253 	 0.96679944
0.35460356 	 1.7097741
0.12136987 	 1.4288054
0.07057016 	 1.8236198
0.022333633 	 3.3413932
0.00022401934 	 4.203421
0.19290698 	 1.5135963
0.057834208 	 2.199401
0.13649742 	 2.149102
0.04315733 	 1.4087281
0.05712026 	 6.272414
0.35434544 	 3.5628724
0.20827265 	 2.8663173
0.09152366 	 2.6290793
0.15733728 	 3.011346
0.18672997 	 2.7147949
0.23223962 	 1.8732605
0.15329994 	 1.1819527
0.0218219 	 2.7005115
0.17753725 	 2.2773952
0.1670588 	 1.9133831
0.043198906 	 1.8576609
0.036460534 	 2.593961
0.22177841 	 1.246658
0.278872 	 1.5992297
0.12675633 	 2.2232535
0.027280672 	 7.6646204
0.0025883408 	 1.9420301
0.001691639 	 2.4942951
0.040122155 	 2.3415976
0.005133431 	 3.3210955
0.00015152649 	 4.923758
0.026244378 	 2.9448893
0.021193344 	 1.1702214
0.0009014496 	 2.2928863
0.0065961587 	 2.4462304
0.026270444 	 2.4285455
0.015091658 	 1.5707254
0.07147866 	 1.2756027
0.023213783 	 1.8762537
0.050827872 	 9.512039
0.0022786572 	 2.917528
0.0007428305 	 1.9019431
0.00028596437 	 1.5038207
0.0003808866 	 1.6805108
0.00027272844 	 1.9427327
0.00012839664 	 2.450166
9.2927956e-05 	 1.5942317
0.0022958627 	 1.6989601
0.0001651781 	 2.7610948
0.01078548 	 1.3359517
0.022335034 	 4.2910995
0.008802659 	 0.94410086
0.00019927818 	 2.1157622
0.031070711 	 1.5486292
0.027678465 	 1.9959667
0.00019492618 	 2.4170966
0.002207449 	 1.3868878
0.0074701877 	 2.7104495
0.00029574236 	 2.689809
0.020841634 	 1.9446815
0.033829316 	 2.3732657
0.0018099226 	 3.5246916
0.02365885 	 2.0709188
0.015790865 	 2.1872783
0.02074037 	 0.69566816
0.0040819994 	 0.86847454
0.016719094 	 1.86304
0.023705663 	 3.1080308
0.0060709445 	 1.5530298
0.01795156 	 4.2080665
0.022551555 	 3.449151
0.033433877 	 2.9441307
0.0010518597 	 2.8933318
0.013355713 	 0.98779094
0.00026342762 	 3.2832394
0.0020449793 	 1.2316623
0.0033218542 	 2.6232002
0.0070879725 	 0.7135566
0.026751034 	 1.7536962
0.024537848 	 1.7721708
0.0021711297 	 2.1792517
0.00089995813 	 2.8210125
0.0027043996 	 2.3813276
0.019721892 	 1.9631552
0.0041847047 	 1.8711509
0.002610691 	 1.9291589
0.00043836902 	 2.0371518
0.00047510225 	 1.5057056
0.0032651625 	 1.0118084
0.0011322945 	 1.7735053
5.6029934e-05 	 1.4677585
0.009104685 	 1.9688364
0.03760185 	 2.9051442
0.033147518 	 1.9154932
0.011264891 	 1.8274763
0.009128565 	 1.4335078
0.00039197734 	 1.2564927
0.020778403 	 2.0725598
3.5644214e-05 	 3.0844696
0.004793791 	 2.2664833
0.0009852732 	 1.6056864
7.182618e-05 	 2.8617518
0.00010753256 	 3.696225
0.0038727315 	 2.4462354
2.0563813e-05 	 2.0136523
3.9697483e-05 	 2.4472494
0.00012255466 	 1.8785021
0.001992242 	 2.2131147
2.7180087e-05 	 3.4212577
0.019941738 	 2.67184
0.035760567 	 2.347974
0.039428424 	 3.9753034
0.02129417 	 1.172627
0.033461425 	 2.871088
0.021830305 	 0.85140747
0.0549736 	 2.0270836
0.0011940572 	 0.87623733
0.0007395498 	 2.2621052
0.00034141407 	 2.1622782
0.00018610302 	 2.3685439
0.00031452355 	 2.0216498
0.00024572053 	 3.251684
0.021745874 	 2.4022264
0.00026730294 	 2.686622
0.0011525237 	 1.2147688
0.00034606483 	 1.2766327
0.0003864916 	 1.1972997
0.00018646072 	 3.8057194
0.00026706446 	 0.92957604
3.3379158e-05 	 2.2408652
0.00016321083 	 1.4076327
0.0031374388 	 1.5862594
0.0004545291 	 2.2972546
0.0004988961 	 2.65617
0.00016106472 	 2.0265443
0.000118202996 	 2.0264869
0.00017090111 	 3.0457766
8.5536325e-05 	 1.0074687
0.001096671 	 1.2126408
0.016455295 	 2.942227
0.0030075193 	 2.2913368
0.003827616 	 2.3366728
0.0021157577 	 1.4647266
0.002795547 	 1.2131419
0.006507844 	 1.445652
0.0011204199 	 2.4699216
0.0006719701 	 1.0012035
0.0006085101 	 3.6253934
0.0011303254 	 1.2008455
0.12978007 	 2.3535633
0.10034404 	 2.4498234
0.09232399 	 3.1487136
0.13543354 	 1.6744703
0.16358794 	 2.2986517
0.14174724 	 1.5674781
0.06590932 	 2.449312
0.02455489 	 1.882732
0.042193554 	 2.673827
0.084651455 	 1.4166609
0.0062017427 	 2.535532
0.0063848644 	 2.7202291
0.00013710008 	 6.4941792
0.030839983 	 3.3724654
0.003848857 	 2.784265
0.020801164 	 3.043402
0.06735959 	 1.3634262
0.0030420152 	 2.5073178
2.8253e-05 	 3.3844562
0.020151842 	 1.0488017
6.6878645e-05 	 2.4303257
3.916102e-05 	 0.9389803
-5.960463e-07 	 1.8685211
-1.1920928e-07 	 1.5055968
-5.960463e-07 	 5.230328
0.0027216722 	 0.9264768
0.032906145 	 3.2010045
0.00010735373 	 0.6752096
0.0019852542 	 3.3803725
0.09863372 	 2.1525824
0.0021693378 	 3.1998472
0.0005386134 	 2.150434
1.3947584e-05 	 1.9398351
0.003950581 	 3.924195
9.298368e-06 	 2.3955715
0.020531844 	 2.036078
4.8877002e-05 	 2.0515487
0.22980368 	 1.9949223
0.022158597 	 3.3432782
5.9604645e-08 	 2.3176715
0.045820665 	 1.4586961
0.07851978 	 2.3247375
0.0207697 	 3.0942025
0.017261878 	 4.067564
3.0994895e-05 	 1.8645142
0.0010712518 	 2.1007173
0.022433719 	 1.8733448
0.0026950163 	 3.3118675
-4.7683704e-07 	 7.466767
0.0008257459 	 3.968305
-7.152555e-07 	 0.92663276
1.1920929e-07 	 7.195925
0.036559943 	 2.7006278
0.02694555 	 2.7953568
0.0018721451 	 2.521601
0.04149205 	 2.8571613
0.00066254626 	 1.9114109
0.018885927 	 1.9325224
0.022026671 	 2.4738476
8.637086e-05 	 4.9242334
0.029171932 	 1.3455096
0.1419377 	 1.2003577
0.13479936 	 1.2003379
0.088572614 	 2.0348244
0.08940258 	 4.6396823
0.080277316 	 0.90411276
0.12813097 	 2.9689188
0.14568534 	 2.520287
0.03980466 	 1.2711954
0.13358623 	 2.3567717
0.026155839 	 2.2072954
0.02202716 	 1.7636166
0.0017313439 	 3.0479684
0.02834551 	 1.0703752
0.035959255 	 3.8077743
0.0066588 	 2.1330678
0.02140213 	 3.7133293
0.00023188895 	 3.0833368
0.021423625 	 6.1384478
0.018330848 	 2.532313
0.0027987747 	 2.967657
0.0042278008 	 2.358288
0.008297079 	 3.287718
0.0008204964 	 3.3932855
0.09748462 	 1.7227521
0.15921903 	 3.1763144
0.09580299 	 1.0294856
0.26540747 	 2.3005254
0.25946057 	 1.2863626
0.076935954 	 1.8712779
0.112186134 	 2.0867193
0.0982412 	 1.1082343
0.13383314 	 1.0080553
0.16253117 	 0.74457645
0.2645192 	 1.3519555
0.3495411 	 1.7520509
0.2159009 	 1.7769593
0.15184201 	 2.1033683
0.18375626 	 1.124912
0.1577283 	 1.886769
0.10680117 	 2.2290797
0.054885 	 2.162477
2.7060874e-05 	 3.4888535
0.0022018934 	 3.3323991
0.0049342453 	 2.4557428
0.09376179 	 3.3194876
0.021705061 	 1.6014727
0.022437315 	 1.108604
0.06431571 	 1.7707855
0.07366012 	 2.1631582
0.06422424 	 1.0859437
0.007963994 	 1.5063196
0.022411654 	 2.92896
0.058048446 	 1.4454924
0.02957705 	 1.044639
Summary
-7.152555e-07  -  0.744865 ,  0.62646425  -  9.512039
accuracy:  100.0
equal predictions:  0
