TensorFlow version: 1.13.1
Found 939 images belonging to 1 classes.
argN = 784
argN = 784
0.10591767 	 1.9674346
0.056407265 	 3.2933016
0.09270576 	 2.2610207
0.2758999 	 2.704255
0.33460733 	 2.4251933
0.20596018 	 2.1482403
0.19987223 	 2.843306
0.16312334 	 2.197975
0.10646019 	 2.4231362
0.06637049 	 2.5578194
0.054925866 	 2.8327801
0.03925118 	 1.3070432
0.016729822 	 3.392048
0.034761798 	 2.6459577
0.05070471 	 1.7438112
0.024292681 	 2.4375226
0.08361751 	 2.026133
0.100977235 	 2.1999564
0.029846175 	 3.929264
0.048254076 	 3.0418653
0.06766982 	 2.2790515
0.07130953 	 2.1755505
0.040158886 	 2.3847954
0.18816999 	 2.5870922
0.22249123 	 1.9287393
0.1701938 	 1.5446309
0.066830024 	 2.1400664
0.02453119 	 3.3684804
0.047004957 	 1.7849286
0.050423834 	 2.023912
0.00511408 	 1.6669681
0.0063969814 	 2.8208554
0.0063976417 	 2.2815878
0.042201262 	 1.9409724
0.1871118 	 2.0353727
0.15373553 	 2.6793673
0.20455803 	 2.3750792
0.15865117 	 2.6373837
0.048590034 	 2.6374989
0.14795543 	 2.7479005
0.14593644 	 2.1820319
0.14390272 	 2.625617
0.2246738 	 1.5847995
0.2382802 	 2.30196
0.2729094 	 2.6572282
0.33340484 	 1.9865947
0.31081632 	 1.4173818
0.08622586 	 2.513861
0.03332319 	 2.410081
0.13410977 	 1.7818991
0.11079094 	 3.230369
0.10404302 	 2.3695407
0.06961936 	 2.7319937
0.06045586 	 2.2915943
0.033583466 	 2.377428
0.035030223 	 2.3315701
0.056825083 	 2.405064
0.05626059 	 2.4726572
0.026388917 	 3.6255612
0.025340525 	 2.6842568
0.019990506 	 2.1572597
0.027117016 	 2.5576792
0.04834159 	 2.4450498
0.058992736 	 2.1722152
0.063100465 	 2.6094468
0.015855296 	 2.6074607
-9.5367386e-07 	 2.226251
0.00010485006 	 2.8917308
0.02466253 	 2.083111
0.044329125 	 3.1092067
0.037235722 	 2.1899328
0.16691911 	 2.3486335
0.12170351 	 1.7785406
0.110393085 	 2.292731
0.052475054 	 2.9338605
0.04607329 	 1.9326056
0.07134992 	 2.1435053
0.07309143 	 2.1081712
0.078033894 	 2.2041388
0.1584985 	 1.8865056
0.15730715 	 1.5087016
0.08119242 	 3.4212723
0.044868097 	 2.8576407
0.034007642 	 1.4463475
0.011496393 	 2.4175553
0.021564974 	 2.4177325
0.1913608 	 1.5121386
0.07637647 	 2.2187428
0.001275339 	 1.9499146
0.044578817 	 2.973854
0.061730146 	 2.1671286
0.0565293 	 2.6331716
0.042688638 	 1.8053613
0.04327664 	 2.2993488
0.01154499 	 2.793199
0.012836295 	 2.1847231
0.008252004 	 2.7706864
0.017973952 	 2.9763544
0.0038328215 	 2.504513
0.008999128 	 1.9934433
0.024981914 	 2.4636505
0.021683682 	 1.1855063
0.016718002 	 1.2376102
0.013149085 	 1.481817
0.01600973 	 1.1536568
0.0135156205 	 1.9025035
0.006395062 	 1.6701349
0.014374496 	 1.2455502
0.0127506275 	 0.92800033
0.007527839 	 1.2579535
0.019307377 	 1.4526507
0.006357751 	 1.4377021
0.011924269 	 1.2040763
0.018016312 	 1.1448677
0.012835269 	 2.5489824
0.012818063 	 1.0728328
0.010460779 	 1.58504
0.0141921425 	 1.497684
0.01154499 	 1.7006143
0.01154499 	 1.6529584
0.0105829965 	 2.6784174
0.016594851 	 1.5238702
0.017911753 	 1.3982869
0.0101078255 	 0.9852997
0.016497288 	 1.9921021
0.013135859 	 1.1537029
0.01149983 	 1.0935054
0.0076817716 	 1.1717101
0.0074304943 	 1.9358829
0.014103759 	 1.1595163
0.016556067 	 1.1233606
0.001275339 	 1.3129677
0.002553203 	 1.3333238
0.0025532627 	 0.9440632
0.00511408 	 0.96667075
-9.5367386e-07 	 1.3073999
0.008967673 	 1.3961061
0.005097305 	 0.96072656
0.0038328813 	 1.6018035
0.0039495635 	 1.6990465
0.0064687287 	 1.5435851
0.0063969814 	 1.9370141
0.0053761015 	 0.8064678
0.0063969814 	 1.2025988
0.00948707 	 1.5951352
0.008096482 	 1.5701299
0.012438687 	 1.1656939
0.001275339 	 0.85995406
0.0020660032 	 1.1296278
0.002552964 	 1.3430605
0.005445858 	 1.1469756
0.00511408 	 1.0776943
0.0063969814 	 1.2652857
-9.5367386e-07 	 1.2489443
0.0027215527 	 1.7087474
0.0038328215 	 1.3053199
0.00511408 	 1.7565398
0.002441105 	 1.6761261
0.00511408 	 1.1710098
0.0074345176 	 1.524348
0.001275339 	 1.9263314
0.0025532627 	 1.1877149
-9.5367386e-07 	 1.0206932
0.001275339 	 0.97584146
0.0038328813 	 1.8541573
0.001275339 	 1.0565035
0.0025532627 	 1.0104898
0.0038328813 	 1.9875437
0.001275339 	 1.1137663
0.0025532627 	 2.1671433
0.001275339 	 1.7173591
0.0038328813 	 1.2398329
0.0012757567 	 0.94452333
0.001275339 	 1.4285767
0.0043880516 	 1.3790238
0.0020856538 	 2.1688068
-9.5367386e-07 	 0.9920445
-9.5367386e-07 	 1.0445291
0.00511408 	 1.5097061
0.010746016 	 0.83282065
0.005198377 	 1.0266773
0.012833277 	 2.0896285
0.0076815314 	 2.1288903
0.008967673 	 1.5382359
0.017749563 	 1.2915996
0.03407862 	 1.3542739
0.017361518 	 1.4621738
0.023969183 	 1.5709772
0.030672548 	 0.79774547
0.018991562 	 1.8518125
0.02324148 	 1.0183297
0.027135145 	 1.3904817
0.019304277 	 1.1710284
0.025349513 	 1.1562709
0.025076155 	 1.5553077
0.014501245 	 1.8399961
0.022533024 	 1.2919906
0.019726632 	 1.7500601
0.016719578 	 0.7078216
0.02040366 	 1.3040615
0.014570794 	 1.2457532
0.011596606 	 1.437684
0.014157078 	 1.7179742
0.022603864 	 1.402054
0.017999077 	 2.0301883
0.01801789 	 1.1155641
0.020618243 	 0.8495071
0.013429109 	 1.1219239
0.21241185 	 2.2853003
0.12284744 	 2.105399
0.16677347 	 1.3185226
0.18485665 	 2.2823544
0.12678564 	 1.7664965
0.10839252 	 1.697053
0.068689376 	 2.0330179
0.054815296 	 1.1920431
0.07985417 	 2.5228512
0.050275777 	 2.8447042
0.050141845 	 1.0124111
0.04689476 	 2.000967
0.0733454 	 1.6278534
0.060464088 	 2.4792128
0.07566999 	 2.6456645
0.08423132 	 2.4760451
0.072750926 	 2.4679704
0.06687935 	 2.1213033
0.031104775 	 1.540181
0.044335604 	 1.8116319
0.049663916 	 2.7737541
0.049792897 	 1.8053373
0.04961587 	 2.9008656
0.05658562 	 2.5273583
0.05369757 	 2.8693962
0.052214466 	 1.569102
0.031092847 	 1.7393006
0.047004707 	 1.9267186
0.2427049 	 2.220886
0.16590463 	 2.2728467
0.11217626 	 2.2087672
0.105879106 	 1.945998
0.08099824 	 2.3448932
0.0754709 	 1.5435175
0.08086982 	 2.2943087
0.090930566 	 1.763208
0.08998363 	 2.1398408
0.09226431 	 1.906051
0.31447354 	 1.8104736
0.30168995 	 1.6821046
0.15698881 	 1.7898194
0.08098124 	 2.059231
0.10364362 	 3.1125534
0.11563788 	 1.8627466
0.08488631 	 1.1601564
0.06589811 	 0.96733767
0.069254994 	 1.4754113
0.07353181 	 1.724832
0.060354427 	 1.4057935
0.049666796 	 2.635177
0.044334482 	 3.6694443
0.03691432 	 1.3373716
0.03471243 	 1.017933
0.036366206 	 2.7131948
0.024201507 	 2.3295681
0.031089528 	 1.5642155
0.059287287 	 1.8439773
0.08931707 	 1.0870897
0.08701623 	 2.1450856
0.08653595 	 1.9415822
0.13041054 	 2.2117481
0.13350633 	 2.6389947
0.19760528 	 1.9316279
0.19804195 	 1.5395659
0.21281047 	 1.2849187
0.19550174 	 1.9980841
0.1908368 	 1.9627137
0.15743634 	 1.7251269
0.06285721 	 1.7294078
0.0677144 	 1.1924579
0.03393161 	 2.5759423
0.033723645 	 2.6200504
0.026806746 	 2.4723737
0.027148435 	 2.5601678
0.031440433 	 2.2741823
0.043105245 	 3.040624
0.045662183 	 2.0337884
0.042839248 	 2.4158905
0.046009444 	 2.3760486
0.061125875 	 2.4443028
0.06878463 	 2.3771813
0.1481144 	 1.5467783
0.16697286 	 1.3028649
0.15267962 	 1.6139747
0.184321 	 2.2630749
0.20818244 	 1.5772368
0.22136176 	 1.731267
0.22314055 	 1.3901728
0.22135743 	 1.342001
0.18085666 	 1.5336144
0.15586808 	 2.0061302
0.11854077 	 1.5724027
0.1204876 	 2.3125985
0.11780194 	 1.4811168
0.09587935 	 2.3745947
0.10200184 	 2.7683768
0.059385005 	 2.6044018
0.05635858 	 2.0288668
0.059117045 	 3.5134375
0.051727824 	 2.6213243
0.052563254 	 1.5494541
0.07764422 	 1.2076083
0.09425085 	 2.3703492
0.118590295 	 1.6597997
0.076887675 	 3.080987
Summary
-9.5367386e-07  -  0.33460733 ,  0.7078216  -  3.929264
accuracy:  100.0
equal predictions:  0
TensorFlow version: 1.13.1
Found 939 images belonging to 1 classes.
argN = 784
argN = 784
0.11190691 	 2.4897344
0.13093926 	 2.3232517
0.17635415 	 2.4199548
0.33756036 	 2.0608108
0.2754055 	 2.2624419
0.13279161 	 1.672395
0.036366574 	 2.5729284
0.03239938 	 3.1805043
0.024501685 	 2.7075598
0.048745476 	 1.810106
0.047755856 	 2.9219153
0.05530804 	 2.462903
0.055052068 	 2.392056
0.04002748 	 2.191727
0.09039457 	 3.1432304
0.14239745 	 2.5975058
0.08992056 	 2.3628154
0.031089528 	 2.3739967
0.027147576 	 1.7902807
0.025840973 	 2.7836225
0.0051924456 	 2.2782989
0.0038039223 	 3.0428133
0.001275339 	 2.9733655
0.0025532627 	 1.9992412
0.016711153 	 2.443132
0.124195315 	 2.733041
0.12768532 	 2.3496435
0.07440293 	 2.8581052
0.19509995 	 2.0842717
0.06426155 	 2.7299902
0.14491269 	 2.2267118
0.23033531 	 2.1666749
0.099435546 	 2.654288
0.30871138 	 2.7704322
0.38449526 	 2.3986297
0.34008554 	 2.131729
0.065877676 	 2.974365
0.1156322 	 2.360275
0.024626242 	 2.3203635
0.026706526 	 4.269278
0.008967673 	 3.0986664
0.015737519 	 1.9996352
0.019314852 	 3.325701
0.028370345 	 2.9173627
0.01799944 	 3.000759
0.015593722 	 2.309642
0.053492624 	 2.0722227
0.025840178 	 2.9426916
0.007204495 	 3.080665
0.02517193 	 2.0557785
0.015027216 	 2.9033155
0.01262561 	 1.9358883
0.016719397 	 2.8286965
0.00511408 	 1.4958901
0.00511408 	 2.8802052
0.001275339 	 2.1231172
0.14262399 	 1.9882799
0.1773223 	 2.1492262
0.034832895 	 1.992179
0.03240652 	 2.8081548
0.058621664 	 2.3163774
0.06909237 	 1.8585398
0.091751516 	 2.720672
0.17619996 	 2.617683
0.089318894 	 2.5972698
0.099061534 	 1.634813
0.15714392 	 1.8746113
0.029773468 	 2.8203151
0.10190158 	 1.9293875
0.0013442129 	 1.5231458
0.04313991 	 2.1554425
0.03240621 	 2.0622544
0.010337433 	 2.56627
0.0025532627 	 2.2057686
0.012830621 	 2.2741544
0.001275339 	 2.0899687
0.008957389 	 2.858872
0.0074895243 	 2.3247142
0.00511408 	 2.4173381
0.006391043 	 2.5798452
0.0076814713 	 2.5208511
0.001275339 	 2.4084196
0.017046742 	 2.5406146
0.020194355 	 2.070403
0.020656211 	 2.743816
0.011547463 	 2.6197026
0.012673538 	 1.3740041
0.008923831 	 1.628088
0.022335704 	 0.8514009
0.020206518 	 1.9923456
0.018017162 	 1.401147
0.025617503 	 1.5738051
0.014128968 	 0.7756427
0.027037341 	 1.5959656
0.008831943 	 1.6658175
0.002554398 	 1.1267537
0.011463111 	 1.6653605
0.010825487 	 1.2685033
0.012836054 	 2.5680928
0.008919321 	 1.1190746
0.0038328813 	 0.77178496
0.010255472 	 1.2048106
0.0206626 	 1.225295
0.012836718 	 1.905078
0.021916695 	 0.99960923
0.010255291 	 1.3607632
0.01124735 	 1.5174246
0.015423494 	 2.2989635
0.008833085 	 1.9587272
0.0038328813 	 1.2199647
0.014088949 	 1.2584529
0.0038328813 	 1.3592066
0.00511408 	 0.88805234
0.0038328813 	 1.8603724
0.0037781352 	 1.0631845
0.005111743 	 1.9636302
0.0063941623 	 1.3651428
-9.5367386e-07 	 1.7096626
0.00511408 	 1.7017014
0.0038328813 	 2.0530868
0.0025532627 	 0.9941068
0.0038328813 	 1.3003387
0.0038328813 	 1.3368537
0.0038328813 	 1.3537644
0.0038328813 	 1.4551743
0.00511408 	 1.932807
0.00511408 	 1.924238
0.008962622 	 1.5163995
0.0051141395 	 1.3211101
0.0072086975 	 1.7334687
0.007692463 	 1.6965806
0.006396922 	 0.98421
0.00511408 	 1.0571847
0.0038330609 	 1.5116063
0.0038328813 	 1.5343655
0.0024448694 	 1.9274843
0.0025532627 	 1.4510865
0.0049562287 	 1.2163978
0.001275339 	 1.4287009
0.00043019964 	 1.5951699
0.001277965 	 0.822379
0.0025523663 	 1.3567041
0.001275339 	 0.904879
0.001275339 	 1.6708184
0.0025532627 	 1.3651232
0.002491237 	 1.2605187
0.0038353945 	 1.5534472
0.0025532627 	 1.8706326
0.0076814713 	 1.8478061
0.0012755777 	 1.405918
0.003826898 	 0.7930811
0.0075786468 	 0.79696053
0.001275339 	 1.5336545
0.0039213193 	 1.2425692
0.00511408 	 1.6741053
0.005267342 	 2.0561585
0.00896617 	 0.8564363
0.0038328813 	 1.2628663
0.010219823 	 1.4154205
0.012840039 	 0.99177223
0.016979627 	 1.5550618
0.018005207 	 1.9093119
0.021764698 	 1.5266992
0.016172182 	 0.8372463
0.018892124 	 1.4422675
0.008967673 	 1.5882263
0.039007522 	 1.0567081
0.012851812 	 0.97502524
0.031700216 	 1.4318997
0.02405484 	 1.7053273
0.01540806 	 1.7596585
0.021887025 	 0.96686214
0.016018996 	 1.1775485
0.015369503 	 1.1857555
0.019294191 	 1.3168832
0.008301707 	 1.4937938
0.012832492 	 1.2654072
0.011557472 	 1.0454133
0.17657304 	 1.5822321
0.19650029 	 1.4945651
0.14511025 	 1.4289287
0.15371482 	 1.3451762
0.16095896 	 1.8828549
0.15130655 	 2.1801832
0.12925549 	 2.0618303
0.085111104 	 1.9914714
0.07814777 	 1.61693
0.060439523 	 1.5752372
0.07635929 	 2.1739223
0.084879175 	 2.868996
0.088583685 	 1.2932332
0.07948754 	 2.3696492
0.076585576 	 2.0924723
0.08933199 	 2.7107766
0.07606127 	 2.4162128
0.07720216 	 1.4505377
0.08055631 	 1.4726354
0.09249815 	 1.5839976
0.08082956 	 1.9022462
0.08860101 	 2.3229463
0.06726185 	 1.9486896
0.06726217 	 1.5588787
0.05527963 	 2.1424315
0.044557627 	 2.1282032
0.051023744 	 1.8830388
0.033696644 	 2.950731
0.046111364 	 2.070469
0.04475938 	 3.1432195
0.03772353 	 2.9729624
0.053208638 	 1.0718629
0.05226973 	 2.6483266
0.08098622 	 2.0250237
0.08256016 	 2.2940497
0.18137889 	 2.131539
0.23703893 	 2.0883524
0.19772033 	 2.0823636
0.09708145 	 1.9112763
0.08520547 	 1.4416858
0.07273253 	 2.5272024
0.09633001 	 2.2645094
0.08866105 	 1.6609296
0.19259085 	 1.908892
0.098342806 	 2.0471327
0.13231382 	 1.762076
0.10132347 	 2.142852
0.10899507 	 2.4793642
0.102573544 	 1.3579363
0.10055084 	 1.917867
0.088783376 	 1.5660692
0.09492647 	 1.8984754
0.07272932 	 1.6256062
0.052374553 	 1.7754966
0.06184776 	 2.2189894
0.05117925 	 2.263441
0.06126008 	 1.1989903
0.060487203 	 2.1977441
0.080634095 	 1.7849637
0.07647503 	 2.0135045
0.056401968 	 2.7725728
0.03372457 	 2.22146
0.025844827 	 2.0896907
0.030798737 	 1.3761592
0.035100415 	 1.5187038
0.044224206 	 1.6817557
0.043062992 	 1.8686475
0.050547022 	 2.2219896
0.057285555 	 1.6856892
0.069969155 	 2.4159024
0.08707625 	 1.9203529
0.090590194 	 1.4247417
0.072897345 	 2.0098937
0.16849205 	 1.7890637
0.19717912 	 1.7324327
0.22114342 	 1.9458005
0.23800285 	 1.540326
0.22342335 	 1.3772107
0.23960125 	 1.4084784
0.2547627 	 1.0874436
0.2618446 	 1.264809
0.22654603 	 1.7586467
0.11818544 	 1.7502077
0.08188126 	 2.0147066
0.061577175 	 1.1778914
0.049563196 	 1.1077343
0.036447182 	 2.6041334
0.0227691 	 2.0701098
0.024532167 	 2.1308637
0.027329123 	 2.1445525
0.021921203 	 1.3785397
0.03240621 	 2.1338308
0.020618303 	 2.4136486
0.032405965 	 1.4302979
0.033421982 	 1.5111454
0.03376224 	 1.0932235
0.03223839 	 1.9730393
0.03897517 	 2.6940565
0.045667302 	 1.7223727
0.060927443 	 1.182448
0.04834278 	 1.971708
0.08503738 	 0.76897675
0.18700422 	 1.8378779
0.19982454 	 2.098938
0.2128141 	 1.9183782
0.23504923 	 1.7430391
0.21892528 	 1.6012119
0.23935543 	 1.8140677
0.22614877 	 1.6481189
0.21214262 	 1.3317158
0.20705236 	 1.7158852
0.19476618 	 1.9454226
0.15835777 	 1.0457057
0.14842285 	 1.479928
0.12306494 	 1.9626157
0.12355116 	 1.9268565
0.115679644 	 2.4418678
0.07135376 	 1.0436947
0.07274349 	 2.342519
0.06315748 	 1.0388542
0.05900013 	 2.2813141
0.051023554 	 1.653759
0.05055724 	 2.3655083
0.056048498 	 2.0449228
0.04123983 	 1.8204215
0.04588238 	 1.6684772
0.062146455 	 1.2399192
0.073564075 	 1.7934783
0.11700495 	 2.321149
0.09633001 	 1.4639282
0.103377216 	 2.4177632
0.09113099 	 2.110446
0.05371191 	 2.7726386
0.059109963 	 1.5962387
0.068422996 	 2.905764
Summary
-9.5367386e-07  -  0.38449526 ,  0.76897675  -  4.269278
accuracy:  100.0
equal predictions:  0
TensorFlow version: 1.13.1
Found 939 images belonging to 1 classes.
argN = 784
argN = 784
0.2282577 	 2.674936
0.08899399 	 3.573325
0.06941464 	 2.7494965
0.03791772 	 2.639224
0.055037517 	 2.4477427
0.035730235 	 1.9926755
0.117313415 	 2.1711004
0.08493459 	 1.9941466
0.036627088 	 2.286166
0.046154495 	 2.2328143
0.068471506 	 1.956786
0.10342943 	 2.1644547
0.11054752 	 2.5377367
0.067182355 	 2.3264873
0.18784146 	 2.0392077
0.30836812 	 1.829177
0.05704674 	 2.1001267
0.0038328813 	 2.9191785
0.029774573 	 3.1812532
0.06345529 	 2.9144151
0.1247912 	 2.0522985
0.06713671 	 2.5977652
0.19411822 	 2.0403614
0.28275263 	 1.9633869
0.23808922 	 2.333345
0.33482766 	 2.153019
0.15459666 	 2.2922773
0.08784231 	 2.0867558
0.11976184 	 3.0277476
0.26154748 	 1.8463861
0.25927407 	 2.7041037
0.17006874 	 2.244405
0.38438353 	 2.5664136
0.13246413 	 2.1188426
0.14615007 	 2.8422
0.18235005 	 2.3912876
0.18222424 	 2.40541
0.081323914 	 3.1982374
0.02746506 	 3.226728
0.037721552 	 2.4855719
0.028461164 	 2.233278
0.04015014 	 2.5858262
0.09388054 	 2.018111
0.015422889 	 2.1952841
0.031054787 	 2.1091802
0.03523988 	 2.7564878
0.049915258 	 2.2299795
0.04800753 	 1.904429
0.090223454 	 3.0342877
0.11753248 	 2.816871
0.11140167 	 2.7447364
0.1372407 	 2.935076
0.031045811 	 2.1955273
0.011847787 	 2.641021
0.024532167 	 2.079944
0.014128968 	 2.3295927
0.0025532627 	 2.1974726
0.0038328813 	 2.3875365
0.001275339 	 2.5530384
0.011458649 	 2.5480196
0.0128361145 	 4.01928
0.021373508 	 2.3749561
0.04709755 	 2.5173614
0.041360527 	 2.7010982
0.2253727 	 2.4864726
0.25003743 	 2.2875695
0.22338541 	 1.4734089
0.09688154 	 2.145464
0.11915807 	 2.856238
0.12872595 	 2.3051035
0.040342502 	 1.5367097
0.1449572 	 2.4887576
0.014128968 	 2.8098133
0.105534405 	 2.1871848
0.06050797 	 2.2382834
0.047304936 	 2.62228
0.049976785 	 1.9168504
0.04728725 	 2.211389
0.071330525 	 3.0466278
0.0618191 	 3.4827566
0.02061301 	 2.7917747
0.025467081 	 2.2825892
0.027174097 	 2.759053
0.025683792 	 2.187369
0.018016737 	 1.9176407
0.025160562 	 2.9330003
0.025948018 	 2.4739692
0.0063969814 	 3.4455013
0.014128968 	 2.0736723
0.0102556525 	 2.8279111
0.0038328813 	 2.814201
0.03349631 	 1.9795829
0.024525996 	 1.4789505
0.016718427 	 2.7883568
0.027009234 	 0.9383907
0.026506059 	 1.4895923
0.017962363 	 1.669072
0.023187857 	 1.3459128
0.025839016 	 1.7782279
0.014673252 	 1.6161196
0.033602513 	 1.9683802
0.02048664 	 0.8444896
0.020616842 	 1.3949776
0.016577398 	 0.59819794
0.018015826 	 1.812368
0.016841896 	 1.0335523
0.016688487 	 1.522267
0.010310393 	 1.1545961
0.017240835 	 0.9875475
0.010420244 	 2.0590062
0.0076814713 	 1.7981398
0.00511408 	 1.2094753
0.0076817116 	 1.0807849
0.020895131 	 1.587804
0.018464353 	 1.7602228
0.020713229 	 1.8619353
0.021858938 	 1.159023
0.019316917 	 1.2209795
0.020688523 	 1.6254114
0.015580827 	 1.5376137
0.021890253 	 1.2720938
0.015429911 	 2.0387778
0.027149782 	 1.5199326
0.019316979 	 1.2098855
0.013743293 	 1.0970268
0.010255472 	 0.8951037
0.010250594 	 1.6323595
0.018017406 	 1.2263362
0.0076615904 	 1.711482
0.013174632 	 1.455018
0.0076814713 	 1.4345841
0.007681111 	 1.7356272
0.0077027343 	 1.027705
0.015423434 	 1.5297815
0.0051143793 	 1.7172074
0.008967673 	 1.4718466
0.0063969814 	 1.1377218
0.0063969814 	 1.3899745
0.0026155913 	 2.5019202
0.01154499 	 2.6647608
0.011545292 	 1.6978949
0.00896647 	 1.2577398
0.010400068 	 1.4479423
0.014128968 	 1.537436
0.012835752 	 1.6177111
0.01154499 	 1.2270521
0.005144215 	 1.7305825
0.0073593385 	 2.2006445
0.010255472 	 1.4148219
0.0038254024 	 2.0219638
0.007757095 	 1.8288574
0.0076814713 	 1.6804321
0.0076854955 	 1.8274748
0.006396622 	 1.884232
0.0063887034 	 2.4634285
0.003479268 	 1.044535
0.006395302 	 1.3513006
0.00511396 	 2.2577593
0.0038328813 	 1.9696274
0.006156522 	 2.1318064
0.00511408 	 1.3207915
0.0076814713 	 1.9092653
0.0025529042 	 1.0090908
0.010250654 	 1.8017194
0.008968997 	 1.212847
0.0063942224 	 1.152098
0.0076814713 	 1.1986897
0.0071306536 	 2.4755914
0.010255351 	 0.92854774
0.016759036 	 1.5505031
0.008940911 	 1.7854953
0.0167237 	 1.6094786
0.015423252 	 1.12799
0.027150087 	 1.1373615
0.019619463 	 1.2699337
0.036354337 	 1.4432206
0.021920716 	 1.5327324
0.024551041 	 2.5175188
0.032015763 	 2.1674263
0.02879716 	 1.7715131
0.028797835 	 1.2739005
0.03938081 	 1.0700909
0.032358807 	 1.4736509
0.02790767 	 1.6600192
0.02828082 	 1.1547832
0.019309929 	 1.4813813
0.032149013 	 1.1162494
0.021499807 	 1.6341202
0.023807473 	 1.4121903
0.030577535 	 1.8556608
0.029671846 	 1.4450281
0.025771003 	 2.3588548
0.025492823 	 1.2415663
0.019317525 	 1.5188181
0.023121428 	 2.0454237
0.01542973 	 1.3244172
0.0063964417 	 1.7266626
0.01154499 	 1.3749025
0.018014248 	 1.975478
0.015385179 	 1.143638
0.01025511 	 1.0113716
0.010255472 	 1.0128099
0.18047771 	 1.649177
0.21602768 	 1.9719312
0.14552842 	 1.8916622
0.11466172 	 2.544938
0.0809983 	 1.0690976
0.07828125 	 1.8143545
0.107679136 	 2.106788
0.1161671 	 1.7585851
0.09669801 	 1.1637077
0.09328493 	 3.198601
0.09266201 	 2.9785666
0.07278734 	 1.7381105
0.06450114 	 2.1535509
0.067270964 	 2.603944
0.07443484 	 2.2112303
0.090710014 	 2.7397718
0.078232974 	 2.6037943
0.11764806 	 2.405066
0.26445964 	 2.0891705
0.29563412 	 2.0630524
0.19612457 	 1.4189285
0.15998255 	 2.415893
0.09399015 	 1.3088615
0.10466235 	 2.4812052
0.11185592 	 2.6562617
0.086659834 	 2.8706071
0.09449381 	 2.9495556
0.13601232 	 1.0810219
0.29069632 	 1.8330151
0.12908179 	 2.2814448
0.13498932 	 3.6184077
0.1541515 	 3.263186
0.17341359 	 2.2184737
0.14230083 	 1.4173725
0.1486877 	 2.1691582
0.14730677 	 3.1988885
0.116104305 	 2.541785
0.112403266 	 2.0126612
0.08256366 	 1.551788
0.07685794 	 2.415327
0.08095668 	 2.2455592
0.08515757 	 2.7737694
0.0824241 	 0.97728646
0.07270747 	 2.6571083
0.07412527 	 2.7787044
0.048337713 	 2.804573
0.04408454 	 3.3297036
0.03976112 	 2.9288096
0.03240621 	 2.2978435
0.037690107 	 3.263186
0.047006708 	 2.4159024
0.032719333 	 2.0617511
0.041669197 	 2.0521922
0.049648505 	 2.360306
0.05101628 	 2.732568
0.059105854 	 2.2217405
0.05769301 	 1.4114257
0.085002854 	 1.5484315
0.091708794 	 1.4450352
0.093471885 	 2.4085395
0.100916505 	 2.5771198
0.1161841 	 2.2697277
0.2054896 	 1.4471859
0.22652256 	 1.9277604
0.24740024 	 1.7229037
0.17338389 	 1.5240659
0.10213888 	 2.8355196
0.088285975 	 0.9243522
0.039016508 	 2.37859
0.036363855 	 2.1212456
0.03903591 	 1.3596325
0.04300008 	 2.5055134
0.04115356 	 1.7726085
0.046996586 	 3.0002606
0.03497677 	 2.5868118
0.061864562 	 1.2292111
0.057723697 	 1.0762827
0.10319038 	 2.059179
0.12265605 	 2.7255275
0.13206974 	 2.6498868
0.15548559 	 2.245687
0.15004997 	 1.8520244
0.23722124 	 1.7108182
0.21630499 	 1.4340237
0.19701892 	 1.8657258
0.17558523 	 1.6868317
0.18646404 	 1.4690803
0.1833674 	 1.4028584
0.18089402 	 2.0671465
0.16264477 	 2.3142488
0.15827978 	 2.018603
0.11548006 	 2.4200954
0.07688935 	 2.020154
0.060463835 	 1.8840806
0.07685414 	 2.291629
0.08793524 	 1.9837354
0.11186985 	 2.8141224
0.12195693 	 2.6165466
0.13785262 	 2.9737504
0.14985076 	 2.7368453
0.1482377 	 2.1782866
0.1586171 	 2.4100378
0.13662 	 2.9177969
0.11190657 	 1.0033451
0.12482192 	 2.5407748
0.107612155 	 2.6568909
0.09516317 	 2.7153313
0.107461296 	 2.1211631
0.0961183 	 1.9110531
0.097735524 	 2.3602226
0.06501064 	 2.6161973
Summary
0.001275339  -  0.38438353 ,  0.59819794  -  4.01928
accuracy:  100.0
equal predictions:  0
TensorFlow version: 1.13.1
Found 939 images belonging to 1 classes.
argN = 784
argN = 784
0.17720829 	 2.5824084
0.17461047 	 2.1656342
0.45733446 	 2.2025697
0.22013089 	 2.6965697
0.17730471 	 2.6642582
0.21673486 	 2.157976
0.054089535 	 2.4920912
0.04433311 	 2.100073
0.052008443 	 2.7684016
0.048901066 	 2.7634838
0.053709395 	 1.4472536
0.047574062 	 2.361377
0.041571952 	 2.2745404
0.056270048 	 1.4233819
0.12721308 	 1.7189789
0.028135149 	 2.0837893
0.08188262 	 1.8923604
0.15198514 	 1.8214074
0.067167245 	 2.1868079
0.06589894 	 2.5992012
0.0585268 	 2.259815
0.06964415 	 2.7066522
0.07531948 	 2.6282313
0.099861726 	 3.3168495
0.13933551 	 2.3932436
0.35583097 	 2.8433623
0.18599601 	 2.4680786
0.09927347 	 2.3174083
0.08099869 	 2.41679
0.036450148 	 2.5165896
0.032408305 	 2.5141783
0.037172373 	 2.3601382
0.016665213 	 2.9158041
0.00765168 	 2.2320652
0.018008422 	 1.4031224
0.050998528 	 2.123955
0.33860052 	 2.051046
0.224965 	 1.8577751
0.115206465 	 2.1010246
0.113679096 	 1.7631584
0.096798405 	 1.7434922
0.2513811 	 1.7691065
0.47558895 	 2.6039505
0.10097948 	 2.3985753
0.042616297 	 2.4614933
0.1508856 	 2.3392446
0.09013924 	 2.4268265
0.09178 	 2.296035
0.023106849 	 3.230452
0.03252055 	 3.5431256
0.033724323 	 1.6284363
0.03993827 	 2.0865564
0.087354474 	 1.7757654
0.06903591 	 2.0831082
0.05403706 	 2.4555602
0.02191962 	 3.2782252
0.036047798 	 1.9633635
0.034077205 	 2.962691
0.04028907 	 2.4983792
0.036205072 	 1.6301719
0.061931208 	 2.2836018
0.050670728 	 3.0542254
0.010510411 	 2.0974019
0.023169436 	 3.1765585
0.0059983865 	 2.0949116
0.007290169 	 3.270118
0.0028753453 	 2.2548707
0.001275339 	 2.9508178
0.003832642 	 2.7142944
0.0063046655 	 2.1199787
0.025733696 	 2.225762
0.042129267 	 1.870914
0.28807586 	 2.1125581
0.24474326 	 1.6029639
0.16593052 	 2.7538664
0.0883139 	 2.4057338
0.104256414 	 1.6889833
0.16909495 	 2.7861116
0.21505395 	 1.8987368
0.22645918 	 2.8077743
0.14711341 	 1.4114456
0.20976171 	 2.2846098
0.22506256 	 2.2486668
0.20906025 	 1.803969
0.16259289 	 1.9482771
0.14790644 	 2.606642
0.11332282 	 3.1986067
0.09588034 	 2.8107095
0.09016488 	 2.3654675
0.019550413 	 3.1104734
0.025420614 	 2.5439074
0.05325434 	 2.006304
0.07567256 	 2.0165195
0.06561796 	 2.4952724
0.053710654 	 2.3421834
0.016722063 	 2.9907713
0.024686724 	 2.5058048
0.012750144 	 2.5491
0.0025532627 	 2.0993874
0.005755445 	 2.5620968
0.010253726 	 2.9244452
0.0038328215 	 2.7337039
0.004409903 	 2.213505
0.01154499 	 2.6843135
0.016035106 	 2.8130772
0.016300673 	 2.472104
0.030922174 	 1.6943263
0.024525937 	 2.313321
0.018083315 	 0.8860305
0.013386037 	 1.6491915
0.0089474665 	 1.7273623
0.015390688 	 1.5492902
0.011235475 	 0.8479873
0.00897453 	 1.892872
0.0085548265 	 1.0211098
0.00656232 	 1.4322648
0.017721532 	 1.9661591
0.008960637 	 1.1455498
0.0025656326 	 1.6197677
0.01159938 	 1.686539
0.0050359596 	 0.87572134
0.017693928 	 1.6699187
0.0150293335 	 1.4192399
0.016791645 	 1.0974569
0.008942233 	 0.8499644
0.016489955 	 1.115552
0.017870428 	 1.1006887
0.016626304 	 1.6537571
0.023085987 	 1.1692045
0.016755823 	 1.3397702
0.010259326 	 1.9279038
0.018017465 	 1.1830329
0.013834365 	 1.8358123
0.011545714 	 1.4545671
0.010327497 	 1.6074992
0.011451535 	 1.7436436
0.01414251 	 1.2796948
0.005346439 	 1.1913162
0.0076809907 	 2.2975729
0.008967673 	 1.4811141
0.0063969814 	 1.474816
0.011454489 	 1.8045793
0.010239875 	 1.8240645
0.0076814713 	 2.0579753
0.0025532627 	 1.343361
0.0025532627 	 1.1408297
0.0038328813 	 0.9810871
0.01154499 	 1.841839
0.001304404 	 2.1270823
0.002771579 	 1.3031286
0.006272816 	 1.6374619
0.0038327617 	 1.992318
0.010253424 	 1.2571512
0.0038336592 	 1.1146263
0.0076814713 	 1.2267098
0.0038328813 	 1.9078504
0.01022193 	 1.3912299
0.009789184 	 2.835751
0.0063968617 	 2.099909
0.0038328813 	 1.436683
0.002553681 	 1.2020706
0.0038328813 	 1.9623727
0.0063969814 	 1.3223643
0.0037646138 	 1.5447314
0.0038803306 	 1.5310154
0.0064413133 	 2.1718025
0.004451632 	 1.4886402
0.004619643 	 1.4025046
0.002554398 	 2.318476
0.00511408 	 1.0760264
0.0051123425 	 1.837028
0.0076814713 	 0.9915454
0.013456173 	 0.7114264
0.007707059 	 2.2304618
0.001275339 	 1.1830778
0.008967673 	 1.8878121
0.005334394 	 1.3929591
0.0076814713 	 1.7382445
0.010259868 	 1.0290775
0.009903553 	 1.1794786
0.0038328215 	 1.0195775
0.0076814713 	 1.3630844
0.011461242 	 1.3317807
0.01282585 	 1.0027593
0.012830016 	 1.0121208
0.019098362 	 1.3664216
0.011031876 	 1.5497985
0.020366978 	 2.0029187
0.02935096 	 1.3305972
0.031281814 	 1.1611297
0.041680194 	 1.0291784
0.033358444 	 0.9845466
0.049637105 	 1.665212
0.02744668 	 2.0202181
0.029146831 	 1.2936088
0.029771872 	 1.6067011
0.041539766 	 1.2494471
0.027301375 	 2.0425937
0.019316796 	 1.4940822
0.02437287 	 1.093935
0.019747667 	 1.1095197
0.018062072 	 1.2118542
0.01255686 	 1.5274035
0.024531556 	 1.386225
0.023200974 	 1.6412933
0.024502786 	 0.7668779
0.018554216 	 1.3665106
0.02057194 	 1.7314593
0.23861338 	 1.3453213
0.26551366 	 1.1834967
0.1948142 	 1.5462936
0.12902537 	 2.504015
0.10202045 	 1.3402145
0.0899593 	 2.2000182
0.09626792 	 2.4017084
0.12039018 	 2.9507403
0.115504004 	 2.6431804
0.119737186 	 2.505872
0.1615254 	 2.5700862
0.13882746 	 2.1372144
0.12314679 	 1.6780564
0.12338843 	 2.1316175
0.11905715 	 1.8040574
0.12453706 	 1.7561111
0.1291905 	 2.2199006
0.10518413 	 2.572816
0.08930957 	 1.9523565
0.086538814 	 1.3382952
0.08787556 	 2.3076336
0.06999274 	 2.879304
0.08375575 	 1.759153
0.08833708 	 2.0331566
0.07877216 	 0.9578699
0.09622507 	 2.8629577
0.11627877 	 1.4489076
0.11336641 	 1.9773247
0.09628564 	 2.2831116
0.11175446 	 1.1159394
0.09101432 	 2.7291114
0.21609752 	 1.5472597
0.16459951 	 2.0999992
0.15316579 	 2.809458
0.12396973 	 2.3893063
0.12622285 	 1.2489048
0.13088322 	 2.430844
0.19579501 	 1.7588301
0.31427243 	 0.7836137
0.17550609 	 2.236028
0.16319862 	 2.7723906
0.16455601 	 2.4528286
0.14491132 	 2.5353613
0.14653535 	 1.8513205
0.08241607 	 2.5530806
0.11048035 	 2.2948847
0.11644008 	 1.885617
0.12193585 	 1.8453947
0.10711432 	 2.0008924
0.07760628 	 2.7193644
0.05371191 	 2.0907362
0.13811345 	 2.0702288
0.13313706 	 2.3604753
0.26692545 	 0.97286624
0.27564725 	 1.383232
0.29113898 	 1.3911629
0.18815711 	 1.3978043
0.17952926 	 1.4942535
0.07940449 	 2.6964629
0.07546447 	 2.7523699
0.055408962 	 2.4597921
0.064544685 	 2.3755221
0.058126148 	 2.7299986
0.056171875 	 2.4600117
0.065375306 	 2.2641726
0.0796314 	 1.8066328
0.06921507 	 2.8599737
0.10911592 	 2.3433263
0.11375136 	 2.173977
0.15132603 	 2.3527212
0.1424804 	 2.5842662
0.16145045 	 2.2336378
0.29291752 	 1.432568
0.29473123 	 1.5219554
0.32421046 	 1.1200582
0.28007218 	 1.9763849
0.297224 	 1.6865911
0.29289737 	 1.4944382
0.28832537 	 1.0936751
0.2594737 	 1.6827092
0.26133004 	 1.1344241
0.19219549 	 1.4706091
0.19832012 	 1.7993863
0.1677555 	 1.172477
0.1668239 	 1.5129004
0.17007919 	 0.9123235
0.15984203 	 1.789929
0.11625293 	 2.62174
0.0949578 	 2.9754007
0.0904272 	 1.3424748
0.093253 	 1.8599049
0.08018974 	 2.4904642
0.086651064 	 1.3628793
0.09765699 	 2.5953395
0.11475484 	 1.7201853
0.13939354 	 1.867378
0.14698602 	 2.3234415
0.15977433 	 2.0967724
0.14289199 	 2.3654263
0.11958616 	 1.7814933
0.106210865 	 2.039217
0.099276036 	 2.3693745
0.08469414 	 1.4732784
0.0904993 	 1.618267
0.1002278 	 1.4046013
Summary
0.001275339  -  0.47558895 ,  0.7114264  -  3.5431256
accuracy:  100.0
equal predictions:  0
