TensorFlow version: 1.13.1
Found 939 images belonging to 1 classes.
argN = 3136
argN = 3136
0.3498778 	 1.5681475
0.42295748 	 1.4789233
0.076790094 	 1.5765623
0.04604876 	 2.2595031
0.042607777 	 1.7633969
0.07857929 	 1.9247403
0.091171734 	 1.605494
0.4306081 	 0.8968911
0.23311171 	 1.2219826
0.22880603 	 1.5480719
0.28469288 	 1.2786105
0.3355248 	 1.7025548
0.38694927 	 1.3795844
0.42690143 	 1.2761405
0.41880974 	 1.7732971
0.49689835 	 1.2023491
0.37522566 	 1.2685463
0.24397849 	 1.7025676
0.1671882 	 2.0024724
0.12287608 	 2.3606074
0.13504446 	 2.77161
0.14488065 	 1.8253323
0.14271942 	 1.4450682
0.5115989 	 1.7497079
0.7257022 	 1.8024414
0.91503036 	 2.2283938
0.9032708 	 2.2275877
0.9340937 	 1.9045142
0.743279 	 2.393786
0.62863487 	 1.9803643
0.47895104 	 2.2738574
0.49005103 	 2.022702
0.52112013 	 1.6047205
0.4654968 	 1.7440554
0.32794556 	 1.7672577
0.52221435 	 1.8900921
0.5663858 	 1.4963843
0.07614913 	 2.0257425
0.09858682 	 2.4312806
0.18481764 	 1.5088732
0.20640504 	 1.6557064
0.20801291 	 2.06594
0.10300708 	 2.384345
0.07987483 	 2.4017353
0.09169533 	 2.089527
0.050898425 	 2.0156317
0.41970634 	 1.0324751
0.21807267 	 1.5484533
0.16231437 	 1.6779099
0.17653164 	 1.5006264
0.22284466 	 1.3824375
0.18471576 	 1.3683021
0.18276757 	 1.6690584
0.114928074 	 1.8414499
0.08350936 	 1.9785409
0.06527204 	 1.9340209
0.087552756 	 1.9567556
0.079207234 	 2.2531412
0.050240993 	 2.3556416
0.053573996 	 2.1872938
0.061569758 	 2.4130273
0.064039364 	 1.6107079
0.05492675 	 1.9323833
0.06308154 	 2.3557994
0.14084777 	 1.8546298
0.1566503 	 1.8119085
0.21036655 	 1.4016382
0.17292109 	 1.8845032
0.17040263 	 2.2356784
0.14034808 	 2.4907413
0.067082025 	 2.316152
0.076702185 	 1.0795898
0.08277757 	 1.7557405
0.1526358 	 1.6897652
0.16994552 	 2.2461708
0.19396277 	 1.7043935
0.1500961 	 2.2041917
0.07792132 	 1.9812824
0.07953401 	 1.4614304
0.08491623 	 2.1701152
0.25751093 	 1.4663496
0.11597953 	 1.8699931
0.32063982 	 1.0299753
0.19969018 	 1.5315341
0.2537257 	 1.3541065
0.041572943 	 1.9791648
0.03195428 	 2.6751072
0.033453535 	 2.142131
0.05895366 	 1.8036675
0.0628103 	 2.0233467
0.08519638 	 1.6478388
0.22299647 	 0.6390235
0.20658046 	 0.74767196
0.20477533 	 0.9521697
0.27468747 	 0.7245232
0.24571358 	 0.70932406
0.24024421 	 0.8517941
0.23944607 	 0.7309007
0.24246523 	 0.84429944
0.21844426 	 1.2510628
0.219151 	 1.375579
0.20879604 	 1.0520828
0.20259565 	 0.9209653
0.21426857 	 0.97177184
0.18135524 	 1.1770542
0.1863737 	 1.2647045
0.17677659 	 0.8532096
0.15972398 	 1.3453764
0.13216013 	 0.82043314
0.1138136 	 0.65297246
0.09498578 	 0.77752095
0.08343854 	 1.7646807
0.07932441 	 1.005305
0.07639306 	 0.5950596
0.071503624 	 0.89440066
0.063103 	 0.4237825
0.06499422 	 1.3906503
0.06262106 	 1.2579992
0.059038006 	 0.8643866
0.055788174 	 1.3261853
0.054852635 	 1.1214762
0.06414848 	 1.0317783
0.067499034 	 0.83857584
0.06599272 	 0.81585914
0.051464796 	 1.2252424
0.047615696 	 1.163118
0.04148888 	 0.9769501
0.043273654 	 1.1244265
0.045897856 	 2.1619487
0.05200392 	 1.3188015
0.04478612 	 0.87692744
0.051545687 	 1.5113591
0.038076896 	 0.5060188
0.050265685 	 0.5937003
0.042708233 	 1.0420038
0.033975944 	 1.2858317
0.032481205 	 0.4869974
0.040591326 	 0.752275
0.035458904 	 0.8849406
0.041835625 	 0.630854
0.03586701 	 1.8399367
0.029797109 	 1.4902576
0.032315217 	 0.79863036
0.03069074 	 1.1890563
0.031398237 	 1.0668736
0.031997424 	 1.0465714
0.03309182 	 1.8432387
0.035820615 	 0.6376151
0.026085481 	 0.73262495
0.029055031 	 0.52360564
0.035088684 	 2.1682062
0.03552091 	 1.0190507
0.032701902 	 0.8307137
0.0358006 	 1.0534625
0.039539725 	 0.98082036
0.03924783 	 0.5344261
0.03748291 	 1.0141864
0.038654137 	 0.68708736
0.04652328 	 1.2712446
0.050046213 	 1.252657
0.044531394 	 0.91664267
0.041676838 	 2.6166403
0.042308144 	 1.8693297
0.048505317 	 1.2900192
0.054751202 	 0.52120626
0.05021661 	 1.3603014
0.049820025 	 1.2142473
0.05194057 	 0.8478598
0.05448152 	 0.84512234
0.056478214 	 0.6401069
0.06670902 	 1.220949
0.073339306 	 0.9787326
0.09175576 	 1.7408584
0.10059553 	 1.0188605
0.15439826 	 0.9232656
0.14585996 	 1.2892542
0.1594945 	 0.75431424
0.16861819 	 1.0776063
0.16561563 	 1.0405196
0.19262199 	 1.0256497
0.18382102 	 0.787952
0.18294999 	 1.2493283
0.20415208 	 0.9590782
0.18186979 	 1.4825706
0.17442027 	 1.1472101
0.19110917 	 0.969183
0.19042744 	 0.5975596
0.19694394 	 0.9192417
0.19257076 	 0.67192405
0.15806752 	 1.1523459
0.1450574 	 0.70047665
0.121301964 	 0.8112192
0.08942735 	 0.7455865
0.062362127 	 0.6294978
0.051867433 	 1.116966
0.049982928 	 0.6919528
0.05065781 	 0.46815825
0.48003176 	 0.9553417
0.47697884 	 0.9804318
0.45171803 	 1.1065016
0.35638294 	 1.2145256
0.34208184 	 1.2044501
0.3116816 	 1.1589026
0.31342107 	 0.78999794
0.3451967 	 1.0132622
0.36022398 	 1.3095483
0.379057 	 1.1342995
0.38596088 	 1.0959781
0.35443327 	 1.2144777
0.34015036 	 1.1990918
0.35724306 	 1.332179
0.34580836 	 1.1566572
0.34932333 	 1.0080106
0.3461866 	 1.059043
0.34167668 	 1.3979777
0.32227516 	 1.3525382
0.31673393 	 1.4378269
0.34693748 	 1.3159442
0.35493714 	 1.0322521
0.3489036 	 1.27787
0.32958785 	 1.3001391
0.3557127 	 0.9764795
0.36229834 	 1.3089089
0.36462685 	 1.3735654
0.34780708 	 1.305777
0.32965016 	 1.372356
0.3347376 	 1.1564611
0.36684653 	 1.2243103
0.45676586 	 1.041941
0.469772 	 1.318572
0.47539026 	 1.2454696
0.43720764 	 1.2118052
0.42214113 	 1.3584546
0.3575846 	 1.3822333
0.37073377 	 0.9530075
0.4116134 	 0.86549866
0.4981476 	 0.70199746
0.4388994 	 1.2306129
0.4226208 	 1.2030001
0.33689997 	 1.8144522
0.3596616 	 1.2854365
0.31640035 	 1.4598259
0.30636862 	 1.1918288
0.25521913 	 1.3714334
0.27329874 	 1.5164196
0.25710896 	 1.481273
0.2846338 	 1.3686213
0.28499314 	 1.2301553
0.25134093 	 1.6981316
0.2531439 	 0.9444245
0.2482632 	 1.1955254
0.25485268 	 1.6647058
0.22862847 	 1.3901775
0.25250363 	 1.3598814
0.28813675 	 1.3449689
0.27905408 	 0.9860322
0.2972475 	 1.2980752
0.3034959 	 1.201165
0.30116057 	 1.2064595
0.28765243 	 1.2476265
0.28838438 	 1.4037639
0.29219878 	 1.2875705
0.32662907 	 1.2172111
0.3760216 	 0.81989104
0.3825583 	 1.1125795
0.3819965 	 0.9052198
0.41111276 	 0.96091086
0.3960664 	 1.0211633
0.37813947 	 0.9398356
0.30301094 	 1.220627
0.27411222 	 1.0756352
0.24954365 	 1.4678894
0.24427028 	 1.4401858
0.22696403 	 1.6471295
0.21951647 	 1.3449471
0.20932041 	 1.5604873
0.19704033 	 1.5214547
0.23293759 	 1.3094811
0.25345924 	 0.9842079
0.2665853 	 1.4092966
0.39985785 	 1.149831
0.39241034 	 1.2112651
0.4199105 	 1.0709518
0.4143378 	 0.8716202
0.45758367 	 0.8918409
0.47321704 	 0.7059077
0.4871462 	 0.70139956
0.5092952 	 0.60788614
0.519136 	 0.6344205
0.5077472 	 0.5725474
0.5415467 	 0.6569913
0.5036758 	 0.60887873
0.5266866 	 0.61395174
0.44254267 	 0.74699134
0.29545093 	 1.0138159
0.28372732 	 0.82746786
0.26297417 	 1.3597814
0.24127921 	 1.0906624
0.2327441 	 1.0191878
0.22507653 	 1.0146213
0.24637787 	 1.1857746
0.24092944 	 1.4537052
0.24464352 	 1.216946
0.24932627 	 1.6404574
0.2581641 	 1.4366134
0.27250183 	 1.6472914
0.24399234 	 1.5941472
0.25732982 	 1.3767763
0.25193894 	 1.5455276
0.23087028 	 1.3127393
0.23104472 	 1.3185441
0.22013393 	 1.5311579
0.22840637 	 1.4774868
Summary
0.026085481  -  0.9340937 ,  0.4237825  -  2.77161
accuracy:  100.0
equal predictions:  0
TensorFlow version: 1.13.1
Found 939 images belonging to 1 classes.
argN = 3136
argN = 3136
0.5379546 	 2.1700976
0.54880774 	 2.051311
0.5322372 	 2.220728
0.5891257 	 1.8287951
0.46685594 	 1.9358677
0.42663684 	 1.8302722
0.37151662 	 2.2200437
0.30775526 	 2.0551436
0.24959299 	 2.1872857
0.17046377 	 2.246458
0.14583437 	 2.1298661
0.11990066 	 1.8074371
0.062397208 	 2.3720186
0.061968874 	 2.4929602
0.35956442 	 0.9850871
0.42348242 	 0.84242845
0.2880672 	 1.1702793
0.20888351 	 1.4649336
0.27869517 	 1.7394911
0.4404197 	 1.3512341
0.5000197 	 1.518024
0.39171547 	 1.4457223
0.38010952 	 1.67959
0.38745168 	 1.3833922
0.2988118 	 1.7872574
0.13603923 	 1.9761896
0.12181082 	 2.1861753
0.10379986 	 2.1712556
0.13962105 	 2.0855606
0.1591123 	 2.217095
0.17659244 	 2.0117605
0.3715892 	 2.0793824
0.8200589 	 1.7424248
0.86179745 	 1.6557388
0.9664724 	 2.0006187
1.0021573 	 1.9327592
1.040219 	 2.0070627
1.0042367 	 2.415939
1.031538 	 1.6368543
0.88897556 	 2.0014498
0.6364013 	 2.0234475
0.6009093 	 1.6786805
0.14524098 	 1.8722615
0.20950319 	 1.9531622
0.22281949 	 1.6071869
0.23614869 	 1.7668928
0.23389404 	 1.5692947
0.14848675 	 2.2763102
0.06868165 	 2.236785
0.065112926 	 2.1980817
0.051006492 	 1.9163517
0.045625813 	 2.423815
0.22611932 	 1.2703791
0.20717914 	 1.6448637
0.16666946 	 1.6032293
0.17832315 	 1.7226073
0.22538278 	 1.4045428
0.18865573 	 1.4099993
0.20872854 	 1.6414832
0.19143146 	 1.6556933
0.18617773 	 1.7928909
0.07611189 	 2.1072745
0.067463964 	 2.154831
0.034716748 	 1.6070222
0.031754237 	 2.4086623
0.030119918 	 2.6043165
0.041380905 	 1.8471115
0.046200126 	 2.4972177
0.06451665 	 2.4529028
0.33937863 	 1.9996228
0.33891842 	 2.1149576
0.23509115 	 1.8083966
0.23253071 	 1.8777933
0.16243665 	 2.1368964
0.07054004 	 1.8773803
0.10803194 	 2.1901677
0.14553264 	 1.4021598
0.16538022 	 1.8087647
0.181325 	 1.6575006
0.21144214 	 1.7061598
0.21834823 	 1.3851994
0.19772752 	 1.6984345
0.08225867 	 1.8148484
0.21686457 	 1.4687111
0.106044576 	 2.331296
0.31606752 	 1.1218312
0.1604839 	 1.7439082
0.19843386 	 1.3447775
0.18187743 	 1.6368068
0.25107878 	 1.4130601
0.25523174 	 1.333317
0.27065113 	 1.2008377
0.23305859 	 1.514689
0.11459474 	 2.0426433
0.0626083 	 1.9351103
0.073643565 	 2.3132777
0.049189594 	 2.3116086
0.031358443 	 2.0310483
0.052894313 	 2.0881262
0.10297001 	 1.6920133
0.16620371 	 1.6478305
0.16958995 	 1.5366446
0.2546189 	 0.78479195
0.24461536 	 0.9556936
0.25563097 	 0.5804767
0.28333 	 0.99153554
0.2404168 	 0.9631051
0.26110518 	 0.7739483
0.2662827 	 0.76619256
0.2664744 	 1.0335726
0.24685794 	 0.9484462
0.26107106 	 0.6545804
0.256003 	 0.72818786
0.27376378 	 0.7644353
0.23758642 	 0.8739032
0.20356427 	 0.6990252
0.19586535 	 0.7083402
0.20284276 	 0.70934105
0.21182573 	 0.8675699
0.1767608 	 1.5285853
0.15775439 	 0.5608564
0.15787081 	 0.7757882
0.14424694 	 0.86948764
0.15586822 	 1.0598264
0.10836542 	 1.0644249
0.09564734 	 1.1737304
0.08478698 	 0.94259024
0.07861836 	 1.2805122
0.07529525 	 1.096817
0.063981034 	 1.4638298
0.065587796 	 0.7985675
0.070685305 	 1.3460829
0.060696058 	 0.71583605
0.07314562 	 1.3941436
0.055790566 	 0.68786055
0.057544567 	 1.2115618
0.047700528 	 0.6316098
0.039499357 	 0.8569812
0.047166903 	 0.925918
0.05108741 	 0.95647603
0.044440784 	 1.0731727
0.043082282 	 0.9479442
0.033104017 	 1.7484397
0.031652227 	 1.3861914
0.03338377 	 1.1876465
0.031278618 	 1.1706301
0.030990476 	 0.97357166
0.035639063 	 1.2177972
0.039348572 	 1.0880905
0.032182254 	 1.6409116
0.036279548 	 1.3385683
0.03197145 	 1.6166394
0.034654547 	 1.0319946
0.034397945 	 0.99005157
0.031909853 	 1.168457
0.03800625 	 0.8358117
0.05044546 	 1.1888745
0.04722151 	 0.5924981
0.044910863 	 0.9712516
0.05105335 	 1.1520673
0.052247185 	 1.3841718
0.04431386 	 0.9943816
0.051095378 	 0.7325348
0.046646927 	 0.6272346
0.04964099 	 1.3591425
0.045494996 	 1.5961056
0.054423932 	 0.65379024
0.05638248 	 1.4105086
0.05054395 	 1.2225933
0.055090044 	 1.1369281
0.05373814 	 0.74592024
0.052019555 	 0.9827895
0.05959945 	 0.62267196
0.06448321 	 0.7266057
0.05993975 	 0.8660768
0.06297349 	 1.3090116
0.05517929 	 1.1918253
0.05372619 	 1.8233212
0.054865353 	 0.7987361
0.06954875 	 0.5541964
0.067525245 	 0.75462556
0.078716375 	 0.6892254
0.084647305 	 1.2246525
0.10780062 	 1.2302483
0.10708984 	 0.9140282
0.13000968 	 0.47970408
0.16056949 	 0.7105768
0.15300865 	 0.7313699
0.15852699 	 0.69998664
0.14698298 	 1.065733
0.16283633 	 1.1743125
0.16930667 	 0.93496007
0.16156393 	 0.592161
0.15422119 	 1.1936862
0.14384471 	 1.2910463
0.124404006 	 1.0889221
0.13194431 	 1.108563
0.12551163 	 0.7400349
0.10658895 	 0.85088724
0.09142328 	 1.5631692
0.0701628 	 0.7294645
0.07172812 	 1.0448247
0.07016709 	 1.2531905
0.04336515 	 1.3190652
0.036098596 	 1.3883595
0.04486049 	 0.7917704
0.043293696 	 0.7431044
0.42861724 	 1.0121604
0.44777063 	 0.9532213
0.41871226 	 1.1863385
0.39886978 	 1.13155
0.3362532 	 1.102122
0.27945173 	 1.143704
0.27440855 	 1.1157756
0.28427508 	 1.1563206
0.31931978 	 1.0606049
0.32741857 	 1.2486069
0.31972942 	 1.267364
0.2989744 	 1.1873622
0.31000546 	 1.0381927
0.2951563 	 1.3334329
0.3092342 	 1.2260745
0.3073889 	 1.1615328
0.30854526 	 1.1704826
0.30156228 	 1.283555
0.28095764 	 1.5501043
0.29743704 	 1.3213373
0.29467905 	 1.2239447
0.30683166 	 1.3643742
0.31673172 	 1.1907777
0.3657552 	 1.2180761
0.45054057 	 1.1395767
0.41111183 	 1.195755
0.38681665 	 1.2717462
0.33990884 	 1.3672978
0.30643082 	 1.4013486
0.32601854 	 1.3129601
0.31868657 	 1.4184916
0.30312553 	 1.2741944
0.44220462 	 1.181454
0.35627884 	 1.3168697
0.31658578 	 1.3310267
0.2868123 	 1.1710842
0.2750137 	 1.1770365
0.26526985 	 1.266052
0.26175755 	 1.3127222
0.2686849 	 1.4093612
0.20695274 	 1.5909958
0.21172075 	 1.4544646
0.22248654 	 1.4486089
0.22216293 	 1.2316291
0.21227224 	 1.5421901
0.23767895 	 1.4637907
0.27427813 	 1.3856723
0.28130266 	 1.2363629
0.27106008 	 0.9427942
0.2991816 	 1.1853334
0.2646472 	 1.2759908
0.2922762 	 1.2217524
0.3402616 	 1.0230848
0.34338942 	 0.9873901
0.3872457 	 0.88524145
0.38694426 	 0.98255336
0.39188683 	 0.9081119
0.35830468 	 0.9591074
0.24924573 	 1.4606422
0.19571115 	 1.3931836
0.20866466 	 1.540762
0.21041393 	 1.4896766
0.20675826 	 1.4619176
0.22468655 	 1.5344164
0.21312384 	 1.2752751
0.2060176 	 1.3731438
0.21780887 	 1.3994973
0.19650014 	 1.4121113
0.21198 	 1.2584579
0.20314813 	 1.2381135
0.2395927 	 1.2605097
0.25597137 	 1.3733965
0.27842805 	 1.50251
0.31749502 	 1.1653726
0.37243977 	 0.7518682
0.37026563 	 1.0593475
0.38868672 	 1.229135
0.43270463 	 0.904341
0.43581384 	 0.9063633
0.44856438 	 0.71575546
0.44813696 	 0.69957155
0.43776885 	 0.7049781
0.44667202 	 0.6766497
0.46690357 	 0.6932584
0.50220495 	 0.6069911
0.52117187 	 0.62564355
0.4846557 	 0.6958086
0.3841913 	 0.81816065
0.3060287 	 0.9556817
0.23096392 	 1.4668097
0.2323791 	 1.382591
0.22489484 	 1.5442156
0.2176254 	 1.4048067
0.23064993 	 1.6094327
0.22245966 	 1.3585981
0.2181872 	 1.2871369
0.22844292 	 1.3155363
0.23821697 	 1.2942299
0.25867343 	 1.5806959
0.24999954 	 1.4398924
0.2718213 	 1.4248325
0.27090916 	 1.246589
0.23431309 	 1.596781
0.22752818 	 1.2524526
0.19096825 	 1.653247
0.20162308 	 1.2550569
Summary
0.030119918  -  1.040219 ,  0.47970408  -  2.6043165
accuracy:  100.0
equal predictions:  0
TensorFlow version: 1.13.1
Found 939 images belonging to 1 classes.
argN = 3136
argN = 3136
0.57617056 	 1.2748849
0.6948735 	 1.122425
0.53304243 	 1.2704266
0.061932605 	 1.9746567
0.0479969 	 1.9931107
0.040470537 	 2.0536304
0.069144614 	 1.958587
0.08315363 	 1.1881984
0.13405633 	 0.5781399
0.16972591 	 1.1391158
0.3387865 	 1.0138428
0.34180337 	 0.5568662
0.13843855 	 0.86378485
0.15159255 	 0.9423544
0.16846377 	 1.3915192
0.19491075 	 1.7427381
0.19583598 	 1.8735384
0.17966408 	 1.2504915
0.11908146 	 2.1235902
0.096177496 	 2.1954126
0.10673392 	 2.0273027
0.08913454 	 1.7046869
0.10843417 	 2.443392
0.21866275 	 1.8690519
0.30763057 	 1.8860539
0.88949853 	 0.9523025
0.87163985 	 1.0747664
0.6442635 	 1.2901928
0.6147019 	 1.2871362
0.6197274 	 1.2855842
0.8264662 	 1.1718311
0.81427157 	 1.0353231
0.57193416 	 0.96427345
0.268482 	 1.2495551
0.2637322 	 1.2834432
0.25891447 	 1.6969515
0.27045897 	 1.3511773
0.21997878 	 1.5015327
0.05257293 	 2.078256
0.039732404 	 2.559111
0.044759005 	 2.28094
0.039316893 	 1.8774565
0.031007998 	 2.1028872
0.027158601 	 2.6217337
0.028763298 	 2.6361134
0.034116857 	 2.849734
0.034551196 	 2.2635942
0.20813562 	 0.77851605
0.31204522 	 0.9063869
0.36744368 	 0.79037005
0.36213472 	 0.52737784
0.3236342 	 0.48724818
0.22883391 	 0.7826495
0.14634834 	 1.0907966
0.11049247 	 1.8732978
0.025408264 	 1.9415975
0.019915653 	 1.589948
0.032810856 	 2.6781397
0.17249987 	 1.5344449
0.2754786 	 1.5335131
0.5305494 	 0.9235349
0.63969123 	 0.8511684
0.6513507 	 0.8037394
0.66066396 	 0.841352
0.6904853 	 0.80217254
0.6628983 	 0.83940035
0.59443986 	 0.8767044
0.4529619 	 1.1215501
0.40630335 	 1.1657797
0.36974728 	 1.1001936
0.3782101 	 1.0956646
0.29734185 	 1.2297479
0.2862149 	 1.4459946
0.22599365 	 1.7757496
0.18142034 	 1.8768466
0.046779267 	 1.8051311
0.053370897 	 2.1272902
0.1637593 	 1.4594679
0.22615781 	 0.7493088
0.2311072 	 0.6822275
0.23873256 	 0.6605841
0.16678101 	 1.1153499
0.38135812 	 0.82572985
0.4338631 	 0.52223086
0.4658663 	 0.43711343
0.25633022 	 0.74943745
0.20206435 	 0.9256167
0.13245963 	 1.5917023
0.120664984 	 1.8582095
0.047885906 	 2.0458865
0.0409231 	 2.381267
0.023828045 	 2.7693508
0.048389073 	 2.0050735
0.1052918 	 1.1401334
0.02451714 	 2.545473
0.49059856 	 0.54883724
0.49151662 	 0.48535496
0.47408375 	 0.5520971
0.46821243 	 0.60765344
0.4887571 	 0.41935027
0.52078557 	 0.56491685
0.48182198 	 0.4932559
0.479398 	 0.41798472
0.5320685 	 0.6030607
0.50839436 	 0.45908296
0.49861926 	 0.4342568
0.5163337 	 0.46728754
0.43814918 	 0.5470278
0.4413387 	 0.57118475
0.42333296 	 0.54397535
0.412833 	 0.5928343
0.4304834 	 0.53358364
0.33861718 	 0.69992304
0.34209433 	 0.551459
0.19027494 	 0.7897883
0.20255601 	 0.7460454
0.19385698 	 0.7861392
0.18168099 	 0.73170596
0.1784588 	 0.73893785
0.15976343 	 1.0084813
0.16263643 	 0.8650201
0.13541238 	 0.7422023
0.13475086 	 0.96116596
0.1516289 	 0.97741586
0.11753583 	 0.6338369
0.1342148 	 0.90350085
0.13464843 	 1.0392148
0.13077737 	 0.8617674
0.13614821 	 0.9548144
0.13559216 	 0.8932781
0.12452349 	 0.94457763
0.11292063 	 0.8889248
0.1002139 	 0.84800494
0.11063107 	 1.1128491
0.11487532 	 1.1077311
0.10722433 	 1.1283209
0.108430915 	 0.7998158
0.10544956 	 0.9620614
0.09496684 	 0.9586773
0.071647115 	 0.86104816
0.05756281 	 0.7954928
0.056845147 	 1.1970962
0.05287389 	 0.8611078
0.0459783 	 1.1092072
0.03944653 	 0.9838849
0.04208805 	 0.7968621
0.030899797 	 1.2250086
0.027043955 	 0.76651055
0.022982055 	 0.8058123
0.020900061 	 1.4331151
0.023590557 	 1.1743723
0.021857234 	 0.76939195
0.023163944 	 1.2801187
0.024192592 	 1.2307628
0.023229158 	 1.4055234
0.017824313 	 0.8666677
0.025981234 	 0.94159925
0.019998167 	 0.91653955
0.02080798 	 0.88596535
0.020418808 	 0.8457777
0.020148862 	 1.4216946
0.024263734 	 1.0917337
0.024781546 	 0.9058702
0.03419494 	 0.8267392
0.033579398 	 1.3205675
0.046831235 	 0.77516884
0.05481939 	 1.2828882
0.06250608 	 0.7113689
0.07081965 	 0.9060255
0.087481454 	 0.8602251
0.08597945 	 0.98211706
0.09607165 	 0.81560946
0.094264604 	 0.7667521
0.093980916 	 0.68309027
0.119530134 	 0.90372056
0.10633681 	 0.7871302
0.13038819 	 1.1127888
0.12071152 	 1.0944614
0.117228836 	 0.8794159
0.10987238 	 0.9046521
0.10618283 	 0.9730115
0.11233644 	 0.87416035
0.11180645 	 0.8822957
0.09171069 	 0.7403319
0.07499954 	 0.876355
0.06508551 	 0.8440137
0.049947463 	 0.8772117
0.03689651 	 0.9132715
0.031712275 	 1.4438424
0.025083732 	 0.87967634
0.0141842235 	 0.99846405
0.34398863 	 0.7852841
0.3124768 	 0.7004197
0.31416732 	 0.86603177
0.32959896 	 0.7845784
0.28001246 	 1.0390048
0.2575697 	 0.90325093
0.25609595 	 0.7192336
0.23617035 	 0.9742851
0.2369281 	 0.5841245
0.22818926 	 1.0762379
0.24216615 	 0.8972153
0.2502634 	 1.1896298
0.24453582 	 0.6794328
0.26772413 	 0.8179873
0.2844349 	 0.7843668
0.2836358 	 1.0480821
0.29148906 	 0.7353231
0.27353528 	 0.73969036
0.26912358 	 0.9363923
0.22743249 	 0.9050462
0.25383112 	 0.9192716
0.24326912 	 0.6942501
0.21210526 	 0.8441356
0.23494752 	 1.0201502
0.20397094 	 0.6406127
0.2364419 	 1.2199304
0.22839738 	 0.7729112
0.19731772 	 0.8053664
0.19773363 	 0.97695893
0.21097796 	 1.2288731
0.26202786 	 0.99383754
0.28432435 	 1.0206081
0.27191353 	 0.8229427
0.25846687 	 0.8077228
0.24819076 	 1.0129433
0.21390124 	 1.0169313
0.22389528 	 0.6132746
0.24911276 	 0.7807951
0.3609079 	 0.94804776
0.25097728 	 0.9781438
0.22947793 	 0.8130562
0.22164099 	 0.53073484
0.24239534 	 1.0633334
0.21523105 	 0.96373147
0.18101744 	 0.92656094
0.19381054 	 1.2356743
0.19777583 	 0.7609471
0.19011937 	 0.534891
0.21452957 	 0.6592396
0.21913631 	 1.1024429
0.20538887 	 0.8711287
0.17665638 	 1.1207885
0.1862677 	 0.664657
0.16966262 	 1.0391258
0.17439216 	 0.88692796
0.1595292 	 1.4882714
0.16139904 	 1.1740006
0.15352939 	 1.1113333
0.14432494 	 0.61505604
0.15238859 	 1.106924
0.15737914 	 0.65243405
0.14765768 	 1.0136231
0.1692389 	 1.0629064
0.17646807 	 0.79218465
0.17413191 	 0.8076096
0.17769992 	 0.9989903
0.2446551 	 1.0598527
0.24009416 	 1.0150894
0.22626977 	 0.89708817
0.21019003 	 0.80687577
0.3161712 	 0.6621163
0.41850805 	 0.6466295
0.38239256 	 0.7389694
0.34357893 	 0.8706384
0.22853333 	 0.49278435
0.22248095 	 0.62980056
0.1729218 	 1.1279005
0.18271619 	 1.098491
0.17073657 	 0.92249095
0.17267376 	 1.0542798
0.17044362 	 1.1745038
0.16463211 	 1.1033115
0.14240721 	 0.84316725
0.14470086 	 0.7479895
0.16075797 	 1.1034218
0.2076858 	 0.8346093
0.22920774 	 0.85121727
0.3319733 	 1.0252632
0.42550045 	 0.83268636
0.44434097 	 0.6858036
0.44367918 	 0.5316964
0.48775023 	 0.6657591
0.46154937 	 0.6846992
0.47508645 	 0.5863726
0.4736026 	 0.5277021
0.46072266 	 0.6709146
0.4137559 	 0.6430084
0.34515578 	 0.6660452
0.33083454 	 0.6590833
0.30465302 	 0.6600689
0.2684215 	 0.67831284
0.19385894 	 0.95138305
0.20276026 	 1.1737992
0.17402977 	 0.95407313
0.16533354 	 0.94044834
0.16063507 	 0.9078939
0.15113966 	 0.9158154
0.13054153 	 0.55899256
0.14049609 	 0.8963904
0.14420348 	 0.83685136
0.1371471 	 0.7156752
0.14175692 	 1.0185719
0.15297227 	 0.7622438
0.15920225 	 1.227264
0.17974418 	 0.9651562
0.19323875 	 0.86775756
0.17172682 	 0.84025055
0.15961616 	 0.99110657
0.17119008 	 0.94797856
0.1742091 	 0.9177374
0.15779369 	 1.0553375
0.15668836 	 0.9948733
Summary
0.0141842235  -  0.88949853 ,  0.41798472  -  2.849734
accuracy:  97.8
equal predictions:  0
TensorFlow version: 1.13.1
Found 939 images belonging to 1 classes.
argN = 3136
argN = 3136
0.14597043 	 0.24350657
0.13837756 	 0.80635995
0.07547347 	 0.3248717
0.102716535 	 0.7223061
0.087018244 	 0.30108374
0.25164646 	 0.88000697
0.27816156 	 0.42053667
0.2882951 	 0.35375884
0.4577503 	 0.5966538
0.5570208 	 0.6546832
0.5903198 	 0.54305005
0.68979007 	 0.71483
0.69949794 	 0.6743157
0.52382356 	 0.66873187
0.36558327 	 0.40761593
0.3687861 	 0.3326253
0.39984772 	 0.6338515
0.4735024 	 0.45422426
0.5169549 	 0.5408633
0.397952 	 0.47179967
0.19570781 	 0.5012002
0.20728356 	 0.33208862
0.2014142 	 1.3204476
0.035048064 	 0.83847284
0.041499753 	 0.28513908
0.047576375 	 0.10768279
0.050321158 	 0.97970283
0.1224996 	 0.27028063
0.106826834 	 0.33717984
0.2683389 	 0.57237273
0.5611494 	 0.56402874
0.581206 	 0.8191022
0.6361933 	 0.74044114
0.6457862 	 0.5580132
0.64411926 	 0.6079919
0.59592366 	 0.6945423
0.63038605 	 0.6190324
0.5786012 	 0.72728044
0.09188493 	 0.28899398
0.103562236 	 0.8020621
0.11704623 	 0.22609907
0.117935255 	 0.3003404
0.12624232 	 0.4147995
0.12901466 	 1.0815891
0.21931338 	 1.0924457
0.18245563 	 0.8252567
0.12524529 	 0.5162449
0.10923286 	 0.2525948
0.14202145 	 0.43912145
0.12727332 	 0.7012409
0.46529263 	 0.56266767
0.11210272 	 0.27835506
0.030823447 	 0.21297722
0.032222755 	 0.099853426
0.04393038 	 0.86657625
0.05260792 	 0.82049966
0.05510264 	 0.66161484
0.103124626 	 1.1031315
0.12662014 	 0.22041677
0.21796711 	 0.24232532
0.2470448 	 0.7453448
0.21756285 	 0.35871485
0.44043556 	 0.55696106
0.48611498 	 0.6787849
0.5769887 	 0.52951795
0.55456185 	 0.5979936
0.46380094 	 0.67070603
0.41914722 	 0.5415541
0.10788155 	 0.20412824
0.10913719 	 0.6872349
0.13721451 	 0.28665042
0.13934024 	 0.40115452
0.18318483 	 0.3414608
0.09720041 	 0.30722162
0.11093671 	 0.16151874
0.09593702 	 0.7874138
0.19794022 	 1.2403889
0.24364063 	 0.50266975
0.2569956 	 0.7216297
0.5713518 	 0.71365315
0.6095874 	 0.7500973
0.5998316 	 0.92499655
0.18340921 	 0.23487236
0.24023451 	 0.2573049
0.4183625 	 0.40797842
0.41725194 	 0.9524419
0.36295038 	 0.42481273
0.2750167 	 0.8894954
0.02616153 	 0.20352481
0.029897701 	 0.84834796
0.27488 	 0.61435944
0.3745673 	 0.2991486
0.44778478 	 0.9337752
0.44193244 	 0.43815067
0.4514221 	 0.7015671
0.41943413 	 0.94039017
0.4192549 	 0.7404169
0.55040306 	 0.6538901
0.6309823 	 0.66359544
0.016585821 	 0.16287988
0.025487503 	 0.17387103
0.024891594 	 0.123813346
0.015573744 	 0.6480736
0.021592015 	 1.2929488
0.016362349 	 0.5010751
0.01501941 	 0.33828974
0.010323461 	 0.15358993
0.0129095325 	 0.71460646
0.016471535 	 0.6867778
0.011304737 	 0.8407741
0.010910388 	 0.1674642
0.008440311 	 0.23991299
0.014432789 	 0.44629318
0.012348165 	 0.33411738
0.01555764 	 0.850263
0.039478835 	 0.38679814
0.061969385 	 0.33378044
0.11063394 	 0.50258523
0.1764668 	 0.9074124
0.18244712 	 0.43570656
0.20739812 	 0.39049032
0.23317689 	 0.7840629
0.24054863 	 0.44616178
0.2623655 	 0.29492134
0.26172897 	 0.6078525
0.26765525 	 1.5490991
0.28467205 	 0.48348626
0.27244875 	 0.9052167
0.2715946 	 1.1371253
0.2880242 	 0.84637153
0.31175616 	 0.46581396
0.29819763 	 0.32170084
0.30595583 	 0.40668085
0.31167296 	 0.45431852
0.32408097 	 0.4807001
0.33163187 	 0.55208457
0.32412294 	 0.54341376
0.34744594 	 0.46898058
0.35104322 	 0.40811914
0.37884682 	 0.43112552
0.39738378 	 0.3592655
0.39446923 	 1.2577007
0.39890683 	 0.6487774
0.41326335 	 0.5361711
0.40362462 	 0.33210424
0.4005909 	 0.8383797
0.39484805 	 0.5241831
0.385541 	 0.40486443
0.39575776 	 1.2299892
0.40771297 	 0.42615825
0.40742645 	 1.046622
0.3958374 	 0.5559159
0.40304455 	 0.37079352
0.39154077 	 0.6921037
0.43068254 	 0.793152
0.41302055 	 0.41013908
0.44808817 	 0.5832495
0.44441384 	 0.52394474
0.44937766 	 0.4194578
0.4547373 	 0.92747384
0.44821888 	 0.6721323
0.44176748 	 0.75421524
0.45425975 	 0.681401
0.44507006 	 0.4119835
0.4399058 	 0.8718784
0.44489846 	 0.4958941
0.49820432 	 0.51278603
0.44043222 	 0.48880762
0.45459852 	 0.5052168
0.46022505 	 0.5041243
0.4737027 	 0.52250963
0.4037294 	 0.72220963
0.39676583 	 0.65163654
0.4059702 	 0.50184417
0.3788523 	 0.9103504
0.3850991 	 0.5678045
0.38046324 	 0.6818956
0.3818042 	 0.5234822
0.38915914 	 0.42835733
0.4247615 	 0.7437328
0.42954385 	 0.48327345
0.43245742 	 0.5761069
0.43237162 	 0.53966135
0.43305692 	 0.68397355
0.4428684 	 0.54713917
0.43472987 	 0.6474165
0.44417432 	 0.5044408
0.43271214 	 0.6440157
0.4679069 	 0.76133716
0.4840049 	 0.53794247
0.49334514 	 0.61007845
0.5102667 	 0.5089876
0.5238952 	 0.5843829
0.5292839 	 0.725015
0.6059055 	 0.6546709
0.68714845 	 0.68985707
0.67662483 	 0.6757191
0.6935665 	 0.69836223
0.68436 	 0.65772074
0.7163775 	 0.69423306
0.68518114 	 0.71001285
0.21054907 	 0.56997716
0.16548951 	 0.6985753
0.1435808 	 0.61372966
0.17749469 	 0.94727206
0.13028185 	 0.4811195
0.13128652 	 1.1023484
0.12414551 	 0.83855355
0.10569975 	 1.3930126
0.10757877 	 1.0994731
0.108671226 	 1.1264799
0.105164595 	 0.82618237
0.12286125 	 1.1211483
0.111402735 	 0.88381135
0.10850712 	 0.6009496
0.10872598 	 0.9227126
0.11696455 	 0.6268986
0.12440974 	 1.1808474
0.11388353 	 0.772506
0.10258199 	 0.6897603
0.1098793 	 0.9737722
0.11902983 	 1.0411714
0.12466088 	 1.336836
0.12667826 	 0.5865841
0.11946317 	 0.9703617
0.15462713 	 1.0135752
0.17059879 	 1.1430594
0.1210921 	 1.1190552
0.124324225 	 0.9499867
0.123599514 	 1.0590866
0.12743282 	 0.7690471
0.14007631 	 1.185479
0.14933608 	 0.6708691
0.140312 	 1.0659213
0.14721707 	 1.249871
0.12879917 	 0.9616408
0.1263506 	 1.2272427
0.12788099 	 1.2406784
0.27181557 	 0.83835876
0.24456847 	 0.8441306
0.16214381 	 0.7918276
0.10262928 	 0.97331446
0.1084723 	 1.3110616
0.106260315 	 1.0880178
0.1510571 	 0.8857121
0.14628741 	 0.6541816
0.15484408 	 0.6639278
0.13358827 	 0.9513849
0.10430451 	 0.80216193
0.084580496 	 0.8007303
0.09072071 	 0.5498365
0.08922518 	 0.6664386
0.09266704 	 0.833894
0.0910719 	 0.5064274
0.111433655 	 0.62274265
0.09866839 	 0.7292682
0.116123244 	 1.042249
0.12694052 	 1.0022038
0.17428473 	 1.1563656
0.16628881 	 0.626964
0.15630172 	 0.60510343
0.14375462 	 0.52876115
0.10789198 	 0.49724177
0.13842842 	 1.0390733
0.14673536 	 1.0498499
0.16133256 	 1.1617389
0.17854168 	 1.0317907
0.20302404 	 1.1532546
0.20813467 	 0.6242615
0.20564942 	 0.96148735
0.20740399 	 1.200258
0.13892291 	 0.90520257
0.11927149 	 1.23743
0.11837765 	 1.0687768
0.120361604 	 0.47983065
0.124138355 	 0.5508151
0.13084082 	 0.7602665
0.11966254 	 0.7446225
0.110927716 	 0.7359492
0.10263668 	 0.44420165
0.10127835 	 0.5439434
0.10845596 	 1.411866
0.09032274 	 0.85882664
0.08643262 	 1.1551371
0.093631975 	 1.2539171
0.085104026 	 0.7320423
0.094377466 	 1.2445558
0.08790758 	 1.2868301
0.07596037 	 0.4868001
0.07418233 	 1.0429146
0.08070317 	 1.4557223
0.08708353 	 0.78663963
0.09861194 	 0.8069049
0.08949559 	 1.1266419
0.10094987 	 1.340829
0.107940115 	 0.42614502
0.14173584 	 0.74421895
0.17352511 	 0.77916837
0.14543274 	 0.8533421
0.16647176 	 1.0961564
0.15592402 	 1.0856125
0.1528765 	 0.690878
0.15507777 	 1.1691327
0.18109596 	 0.79254115
0.16049236 	 0.55772895
0.15752028 	 0.5024986
0.13170677 	 1.1858214
0.14585823 	 0.97114486
0.13159642 	 0.49551287
0.13471909 	 0.73407346
0.1440596 	 0.7666332
0.15807325 	 0.56568575
0.16500427 	 0.6554107
Summary
0.008440311  -  0.7163775 ,  0.099853426  -  1.5490991
accuracy:  93.3
equal predictions:  0
