TensorFlow version: 1.13.1
Found 939 images belonging to 1 classes.
argN = 784
argN = 784
0.14808993 	 2.9754276
0.16003087 	 2.4811356
0.1874354 	 2.920583
0.45356125 	 2.9535456
0.2778153 	 2.5406387
0.22786492 	 3.188021
0.113287106 	 3.0629807
0.08929387 	 4.094361
0.07685794 	 3.2970858
0.04167423 	 2.7523606
0.027149966 	 2.7008994
0.049165115 	 2.752368
0.053755686 	 2.6714916
0.04980236 	 1.6544328
0.031227266 	 2.6631935
0.14037406 	 2.1816838
0.1190832 	 2.2607148
0.04731875 	 2.6384432
0.055948332 	 3.2311156
0.05077275 	 3.2337453
0.07006888 	 3.1539059
0.072734006 	 2.2025158
0.086798295 	 3.4073205
0.11158578 	 2.586917
0.11478573 	 2.2647245
0.30256468 	 2.7380302
0.11489885 	 2.6266344
0.001275339 	 2.5379002
0.0063892435 	 2.9755561
0.031089528 	 3.6629138
0.16228086 	 3.0603652
0.117522754 	 3.4501703
0.2305522 	 2.729318
0.13933702 	 2.7412126
0.27744418 	 2.3467524
0.40722597 	 2.3491998
0.09352562 	 3.2970698
0.052155748 	 2.560859
0.116037026 	 2.5936406
0.07134557 	 2.5700471
0.05860485 	 3.1691628
0.05422853 	 2.6947153
0.036366574 	 3.4868567
0.025502667 	 2.6741276
0.04260765 	 3.1681268
0.044289686 	 2.1266053
0.117207795 	 2.58364
0.014128968 	 2.5055273
0.03770094 	 2.2654445
0.035690825 	 2.3932676
0.023015052 	 2.5536366
0.00511402 	 2.7721694
0.007681291 	 2.903158
0.010255472 	 4.099398
0.018630909 	 3.773387
0.02822938 	 2.694031
0.07479982 	 3.286402
0.086546026 	 2.6850734
0.05635158 	 2.296875
0.22076055 	 2.3570354
0.22469118 	 2.4222598
0.10677948 	 2.3689883
0.08935957 	 2.4958458
0.10259441 	 2.8753805
0.11453091 	 3.2114348
0.15417257 	 3.3190198
0.1262154 	 3.097581
0.0984475 	 1.6644437
0.19965321 	 2.0047019
0.14051269 	 2.2060082
0.06315976 	 2.691555
0.016719578 	 3.105025
0.020480983 	 3.249681
0.037016556 	 2.658531
0.14247477 	 1.9163054
0.22820409 	 1.5721523
0.0075447746 	 1.956681
0.0074937283 	 2.3743167
0.08431912 	 2.1774619
0.06724764 	 2.7402086
0.052913167 	 3.2175562
0.052966963 	 2.4549963
0.035351396 	 3.0170836
0.044352677 	 2.407147
0.03255971 	 2.510254
0.019316979 	 2.5078914
0.0050903554 	 2.4558747
0.00511408 	 4.025296
0.008954141 	 3.310449
0.0032310174 	 3.157812
0.030786073 	 2.7697616
0.040486548 	 2.61717
0.031950284 	 2.7946398
0.044318035 	 1.6587459
0.024912676 	 2.8844347
0.02687489 	 1.5949287
0.040985446 	 1.7878364
0.031646814 	 1.9203
0.029395094 	 2.142239
0.030658474 	 1.8419232
0.02977531 	 2.0468087
0.040220067 	 2.0405324
0.029768556 	 2.4747436
0.030443816 	 1.9323014
0.03231916 	 1.213469
0.025840178 	 1.7158669
0.027149966 	 1.0739553
0.019310355 	 2.0841856
0.011690256 	 2.3123963
0.023210064 	 2.0794334
0.03744386 	 1.8687518
0.025909787 	 2.930232
0.019317038 	 1.1032255
0.028238945 	 1.998412
0.02615896 	 1.9304613
0.024532106 	 1.4726058
0.031661827 	 1.7039751
0.015994163 	 2.904832
0.021921203 	 2.542788
0.020618303 	 1.4499202
0.021311523 	 0.95798045
0.020609723 	 1.705382
0.027225973 	 1.5214225
0.020673614 	 2.5155861
0.01671582 	 2.2696142
0.014144202 	 1.2558994
0.01870281 	 2.4729455
0.019317038 	 2.490147
0.02061739 	 2.458878
0.021455048 	 2.4399116
0.01691276 	 2.91387
0.012966895 	 1.9016038
0.018017465 	 1.7900447
0.019317038 	 2.300507
0.0103590535 	 1.361025
0.014626316 	 1.6387669
0.0076814713 	 2.4027746
0.00511402 	 1.5462153
0.0076814713 	 1.1841012
0.0128361145 	 1.7516962
0.00511408 	 1.2132736
0.010255472 	 2.3205948
0.008967613 	 2.3484564
0.0086907 	 1.4532857
0.008967673 	 2.1424992
0.00511408 	 2.9052238
0.0056101996 	 1.9026657
0.0128361145 	 1.5496348
0.014549808 	 1.5231944
0.007492347 	 1.6082461
0.0038328813 	 1.7141235
0.008967673 	 1.4939587
0.0025916274 	 1.9428854
0.0076814713 	 2.2822218
0.012561086 	 1.9730362
0.003830907 	 1.6407093
0.004574853 	 1.5655164
0.0038331207 	 2.3205822
0.00511408 	 1.6467936
0.006396922 	 2.1215012
0.010255472 	 1.6786221
0.0025532627 	 1.7301832
0.010247282 	 1.9107476
0.001275339 	 2.6212819
0.0024642288 	 1.5446892
0.006395842 	 2.537246
0.0038328813 	 1.5669672
0.0063969814 	 1.8360714
0.008997143 	 2.4395382
0.011544931 	 1.1010368
0.0012752793 	 1.4522834
0.00511408 	 1.6517613
0.008603162 	 1.5112127
0.0063969814 	 1.7297933
0.011545111 	 1.231046
0.018012246 	 1.7296609
0.018023655 	 1.0961121
0.020567376 	 1.982612
0.027044812 	 1.6018376
0.033724446 	 1.3355398
0.04437467 	 1.1174291
0.033697754 	 1.2842607
0.046030287 	 1.0369365
0.053475585 	 2.0924225
0.03688346 	 2.1387768
0.04685747 	 1.2498327
0.037335888 	 1.6740468
0.032777105 	 1.6485542
0.04944176 	 1.5948606
0.041511558 	 2.5031192
0.02463284 	 1.4841083
0.021921203 	 1.4548423
0.01659067 	 1.6076857
0.023225863 	 1.3613614
0.17859226 	 1.5729996
0.16641735 	 1.8844514
0.21745439 	 2.2600353
0.13703088 	 2.0030959
0.12036867 	 2.8577592
0.09935477 	 2.901486
0.061740987 	 1.2255534
0.0916675 	 2.7052739
0.07891618 	 2.6567643
0.09632994 	 3.000827
0.104788505 	 3.1678534
0.09492647 	 2.9267213
0.09632187 	 2.6568415
0.08655922 	 3.0758154
0.09772225 	 2.772463
0.09629293 	 2.2455575
0.114112735 	 1.9706144
0.09632994 	 2.355546
0.087939605 	 2.3314064
0.11393156 	 1.3072778
0.11315968 	 3.0006306
0.080976784 	 2.5408876
0.06303437 	 3.2238996
0.075481445 	 3.1380205
0.07701005 	 1.5776914
0.085159846 	 2.2164347
0.07544391 	 1.810294
0.07684687 	 2.7486954
0.079349376 	 1.2707889
0.061212048 	 3.3322804
0.11475719 	 2.4898834
0.30245185 	 2.2368307
0.23197004 	 2.2943826
0.19822985 	 1.5461837
0.16925584 	 2.302876
0.14959764 	 2.1757798
0.14338169 	 2.621344
0.1291665 	 3.3685427
0.13062134 	 2.4321969
0.09773526 	 2.9504337
0.10635398 	 2.5372572
0.12887497 	 2.814372
0.12658104 	 2.5486698
0.14054507 	 1.151467
0.3034129 	 0.8849109
0.2948987 	 1.8946989
0.14289975 	 3.2304084
0.124734744 	 2.713167
0.12641837 	 2.2217488
0.07124014 	 2.0317936
0.07822183 	 2.6020212
0.08793869 	 1.1562767
0.065910146 	 2.7523756
0.08376437 	 2.4448724
0.064231865 	 2.9755104
0.04567273 	 4.170857
0.03901558 	 2.9267213
0.040341135 	 2.4748116
0.037489716 	 2.5572102
0.051010195 	 3.3685427
0.042996474 	 2.5043473
0.08229912 	 2.6856973
0.103377275 	 2.0691257
0.13069008 	 2.3417017
0.13004519 	 2.4749632
0.20141405 	 1.5462928
0.19954827 	 1.0770001
0.20606352 	 1.6454879
0.21951966 	 1.9241216
0.20963122 	 1.4890562
0.08654018 	 1.9548455
0.059253387 	 2.9059024
0.06172571 	 2.8749113
0.04167162 	 2.2950053
0.04431355 	 2.4772751
0.038980193 	 3.0039558
0.040338468 	 1.7892042
0.038826942 	 2.6941023
0.057484653 	 2.4738145
0.037683114 	 2.7131498
0.040342502 	 2.553458
0.035045102 	 2.5374389
0.04448696 	 2.6039522
0.059110027 	 1.26519
0.048272908 	 2.5056646
0.04668215 	 2.6553266
0.061870206 	 1.4951657
0.074052095 	 2.2824442
0.068620235 	 2.5914268
0.13143632 	 2.6259513
0.16289455 	 1.3761472
0.16828221 	 1.7904403
0.23623511 	 1.3157375
0.20353577 	 1.6921291
0.1853634 	 1.2066628
0.18117703 	 1.7684838
0.18120612 	 1.8343278
0.16668609 	 2.0682912
0.167296 	 1.3392519
0.18838239 	 2.1517367
0.18678069 	 1.5039911
0.1680724 	 1.0600725
0.14066355 	 2.2824023
0.14215021 	 1.9762257
0.0727058 	 2.077828
0.0659083 	 2.4893608
0.07823684 	 1.4866724
0.0694285 	 2.4747393
0.07822872 	 1.5464106
0.07685794 	 2.110588
0.092077255 	 2.9705043
0.12615907 	 2.3748221
0.12048478 	 2.7131498
0.14996943 	 2.962991
0.14378324 	 2.9267213
0.1104745 	 3.1986492
0.1276516 	 2.728395
0.08515731 	 3.5267653
0.085975684 	 3.3685427
Summary
0.0012752793  -  0.45356125 ,  0.8849109  -  4.170857
accuracy:  100.0
equal predictions:  0
TensorFlow version: 1.13.1
Found 939 images belonging to 1 classes.
argN = 784
argN = 784
0.11199991 	 3.332177
0.09971763 	 3.719928
0.15717572 	 2.1390212
0.20140414 	 2.6941032
0.06295185 	 1.8945411
0.04959802 	 2.857617
0.058107384 	 2.3317585
0.044273175 	 2.1340938
0.074428804 	 2.0114486
0.11094943 	 1.7989489
0.1258422 	 1.9955302
0.093470514 	 2.2383602
0.09664391 	 2.4599783
0.06282135 	 2.5958502
0.06038988 	 3.708564
0.045844566 	 2.5003414
0.067247316 	 2.3794208
0.16167252 	 2.1891518
0.19512726 	 1.8279115
0.047891848 	 3.026772
0.027149966 	 3.809368
0.036423814 	 3.5123658
0.01948793 	 3.039719
0.022297367 	 3.3530219
0.011627359 	 3.0302038
0.021917548 	 2.74986
0.28173542 	 2.4234262
0.24592553 	 2.228183
0.26531127 	 2.6764793
0.28638902 	 2.285769
0.17826402 	 2.3171294
0.113063306 	 2.594747
0.087734416 	 2.1178634
0.100144394 	 2.4354885
0.18644673 	 2.3749528
0.17554402 	 3.1676283
0.16036725 	 2.890469
0.28223318 	 3.2112205
0.36311978 	 2.8276813
0.41167864 	 2.0199468
0.3890717 	 2.502223
0.1193011 	 3.1706893
0.06324059 	 3.4674983
0.14333986 	 2.5508387
0.031099917 	 3.4427576
0.015479185 	 3.9329822
0.012834424 	 4.3600187
0.028916055 	 2.4939234
0.03982482 	 3.891649
0.047741037 	 2.7544327
0.04890457 	 2.1381016
0.07882582 	 1.84059
0.06287054 	 2.9798775
0.0737599 	 2.6390247
0.033825558 	 2.5421093
0.044334732 	 3.110686
0.046031475 	 2.3115911
0.0645108 	 2.3404133
0.06374722 	 2.2935092
0.075481 	 2.6244824
0.10042733 	 2.9994838
0.11037731 	 3.0007877
0.12201484 	 2.3752944
0.065951146 	 2.3798816
0.06317989 	 2.9488492
0.0063969814 	 2.8356626
0.012807195 	 3.2970908
0.21360645 	 1.8577346
0.15649408 	 2.9031897
0.10379933 	 2.1649723
0.06318497 	 2.4453816
0.09913676 	 2.2999408
0.20567174 	 2.6201422
0.08036871 	 1.6355796
0.11449496 	 2.8221192
0.14581789 	 3.1659565
0.1762621 	 2.836929
0.10004142 	 3.378287
0.08985516 	 3.373317
0.0907277 	 3.619853
0.06606219 	 2.903194
0.057640284 	 3.4863074
0.03636602 	 3.170867
0.016727518 	 2.6555912
0.031082148 	 3.000142
0.07673835 	 2.2448804
0.07167023 	 3.0611615
0.09620755 	 2.2177467
0.08376605 	 2.4734466
0.08073321 	 2.335532
0.023041766 	 3.1988113
0.02390502 	 2.6232183
0.039019298 	 2.9980202
0.015423434 	 2.3204596
0.014128968 	 2.694075
0.0076814713 	 3.3319302
0.0076814713 	 3.3626895
0.014127154 	 3.0433006
0.008966049 	 3.1976655
0.0038328813 	 3.1986492
0.008044986 	 2.8859642
0.01671673 	 3.486169
0.040342934 	 2.750899
0.024126155 	 1.6555666
0.03892851 	 2.2334592
0.031184528 	 1.6907132
0.015423434 	 1.9545833
0.02278294 	 1.4188834
0.021915963 	 2.2555983
0.016922155 	 1.6206443
0.02424352 	 2.0405264
0.02584024 	 2.1940653
0.024512742 	 1.3829825
0.029923739 	 1.36609
0.027117506 	 1.9470108
0.035044175 	 1.550406
0.025841525 	 1.9418995
0.035036027 	 1.8301725
0.021272128 	 1.4415717
0.023370579 	 1.6368264
0.031067146 	 1.5548137
0.021921568 	 1.9019125
0.01851754 	 1.9382899
0.020593235 	 1.5112964
0.015423434 	 2.2456415
0.01154499 	 1.32105
0.014128968 	 2.3592117
0.014089009 	 1.5225314
0.010246017 	 2.6972878
0.012656697 	 1.3891782
0.011544508 	 1.3458169
0.0076814713 	 1.4519396
0.005151764 	 2.980961
0.011776618 	 2.321805
0.0039121043 	 2.3631282
0.01154499 	 1.9243989
0.0058214506 	 2.3077207
0.0076814713 	 2.5065968
0.010255472 	 1.9420986
0.00767054 	 1.9879562
0.008967673 	 2.1081638
0.020618243 	 2.2739959
0.018017465 	 1.970629
0.014187185 	 1.9212167
0.01154499 	 2.5870407
0.013547038 	 1.8774928
0.00511408 	 2.4594824
0.008967673 	 2.0987802
0.011156032 	 2.2211354
0.010264023 	 2.5534995
0.012583478 	 2.6694405
0.008967673 	 2.121089
0.0063975817 	 1.493818
0.0063969814 	 1.346071
0.011618375 	 2.3380694
0.011539263 	 2.5700502
0.008967673 	 1.2020637
0.0128361145 	 2.4511502
0.01154499 	 1.528764
0.0076814713 	 2.4680526
0.019317951 	 0.9753078
0.010870437 	 1.0953158
0.009031185 	 1.33374
0.010213981 	 2.2387564
0.007681411 	 2.344685
0.0025532627 	 2.5865004
0.0063969814 	 2.0488443
0.0128361145 	 2.8294363
0.015465202 	 1.9703938
0.0063969814 	 2.089389
0.006396922 	 1.3861353
0.00768946 	 1.5056655
0.012918952 	 1.6125695
0.014128908 	 2.8142447
0.0131406905 	 1.9083747
0.015424402 	 1.704617
0.008588253 	 2.1183481
0.010255472 	 1.655634
0.020925382 	 2.5087473
0.020591106 	 1.7300831
0.023300963 	 1.2973416
0.021939846 	 1.5875729
0.027149966 	 2.586058
0.029775618 	 1.9633725
0.05775735 	 1.3229357
0.050099604 	 1.7597904
0.032333996 	 2.3476672
0.043292075 	 1.812368
0.03631039 	 1.9026093
0.031233724 	 1.8773717
0.03240621 	 1.5494734
0.05636949 	 1.918078
0.048337463 	 1.8850994
0.037673272 	 2.436108
0.039160676 	 1.9554018
0.027149843 	 1.4326665
0.03405673 	 1.5992765
0.030159418 	 2.179792
0.0115564475 	 2.16985
0.015706638 	 2.3775148
0.22745208 	 1.6067915
0.28412366 	 2.2949283
0.25948977 	 1.8360395
0.1918892 	 1.9108005
0.20626159 	 1.691763
0.12576163 	 2.2456944
0.09799839 	 2.9821374
0.09472908 	 2.7892447
0.11572795 	 2.2204247
0.10683313 	 1.9415638
0.11408073 	 1.6676964
0.124836035 	 2.812836
0.15413955 	 2.4302866
0.12496583 	 2.598583
0.13619733 	 2.1562274
0.13883102 	 2.8366444
0.103273645 	 2.4315727
0.10757359 	 1.6337116
0.07783402 	 2.0452354
0.09410468 	 2.8797095
0.08662532 	 2.4324358
0.08274046 	 2.381578
0.109071255 	 2.4885213
0.27880198 	 2.1983745
0.25092295 	 2.2433867
0.17174351 	 2.7510781
0.13834122 	 2.058868
0.11611294 	 3.0244408
0.28433362 	 1.6438231
0.2903313 	 1.9141529
0.44403234 	 1.727501
0.4259937 	 1.654607
0.21009913 	 2.0441976
0.13355128 	 2.689853
0.1737574 	 3.2970939
0.17914602 	 3.0179121
0.15177707 	 2.0671315
0.14015873 	 1.7815634
0.1452168 	 2.6535385
0.11058221 	 2.1767192
0.10621093 	 2.5842237
0.11823783 	 2.259513
0.11190051 	 2.1310458
0.10943107 	 1.2107384
0.08988137 	 1.700548
0.06862451 	 3.2303255
0.047049627 	 1.7316663
0.05601565 	 1.4383968
0.049683522 	 2.0501018
0.06565564 	 2.5685778
0.06377346 	 2.8173196
0.07225573 	 2.1836145
0.09211777 	 2.2840006
0.113215685 	 1.6738831
0.114768215 	 2.835745
0.12520394 	 2.1982858
0.13070522 	 2.3756676
0.14673384 	 2.4448888
0.157117 	 2.360262
0.20974436 	 2.069282
0.23869003 	 1.8694183
0.22878154 	 1.7909583
0.22728965 	 2.0941787
0.25236216 	 1.6767333
0.22784531 	 1.776096
0.25065488 	 1.9345533
0.22969426 	 1.7594823
0.16205199 	 1.655978
0.15123041 	 2.0033898
0.09741215 	 2.4597104
0.08408978 	 1.5999503
0.058618315 	 3.0268028
0.05236689 	 2.6060886
0.05348734 	 1.5404568
0.04834278 	 2.8798463
0.044334672 	 2.856853
0.04860424 	 1.913172
0.043005306 	 1.9730366
0.05775773 	 3.0826564
0.06912443 	 1.2062268
0.112031974 	 2.719139
0.11228309 	 2.678755
0.10199828 	 2.1425707
0.14390066 	 2.4716988
0.25249228 	 2.0551221
0.25989974 	 1.8079418
0.24586013 	 2.1017778
0.2657336 	 1.7169067
0.25220352 	 1.7801254
0.27684015 	 1.589045
0.28586665 	 1.747276
0.25900775 	 1.7764348
0.20430882 	 1.779176
0.21874398 	 1.5944686
0.2196706 	 1.7658851
0.23236963 	 2.056408
0.14662597 	 1.822801
0.15715006 	 1.7815641
0.12472846 	 3.00079
0.11637552 	 3.2331057
0.08609397 	 1.6744713
0.06589849 	 2.835672
0.06999447 	 3.982284
0.07202907 	 1.9730337
0.068705976 	 2.0366652
0.15564373 	 2.240637
0.15104648 	 2.4449205
0.14382653 	 1.2777042
0.10974286 	 2.7248464
0.09866609 	 1.9551806
0.099126495 	 2.0915225
0.103337556 	 2.671553
0.07548183 	 1.7597195
Summary
0.0025532627  -  0.44403234 ,  0.9753078  -  4.3600187
accuracy:  100.0
equal predictions:  0
TensorFlow version: 1.13.1
Found 939 images belonging to 1 classes.
argN = 784
argN = 784
0.10476666 	 2.2778568
0.13202211 	 2.4539819
0.12004306 	 1.7292254
0.105945766 	 2.8564754
0.1086079 	 2.2689378
0.063178234 	 2.976877
0.03901496 	 2.6389353
0.01154499 	 3.2970278
0.030092953 	 1.7513356
0.015423555 	 2.4894557
0.04802998 	 2.045401
0.041348416 	 2.6406999
0.050631978 	 2.6715028
0.040410828 	 2.597268
0.021124734 	 2.3874438
0.06551454 	 2.196675
0.07685813 	 3.2979789
0.069994666 	 2.4991813
0.035040285 	 2.7930102
0.049682394 	 2.2429183
0.04228769 	 2.7123845
0.02693655 	 1.8419789
0.0063969814 	 2.5509143
0.0076814713 	 2.4577227
0.00511408 	 2.7734122
0.00511408 	 2.7488499
0.0128361145 	 1.5823624
0.09171532 	 2.2789204
0.15699439 	 2.8217895
0.15084803 	 2.2228413
0.13737677 	 2.6514232
0.04223434 	 2.7890458
0.15158631 	 2.3913567
0.18478788 	 1.8267539
0.17215514 	 3.0266883
0.122397736 	 2.244427
0.21142077 	 2.4786723
0.23144446 	 1.9857394
0.10062479 	 2.6791425
0.26933807 	 2.6556396
0.34015572 	 2.4450119
0.09354637 	 2.3645833
0.12482206 	 2.599708
0.08086 	 2.4876144
0.05769244 	 3.2580714
0.018017527 	 3.3685427
0.0128361145 	 3.1032834
0.02816249 	 2.3589437
0.03467121 	 2.5208142
0.052357346 	 2.15279
0.04433336 	 2.3422008
0.048198096 	 2.5692096
0.03591137 	 2.4759493
0.0176733 	 3.089749
0.018897712 	 1.9857433
0.0261775 	 2.7982078
0.02211582 	 2.7890825
0.02451824 	 2.5369904
0.032406088 	 2.807164
0.038720492 	 1.8957288
0.07815183 	 3.0213563
0.019317038 	 2.1757205
0.0076600886 	 2.494604
0.014123104 	 2.7514966
0.00511408 	 1.659492
0.001275339 	 2.0321007
0.0038328813 	 2.6023517
0.12107919 	 1.964798
0.1609241 	 2.3518085
0.109965056 	 2.406047
0.045661062 	 2.753303
0.06296366 	 3.0994344
0.06832758 	 3.3068757
0.07426046 	 2.3481724
0.11062029 	 2.1771197
0.020618 	 2.652913
0.07685794 	 2.2576077
0.046817243 	 2.5463283
0.039804846 	 1.9248967
0.035701573 	 2.4877522
0.035780028 	 1.9017779
0.035058312 	 3.6060636
0.011544931 	 2.752856
0.0065670596 	 2.4021719
0.012924205 	 2.6028032
0.025840178 	 2.8599694
0.007688319 	 3.1636848
0.008500783 	 1.9711196
0.0076814713 	 2.639135
0.0025532627 	 2.5055187
0.011545172 	 2.2597
0.020576138 	 2.9267235
0.019640677 	 1.0260653
0.023981148 	 1.3589611
0.011544207 	 1.8106897
0.016723942 	 1.5672334
0.021921203 	 0.9962195
0.01424317 	 1.3774735
0.018016858 	 2.051349
0.018017465 	 0.62635607
0.015423252 	 0.86352557
0.014984317 	 1.851811
0.011420666 	 1.9636663
0.0063969814 	 1.3365753
0.007570239 	 1.4076251
0.015390627 	 1.3072796
0.0128191495 	 1.2943106
0.021921203 	 1.3708993
0.015423252 	 1.0669664
0.013099262 	 1.6665285
0.022164874 	 1.4706126
0.01900189 	 1.8215191
0.0193171 	 2.4593658
0.0128361145 	 1.4923409
0.018012913 	 1.6545216
0.016658485 	 1.167247
0.0076180454 	 0.8403565
0.013154762 	 1.2783129
0.016514678 	 1.4934478
0.0128361145 	 1.2907647
0.0076814713 	 1.79234
0.014128968 	 1.3560193
0.006410359 	 1.5829476
0.016230943 	 1.7361165
0.0038328813 	 2.0205612
0.007681411 	 1.634784
0.0063969814 	 1.8286637
0.0076809307 	 1.5230634
0.0024788082 	 1.7085704
0.010255472 	 1.5826269
0.0038328813 	 1.5645888
0.00511408 	 1.7279704
0.00405818 	 1.1237112
0.00511408 	 1.4607426
0.010255472 	 2.9482133
0.0076814713 	 1.7396947
0.00511408 	 2.1118882
0.0038328813 	 1.2786877
0.0025532627 	 0.9889488
0.001275339 	 1.5207747
0.0076608695 	 1.2943414
0.007681411 	 1.736727
0.00511408 	 1.1089023
0.0038328215 	 2.4708543
0.003815111 	 1.3561583
0.0025532627 	 1.6261379
0.0038328813 	 0.9852456
0.005121329 	 1.9012893
0.005113121 	 1.9744446
0.0025532627 	 1.7769501
0.00511408 	 2.134931
0.001275339 	 1.1994716
0.009149318 	 1.1300845
0.00511408 	 1.43873
0.0025532627 	 1.1556633
0.006395002 	 1.2426671
0.0063964417 	 1.549698
0.008946745 	 1.03964
0.010255411 	 2.1879888
0.009265599 	 1.1802512
0.0128361145 	 1.5273422
0.011543001 	 1.8036067
0.008963464 	 2.360282
0.024513597 	 1.7004722
0.01799228 	 1.3662903
0.030099772 	 1.5594118
0.0217809 	 1.0980946
0.026066942 	 2.1744213
0.025616584 	 1.1102809
0.012836175 	 2.2336369
0.019711921 	 1.8707712
0.016753701 	 1.2938485
0.018015038 	 1.5315137
0.026961103 	 1.540943
0.018017465 	 1.0029452
0.015409452 	 1.6233269
0.024362547 	 1.2130581
0.015899625 	 1.2991974
0.016960349 	 1.2873602
0.015422889 	 2.072868
0.0128361145 	 1.5165935
0.021921264 	 0.81817776
0.020446671 	 1.5260062
0.020611975 	 1.4107519
0.020616174 	 2.0006638
0.015423434 	 1.530218
0.019323967 	 1.3950648
0.016988115 	 1.5990314
0.02061952 	 1.5560522
0.023955692 	 1.5814867
0.020708969 	 1.738654
0.014865857 	 0.76868373
0.014037205 	 1.6720284
0.01671964 	 1.4496444
0.011042544 	 1.0369107
0.16156925 	 1.7122582
0.15100406 	 2.0101094
0.15448159 	 2.0143867
0.15833822 	 2.3101408
0.15192915 	 1.6730007
0.05911028 	 1.1872536
0.08486159 	 2.3091888
0.053668514 	 1.2716455
0.06085808 	 1.7870193
0.051530812 	 1.7084898
0.047928363 	 2.4579606
0.04637424 	 0.9810625
0.045674287 	 1.9900422
0.06051291 	 2.9664233
0.05630435 	 1.6362398
0.05776108 	 1.5892273
0.06453795 	 1.5743244
0.070172966 	 2.4681172
0.06973688 	 2.4275792
0.059109963 	 2.4744887
0.059514552 	 2.679172
0.058082305 	 2.793127
0.04834253 	 2.5997899
0.027161356 	 1.4847558
0.049556054 	 2.950852
0.047004957 	 2.0010111
0.0495424 	 0.8502737
0.05327565 	 2.6019142
0.055910952 	 2.63973
0.05638374 	 2.6622407
0.083759375 	 2.1568208
0.09416139 	 2.3458688
0.17477088 	 1.9050848
0.053712036 	 2.5208104
0.07410819 	 1.1920174
0.064535215 	 1.3150748
0.06258794 	 1.5703018
0.07566793 	 1.696571
0.11046577 	 2.282272
0.075009435 	 2.299103
0.1036782 	 1.8686192
0.10880466 	 1.2638412
0.09711528 	 1.946594
0.09072333 	 2.621344
0.097596854 	 1.5706689
0.09633113 	 1.9822706
0.076184504 	 2.1323793
0.0672623 	 1.1840979
0.036366574 	 2.6754084
0.055054586 	 2.3820412
0.047048878 	 1.2537735
0.061820053 	 2.1537943
0.059110027 	 1.4548962
0.054679245 	 3.138033
0.047009267 	 2.8587441
0.051008627 	 1.6471225
0.06177326 	 1.5760442
0.03901558 	 2.5868583
0.0401587 	 2.8069527
0.028461408 	 2.4899752
0.028326869 	 1.5523914
0.020599077 	 2.4955008
0.036365896 	 1.9007257
0.04034275 	 1.3658423
0.053701345 	 1.4033703
0.06206451 	 2.4580936
0.07410755 	 2.533685
0.08461474 	 1.0926106
0.095172934 	 1.5680326
0.07547489 	 2.2455473
0.1380156 	 2.6548398
0.16599034 	 1.6683248
0.15599577 	 1.8360773
0.061875217 	 0.8887269
0.06187921 	 1.1295834
0.039582387 	 2.6548254
0.04834278 	 1.2531968
0.036591783 	 2.4611378
0.03240738 	 2.292413
0.03645262 	 3.0964043
0.03769017 	 2.1101267
0.035042264 	 1.8763974
0.071393065 	 2.326361
0.097152196 	 2.4341855
0.090727635 	 2.4973981
0.15877134 	 1.3963311
0.14821462 	 2.2103488
0.1963999 	 1.8769778
0.19895524 	 2.0601432
0.21239069 	 1.5502177
0.2099267 	 1.5778167
0.21820365 	 2.0007854
0.18699142 	 1.2831097
0.14901122 	 2.1210313
0.19745168 	 1.4655141
0.16679157 	 1.4167548
0.106234 	 2.1058538
0.10471894 	 2.6130776
0.115735315 	 2.3805935
0.07963405 	 2.552308
0.09633008 	 2.7519896
0.051023744 	 2.7132108
0.039011303 	 1.8768458
0.035352197 	 2.7529233
0.031089528 	 1.7891765
0.041672677 	 2.4302886
0.052377883 	 2.793086
0.037789825 	 2.2496715
0.0573031 	 1.9474226
0.08294346 	 2.3794928
0.06590454 	 2.6355686
0.09363832 	 2.107198
0.096491806 	 2.4813743
0.11900418 	 2.6393185
0.10479267 	 2.0516694
0.09214032 	 2.4295282
0.068037435 	 2.846328
0.05505868 	 2.5868037
Summary
0.001275339  -  0.34015572 ,  0.62635607  -  3.6060636
accuracy:  100.0
equal predictions:  0
TensorFlow version: 1.13.1
Found 939 images belonging to 1 classes.
argN = 784
argN = 784
0.15223116 	 2.6055956
0.23223549 	 2.878411
0.4283953 	 2.709286
0.41291425 	 2.9999325
0.42617878 	 2.6198227
0.28938782 	 2.3689597
0.061952643 	 2.814216
0.039590884 	 3.7045891
0.028461408 	 2.4846869
0.03900771 	 2.732122
0.05388891 	 2.537479
0.09911379 	 1.95177
0.04307612 	 2.5214586
0.103123896 	 2.2790875
0.07273413 	 2.4286754
0.09068358 	 2.4026737
0.17170537 	 2.8020887
0.21681415 	 2.6447477
0.2575566 	 1.8836716
0.24643712 	 2.308127
0.14617676 	 2.4752889
0.07489026 	 2.331955
0.055106167 	 2.5217917
0.07275676 	 2.1726387
0.09482456 	 2.1987603
0.018017465 	 2.9732037
0.01154499 	 2.140453
0.014308529 	 3.1885223
0.021921203 	 2.6039505
0.03126681 	 2.3302004
0.04242362 	 2.52948
0.06429174 	 3.0317683
0.12790789 	 2.1565177
0.14950149 	 2.5848367
0.06355253 	 3.000827
0.26283228 	 2.0186012
0.119009614 	 2.4591708
0.09069278 	 2.0212498
0.09071497 	 3.1091077
0.23292029 	 2.397323
0.42452866 	 3.2633262
0.04481779 	 2.7725728
0.17072088 	 2.0998049
0.16635913 	 2.4989202
0.18334134 	 2.5700004
0.15039478 	 3.406283
0.1015975 	 3.4457407
0.029775187 	 5.2778373
0.02084632 	 3.840971
0.0349164 	 2.7451215
0.046700697 	 2.401284
0.042650383 	 2.2069044
0.08259085 	 2.0873415
0.03901019 	 3.5290325
0.03346161 	 2.1229854
0.13352893 	 2.9487252
0.03240603 	 3.297065
0.038855817 	 3.620138
0.02975038 	 2.9568079
0.0047767223 	 2.4015524
0.001342303 	 3.4337652
0.0038328813 	 3.1379943
0.0012780844 	 3.1958086
0.0025532627 	 2.657502
0.0063969814 	 2.5406485
0.010255472 	 2.6391265
0.014107023 	 2.665883
0.025844032 	 2.7249546
0.048346095 	 2.715171
0.057749648 	 2.7577367
0.2310852 	 2.433614
0.28368947 	 2.6217425
0.2041226 	 2.7129261
0.17813303 	 1.7147644
0.069986224 	 2.3065631
0.08026156 	 2.7619002
0.10361823 	 2.3410766
0.239222 	 2.6357532
0.22371203 	 3.022862
0.12194259 	 2.5510557
0.13777928 	 1.9613798
0.19359568 	 2.2905774
0.18416835 	 2.2210712
0.057605114 	 1.9088824
0.04421667 	 2.5205991
0.04161209 	 2.603923
0.036366574 	 3.0808702
0.025374638 	 2.6860988
0.02715854 	 2.9670057
0.027792878 	 2.571153
0.015031996 	 2.1894977
0.023225924 	 2.8356392
0.024623249 	 2.4513786
0.008967673 	 2.7674713
0.005115158 	 3.0226157
0.031915575 	 2.088195
0.015403943 	 2.8763502
0.03371403 	 1.4468745
0.025837181 	 2.3441699
0.01681783 	 1.8604943
0.027141513 	 0.95570105
0.031012978 	 1.0050163
0.035092264 	 2.0038605
0.015488386 	 2.136664
0.008842767 	 1.5690542
0.0183558 	 1.9705442
0.014150066 	 0.8898285
0.014128968 	 1.2762192
0.012835631 	 1.2557154
0.011544327 	 1.4230136
0.006470049 	 1.4469463
0.014145351 	 1.6583772
0.008922388 	 2.1170754
0.015423434 	 1.4061145
0.02577865 	 1.8734957
0.0076814713 	 1.1419793
0.011550478 	 0.9599318
0.014433817 	 1.7043145
0.02666588 	 1.2303894
0.024518544 	 2.1647418
0.026182394 	 1.226929
0.020618243 	 1.9828951
0.01752037 	 1.8254313
0.029225264 	 2.0822885
0.021928696 	 2.9877346
0.023225803 	 1.5467416
0.028525434 	 1.563664
0.018017465 	 2.3877332
0.016383493 	 1.5292804
0.012154777 	 1.2899677
0.021920959 	 1.6471249
0.01810298 	 1.4046491
0.0128361145 	 1.641694
0.017909689 	 1.250967
0.020625362 	 2.2625449
0.005744654 	 1.7217532
0.0076815314 	 2.2449086
0.0025532627 	 1.5411438
0.0063969814 	 1.1734675
0.0038328813 	 1.6807972
0.00511408 	 1.5265834
0.00511408 	 2.694084
0.0063969814 	 1.7086806
0.010255472 	 1.613916
0.0063969814 	 2.1314375
0.0076814713 	 1.439515
0.008967673 	 1.7421318
0.010255472 	 2.868894
0.0076814713 	 1.8769163
0.0128361145 	 0.9979211
0.008967673 	 1.3900023
0.010255472 	 1.6664783
0.013609994 	 2.290432
0.016802981 	 1.8998125
0.015142307 	 2.0104427
0.01154499 	 1.434966
0.00511408 	 1.1996071
0.008978018 	 1.3500563
0.0077148075 	 2.1836948
0.0128361145 	 1.5682545
0.010249631 	 1.7001505
0.00511408 	 1.6459215
0.010255472 	 1.6808724
0.0025532627 	 2.4899366
0.006396562 	 1.6069999
0.007430254 	 1.2511226
0.011530761 	 1.1728569
0.008967553 	 1.279993
0.009015006 	 1.4528652
0.008967252 	 1.2848698
0.010042559 	 2.0200794
0.0052538 	 2.2118173
0.010255472 	 1.4165056
0.0063969814 	 1.4222562
0.014128968 	 2.506124
0.0075897574 	 2.121029
0.0128361145 	 2.517699
0.00511408 	 1.7076664
0.012916054 	 1.7543482
0.0076814713 	 1.2869354
0.00858735 	 0.9898406
0.016719578 	 1.1673847
0.0128329145 	 1.4550205
0.01154499 	 1.8435768
0.020642886 	 1.5366973
0.034853075 	 1.6055175
0.02190183 	 1.8256507
0.021914197 	 1.6804944
0.029129772 	 1.7525244
0.017551307 	 2.688551
0.023225863 	 2.1151972
0.028178247 	 1.4292578
0.023221958 	 2.2255785
0.02877164 	 1.028121
0.027204597 	 1.4655244
0.027149966 	 2.118541
0.03372451 	 1.4714535
0.027140718 	 1.3028479
0.024110708 	 1.3711591
0.018009698 	 1.5215032
0.0153862685 	 2.2824373
0.019174064 	 1.1302524
0.01154499 	 1.3174242
0.016718851 	 1.5006884
0.01671964 	 2.1105163
0.012653498 	 1.3371446
0.012833941 	 1.138594
0.23397417 	 1.3457311
0.2060595 	 1.4982343
0.21893701 	 2.1717653
0.17169483 	 2.294939
0.14077456 	 2.0922778
0.11332756 	 1.9822762
0.1069768 	 2.2824368
0.11075818 	 2.89852
0.10906853 	 2.9447217
0.09336594 	 2.0492773
0.092221625 	 2.1036916
0.07821957 	 1.9236143
0.06559161 	 1.8929609
0.060391463 	 2.3336463
0.064542085 	 2.2322264
0.05908075 	 2.2217863
0.06839479 	 2.675468
0.06725694 	 2.4157543
0.06862739 	 3.4455013
0.062077574 	 2.029513
0.067259744 	 3.0806715
0.080998436 	 3.1677332
0.06987654 	 1.3513736
0.08535327 	 3.1082056
0.07722921 	 3.1086807
0.060060825 	 1.8391483
0.1860785 	 1.7379899
0.29781893 	 2.2789938
0.305349 	 2.222681
0.10941066 	 2.6976547
0.114776775 	 1.8425393
0.09503298 	 2.8576128
0.11762244 	 2.495694
0.114796095 	 2.9507768
0.11338611 	 2.2597234
0.088855684 	 3.1090105
0.08569251 	 2.3484976
0.120491296 	 3.7739942
0.13168053 	 3.4452062
0.1616178 	 2.5478802
0.12766792 	 3.4802358
0.121892825 	 2.6570446
0.09769753 	 1.9197325
0.10055236 	 2.4404738
0.070000224 	 2.4895988
0.07866627 	 2.3908174
0.039014775 	 3.3670485
0.03504504 	 3.2631876
0.042960882 	 2.6218476
0.032406274 	 3.4464102
0.056407325 	 2.7127142
0.04834278 	 1.82023
0.0738439 	 2.3134043
0.07136106 	 2.2003992
0.12156309 	 2.1986876
0.19360493 	 2.0199895
0.2202106 	 2.052959
0.20815559 	 1.7704545
0.22596765 	 1.2605528
0.20886207 	 2.1004875
0.20611033 	 2.1966424
0.1364306 	 1.8133304
0.12404611 	 2.1339889
0.08227375 	 2.9267457
0.036366574 	 2.603936
0.026943529 	 3.0238092
0.0392301 	 2.0495896
0.06040052 	 2.5573401
0.043083277 	 3.445253
0.048159506 	 2.6941297
0.043004002 	 3.0267818
0.031081226 	 1.3761071
0.056682196 	 2.198492
0.061553847 	 3.0528865
0.11047057 	 1.0251199
0.13897504 	 2.7174745
0.14960505 	 2.4136174
0.1410564 	 2.0108888
0.22571191 	 2.1453092
0.22891529 	 1.9118872
0.24277739 	 2.236
0.24858092 	 1.8111444
0.19465046 	 1.6248413
0.18255678 	 2.0995815
0.19736266 	 1.9921598
0.15092199 	 1.5311625
0.14809214 	 2.200721
0.09908049 	 2.6039522
0.06453617 	 3.0065758
0.08099869 	 3.4863229
0.07136323 	 1.2410852
0.06615835 	 1.3914741
0.06515065 	 2.3215086
0.055056285 	 3.1678774
0.057467986 	 2.2542963
0.07823659 	 2.3600004
0.09733337 	 1.4767197
0.11255928 	 1.8937329
0.10600302 	 2.7793467
0.11033897 	 2.4745893
0.09508804 	 2.3732402
0.10345765 	 2.2737942
0.06737719 	 2.561824
0.06588468 	 2.748364
0.07220313 	 1.774075
0.06591842 	 1.7598445
Summary
0.0012780844  -  0.4283953 ,  0.8898285  -  5.2778373
accuracy:  100.0
equal predictions:  0
