TensorFlow version: 1.13.1
Found 939 images belonging to 1 classes.
argN = 784
argN = 784
0.3404824 	 2.6356733
0.29801822 	 3.4863229
0.64712495 	 2.7143152
0.49820226 	 2.566686
0.44100755 	 2.6165605
0.42579824 	 2.2455215
0.33985442 	 2.7632127
0.27606547 	 3.262736
0.21767348 	 3.0498543
0.24150184 	 2.5042882
0.12018999 	 2.70195
0.10005012 	 3.3499508
0.12072874 	 2.5932243
0.09987905 	 1.8443447
0.17724957 	 1.7548898
0.2284776 	 1.8092409
0.15458538 	 2.1012576
0.12587674 	 2.5614843
0.115406804 	 2.4439926
0.11536533 	 2.9446843
0.115544215 	 2.7725499
0.17647532 	 2.3693852
0.22169812 	 2.6565402
0.12775744 	 2.571947
0.3977518 	 2.1978235
0.2929795 	 2.3258026
0.18103851 	 2.7268732
0.11046751 	 2.504901
0.10338541 	 2.950321
0.07359853 	 3.0266256
0.043920293 	 4.0002136
0.081445344 	 3.823749
0.15509239 	 3.7126186
0.23253153 	 2.3815799
0.21886371 	 3.009946
0.20382388 	 2.5719516
0.39231133 	 1.6861994
0.29867285 	 2.0944757
0.2546422 	 1.9690098
0.27768052 	 1.8979356
0.3891124 	 2.5445905
0.48795566 	 3.0503614
0.541951 	 2.8415287
0.5900363 	 1.9760214
0.23740639 	 2.3085046
0.16358906 	 2.7917008
0.3157805 	 2.4736667
0.19775091 	 2.7653425
0.19028814 	 2.4133296
0.06703728 	 3.3978944
0.083770394 	 3.0663395
0.12183533 	 2.77145
0.08236999 	 3.2989278
0.12152203 	 2.0568
0.09068606 	 2.6273475
0.055195983 	 3.2969391
0.06471179 	 2.9472294
0.08642606 	 2.700776
0.11879668 	 2.4127738
0.14804749 	 2.7045884
0.09701151 	 2.7895684
0.033808295 	 2.5459716
0.036181837 	 3.1987207
0.022521622 	 2.4611566
0.022667333 	 2.590506
0.013152649 	 2.4632893
0.008774758 	 2.6588347
0.055428997 	 2.6000354
0.107317686 	 3.4867885
0.13722648 	 2.209387
0.43408564 	 1.9894272
0.35908794 	 1.8145254
0.39917696 	 2.03595
0.34200287 	 1.9401947
0.3872601 	 1.987207
0.17036545 	 2.0791342
0.20614842 	 2.7395551
0.19751225 	 2.2869256
0.15752858 	 2.6241543
0.20373772 	 3.067885
0.29317352 	 2.6662166
0.18341888 	 1.9084418
0.35747927 	 2.1420202
0.3346219 	 2.2310393
0.19473417 	 2.5363824
0.080209315 	 2.6418054
0.0733325 	 2.858025
0.1132052 	 2.3768501
0.011778668 	 2.031155
0.14622691 	 2.0384262
0.06866991 	 2.2169225
0.09149682 	 3.3690448
0.086665034 	 2.3920748
0.084355436 	 2.2781065
0.05364336 	 2.748429
0.03830664 	 2.8816688
0.04956476 	 3.1352618
0.020797573 	 3.5373557
0.017941972 	 3.262873
0.04174091 	 2.5877173
0.05647777 	 1.5947646
0.030115865 	 1.9427838
0.05036466 	 1.5673672
0.06122973 	 1.8630669
0.047000147 	 2.0805328
0.047810376 	 2.525569
0.051073484 	 1.838743
0.036664553 	 1.3620355
0.037653964 	 1.7803425
0.043447692 	 1.9045035
0.029669942 	 1.5905477
0.019430619 	 1.7350918
0.021315724 	 2.1791065
0.021817818 	 1.4386237
0.03511313 	 1.5202
0.034267906 	 1.3368816
0.031923328 	 1.7558205
0.041542374 	 1.7195103
0.035611454 	 1.4129442
0.038075782 	 2.0799377
0.031084977 	 2.181739
0.055037644 	 2.5857105
0.046785515 	 2.8579493
0.038746145 	 1.3451631
0.032296687 	 1.1864182
0.031093707 	 2.3479574
0.029587364 	 1.9968346
0.036353596 	 1.4165393
0.0295687 	 2.035527
0.025046023 	 1.7534639
0.035943314 	 1.3662536
0.031089528 	 1.8165858
0.02714972 	 1.7740272
0.021915477 	 1.9184172
0.023223728 	 2.2574272
0.026094718 	 1.5614532
0.015443652 	 1.6536067
0.018053636 	 1.2275599
0.017682582 	 1.5947943
0.028975263 	 1.96034
0.024540108 	 2.851299
0.030084537 	 2.247019
0.032391988 	 2.418508
0.021674119 	 1.3601773
0.021988893 	 2.1994014
0.025841707 	 1.9825575
0.019316979 	 2.183043
0.028948266 	 1.5336843
0.016798798 	 1.5132589
0.015425129 	 1.8928114
0.01269195 	 2.1751451
0.0102861235 	 1.3812381
0.012835993 	 2.129973
0.02061806 	 1.3767366
0.0128361145 	 1.8503492
0.015423434 	 2.4716642
0.010800904 	 2.3683147
0.0128361145 	 2.4303894
0.018015826 	 1.4332628
0.013632532 	 2.3233058
0.0091482345 	 1.7644796
0.015425129 	 2.095864
0.014534689 	 1.7264322
0.015420105 	 1.2617024
0.021921203 	 1.574488
0.016725093 	 1.5575117
0.025826355 	 2.4952478
0.03504473 	 1.4994742
0.054218836 	 1.8437079
0.06362309 	 1.6470448
0.048908453 	 1.9459904
0.062302243 	 1.5210233
0.0550384 	 1.5438985
0.08266148 	 1.2073398
0.07810942 	 1.6353377
0.08235834 	 1.2307215
0.09066198 	 1.0112256
0.059277613 	 1.8779246
0.04922015 	 1.1735779
0.08369022 	 1.8014421
0.073785946 	 1.661578
0.06384843 	 1.9189284
0.079561695 	 1.0760052
0.06294582 	 1.2825079
0.057296097 	 1.4258637
0.061610326 	 1.5749853
0.053706314 	 2.3184779
0.06591218 	 1.7848579
0.041444335 	 1.7439511
0.040774457 	 1.4121559
0.04234701 	 1.6713015
0.037922114 	 2.12195
0.05593131 	 1.6554323
0.04827128 	 2.0980196
0.029810436 	 1.2922615
0.36999837 	 1.4172788
0.35961676 	 1.4601831
0.35417673 	 1.5061259
0.3691078 	 1.5117072
0.3920738 	 1.5999197
0.3741837 	 1.5539416
0.21896304 	 1.4470584
0.20556669 	 2.245194
0.22622918 	 1.9355748
0.21252994 	 1.8518953
0.17402288 	 1.9226078
0.20225535 	 2.2286627
0.20737685 	 1.9508467
0.22677086 	 2.355543
0.22924177 	 2.6027339
0.25679135 	 1.859818
0.24949493 	 2.3624718
0.2625239 	 2.3807695
0.2173798 	 2.2160378
0.22908765 	 1.9363234
0.22270346 	 2.1462793
0.24002285 	 2.686412
0.21302626 	 2.069475
0.1868373 	 1.799393
0.15328397 	 2.4153686
0.15742315 	 2.1036515
0.1316965 	 1.8363694
0.15039319 	 2.8142288
0.16061442 	 2.9203851
0.17215373 	 2.7028675
0.18128328 	 2.4583993
0.1605086 	 2.621295
0.25431955 	 2.1879473
0.48478624 	 1.8662215
0.41891757 	 2.0600543
0.32520127 	 2.230966
0.26754814 	 2.3704245
0.24569575 	 2.3866298
0.2139095 	 2.291065
0.23005544 	 1.6400441
0.19980787 	 2.2385914
0.19051498 	 2.5696788
0.2390793 	 1.8308911
0.2447291 	 2.2888074
0.2535584 	 2.3293283
0.25906768 	 2.9337173
0.26922455 	 1.7002928
0.19508785 	 2.6211638
0.2142902 	 1.4616256
0.15417862 	 2.1288607
0.19431308 	 2.1637156
0.19335215 	 1.1963388
0.1644443 	 3.3685427
0.18842399 	 2.8625464
0.18582746 	 2.9239402
0.18129772 	 2.3205633
0.15370704 	 2.9374146
0.17305835 	 3.3140154
0.12481719 	 1.7597426
0.120939866 	 2.8663676
0.120473884 	 2.2522023
0.15423663 	 1.8112489
0.18483327 	 2.4793577
0.21046115 	 1.7087115
0.21853793 	 1.4772712
0.20727286 	 2.4401708
0.22817788 	 2.4849336
0.22033504 	 2.5135481
0.28392673 	 1.6081365
0.25584364 	 2.429659
0.28298047 	 1.8384267
0.27228665 	 1.4819106
0.3303529 	 1.6196897
0.3573844 	 1.5270461
0.3345552 	 1.2400386
0.2720908 	 1.4384639
0.1873625 	 2.71306
0.15365964 	 1.531563
0.11663028 	 2.5904026
0.12244523 	 3.0302384
0.12332404 	 2.686882
0.15710807 	 2.2551525
0.16003242 	 1.3314856
0.1885284 	 1.3086098
0.32893103 	 1.8493695
0.32689524 	 1.8917971
0.34565455 	 1.7209593
0.35128304 	 1.5871389
0.44980457 	 1.2870183
0.44059834 	 1.2110362
0.48191473 	 1.2147576
0.5094468 	 0.99595726
0.5535939 	 0.98266053
0.6071694 	 1.008694
0.51354384 	 0.9492991
0.45599648 	 1.0498878
0.48285806 	 0.95610493
0.47738102 	 0.8791049
0.3625402 	 1.1785778
0.34319502 	 1.2115477
0.32957077 	 1.0092369
0.20795992 	 2.621344
0.13791296 	 2.2217333
0.14660512 	 2.1308591
0.1525529 	 2.1211019
0.15320955 	 2.849105
0.21513917 	 2.488889
0.24275194 	 2.207978
0.2667021 	 2.1722112
0.2981364 	 2.1334407
0.26026288 	 2.46067
0.24308844 	 2.1181676
0.23687908 	 2.4518468
0.2121855 	 2.297166
0.19222113 	 2.1246433
0.1751339 	 1.6553519
0.17135462 	 2.442667
0.17995031 	 2.708768
Summary
0.008774758  -  0.64712495 ,  0.8791049  -  4.0002136
accuracy:  100.0
equal predictions:  0
TensorFlow version: 1.13.1
Found 939 images belonging to 1 classes.
argN = 784
argN = 784
0.24980302 	 2.328633
0.26422006 	 2.5673888
0.51857275 	 2.605915
0.42875004 	 2.4452174
0.18987611 	 2.8285756
0.109625265 	 2.1959445
0.08785226 	 2.1269302
0.13320339 	 1.5151219
0.055704415 	 2.2514718
0.1789539 	 2.0494814
0.15444396 	 1.9880197
0.11830881 	 1.9485955
0.108807586 	 2.269335
0.20880727 	 2.5091732
0.16833842 	 2.0804856
0.13962044 	 2.341957
0.27457318 	 2.369899
0.10336353 	 2.306215
0.32099602 	 2.2814085
0.112913616 	 2.139286
0.08072332 	 2.2242362
0.12079209 	 2.2696607
0.01919126 	 3.0534282
0.02536235 	 3.0706666
0.02976745 	 2.294168
0.032553677 	 1.6941872
0.0654154 	 2.2523687
0.19803707 	 2.7307298
0.21242039 	 2.476482
0.32055128 	 2.1945927
0.39456236 	 2.3523436
0.16530344 	 2.15056
0.19918428 	 2.640913
0.2923895 	 2.0700161
0.3929037 	 2.3335078
0.20067865 	 2.5747702
0.48874825 	 2.8173337
0.5671736 	 2.2462766
0.2157537 	 2.8227427
0.115332484 	 2.9217181
0.049669176 	 2.540244
0.19974405 	 1.997976
0.24435544 	 2.5538857
0.25053403 	 2.226663
0.16753876 	 2.522794
0.13516842 	 2.769267
0.10778973 	 3.2538683
0.044393864 	 4.361746
0.031048208 	 3.0744898
0.03768992 	 2.2917824
0.07869845 	 1.8642762
0.05147766 	 2.2327693
0.058176115 	 3.2057788
0.09005895 	 2.5169868
0.09342523 	 2.3506434
0.12635857 	 2.627487
0.09919014 	 2.2042587
0.007849005 	 2.3545227
0.014129209 	 2.2945876
0.023225803 	 2.5854068
0.051071037 	 2.3008668
0.073247135 	 2.4765613
0.32356995 	 2.3672223
0.37502453 	 2.0027964
0.24930929 	 2.1267283
0.17050038 	 2.2898543
0.16696468 	 1.8854198
0.17232339 	 2.5357802
0.24592485 	 3.0019624
0.33335835 	 2.706039
0.19916762 	 1.8897166
0.23655032 	 2.5369642
0.25832176 	 2.242421
0.21975696 	 2.0502203
0.12586741 	 2.6379955
0.052780826 	 2.8601775
0.028463861 	 2.650076
0.032813195 	 2.7204943
0.116393 	 2.769385
0.11592056 	 2.472535
0.07014714 	 2.7325964
0.04090559 	 2.7259953
0.052367393 	 2.50139
0.01542416 	 1.9604675
0.02527163 	 2.7166553
0.030951068 	 2.504259
0.032835864 	 2.3940864
0.02846061 	 2.927113
0.015243612 	 2.5009618
0.016719094 	 2.339922
0.020043228 	 2.6218584
0.016727276 	 2.8357644
0.015430577 	 2.5676925
0.017985484 	 2.5813012
0.06471204 	 2.563412
0.03901527 	 2.527259
0.05631507 	 0.92958796
0.052381337 	 2.2040124
0.040117625 	 0.9634996
0.033247273 	 2.0965428
0.032242578 	 1.0286291
0.02298541 	 1.8317596
0.014136101 	 1.9897846
0.028125217 	 1.1055565
0.022976687 	 1.259483
0.015728436 	 1.9574683
0.03776364 	 1.3995266
0.034431133 	 2.7854178
0.03694908 	 1.6817265
0.03330187 	 0.9253491
0.03932439 	 1.8370543
0.03314875 	 2.014648
0.03262745 	 1.1264632
0.027149966 	 1.2101985
0.03788497 	 1.8803412
0.037804186 	 1.6316493
0.04306629 	 1.5161451
0.04448029 	 1.6150111
0.04404773 	 1.4766916
0.034230962 	 2.0284548
0.031200947 	 1.3790063
0.032427516 	 2.6358547
0.029503502 	 1.6703081
0.023153514 	 1.1212223
0.026384695 	 1.1463884
0.018014189 	 1.4975716
0.023225803 	 1.0960932
0.025767395 	 1.5268161
0.024948852 	 2.1562557
0.021855831 	 1.831226
0.023225559 	 1.493929
0.024532106 	 2.1451201
0.01539444 	 2.1135924
0.02640128 	 1.0812634
0.020553626 	 1.8174386
0.018017465 	 2.4687448
0.025821952 	 1.4322162
0.020618243 	 1.672995
0.02322501 	 1.4068848
0.0218933 	 1.8520936
0.019317038 	 1.7971088
0.025841953 	 2.2912295
0.0222942 	 1.8117654
0.0245318 	 1.6478559
0.01932822 	 1.794844
0.016725397 	 2.4498456
0.019311752 	 1.219728
0.01154499 	 1.0172107
0.0115509 	 1.5392872
0.016125478 	 1.6836556
0.011544749 	 1.3808699
0.015789472 	 1.7670965
0.012497591 	 2.0063531
0.011158141 	 1.6741717
0.016723638 	 2.344813
0.011541192 	 1.3225688
0.014129028 	 2.356422
0.02033997 	 1.8474125
0.015380155 	 2.345177
0.019359639 	 2.0727441
0.02711769 	 1.1724056
0.025523823 	 2.1727836
0.024532167 	 1.9951212
0.03273898 	 1.0981303
0.024533572 	 1.5773318
0.03269778 	 1.1766975
0.03241483 	 1.5814633
0.03611596 	 1.5974774
0.045589816 	 1.0724818
0.06506922 	 1.4338852
0.06949418 	 1.5817187
0.060960956 	 2.264105
0.053630468 	 1.8494979
0.05383425 	 2.0587857
0.058751933 	 1.7725257
0.05375619 	 1.1191155
0.04695098 	 1.5687615
0.057224773 	 1.4698968
0.056335624 	 1.8126875
0.06470187 	 1.881963
0.0577105 	 1.4571052
0.058897834 	 0.9488466
0.042597577 	 1.5318581
0.048125543 	 1.3555576
0.043785587 	 1.97242
0.053067647 	 1.7308393
0.049173005 	 1.1500267
0.033371937 	 1.5754728
0.03749145 	 1.4699597
0.028870286 	 1.985755
0.029250918 	 1.6023258
0.25369814 	 1.4750254
0.25654906 	 1.9761289
0.26674077 	 1.3016348
0.17671342 	 2.1152391
0.17933841 	 2.2359717
0.16283514 	 1.3695428
0.14787927 	 1.3719176
0.16408148 	 2.563627
0.1716859 	 1.6081747
0.15861401 	 2.6055381
0.16903517 	 2.5528493
0.16884638 	 2.656963
0.16864416 	 2.1555252
0.17815106 	 1.8511975
0.1740724 	 1.7714924
0.14793317 	 2.1205096
0.15455115 	 1.8302689
0.16002534 	 1.2253205
0.1343461 	 1.8516018
0.1262334 	 2.4017196
0.10334423 	 2.5372617
0.10301798 	 1.9386399
0.104292266 	 1.8958408
0.10071747 	 2.3971884
0.132719 	 2.4448237
0.119056076 	 2.7902486
0.104821995 	 1.6863626
0.111856714 	 2.6725705
0.14042386 	 2.1537187
0.4369073 	 1.8045018
0.16718948 	 1.5468276
0.17844698 	 2.2583818
0.17954181 	 2.2282848
0.15404303 	 1.8840046
0.28306156 	 1.7796456
0.39001077 	 0.7916949
0.49261686 	 1.5794917
0.4979144 	 1.6924895
0.39866862 	 1.7299594
0.16746779 	 3.3685808
0.19051686 	 1.4549005
0.22986099 	 2.2699158
0.20057076 	 2.666418
0.19514023 	 1.843541
0.16205052 	 1.9182829
0.12626801 	 2.5676677
0.1505998 	 2.3858936
0.14067891 	 2.129215
0.1298774 	 2.0994983
0.11918593 	 1.7442303
0.10214422 	 2.6389997
0.10020494 	 2.814385
0.07876249 	 2.9266388
0.07961456 	 1.2095249
0.08102758 	 3.268648
0.09352117 	 2.9031503
0.06870968 	 3.233951
0.096268974 	 2.4342651
0.100556314 	 2.4178429
0.12072867 	 2.1090028
0.18327239 	 1.919752
0.16611855 	 2.01064
0.17216726 	 2.1533055
0.17620173 	 2.0593474
0.18674764 	 1.9646873
0.19315943 	 2.164953
0.21139191 	 2.259675
0.28843027 	 1.5285009
0.27376574 	 1.5393125
0.29664493 	 1.6016341
0.27983865 	 1.4249754
0.32942593 	 1.7441621
0.31364438 	 1.7757295
0.27390504 	 1.5181477
0.20321612 	 1.8289796
0.14648256 	 2.1293223
0.12771323 	 0.9899837
0.1262434 	 1.2557869
0.07404997 	 2.4024413
0.06449446 	 2.2773333
0.068625346 	 2.0468328
0.0604009 	 1.5048296
0.07834978 	 2.4542303
0.06533319 	 2.7731805
0.075474374 	 2.4695983
0.07845137 	 2.2947013
0.09212849 	 1.8097888
0.11956231 	 1.9359404
0.14658904 	 2.4158504
0.17155026 	 0.8833251
0.17363012 	 1.8428171
0.35960105 	 1.7509984
0.3394274 	 1.4535431
0.3936257 	 1.2543932
0.36748087 	 1.1078684
0.32811263 	 1.0515678
0.35670015 	 1.1801767
0.2875636 	 1.1780943
0.28564838 	 1.4869986
0.26395622 	 1.0514785
0.27876306 	 1.3938755
0.24723391 	 1.3888322
0.24421138 	 1.5016787
0.18330075 	 2.6098664
0.15556274 	 2.6479654
0.13837448 	 2.880202
0.12774126 	 1.2048166
0.13149472 	 1.586246
0.11945228 	 1.6734594
0.11413344 	 2.5030334
0.108095296 	 2.1425688
0.11681636 	 1.5525149
0.12386192 	 1.9982198
0.1975997 	 2.3740492
0.20607194 	 2.1971722
0.22370525 	 1.7953683
0.22659068 	 2.1984787
0.1646208 	 1.1548
0.15685771 	 2.5670712
0.14446013 	 2.792261
0.12720555 	 1.796653
0.117833525 	 2.607108
Summary
0.007849005  -  0.5671736 ,  0.7916949  -  4.361746
accuracy:  100.0
equal predictions:  0
TensorFlow version: 1.13.1
Found 939 images belonging to 1 classes.
argN = 784
argN = 784
0.2471414 	 2.0298996
0.2834627 	 2.9582226
0.2234352 	 2.3311322
0.42024708 	 2.164528
0.11062022 	 2.8620405
0.09523567 	 2.6744776
0.068210036 	 1.552446
0.04299498 	 1.9404988
0.11158345 	 2.5405662
0.08773461 	 2.232602
0.09409911 	 2.3026385
0.06870521 	 3.9563148
0.043163743 	 2.1903605
0.060049873 	 2.330446
0.08369055 	 1.7800219
0.11565294 	 2.1853087
0.15111332 	 2.078576
0.22069603 	 2.7264688
0.05236689 	 3.2263212
0.067327835 	 2.604526
0.10762703 	 2.1469998
0.061335307 	 1.8950188
0.045666676 	 2.6005251
0.015322111 	 2.7971408
0.016987145 	 2.21705
0.039011676 	 2.235091
0.052363627 	 1.9382725
0.24711119 	 2.117338
0.25147152 	 1.9953027
0.26931122 	 1.881997
0.15719344 	 2.7740884
0.24890004 	 2.6735635
0.25263754 	 2.7843933
0.22525166 	 2.443799
0.23524544 	 2.1768646
0.30616793 	 2.331891
0.37072536 	 1.9455665
0.32645977 	 2.4287605
0.16029029 	 2.4037764
0.029769907 	 2.478219
0.15098846 	 2.2473562
0.043005433 	 3.4362547
0.09775616 	 1.9253991
0.07203849 	 1.734099
0.0867814 	 2.0946214
0.069828086 	 2.3349223
0.056407325 	 3.3657172
0.029700337 	 2.1076648
0.0471779 	 2.0668945
0.052580528 	 2.2625518
0.042938605 	 1.601622
0.069467604 	 2.6731548
0.06492572 	 2.8065758
0.06574374 	 2.4938922
0.032499675 	 1.98061
0.011766908 	 2.4113321
0.024518056 	 2.0758085
0.023225803 	 2.385185
0.010175564 	 1.6941063
0.0025532627 	 3.427871
0.00241135 	 3.0008368
0.0016766529 	 2.2540145
0.018017465 	 3.7727125
0.08606305 	 2.2915254
0.10987551 	 2.4599273
0.068624385 	 2.4149868
0.10915488 	 2.1983
0.10196666 	 1.8112354
0.22251728 	 3.2970858
0.02622027 	 1.6906476
0.19692521 	 1.5947702
0.172254 	 2.6387143
0.15894942 	 3.0527742
0.07104885 	 2.9019873
0.0652966 	 1.725493
0.094599284 	 2.3296692
-9.5367386e-07 	 2.1550598
0.06022059 	 2.444443
0.024728268 	 2.7361746
0.02313808 	 2.4592676
0.024569185 	 3.1310425
0.027215132 	 2.323374
0.015324894 	 2.4578617
0.008965809 	 1.9244434
0.0076814713 	 2.4067838
0.016790252 	 2.2759347
0.01154499 	 2.4126453
0.011422957 	 2.7928836
0.008967673 	 2.772547
0.019315582 	 2.1531787
0.033690847 	 2.4570365
0.03378758 	 1.5515256
0.029423699 	 1.1493243
0.025812471 	 1.2983168
0.024532167 	 1.5495402
0.017353635 	 1.2947551
0.020556182 	 1.5683763
0.015464173 	 1.457508
0.03081816 	 1.4551339
0.02570165 	 0.8454249
0.024809591 	 1.2290899
0.033700835 	 1.1997379
0.023225803 	 0.520419
0.014053768 	 0.98337275
0.017997013 	 1.0879484
0.010256014 	 1.4626619
0.019178377 	 1.5780429
0.02316492 	 1.2400938
0.010255472 	 1.3145877
0.026992394 	 1.5400546
0.021883857 	 1.7938972
0.019292612 	 0.9923049
0.026916893 	 1.0563161
0.015411872 	 1.0431803
0.018017465 	 1.5554111
0.02319652 	 1.438644
0.02323123 	 1.6818392
0.024122432 	 1.3161201
0.029818786 	 1.093449
0.025233362 	 1.3623346
0.02017915 	 1.851333
0.021921568 	 1.8824782
0.014128968 	 1.1917192
0.012028688 	 0.97210205
0.01154499 	 1.1800054
0.010255472 	 1.5268389
0.014128847 	 1.6214058
0.016706912 	 1.9725009
0.0128361145 	 1.122376
0.0128361145 	 0.94370365
0.008967613 	 1.5258535
0.010255472 	 1.2582039
0.01030136 	 0.95730287
0.010237647 	 1.089423
0.0076814713 	 1.2518635
0.010255472 	 1.2258857
0.014128908 	 1.4598831
0.008964847 	 2.3588107
0.010255472 	 1.4619688
0.011541011 	 1.2874843
0.01025493 	 1.3520788
0.0128361145 	 1.2097532
0.021920532 	 1.8767321
0.014128968 	 1.0728663
0.0076814713 	 1.1268855
0.008967673 	 1.3744526
0.01154499 	 1.1384577
0.0063969814 	 1.9022075
0.011751529 	 1.4213644
0.011542699 	 1.9612187
0.011534318 	 1.4202687
0.008966711 	 2.1981232
0.0076814713 	 1.1909491
0.0063969814 	 1.6028076
0.008803621 	 1.2482102
0.010254749 	 1.2577002
0.0063969814 	 1.3975136
0.00766135 	 0.81773424
0.010250413 	 1.7135869
0.0063969814 	 1.8255712
0.011496393 	 1.2780429
0.011501578 	 1.863539
0.018066078 	 1.6157147
0.0076814713 	 1.2420042
0.00511408 	 0.92569923
0.0025683814 	 2.012033
0.001275339 	 1.336474
0.0076762456 	 0.8037445
0.0025532627 	 1.476288
0.008967673 	 1.2282829
0.0038328813 	 1.1821169
0.0076814713 	 0.88291687
0.0038328813 	 1.6452695
0.0063969814 	 1.0398707
0.00511378 	 1.3747869
0.008986318 	 1.318364
0.008957389 	 0.75039804
0.007562491 	 1.0394148
0.0064282953 	 1.0679729
0.008967613 	 1.3113747
0.015418592 	 1.3773187
0.015498132 	 1.3967935
0.012195745 	 0.8072776
0.014161855 	 1.9562374
0.01927341 	 0.92571205
0.020447096 	 1.4631885
0.018533206 	 1.9941754
0.028851084 	 1.7671775
0.019314 	 1.3137842
0.04299255 	 1.0558938
0.01671964 	 2.2563987
0.037675563 	 1.4419396
0.042895366 	 0.8948426
0.022684893 	 1.69452
0.03901428 	 1.1837538
0.020618243 	 0.9949267
0.024533877 	 1.2579006
0.03667989 	 1.0953615
0.041978084 	 1.0988715
0.020784488 	 1.2837915
0.020590497 	 1.0330663
0.02561359 	 1.273076
0.020617513 	 1.9139961
0.01690009 	 1.4131047
0.022048546 	 1.2849581
0.0076627918 	 0.9229397
0.0063969814 	 0.81322765
0.012088714 	 0.90860355
0.20880191 	 1.428825
0.20291555 	 1.3517351
0.2256886 	 1.9368922
0.15200958 	 2.2461696
0.1372204 	 2.586316
0.14763695 	 2.7521932
0.13762695 	 2.3739288
0.12551662 	 2.365714
0.13473368 	 1.4882734
0.14219163 	 2.6525002
0.11905823 	 2.1757624
0.13942204 	 2.4585464
0.10927608 	 2.2456634
0.09850525 	 1.4795631
0.09641842 	 2.0636137
0.08663052 	 2.046714
0.09773526 	 2.5372505
0.08906657 	 2.770848
0.0836665 	 3.1431947
0.09618858 	 1.4279132
0.087370545 	 2.4515336
0.06348031 	 1.8127466
0.08792119 	 1.9986653
0.31694865 	 1.9844052
0.35624728 	 2.018847
0.24731185 	 2.069258
0.16339631 	 3.1649408
0.18639983 	 2.0492783
0.1283537 	 2.6232939
0.16444577 	 1.6050607
0.14780208 	 2.1552691
0.13515034 	 2.504149
0.14230564 	 2.6949368
0.20638093 	 1.7613056
0.22126871 	 1.9179935
0.14947872 	 2.1206377
0.1356549 	 2.5144427
0.1564039 	 2.475177
0.15098506 	 2.1433618
0.15837753 	 2.0832598
0.1363931 	 1.586214
0.12299545 	 2.3877318
0.109050974 	 1.4675064
0.102142766 	 2.0089927
0.10401484 	 1.0483319
0.097766675 	 2.8515468
0.07002113 	 1.7353392
0.072542936 	 1.8181012
0.090309694 	 1.7256907
0.09937603 	 2.15642
0.10210726 	 1.7133256
0.11762157 	 1.8581289
0.121151514 	 2.1054332
0.23880672 	 1.8411275
0.24677807 	 0.97321165
0.34034175 	 1.2848737
0.11128954 	 1.7183805
0.10481359 	 2.647192
0.10317921 	 1.3077483
0.067250185 	 2.8798378
0.04832001 	 2.352858
0.048469026 	 2.6754637
0.055057105 	 2.3231938
0.060171343 	 1.8580261
0.0625064 	 2.459815
0.057713907 	 2.7222304
0.06438709 	 1.6451138
0.081002116 	 2.2947378
0.09949612 	 1.9547415
0.08513213 	 2.2993917
0.101393655 	 2.3948772
0.1133825 	 2.7511873
0.14002214 	 2.125689
0.16566677 	 2.170088
0.16839442 	 2.2213788
0.23195328 	 1.9909688
0.27073786 	 1.4995252
0.27716827 	 1.5496889
0.38473833 	 1.2689416
0.41376457 	 1.0430609
0.4316476 	 1.2377943
0.35722125 	 1.0599343
0.35571834 	 1.0999016
0.37926584 	 1.1026695
0.29228076 	 0.9503385
0.2525701 	 1.2969835
0.21832488 	 1.7362921
0.20321831 	 1.5574822
0.19167835 	 1.3263721
0.16487402 	 2.1758702
0.114238076 	 2.6203592
0.107629545 	 2.2572203
0.08249245 	 3.6207702
0.087402284 	 2.528361
0.10608388 	 2.6564672
0.08779636 	 2.3713064
0.1053575 	 1.9191453
0.15410422 	 1.9022326
0.13564663 	 2.293414
0.16438164 	 2.835751
0.17216888 	 2.7523417
0.15282184 	 2.5204198
0.13469249 	 2.752312
0.111216724 	 1.9372259
0.12458141 	 2.0423024
Summary
-9.5367386e-07  -  0.4316476 ,  0.520419  -  3.9563148
accuracy:  100.0
equal predictions:  0
TensorFlow version: 1.13.1
Found 939 images belonging to 1 classes.
argN = 784
argN = 784
0.16960408 	 1.8415977
0.20921718 	 2.0858
0.48612708 	 2.0933728
0.34881124 	 1.9403772
0.19540536 	 2.0061104
0.13561939 	 1.842936
0.0618198 	 2.6034367
0.053474266 	 1.2126607
0.04727313 	 1.8702259
0.036481615 	 1.9146732
0.064270444 	 2.2429755
0.061890434 	 2.3397257
0.06680479 	 2.4278698
0.060456365 	 1.9664555
0.06825744 	 1.6677234
0.059071455 	 2.1644924
0.11041665 	 1.5022358
0.1516423 	 1.608895
0.1251326 	 2.5075548
0.15628313 	 2.5870073
0.46643516 	 2.0801094
0.2374899 	 2.1634147
0.112071715 	 1.7996677
0.025840178 	 1.3080333
0.023225803 	 1.9983742
0.030772181 	 1.7175759
0.013298027 	 1.828716
0.010253003 	 1.8273762
0.5211245 	 1.6870816
0.48866928 	 1.8086079
0.6104097 	 1.5815818
0.55471545 	 1.5241504
0.52483183 	 1.6759386
0.2919422 	 1.724131
0.26037258 	 1.4516865
0.3933272 	 1.351914
0.34606782 	 2.213075
0.27459082 	 1.7619827
0.5471977 	 1.962502
0.16866109 	 2.7106323
0.07384941 	 2.0555177
0.04301931 	 2.7880225
0.05041236 	 2.786948
0.03240658 	 2.180933
0.028461408 	 1.9023201
0.03503973 	 1.9534531
0.047951125 	 1.2726212
0.046928994 	 1.8925879
0.060127474 	 1.7455243
0.053832676 	 2.1100268
0.05290751 	 2.4724452
0.061865453 	 1.7666706
0.0463291 	 1.4973645
0.058017686 	 2.1234176
0.05133227 	 1.9155544
0.045564737 	 1.3306376
0.14511114 	 1.93179
0.035128996 	 2.8264456
0.033658363 	 1.5850555
0.03766108 	 2.400335
0.0140764965 	 2.326591
0.001275339 	 2.694291
0.0038328813 	 2.2561562
0.0076817116 	 2.7300386
0.004780076 	 1.7967827
0.01671964 	 2.094572
0.04429492 	 1.906292
0.32856968 	 1.6326886
0.37619454 	 1.1980671
0.34263742 	 2.0196567
0.21355133 	 1.46099
0.11912228 	 1.568199
0.10104086 	 1.7775017
0.12658787 	 1.9118782
0.17557457 	 1.932343
0.24105246 	 1.5426415
0.13200851 	 3.1069643
0.024504129 	 2.4780285
0.18806438 	 1.3134258
0.07591123 	 1.9992201
0.08374972 	 1.679209
0.07179081 	 1.9831039
0.08122584 	 1.709263
0.08881503 	 2.3173835
0.08719949 	 1.6239169
0.073804304 	 1.5496817
0.05517148 	 2.041885
0.056464337 	 2.5649264
0.025868377 	 2.6612744
0.035769835 	 2.1335123
0.0245172 	 2.0314612
0.022035629 	 2.6125534
0.017878074 	 1.8671886
0.005114799 	 2.5185375
0.0076814713 	 2.3565648
0.033291332 	 1.7849168
0.039892927 	 1.5149052
0.043304525 	 2.2460299
0.039678015 	 1.969971
0.041143622 	 0.71740806
0.034965225 	 1.192649
0.040496916 	 1.2017477
0.03257098 	 1.5248367
0.035111956 	 1.3046956
0.021996023 	 1.4473696
0.023893666 	 1.6399629
0.021263057 	 0.7160852
0.036306065 	 1.7691562
0.022675626 	 0.8408775
0.022668248 	 1.3252552
0.011418858 	 1.5364517
0.025060263 	 0.89509684
0.029294554 	 0.8970766
0.019544698 	 0.85685986
0.02742089 	 1.2556431
0.014415434 	 1.1822536
0.02072126 	 1.0121936
0.024520926 	 1.0119284
0.024532227 	 1.3233258
0.02198079 	 1.9186913
0.020442411 	 0.716352
0.017753202 	 1.2215122
0.029912317 	 1.3228025
0.023220861 	 1.9432157
0.019559408 	 0.8671736
0.01671964 	 0.8203885
0.019316128 	 1.0366075
0.01477947 	 1.6335528
0.010170385 	 0.94508773
0.010255472 	 1.0365158
0.01672073 	 1.2485502
0.020609358 	 1.0689265
0.01586892 	 1.4921321
0.012835933 	 1.6671932
0.0076808105 	 1.2266681
0.011544931 	 0.9288827
0.012836054 	 0.8477737
0.010255472 	 1.0278072
0.0076806303 	 1.1912442
0.016702002 	 1.1341594
0.010840791 	 1.2068352
0.0167177 	 1.6257122
0.014109865 	 1.4276246
0.0115440255 	 0.7854527
0.015423434 	 0.98560506
0.023225803 	 1.0268009
0.012963936 	 1.3343862
0.02147289 	 2.214695
0.0050782543 	 1.0930595
0.002560314 	 0.9052269
0.0038291118 	 1.8413683
0.004237977 	 1.5033557
0.00839 	 0.9383311
0.006581639 	 1.295423
0.009383217 	 1.2478516
0.0053708283 	 1.2046199
0.0038328813 	 0.8287703
0.008928342 	 1.9368669
0.010255411 	 1.1194879
0.012836175 	 1.0555513
0.0025532627 	 1.0050454
0.008140768 	 1.2592778
0.010281246 	 0.92608243
0.015422102 	 0.753715
0.010254448 	 0.9930055
0.010199228 	 1.7191691
0.010653117 	 0.90488917
0.0038328215 	 0.9510812
0.011544931 	 1.848371
0.015428882 	 1.0061759
0.0063969814 	 1.7971365
0.010253184 	 1.029616
0.008960336 	 0.8634834
0.010525651 	 1.9759389
0.007856454 	 1.1515201
0.012333501 	 0.8558323
0.016719578 	 1.3499268
0.009560605 	 0.7672835
0.021793572 	 1.1829183
0.021920899 	 1.6938394
0.023187919 	 1.4931309
0.043009415 	 1.0420325
0.04347577 	 0.8588787
0.022487301 	 1.3994586
0.03692867 	 0.98085964
0.043512188 	 1.3354784
0.03806086 	 1.7139004
0.03862304 	 1.0621468
0.03837873 	 1.4071568
0.037561376 	 1.2719841
0.052702036 	 1.3652866
0.042832963 	 0.98000973
0.04964932 	 1.0179647
0.04236946 	 1.9560051
0.052392267 	 0.94352204
0.02322812 	 0.9234416
0.02224922 	 1.224345
0.024630457 	 1.1488043
0.02463852 	 0.7724176
0.031087928 	 0.80115396
0.020618243 	 0.87883806
0.025088133 	 1.3795977
0.2873593 	 1.1097282
0.29117632 	 2.0041165
0.29126135 	 1.5897161
0.22807933 	 1.6254051
0.23452632 	 1.9390637
0.22504151 	 1.5623296
0.23809966 	 1.719182
0.24535799 	 2.2356226
0.155717 	 0.92416644
0.15922804 	 1.8719941
0.15862268 	 2.1643233
0.14516006 	 1.454979
0.15046808 	 2.200045
0.12883788 	 1.5748972
0.14898314 	 1.8275585
0.13496463 	 3.0586436
0.09636972 	 2.2682211
0.09175883 	 2.038241
0.09908595 	 1.9064063
0.095154576 	 0.9278521
0.10879828 	 2.9068825
0.105497845 	 1.922274
0.10845038 	 1.1805886
0.10448864 	 2.4186606
0.11772027 	 1.8297735
0.09795316 	 1.1774973
0.12777825 	 2.054231
0.2308232 	 1.5329309
0.25704157 	 2.0457866
0.22457209 	 1.1915531
0.21059197 	 2.0373352
0.20456834 	 1.6742992
0.13937202 	 1.203873
0.13588257 	 1.5085046
0.15415804 	 2.2451077
0.16939901 	 1.0674348
0.18324998 	 2.2723186
0.14118572 	 2.069281
0.13641803 	 2.2546353
0.13543831 	 3.05347
0.16439575 	 2.975507
0.16144666 	 2.040804
0.14604011 	 2.7934132
0.15161648 	 1.99694
0.124624416 	 1.6876585
0.10695637 	 2.3123493
0.09773592 	 2.4159064
0.107629746 	 1.2721192
0.13028763 	 2.0593176
0.12508106 	 2.1642776
0.10348925 	 1.4346402
0.090358235 	 1.4380561
0.06550601 	 2.058161
0.07959352 	 2.4628615
0.08653686 	 1.5351701
0.070011474 	 2.0104997
0.07427009 	 1.7443708
0.07899306 	 1.9012251
0.13792473 	 1.991477
0.13201389 	 1.2014277
0.24546358 	 1.9742248
0.23468776 	 1.8700186
0.24493772 	 1.590496
0.26598015 	 1.664753
0.25657555 	 1.2394294
0.22871988 	 1.8598375
0.1735712 	 1.5059471
0.16592665 	 1.6873811
0.084235206 	 2.593422
0.08793576 	 2.4903874
0.05781242 	 2.33384
0.06181206 	 1.1546954
0.06303374 	 2.4159024
0.06457457 	 2.4776485
0.06960013 	 2.1179953
0.06317792 	 1.6470002
0.07097609 	 1.2193637
0.0873857 	 2.7483015
0.06311944 	 2.5603828
0.10439786 	 1.2499232
0.23811108 	 2.3043091
0.22130196 	 2.000869
0.25726944 	 1.283501
0.28640553 	 1.8757954
0.2942884 	 1.8616499
0.3472006 	 1.4234928
0.3401429 	 1.6372713
0.34529132 	 1.511955
0.30698785 	 1.5164373
0.2793334 	 1.4588971
0.2425272 	 1.913963
0.2573628 	 1.5299739
0.22465149 	 1.8165077
0.22545612 	 2.092985
0.21885006 	 1.9353254
0.13893881 	 2.5870073
0.09739388 	 1.885205
0.091940284 	 1.963815
0.0959401 	 1.2224425
0.08934021 	 2.3718379
0.10367356 	 1.2776864
0.0832918 	 2.5003276
0.08644042 	 1.8067703
0.11053774 	 1.8686069
0.10628219 	 1.1672382
0.15067962 	 2.2017734
0.1175798 	 1.5738584
0.1320058 	 2.188582
0.11332436 	 1.5564634
0.09492614 	 1.7892042
0.09875569 	 1.3782603
Summary
0.001275339  -  0.6104097 ,  0.7160852  -  3.1069643
accuracy:  100.0
equal predictions:  0
