TensorFlow version: 1.13.1
Found 939 images belonging to 1 classes.
argN = 49
argN = 49
0.62542796 	 3.8052855
0.7270076 	 3.0602584
0.0971095 	 4.334446
0.111212865 	 2.920583
0.12665397 	 4.550426
0.15138921 	 2.664189
0.18063378 	 1.3018795
0.12235948 	 2.67597
0.12354374 	 2.2897596
0.17018814 	 1.9116807
0.15488666 	 1.7672564
0.0808569 	 3.60739
0.07045913 	 1.4118251
0.04596064 	 2.8307767
0.27558136 	 2.8547046
0.32474482 	 4.164887
0.34924507 	 3.2211776
0.72503114 	 1.4867926
0.28689528 	 2.5486376
0.25462136 	 1.6979066
0.17212272 	 3.852948
0.09211568 	 3.1859267
0.049805176 	 3.5299168
0.03275844 	 2.0779746
0.039350804 	 4.5831833
0.035849467 	 3.4676743
0.00067262613 	 2.3525822
0.02107847 	 1.8209839
0.29715216 	 0.56618196
0.14452761 	 3.0662527
0.28937668 	 1.4628677
0.5966771 	 3.654072
0.63484967 	 3.2575169
0.3152634 	 1.4716659
0.17679586 	 5.363765
0.31789935 	 4.5317097
0.46228555 	 1.0721263
0.27918655 	 1.0564613
0.3829926 	 3.5169706
0.21457449 	 4.0316377
0.16667046 	 2.3120236
0.21120916 	 2.4620132
0.007982078 	 3.2247984
0.00793077 	 2.880289
0.00029323823 	 2.3328447
0.00040104086 	 2.2728431
0.16150704 	 2.3988895
0.10251391 	 3.546236
0.19410375 	 2.4340522
0.191359 	 5.3414874
0.30029824 	 3.4254205
0.36098632 	 2.7519298
0.31498435 	 1.8355881
0.2328622 	 1.4475532
0.28710407 	 1.1740746
0.102708936 	 3.8212993
0.31348753 	 2.1307633
0.2858177 	 1.3685588
0.01671964 	 3.6103148
0.0017340905 	 1.6087672
0.002113727 	 2.0158653
0.0149188535 	 1.4268298
0.000180678 	 3.0405977
0.000283341 	 3.0400543
0.000462162 	 2.3138177
0.0012639997 	 2.3751848
0.081236765 	 2.042063
0.17888781 	 1.2203969
0.10357823 	 2.946773
0.13353772 	 2.0927176
0.07595786 	 3.1779006
0.27218345 	 1.731429
0.10637805 	 2.3300674
0.26414523 	 3.4560106
0.18804409 	 1.0810397
0.23055145 	 1.1317236
0.19165228 	 1.9577726
0.29290387 	 2.4784484
0.1545385 	 1.7410396
0.072080314 	 2.4798317
0.02150535 	 2.729834
0.13269034 	 2.1579134
0.002004306 	 3.7929258
0.09672224 	 2.3978086
0.043195356 	 2.9811914
0.036136042 	 2.5345445
0.103972584 	 0.6424671
0.053681284 	 1.4205687
0.078879476 	 2.334068
0.09827546 	 2.1077914
0.09817229 	 3.8681345
0.009923779 	 3.3554103
0.006694382 	 2.4039347
0.008407011 	 1.9018669
0.021671986 	 1.621801
1.2099816e-05 	 1.328695
0.019052008 	 2.0961301
1.8418004e-05 	 4.681802
0.0005823877 	 3.0440824
0.004085052 	 3.6824713
0.005122527 	 2.2380738
0.0012314747 	 3.2297528
0.0008267004 	 2.3490195
0.00036979598 	 1.1603677
0.026930487 	 1.9134531
0.014041134 	 3.021046
0.022570271 	 1.6968936
0.020623293 	 2.6108053
0.027550528 	 3.283422
0.045273576 	 0.94146526
0.025673518 	 1.7700293
0.0023956362 	 2.7579715
0.00025436535 	 2.0223327
5.227464e-05 	 2.7985277
3.123332e-05 	 2.2464378
0.00061882805 	 2.1273854
7.409132e-05 	 2.0355525
0.0022423952 	 2.4283226
8.523501e-06 	 3.0144167
5.662457e-06 	 1.8377109
0.0007733712 	 1.5237187
0.0040535717 	 2.3581564
6.9737675e-06 	 2.1160743
0.009459391 	 4.649192
0.0037075381 	 1.3117758
-9.5367386e-07 	 1.403359
0.00011897795 	 2.8169718
0.019093744 	 1.6185429
0.004819185 	 2.7430007
0.03002078 	 3.0749466
0.046225533 	 2.0329227
0.020417044 	 1.840076
0.0045407233 	 1.0357485
0.019742196 	 2.4163766
0.0001593359 	 3.4677086
0.009580703 	 1.9381276
2.9802328e-07 	 1.6374968
0.011638153 	 1.4588033
0.0031015642 	 2.247283
0.005206106 	 1.6419421
0.021517409 	 3.5141559
0.03838765 	 2.0038595
0.00015623598 	 0.9483561
0.00023606226 	 2.1451023
0.0018293891 	 1.2527107
0.04650642 	 1.1417379
0.020114744 	 1.810102
0.023733372 	 1.8817528
0.0017570186 	 1.0241302
0.0024232399 	 2.0775318
0.0047924137 	 1.8565129
0.0033660494 	 3.1823287
0.003651004 	 2.0192802
9.477183e-06 	 2.73396
0.0006136989 	 1.6228622
0.020663818 	 1.9730216
0.00045274015 	 4.28656
0.0033214954 	 1.361407
1.3470741e-05 	 2.4555004
0.0004175581 	 1.1181954
4.053124e-06 	 3.117554
3.7074777e-05 	 1.8414273
1.0728893e-05 	 2.4892373
0.00012636984 	 4.0188155
0.040159382 	 1.1662124
0.029325366 	 2.6779037
0.028890962 	 1.2546616
0.04061485 	 2.9265344
0.049183145 	 2.2156835
0.02280721 	 3.3508754
0.03380774 	 3.7189374
0.041778445 	 2.7289965
0.020439735 	 1.5668241
0.010696312 	 0.81736326
0.00013328486 	 2.1750345
0.005905388 	 3.1912756
0.001986568 	 2.661906
0.03931429 	 2.2686617
0.006891098 	 2.654138
0.0031077825 	 4.348835
0.00059443497 	 2.2195027
0.0009532941 	 1.3065834
0.00020172246 	 3.325396
0.00029586162 	 1.5820358
0.0060738833 	 2.7663467
0.000111884176 	 1.3651288
0.0009864664 	 4.6016083
0.0017155214 	 2.8004234
0.0226916 	 1.4107999
0.0011525833 	 1.8265905
0.0001748357 	 2.8624766
0.00020225902 	 3.1767929
0.0001227335 	 1.576652
0.0007110978 	 1.5993769
0.0070260847 	 1.0425385
0.005585025 	 0.99334955
0.0006681528 	 2.6757858
0.00027278805 	 2.299911
0.00021907107 	 1.998839
0.009877247 	 1.3806858
0.00081393454 	 2.908533
0.00034964236 	 3.484889
0.15126799 	 1.9362134
0.020909922 	 1.8884037
0.045262598 	 4.2042193
0.06681059 	 2.4976501
0.064232185 	 2.62811
0.058509737 	 1.9539274
0.04211273 	 1.5858582
0.0015308647 	 1.6328079
-9.5367386e-07 	 3.0969396
0.018502725 	 3.1844296
0.01964013 	 4.7837105
0.0002963386 	 4.7862363
0.062769815 	 1.3929666
0.020655908 	 3.8226447
-7.152555e-07 	 1.882815
5.900877e-06 	 5.439323
0.010610044 	 2.1684928
0.0061036274 	 2.2497437
0.0032134373 	 2.6931505
0.00017704147 	 3.527232
0.021043953 	 2.4662635
0.01426415 	 3.8789084
2.795497e-05 	 2.5069778
0.0143686915 	 1.9950556
0.00019254154 	 1.9270158
1.7643131e-05 	 3.0502055
-1.1920928e-07 	 1.567079
-9.5367386e-07 	 1.6805396
1.8477457e-06 	 1.61271
0.0004065267 	 1.6047617
0.019339705 	 1.208052
0.05128377 	 2.014694
0.018809093 	 1.7380031
0.030302927 	 3.4919384
0.026899198 	 2.7931523
0.02049966 	 3.7256477
0.023159796 	 3.8854601
1.3113031e-06 	 2.563983
2.920632e-06 	 1.5452545
0.12190226 	 2.2272415
0.07504676 	 2.511499
0.024941398 	 3.3046327
0.019945934 	 3.8578877
0.08044352 	 2.7924788
0.009250138 	 5.6443963
0.0903904 	 2.8741457
0.054241993 	 3.1495697
0.043183908 	 1.1831886
0.06663428 	 2.3965178
0.0030198947 	 2.7703247
0.027078802 	 2.570435
0.04662132 	 1.8751448
0.0011459596 	 2.0279293
0.0001310792 	 2.1500452
0.013312041 	 2.5582478
0.00091684156 	 1.2602637
0.00031124428 	 2.6372488
0.038530856 	 2.3341455
3.7550997e-06 	 8.140426
0.01641894 	 2.3567157
0.028396774 	 1.7465308
0.06072234 	 2.6672554
0.0053169564 	 1.9633241
0.0030674846 	 4.9264913
0.031770602 	 1.8751394
0.063118935 	 3.381345
0.12827563 	 1.4833193
0.009467213 	 1.7495008
0.07825973 	 2.692016
0.07734531 	 0.98015684
0.099609174 	 2.3324854
0.10674393 	 5.116667
0.044382088 	 2.4430723
0.020919234 	 2.253645
0.020331759 	 3.030653
0.0081649255 	 3.4645984
0.02542569 	 2.2347329
0.034138013 	 3.0588949
0.0006387485 	 2.9948113
0.028991155 	 5.7265024
0.011375812 	 3.361587
0.004526892 	 2.4709663
0.0024981084 	 1.3540534
0.021231944 	 2.1363318
0.21533771 	 2.452499
0.16226943 	 2.0228872
0.18296023 	 3.2867959
0.17682602 	 2.979149
0.2132688 	 1.7691352
0.19683486 	 1.2473456
0.33567494 	 1.2409604
0.1816456 	 1.4678822
0.34276482 	 1.2076522
0.09956486 	 1.9049155
0.10641676 	 2.242825
0.12931503 	 2.6979213
9.6266136e-05 	 2.9210465
0.024426373 	 3.120969
0.11702955 	 1.2588395
0.023266371 	 1.1611339
0.08808989 	 1.8572263
0.08461805 	 1.9805591
0.09219555 	 1.8055458
0.04876012 	 3.9709127
0.09511374 	 1.9178978
0.023072386 	 3.5705633
0.063621 	 3.2215078
0.090659104 	 1.987171
0.0106304055 	 3.0901394
0.011729697 	 1.7685148
0.085003115 	 1.359631
Summary
-9.5367386e-07  -  0.7270076 ,  0.56618196  -  8.140426
accuracy:  100.0
equal predictions:  0
TensorFlow version: 1.13.1
Found 939 images belonging to 1 classes.
argN = 49
argN = 49
0.5054037 	 4.149468
0.48477444 	 2.1563663
0.35098666 	 1.9986987
0.69420654 	 3.3870497
0.5560267 	 1.474112
0.23706877 	 3.6829667
0.1750168 	 1.5529041
0.109766275 	 3.3468316
0.18635301 	 2.5787282
0.17088626 	 3.186463
0.16293678 	 2.7762778
0.05184992 	 2.7485807
0.039845847 	 2.142084
0.06992326 	 2.8599153
0.17879765 	 2.0960681
0.26097953 	 1.3354623
0.4409592 	 1.0629685
0.649254 	 3.3953917
0.5606838 	 1.763312
0.7891337 	 1.9828583
0.50869036 	 1.110663
0.6251289 	 2.9647553
0.53980017 	 2.5316212
0.4997104 	 2.020684
0.4093844 	 0.8204709
0.1827061 	 1.7298179
0.11392094 	 2.3527615
0.2772496 	 1.590063
0.509127 	 2.2930586
0.27294284 	 3.4841077
0.115966946 	 2.366281
0.12001672 	 1.7705067
0.02541389 	 1.9910016
0.00049949245 	 2.351956
0.0012847686 	 3.5850844
0.011601129 	 1.8209987
0.098199844 	 2.9353778
0.20012747 	 2.1967704
0.39698744 	 1.7824056
0.32082242 	 1.3456423
0.6627201 	 2.6568077
0.4082018 	 1.7403481
0.19160435 	 1.963288
0.09107569 	 3.2218409
0.46375594 	 8.739434
0.19370128 	 3.8147721
0.2778619 	 2.0444477
0.36278012 	 4.3361845
0.2691257 	 0.86176896
0.114365906 	 2.1813488
0.1459663 	 2.1959114
0.15677 	 2.3399363
0.18991762 	 2.7831106
0.15715243 	 0.6595196
0.10239128 	 3.067771
0.004537071 	 3.346574
0.03141177 	 3.7737658
8.845721e-05 	 4.5026984
2.3961355e-05 	 2.2701857
0.20930381 	 1.4966929
0.0904467 	 1.4064494
0.3234324 	 2.2035334
0.41871044 	 3.6630998
0.34188372 	 1.117244
0.191015 	 2.105039
0.25575334 	 2.2309911
0.23659442 	 2.055926
0.4626494 	 1.4991004
0.41518638 	 1.5149603
0.17763057 	 1.4248599
0.17595494 	 1.2895288
0.045603853 	 1.5379697
0.057819366 	 2.740409
0.055990376 	 1.4961411
0.30697554 	 1.5485549
0.10651529 	 5.6728706
0.092558764 	 1.630981
0.09309951 	 2.2162335
0.11826487 	 2.092742
0.10396862 	 2.8996997
0.34674314 	 3.6081836
0.1111204 	 3.1957197
0.13601293 	 2.2657437
0.10362748 	 1.1989152
0.19963801 	 2.8805707
0.13907346 	 3.500664
0.22996075 	 3.4339812
0.11481883 	 2.940943
0.01841912 	 4.829767
0.067302905 	 2.2917192
2.3841887e-06 	 1.5884522
0.250991 	 2.2054381
0.24581052 	 1.4059194
0.31684184 	 1.8158569
0.16496097 	 3.019438
0.015126452 	 1.8403579
0.00056974427 	 1.7439067
3.9578266e-05 	 2.7772844
4.2915435e-06 	 6.4779153
1.001363e-05 	 3.1370506
0.00023916243 	 3.762988
0.0011593264 	 5.521969
0.08456888 	 2.7197948
0.02975345 	 3.3725712
0.04175949 	 2.089286
0.025905322 	 2.1086168
0.016843835 	 1.9125532
0.044791296 	 1.1793149
0.0006844359 	 1.7640854
0.0003107673 	 1.8343782
0.0010026951 	 1.4040153
1.2934292e-05 	 3.0501273
1.7643131e-05 	 2.2275336
0.00012714478 	 1.8415312
0.0001763857 	 1.7831374
0.0008435826 	 1.4170597
0.00029091298 	 0.5898819
0.012318536 	 3.8539598
0.00023856624 	 3.1081896
-4.7683704e-07 	 2.3897095
0.0029174883 	 0.7159396
0.014532511 	 2.4907413
0.021416621 	 2.378446
1.3828373e-05 	 1.6244982
0.022032946 	 3.8835378
0.026487758 	 1.8118541
0.0047095874 	 2.087765
0.0030593534 	 1.4562325
0.029711511 	 2.229525
0.040768623 	 2.0620303
0.0049522156 	 2.3306754
0.00048685 	 2.239988
0.02344514 	 0.9883004
0.021321509 	 3.2101195
0.060102854 	 1.8279946
0.042908307 	 2.3546126
0.027296228 	 1.6512864
0.018554762 	 2.9318278
3.8088092e-05 	 1.4868912
5.0486407e-05 	 3.1050677
0.00037927667 	 2.0940843
0.01904897 	 1.8864061
0.0044704317 	 2.0557208
0.0017590488 	 0.5764272
0.003656747 	 2.0924945
0.0025242213 	 2.9120529
0.00023373713 	 1.407033
0.008532343 	 2.617928
4.768373e-07 	 6.9926453
6.097741e-05 	 3.8305852
0.018156756 	 2.0298347
0.036735166 	 3.0779772
1.180179e-05 	 2.2878923
0.003169368 	 2.6026244
1.7285496e-05 	 1.1740986
2.3782535e-05 	 1.4366994
0.002012787 	 2.429887
0.014337673 	 3.2919476
2.586875e-05 	 3.0329628
2.3603718e-05 	 0.94945884
8.523501e-06 	 3.7863624
0.005855684 	 2.774243
0.0012591657 	 3.147324
6.0796924e-06 	 3.2048628
0.017529225 	 3.2930048
0.003470954 	 2.549022
0.02041601 	 3.7604547
0.022267748 	 2.3571997
0.01967788 	 0.94466794
0.019284103 	 4.3382816
0.030261027 	 2.107461
2.8133789e-05 	 2.312371
0.012477191 	 2.7029245
0.0026715887 	 2.7313437
7.7727476e-05 	 3.0736146
0.019544395 	 2.4795284
0.0014269992 	 2.6059256
0.020806396 	 1.3920985
7.8323574e-05 	 1.2516328
0.00041827364 	 1.6728806
1.4364822e-05 	 2.0877123
0.00044302022 	 2.1283302
0.00025430575 	 2.4517915
0.00021632866 	 2.4563718
5.12017e-05 	 2.0968785
6.2944484e-05 	 2.8806536
0.00013370215 	 1.1655359
0.011230653 	 2.149484
1.2576659e-05 	 2.463101
0.00015647443 	 1.5435022
0.00014461133 	 3.0379207
0.021697508 	 4.4764633
0.0034329742 	 1.8650194
0.0059967074 	 1.910697
0.0002821486 	 1.5114602
0.00047873988 	 1.7163663
0.00027988298 	 1.193442
0.000995237 	 1.3203188
0.0013282176 	 2.359991
0.0015979653 	 1.6963553
0.00039161957 	 2.6057093
0.00042167254 	 1.2206817
0.108931996 	 2.3560061
0.15445001 	 2.7664528
0.10437106 	 3.6499083
0.04127648 	 2.1757808
0.01991693 	 2.1636975
0.0 	 2.137314
0.0008183489 	 2.0631227
0.0029911385 	 2.6756403
0.0029614866 	 2.6012416
0.020174224 	 2.6076045
0.009452532 	 2.039587
0.0011777062 	 4.2937765
0.019310052 	 3.1759188
0.021117551 	 3.8201513
0.00018121453 	 3.51414
0.0051734527 	 2.502555
-8.344647e-07 	 3.1904614
-9.5367386e-07 	 1.3780109
-5.960463e-07 	 2.0921855
-9.5367386e-07 	 3.6863332
2.8372213e-05 	 3.5433195
0.0021360666 	 0.9627227
5.203621e-05 	 3.623346
1.889485e-05 	 2.6197484
0.00016774154 	 2.7356846
0.00055137574 	 2.032171
0.020727163 	 4.63069
3.0696865e-05 	 3.1546001
0.0019282801 	 7.7003164
0.0061516045 	 2.3355978
3.933984e-05 	 1.8930662
0.007007297 	 2.9673905
0.2550169 	 2.4004765
0.0611995 	 2.3829987
0.047518246 	 4.74706
0.027747406 	 2.562208
0.0001833607 	 9.043279
0.0118119 	 2.0583417
0.020064512 	 3.131056
0.0206037 	 2.7436066
-9.5367386e-07 	 2.554693
0.022669528 	 1.0548267
0.043795675 	 2.1087952
0.03688049 	 1.977584
0.00305475 	 8.25215
0.04891565 	 2.3827424
0.08063235 	 2.2630508
0.07509348 	 1.7253426
0.032431085 	 2.063035
1.4543639e-05 	 8.910743
-9.5367386e-07 	 1.0452586
0.00041922773 	 1.9248375
0.020894766 	 1.7169619
0.013642563 	 4.6867886
0.007729524 	 1.6753151
3.9935194e-06 	 2.4757793
0.019372704 	 1.9541999
1.6629834e-05 	 3.3045387
0.019099273 	 1.6625876
0.092463434 	 2.1659057
0.114594415 	 2.483339
0.10684242 	 1.4825622
0.13827606 	 1.7792422
0.026718525 	 2.7796903
0.067730024 	 2.3508825
0.109923005 	 1.0799643
0.06600463 	 1.7795529
0.10910695 	 2.7124286
0.047830008 	 1.2730143
0.02114385 	 1.9243253
0.00013292719 	 2.5330603
0.025735836 	 0.9966687
0.012974322 	 2.665207
0.0009894496 	 3.761013
0.022763977 	 2.6830971
1.28150805e-05 	 2.6871219
5.36442e-07 	 3.821735
0.0008374978 	 3.1287603
0.00028536815 	 1.1520772
0.014827381 	 3.0280294
0.08920765 	 2.4867957
0.14430435 	 2.5678704
0.17438798 	 2.525899
0.16866723 	 2.9811444
0.34607133 	 1.3917509
0.3182799 	 1.953174
0.31952035 	 1.5173725
0.08787823 	 1.1913809
0.09089688 	 1.2842233
0.13090406 	 1.1829697
0.114050664 	 1.5657064
0.13484213 	 1.8512225
0.12855689 	 1.4903854
0.10176088 	 1.0735292
0.052211076 	 1.4192796
0.17701817 	 1.0506222
0.17917953 	 1.3396528
0.058744602 	 1.4996018
0.16472031 	 2.9002197
6.7949527e-06 	 3.2061436
2.1755932e-05 	 3.1651073
0.021041214 	 2.0877852
0.013695978 	 1.7383845
0.06317538 	 2.1578074
0.067177385 	 2.3943994
0.06562668 	 1.5219523
0.08424033 	 1.0705764
0.031178134 	 3.2010293
0.03805114 	 4.842238
0.06881228 	 1.3818295
0.025296632 	 1.8890538
Summary
-9.5367386e-07  -  0.7891337 ,  0.5764272  -  9.043279
accuracy:  100.0
equal predictions:  0
TensorFlow version: 1.13.1
Found 939 images belonging to 1 classes.
argN = 49
argN = 49
0.49473846 	 2.2756765
0.38423875 	 2.6458325
0.44809973 	 2.42311
0.6945726 	 2.3236978
0.374834 	 1.7664286
0.16919068 	 1.6341954
0.32565156 	 3.6501997
0.28929436 	 3.7643833
0.324882 	 2.7491171
0.05375015 	 3.1405237
0.15666626 	 1.8700055
0.13624139 	 1.1902754
0.27705464 	 2.1967506
0.70812404 	 3.352194
0.42357492 	 2.3603535
0.80635417 	 0.6843283
0.43265536 	 2.018554
0.30187476 	 1.4627092
0.26016173 	 1.5441946
0.02685444 	 3.4749146
0.35789624 	 2.8825583
0.016053217 	 3.2771127
0.08586253 	 2.3884726
0.36129528 	 1.6007111
0.0930861 	 0.59051126
0.33522072 	 2.5731447
0.40472203 	 1.0912802
0.27908096 	 2.9282568
0.13626857 	 1.6696917
0.41470203 	 2.4446251
0.4573063 	 1.6671007
0.43918785 	 2.9374652
0.01855039 	 4.4531593
0.3512634 	 2.330885
0.048036672 	 5.7858696
0.071995765 	 2.4425716
0.103168175 	 3.623183
0.0010785314 	 3.268147
0.038692612 	 2.1390955
4.7148387e-05 	 1.2886927
0.1393094 	 2.8888106
0.24627629 	 2.235466
0.28276378 	 3.0642066
0.12696353 	 1.7372735
0.4134233 	 1.7935771
0.040079717 	 2.0645761
0.051916778 	 2.057419
0.084484756 	 1.5447884
0.060968116 	 2.0478773
0.042264123 	 1.9322335
0.13908073 	 1.5225223
0.07544217 	 2.5262582
0.020127637 	 2.3073797
0.3166959 	 2.3306532
0.26982525 	 1.159274
0.2999416 	 1.9363767
0.123793714 	 2.3354445
0.07861733 	 5.142363
0.04327602 	 6.71835
0.2552516 	 1.3694012
0.19668894 	 1.0486467
0.32435927 	 1.7598711
0.22548576 	 1.8944987
0.18437633 	 0.7042667
0.18290426 	 2.6948123
0.14984757 	 1.3499545
0.0029620843 	 4.7100086
0.10731437 	 3.8899539
0.07099772 	 2.719029
0.119187415 	 2.3257263
0.06657949 	 2.380937
0.014554464 	 8.049041
0.00031965118 	 3.2545521
0.00035673782 	 2.033873
0.00032102253 	 1.294979
0.0028386433 	 2.579029
0.012654222 	 2.8611097
0.039606202 	 2.5411396
0.032363113 	 1.5801383
0.00025800217 	 1.6506575
0.005720855 	 2.7717414
0.033007234 	 4.670845
6.4373226e-06 	 6.195236
0.0121162245 	 2.4046779
0.00010443279 	 2.6442142
0.015300442 	 2.073015
0.002693343 	 3.1308296
0.018656839 	 2.5202477
0.00024279919 	 2.3578174
0.002467276 	 3.209148
0.0005192316 	 1.0728917
0.0017317618 	 3.6310074
0.014338398 	 2.732295
3.7550997e-06 	 1.8996483
0.000504621 	 1.6469012
0.00019957626 	 1.7128711
0.00018204916 	 2.0653653
0.0063591907 	 1.6677285
0.009329129 	 1.2584437
4.112729e-06 	 1.9817472
4.172326e-07 	 2.6812031
0.010736316 	 0.91492754
0.00017495494 	 2.881019
0.0007967546 	 6.2238793
3.4452078e-05 	 2.6377404
0.019102432 	 3.1488123
3.4154044e-05 	 1.5009811
0.0018668901 	 0.5143306
0.0025350968 	 2.8938181
0.0012476476 	 1.735278
0.013640931 	 2.0750263
0.00096307864 	 2.194712
0.020043166 	 1.8785341
0.012825066 	 2.9756823
0.02055387 	 1.3658435
0.026931282 	 2.6979892
0.04258999 	 1.7014403
0.049511712 	 3.5839396
0.003156692 	 6.6518126
0.0014386388 	 2.5802698
0.0004171407 	 2.1756353
0.005408402 	 1.2262607
0.0024525772 	 2.6508126
0.00026783952 	 2.082245
0.0017029233 	 2.5590062
0.0002674818 	 2.204199
0.0042826314 	 2.2717006
0.0048981863 	 0.88810337
0.0035262217 	 2.8884175
0.02169897 	 1.2159506
0.013526194 	 2.0224988
0.00012005096 	 2.0944216
0.002470921 	 1.2465332
1.2219027e-05 	 1.7009885
0.0049867188 	 1.0080612
0.0015252534 	 1.63615
0.020030823 	 1.6320839
3.4570753e-06 	 3.2148545
0.00019641659 	 1.7823871
0.0016976096 	 3.643613
0.02387633 	 1.7531149
1.6987467e-05 	 3.6252637
0.006938152 	 1.4270731
0.00015134765 	 2.7811801
0.016373437 	 1.3074656
0.011138372 	 2.6402495
0.020517426 	 3.1606944
0.020904565 	 2.3454456
0.034733288 	 3.155555
0.0620973 	 1.281459
0.042645905 	 1.7600783
0.021734605 	 1.3020855
0.04039097 	 2.6377895
0.021423016 	 2.5881376
0.0019565877 	 1.8536956
0.012239971 	 1.6291343
0.02059494 	 3.0281045
0.020605039 	 1.1394235
0.03037973 	 1.0492692
0.041186664 	 1.7257788
4.8877002e-05 	 2.0194814
0.0051659634 	 2.25827
0.0023833283 	 3.2204356
6.0917802e-05 	 1.7117049
0.0013599698 	 1.4234027
0.0035536774 	 1.4146779
0.0003694382 	 1.8419634
5.0844053e-05 	 2.7052124
0.0015673994 	 1.1480372
0.00010401551 	 1.3190929
0.00073233235 	 1.5095508
0.0006086294 	 0.73869103
0.02245798 	 2.5417547
0.0005354526 	 0.58621675
0.0002538884 	 2.0935032
6.7653564e-05 	 3.2957816
0.017318398 	 2.7460887
0.0013420642 	 2.3094804
0.0060924133 	 2.8021517
0.002659098 	 2.6038868
0.0024330986 	 2.533534
0.0014891978 	 2.291622
0.0002657528 	 3.3049479
0.002698184 	 3.178629
0.0010992964 	 2.7694895
0.0050982037 	 1.523063
0.00045989596 	 2.5664206
0.00026927044 	 4.6790833
0.00041159516 	 0.9384868
0.0017871724 	 1.2084811
0.12446408 	 2.216077
0.13028152 	 1.6473957
0.16418101 	 1.6143023
0.23084873 	 1.3054547
0.16346258 	 1.4561247
0.015261889 	 3.076035
0.047283627 	 2.4705489
-3.576278e-07 	 10.96642
0.020518703 	 0.9575779
0.017419683 	 3.4462233
0.006958799 	 1.2519304
0.00070227 	 1.9571134
0.011928793 	 4.047172
0.03449246 	 2.7956855
0.047615632 	 1.4180758
0.03454459 	 2.9901261
0.01889182 	 1.7396126
0.012305441 	 3.2265372
0.00016994728 	 3.1819754
5.3048275e-06 	 7.9675465
4.971151e-05 	 1.6222272
-8.344647e-07 	 8.969883
7.271793e-06 	 1.0769778
-9.5367386e-07 	 7.9871745
0.018900627 	 5.225196
0.009165919 	 3.880784
0.017835114 	 0.8822619
0.015391898 	 4.5579023
0.01239602 	 1.3811247
0.033087384 	 1.7020538
0.025783543 	 3.2044296
0.018000776 	 3.5990608
0.00016482042 	 5.463454
0.00049663 	 3.7864335
0.20299207 	 1.7934761
0.61277825 	 1.9305824
0.40590632 	 2.270416
0.2212978 	 2.0747957
0.16132584 	 2.1023319
0.11377173 	 1.2747084
0.04040487 	 1.8137256
0.0018243731 	 2.0234363
2.9147097e-05 	 2.223779
7.993302e-05 	 5.8847876
0.015386208 	 3.3695471
0.041793983 	 3.151886
0.00069075834 	 3.73821
0.09656106 	 1.1890439
0.021617291 	 2.922787
0.062276423 	 1.8122994
0.05269418 	 1.5497494
0.032491487 	 1.3329526
0.006768131 	 1.8210477
2.8610639e-05 	 3.877177
0.03548997 	 1.5389414
0.014146076 	 3.1609588
0.018752731 	 3.025823
0.027879048 	 3.2079902
0.053659774 	 4.02265
0.048788033 	 2.3454974
0.020964457 	 1.8458422
0.017579209 	 4.8369484
0.009942502 	 3.3241768
0.026692875 	 2.603866
0.05924169 	 1.3758378
0.038675077 	 2.5054026
0.0533377 	 1.660868
0.059681255 	 1.8756639
0.09627154 	 1.5708932
0.044203773 	 2.9016335
0.037978698 	 2.9333868
0.14015728 	 2.7704418
0.16400416 	 3.157127
0.10373287 	 1.167142
0.08869668 	 2.0887783
0.09192211 	 4.1746984
0.08762257 	 1.4974613
0.10596942 	 2.550663
0.06756886 	 3.5478044
0.07431818 	 1.5759228
0.10509878 	 2.501934
0.015976297 	 4.1890354
0.015199495 	 2.1380363
0.065820634 	 3.8476777
0.018277427 	 2.6741493
0.0012591657 	 1.1913055
0.0041574114 	 3.1842008
0.009589611 	 2.5752468
0.0003720618 	 5.50175
0.0006167406 	 4.5820937
0.07379782 	 2.3403144
0.055357683 	 1.1674677
0.17698687 	 0.94105655
0.19012837 	 2.9955714
0.16731016 	 1.6320535
0.22145955 	 2.4033525
0.16910928 	 0.93985635
0.20272778 	 0.7180398
0.17847803 	 1.5744156
0.19009717 	 2.2324114
0.0747379 	 1.8829058
0.14252363 	 1.9848219
0.06643514 	 2.3451028
0.09205333 	 1.9202228
0.079974905 	 1.1884221
0.10478824 	 1.2052639
0.10584173 	 0.99674183
0.16266946 	 1.9340605
0.0882333 	 2.2934237
0.024000624 	 2.790912
0.1273058 	 4.7151585
0.06452949 	 4.524882
0.019217812 	 3.8232417
0.06338187 	 2.2727766
0.095563725 	 2.1012158
0.0318845 	 1.8978986
0.026398586 	 1.6823449
0.07722927 	 2.6124015
0.09288666 	 2.1448014
0.02915923 	 2.7186782
0.07347798 	 1.5212369
0.004214453 	 3.1764984
0.031322036 	 3.3852513
Summary
-9.5367386e-07  -  0.80635417 ,  0.5143306  -  10.96642
accuracy:  99.7
equal predictions:  0
TensorFlow version: 1.13.1
Found 939 images belonging to 1 classes.
argN = 49
argN = 49
0.54925835 	 3.9036229
0.5045831 	 3.3514009
0.28440103 	 1.9421934
0.2529003 	 2.1547954
0.3254857 	 2.659738
0.3445139 	 0.61254865
0.2519829 	 1.5363374
0.14633924 	 3.0759432
0.11832062 	 3.3023915
0.19574536 	 2.384761
0.3169078 	 2.8998263
0.20014596 	 3.312229
0.057101835 	 3.6628163
0.26773775 	 2.4678564
0.13539095 	 1.9080886
0.11359576 	 2.2939742
0.25764805 	 2.2346575
0.41825265 	 4.1891217
0.7774054 	 4.0122514
0.2613285 	 2.320067
0.60862094 	 1.802105
0.21212515 	 3.7945886
0.009269148 	 1.7927119
0.037117936 	 1.9411186
0.1473221 	 2.5927415
0.13003643 	 2.9462793
0.19133785 	 1.1423475
0.35267133 	 2.1831715
0.07651936 	 5.181956
0.17995046 	 2.7127302
0.1128188 	 2.956251
0.02934605 	 7.545917
0.035127517 	 2.1469493
0.093764864 	 8.399965
0.25252488 	 5.2203875
0.1672385 	 2.0788395
0.12209255 	 2.1477563
0.59807545 	 2.3544304
0.41347846 	 2.5863547
0.3639288 	 0.96101934
0.45358875 	 8.06049
0.34212732 	 3.8773239
0.21734254 	 2.5016549
0.052840583 	 3.2119927
0.16358085 	 2.3653457
0.15023248 	 3.792061
0.11023389 	 1.4756233
0.15390885 	 2.765191
0.00011158612 	 2.1505365
0.052601386 	 3.2588978
0.010293651 	 2.227413
0.17008457 	 2.4001162
0.14516035 	 3.0104396
0.10893147 	 2.6205919
0.26902428 	 0.998653
0.25351325 	 2.5006626
0.054553155 	 2.4275684
0.11146257 	 2.1733365
0.042374432 	 1.8440127
0.024477497 	 3.9085438
0.001420493 	 1.6774211
0.00020631295 	 2.9221246
0.0007807083 	 3.0442338
0.00026205636 	 1.2831151
7.677373e-05 	 4.829655
0.03426242 	 4.4547377
0.036182392 	 1.9763699
0.063839465 	 2.3368695
0.06892409 	 1.3478924
0.09794961 	 2.5918567
0.13971324 	 2.528636
0.18986335 	 5.6150723
0.24662718 	 2.6465874
0.26946285 	 1.9556272
0.087101154 	 3.0093598
0.20263784 	 2.6482685
0.14780271 	 3.852698
0.17629486 	 2.6250837
0.21943638 	 2.4754024
0.09233066 	 1.9795842
0.025487198 	 2.6590152
0.047167152 	 6.198281
0.06523724 	 2.3172982
0.29855764 	 2.304081
0.043875888 	 1.8783945
0.06331761 	 2.9794657
0.02675789 	 8.639964
0.0075173895 	 8.5302925
4.8102105e-05 	 2.7080665
0.005095448 	 2.4247339
0.00097572705 	 2.5662003
0.032496843 	 1.3248632
0.027210293 	 3.0998247
0.020666799 	 1.3839432
0.0007850032 	 2.5265064
0.027456421 	 1.8859769
0.007952098 	 2.7985756
0.021192979 	 2.3164794
0.0011491223 	 1.612978
0.027661186 	 3.5915396
0.042521883 	 1.2104568
0.022744466 	 0.8947399
0.052234374 	 10.010435
0.007972345 	 1.8950149
0.0031334327 	 2.1018772
0.0033470911 	 1.6398944
0.0135210585 	 2.446373
0.0006271183 	 1.4846977
0.00027821359 	 1.8890743
0.0003354516 	 1.3242918
0.0047286917 	 2.5256925
0.00972412 	 2.106344
0.001877221 	 0.8781753
0.0019035564 	 1.0504285
-9.5367386e-07 	 3.0395932
0.0007277991 	 2.654272
-3.576278e-07 	 2.0408545
0.020619277 	 1.8231666
0.021455474 	 3.0146656
0.02230523 	 2.757589
3.7670845e-05 	 0.75429803
8.613242e-05 	 1.5281632
-9.5367386e-07 	 3.2314715
0.0004393231 	 1.6102219
5.3466796e-05 	 1.828726
0.0003253751 	 1.4942771
0.012179333 	 2.5653758
1.6570228e-05 	 6.090934
0.000802004 	 1.8973917
0.00069427746 	 1.4238776
2.1875145e-05 	 1.3943342
2.9802766e-05 	 2.07038
0.0026011292 	 2.3759356
0.02687893 	 2.1965213
0.031234892 	 2.1129289
0.0024060323 	 2.2439475
0.0024228217 	 0.726123
0.0006815133 	 1.2244495
0.031500775 	 1.71487
0.02310746 	 1.8055044
6.968026e-05 	 1.963643
0.0022992082 	 2.2225678
0.018631395 	 1.7594808
9.1195525e-06 	 1.3037635
0.020628342 	 1.7203282
0.020916738 	 1.849604
0.0010134943 	 1.4936688
1.3709162e-05 	 2.04689
4.8875927e-06 	 2.4419231
3.2604272e-05 	 1.6991765
4.589568e-06 	 1.6467865
0.007292871 	 1.4142452
6.0500544e-05 	 3.1395252
0.01678322 	 1.847344
0.0063557713 	 2.5186744
0.00040378378 	 0.80420357
0.0013557322 	 3.4515796
0.018993385 	 1.7633533
3.093529e-05 	 2.2771246
8.9530186e-05 	 1.779134
7.867844e-06 	 3.835432
4.5777415e-05 	 3.158808
0.00025078817 	 1.8935037
0.00027696154 	 1.8666096
0.04156493 	 2.2033832
0.03863047 	 2.0439122
0.02861645 	 1.5371585
0.035654258 	 1.1105791
0.0001744184 	 2.0695505
0.0007219536 	 1.2467424
0.0086803585 	 1.6262167
0.00015182456 	 2.0719845
5.614915e-05 	 1.3508165
6.377901e-05 	 1.9206104
4.6433095e-05 	 1.9490223
7.057439e-05 	 2.0501692
0.01743715 	 1.4257208
8.54171e-05 	 2.5111141
0.007067923 	 1.2281554
0.00014258448 	 2.4666982
0.00020917457 	 1.4080317
3.81477e-05 	 3.7190454
9.876977e-05 	 0.7844283
6.0200873e-06 	 2.2928414
0.0002245559 	 2.9730427
0.01014618 	 1.4485279
7.581998e-05 	 1.694314
0.00031464282 	 1.8878239
2.3365294e-05 	 1.6780143
3.212742e-05 	 0.79935366
6.729591e-05 	 0.9236319
0.0004937079 	 1.5805163
0.00047396924 	 0.9383942
0.0006699421 	 1.9347596
0.00019117037 	 2.282793
0.010225845 	 1.2360241
0.0012996891 	 1.3437823
0.0003500001 	 2.3466022
0.002331051 	 2.0114157
0.0039010341 	 1.1694372
0.0010540078 	 1.9104484
0.00031827984 	 2.3153205
0.059626784 	 1.6900252
0.08440362 	 1.7191947
0.07041794 	 3.2066689
0.068866365 	 2.3141932
0.083718605 	 1.1900191
5.6028525e-06 	 1.6627979
-1.1920928e-07 	 2.0132813
0.015644215 	 2.3641667
-5.960463e-07 	 1.7849697
0.018670078 	 3.5228279
0.0010303201 	 2.2898943
0.014259131 	 2.0817325
6.7949527e-06 	 3.7286797
0.020491203 	 0.9062863
7.432976e-05 	 2.7876778
1.62722e-05 	 2.276169
0.0064141382 	 2.491222
0.0013920217 	 0.7418235
0.005042789 	 4.1959944
-9.5367386e-07 	 2.7235706
0.020813396 	 1.6682006
4.6313882e-05 	 1.8617213
-9.5367386e-07 	 1.2541766
7.987054e-06 	 2.516335
0.00039889422 	 2.7155547
0.020618303 	 2.098924
-9.5367386e-07 	 1.1491157
0.011900986 	 3.8790958
0.00031440431 	 4.025837
0.020602118 	 2.0596836
0.178067 	 1.8714383
0.03589889 	 0.96612746
0.14102112 	 3.6386306
-7.152555e-07 	 1.9896957
0.027978709 	 3.1840844
0.047239885 	 1.7192672
0.051366653 	 1.4739811
0.008672542 	 1.3305113
0.080762096 	 2.0291574
0.004090797 	 3.8908668
2.3841887e-06 	 1.7192985
1.7047074e-05 	 2.3822877
0.009080024 	 1.5069078
5.9427595e-05 	 3.7800195
0.000322215 	 3.6674144
0.01955497 	 4.182995
2.3841887e-06 	 1.0544817
0.019710463 	 2.4119244
0.0011984135 	 1.5948792
0.012135229 	 1.8113474
0.005093351 	 1.7707938
0.0071568275 	 1.8290727
0.040351935 	 2.743274
0.0045969486 	 2.753129
0.08610001 	 3.431973
0.061474804 	 1.741465
0.030056037 	 2.1087215
0.099673174 	 2.7486973
0.101047926 	 1.7900679
0.1514727 	 1.7328656
0.05940664 	 2.7658558
0.12317685 	 2.9785888
0.0007180765 	 1.4499638
5.281111e-05 	 1.43372
0.00043491044 	 2.1897564
0.0005499444 	 1.9969862
0.00010955934 	 3.08103
0.0105040865 	 2.0621347
0.09921311 	 1.5501363
0.17150696 	 1.398922
0.13760197 	 3.9050572
0.25515005 	 2.1835535
0.14304541 	 1.8063024
0.21305023 	 1.7611235
0.07081165 	 2.2174938
0.063316844 	 1.5661073
0.052238077 	 2.4237792
0.03518277 	 1.1533962
0.12202972 	 1.2053007
0.21796207 	 1.5299273
0.17867015 	 2.0384614
0.104894936 	 2.2112775
0.09300629 	 1.5194076
0.09699226 	 3.710153
0.11472015 	 2.6982088
0.067970894 	 2.1306393
0.12046259 	 1.958149
0.094538815 	 2.1661298
0.08219215 	 1.0723628
0.00010932089 	 1.6316739
4.3571945e-05 	 3.1905656
2.3841887e-06 	 1.7576083
5.960466e-07 	 1.9808925
0.020481713 	 3.0600498
0.06813046 	 2.5049062
0.020571757 	 1.6123862
0.022618132 	 3.132594
0.05483998 	 3.6920712
0.083486035 	 1.5388169
0.044323206 	 2.0529242
0.026896505 	 3.254986
0.052371036 	 1.374176
0.043171708 	 2.0691266
0.036164716 	 2.8940508
0.003258764 	 1.3554012
0.045481894 	 1.611247
0.02250492 	 2.9418225
0.0016367113 	 1.5364659
0.013810916 	 3.8650532
0.033216465 	 3.128224
0.04296418 	 2.3972974
Summary
-9.5367386e-07  -  0.7774054 ,  0.61254865  -  10.010435
accuracy:  100.0
equal predictions:  0
