TensorFlow version: 1.13.1
Found 939 images belonging to 1 classes.
argN = 784
argN = 784
0.15413314 	 2.584839
0.24967891 	 2.8577456
0.36796078 	 3.0494995
0.44157013 	 3.000511
0.21850552 	 3.3151336
0.13296343 	 2.0261045
0.12692009 	 3.252414
0.05907411 	 3.315232
0.04299224 	 3.1675746
0.040459365 	 1.7818378
0.032643646 	 2.6761224
0.051196188 	 2.3756444
0.041056614 	 1.8939971
0.0487247 	 2.0685775
0.074169435 	 1.9536805
0.06040666 	 2.0027726
0.0745126 	 2.0777194
0.0685024 	 2.9728527
0.058172707 	 3.6307487
0.025840485 	 2.6753435
0.03989634 	 3.4078135
0.0810875 	 2.2372968
0.097258806 	 2.4692953
0.22635348 	 2.6254063
0.04350509 	 2.8348007
0.07125807 	 2.4047847
0.018019104 	 3.0242739
0.011638636 	 3.180249
0.008967673 	 3.1610713
0.0057990286 	 2.6988323
0.118662104 	 2.1909068
0.2750757 	 2.1025143
0.28122056 	 2.534235
0.21399072 	 3.0259767
0.11202664 	 2.951022
0.1271225 	 2.8812232
0.1166639 	 2.231193
0.28082544 	 2.1843967
0.3198297 	 2.3685274
0.3849669 	 1.8618356
0.13974889 	 2.9773462
0.07795799 	 3.4567606
0.054997593 	 2.5498872
0.044334732 	 3.16658
0.031919267 	 3.832612
0.033643257 	 2.7770832
0.04553473 	 2.5531962
0.049507894 	 2.0314546
0.04380944 	 2.7826154
0.045559872 	 2.3238876
0.07957421 	 1.7894372
0.074143045 	 2.5534596
0.024534304 	 3.3762863
0.036397852 	 3.2324424
0.034833327 	 2.9504735
0.038058445 	 2.3511446
0.055552617 	 2.658405
0.09919172 	 2.998992
0.048127983 	 2.5185227
0.027070595 	 2.3789935
0.03525371 	 3.3839655
0.01671964 	 2.6389036
0.0038328813 	 2.665896
0.0061433283 	 2.7718787
0.00407398 	 3.704146
0.019317038 	 3.8919325
0.02710838 	 2.6390214
0.07905034 	 2.677731
0.042943522 	 2.3066015
0.16597597 	 2.4573858
0.18923318 	 1.7874069
0.1466702 	 2.6108816
0.0881421 	 2.8889873
0.09948749 	 3.4442332
0.105766065 	 2.6652875
0.08133808 	 2.3104172
0.20545007 	 2.9732466
0.19627136 	 3.2567658
0.060262375 	 1.6894097
0.1408449 	 2.7927191
0.13433307 	 2.4034612
0.08374499 	 3.4523284
0.14688888 	 1.8545175
0.23615223 	 1.4898511
0.07410081 	 2.287495
0.07378428 	 3.1869566
0.09975938 	 2.2291794
0.069005 	 2.394549
0.06974391 	 2.5506952
0.055705234 	 2.5545633
0.01816331 	 3.1221724
0.02917144 	 2.7339525
0.0128361145 	 2.5682747
0.008848419 	 3.1184645
0.01154499 	 3.128386
0.008967673 	 3.0244935
0.006386724 	 3.4387524
0.02671381 	 2.3185766
0.027153395 	 2.7900865
0.024330178 	 2.8110821
0.021434342 	 1.5948515
0.02061873 	 2.0823689
0.017814908 	 1.9983253
0.030162796 	 2.3288937
0.029867116 	 2.2423124
0.020667529 	 0.70519644
0.019361522 	 1.0233041
0.012711509 	 1.4255424
0.011676386 	 2.1566873
0.010244391 	 1.4980615
0.014564262 	 2.0507936
0.022988824 	 1.8819587
0.019368207 	 0.9858967
0.018783221 	 1.7399089
0.019581594 	 2.1695876
0.01561352 	 1.5092878
0.024176288 	 1.4972532
0.020653047 	 1.2594587
0.014823993 	 1.2052674
0.021921141 	 1.3741659
0.014298129 	 1.9525727
0.023205731 	 1.8407654
0.023277901 	 1.4543688
0.020617696 	 1.9110373
0.025509454 	 1.6841298
0.033362508 	 1.801505
0.027149966 	 1.4571637
0.018017465 	 1.4021009
0.016719578 	 2.5081089
0.0271507 	 1.5497283
0.011544931 	 1.3545847
0.010419341 	 1.9044126
0.020593662 	 1.3782852
0.02048512 	 2.0296428
0.010386999 	 1.7258866
0.0141258845 	 2.2860932
0.00511408 	 1.7690269
0.0076823724 	 2.1715782
0.017977472 	 1.5806099
0.012835752 	 1.9693941
0.0102561945 	 1.7685319
0.0063969814 	 1.1389534
0.008345882 	 2.6055655
0.010255472 	 1.1471425
0.0076814713 	 1.5346413
0.010255472 	 1.5401658
0.009317398 	 1.6013429
0.0063969814 	 1.8851944
0.008950774 	 1.2179846
0.010255472 	 1.7083621
0.008891898 	 2.807012
0.011544448 	 1.6667784
0.01025216 	 1.4776886
0.010072302 	 1.6810914
0.010901409 	 1.3039508
0.0076814713 	 2.570079
0.006309464 	 1.0328282
0.010255472 	 1.7800385
0.007897906 	 2.0571713
0.0047798366 	 2.177682
0.00511408 	 2.4596226
0.0051128217 	 1.8912351
0.008967673 	 2.7086558
0.0063969814 	 1.1310892
0.010069532 	 2.1717288
0.0076835738 	 2.2189105
0.010193207 	 1.2556076
0.0051141996 	 2.2779284
0.00511408 	 1.1406935
0.00511408 	 1.9494183
0.010379109 	 1.092496
0.00511408 	 1.5565629
0.008967734 	 1.660264
0.014105572 	 2.1459112
0.001275339 	 1.4273248
0.0074674254 	 1.9264542
0.011130295 	 1.2154505
0.011544931 	 1.3754231
0.014094933 	 2.5176423
0.011670657 	 1.2700696
0.018019771 	 1.1145514
0.01412794 	 1.0249647
0.019307742 	 2.4541004
0.021920776 	 2.3948855
0.018017465 	 1.6611214
0.043160632 	 1.0293888
0.040028162 	 0.988265
0.03766368 	 1.7005996
0.020612461 	 1.8852903
0.024531983 	 1.4692523
0.033514246 	 1.4136325
0.037545286 	 1.9044838
0.030973814 	 2.3868742
0.039552253 	 1.382772
0.025872597 	 1.3191385
0.03358242 	 0.91616577
0.035382085 	 1.5075893
0.03385805 	 2.1967325
0.02770984 	 1.7352266
0.024043607 	 2.0929048
0.039855152 	 1.6470083
0.017424049 	 1.8489536
0.015420226 	 1.5619498
0.019315824 	 2.121079
0.018856347 	 1.1526767
0.18293768 	 2.28238
0.19562894 	 1.6542944
0.20192268 	 2.3596306
0.10051452 	 2.8549871
0.08202761 	 1.171053
0.10191478 	 2.6934977
0.088433646 	 2.5528493
0.10479432 	 2.6355445
0.0949266 	 1.7085766
0.11387438 	 1.701503
0.10679871 	 1.9560013
0.088167615 	 1.8276564
0.08931648 	 2.6986463
0.0827742 	 2.602474
0.06640253 	 1.7744349
0.07633709 	 2.9766257
0.083188996 	 2.1080177
0.07792544 	 2.7673128
0.07709046 	 2.254378
0.090743884 	 1.3157485
0.12787923 	 2.4173179
0.1571034 	 2.673711
0.12780853 	 2.511468
0.12684585 	 1.7872734
0.117732204 	 2.0122612
0.12276151 	 2.5712364
0.12193107 	 1.791856
0.22476229 	 1.771784
0.22827837 	 1.937614
0.15563865 	 2.4303224
0.11542433 	 2.4471028
0.15730463 	 2.3668308
0.13363597 	 2.197478
0.12915978 	 3.261446
0.123347975 	 2.62139
0.094931126 	 2.0506968
0.06171493 	 2.880149
0.098970525 	 2.2335343
0.09492647 	 2.0910525
0.05643394 	 3.1090438
0.04437947 	 2.5056624
0.044334732 	 2.6010551
0.05091812 	 3.198671
0.055067558 	 2.0297303
0.04959063 	 2.5860033
0.0758542 	 1.527853
0.12044867 	 2.1126823
0.13206863 	 1.223669
0.13474841 	 1.7157682
0.11032893 	 2.160852
0.1294807 	 2.4451268
0.15805705 	 2.2222304
0.21258795 	 1.9594637
0.21808112 	 1.8680861
0.22116365 	 1.8686076
0.23034678 	 1.175829
0.2301228 	 1.7913128
0.16851498 	 1.714817
0.08795366 	 1.298249
0.06999613 	 2.7725756
0.082371935 	 1.5374241
0.059654303 	 2.9059777
0.054962832 	 3.0799944
0.043699656 	 2.8819315
0.039643098 	 2.2217498
0.043609932 	 1.9048526
0.043013085 	 2.6900716
0.035437353 	 2.541063
0.060864415 	 2.3631167
0.075119115 	 1.5218636
0.10820561 	 2.103803
0.13282068 	 2.5821695
0.15514523 	 2.5973408
0.15611206 	 2.3341117
0.17535868 	 2.2465816
0.24986675 	 1.8970317
0.2507902 	 2.1309128
0.28936696 	 1.5915676
0.24400192 	 2.1578536
0.2694282 	 2.0770583
0.25237888 	 1.7454735
0.28517666 	 1.8780599
0.24080317 	 1.6660011
0.26506782 	 1.4052606
0.21519919 	 1.9320314
0.21608657 	 1.8601943
0.21219361 	 1.672116
0.18742672 	 1.3619797
0.16890553 	 1.0903819
0.16991217 	 1.7457138
0.15860654 	 1.9298629
0.15477379 	 1.5975072
0.13880698 	 2.6315122
0.12238568 	 2.441233
0.08515452 	 1.204831
0.08520385 	 1.669173
0.076707266 	 1.331687
0.07272785 	 2.5216033
0.06317405 	 3.5289187
0.06313468 	 1.9745984
0.06469004 	 2.1386104
0.08749193 	 2.9590566
0.114141725 	 2.3678405
0.11908629 	 2.6669533
0.13577422 	 2.3085458
0.11048588 	 1.2065327
0.0961376 	 3.0519946
0.049629275 	 1.6334945
Summary
0.001275339  -  0.44157013 ,  0.70519644  -  3.8919325
accuracy:  100.0
equal predictions:  0
TensorFlow version: 1.13.1
Found 939 images belonging to 1 classes.
argN = 784
argN = 784
0.23934452 	 2.1971722
0.1661498 	 2.447572
0.06548654 	 3.6381545
0.05781463 	 3.0132706
0.025755836 	 2.589887
0.031059522 	 2.6538222
0.037147876 	 2.6568305
0.026689814 	 2.5108356
0.038164947 	 1.4686692
0.08323441 	 2.2382193
0.092832305 	 1.9339429
0.03892702 	 2.9216595
0.0508576 	 2.1000774
0.07773667 	 2.4961488
0.15168856 	 2.7578466
0.11558382 	 2.3715336
0.020319896 	 3.580192
0.05964747 	 2.1539314
0.04966285 	 2.5859876
0.029063376 	 1.8308097
0.021216786 	 3.0114331
0.008967673 	 2.8998253
0.0038328813 	 2.0413427
0.0051127616 	 2.8033853
0.0055867634 	 2.7334847
0.008967673 	 2.2536995
0.020629134 	 3.16465
0.04496155 	 2.893051
0.055552047 	 2.7103634
0.18490599 	 2.2059207
0.12850836 	 2.230126
0.08544981 	 2.068129
0.06073691 	 1.9473726
0.061740417 	 2.1784282
0.17929548 	 2.5228722
0.14463948 	 2.6699016
0.09122756 	 2.8462932
0.26191902 	 3.0534306
0.33243978 	 2.22202
0.31141186 	 2.4944713
0.32287097 	 3.2122755
0.34537667 	 2.3044643
0.08729919 	 2.509723
0.07434084 	 2.656091
0.055064913 	 3.0221334
0.1278568 	 2.403956
0.029600687 	 2.6754422
0.0128361145 	 2.3060954
0.01457031 	 2.4179344
0.07540554 	 2.1334116
0.04681362 	 2.5347784
0.012834303 	 2.3032694
0.020618303 	 2.0066342
0.024399193 	 2.9126332
0.06861558 	 2.766359
0.07379564 	 2.4474478
0.008967673 	 2.2494729
0.00511402 	 1.7161458
0.00511408 	 2.1643207
0.0025532627 	 2.9821
0.00511408 	 3.0263627
0.023726415 	 2.085185
0.023225803 	 2.5797303
0.056376047 	 3.081044
0.033376437 	 2.6524978
0.17245412 	 2.3473039
0.06495397 	 1.9913901
0.10620656 	 3.0763166
0.14464444 	 2.1261406
0.15712404 	 1.6877514
0.083796576 	 2.863884
0.052401625 	 2.7315288
0.028342506 	 2.9756868
0.019974696 	 2.612165
0.011036818 	 2.7482233
0.0012756374 	 1.6601727
0.049205437 	 1.9249908
0.033888508 	 2.3238072
0.04782119 	 3.1319833
0.039249133 	 2.48277
0.036308225 	 2.3715708
0.010203082 	 2.7334902
0.018017465 	 2.507102
0.01684711 	 2.5589986
0.017932566 	 2.5728245
0.015163063 	 2.3265471
0.007417524 	 2.145796
0.0076814713 	 3.2103589
0.0025532627 	 2.1845717
0.0038313258 	 3.1672292
0.006364229 	 1.9915329
0.008883599 	 3.0143523
0.0030205522 	 3.0955253
0.0038328813 	 2.6122212
0.031089405 	 2.6930802
0.024505962 	 1.5840967
0.010255472 	 1.8633888
0.019317038 	 1.7508727
0.02197622 	 1.9791886
0.020621832 	 0.8833761
0.021921385 	 1.3605206
0.015990045 	 1.8304751
0.008934355 	 2.0276754
0.010353754 	 2.010405
0.016396945 	 1.4484845
0.008963944 	 1.2392782
0.0063969814 	 1.9004573
0.008463033 	 2.0519798
0.010112703 	 1.2781463
0.015423131 	 1.6945012
0.011849657 	 1.3665731
0.020599745 	 1.7851243
0.016826257 	 1.5246116
0.012939964 	 2.901755
0.021290028 	 1.2441212
0.019292975 	 1.8597924
0.016723517 	 1.7131759
0.01927499 	 1.7682556
0.01671964 	 2.1596644
0.008959795 	 2.210032
0.015423434 	 2.3702567
0.01154499 	 1.0978353
0.014128908 	 0.8890041
0.018017102 	 1.4156585
0.0193645 	 1.3577632
0.01154499 	 1.4778873
0.010350984 	 1.6354731
0.015423434 	 1.407118
0.0076943855 	 2.0551207
0.009040327 	 2.0720036
0.0038328813 	 1.1542283
0.007817826 	 1.5723016
0.0038328813 	 1.0702475
0.0063969814 	 1.1292758
0.0009563965 	 2.568158
0.0063969814 	 1.5070708
0.0038328813 	 1.6870462
0.006396922 	 2.069061
0.0025532627 	 1.2798842
0.00511408 	 1.7382675
0.008397453 	 1.929065
0.0038328813 	 1.8813995
0.0038271972 	 2.1103363
0.0051134806 	 1.3612525
0.005111683 	 1.2977058
0.006394702 	 1.750757
0.00511408 	 1.9629437
0.0025532627 	 2.537187
0.008949511 	 1.7451812
0.0025532627 	 1.6495296
0.0038332404 	 1.9915316
0.002271548 	 1.3720462
0.00511408 	 2.1285655
0.00511378 	 1.1311293
0.0063969814 	 0.9463538
0.0048860274 	 2.1900282
0.001275339 	 1.1577165
0.0051262416 	 2.519693
0.0064188773 	 1.3580816
0.0073698466 	 2.012642
0.00511408 	 1.137637
0.009093377 	 1.3787017
0.0051139 	 1.2502122
0.00511408 	 1.4703748
0.010605104 	 2.5248733
0.008892078 	 1.2695217
0.011202685 	 1.5976562
0.01026047 	 1.2253114
0.008983611 	 1.6788083
0.02062457 	 1.8067029
0.017410584 	 1.3171823
0.012299769 	 2.6582007
0.020416679 	 2.281694
0.02099909 	 1.8306569
0.027112484 	 1.1394784
0.018182186 	 2.0473633
0.021234624 	 1.7111527
0.02550499 	 0.919235
0.018129077 	 1.2686279
0.030518048 	 1.5453455
0.017849555 	 1.0455148
0.025096446 	 1.4133037
0.023066835 	 1.1666058
0.03869856 	 1.3570791
0.030019306 	 1.6354374
0.023592694 	 1.5222129
0.01417582 	 1.203103
0.015536633 	 1.5929167
0.020614652 	 1.6594676
0.015425855 	 1.3148596
0.016759885 	 1.3546453
0.012204071 	 1.2360705
0.014128908 	 0.82555073
0.014087074 	 1.9915478
0.00896623 	 1.2360424
0.19650951 	 1.2481337
0.21027564 	 2.2575524
0.14924964 	 2.1604433
0.16338341 	 1.7111523
0.14315413 	 2.2708998
0.091152996 	 2.002672
0.07156976 	 1.2899818
0.04700427 	 1.4432504
0.059332255 	 2.1201668
0.054025672 	 1.8321631
0.052126676 	 1.9281181
0.04514411 	 2.116765
0.08100709 	 2.7516794
0.07815757 	 3.0534267
0.07140203 	 3.080695
0.09632994 	 2.6570616
0.09732726 	 2.357449
0.08515394 	 2.1003034
0.09489147 	 2.511139
0.075481445 	 2.1141667
0.08651535 	 1.9975839
0.065251425 	 2.1568906
0.09437785 	 1.173341
0.07960571 	 2.702887
0.045824535 	 2.2291467
0.05440845 	 1.9550531
0.046680838 	 3.138026
0.047001395 	 2.4553232
0.058850423 	 3.2737682
0.06175608 	 1.7988847
0.06229704 	 0.9133536
0.0601552 	 3.1360254
0.061520822 	 1.3903646
0.052366264 	 2.2568831
0.06362297 	 2.6028
0.1676769 	 2.3381453
0.15940964 	 1.4229445
0.12780121 	 2.5493028
0.09179026 	 2.7524128
0.103151254 	 1.3115761
0.09284113 	 1.6728045
0.108594485 	 2.7511322
0.1146269 	 1.9687822
0.11764665 	 1.097637
0.09771167 	 3.206242
0.11332462 	 2.8130038
0.0961731 	 2.3348982
0.10625475 	 1.6317728
0.0591099 	 2.319466
0.060386654 	 2.5526412
0.07661518 	 2.120187
0.07002976 	 1.5954647
0.07251217 	 1.0154567
0.06044161 	 2.575507
0.037262324 	 3.6700923
0.037942294 	 2.7933557
0.037690107 	 1.6676006
0.03504467 	 1.8212439
0.036835346 	 2.3900795
0.029631386 	 3.1090598
0.06776657 	 2.622064
0.067097574 	 1.4380754
0.07274195 	 1.4622401
0.08608832 	 2.6595304
0.092125416 	 2.248717
0.09248867 	 2.1292727
0.1526574 	 2.5859172
0.18589437 	 1.5583493
0.22204742 	 1.6641172
0.21054341 	 1.7110392
0.14806359 	 1.5159948
0.07223304 	 1.758582
0.07136343 	 0.9658908
0.059233278 	 1.3931869
0.041910954 	 2.3705769
0.038991224 	 1.3722615
0.03769023 	 2.4437468
0.031241227 	 2.7576249
0.028461285 	 2.7312934
0.024283703 	 2.6389363
0.029776538 	 1.6948904
0.04166497 	 3.1845076
0.04565938 	 3.0025985
0.05421311 	 2.8807173
0.043586273 	 1.0752715
0.04968233 	 2.0788047
0.083095334 	 2.6509259
0.076195315 	 2.5861886
0.09492018 	 0.90314066
0.11233151 	 2.5102055
0.21547693 	 2.1891975
0.21064958 	 1.3356619
0.16005857 	 2.134526
0.17859355 	 1.6326063
0.18126342 	 1.4512498
0.16442575 	 2.0809648
0.13027024 	 2.1026535
0.10778196 	 2.694015
0.05775792 	 2.593163
0.059341807 	 1.9322195
0.054944128 	 2.0492814
0.05943681 	 1.7662982
0.050961334 	 2.2099688
0.09913893 	 2.1723764
0.11171121 	 2.4968102
0.094944105 	 2.6941023
0.12471334 	 2.9031994
0.12670079 	 1.9204981
0.116047 	 2.491538
0.12483563 	 2.3611393
0.11905863 	 2.6675053
0.10590157 	 1.76231
0.08515673 	 3.2632918
0.08543955 	 2.1099305
0.07296762 	 1.8073125
0.07262433 	 2.2597384
0.071959764 	 1.8658262
0.07363728 	 3.0543985
Summary
0.0009563965  -  0.34537667 ,  0.82555073  -  3.6700923
accuracy:  100.0
equal predictions:  0
TensorFlow version: 1.13.1
Found 939 images belonging to 1 classes.
argN = 784
argN = 784
0.14102572 	 2.8334012
0.14506373 	 2.6745477
0.155776 	 2.328841
0.21311234 	 2.4678185
0.43925175 	 2.7987216
0.14813355 	 2.9105465
0.04968515 	 3.8917484
0.023241602 	 4.0188484
0.038986884 	 3.263088
0.039008327 	 2.6900268
0.13935593 	 2.1338325
0.09531828 	 2.6199276
0.046078596 	 2.8166497
0.044391744 	 2.4268737
0.06326707 	 3.182991
0.08517101 	 3.586209
0.06044256 	 2.5435386
0.079235755 	 2.7957988
0.18375011 	 2.1647875
0.34172392 	 2.8297946
0.31450456 	 2.2837567
0.06810839 	 2.34655
0.010255472 	 2.603854
0.0076749846 	 3.5288801
0.039015766 	 2.3866973
0.05505912 	 2.675533
0.15565474 	 2.9952903
0.08171554 	 3.6810486
0.26194072 	 2.7126107
0.34100604 	 2.3593922
0.28688386 	 2.2470245
0.23952612 	 2.5587983
0.15590395 	 2.35982
0.1028289 	 3.1498132
0.20553902 	 2.319152
0.25464734 	 2.225537
0.23491186 	 2.4592893
0.52898663 	 2.7629218
0.19510546 	 2.5273643
0.16412075 	 3.1356018
0.13762236 	 2.4331255
0.089790665 	 3.402539
0.08238151 	 2.4849772
0.03899048 	 2.9915864
0.015070116 	 3.832681
0.031998225 	 3.8802528
0.023225803 	 3.4863327
0.03631725 	 2.3996964
0.037663247 	 3.7739916
0.04573818 	 2.1385667
0.044482347 	 2.3830452
0.052727167 	 2.7084734
0.031879023 	 2.1870472
0.057309035 	 2.0814173
0.15994373 	 2.6709263
0.12499238 	 2.3582835
0.06519385 	 2.8844752
0.020647205 	 2.8089426
0.021800028 	 3.0263307
0.0038328813 	 2.339503
0.008967673 	 3.674757
0.0038223509 	 2.7820568
0.0012761148 	 3.333199
0.04968233 	 3.016222
0.35688683 	 2.5237143
0.23598883 	 2.2686439
0.09460367 	 3.0231633
0.08706572 	 2.3806045
0.08361965 	 2.263229
0.10871229 	 2.5341501
0.114340976 	 2.8238826
0.15404387 	 3.3683646
0.19163308 	 2.5209439
0.14944758 	 3.0650637
0.15667938 	 2.1022983
0.20015447 	 2.9335659
0.15767504 	 2.170927
0.120893255 	 3.7861862
0.079285115 	 2.149893
0.029315976 	 2.760733
0.016365439 	 3.6933327
0.05499564 	 2.5308442
0.0038328215 	 2.3725688
0.07265638 	 2.6408086
0.019825364 	 3.3295987
0.03372451 	 3.0007458
0.02454017 	 2.7765977
0.01729596 	 2.8043673
0.03372389 	 3.0534685
0.03234046 	 2.9988496
0.025804827 	 2.659849
0.02053227 	 2.4894247
0.00511408 	 3.3129816
0.03862589 	 2.0883493
0.03386175 	 1.7910413
0.018011883 	 3.0011065
0.03117426 	 1.2213387
0.028039517 	 1.6868246
0.023249289 	 1.7845166
0.03428524 	 1.2045002
0.02061812 	 1.6323458
0.02805141 	 1.7948247
0.028461408 	 1.0307534
0.027766464 	 2.52309
0.040341944 	 1.9730594
0.026599523 	 1.9537541
0.011541674 	 1.9108299
0.02561799 	 1.9850366
0.012919857 	 2.224666
0.018019408 	 1.628102
0.028431972 	 2.101559
0.02575865 	 1.0240393
0.02321781 	 2.9185867
0.020604188 	 1.436481
0.028254518 	 2.042706
0.009537256 	 1.206074
0.019731678 	 0.9805912
0.030623073 	 1.2850085
0.024984237 	 1.9224277
0.016719699 	 1.3414083
0.02030323 	 1.7336701
0.027110035 	 1.3984045
0.024535893 	 2.895057
0.027006418 	 2.3595283
0.016718851 	 1.9637406
0.020618303 	 1.54965
0.01935265 	 1.4886785
0.018016858 	 2.5270493
0.021912491 	 1.4385393
0.018017465 	 2.0313418
0.023172852 	 2.2784362
0.0132608805 	 1.8980218
0.01154499 	 1.4866996
0.0011242985 	 1.4298776
0.00511408 	 1.9890015
0.001275339 	 1.7348397
0.008967673 	 2.3761506
0.0063969814 	 2.3441656
0.0056514395 	 1.3946176
0.00843989 	 1.6016454
0.014128908 	 1.782995
0.0063969814 	 2.193691
0.012809067 	 1.5489596
0.008967673 	 2.2217433
0.010255472 	 1.9836861
0.00511408 	 1.8935978
0.011119567 	 1.095241
0.008967794 	 1.9238931
0.009440377 	 1.927279
0.0128361145 	 2.387754
0.014129391 	 1.8931231
0.015470044 	 1.4598461
0.014037386 	 1.4677674
0.0063969814 	 1.2465733
0.0038328813 	 1.7068964
0.0059201973 	 2.2519994
0.005988253 	 1.9611366
0.013834968 	 1.5465071
0.005139482 	 1.561042
0.0076815314 	 1.5394534
0.0063942824 	 1.528474
0.010249631 	 2.1116655
0.005099402 	 1.1277654
0.008967553 	 2.1374545
0.0063969814 	 2.4715838
0.007681231 	 1.7528844
0.0035374071 	 2.5928347
0.0063969814 	 1.1950521
0.0133984815 	 1.5561395
0.0025515896 	 2.3869967
0.0063968617 	 2.2454944
0.005401031 	 1.2299174
0.010255472 	 2.5955632
0.0026824658 	 1.3953916
0.012836054 	 1.9468997
0.009023967 	 2.5999486
0.0056470037 	 1.7319506
0.019317038 	 1.7366985
0.009771969 	 1.1533908
0.008971523 	 1.6716155
0.015713723 	 1.7655858
0.015423071 	 1.4425238
0.016748127 	 1.9445356
0.019830288 	 1.2752861
0.008967673 	 2.4159038
0.014610953 	 1.9406483
0.028104067 	 2.6152315
0.019899053 	 1.5545276
0.040298503 	 1.5731516
0.025334533 	 1.2561783
0.03536152 	 1.9935565
0.029712984 	 1.6591693
0.015447042 	 2.038671
0.023918085 	 1.2891389
0.04406517 	 1.660037
0.037840396 	 2.0711658
0.029723607 	 2.2730231
0.03504183 	 1.2641912
0.024183799 	 1.528858
0.03227982 	 2.005837
0.024592888 	 1.9105145
0.026300857 	 1.6071798
0.03648217 	 1.638811
0.01802044 	 2.2962322
0.0219828 	 1.646654
0.014128968 	 1.3803554
0.014708938 	 2.1882539
0.22807755 	 1.7374547
0.18842506 	 1.6010836
0.19853935 	 1.7330068
0.20266558 	 2.376705
0.1643628 	 1.7527534
0.13897258 	 2.6755304
0.10253649 	 2.488105
0.075471416 	 3.109045
0.063934706 	 1.1870857
0.07679724 	 2.6688764
0.08515231 	 2.6501644
0.11049307 	 2.8577323
0.092310004 	 2.692889
0.08610443 	 1.8094836
0.110372186 	 1.8472182
0.11332549 	 3.0534573
0.10994749 	 2.9506867
0.06068719 	 1.910871
0.08676105 	 2.715943
0.07960862 	 3.0457177
0.07592718 	 2.7748144
0.086509176 	 2.1533825
0.07055878 	 1.2863415
0.060462758 	 1.8261544
0.11536111 	 2.2488604
0.12776043 	 2.4159045
0.3153964 	 2.0243912
0.323878 	 2.1318595
0.1915331 	 2.2449086
0.14386563 	 3.0937815
0.10620947 	 2.586727
0.11313879 	 2.586692
0.12894426 	 2.3005884
0.12193592 	 2.6210778
0.088591956 	 2.7411952
0.31495136 	 0.8818588
0.41128772 	 1.7191621
0.12908904 	 2.639043
0.151351 	 3.6670623
0.16076687 	 3.332177
0.16087754 	 2.2829902
0.14084606 	 2.4901953
0.13724063 	 1.9153136
0.12248155 	 2.2801898
0.11269624 	 1.3660609
0.07494095 	 2.06858
0.09072731 	 1.1522359
0.08354046 	 2.4277751
0.085388266 	 3.2631876
0.07410691 	 3.22627
0.08654655 	 1.846986
0.072854586 	 2.926719
0.04167162 	 1.5282784
0.041994993 	 2.9027538
0.03845163 	 2.153597
0.05537482 	 1.7665447
0.07395973 	 1.9638706
0.07384024 	 2.1881738
0.089235604 	 2.0451174
0.11045839 	 2.4464915
0.1104922 	 2.8112755
0.12749125 	 2.233415
0.12465703 	 2.230398
0.18687962 	 1.9636446
0.19990097 	 2.0240538
0.1744075 	 1.0539929
0.20795023 	 2.0854719
0.16040671 	 1.8402817
0.10044724 	 2.4682727
0.0999407 	 2.70786
0.056412622 	 2.8999965
0.045963448 	 2.2684278
0.042676073 	 2.694224
0.0510578 	 2.6654527
0.04439754 	 2.8771079
0.04015498 	 2.598237
0.051402044 	 2.3820095
0.03649954 	 1.7983496
0.05775773 	 2.521262
0.052833043 	 2.5399
0.16467716 	 1.7343496
0.24960004 	 1.6208183
0.224429 	 1.3515041
0.23616001 	 1.7751174
0.2321461 	 1.4230253
0.18249269 	 1.8902532
0.15207404 	 1.4689265
0.14977536 	 1.9436452
0.15770164 	 2.245204
0.13605247 	 2.1083863
0.11268149 	 2.726215
0.10597917 	 3.0406837
0.077226244 	 2.862821
0.085877605 	 3.1569996
0.07297313 	 1.9795277
0.06385802 	 2.1104136
0.056090545 	 2.9282234
0.08636848 	 1.4171154
0.061544083 	 1.9342699
0.07994598 	 2.9268215
0.084971644 	 2.1187472
0.09532563 	 2.3148823
0.13089232 	 2.525568
0.11482645 	 2.453247
0.093513444 	 2.669008
0.0949306 	 1.6653361
Summary
0.0011242985  -  0.52898663 ,  0.8818588  -  4.0188484
accuracy:  100.0
equal predictions:  0
TensorFlow version: 1.13.1
Found 939 images belonging to 1 classes.
argN = 784
argN = 784
0.048295863 	 2.7881873
0.04850713 	 3.1827712
0.06072918 	 2.1652513
0.30008814 	 2.460136
0.17442921 	 2.032496
0.14274307 	 2.3859947
0.13126877 	 2.1295457
0.062228024 	 2.6389897
0.024347218 	 2.1153018
0.038570195 	 2.6363988
0.043323196 	 2.3631148
0.0846981 	 1.8761456
0.09233171 	 1.5273434
0.031026997 	 2.149994
0.037690725 	 2.5859299
0.071925625 	 2.2315772
0.05172412 	 2.4603698
0.048705675 	 2.2119508
0.045665555 	 2.2911906
0.063612044 	 2.3208523
0.06579727 	 2.9848955
0.058637336 	 2.249039
0.21575111 	 1.6955853
0.16216393 	 1.4948739
0.10048263 	 2.502066
0.06041546 	 1.8888035
0.036200624 	 1.9251722
0.0076814713 	 2.6007564
0.003833719 	 1.8223794
0.016771583 	 1.3154632
0.020406885 	 2.3691788
0.103405766 	 2.5000145
0.07899338 	 2.1248453
0.18325414 	 2.3430483
0.13683936 	 2.6363988
0.11832766 	 2.8016322
0.08910808 	 2.1451223
0.18241528 	 2.3666248
0.28988343 	 2.4741583
0.06707667 	 2.5868583
0.027943159 	 2.5567534
0.119149745 	 1.9235694
0.1128523 	 2.3525527
0.078199714 	 2.3878064
0.028449265 	 4.4670587
0.014140635 	 3.542794
0.029259631 	 3.040256
0.02260045 	 3.1451554
0.032846518 	 2.4331357
0.060384437 	 2.0787446
0.029751793 	 2.7255514
0.037669063 	 2.2556632
0.035112698 	 2.467145
0.0128361145 	 2.9689758
0.02063607 	 2.7313457
0.027233997 	 2.3394208
0.07548447 	 2.8583462
0.010255472 	 2.7853415
0.007676066 	 2.0037
0.006390863 	 1.8358498
0.010255291 	 2.7735746
0.002569696 	 2.4357061
0.0025532627 	 2.0021484
0.00511408 	 2.0870202
0.010253243 	 2.3337507
0.12090079 	 2.616522
0.13154992 	 2.3785405
0.11971582 	 1.8382248
0.12528737 	 1.4433602
0.08736352 	 2.926024
0.04839464 	 2.2437272
0.03696244 	 2.7994902
0.056407325 	 2.1332777
0.07226207 	 2.0499647
0.07697458 	 1.2130938
0.08933017 	 2.552485
0.13961297 	 1.8999507
0.04968778 	 2.869289
0.053321168 	 2.4429817
0.017708488 	 2.5450437
0.02449509 	 2.0863376
0.059726115 	 2.3162735
0.032367364 	 2.344498
0.021982191 	 1.8237237
0.04167858 	 3.604706
0.036377084 	 2.6572902
0.0063968017 	 1.9393458
0.007816385 	 2.470895
0.0025532627 	 3.406033
0.001275339 	 2.4237456
-9.5367386e-07 	 2.3764336
0.001275339 	 2.0694995
0.0076814713 	 2.6608856
0.025828129 	 2.2574732
0.023219336 	 2.8110583
0.017988639 	 2.5435674
0.011921494 	 1.150979
0.009703355 	 2.170975
0.014128968 	 1.6738681
0.009161107 	 1.3310138
0.0076218895 	 0.78381175
-9.5367386e-07 	 1.4480615
0.009193892 	 0.7389281
0.0076788887 	 0.95593435
0.007681411 	 0.9554328
0.0025544579 	 1.1859452
0.010273538 	 1.360253
0.008967553 	 1.1714889
0.012894378 	 1.9786017
0.00511408 	 0.7513298
0.012833518 	 1.6330105
0.015423192 	 2.1011124
0.0128361145 	 1.3714296
0.01645178 	 1.3710433
0.014856358 	 1.031123
0.010234034 	 1.5445783
0.008967673 	 1.9639683
0.0051135407 	 1.1029223
0.005112882 	 1.5768969
0.008967673 	 1.8970773
0.0038045207 	 1.4169298
0.007677507 	 0.9161923
0.0038328813 	 1.0530603
0.0057830215 	 0.8865669
0.001275339 	 1.297769
0.006409339 	 1.84151
0.001275339 	 1.7274927
0.001275339 	 1.6189667
-9.5367386e-07 	 2.553504
0.0051302556 	 1.7380296
0.0024758803 	 1.9149964
0.0038328813 	 2.4748037
0.005409241 	 1.3768021
0.008967613 	 2.6904263
0.010203865 	 1.5551327
0.006396922 	 1.6262958
0.0051092273 	 1.6294961
0.0025532627 	 1.2844597
0.0025564895 	 1.5162807
0.00511408 	 1.1029875
0.0057955515 	 1.102843
0.0038328813 	 1.5275625
0.00511408 	 1.5281599
0.0038253425 	 1.1753145
0.0038041617 	 1.3820484
0.0025532627 	 1.5479788
-9.5367386e-07 	 1.2273742
0.0076746843 	 1.4214206
0.007521713 	 0.67425084
0.0038328813 	 1.902935
0.0038328813 	 2.0679753
0.010255472 	 0.82448155
0.0038304282 	 1.3734057
0.0038328813 	 1.728512
0.0012724743 	 2.0248725
0.0025533822 	 1.3862448
0.001275339 	 1.0392097
0.0038328813 	 1.6707884
0.0012755777 	 0.9537337
0.0038277956 	 1.2717057
0.0025532627 	 1.5019603
0.0038328813 	 0.9504524
0.0038328813 	 0.94874406
0.0063968617 	 1.6529588
0.005675956 	 1.3602711
0.0128361145 	 1.4065142
0.01093184 	 1.1851856
0.021921203 	 0.99393433
0.023441967 	 1.4407334
0.028719867 	 1.4892695
0.018833632 	 1.487281
0.03463881 	 0.9829442
0.022305656 	 1.2764897
0.016719518 	 2.010575
0.012835511 	 2.121161
0.019244304 	 1.6907135
0.018017465 	 1.2783782
0.019311996 	 1.5342566
0.024318332 	 1.6037661
0.014116213 	 1.8392168
0.015423071 	 1.4836105
0.028651167 	 1.432195
0.023034995 	 2.1654954
0.021885136 	 1.1924037
0.018017223 	 1.536608
0.016906818 	 0.8381444
0.011351759 	 1.0620174
0.016719155 	 1.2704166
0.011555724 	 0.88006073
0.14010093 	 1.5114707
0.18324275 	 2.300042
0.17357127 	 1.582877
0.11551123 	 1.4257125
0.16011076 	 1.2424313
0.09590953 	 1.8682574
0.03372457 	 1.5955034
0.05371191 	 3.138026
0.05505868 	 1.3509539
0.05637592 	 2.3340957
0.06788177 	 2.099947
0.07547225 	 2.5534863
0.07548093 	 2.6044245
0.07939687 	 2.4149709
0.06046048 	 2.304102
0.052010514 	 1.8626525
0.0726292 	 1.8759907
0.04833615 	 2.5737152
0.040332012 	 2.1878777
0.04320046 	 1.6562868
0.047023576 	 1.3155631
0.04152796 	 2.059231
0.054852195 	 2.22887
0.04068748 	 3.1598933
0.053781662 	 2.638333
0.046686646 	 2.5495064
0.046514723 	 2.8155441
0.04834253 	 1.5261225
0.040394817 	 2.5326192
0.03253268 	 2.9903111
0.12604426 	 1.5172004
0.18515378 	 1.8937218
0.20917581 	 2.1568747
0.16095603 	 2.2336178
0.12239201 	 2.2069829
0.08887079 	 2.0574489
0.07548151 	 2.1206005
0.074137144 	 1.2575235
0.0705032 	 2.3203902
0.06453744 	 2.9987743
0.25823432 	 1.7445956
0.193936 	 1.8321359
0.13316382 	 1.7340045
0.063177794 	 2.049225
0.112211004 	 1.2941924
0.10479287 	 2.975452
0.09914295 	 2.6471558
0.08799434 	 1.8923719
0.092125356 	 1.8547821
0.08207289 	 1.5363681
0.071362145 	 2.0199366
0.046560623 	 1.2482587
0.046372678 	 2.2581913
0.06965259 	 2.1870632
0.051058743 	 2.3336651
0.048244383 	 2.0113983
0.053712036 	 1.5363698
0.06435956 	 1.8436319
0.060464025 	 1.3660566
0.028513292 	 2.744845
0.025840178 	 1.0733558
0.02715021 	 2.474781
0.033154234 	 2.793989
0.021333626 	 2.373887
0.029849 	 2.2404847
0.037615344 	 2.5700495
0.049930356 	 2.1147442
0.053678326 	 1.8916591
0.14295903 	 2.0234003
0.12997825 	 1.8948591
0.13178259 	 2.1092687
0.15160511 	 1.5401361
0.16307667 	 1.8887433
0.14674227 	 1.4166831
0.14740734 	 2.171631
0.1313797 	 2.1806834
0.088487625 	 1.9107783
0.0850867 	 1.9925493
0.023225803 	 1.4731016
0.036236964 	 2.2699142
0.028461408 	 2.903134
0.029591907 	 2.1485136
0.024530396 	 2.2829602
0.02445673 	 1.0653204
0.03256864 	 2.0209217
0.043002322 	 1.1225349
0.03900709 	 2.0101757
0.036366574 	 1.7890166
0.040687792 	 2.5434968
0.052769013 	 2.4046118
0.102887824 	 2.531873
0.11071716 	 1.7443455
0.14630874 	 1.5050224
0.15162571 	 1.2935721
0.16127576 	 2.137927
0.20144694 	 1.8520541
0.18621643 	 2.0458035
0.20847307 	 1.7737631
0.20276092 	 1.8086308
0.19284604 	 1.8434559
0.18985276 	 1.8972883
0.1206432 	 1.0812613
0.1327563 	 1.5523598
0.09333296 	 1.6467184
0.12366447 	 1.5029465
0.118320756 	 2.0293453
0.106153995 	 2.069031
0.13399029 	 1.5660508
0.1026559 	 2.4246347
0.043113336 	 2.6484396
0.04432009 	 2.4084132
0.045319226 	 2.2329683
0.035040967 	 1.9160479
0.04572152 	 1.3669635
0.055941083 	 1.1699226
0.07136336 	 2.4440482
0.09953582 	 2.7324243
0.08933004 	 2.6307876
0.085098185 	 2.120077
0.06473767 	 2.6135283
0.06583859 	 1.876745
0.049827542 	 2.9955714
0.047002457 	 2.3877208
0.044336043 	 1.382738
Summary
-9.5367386e-07  -  0.30008814 ,  0.67425084  -  4.4670587
accuracy:  100.0
equal predictions:  0
