TensorFlow version: 1.13.1
Found 939 images belonging to 1 classes.
argN = 3136
argN = 3136
0.19290951 	 1.712175
0.20175654 	 2.1462073
0.3228387 	 1.5125569
0.23757781 	 1.764695
0.17490733 	 1.676652
0.029543836 	 1.7917931
0.021372717 	 2.1341631
0.014129088 	 1.281526
0.014322496 	 1.6588489
0.19449478 	 1.4155681
0.14615516 	 1.3136635
0.08890995 	 1.5031515
0.061824553 	 2.0395148
0.102876194 	 1.9364151
0.17038877 	 1.3457664
0.36163905 	 1.4121698
0.2608319 	 1.9089419
0.054160066 	 1.1343514
0.007913947 	 1.9853985
0.00856697 	 1.9978515
0.1947391 	 1.7517787
0.2509585 	 1.5731652
0.33060715 	 1.8775465
0.35159323 	 1.4244301
0.37727666 	 1.8506129
0.34998894 	 1.3071705
0.33949128 	 1.6076226
0.28694865 	 2.7053156
0.2450786 	 1.831534
0.22093673 	 1.7498975
0.3504138 	 1.3192686
0.017056989 	 1.7689835
0.06460712 	 1.4809525
0.09116272 	 1.8752215
0.088548385 	 1.9003875
0.06343897 	 1.8608663
0.029350532 	 1.7453946
0.012321009 	 1.9398406
0.012652472 	 2.1947238
0.01522352 	 1.2582756
0.015382637 	 1.9806584
0.0073296768 	 1.4539773
0.09896506 	 1.2559121
0.042575307 	 1.1317858
0.036349576 	 1.301202
0.03974177 	 1.0740052
0.011825048 	 2.000117
0.01910705 	 1.9683503
0.00324214 	 1.2134123
0.0031614753 	 2.1824863
0.003525444 	 1.2999287
0.0022374967 	 1.3361158
0.0071454816 	 1.89554
0.011551623 	 1.6432036
0.015434087 	 1.9393418
0.021655967 	 1.7339479
0.021959586 	 1.4923314
0.043835346 	 1.4971224
0.058958657 	 1.9833641
0.0389968 	 2.0371702
0.0222274 	 2.3626654
0.025034228 	 1.7173774
0.015469257 	 2.198717
0.020627126 	 1.4638721
0.019022787 	 1.8817145
0.065940455 	 1.4657154
0.053197447 	 1.8402314
0.06752269 	 2.675179
0.086517625 	 1.7271091
0.034904428 	 1.5596144
0.13406703 	 1.5597051
0.1376599 	 1.3559539
0.037387 	 1.6854104
0.036972333 	 1.3719655
0.03991594 	 1.5601269
0.040388424 	 2.1903892
0.027416723 	 1.9638243
0.021784982 	 1.8787267
0.005615894 	 1.5079997
0.0066735605 	 1.704915
0.0035082772 	 1.8448311
0.0040714066 	 1.3816825
0.036741227 	 1.2793732
0.046265297 	 1.4062784
0.04129164 	 1.4412414
0.031684343 	 0.991738
0.045789342 	 1.7000754
0.04103879 	 1.1469828
0.035532955 	 0.7435776
0.03579788 	 0.84141725
0.038431626 	 0.5229375
0.037263688 	 0.8350357
0.03186056 	 1.1499914
0.041200206 	 1.1529102
0.043769147 	 0.6760319
0.03437296 	 0.6714616
0.042958144 	 1.2445372
0.042558454 	 0.739733
0.036459114 	 0.8376579
0.03163008 	 0.5451527
0.027967677 	 1.7194386
0.024879923 	 0.33312786
0.019050429 	 0.56832016
0.025395181 	 0.89846814
0.023597576 	 1.2692714
0.029761555 	 0.52407235
0.019502396 	 0.46686858
0.01474136 	 0.6561427
0.011275741 	 0.8685372
0.009879655 	 0.7381931
0.008319137 	 0.71983886
0.0100543 	 1.1397539
0.008181271 	 1.0493292
0.007814703 	 1.0365328
0.008394568 	 1.2546629
0.012524086 	 0.6244451
0.011874929 	 0.5345868
0.009887962 	 0.6249986
0.006064528 	 0.7338111
0.010161775 	 1.0994674
0.006349353 	 0.35242134
0.0076902406 	 0.8160573
0.0063936226 	 0.46271795
0.004920049 	 0.8239439
0.0064277556 	 0.5307861
0.003192987 	 0.5566619
0.0036888726 	 1.5153834
0.0055068685 	 0.56661975
0.0054306355 	 0.71588284
0.004649045 	 0.60255057
0.004442771 	 0.4739655
0.006076222 	 0.90243953
0.0046863523 	 1.2036321
0.0044246907 	 0.6260116
0.0035418337 	 0.9584005
0.0051230663 	 0.71191734
0.0043338137 	 0.58236176
0.0031314595 	 0.55628324
0.0034670064 	 1.1076095
0.0032000428 	 0.3452169
0.0054836147 	 0.7900727
0.0052375025 	 0.8033414
0.003493264 	 0.90893555
0.004574434 	 0.84469986
0.0017095507 	 0.80375487
0.0053662737 	 1.0475535
0.008619455 	 0.4028034
0.009250018 	 0.8850355
0.0068237013 	 0.8855518
0.0059269727 	 0.6936934
0.007166553 	 1.1588054
0.009671156 	 2.2763608
0.007311784 	 0.4079831
0.010021428 	 0.7844317
0.009267163 	 1.0153486
0.009015366 	 0.63437027
0.008895626 	 0.50583947
0.008940791 	 0.6193789
0.009767636 	 0.8511525
0.011726621 	 0.45358667
0.015488507 	 0.38169768
0.008825269 	 0.93383193
0.012121111 	 0.92460555
0.010552817 	 0.7555784
0.016794251 	 0.36975273
0.015533485 	 0.55269617
0.014900159 	 1.0855477
0.019198367 	 0.84891266
0.021664495 	 0.49247015
0.033500317 	 1.462607
0.020753087 	 0.3778987
0.036889642 	 0.8127553
0.02975517 	 0.6769903
0.046785574 	 0.6873963
0.035019606 	 1.0230238
0.044866536 	 1.1323625
0.047713842 	 0.32498157
0.04280503 	 0.7205835
0.045660187 	 0.790945
0.048010845 	 0.84442246
0.038919892 	 0.9924429
0.049366735 	 0.65455383
0.03861325 	 1.1642516
0.037127648 	 1.252827
0.030161874 	 0.81510204
0.026253555 	 0.6300894
0.02500856 	 0.93259156
0.01654025 	 0.4936806
0.012626153 	 0.6360861
0.0138263265 	 0.9803141
0.012144218 	 0.4403285
0.0092889415 	 0.94193155
0.011418316 	 1.0254943
0.0070509957 	 0.5519788
0.009503558 	 0.34485152
0.17557862 	 1.1194426
0.17496952 	 0.66578835
0.13070822 	 1.6285503
0.13218884 	 1.3511143
0.08383715 	 1.0221151
0.10355661 	 1.5678593
0.080060005 	 1.4468157
0.08814262 	 1.5479541
0.094023935 	 1.1464356
0.10008464 	 1.62253
0.09377265 	 1.388014
0.09129312 	 1.2101386
0.08882683 	 1.0828891
0.09702287 	 1.6844777
0.088036194 	 1.0148488
0.09969477 	 1.2761866
0.09296868 	 2.1199245
0.09553854 	 1.1847422
0.102961555 	 1.350733
0.10008668 	 1.5371435
0.09547945 	 0.7837663
0.09102549 	 1.4475541
0.08654531 	 1.4985994
0.109187655 	 1.5743566
0.09744828 	 1.5143658
0.081949644 	 1.1872845
0.13516344 	 0.67074114
0.19856158 	 1.2425097
0.18000591 	 1.4411597
0.17558217 	 1.1342093
0.12888893 	 1.2894785
0.10104449 	 1.2040075
0.11507238 	 1.7510077
0.10090088 	 1.1558582
0.103277944 	 0.89611053
0.07219845 	 1.3954796
0.06949016 	 1.1219946
0.07417848 	 1.2850387
0.07533027 	 0.78071356
0.072948255 	 1.4811368
0.08104381 	 1.0837058
0.078703605 	 1.0241159
0.07546396 	 0.5681434
0.07219851 	 0.8240279
0.073444374 	 1.6915822
0.07749176 	 1.26706
0.062478863 	 1.626443
0.052596297 	 1.700515
0.05436068 	 1.0037038
0.057722937 	 1.6686666
0.06184072 	 1.3549638
0.070873775 	 1.053536
0.08324593 	 0.8421848
0.09074578 	 1.3759072
0.08695784 	 1.6485085
0.0925294 	 1.1017314
0.09381206 	 1.1781025
0.093779854 	 0.9930379
0.13202402 	 1.0864422
0.1555431 	 1.4474965
0.15140787 	 1.3797253
0.1505772 	 0.6417994
0.135118 	 1.2987229
0.18179172 	 1.0462296
0.17473248 	 1.1769243
0.15923741 	 1.3910881
0.1437734 	 0.8540516
0.09730617 	 1.1067139
0.101922765 	 1.6040355
0.09137762 	 0.6951217
0.07902415 	 1.6825107
0.076217696 	 1.4916768
0.061205395 	 1.4178339
0.066137776 	 0.7592162
0.056090925 	 1.5884641
0.060826533 	 0.9254156
0.061482094 	 1.6004407
0.061790314 	 0.8445904
0.07020168 	 1.7081716
0.05514805 	 1.3575785
0.049838383 	 1.5073366
0.056511763 	 1.2854517
0.06842115 	 1.8108927
0.06400613 	 1.2000887
0.06247068 	 0.70453525
0.07567667 	 2.135789
0.09044442 	 1.242038
0.10538577 	 1.5478354
0.14527392 	 2.0026903
0.14033504 	 1.5084467
0.21253848 	 1.3369095
0.22253554 	 0.75084245
0.25376996 	 0.88001645
0.2807566 	 0.8549825
0.28509215 	 0.85031015
0.31410858 	 0.7421099
0.3889812 	 0.7097155
0.39415935 	 1.0211422
0.36389798 	 0.88622063
0.06683347 	 0.76063436
0.06257861 	 1.642835
0.0693558 	 1.158803
0.077545285 	 1.0944005
0.06509085 	 1.3274703
0.058047056 	 0.88238925
0.06680658 	 1.169791
0.070675455 	 1.2161226
0.06359781 	 1.1640358
0.06831437 	 1.6954527
0.07130383 	 1.2719285
0.07601323 	 1.1571946
0.07121723 	 0.65188265
0.0740483 	 1.451541
0.06622662 	 1.6541893
0.062609956 	 1.0737776
0.06696137 	 1.3423529
0.060744636 	 1.0667685
0.053820662 	 1.0377051
Summary
0.0017095507  -  0.39415935 ,  0.32498157  -  2.7053156
accuracy:  100.0
equal predictions:  0
TensorFlow version: 1.13.1
Found 939 images belonging to 1 classes.
argN = 3136
argN = 3136
0.34675536 	 2.124148
0.3803797 	 1.7689345
0.47154012 	 2.1534827
0.29143316 	 1.6556946
0.23950726 	 2.2155836
0.18787217 	 1.9715009
0.08943452 	 1.9214495
0.091542676 	 2.2545025
0.029207097 	 2.5491066
0.028725388 	 2.5177264
0.029381959 	 2.8329422
0.025894128 	 2.406854
0.03294292 	 1.9468666
0.02309227 	 2.2169378
0.019912248 	 1.8682003
0.022166459 	 2.3743854
0.04749693 	 1.9255335
0.021537688 	 2.192085
0.0741227 	 1.9615629
0.35863975 	 1.1401211
0.3344481 	 1.1996342
0.17204966 	 1.7987893
0.1622897 	 1.9404404
0.20601526 	 2.0113351
0.34084207 	 2.1511495
0.36303487 	 1.5395457
0.46024486 	 1.9947803
0.4630363 	 1.6533298
0.43462142 	 1.7434272
0.39705124 	 1.5459199
0.14781964 	 1.9376599
0.10484311 	 2.2255113
0.12153933 	 1.7769456
0.046668157 	 1.917019
0.04874598 	 1.9359024
0.037923105 	 2.135415
0.054709967 	 2.455251
0.48087132 	 2.2689471
0.47229114 	 2.1468852
0.5018227 	 1.9588013
0.5488933 	 2.2310004
0.6698475 	 1.7770442
0.5986694 	 2.4428775
0.60959077 	 1.9537793
0.53370094 	 2.6283393
0.53060067 	 1.7950016
0.34747115 	 1.8020002
0.40359643 	 1.8063504
0.44810718 	 1.8439336
0.6030234 	 2.1121225
0.06532561 	 2.5729384
0.08980808 	 2.3003237
0.13895394 	 1.9072124
0.14555524 	 2.4304655
0.04325778 	 2.5351627
0.040310975 	 2.2298615
0.038919583 	 2.1701381
0.024411654 	 2.4429386
0.027478905 	 1.7717595
0.25712335 	 1.3933247
0.17467086 	 1.5475405
0.15781176 	 1.8549787
0.1387009 	 1.6731675
0.113627814 	 1.8180251
0.12990387 	 2.3233047
0.13702925 	 2.0389247
0.11540553 	 1.9899708
0.10110668 	 1.6564083
0.0907418 	 2.2456076
0.03342118 	 2.0084376
0.034143563 	 2.1518936
0.042886842 	 1.8823146
0.03517098 	 2.5366852
0.023257282 	 1.5263859
0.04558545 	 2.3315425
0.11035728 	 2.321117
0.11602029 	 2.1977189
0.103082135 	 2.3122013
0.092250064 	 2.638137
0.07855401 	 2.327959
0.075465314 	 2.6154099
0.058421075 	 2.160477
0.052981228 	 2.0049696
0.07654665 	 2.394491
0.09499739 	 1.9149171
0.10389448 	 1.4484982
0.108917244 	 1.8496362
0.13175736 	 1.8697194
0.13173819 	 1.8389994
0.049492173 	 2.1407547
0.03637294 	 2.327217
0.15665929 	 1.5799074
0.034701012 	 1.6176479
0.05316168 	 1.7094928
0.29072422 	 1.3455492
0.11397164 	 1.6527169
0.11128288 	 1.9152205
0.11644215 	 1.8876268
0.11256095 	 1.7857084
0.067451276 	 2.0789855
0.04077924 	 2.299766
0.015113079 	 2.2932014
0.025888072 	 2.2288797
0.027523324 	 1.8418714
0.037707932 	 2.2052002
0.07210953 	 1.9119545
0.050705463 	 2.2494922
0.03060396 	 2.2663891
0.11632243 	 0.7062202
0.110939376 	 1.3006055
0.12045096 	 1.6159685
0.12215458 	 0.83176476
0.12171576 	 1.0223649
0.11332396 	 0.7018884
0.10757744 	 0.8564957
0.10378782 	 0.77491254
0.10792796 	 1.1513773
0.111769326 	 0.94913465
0.115575664 	 1.6928668
0.103079095 	 1.3191098
0.09773855 	 1.1973636
0.09800234 	 0.9600843
0.095258616 	 0.9026197
0.095578216 	 1.3659153
0.097097084 	 1.0413486
0.080123805 	 1.488588
0.07912698 	 0.79000175
0.057639144 	 1.1996833
0.06373007 	 0.7817162
0.045162197 	 1.4633723
0.047525182 	 1.6163999
0.030876435 	 0.5291197
0.037531175 	 1.3045003
0.03399876 	 2.1469245
0.03240258 	 1.3937316
0.034478884 	 0.9734844
0.028386962 	 1.4119699
0.03421252 	 1.1221014
0.032729555 	 1.173094
0.028634362 	 1.2721865
0.03713433 	 0.8289919
0.022045622 	 0.6456183
0.022302365 	 0.86482203
0.02509174 	 0.76685864
0.020300614 	 1.5045519
0.017724749 	 0.62858826
0.019881483 	 1.0052314
0.021300867 	 0.8616348
0.025794 	 1.0205891
0.019829681 	 0.83588594
0.021178551 	 1.6093477
0.023193043 	 1.0577285
0.020750592 	 1.3374811
0.018563325 	 1.5730008
0.014792052 	 1.1603724
0.019101946 	 1.3977128
0.020050038 	 1.3933922
0.013446387 	 1.4810615
0.015782205 	 1.1549206
0.019838497 	 2.0943925
0.018193599 	 1.2063465
0.01800733 	 0.92748827
0.020263936 	 1.2439086
0.02373862 	 1.3630017
0.023111729 	 0.86605656
0.022713184 	 1.237147
0.02517028 	 0.8591949
0.02441202 	 0.7423487
0.018834481 	 1.1930602
0.019876556 	 0.9210969
0.021641167 	 1.743539
0.022813126 	 1.9151509
0.028567016 	 1.4319383
0.031285197 	 0.8249176
0.034209803 	 0.9698789
0.03497899 	 1.0211514
0.033619463 	 1.4816173
0.0549804 	 1.7867886
0.063629955 	 1.4670278
0.07718233 	 0.97811943
0.08117199 	 1.0026228
0.08637849 	 1.474356
0.0937047 	 0.84266835
0.10354339 	 0.7048665
0.099826954 	 1.2778523
0.10197524 	 0.859726
0.107923515 	 1.057071
0.09878576 	 1.1339204
0.07668326 	 0.7613244
0.07354342 	 0.7254221
0.03792106 	 1.0342891
0.027283918 	 1.0047284
0.029346788 	 1.4721775
0.029981287 	 1.3739344
0.02892256 	 0.7799378
0.3131375 	 1.1457987
0.31598666 	 1.1840109
0.2953589 	 1.5600518
0.31203014 	 1.4194384
0.23472197 	 1.2148702
0.20596986 	 1.4412092
0.17586462 	 1.7179824
0.17454502 	 1.4311391
0.1624701 	 1.2991424
0.16960599 	 0.7935663
0.17249654 	 1.3830559
0.19930772 	 1.7721865
0.21679623 	 1.2500166
0.20589808 	 1.1108929
0.22363912 	 1.1022756
0.22265817 	 1.367358
0.20052771 	 1.2692994
0.19287047 	 1.4224694
0.20521754 	 1.254371
0.2090017 	 1.4573665
0.21683961 	 1.5477198
0.21876831 	 1.5458578
0.20658955 	 1.2648772
0.2156992 	 1.2029899
0.20354389 	 1.2890604
0.2064235 	 1.368551
0.21901506 	 1.6312125
0.21296453 	 0.8977277
0.2112766 	 1.5561002
0.19770871 	 1.3781085
0.21084024 	 1.6742868
0.20109099 	 1.5914401
0.23867838 	 1.4850329
0.27783665 	 1.4410528
0.2626306 	 1.8066556
0.24244198 	 1.6023275
0.2050668 	 1.2204906
0.20720246 	 1.6223005
0.18795367 	 1.0722795
0.21312924 	 2.398193
0.21557482 	 1.9985188
0.22491671 	 1.2881215
0.18630964 	 1.7097076
0.19470882 	 1.2680888
0.19434594 	 1.4125092
0.18566225 	 1.57179
0.14879553 	 1.4688483
0.14595582 	 2.0568986
0.14459525 	 1.7952319
0.14853252 	 1.321914
0.1123227 	 1.2182968
0.10829534 	 1.704617
0.10366259 	 1.8074749
0.11586053 	 0.8439024
0.12951137 	 1.9513948
0.11659672 	 1.816987
0.13367446 	 1.9777408
0.16361265 	 1.2153448
0.17775346 	 1.2016937
0.20098422 	 0.93726444
0.19424054 	 1.0580372
0.19780205 	 1.3341036
0.1922436 	 1.516026
0.18929152 	 1.2895085
0.21736623 	 1.5786006
0.22770862 	 1.5408744
0.262816 	 1.1534885
0.26038387 	 1.2669328
0.3019395 	 1.0292835
0.30586365 	 1.1897324
0.30916348 	 1.2550695
0.25213727 	 1.3371034
0.20268266 	 1.4299922
0.19525623 	 0.9175031
0.18945388 	 1.6361274
0.15057825 	 1.5087541
0.14049308 	 1.3944926
0.14488252 	 1.6649826
0.14669822 	 1.3967361
0.14594382 	 1.5008742
0.15300338 	 1.3253297
0.13807806 	 1.2460865
0.14710872 	 1.8935697
0.17668454 	 1.2517574
0.1800961 	 0.8944858
0.19297941 	 1.5438273
0.19600941 	 1.5854738
0.22570378 	 0.7551162
0.24244821 	 1.6597508
0.25338808 	 1.4873176
0.26315236 	 1.4806103
0.2765769 	 1.067657
0.3801159 	 0.929148
0.40975076 	 0.8364586
0.45649746 	 0.8950935
0.44727883 	 0.8364072
0.46530792 	 0.73674774
0.4408184 	 0.8110063
0.49223092 	 0.8256078
0.5048171 	 0.8150414
0.47647816 	 0.7952252
0.49206576 	 0.8745573
0.47735673 	 0.895385
0.48685578 	 0.77584493
0.28286278 	 1.1348671
0.26427138 	 1.1986303
0.1753126 	 1.7422683
0.16587128 	 1.416117
0.15549938 	 1.8359581
0.15511772 	 1.0117005
0.1633102 	 1.3727468
0.15407021 	 1.5346239
0.16428658 	 1.2434888
0.16650203 	 1.8050174
0.16341288 	 1.5790273
0.16039097 	 1.7715561
0.1505258 	 1.8935167
0.1332738 	 1.6569607
Summary
0.013446387  -  0.6698475 ,  0.5291197  -  2.8329422
accuracy:  100.0
equal predictions:  0
TensorFlow version: 1.13.1
Found 939 images belonging to 1 classes.
argN = 3136
argN = 3136
0.35114127 	 2.3127074
0.36753872 	 2.5331557
0.4351083 	 2.136835
0.72937006 	 1.8903913
0.52401316 	 1.9309676
0.3281949 	 2.0548913
0.3114529 	 2.3778143
0.12295838 	 2.1925466
0.0715446 	 2.2824566
0.054143894 	 1.276373
0.023467107 	 2.637953
0.021915292 	 1.5591657
0.02651989 	 1.8288014
0.19371489 	 1.517314
0.14266792 	 1.5847696
0.19481152 	 2.0664341
0.27506456 	 1.8019756
0.36226872 	 1.9619601
0.39592665 	 2.0985131
0.41956905 	 1.9117339
0.45442703 	 1.7826086
0.45191666 	 1.9333923
0.4055137 	 2.1595564
0.3939998 	 1.8963572
0.4334995 	 1.6800501
0.24134248 	 2.0202901
0.121555485 	 1.6318419
0.11608181 	 1.931206
0.048392262 	 2.462137
0.05003763 	 2.2657392
0.035772923 	 1.9650276
0.031205498 	 2.2414536
0.031707168 	 1.1908311
0.078871734 	 2.3991804
0.11713287 	 2.1009798
0.17866644 	 2.453819
0.51540095 	 2.3461769
0.5964263 	 2.5376167
0.5650041 	 2.1342075
0.526618 	 2.1260395
0.5584294 	 1.8872914
0.57753503 	 2.3330832
0.6462675 	 2.0508668
0.1687083 	 2.1930017
0.20587566 	 1.7664286
0.13642733 	 1.9770725
0.1566777 	 1.8693397
0.027519034 	 1.6516817
0.022534547 	 2.6688025
0.030095778 	 2.0658827
0.024119623 	 2.7687435
0.022292675 	 2.510512
0.11698693 	 1.9846649
0.12779315 	 2.2064083
0.13722101 	 1.91822
0.13205783 	 1.7535396
0.12464258 	 1.9086066
0.123733 	 1.8296405
0.114666335 	 1.7190926
0.15934707 	 2.3709943
0.143635 	 1.9312656
0.13793075 	 2.3253653
0.102811195 	 2.1669996
0.070336916 	 1.8296684
0.0450734 	 1.9978871
0.018519666 	 2.1188955
0.018073058 	 2.6897283
0.014992545 	 2.1730087
0.011966253 	 1.9545833
0.018215207 	 1.9775112
0.017060323 	 2.5485218
0.018204099 	 2.3814645
0.15406327 	 2.3291085
0.108251765 	 1.5112234
0.08825935 	 2.1957345
0.086215265 	 2.741538
0.04322685 	 2.3205755
0.048261333 	 1.6590604
0.13233177 	 1.6591123
0.14526159 	 2.3676045
0.16834547 	 1.7441018
0.1827836 	 2.0808551
0.16785581 	 2.0136354
0.15581667 	 2.5785844
0.15761267 	 2.6236792
0.039471705 	 2.1545691
0.03787624 	 2.3000627
0.24557474 	 1.2820517
0.16186297 	 1.6247691
0.09666512 	 2.1689017
0.11204644 	 2.1683192
0.113194525 	 1.8280939
0.12476122 	 1.8492043
0.03385102 	 2.3201804
0.025230672 	 2.606747
0.020792948 	 2.197769
0.018864304 	 2.7767682
0.018004296 	 2.2903996
0.019632045 	 2.5297222
0.029401602 	 2.7732215
0.10644203 	 2.044321
0.12650737 	 0.9679937
0.10628438 	 1.1641536
0.11894376 	 0.7122163
0.11578624 	 0.97278124
0.134543 	 1.1068877
0.1274859 	 1.3569027
0.11369165 	 1.2841576
0.1091721 	 0.892251
0.1234852 	 1.11856
0.11305229 	 1.4031199
0.11007132 	 0.9293261
0.116022505 	 1.2118442
0.112108454 	 1.3607022
0.099444434 	 0.72207683
0.11193278 	 0.9112363
0.102999344 	 1.3774015
0.06262798 	 1.019008
0.061247915 	 1.365186
0.0622213 	 0.99655145
0.054779533 	 0.9884003
0.05072534 	 1.3004605
0.050578434 	 0.90733546
0.038162533 	 0.70862466
0.036360767 	 1.411581
0.04108456 	 0.8800837
0.038702153 	 1.3464575
0.033788133 	 2.7341168
0.034530215 	 1.6051669
0.034855977 	 0.79547405
0.026803806 	 0.89675564
0.036060713 	 1.5187409
0.034969546 	 1.0531822
0.03735711 	 1.5699404
0.034831844 	 1.1421959
0.029706415 	 0.6952673
0.022919115 	 0.6387571
0.025629794 	 2.737018
0.023623452 	 1.0529732
0.02492667 	 2.0725765
0.022913687 	 1.4453027
0.024636017 	 1.008687
0.026910404 	 1.050915
0.021442747 	 0.9545409
0.025555313 	 1.3135415
0.020943277 	 1.0197498
0.023865525 	 1.108202
0.019426122 	 1.8307915
0.016469352 	 1.3866538
0.020775178 	 0.87176156
0.022008026 	 1.4153457
0.017624283 	 0.9581265
0.016189566 	 0.8815463
0.0184241 	 0.94930863
0.020353109 	 1.2422124
0.01807603 	 1.546266
0.025672846 	 0.9879049
0.018154388 	 1.0624809
0.019164708 	 0.8830872
0.020266978 	 1.2183925
0.017453406 	 1.0065013
0.01800369 	 0.707022
0.029614193 	 0.5621292
0.028217485 	 1.3878217
0.024562404 	 0.704416
0.019767364 	 1.0833505
0.026554596 	 1.4492087
0.023398766 	 0.94077265
0.026944816 	 1.1689576
0.03369381 	 1.2893375
0.03344275 	 0.5537394
0.03708571 	 1.2997187
0.02880679 	 2.1791863
0.026587037 	 0.879206
0.047226638 	 0.7752473
0.076971166 	 0.5559531
0.0862241 	 0.53980386
0.09316781 	 1.1473777
0.08977378 	 1.1597924
0.10488249 	 0.9058998
0.10044315 	 1.3065064
0.10302194 	 1.044787
0.11241067 	 0.8161595
0.102748044 	 1.4425105
0.08693938 	 0.89031345
0.08217992 	 0.8184689
0.085125834 	 1.120373
0.05552546 	 1.8903025
0.0571568 	 1.0464255
0.042333327 	 1.328316
0.046791695 	 1.4345373
0.039542455 	 2.0293076
0.023686314 	 0.7549439
0.3165506 	 1.3911259
0.33970004 	 1.0695179
0.30704626 	 1.178547
0.3547232 	 1.0663421
0.26489303 	 1.4022131
0.2322994 	 1.4855362
0.19563982 	 1.567978
0.20143338 	 0.9909381
0.19433935 	 0.9972515
0.16631731 	 1.0122226
0.19481616 	 1.0171542
0.2118823 	 1.7114282
0.21365376 	 1.5079684
0.21922618 	 1.2173233
0.21935391 	 1.5645431
0.222952 	 1.2162119
0.18435992 	 1.48961
0.18856029 	 1.4579674
0.20142864 	 1.4295477
0.19720425 	 1.4900206
0.20529366 	 1.1373304
0.21066856 	 1.3889087
0.20422803 	 1.545806
0.19390343 	 1.8037031
0.19490343 	 1.4004813
0.21557046 	 1.6023574
0.22500336 	 1.3761861
0.24860209 	 1.5715883
0.2801497 	 1.1990832
0.29676884 	 1.710932
0.30384913 	 1.5275248
0.29747 	 1.5601877
0.2760744 	 1.5833728
0.28196472 	 1.1873289
0.27265665 	 1.5963217
0.2557565 	 1.6075506
0.2229427 	 1.6569442
0.21546318 	 1.153514
0.21883136 	 1.1719311
0.21166609 	 1.6005743
0.19875127 	 1.3857826
0.21500221 	 1.5525395
0.20141375 	 1.7669067
0.19280289 	 1.975837
0.20223616 	 1.6911206
0.19666143 	 1.7271808
0.21910469 	 1.3596499
0.2132365 	 1.750977
0.1824107 	 1.7408088
0.20020646 	 1.2162611
0.1810816 	 1.3203835
0.15383556 	 1.0452024
0.15790613 	 1.4659938
0.1671322 	 1.4878488
0.16603214 	 1.4158679
0.14514174 	 1.7458819
0.14049459 	 1.5995622
0.14440165 	 1.2269139
0.108336985 	 1.7060534
0.11404466 	 1.8913133
0.116400905 	 1.218581
0.1268924 	 1.33549
0.14578512 	 1.4793628
0.15924853 	 1.7604114
0.17677402 	 1.561428
0.1817504 	 1.3014836
0.18119232 	 1.3247752
0.1843374 	 1.5002445
0.20283289 	 1.6034917
0.19495463 	 0.8662064
0.19951473 	 1.2676481
0.181258 	 1.5998131
0.18062529 	 1.6570114
0.19285305 	 1.6380705
0.23698325 	 1.4150579
0.28044087 	 1.0797356
0.17717406 	 1.1096894
0.15347081 	 1.841014
0.12802243 	 1.7902821
0.13871734 	 1.7014903
0.12530825 	 1.6286386
0.13602011 	 1.2967448
0.14348398 	 1.5479331
0.14964624 	 1.7951204
0.18640286 	 0.90803456
0.24628773 	 1.5375406
0.32157964 	 1.2047955
0.35710132 	 1.0515703
0.35929963 	 0.9329306
0.3843387 	 0.9695757
0.37952873 	 0.93302786
0.38955328 	 0.92044264
0.3848864 	 0.837865
0.43552983 	 0.8254385
0.43168256 	 0.77051765
0.44894174 	 0.8276806
0.49124032 	 0.8320711
0.48760965 	 0.79716396
0.4289467 	 0.8762211
0.41783255 	 0.951595
0.3725845 	 0.79285413
0.34703648 	 0.7523925
0.23981616 	 1.1507058
0.22132948 	 0.842698
0.22197194 	 1.4653972
0.19671077 	 1.6988581
0.18417151 	 1.5544591
0.1762451 	 1.4510878
0.15276891 	 1.099252
0.14484945 	 1.1837114
0.1526058 	 1.1139407
0.14766307 	 0.87220573
0.1640439 	 1.8865414
0.15835595 	 1.6540859
0.14647944 	 1.4855119
0.16019666 	 1.5559188
0.16232888 	 1.5745332
0.15369536 	 1.4593781
0.14068426 	 1.2015498
0.12920502 	 1.7694415
Summary
0.011966253  -  0.72937006 ,  0.53980386  -  2.7767682
accuracy:  100.0
equal predictions:  0
TensorFlow version: 1.13.1
Found 939 images belonging to 1 classes.
argN = 3136
argN = 3136
0.2730964 	 1.8777523
0.49787712 	 2.2283251
0.3238705 	 1.6528025
0.29423258 	 1.8854984
0.039024692 	 1.8107193
0.025196014 	 1.6866153
0.05399642 	 2.107509
0.12874934 	 1.2959635
0.18990141 	 1.5032928
0.2539768 	 1.2184278
0.34192166 	 1.907821
0.24702832 	 1.502266
0.34088114 	 1.4717267
0.1660317 	 1.9457455
0.070469745 	 2.0721195
0.06172311 	 1.5860274
0.05917301 	 2.3403788
0.034528982 	 2.7551363
0.02683999 	 2.005071
0.023115328 	 2.6895692
0.022409458 	 1.920905
0.022653066 	 1.928752
0.041983306 	 2.227459
0.039240394 	 1.8061653
0.19437172 	 2.1676702
0.38466966 	 1.9327197
0.37818897 	 2.7662253
0.36296982 	 1.4683309
0.36173514 	 2.3369496
0.3043361 	 2.3022828
0.28990605 	 1.9382489
0.3133617 	 1.9318978
0.19809273 	 2.0191586
0.4625996 	 2.1946163
0.50608486 	 1.9868723
0.054889724 	 1.8554066
0.047406055 	 1.9396597
0.14170314 	 1.8158174
0.13120571 	 1.9190507
0.11742066 	 1.9295882
0.09903672 	 1.878231
0.03534386 	 2.505644
0.043328986 	 2.1246133
0.12059471 	 1.7294562
0.1078216 	 1.9171747
0.12281758 	 1.8153211
0.13889724 	 1.776021
0.09310173 	 1.6183494
0.12341905 	 2.0622385
0.116596386 	 2.1258857
0.14008941 	 2.1973386
0.03197096 	 2.221268
0.025677493 	 1.8624625
0.01618048 	 1.8528506
0.013072993 	 2.2180119
0.014735796 	 1.9620554
0.017706001 	 2.5495362
0.054207698 	 1.9107835
0.05639875 	 2.0284638
0.109474026 	 1.8924193
0.09890321 	 2.3821328
0.084868535 	 2.0945895
0.06180401 	 2.080388
0.037726007 	 1.930181
0.0375313 	 1.8713089
0.12480031 	 1.3012787
0.10657304 	 1.8255805
0.13387464 	 2.0217266
0.09568184 	 1.7548171
0.06911817 	 2.0877469
0.03540907 	 1.8540819
0.039769743 	 1.9039712
0.16510579 	 1.5788232
0.1250129 	 1.4513
0.09798334 	 1.8654593
0.060333215 	 2.5419965
0.21149656 	 1.0265834
0.2331665 	 1.1213427
0.21164894 	 1.3781011
0.10475931 	 1.5902573
0.09038635 	 2.3084111
0.07977315 	 2.2395632
0.10397775 	 1.9467226
0.09565318 	 2.0200331
0.11022843 	 1.7931466
0.026343387 	 2.5301638
0.03331931 	 2.0066898
0.020510307 	 1.8315448
0.018354889 	 2.4030395
0.017656982 	 1.720136
0.035658397 	 1.8861773
0.04403471 	 1.886913
0.11151348 	 0.8881774
0.097959474 	 0.80857605
0.10700718 	 0.6657271
0.10833931 	 1.1038239
0.11704489 	 0.8018675
0.116505034 	 1.3085508
0.10813315 	 0.7684129
0.10908528 	 1.0805761
0.11061556 	 1.2842907
0.11168162 	 0.62361956
0.09705768 	 1.1212274
0.11488642 	 1.1469122
0.105193794 	 1.1734525
0.10279408 	 0.6362796
0.10166362 	 0.7416881
0.100765266 	 0.7799217
0.094098456 	 0.87134343
0.09982287 	 0.90820456
0.10416592 	 0.6801206
0.09761039 	 1.0857159
0.10691286 	 0.97326034
0.11265494 	 0.91106004
0.09851591 	 1.4068638
0.104215465 	 1.0920981
0.075285934 	 1.324804
0.06994608 	 0.82656866
0.06821501 	 1.1297765
0.060253635 	 0.8944442
0.047381368 	 2.6735582
0.048478473 	 0.97644514
0.03708305 	 0.83281875
0.039461225 	 0.6360604
0.027657265 	 1.194289
0.034725327 	 0.5514112
0.033957694 	 1.0036359
0.025396036 	 1.0635619
0.032271203 	 0.9656489
0.026287884 	 1.8738601
0.021814162 	 0.9245827
0.027473023 	 1.2474201
0.027661493 	 0.73702234
0.030621966 	 0.8894974
0.022025695 	 1.1616746
0.026530724 	 1.09891
0.025562223 	 1.3725885
0.035447355 	 1.0354007
0.02630826 	 1.390992
0.025688073 	 1.2731321
0.025947956 	 0.78706497
0.024444025 	 1.3001297
0.02008373 	 0.6790204
0.02204684 	 1.0418578
0.018766822 	 1.2995222
0.016181814 	 1.2711816
0.016451478 	 1.1558071
0.017064689 	 0.84395593
0.019343594 	 0.9967593
0.017659407 	 0.972294
0.020036051 	 2.53333
0.020816013 	 2.11885
0.014027715 	 1.333018
0.02047575 	 0.76517034
0.015807336 	 0.801204
0.0115386 	 1.1671425
0.014509348 	 0.56310195
0.015642824 	 0.94516504
0.015348923 	 1.1186738
0.02105558 	 1.606025
0.016950589 	 1.295085
0.012442368 	 1.9893509
0.016362712 	 1.6101515
0.016187083 	 1.305868
0.015098374 	 1.3319272
0.01347182 	 0.75428724
0.014790177 	 0.9907037
0.011430735 	 1.2026944
0.016582914 	 1.4856299
0.013240586 	 0.9168086
0.012020303 	 0.84746313
0.018122219 	 1.1565728
0.013151441 	 0.58703816
0.018681312 	 0.4241297
0.018560044 	 0.95479065
0.024934186 	 1.3380008
0.0204269 	 1.2219535
0.017782204 	 0.7111691
0.0172828 	 1.1996747
0.01962159 	 0.67209643
0.019583782 	 1.1451031
0.019090889 	 1.1931336
0.021247348 	 1.3442025
0.018318767 	 0.7123147
0.022942351 	 0.9432059
0.030122438 	 0.65846664
0.03000739 	 1.0218426
0.03009412 	 1.737851
0.043827064 	 1.2682823
0.050830066 	 0.63018036
0.048496682 	 1.1812994
0.08826423 	 0.5573012
0.079409905 	 0.9369974
0.092610024 	 0.82185036
0.08328973 	 1.2684886
0.09306458 	 1.3681012
0.09065558 	 0.9832262
0.08982594 	 1.4035506
0.08844608 	 1.0364037
0.088140406 	 1.442079
0.08449059 	 1.1569897
0.08880103 	 0.6151019
0.08597854 	 0.9401391
0.07702588 	 1.2296872
0.07354053 	 0.796558
0.061181065 	 0.85875684
0.056185495 	 0.79209065
0.036158413 	 1.1347251
0.033389688 	 1.2227073
0.021382034 	 1.4191022
0.02332793 	 1.1466182
0.021663215 	 1.44965
0.019746512 	 1.2973026
0.28143552 	 1.1201158
0.29336715 	 1.0374513
0.28562513 	 0.9422082
0.226841 	 1.2248306
0.15771978 	 1.5657834
0.15291683 	 1.4078417
0.14949429 	 1.1748629
0.1641112 	 1.557592
0.18402456 	 1.6325428
0.17647903 	 1.2074649
0.18321097 	 1.7410084
0.19275273 	 1.5033495
0.19959703 	 1.5721109
0.18377338 	 1.2734988
0.19768082 	 1.4380604
0.17847191 	 1.5045449
0.17150356 	 0.99488217
0.18664318 	 1.1357133
0.17741568 	 1.0249425
0.18811603 	 1.3116761
0.17427437 	 1.710231
0.16176291 	 1.2179356
0.16789769 	 1.762623
0.18185563 	 1.0404774
0.17492294 	 1.6041102
0.16526005 	 1.3185582
0.17344975 	 1.0283546
0.1652095 	 1.2875763
0.27035967 	 1.2991174
0.2587457 	 1.4528868
0.2097065 	 1.5831218
0.20893236 	 1.6430732
0.18294305 	 0.99459916
0.17721933 	 1.7544925
0.16656892 	 1.615312
0.15737858 	 1.9114698
0.28010994 	 1.178889
0.31568503 	 0.65069133
0.25410005 	 1.3744721
0.22113167 	 1.4801666
0.18644242 	 1.4330672
0.19234973 	 1.3396205
0.16646035 	 1.9834585
0.1807179 	 1.6190479
0.15143456 	 1.495044
0.14515318 	 1.202851
0.12655473 	 1.7915388
0.12930073 	 0.8323483
0.122791834 	 1.1580561
0.107136816 	 1.9029758
0.105479166 	 2.409996
0.10090761 	 1.579906
0.16818193 	 1.3963443
0.1648464 	 1.3922634
0.25827146 	 1.1098
0.25076225 	 1.1432482
0.27092612 	 0.8650062
0.2806327 	 1.0040823
0.30134907 	 1.4295211
0.1995931 	 1.3749324
0.1517557 	 1.00569
0.11960396 	 1.5118693
0.12219694 	 1.4162309
0.11783178 	 1.4224305
0.10240944 	 1.1814796
0.13063812 	 1.4497352
0.13415378 	 1.4651815
0.18174933 	 1.7710137
0.18719646 	 1.4266528
0.22798216 	 1.1216891
0.23781072 	 1.1535616
0.2695495 	 0.99697506
0.29313844 	 1.2909813
0.37517256 	 0.96013397
0.45033184 	 0.8846015
0.3652918 	 1.0046471
0.33699664 	 0.80227363
0.30495334 	 0.9891204
0.2968039 	 1.1109692
0.14083982 	 1.3020306
0.14102167 	 1.5863467
0.12992226 	 1.1878469
0.13651294 	 2.0435414
0.13311669 	 1.8863075
0.1418026 	 1.2617464
0.14084359 	 1.6314095
0.12598653 	 1.2546647
0.13283674 	 1.6638503
0.12077138 	 0.97089976
0.13031825 	 1.462308
0.14038333 	 1.7436426
0.135234 	 1.9370195
0.13725205 	 1.6999459
0.14346369 	 1.7357557
0.13007832 	 1.9947598
0.12284447 	 1.3143061
0.12325081 	 1.7624451
0.10443386 	 1.0254815
0.12807386 	 2.084924
0.11880802 	 1.4001223
Summary
0.011430735  -  0.50608486 ,  0.4241297  -  2.7662253
accuracy:  100.0
equal predictions:  0
