TensorFlow version: 1.13.1
Found 939 images belonging to 1 classes.
argN = 784
argN = 784
0.21123104 	 2.1471627
0.13435857 	 1.7551298
0.14022312 	 1.5554585
0.16009928 	 1.679349
0.07172876 	 1.794314
0.052772094 	 1.8701034
0.19076583 	 1.7135895
0.3208133 	 0.7259181
0.320548 	 0.9680914
0.26582423 	 1.1144259
0.34100702 	 1.5287813
0.36656356 	 1.0037043
0.399694 	 0.97806853
0.28689116 	 0.98503965
0.27057967 	 0.42739573
0.19956203 	 1.6381214
0.2167482 	 1.2109039
0.21979801 	 1.3170437
0.12770449 	 0.94442666
0.10903117 	 0.43969658
0.024532594 	 1.3428359
0.031983882 	 1.9723377
0.032422464 	 0.6052436
0.036027037 	 2.1828992
0.055828445 	 0.5133507
0.2821386 	 1.0486518
0.73277307 	 0.4812904
0.8354424 	 1.1507355
0.71891534 	 1.4680462
0.63804656 	 0.75021195
0.6857882 	 1.2345846
0.6893717 	 0.56120205
0.52429956 	 1.3006622
0.49439022 	 0.9777273
0.44400853 	 1.1640348
0.3167682 	 0.782357
0.21082081 	 1.4599911
0.14762895 	 1.287328
0.05796722 	 1.6718692
0.11193457 	 1.9803042
0.08377175 	 2.346872
0.12916256 	 0.7217688
0.24352093 	 1.3051337
0.33062738 	 1.3828306
0.31453145 	 1.3369834
0.33504155 	 1.2787011
0.29284593 	 1.1744179
0.34178063 	 1.0582055
0.32826075 	 1.0827011
0.2810107 	 0.4972663
0.20410755 	 1.3034562
0.2204728 	 1.4169916
0.21668437 	 0.8918916
0.029769784 	 0.48431057
0.0025532627 	 1.9770118
0.002553203 	 1.9983904
0.020624267 	 1.6537213
0.10970082 	 1.7479432
0.287316 	 1.3821877
0.46653873 	 1.0130414
0.60443896 	 0.9323338
0.50346506 	 0.92724794
0.56450176 	 0.6266385
0.485298 	 0.72520995
0.5415115 	 1.0295283
0.670757 	 1.0004494
0.5654785 	 0.71758014
0.41327596 	 1.2333188
0.42982873 	 1.4417276
0.45655364 	 1.2108285
0.3804336 	 0.94149745
0.57355547 	 0.69137096
0.5585982 	 0.77883714
0.403766 	 0.47565407
0.3900178 	 0.52204466
0.0809751 	 0.97707057
0.08386865 	 1.7016171
0.097645745 	 1.2544817
0.12505296 	 0.9839461
0.09987365 	 1.7687119
0.016719397 	 2.4821956
0.2357973 	 0.59230214
0.25814644 	 1.4332981
0.26203677 	 0.42579293
0.2467545 	 1.5738922
0.08343401 	 2.3809266
0.10342077 	 0.6503156
0.123325855 	 1.738417
0.14208755 	 1.3999784
0.11954236 	 1.7332946
0.111220926 	 1.2033855
0.09311102 	 1.5472991
0.2685825 	 1.0388511
0.20948304 	 1.2359579
0.30834377 	 0.9468149
0.26985365 	 1.0904564
0.31908405 	 0.8834332
0.32571438 	 0.65639365
0.27070412 	 1.1641775
0.26576957 	 1.1823883
0.24270649 	 0.7296953
0.2669833 	 0.97463405
0.292466 	 0.7649121
0.27264735 	 0.45610538
0.29606262 	 1.086832
0.27650422 	 1.1736029
0.2765608 	 0.916751
0.28508502 	 0.48035374
0.28306195 	 0.94241524
0.28749365 	 0.74945474
0.2967447 	 1.288332
0.31019497 	 0.9204138
0.24546312 	 0.42168242
0.2716471 	 0.8420969
0.29795527 	 1.234054
0.25473186 	 0.918931
0.2265245 	 1.2629664
0.25117657 	 0.6957502
0.24108265 	 1.0974845
0.22847955 	 0.71796536
0.2429565 	 0.1957442
0.21137911 	 1.0293734
0.20682108 	 0.96560836
0.21374129 	 1.242431
0.2210777 	 1.3335686
0.24364123 	 1.0029335
0.22553192 	 0.79143834
0.21603331 	 0.3727592
0.1922329 	 0.7528169
0.20175165 	 0.88436055
0.20963585 	 0.57961094
0.18275577 	 0.97666925
0.19352934 	 0.8811509
0.16001031 	 0.7810338
0.15069002 	 0.877076
0.1367158 	 1.2638798
0.13106313 	 0.24669385
0.12330421 	 1.411582
0.13762058 	 0.34693158
0.13675319 	 1.2935623
0.1395778 	 1.0945592
0.13552575 	 1.4730748
0.12990896 	 0.68990767
0.14648117 	 0.95049787
0.124068715 	 0.85404056
0.122989245 	 0.7265704
0.10692732 	 1.4366596
0.09174917 	 1.1090605
0.090768754 	 0.86506283
0.11601935 	 1.5789524
0.099495396 	 1.0508282
0.10411419 	 1.6539216
0.102645 	 1.3436061
0.094938725 	 0.82322204
0.09350834 	 0.88861966
0.08619214 	 1.7670909
0.08699835 	 0.22538121
0.08901986 	 1.3163003
0.07747849 	 1.3742018
0.08099908 	 1.0346953
0.07820539 	 1.8180009
0.09334585 	 1.1060888
0.087445416 	 1.2496601
0.07809718 	 1.7005908
0.080996044 	 1.4059418
0.067239664 	 0.67146456
0.06801625 	 1.0542557
0.087524 	 0.54731387
0.10495823 	 0.6447282
0.107536756 	 0.22318667
0.106408745 	 1.0124311
0.13000426 	 1.0724267
0.12181378 	 1.4470022
0.12931123 	 0.93946636
0.1259123 	 0.8806333
0.14669892 	 1.2538631
0.1497109 	 1.0724566
0.15138477 	 1.1783853
0.13973284 	 1.5437301
0.14208561 	 0.8090146
0.13609304 	 1.4996191
0.12545528 	 0.9314675
0.1358053 	 1.3026319
0.121773526 	 1.0118107
0.12765004 	 1.051607
0.13310893 	 1.2937679
0.14523064 	 0.46185696
0.12419397 	 0.7649695
0.13578221 	 1.3735765
0.122550465 	 0.69542474
0.114068575 	 0.6191782
0.13565469 	 0.2759504
0.11093111 	 1.0684024
0.1143623 	 1.6028833
0.106077775 	 0.8018262
0.09015588 	 1.4762306
0.07518722 	 0.3291873
0.06842708 	 1.2992107
0.057816084 	 1.1608307
0.044176426 	 0.9349065
0.023091722 	 1.477167
0.045668922 	 1.6446791
0.49667707 	 0.68659997
0.5260637 	 0.69202983
0.5135625 	 0.76990527
0.3789567 	 0.7275512
0.386858 	 0.68844724
0.444147 	 0.6500363
0.49938324 	 0.74347115
0.48135793 	 0.6813618
0.48048198 	 0.73298526
0.507765 	 0.704027
0.52326876 	 0.88997114
0.523048 	 0.7785891
0.51839864 	 0.63709325
0.49353376 	 0.78124326
0.40801653 	 0.9149367
0.42543772 	 0.68739057
0.42989543 	 0.75094235
0.4747404 	 0.7083517
0.560541 	 0.67521334
0.55149037 	 1.012347
0.47475916 	 0.675806
0.50720084 	 0.6582552
0.64249563 	 0.6495493
0.7087531 	 0.73762214
0.7622963 	 0.7404625
0.7099327 	 0.6918959
0.6013664 	 0.65265626
0.5624737 	 0.79841155
0.5706671 	 0.7420134
0.63994145 	 0.75162965
0.6900738 	 0.8489217
0.65332574 	 0.8370219
0.6767008 	 0.81427807
0.7667098 	 0.8287925
0.6256964 	 0.7617712
0.61226827 	 0.81350046
0.5443658 	 0.49785772
0.43385988 	 0.85544074
0.45561785 	 0.9413487
0.48919913 	 0.8775643
0.5157358 	 0.6186466
0.52752227 	 1.1117622
0.530915 	 1.2597193
0.5588742 	 0.7997428
0.5962075 	 1.121301
0.54106075 	 0.72176373
0.53513813 	 0.8324939
0.4681814 	 0.7850737
0.45600006 	 0.6524271
0.47060204 	 0.7307861
0.41773045 	 0.9480499
0.43479228 	 0.56640226
0.37571016 	 0.7204408
0.3892346 	 0.45217428
0.41526031 	 0.7484384
0.37167495 	 0.45780522
0.36451706 	 0.7161436
0.37842503 	 0.9571556
0.4233924 	 0.7691085
0.45482334 	 0.81175995
0.47612977 	 0.5931809
0.4966413 	 0.73139095
0.48834994 	 0.7670437
0.45802522 	 0.857823
0.44817325 	 0.7578631
0.46428546 	 0.8043616
0.43788436 	 0.63290644
0.45724565 	 0.7737793
0.4200533 	 0.5800927
0.45803407 	 0.73709446
0.46781895 	 0.5493556
0.48669586 	 0.51749426
0.45703354 	 0.8319562
0.33997962 	 0.66146374
0.3796038 	 1.0222819
0.3561145 	 0.6316304
0.3592303 	 0.65163195
0.35941252 	 0.48739207
0.3748816 	 0.7360563
0.39020783 	 0.76461285
0.36966473 	 0.8947627
0.39145508 	 0.76423675
0.39279112 	 0.5887543
0.39940816 	 0.87130773
0.3580166 	 0.8255944
0.4184675 	 0.7931172
0.44078672 	 0.6796257
0.44976822 	 0.7741878
0.46144253 	 0.6346144
0.4809286 	 0.71446913
0.48553142 	 0.6015414
0.49656785 	 0.5897202
0.45092955 	 0.8392047
0.4428671 	 0.60528094
0.41867366 	 0.52035445
0.42124352 	 0.6505748
0.40444127 	 0.61273235
0.46357295 	 0.6228342
0.45487297 	 0.745495
0.4927951 	 0.7165065
0.4491176 	 0.6476637
0.43697953 	 0.66070664
0.48441467 	 1.0734239
0.42347804 	 1.0494056
0.3865092 	 0.9305456
0.33011374 	 0.79737747
0.39854467 	 0.9918524
0.5071406 	 0.7840333
0.5032077 	 0.8117888
0.4439382 	 0.89395857
0.38999838 	 0.89030254
Summary
0.002553203  -  0.8354424 ,  0.1957442  -  2.4821956
accuracy:  98.1
equal predictions:  0
TensorFlow version: 1.13.1
Found 939 images belonging to 1 classes.
argN = 784
argN = 784
0.5555956 	 0.92144674
0.5562634 	 1.3808354
0.5801939 	 1.2505417
0.5951837 	 1.2884072
0.43204865 	 0.754661
0.39639097 	 1.1558688
0.32638335 	 0.7209545
0.24587248 	 1.5036353
0.1256966 	 1.4594772
0.12622061 	 2.036509
0.17462316 	 1.5417805
0.09897487 	 1.9490445
0.09408208 	 1.1258011
0.044025615 	 1.5754472
0.2653265 	 1.2838509
0.25392807 	 1.0711486
0.31095916 	 1.1102211
0.36641636 	 1.3947448
0.38153428 	 1.6440893
0.37704408 	 1.2521439
0.38023862 	 1.1136842
0.38092026 	 1.1470941
0.36354366 	 0.83677554
0.44015652 	 1.2682755
0.320256 	 1.113574
0.3741864 	 0.8680763
0.33358106 	 1.3660791
0.3234273 	 1.1927875
0.22266883 	 1.216939
0.19937605 	 1.3132669
0.101916894 	 0.53137606
0.04794187 	 1.6134973
0.05646024 	 0.8274823
0.047186397 	 1.4461575
0.09214117 	 1.2004306
0.12598632 	 1.6112188
0.29753846 	 1.3879918
0.41761208 	 1.2398708
0.3909067 	 0.9160007
0.5117969 	 1.0867928
0.35788208 	 0.7537013
0.48055506 	 1.2379676
0.44712296 	 0.79949605
0.48188433 	 1.2904477
0.24780299 	 1.535091
0.3112033 	 0.9474667
0.38673785 	 0.98013854
0.36332506 	 1.1020223
0.42676407 	 1.3789334
0.37144506 	 1.5157793
0.3528728 	 0.69603777
0.20641758 	 0.53265136
0.09489239 	 1.61901
0.079370156 	 1.3378063
0.11730558 	 2.1558294
0.124786876 	 1.58806
0.09488381 	 1.4794961
0.12279197 	 0.86518174
0.25596204 	 1.0411276
0.24246264 	 1.0001055
0.32231522 	 1.1774718
0.27827075 	 1.0688244
0.3357978 	 1.1836302
0.35369644 	 0.84110206
0.2120301 	 0.6225588
0.18260357 	 1.2926184
0.1320455 	 1.3994664
0.10439065 	 1.3330514
0.079616554 	 1.397602
0.041888703 	 1.7286906
0.04016999 	 1.0057771
0.11901774 	 1.3148671
0.19310766 	 1.5268233
0.30961868 	 0.99237484
0.21513362 	 0.9723424
0.38405618 	 1.1137584
0.3654612 	 1.1109266
0.36628127 	 0.8753497
0.3651817 	 0.92372286
0.36909178 	 1.6963382
0.2295472 	 1.4953593
0.26552767 	 0.9187177
0.45611414 	 0.64087147
0.4256289 	 0.85481864
0.25639313 	 1.2589573
0.12374056 	 1.2697222
0.053458292 	 1.2828535
0.20868492 	 0.97235376
0.19600868 	 1.4956996
0.3359947 	 0.67190725
0.23480059 	 1.4354299
0.18911256 	 1.0431759
0.29774845 	 1.0071876
0.30994987 	 1.2696488
0.3123723 	 1.3207113
0.23254071 	 1.3001412
0.20459394 	 1.1673951
0.14523388 	 1.0714778
0.21977685 	 0.9585567
0.23805518 	 1.461518
0.09826829 	 1.6333898
0.08039068 	 1.6989177
0.07638985 	 1.1428611
0.09048592 	 1.8520187
0.09744336 	 1.2225214
0.077793166 	 1.4462357
0.10469862 	 0.55318624
0.1908943 	 0.7884987
0.20411852 	 0.9471963
0.18660532 	 1.3606389
0.18068513 	 0.82318634
0.15846518 	 0.498606
0.21029718 	 0.64596677
0.16399518 	 1.1782885
0.15702187 	 1.0464427
0.15291344 	 0.9481805
0.14173886 	 0.658075
0.21433577 	 0.6401793
0.19654164 	 0.9766167
0.20819595 	 0.310914
0.22653034 	 0.83797395
0.24625388 	 1.0187943
0.21762642 	 1.108277
0.25278005 	 1.3179818
0.20690025 	 0.64031804
0.21666498 	 0.9097363
0.16890058 	 0.73087746
0.1936735 	 0.81292665
0.17611963 	 0.85538846
0.17596312 	 1.3478519
0.14083473 	 0.9561553
0.13685898 	 1.2582272
0.11631158 	 1.0404764
0.1180973 	 1.0399729
0.10330913 	 0.9102211
0.09941415 	 0.82051265
0.09073286 	 1.4392695
0.10193583 	 1.0418725
0.09352496 	 0.6561939
0.10232763 	 0.72931045
0.09263657 	 0.59604365
0.099119455 	 1.7243161
0.103377275 	 0.9474155
0.09613943 	 0.3935787
0.085144594 	 1.172599
0.093444794 	 1.0908521
0.08190953 	 0.2952756
0.07277426 	 0.86251736
0.06433515 	 1.249942
0.061696608 	 0.6499132
0.08060696 	 1.1250936
0.081808165 	 1.1942236
0.09632404 	 1.029428
0.08223156 	 0.5813268
0.08618655 	 1.0678633
0.08424655 	 1.5788677
0.082329474 	 0.9589634
0.0969809 	 0.7702287
0.08236915 	 1.3237474
0.08740085 	 1.2371453
0.10226873 	 0.8992211
0.09098651 	 1.315729
0.09645354 	 1.7302862
0.07292799 	 1.3611393
0.08723727 	 0.7300845
0.06997932 	 1.0455803
0.06939611 	 1.2734736
0.0735925 	 1.2961576
0.07800419 	 1.0053546
0.07374424 	 1.0824248
0.09356469 	 1.0070809
0.0879562 	 0.7922303
0.08234132 	 0.57237196
0.09221908 	 0.7551439
0.109074175 	 0.37367588
0.09094969 	 0.86951023
0.10466963 	 1.513801
0.102469794 	 0.7060239
0.10904353 	 0.91951716
0.10482365 	 0.8478242
0.12302214 	 1.2396426
0.10448593 	 0.9047234
0.14322409 	 0.98479456
0.1282763 	 0.80611247
0.17295694 	 0.65657634
0.16272059 	 0.6851493
0.1588574 	 0.52208936
0.17482504 	 0.8185747
0.17555858 	 1.1986656
0.19277723 	 0.8679575
0.20241071 	 0.8157132
0.17916264 	 1.3520292
0.20993206 	 0.78400064
0.1550065 	 1.0895047
0.14116457 	 1.1745743
0.16597703 	 0.6780112
0.15018177 	 1.096063
0.13374381 	 1.1999053
0.11005581 	 1.2145077
0.10586307 	 1.0528088
0.094527215 	 0.88966334
0.077271834 	 0.5951158
0.07661685 	 0.8690661
0.062464334 	 0.95800954
0.091877356 	 1.0259548
0.292637 	 0.90528804
0.27178007 	 1.4091166
0.25883332 	 1.2426285
0.21487504 	 0.8976957
0.2029446 	 0.788636
0.1934424 	 0.8500896
0.24478711 	 0.90675557
0.23714523 	 1.3735267
0.23500535 	 1.5967798
0.2678669 	 0.8608804
0.26695013 	 1.3651066
0.26442713 	 1.5969352
0.2821073 	 1.6340418
0.26254448 	 0.76620746
0.2568846 	 1.1434231
0.24269427 	 1.5395801
0.24777533 	 1.4858891
0.2337481 	 1.0498345
0.1872028 	 0.805516
0.20371033 	 1.833685
0.2607762 	 1.3196064
0.2299099 	 1.1330372
0.2444285 	 1.4612957
0.25149658 	 0.69389683
0.28465977 	 1.180983
0.26755422 	 1.4278314
0.26512095 	 1.3108237
0.5653298 	 1.1404475
0.5303311 	 1.1280472
0.48331654 	 0.8028511
0.4060904 	 0.8212397
0.30775493 	 1.7029196
0.2819855 	 1.1463717
0.3251931 	 1.4555655
0.32912004 	 1.3295338
0.34128034 	 1.2164277
0.30806375 	 0.7156509
0.2891451 	 1.7062051
0.3076549 	 1.0789565
0.31740317 	 1.4570527
0.29984468 	 1.3158774
0.31402698 	 1.2744325
0.29023442 	 0.9272323
0.24134089 	 1.0232587
0.26301116 	 1.2893763
0.25849912 	 0.9226717
0.29338548 	 1.5347029
0.26917875 	 0.7131651
0.2531518 	 1.2031024
0.23056504 	 1.6998037
0.21555626 	 1.1842947
0.2596509 	 0.95948666
0.29334974 	 1.2673941
0.3000808 	 1.0225942
0.32137224 	 0.9474488
0.35251123 	 0.81747264
0.3993912 	 0.98048836
0.38342613 	 0.8809757
0.4363738 	 0.7094134
0.4083752 	 1.038247
0.453682 	 1.1786941
0.42145446 	 1.1103529
0.41130698 	 1.1020867
0.4002911 	 1.0008031
0.3004786 	 1.3275272
0.29801598 	 0.9665102
0.21944544 	 0.7177523
0.2076866 	 0.91991866
0.16390276 	 1.4019723
0.20284538 	 0.7072128
0.21421133 	 1.0188149
0.20628944 	 1.6377286
0.2952564 	 0.61604196
0.39390284 	 1.0577885
0.4541168 	 1.189103
0.44571388 	 1.0357547
0.47957122 	 1.0737334
0.48016778 	 0.9769412
0.45953897 	 0.9690052
0.42982727 	 0.81757724
0.44285515 	 0.9899635
0.35643572 	 0.997581
0.42848167 	 1.0647426
0.40248343 	 0.997618
0.45979863 	 0.69479734
0.4777014 	 0.98166865
0.45384687 	 0.9901433
0.44277793 	 0.8676466
0.4358804 	 0.77247834
0.38598385 	 0.91743433
0.33506253 	 1.3766928
0.30111837 	 1.5895798
0.26411843 	 1.111462
0.26091692 	 1.174758
0.24609423 	 1.0110018
0.22672713 	 0.91523844
0.2484209 	 1.1705667
0.24218923 	 0.83528084
0.20820725 	 1.1793531
0.24767393 	 1.3984672
0.22286895 	 1.0322806
0.26701835 	 1.2891971
0.35888797 	 1.1149102
0.33448273 	 1.4360542
0.33771768 	 1.3284984
0.30451083 	 0.8168966
0.28298768 	 1.1480676
0.27646446 	 1.2211683
Summary
0.04016999  -  0.5951837 ,  0.2952756  -  2.1558294
accuracy:  100.0
equal predictions:  0
TensorFlow version: 1.13.1
Found 939 images belonging to 1 classes.
argN = 784
argN = 784
0.5728551 	 0.98062295
0.57256985 	 1.0880384
0.44030833 	 0.872065
0.4923189 	 1.1762007
0.18395713 	 1.3910229
0.13120794 	 2.010212
0.08115525 	 0.60604924
0.05037964 	 1.4164231
0.04309703 	 1.083319
0.04567803 	 1.3367926
0.08049261 	 1.422521
0.2184608 	 1.2625873
0.2523915 	 0.91491187
0.19475068 	 0.4428775
0.43433002 	 0.70543706
0.24945477 	 1.2284284
0.36318827 	 1.1144457
0.22457701 	 1.780095
0.20741719 	 0.77147204
0.24567609 	 0.96274847
0.24786843 	 0.9944554
0.06725828 	 1.1841627
0.08052775 	 1.9873245
0.036348034 	 1.3903352
0.17084037 	 1.2260222
0.23653711 	 1.4421698
0.27208924 	 0.8594357
0.6127143 	 0.8661766
0.594703 	 1.03285
0.74312836 	 1.3239734
0.27360973 	 0.41967732
0.80343574 	 1.1182809
0.531853 	 0.83242583
0.45487428 	 0.67405087
0.47726172 	 0.890186
0.33115697 	 1.6401002
0.6204665 	 0.56660205
0.5294784 	 0.7087185
0.56856924 	 0.9947885
0.5516959 	 0.88965786
0.3210662 	 1.1579673
0.29359698 	 1.0457321
0.3552642 	 0.46708268
0.07435317 	 2.3600414
0.53028256 	 0.7912841
0.39875832 	 1.2526869
0.28219423 	 0.6590167
0.04300338 	 1.465948
0.076859415 	 1.6443961
0.06814731 	 1.9492722
0.06881011 	 1.5504743
0.053769022 	 1.2940407
0.2130062 	 1.2933602
0.17821132 	 0.66944444
0.25890923 	 0.94960284
0.27217075 	 1.0507438
0.30685434 	 0.8445134
0.36710763 	 1.1513761
0.2018229 	 0.73245555
0.19511764 	 0.78617114
0.19850169 	 0.76892006
0.19139566 	 1.1847811
0.16910857 	 1.4875996
0.044312052 	 0.8962332
0.031104406 	 1.173536
0.018017465 	 1.5053492
0.026889341 	 1.6366031
0.023225985 	 1.9258786
0.028461408 	 1.5159087
0.046997834 	 0.5824535
0.05106075 	 2.102646
0.07804098 	 1.2886848
0.10478718 	 0.67945856
0.60747105 	 0.48836216
0.6111518 	 0.64028645
0.37026098 	 1.7237002
0.2329467 	 0.49260253
0.31270912 	 1.0904596
0.2627168 	 0.7518443
0.3962758 	 0.7959865
0.37056175 	 1.3169862
0.30046734 	 1.21028
0.17194836 	 1.1966928
0.09237067 	 1.443701
0.10109336 	 1.527477
0.18065186 	 1.2715242
0.123693205 	 0.52396804
0.15385956 	 0.9431679
0.134459 	 0.98455375
0.16943347 	 1.9562366
0.13623796 	 1.2394837
0.11817203 	 0.55787826
0.1467734 	 1.163153
0.08193696 	 1.0810419
0.05358959 	 0.5890097
0.09151766 	 1.0547868
0.1258814 	 2.0663536
0.10130968 	 1.3521423
0.11270851 	 1.4363637
0.115062684 	 1.2428577
0.12913957 	 1.3757071
0.15821645 	 0.56483054
0.14833228 	 0.74553233
0.1452946 	 0.61184573
0.10419555 	 1.2655451
0.11027016 	 1.1216815
0.09319837 	 1.0530177
0.10389448 	 1.4248582
0.086594254 	 0.92772794
0.10495631 	 1.069469
0.080817215 	 0.9617445
0.10786482 	 1.1392812
0.11524693 	 0.6254123
0.10976787 	 1.0029149
0.13766073 	 0.6808128
0.1277349 	 0.6120429
0.105496116 	 0.5431255
0.124432825 	 1.1672162
0.12218192 	 0.7358086
0.13679959 	 1.3088064
0.15232874 	 1.6675413
0.15773122 	 0.34386387
0.13822897 	 1.0397421
0.15581591 	 1.1319553
0.16061574 	 1.0782126
0.140526 	 0.31970957
0.15829039 	 0.804673
0.14313014 	 0.68241805
0.12059512 	 0.7147575
0.1249295 	 0.8813873
0.11532105 	 1.3404111
0.11604057 	 1.2316931
0.12422764 	 1.3103174
0.111613035 	 0.7549112
0.08878201 	 1.2957144
0.11223714 	 1.9073372
0.08433488 	 0.95513207
0.104338914 	 0.8830541
0.098259285 	 0.9567089
0.07641224 	 1.4503224
0.06106834 	 1.141456
0.07832283 	 1.6375364
0.060447626 	 1.5530639
0.067209706 	 0.89402807
0.06595955 	 0.58302695
0.06832771 	 1.0237303
0.06360264 	 1.4004426
0.07010897 	 1.366367
0.08503868 	 0.93675554
0.084372364 	 1.2616618
0.053711534 	 0.70288277
0.060626328 	 1.103746
0.06317087 	 0.74117726
0.05715983 	 1.5456735
0.07665553 	 0.8770196
0.06921852 	 0.8597111
0.07691864 	 0.9757883
0.06722889 	 1.259751
0.061734077 	 0.98581153
0.07830749 	 0.78553814
0.0737273 	 1.6466581
0.06433693 	 1.6210141
0.060464278 	 1.0949229
0.04537779 	 1.323927
0.053504888 	 1.0169573
0.0759421 	 1.1737523
0.08649949 	 0.6365919
0.07581787 	 1.0857224
0.08505445 	 1.2185342
0.08538216 	 0.94358146
0.0779681 	 1.5981845
0.09730558 	 1.1563236
0.09342568 	 0.5640943
0.09724192 	 0.74033713
0.114309035 	 0.4574194
0.1192451 	 1.1262677
0.14217487 	 1.1599643
0.13205129 	 0.83467704
0.097740516 	 0.7168393
0.11229976 	 1.0241201
0.09305516 	 1.2261218
0.11658138 	 0.90611166
0.116123445 	 0.4753989
0.10479195 	 0.8387012
0.10487144 	 1.000278
0.121361725 	 1.2394456
0.10137432 	 0.28494227
0.09692153 	 0.9676483
0.0861577 	 1.0082197
0.09714654 	 1.553909
0.108457424 	 0.72538257
0.09539375 	 0.92476153
0.09245088 	 1.5715269
0.07770143 	 1.2829101
0.08293252 	 0.7780125
0.099678576 	 1.3827171
0.097655475 	 1.2386675
0.09107249 	 0.89983535
0.5239882 	 0.8683778
0.49806914 	 0.7562722
0.4109244 	 1.0162338
0.32221 	 0.8179957
0.33302772 	 0.65245956
0.34287363 	 0.69934714
0.3536406 	 0.76994
0.33381888 	 0.7727529
0.38171935 	 0.68507695
0.36859193 	 0.6735939
0.3755839 	 0.7675006
0.3929322 	 0.86410755
0.44403204 	 1.0559857
0.42469734 	 0.82221746
0.39965302 	 0.85930324
0.41358247 	 1.0120133
0.45372516 	 0.6180535
0.39569172 	 0.7189031
0.3694063 	 0.79456186
0.40890673 	 0.74320054
0.3904072 	 0.6880771
0.4234155 	 1.0657732
0.41110826 	 0.83608973
0.388823 	 1.0988284
0.41485798 	 0.86361194
0.4061999 	 0.6120486
0.36331597 	 0.68901986
0.40652046 	 1.2163615
0.40513575 	 0.6052968
0.36744085 	 0.6192445
0.3761737 	 1.4333321
0.40135983 	 0.7975606
0.34289524 	 0.8404156
0.3397794 	 0.7846574
0.60487837 	 0.8288336
0.56197023 	 0.81920886
0.47257566 	 0.68205416
0.42365968 	 0.76194865
0.4414485 	 0.8101652
0.46249196 	 0.81606364
0.70167446 	 0.66897714
0.71030045 	 0.6605768
0.46648467 	 0.8572139
0.4005503 	 0.92276734
0.3857703 	 0.89196724
0.37498748 	 1.0156047
0.3479591 	 0.67656136
0.37579137 	 0.97368747
0.35600796 	 0.6007986
0.351133 	 0.4922868
0.36684635 	 1.1189471
0.36011547 	 1.0486543
0.33392924 	 0.57217115
0.3230656 	 0.606721
0.32444748 	 1.0335854
0.32591978 	 0.5889493
0.27272978 	 1.1519452
0.32764435 	 1.2619212
0.36784858 	 0.90355474
0.4353465 	 1.0785375
0.39572757 	 0.73479486
0.47632343 	 0.8318016
0.50360215 	 0.74670887
0.50861937 	 0.5847657
0.5005134 	 0.77027327
0.46327704 	 0.68113995
0.4641478 	 0.7351305
0.44271916 	 0.6740069
0.31565398 	 0.6097576
0.30895075 	 1.0003531
0.30986696 	 1.028474
0.3129787 	 0.57736474
0.2894945 	 0.6789424
0.30494785 	 1.1497861
0.28578615 	 1.165154
0.2802854 	 0.7746112
0.3010459 	 0.93286866
0.29518688 	 0.70727795
0.28482553 	 1.061744
0.26224416 	 0.9804957
0.2691566 	 1.0118146
0.25425223 	 0.70862734
0.25369945 	 1.2247083
0.30816904 	 0.7296257
0.339366 	 0.8378898
0.31002933 	 0.66140443
0.29148197 	 0.5498697
0.25102332 	 1.1690096
0.23132561 	 0.7090979
0.23719412 	 0.9948488
0.29490805 	 0.6327657
0.30861318 	 0.61722267
0.31360725 	 1.4054279
0.30641907 	 0.8925011
0.35260478 	 0.6489272
0.35542616 	 0.6226183
0.37773588 	 0.6257918
0.37076986 	 1.0744754
0.3452536 	 1.1831335
0.40090972 	 0.76170695
0.3604207 	 0.8027865
0.43355227 	 0.806418
0.47599852 	 0.8248582
0.5101233 	 0.97921294
0.50680685 	 0.91111827
0.571393 	 0.8891451
0.60269666 	 0.84709126
0.70738995 	 0.77742887
0.6880619 	 0.8499545
0.656776 	 0.6044501
0.6216107 	 0.8488313
0.5598734 	 0.7833194
0.5535648 	 0.86198956
0.46508136 	 0.72893345
0.42235962 	 0.98786473
Summary
0.018017465  -  0.80343574 ,  0.28494227  -  2.3600414
accuracy:  98.4
equal predictions:  0
TensorFlow version: 1.13.1
Found 939 images belonging to 1 classes.
argN = 784
argN = 784
0.31247395 	 1.7251545
0.35120207 	 1.5508416
0.40848747 	 1.5158553
0.22501412 	 1.5749115
0.5592334 	 1.3960844
0.48694018 	 1.2448503
0.3818902 	 1.4830298
0.33064985 	 1.3609824
0.2710923 	 1.5757701
0.24356686 	 1.3802911
0.14950585 	 1.8730386
0.15347888 	 1.7109748
0.13075304 	 1.6260409
0.15744925 	 1.4713888
0.14375214 	 1.8078052
0.19153635 	 1.4599018
0.08915623 	 1.4840657
0.19925593 	 1.3536868
0.20705362 	 1.2359368
0.21080521 	 1.4506453
0.18686849 	 1.5426538
0.14744332 	 1.6491745
0.19577211 	 1.646956
0.25576773 	 1.422654
0.2673053 	 1.5175483
0.13716617 	 1.5846896
0.15166283 	 1.6339865
0.084329106 	 1.7968313
0.17468293 	 1.4315401
0.33145308 	 1.6618559
0.3812109 	 1.2182425
0.373929 	 1.4609243
0.35034138 	 1.5004498
0.17751782 	 1.571757
0.15305923 	 1.5948157
0.15217856 	 2.0683668
0.47655186 	 1.5400785
0.54018044 	 1.4060286
0.64646816 	 1.4004741
0.561762 	 1.6156973
0.22684273 	 1.7377199
0.27728343 	 1.3372929
0.19476886 	 1.626874
0.096403524 	 1.6918721
0.21432166 	 1.894354
0.22731718 	 1.3844043
0.12855227 	 1.8711989
0.11843354 	 1.3423007
0.15552083 	 1.4223979
0.16914168 	 1.2923257
0.19967476 	 1.3725674
0.12281064 	 1.237763
0.23601086 	 1.6107359
0.19782493 	 1.4810271
0.011559945 	 2.2060707
0.031617284 	 1.9033152
0.38206375 	 1.1553955
0.2889706 	 1.3522776
0.18832454 	 1.3085396
0.21124318 	 1.981132
0.21520746 	 1.5598552
0.45099092 	 2.111298
0.40348953 	 1.921933
0.12311207 	 1.1626495
0.20716411 	 1.0194505
0.33624884 	 1.4288307
0.4022131 	 1.3878293
0.45404008 	 1.2534856
0.32001808 	 1.1786875
0.14184573 	 1.2583741
0.102016956 	 1.8119731
0.018739128 	 1.5765407
0.15721284 	 1.9119097
0.18181996 	 1.4049032
0.17348002 	 1.8003922
0.17500786 	 1.0952923
0.20023713 	 1.9357665
0.08667043 	 1.1725348
0.07874991 	 1.7258381
0.0726974 	 1.8504277
0.085921966 	 1.6542289
0.0698587 	 1.9313437
0.06482263 	 1.7268386
0.03930691 	 1.6921055
0.04690863 	 1.7820457
0.039078362 	 2.0750055
0.08161626 	 1.659695
0.09904449 	 1.3036662
0.10858299 	 1.10545
0.09455342 	 1.2170733
0.078305036 	 1.1608701
0.069038086 	 1.5121797
0.0946249 	 1.2979667
0.07578694 	 0.5699692
0.07645959 	 0.88027096
0.073374964 	 1.1127168
0.06545822 	 1.0147126
0.085141085 	 0.73619276
0.06278104 	 1.6297773
0.07249692 	 1.1161333
0.09490097 	 1.0734354
0.08113049 	 1.413621
0.06110851 	 1.2832505
0.07505011 	 0.8291973
0.094589196 	 0.98565406
0.0710182 	 1.2024817
0.070648715 	 1.0915092
0.097053275 	 1.1546206
0.06664862 	 2.0146713
0.07779839 	 1.1657698
0.08764215 	 1.3896632
0.10220707 	 1.4476727
0.12218004 	 1.8034167
0.090573296 	 1.4748307
0.08805865 	 1.0101418
0.099464186 	 1.246427
0.1081113 	 0.97170144
0.11626793 	 0.9743734
0.09648235 	 1.0328344
0.08898181 	 1.1437788
0.08099869 	 0.8825438
0.072733104 	 1.2816262
0.08788767 	 0.8654943
0.071346976 	 1.0748029
0.06453369 	 0.9998431
0.054055497 	 1.2000203
0.06944511 	 1.0856596
0.06847827 	 1.0442431
0.0517036 	 1.5968375
0.042756442 	 1.1441634
0.044223707 	 1.3509256
0.04269355 	 1.9639815
0.04725057 	 1.0298877
0.048698105 	 1.573066
0.04518103 	 2.567151
0.048967667 	 1.3528292
0.03816631 	 1.1859379
0.04560217 	 1.4706763
0.043106303 	 1.018221
0.038026806 	 1.1533358
0.021921447 	 0.9574285
0.04553467 	 1.1996194
0.05942517 	 1.2684346
0.05192362 	 1.2764482
0.031089896 	 1.2949642
0.048234187 	 1.1716232
0.046360504 	 1.2887892
0.03634556 	 1.1449172
0.046541013 	 1.0963742
0.053711157 	 1.165639
0.04968277 	 0.84997654
0.053121954 	 0.9854335
0.04299554 	 0.98180676
0.04820754 	 1.4626415
0.045342427 	 1.6079428
0.06659472 	 1.0966309
0.06319208 	 1.0446506
0.07548125 	 1.482625
0.07741184 	 0.92101216
0.07946824 	 1.5061262
0.093203925 	 1.0719839
0.091516085 	 0.9426051
0.12042238 	 1.0783528
0.10832424 	 1.4990885
0.08954455 	 1.162083
0.14570604 	 1.2315812
0.1144336 	 1.5063581
0.14010689 	 1.1355256
0.12198663 	 1.6126045
0.12576643 	 1.0568982
0.14655536 	 1.1504979
0.13392131 	 1.4925607
0.118685864 	 1.4040828
0.12636831 	 0.9766686
0.11467616 	 0.96556956
0.1274295 	 1.0627
0.11622246 	 1.2053221
0.10987278 	 1.5935899
0.09991528 	 1.3135573
0.11634854 	 0.9703502
0.09834465 	 0.9912898
0.111302935 	 1.1030794
0.08969541 	 1.2579088
0.10290216 	 1.0801581
0.104731515 	 1.0122446
0.101094745 	 1.1989279
0.069936045 	 1.2224791
0.07554469 	 0.94344795
0.07394266 	 1.2121481
0.077470444 	 0.94801575
0.07955608 	 1.3481609
0.44686666 	 0.8705229
0.36674643 	 1.2626104
0.37877768 	 1.0493844
0.42160338 	 0.8557498
0.48433715 	 1.0764581
0.49648482 	 0.74834836
0.45149878 	 1.0461482
0.25095177 	 1.1419122
0.19264035 	 1.7329189
0.18791275 	 1.1852669
0.17741148 	 1.2286297
0.18658772 	 1.3207854
0.19726595 	 1.1472839
0.2172224 	 1.8851917
0.24208467 	 1.542278
0.2771627 	 1.2513763
0.22563604 	 1.0567312
0.24183086 	 1.2268428
0.2194084 	 1.5055028
0.24653992 	 1.3498322
0.19798483 	 2.1903973
0.20105396 	 1.2534496
0.16629824 	 1.4424305
0.20092578 	 1.2983485
0.2123116 	 1.0305861
0.20010845 	 1.1472844
0.18365908 	 1.6831409
0.20254514 	 1.4908835
0.2444645 	 1.3089367
0.37512138 	 1.0713779
0.42980838 	 1.1166636
0.23459536 	 1.5102217
0.26288626 	 1.2495912
0.2668572 	 0.72217697
0.2578235 	 0.9066798
0.24270475 	 1.1799061
0.24726093 	 0.8821023
0.22894324 	 1.1112492
0.54407114 	 1.107695
0.42705142 	 1.1390133
0.34269905 	 1.1353493
0.28441703 	 1.6276591
0.2617314 	 1.1755023
0.20961109 	 1.3800783
0.24195687 	 2.3305798
0.28757605 	 1.3846897
0.26997435 	 1.6221545
0.3090187 	 0.96352893
0.28623235 	 1.5755097
0.26386574 	 1.1581155
0.24503739 	 1.555998
0.24955803 	 0.9734801
0.24607952 	 1.087086
0.25858474 	 0.6136695
0.22781889 	 1.5665123
0.21239562 	 1.6683685
0.17302483 	 1.346511
0.17633127 	 1.1251783
0.15464689 	 1.055292
0.16428322 	 1.2059875
0.20093183 	 1.2176224
0.22368161 	 0.9069792
0.24595617 	 1.3940631
0.25809297 	 1.336858
0.29020208 	 1.394997
0.31454507 	 1.6683409
0.33856615 	 1.2215322
0.4132712 	 0.9671233
0.4245501 	 1.0989394
0.40619892 	 0.8278516
0.42327487 	 0.69456667
0.29218662 	 1.154231
0.21102631 	 0.9903318
0.25563487 	 1.3253679
0.22253919 	 0.835951
0.21761383 	 1.4560874
0.20042479 	 1.5625278
0.20729844 	 1.4996464
0.20531107 	 1.2274914
0.18674533 	 1.280033
0.2039577 	 1.3508246
0.21487844 	 1.1762891
0.21601318 	 1.5438926
0.21959145 	 1.7046213
0.2264061 	 1.5577039
0.2160817 	 1.4705211
0.18106481 	 1.1718417
0.23722486 	 1.4220665
0.24602477 	 1.0483274
0.20351553 	 1.2742735
0.22066453 	 1.446623
0.24985138 	 1.8052337
0.2730445 	 1.1310754
0.29505894 	 1.30844
0.3849832 	 1.1788478
0.37119448 	 1.0256692
0.3751573 	 0.8005807
0.33455652 	 0.99481833
0.30969813 	 0.9014702
0.3337919 	 0.89528096
0.330732 	 1.1890433
0.27190703 	 1.1361618
0.29842436 	 1.135592
0.28952253 	 1.4517264
0.2956048 	 1.6771567
0.2682197 	 1.5463381
0.26553372 	 0.8680676
0.2570179 	 1.97922
0.26004127 	 1.5928284
0.3140152 	 1.743831
0.3036125 	 0.9600149
0.42709565 	 1.2919967
0.48397803 	 1.1449893
0.5131039 	 1.2628794
0.53409016 	 1.2916659
0.49444395 	 0.789641
0.45614827 	 1.1015546
0.38747996 	 1.3582904
0.44373697 	 0.98441994
0.3572596 	 1.1409817
0.32073855 	 1.2169377
0.31030032 	 1.0086932
Summary
0.011559945  -  0.64646816 ,  0.5699692  -  2.567151
accuracy:  100.0
equal predictions:  0
