TensorFlow version: 1.13.1
Found 939 images belonging to 1 classes.
argN = 49
argN = 49
0.6507195 	 4.74557
0.6203592 	 3.490246
0.69611263 	 3.7659864
0.30556497 	 2.132828
0.22481722 	 3.901996
0.17946663 	 1.3915379
0.26218373 	 3.7175968
0.31617865 	 2.689128
0.1843114 	 3.021956
0.17565358 	 1.2245044
0.096908465 	 2.6691163
0.19135821 	 1.8751783
0.27302343 	 2.0662255
0.22096483 	 1.9930223
0.5295292 	 3.0144944
0.63238835 	 3.0766578
0.412274 	 2.1950336
0.34487107 	 3.5351982
0.29666314 	 1.7220144
0.16571003 	 1.484058
0.2727893 	 3.465685
0.08815798 	 2.0433693
0.053995855 	 3.3026054
0.051184583 	 3.6365626
0.021558091 	 2.9924963
0.0351461 	 1.8676673
0.14860284 	 2.377089
0.22080018 	 2.6660314
0.21681763 	 2.7619228
0.34068334 	 1.6504389
0.29372504 	 1.3302506
0.13080305 	 3.5500076
0.15497129 	 2.207418
0.4647724 	 2.4578917
0.4765292 	 2.768452
0.26425686 	 2.8297987
0.18792944 	 1.941335
0.1936733 	 2.5143545
0.17680924 	 2.197508
0.15489063 	 2.5868845
0.07128668 	 2.5162058
0.018733844 	 2.4045835
0.07191211 	 3.579679
0.109029576 	 3.1562042
0.009773354 	 2.4221046
0.04421287 	 2.0266602
0.14551629 	 1.1775534
0.30264592 	 3.2550926
0.24730368 	 0.92996675
0.08500915 	 3.2980661
0.1542529 	 2.3287926
0.27341557 	 0.9509044
0.29318008 	 1.4069865
0.2756658 	 1.1995922
0.14906795 	 1.4417261
0.17313695 	 1.9990867
0.10719845 	 1.7582191
0.003334353 	 1.6110884
0.004159566 	 1.7494181
0.00046884082 	 2.700169
0.041028045 	 3.9383314
0.054279815 	 1.7064077
0.04179125 	 1.7258584
0.018133022 	 2.3712044
0.15557848 	 1.0857091
0.24502826 	 1.7544308
0.0939324 	 4.40656
0.070991255 	 1.9631933
0.08351836 	 3.6712558
0.43049276 	 1.6172516
0.35633767 	 1.0320249
0.12404449 	 2.7230678
0.30792734 	 4.0260005
0.1108229 	 1.2109029
0.18141104 	 2.7915678
0.29974276 	 1.736842
0.18543155 	 1.0781682
0.06229006 	 4.5154653
0.040324192 	 2.171848
0.13366096 	 1.9837428
6.6878645e-05 	 1.4108502
0.1297513 	 2.0150342
0.052866034 	 2.5502627
0.21371502 	 2.1172423
0.18935303 	 1.24021
0.14379404 	 1.7222623
0.1302158 	 2.337605
0.09311351 	 3.3270633
0.05584086 	 2.0825722
0.0013038669 	 2.3763623
0.03873716 	 2.2674475
0.0003325896 	 1.6406038
0.03677542 	 1.4202137
0.0002869183 	 2.7516935
0.034865916 	 3.8757937
0.0031971128 	 2.2180312
0.00632278 	 2.4819796
0.029903596 	 2.05905
0.00057678163 	 2.8182745
0.0025570274 	 2.350192
0.07278862 	 2.578487
0.08970799 	 2.156401
0.09201001 	 2.3629365
0.06563909 	 2.2790055
0.051729396 	 3.8270175
0.0394673 	 2.3935876
0.049728625 	 1.2969409
0.020967865 	 1.6796759
0.0478794 	 8.269912
0.03632362 	 0.9248616
0.0032045874 	 1.231743
0.00013364255 	 1.9709665
0.00044278172 	 1.4000254
0.00035727446 	 1.700929
0.015595054 	 0.7618091
1.1920929e-07 	 1.1013954
0.009312524 	 2.3904576
0.015261829 	 2.9510229
0.030289227 	 2.331053
0.011424947 	 1.9282358
8.1840524e-05 	 1.8202628
0.006704223 	 0.7941473
0.004718331 	 1.5440612
0.00062485185 	 1.9487804
0.0010994157 	 2.0707898
0.0074558957 	 1.4406718
0.0020708411 	 3.84394
0.01996606 	 2.5117369
0.052012462 	 1.8459004
0.00396961 	 2.3761237
0.036685143 	 2.4520206
0.023952516 	 2.4362013
0.0063752066 	 2.5652208
0.01201071 	 2.2182934
0.053013533 	 1.631101
0.022773001 	 1.5365584
0.017919945 	 1.802483
0.0024935673 	 2.5331655
0.00015057267 	 0.98160696
0.0016894299 	 2.1731584
0.0014101668 	 1.1196021
0.0017054908 	 0.5218495
0.0040945676 	 2.4311898
0.00044188724 	 3.4220133
0.0013338875 	 1.4743987
0.00040432042 	 1.9248317
0.020552348 	 1.8680987
0.00014109415 	 2.224406
0.0006197823 	 3.4505196
0.00017137804 	 1.9076753
5.8891124e-05 	 2.1176445
0.000117606876 	 2.9133968
0.011993639 	 2.9496183
0.014732227 	 2.6597996
0.019059723 	 2.4320292
0.00033753845 	 2.3577871
0.0025221298 	 1.153306
0.018175086 	 2.199995
0.02042258 	 3.5932195
0.0002317101 	 3.2096055
0.003864115 	 2.0977237
0.020256637 	 3.397269
0.0332612 	 2.613394
0.027694521 	 2.087588
0.023922052 	 1.2802279
0.024974886 	 2.4182222
0.021491403 	 1.3000618
0.030493896 	 2.2198622
0.02166882 	 2.1340842
0.02083348 	 3.3116858
0.0504459 	 1.8568456
0.0021343343 	 1.6336017
0.023277292 	 0.98558414
0.030825783 	 1.4783714
0.0024676942 	 0.71109486
0.0017239401 	 3.3089674
0.0155912405 	 3.0041313
0.0080615105 	 2.2724354
0.0008952451 	 2.2735817
0.008763875 	 1.7839224
0.0013710117 	 1.7137476
0.0016933704 	 3.6559272
0.0028419308 	 2.3556578
0.00059079693 	 2.402938
0.017464263 	 1.394936
0.0009026428 	 1.4570673
0.0012754584 	 1.8017331
0.019093502 	 2.5542681
0.0011547912 	 3.4734583
0.00049007026 	 1.5276921
0.004875066 	 4.4894443
0.0017989953 	 2.884999
0.0007109188 	 2.7061427
0.00048798305 	 2.214943
0.00017167612 	 2.7967274
0.008500062 	 1.7919959
0.00015736865 	 1.6693058
0.000539985 	 2.332564
0.0011574766 	 2.6656208
0.0033733458 	 2.4805956
0.0010312747 	 2.5921535
0.001321712 	 3.0639603
0.0010607502 	 1.9789169
0.002306198 	 3.0557659
0.0024635117 	 1.115405
0.013828502 	 1.414769
0.0011171977 	 4.1474066
0.0015807122 	 1.3279569
0.08116139 	 1.9098912
0.10605982 	 2.313267
0.12435898 	 1.2517653
0.10991755 	 2.5290995
0.0380312 	 2.0138524
0.01567915 	 3.7050955
0.043993726 	 1.526657
-8.344647e-07 	 1.9065415
1.3589952e-05 	 5.8024473
4.827988e-06 	 6.1069684
0.0044025993 	 2.176488
0.06281748 	 1.1881907
0.0018657555 	 2.849596
0.016234819 	 0.75123125
0.00037241954 	 2.4989505
0.008390842 	 2.1213186
1.6927863e-05 	 2.458063
0.0005702214 	 2.8840945
0.00017268957 	 3.8652153
8.9407007e-07 	 3.1300302
-7.152555e-07 	 1.719903
9.954025e-06 	 1.2718818
0.013396186 	 1.0574114
0.12287581 	 2.4024854
0.020900426 	 1.8515099
0.002276626 	 2.9820647
0.012871978 	 3.417863
0.041707415 	 3.1115289
0.23542878 	 2.4205475
0.07783955 	 2.4085124
0.13632554 	 3.854064
0.057610545 	 3.075219
0.04259179 	 1.6282599
0.10418881 	 1.9593449
0.0012313554 	 1.6196086
0.00114405 	 1.8922303
4.947198e-06 	 3.1653178
5.900877e-06 	 2.3499165
0.025444154 	 2.0330575
0.025500098 	 1.5039619
0.06822235 	 2.2382717
0.0060421606 	 3.2471273
0.01613723 	 3.6892338
2.7358907e-05 	 6.112631
0.0002566309 	 1.153168
0.0002686146 	 2.7320414
0.0032527242 	 1.9325662
0.024356563 	 1.6421163
0.025432413 	 3.0329988
0.072452314 	 2.3818529
0.16436014 	 1.4048102
0.03892516 	 1.7341433
0.031712644 	 3.889374
0.079209104 	 3.163406
0.096948914 	 2.263593
0.06516999 	 3.0247095
0.064543545 	 0.903184
0.14181763 	 2.4870107
0.030844778 	 3.0937185
0.023643225 	 2.0479503
0.018937377 	 2.8645666
0.009075152 	 1.4842466
0.003214992 	 1.3469806
0.000444511 	 2.3453207
0.00056342257 	 3.1861978
0.021727905 	 3.039023
0.00030242009 	 2.6678548
0.011608907 	 3.87395
1.51993e-05 	 2.2583048
2.0861648e-06 	 3.5847278
0.0002509074 	 1.0230881
0.009764626 	 3.0078816
0.0005901409 	 2.0863674
0.0008280725 	 3.3442135
0.0205734 	 1.8293464
0.11330166 	 1.8465636
0.05683625 	 1.1310378
0.1416971 	 2.2040389
0.13658091 	 0.8705298
0.24866538 	 1.1090115
0.1529317 	 0.8365643
0.06025433 	 1.4201763
0.034057345 	 1.1119972
0.09462503 	 1.1350039
0.12153381 	 0.87288594
0.20599438 	 0.9706516
0.22382952 	 1.1405809
0.27709815 	 1.7002239
0.11034583 	 1.1570522
0.0838951 	 1.3761562
0.00018365878 	 1.846898
0.0055532586 	 3.1659408
0.015261829 	 3.134018
0.008032668 	 1.799672
0.042790532 	 2.7478101
0.083839096 	 1.809889
0.12025338 	 1.5018259
0.08028959 	 1.8414432
0.046648923 	 1.456873
0.001204978 	 3.3076735
0.059184898 	 0.864659
0.009325279 	 1.6255108
0.016256265 	 4.261741
0.023044512 	 1.4267436
0.012724065 	 1.9286901
Summary
-8.344647e-07  -  0.69611263 ,  0.5218495  -  8.269912
accuracy:  100.0
equal predictions:  0
TensorFlow version: 1.13.1
Found 939 images belonging to 1 classes.
argN = 49
argN = 49
0.58269364 	 2.1505017
0.31139365 	 2.200278
0.44429925 	 2.9091156
0.119031906 	 4.025316
0.1701873 	 2.3988457
0.022502115 	 1.4211775
0.054670934 	 2.3295186
0.04724101 	 1.9985224
0.0933736 	 1.4143299
0.18423429 	 1.8678417
0.106485784 	 2.024337
0.16517863 	 1.2779298
0.2825653 	 2.8044538
0.49899822 	 1.6105332
0.69727606 	 1.8517563
0.53689325 	 1.3598319
0.6774943 	 0.706227
0.41865644 	 1.3370798
0.47338277 	 1.7252373
0.3540687 	 0.7603612
0.15028803 	 1.9883087
0.2051582 	 1.2902929
0.04585773 	 2.1195824
0.008891597 	 1.5825788
0.0013384832 	 1.8515148
0.015286946 	 1.543522
0.0016315172 	 2.7223647
0.07301955 	 2.0878637
0.19856319 	 2.1709034
0.33479735 	 1.852943
0.28488228 	 1.0420206
0.7341624 	 2.858212
0.4838291 	 1.6010021
0.17226093 	 3.4514406
0.07291812 	 5.4195747
0.12333273 	 0.3931028
0.382624 	 5.3252034
0.53015935 	 0.83645725
0.34942013 	 3.2785242
0.15446448 	 1.541173
0.11186291 	 1.3352251
0.58233494 	 2.0470576
0.53345793 	 1.166911
0.115398906 	 2.1975648
0.1614136 	 2.2327855
0.016870387 	 2.7642827
0.00037951517 	 1.0438377
0.0011977571 	 2.0826373
0.10623771 	 2.892769
0.25216433 	 2.1175008
0.11985994 	 6.17355
0.35009146 	 1.7344637
0.26618773 	 1.6722581
0.042338986 	 1.6991711
0.00074187614 	 3.153194
0.0014237759 	 1.1268665
0.047428865 	 1.3145019
0.1359598 	 1.7028368
0.09990671 	 1.2775329
0.16654955 	 1.9538226
0.10612941 	 1.9132026
0.1251505 	 6.0549564
0.3169906 	 3.4655266
0.3155489 	 3.010378
0.15602155 	 2.049468
0.2681565 	 2.7219684
0.15040608 	 2.5251338
0.119875394 	 1.9915168
0.16720638 	 2.800861
0.27802616 	 0.98291
0.19362924 	 1.8417995
0.13687135 	 2.3855302
0.16935728 	 1.8418901
0.0367458 	 2.5930355
0.062918015 	 1.738645
0.2346809 	 1.7188845
0.14214993 	 0.57086784
0.048728704 	 1.2854766
0.15155177 	 2.2769759
0.022456639 	 7.4885817
0.0006733419 	 2.4496238
0.016284315 	 1.7082331
0.011077137 	 2.9878006
0.022832396 	 2.7114475
0.00015605714 	 3.4158468
0.000115282026 	 5.303868
0.00067578733 	 1.8588533
0.028440129 	 1.7540988
0.04377631 	 0.91944903
0.021957697 	 3.7475789
0.0021935902 	 1.5328784
0.005056328 	 2.5875247
0.0034460726 	 2.028353
0.0017182083 	 1.4742659
0.0009021655 	 1.926933
0.00036031537 	 2.7075624
0.0006823483 	 1.6266544
2.6524418e-05 	 1.9300653
0.000109380504 	 1.2886657
3.933984e-05 	 2.379153
0.00023540645 	 1.4995428
9.918705e-05 	 1.3160967
3.8684164e-05 	 3.2501361
0.0029611278 	 1.5488132
0.00029174768 	 1.7551911
0.019753503 	 1.2537419
0.0006704193 	 4.49022
1.4126401e-05 	 1.9937828
0.0006275954 	 1.2814528
7.903888e-05 	 0.89700174
5.5432474e-06 	 2.306857
0.0038025463 	 2.003213
8.708618e-05 	 2.6289604
0.00012142203 	 1.2462394
0.027907303 	 3.2507575
0.010521254 	 3.5898237
0.020751748 	 2.1500032
0.02422227 	 1.7865089
0.007998181 	 0.8548095
0.005186454 	 2.3148787
0.018041195 	 1.8523117
0.004734201 	 2.4211283
0.007051656 	 2.0799367
0.018309904 	 2.0986998
0.01575744 	 2.5644925
0.022717575 	 1.3842546
0.028190877 	 3.5156665
0.004565692 	 5.614091
0.000710382 	 1.5527391
7.212422e-05 	 1.4246285
0.00013924614 	 2.0573542
0.0012500347 	 1.219915
0.00031965118 	 2.3418474
0.023384856 	 1.0533824
0.009424854 	 1.7704006
0.004848593 	 2.043626
0.0037482805 	 1.2620033
5.018837e-05 	 2.0962431
0.00042525033 	 1.9875385
0.013843188 	 1.9962096
0.018501632 	 2.9450152
0.019321354 	 2.0243745
8.565554e-05 	 2.4435854
0.004847455 	 2.3650641
0.000505277 	 0.98645616
5.0844053e-05 	 1.2829524
0.0005436229 	 1.4622499
0.0015578477 	 3.2465587
0.022003822 	 1.557127
0.0051088077 	 0.8201164
0.0065763593 	 3.3985167
0.00035494904 	 2.4319837
0.022192907 	 2.3993485
0.021316333 	 1.3634806
0.021699335 	 2.2766116
0.039383102 	 0.8982979
0.026377168 	 2.3772244
0.023127101 	 1.4616988
0.018234814 	 3.9619129
0.011879031 	 1.6401912
0.020752234 	 2.4247653
0.03294532 	 0.91674286
0.032886125 	 0.9567086
0.0005737997 	 1.8555686
0.003396132 	 3.0553293
0.013491032 	 1.6086864
0.03899296 	 2.8174005
0.0012505122 	 2.0711005
0.010754993 	 2.4757078
0.0024524578 	 4.042784
0.012984285 	 1.8408626
0.024020039 	 2.6289034
0.0021318852 	 0.52966183
0.00026730294 	 1.8693923
0.0011746627 	 2.8293464
0.00021924992 	 1.03969
0.0007711045 	 1.5903792
8.78015e-05 	 1.6543658
0.00025347108 	 2.9833179
0.00090693816 	 2.395573
0.0014215674 	 0.9541456
0.0010229215 	 1.3166484
0.0010003682 	 2.1606507
0.002031959 	 2.0783603
0.0041688434 	 2.2883341
0.00062962325 	 2.6182606
0.0046516196 	 1.6030848
0.0008649393 	 0.9402751
0.003238851 	 1.2699249
0.0016933107 	 2.2061765
0.0023620585 	 3.141338
0.0013409302 	 1.1193414
0.076792605 	 3.2179463
0.19209126 	 1.290793
0.122696616 	 1.774514
0.0018744741 	 1.6424545
0.08411591 	 2.1578283
0.06576385 	 2.7645288
-8.344647e-07 	 10.1949415
1.1920936e-06 	 2.7991915
8.9407007e-07 	 2.1698787
0.0045556924 	 2.7167256
0.0231698 	 2.5297575
0.0018394808 	 2.2209365
0.008500843 	 1.8401
0.00060451415 	 1.6207284
0.027417092 	 2.8258862
0.0086007565 	 1.4757221
0.00011611659 	 2.048905
1.2516983e-06 	 2.7935884
0.00021221505 	 3.1151116
0.00021799795 	 3.104242
8.297311e-05 	 5.8000817
0.0041079144 	 1.7731485
2.5153477e-05 	 0.8535362
0.0002120362 	 2.266763
0.00044087353 	 4.3141026
4.172334e-06 	 2.834335
8.344685e-06 	 3.0891128
2.384186e-07 	 6.4412885
3.606146e-05 	 3.4847004
1.2576659e-05 	 1.7186391
0.0034193974 	 2.3495483
0.019069808 	 1.7074373
0.0001953435 	 0.55895066
5.6029934e-05 	 2.228681
4.9890332e-05 	 5.6959505
0.00012142203 	 3.5404544
0.02787488 	 2.2410126
0.022076698 	 2.7508225
0.020618364 	 1.9433402
0.02061873 	 3.8170245
0.0058806255 	 1.9549849
-9.5367386e-07 	 1.1488402
2.7656937e-05 	 1.9914587
0.012395235 	 3.4557254
0.00636147 	 2.4298797
0.2338368 	 1.5618373
0.06019489 	 3.4956498
0.05433513 	 2.8302531
0.023693332 	 1.8785954
0.050745282 	 1.3568965
0.0043791314 	 7.317524
0.018951774 	 4.7120495
0.119360335 	 3.1737657
0.0111170355 	 1.4324099
0.0016333082 	 2.9674506
0.020828307 	 2.1720865
0.015951404 	 2.343925
0.0017989356 	 4.1790752
0.041506276 	 0.9511661
0.030627191 	 1.4667434
0.0023662406 	 6.417863
0.009711059 	 2.462628
0.03530576 	 1.6058788
0.027043343 	 2.5190845
0.023488464 	 1.0523899
0.0005031898 	 7.056614
5.5433855e-05 	 3.178251
3.8266913e-05 	 4.039681
0.00087341055 	 1.6994951
0.0006585501 	 3.3430755
0.019168718 	 1.9134829
0.03202155 	 1.1648045
0.009133317 	 1.8056151
0.019835517 	 1.7200085
0.0558033 	 1.8549745
0.05055072 	 2.0886102
0.023154855 	 2.3955932
0.06308484 	 2.8119407
0.13346913 	 1.1646345
0.12727718 	 1.2491231
0.06969515 	 1.1264828
0.025473684 	 2.6383898
0.10179599 	 2.258313
0.001404019 	 2.0170135
0.030471038 	 1.644127
0.038599312 	 2.5006552
0.033205066 	 3.4165292
0.002639197 	 2.3182635
6.383861e-05 	 2.07503
0.016577035 	 1.9635397
0.007251444 	 1.5726701
0.08493738 	 1.2699087
0.15691496 	 1.2509341
0.20333378 	 2.8613212
0.13986069 	 2.5069396
0.14734475 	 0.7412153
0.1330264 	 3.0870824
0.16508456 	 2.7259543
0.25253686 	 1.3265808
0.2446264 	 2.0061462
0.22853954 	 1.6224167
0.1557138 	 1.4706212
0.0671654 	 2.478268
0.03622479 	 0.9369086
0.1261231 	 1.1352195
0.1403231 	 1.7457405
0.16721061 	 1.3878298
0.11364377 	 2.0029006
0.09275056 	 1.8982466
0.044709265 	 1.7680547
0.026868645 	 2.848586
0.092999354 	 1.825435
0.017428476 	 1.1293645
0.054394413 	 2.444599
0.010706794 	 1.8642474
0.007948132 	 1.3710278
0.020532392 	 2.3164928
0.07404227 	 1.2011404
0.0015396401 	 2.640431
0.041266542 	 3.1033869
0.079673484 	 1.9738237
Summary
-9.5367386e-07  -  0.7341624 ,  0.3931028  -  10.1949415
accuracy:  100.0
equal predictions:  0
TensorFlow version: 1.13.1
Found 939 images belonging to 1 classes.
argN = 49
argN = 49
0.3915914 	 2.477657
0.4666107 	 3.0711486
0.31675455 	 1.7200807
0.30192643 	 2.0260913
0.315738 	 1.422165
0.4666258 	 1.7464273
0.20852895 	 3.470315
0.15774001 	 3.8645556
0.17515542 	 2.6023655
0.23009121 	 3.502932
0.19211525 	 2.6382031
0.20247202 	 2.712653
0.10766951 	 2.059496
0.103879005 	 1.5796276
0.048075072 	 2.5382638
0.20390421 	 2.4641492
0.12014899 	 1.8570151
0.30924517 	 0.9691337
0.23561186 	 2.1442652
0.46549168 	 2.6725585
0.2403595 	 4.497408
0.28552806 	 1.8660158
0.28147507 	 1.1217821
0.20190693 	 1.5169548
0.042700086 	 2.7936225
0.435413 	 2.2559476
0.22325195 	 2.460961
0.08151641 	 2.9180815
0.13631351 	 1.4006813
0.024492646 	 1.4917486
0.032257475 	 1.6368488
0.1889018 	 1.0981964
0.31954145 	 0.48180673
0.5815257 	 2.0710928
0.32361838 	 1.4481578
0.36630982 	 1.3672236
0.12819059 	 1.526908
0.044675548 	 2.4019217
0.17518602 	 4.6239805
0.36892262 	 1.2775323
0.52508503 	 1.4298557
0.44130996 	 0.817532
0.46563706 	 3.038941
0.39248827 	 4.657115
0.18213248 	 0.68581545
0.2455288 	 2.3631182
0.15246841 	 0.5234291
0.044154372 	 2.288074
0.03236675 	 3.7943978
0.057555802 	 2.0323448
0.00030242009 	 2.024148
0.163273 	 2.1877332
0.26112476 	 2.5130956
0.20649393 	 1.8679185
0.17316061 	 1.2954978
0.1976514 	 1.9563829
0.13081276 	 2.526308
0.40150878 	 1.2242076
0.1448728 	 1.1795717
0.019646816 	 1.3549726
0.0047940305 	 2.9530518
0.0007381779 	 1.6178117
0.062923536 	 1.089627
0.0004686023 	 2.8208122
0.00027720002 	 3.0274694
0.0006624866 	 2.3034842
0.020879429 	 2.1662154
0.053666502 	 2.1423757
0.09636762 	 1.9376682
0.10364632 	 2.3350983
0.31353998 	 1.9827718
0.30253 	 1.0576233
0.023438001 	 4.274703
0.059834447 	 2.8066301
0.28590855 	 1.0929916
0.15315342 	 2.07883
0.28705388 	 2.1072266
0.16242607 	 0.67374563
0.19438669 	 2.820274
0.2298808 	 2.609846
0.067647435 	 2.365142
0.13447945 	 2.278807
0.021693124 	 2.6835577
0.13821843 	 2.3471773
0.002759924 	 2.9695005
0.09488977 	 2.2094908
0.035431176 	 7.1195636
0.011346453 	 1.5355637
0.001827538 	 1.1865944
0.00024065291 	 5.430182
0.017020974 	 2.0401068
0.00010604229 	 4.8223634
0.00055441726 	 1.4206787
0.03306397 	 2.3869948
7.1528135e-05 	 2.6831076
3.8088092e-05 	 4.2941127
0.021351466 	 0.99558246
0.009161949 	 2.5053236
0.00034391833 	 4.7486753
0.0007794556 	 0.91713876
0.0440116 	 2.2564898
0.032990724 	 1.7935567
0.0076594884 	 1.7124839
0.037228115 	 2.5048187
0.004266589 	 1.4545362
0.022265127 	 1.6021156
0.021583123 	 0.90189815
0.0005961645 	 1.6354893
0.0031534033 	 1.5630873
6.807082e-05 	 3.051664
0.00042453478 	 1.9113799
0.00024327614 	 1.7905728
0.00016917229 	 1.6936414
2.4140172e-05 	 2.05858
5.6029934e-05 	 3.02154
7.903888e-05 	 0.47114164
0.00044236428 	 3.3252668
-4.7683704e-07 	 1.8185822
6.377901e-05 	 2.6013315
9.447782e-05 	 5.788649
0.00903311 	 3.1248043
0.0001841357 	 1.3728899
0.010217715 	 0.42427015
0.00021245352 	 2.6056778
0.03045371 	 2.48778
0.02238654 	 2.8459544
0.00023045811 	 0.5848329
0.0014058693 	 1.941024
0.0047668405 	 1.4056443
8.1661696e-05 	 3.1284785
0.0022975353 	 2.206155
0.011344524 	 1.7019671
0.061129738 	 1.6803207
0.026557656 	 2.885744
0.017046075 	 3.0036108
0.028085431 	 1.7529271
0.021219341 	 2.4370875
0.0033172492 	 1.9509594
0.013811339 	 1.2876172
0.016283466 	 0.6581475
0.0067633903 	 1.4747076
0.024124997 	 1.780913
0.0042135553 	 2.0392773
0.0019700846 	 2.8147779
0.00020309364 	 1.4961253
0.012127446 	 2.6107712
0.0012711016 	 2.563555
0.0021528513 	 1.7315589
0.009127362 	 1.2251716
0.0010635547 	 1.2937946
3.0994895e-05 	 5.393645
0.00010920167 	 1.227101
1.5080089e-05 	 2.6736782
0.01926721 	 1.8764538
0.0038221115 	 1.6885184
0.000251444 	 1.4453573
0.0003785015 	 1.6950068
5.364562e-05 	 2.6914563
0.00036544324 	 1.2680198
0.008296238 	 1.4441223
0.019218663 	 2.5684628
1.5020483e-05 	 2.6945195
8.78611e-05 	 2.7113245
4.899622e-05 	 0.73721254
0.02005916 	 2.0958374
8.5774765e-05 	 1.7214186
0.0038934348 	 2.1048338
0.0035386633 	 4.982438
0.017779171 	 2.7540967
0.03171732 	 1.7905654
0.022898685 	 3.0851903
0.039220557 	 2.9146261
0.03932861 	 0.72286326
0.00073877437 	 2.3097754
0.00036442958 	 1.173099
0.0048421244 	 2.3849216
0.0030236014 	 1.1953509
0.0037260843 	 1.309732
0.002943074 	 1.1426238
0.002409438 	 0.92901397
0.0020066951 	 1.1989259
0.0005708774 	 1.151838
0.0012261036 	 1.0643568
0.00061352 	 0.76234525
0.00035077526 	 1.4262798
0.0068300026 	 2.2082036
0.007993734 	 1.6227169
0.0005167269 	 2.0709972
9.5014315e-05 	 1.3211316
0.00013000618 	 1.8545586
9.8114055e-05 	 1.7853609
0.0006518104 	 2.717506
0.00034320282 	 1.7820538
0.00030170463 	 1.991919
0.0035323827 	 1.3946925
0.0011916105 	 1.7901125
0.0016525326 	 2.4741364
0.0006887304 	 1.9800452
0.001113498 	 1.3071582
0.000887251 	 1.1175
0.0014510545 	 2.1999886
0.0009728632 	 2.1932693
0.0012549881 	 2.8267999
0.11031435 	 1.7876598
0.13095556 	 1.4974111
0.19118571 	 2.7869422
0.14697152 	 1.5192473
0.065266125 	 2.3559139
0.016962955 	 2.647473
0.049249765 	 5.5955944
0.06792394 	 1.8806055
0.033609785 	 1.536053
0.0032142743 	 1.7354095
0.01554523 	 1.4372344
0.019277968 	 4.2638316
0.0036043434 	 2.0707455
0.016098645 	 2.5521047
0.037714247 	 4.880533
0.022978822 	 2.4211278
0.00013149649 	 1.6977289
4.172326e-07 	 1.989283
-7.152555e-07 	 1.15731
2.3603718e-05 	 1.0410789
0.0042759273 	 3.842399
7.808239e-06 	 3.2032948
0.0027228675 	 1.4897842
0.02068548 	 1.651696
-7.152555e-07 	 1.3378687
0.027583122 	 2.4209988
0.12943444 	 1.6968753
0.11708261 	 2.0846958
0.1019821 	 1.212646
0.00759222 	 1.8276613
0.0109145455 	 2.9506514
4.220098e-05 	 2.5734143
4.8875927e-06 	 4.2112775
0.021218855 	 1.713238
2.6166781e-05 	 1.9895035
0.00023546607 	 3.4629004
0.003504808 	 2.7914648
0.058747254 	 1.0479478
0.05607882 	 1.7224572
0.008154409 	 2.2943583
0.011976266 	 3.0676992
0.05355381 	 2.4960532
0.0786675 	 2.5156584
0.021189023 	 1.5153272
0.044904005 	 1.3825717
0.03997301 	 1.3688673
0.004695335 	 2.053622
0.009312163 	 2.3182077
7.1525596e-07 	 0.8688634
1.2278632e-05 	 2.723241
0.024268132 	 2.1921496
0.023914117 	 3.7658448
0.04111909 	 1.8327162
0.0030969605 	 1.8060826
0.039854467 	 1.7602246
0.005426141 	 2.4527338
0.03549732 	 1.8240372
0.056234106 	 1.4360054
0.09244578 	 2.1602283
0.07240579 	 2.4670641
0.08590826 	 0.95975775
0.06543111 	 1.6806036
0.028650064 	 2.3630357
0.0021740568 	 1.9983324
0.022506747 	 2.0968835
0.0014951075 	 2.721711
0.023840984 	 0.6277493
0.028076176 	 1.3927876
0.027896393 	 3.750389
0.051775593 	 2.050691
0.0034496612 	 3.1416485
0.010932382 	 2.8424375
0.013095397 	 2.5061526
0.0016276366 	 1.1917274
0.000727978 	 4.1951632
0.003719623 	 3.2825181
0.11751082 	 2.3249373
0.19568026 	 2.7757792
0.11997303 	 2.5363607
0.17587933 	 1.0038391
0.13668478 	 1.1240219
0.15311077 	 1.2270001
0.18046728 	 1.5934834
0.08773357 	 1.2146443
0.05660877 	 1.2406582
0.124684036 	 1.5416688
0.14556041 	 1.7422223
0.19411764 	 1.4976395
0.15748191 	 0.866415
0.31399652 	 1.0184991
0.20632467 	 1.2515836
0.084163755 	 2.5665014
0.10798208 	 5.411947
0.09096007 	 1.0011091
0.00035608193 	 2.5033247
0.003202913 	 3.317833
0.02500642 	 2.1063042
0.08770923 	 2.5143042
0.11244522 	 1.9541419
0.11241741 	 1.9521805
0.07995257 	 1.9244417
0.042847767 	 3.0948248
0.054892052 	 3.0244567
0.05745997 	 1.2810898
0.02590104 	 3.5516753
0.022624472 	 1.7272389
0.002597723 	 1.5575123
0.002943911 	 2.6865327
0.022356672 	 2.9457679
0.0769337 	 0.99069506
Summary
-7.152555e-07  -  0.5815257 ,  0.42427015  -  7.1195636
accuracy:  100.0
equal predictions:  0
TensorFlow version: 1.13.1
Found 939 images belonging to 1 classes.
argN = 49
argN = 49
0.30579317 	 1.5473145
0.799726 	 2.605957
0.7786546 	 2.0233471
0.5465194 	 1.3058627
0.6660832 	 2.3575692
0.47326145 	 0.6361399
0.14621395 	 2.8667133
0.15564318 	 2.3189685
0.14448918 	 1.1860663
0.0735073 	 2.5982947
0.13795662 	 2.0252545
0.29314268 	 2.7358766
0.059793696 	 1.7399185
0.07386956 	 3.5261412
0.04544522 	 3.0061998
0.18828265 	 1.1647971
0.08084649 	 3.3414185
0.26026016 	 3.4101255
0.41071028 	 3.4475765
0.64862365 	 3.0473192
0.4112255 	 1.0174888
0.5820759 	 1.5784689
0.4598124 	 2.1717873
0.4346553 	 2.3240235
0.14306253 	 1.9035635
0.0010707148 	 1.955401
0.09110886 	 2.6139805
0.17230675 	 2.2261434
0.11531288 	 4.5509224
0.69580203 	 2.8216975
0.066771336 	 2.008614
0.12937365 	 6.252407
0.42607036 	 2.6656833
0.38147718 	 2.7210813
0.348345 	 6.095262
0.21061993 	 1.8181815
0.43170276 	 2.4470634
0.618958 	 4.1030025
0.19453801 	 3.056508
0.41979712 	 4.822778
0.28010395 	 2.6698518
0.0052059265 	 5.22031
0.1107655 	 1.7341399
0.1884961 	 1.9012059
0.12941116 	 1.3338633
0.19265603 	 1.4418966
0.042144563 	 2.986829
0.039995715 	 2.9860177
0.0010017403 	 3.0003061
0.0013011214 	 2.151965
0.02905724 	 2.3667722
0.17197037 	 3.092688
0.1077724 	 1.3752531
0.24845368 	 1.7245886
0.31288806 	 2.9961448
0.25330597 	 2.2081466
0.18941066 	 2.2621396
0.18489717 	 1.5095772
0.3075238 	 2.7316184
0.27234802 	 1.6338136
0.23851389 	 1.4359401
0.11243255 	 3.5262606
0.2910913 	 1.2564048
0.0866664 	 1.3850464
0.0552031 	 1.9192396
0.061351467 	 1.7413769
0.11738902 	 2.128094
0.022610389 	 3.064277
0.00031064806 	 3.7073004
0.16335174 	 1.6012261
0.06718777 	 1.7703768
0.052593406 	 1.50174
0.1306244 	 2.417205
0.26045117 	 1.3021224
0.24698216 	 2.6073313
0.13152415 	 3.1209745
0.3095153 	 1.7407538
0.15639219 	 1.0107831
0.22085948 	 2.4862404
0.29380804 	 2.4221678
0.24661726 	 1.4407244
0.22921838 	 1.8987511
0.019078922 	 4.186726
0.0077254996 	 4.188049
0.10007166 	 3.4558141
0.2820654 	 2.3791022
0.04538852 	 2.2346625
0.07592056 	 2.1948442
0.08967168 	 2.2214096
0.069265656 	 2.3380415
0.027213173 	 3.2317357
0.032617413 	 2.3437157
9.572964e-05 	 1.4547586
0.00016416467 	 1.9026209
0.044632103 	 1.4589245
0.0004975841 	 2.9929812
0.017041285 	 3.296846
0.024345143 	 2.7742984
0.031114552 	 4.1484294
0.0015311035 	 3.3900726
0.08168268 	 2.1128757
0.022100585 	 2.7926967
0.009633 	 1.9384717
0.019033296 	 2.4531922
0.0026648352 	 4.104324
0.0032927901 	 3.082078
0.0031105925 	 2.753682
0.016949618 	 2.7674618
0.008917336 	 2.5671978
5.2334246e-05 	 2.7702086
0.00036609912 	 2.1968923
0.00036603952 	 3.3511865
0.0007660342 	 1.561566
0.0007235044 	 2.7555788
0.0010691634 	 2.0248818
0.015086514 	 3.795177
2.3365294e-05 	 2.2385468
1.1324889e-06 	 2.2823772
0.014308468 	 0.81837624
3.3974704e-06 	 2.996912
0.029582944 	 1.5258291
0.0033429048 	 3.0593586
0.00013501363 	 2.2369564
0.006382765 	 1.8175843
0.006163359 	 1.9543383
0.0056287814 	 1.4299471
0.00042369997 	 3.4329324
0.011929638 	 1.7078539
0.021271763 	 1.8486488
0.006297648 	 2.1448207
0.0057272096 	 1.564699
0.027336841 	 1.777586
0.035563465 	 3.2709684
0.01484196 	 1.9187343
0.0063166623 	 3.0602672
0.004146099 	 1.0118489
0.0015644145 	 2.6113856
0.0005461277 	 1.5868014
0.0016565326 	 3.382429
0.026320072 	 1.8023629
0.039714605 	 1.8137552
0.009291408 	 2.1948688
0.00017769723 	 2.783805
0.0035789204 	 2.0229075
0.0028239388 	 0.9519532
9.9842764e-05 	 1.4603202
0.0008052252 	 2.406414
0.019321658 	 1.8038213
0.011197199 	 1.6213094
0.0030870354 	 2.6476355
0.0031728959 	 2.8039687
6.79516e-05 	 1.0027086
0.0007847646 	 3.5391767
9.48951e-05 	 3.5258574
4.2260584e-05 	 1.9448148
5.4956992e-05 	 3.7225654
0.012310631 	 3.0788603
0.037011236 	 3.0781157
0.021300806 	 2.9178057
0.034785435 	 4.5153346
0.032171544 	 2.1803315
0.024030175 	 1.8947662
0.00063994137 	 2.1120694
0.02278843 	 1.7904942
0.02966153 	 2.6396472
0.024776597 	 1.4255188
0.0007117539 	 2.9165957
0.018620828 	 2.8230858
0.0043333345 	 2.2958918
0.023042377 	 1.6350509
0.0058729514 	 2.462807
0.0013637898 	 2.3958247
0.004416728 	 1.5368879
0.0074344575 	 1.686509
0.00029443068 	 1.9730713
0.007606874 	 2.8187218
0.036414295 	 1.3651419
0.0017513463 	 2.0017638
0.00038959223 	 0.62195045
0.020660713 	 1.9566169
0.00059765554 	 1.7274696
0.00016005128 	 0.8882533
0.0001634493 	 0.9984283
0.0014498009 	 1.1900415
6.991869e-05 	 2.2920136
0.004070389 	 3.2685478
0.02176488 	 3.065961
0.001678862 	 1.137904
0.0027794088 	 2.0170946
0.0031896983 	 1.7039204
0.0043177106 	 1.255847
0.008708797 	 1.5710922
0.00520311 	 2.1713862
0.13010071 	 2.0182521
0.10141047 	 1.3737993
0.033459328 	 2.2238622
0.015010456 	 0.8265141
0.010884537 	 3.092654
0.021323578 	 1.205545
0.0014597097 	 1.3284849
0.015822414 	 2.288088
0.00010961895 	 4.8225484
0.020730693 	 3.7138155
0.0044915066 	 2.5443027
0.0032042884 	 4.3336186
0.00050241454 	 2.283718
0.021740757 	 2.1828876
0.016412092 	 2.4968522
0.020094067 	 3.3735101
0.052545913 	 1.9063289
0.014473971 	 2.823205
0.010578178 	 1.8949165
2.384186e-07 	 1.3404634
1.1682579e-05 	 3.8270724
0.0018227609 	 5.562496
0.01277393 	 0.88430023
0.020049004 	 1.3347245
0.038371112 	 2.8284929
0.002964954 	 3.2079504
0.007430434 	 2.4237309
0.00030391067 	 2.6700404
0.0016898478 	 1.9713751
0.4887025 	 2.0741503
0.29140276 	 2.26909
0.015434572 	 1.7012035
0.020510733 	 2.7349725
0.0019404033 	 2.8664944
-8.344647e-07 	 1.7995211
1.0907709e-05 	 6.7215114
2.795497e-05 	 3.9234052
1.3828373e-05 	 1.7649742
0.059077397 	 3.7342925
0.00036395257 	 3.5448418
0.044029728 	 0.8880082
0.020172764 	 1.9112812
0.08426329 	 1.9735199
0.039483175 	 1.2713845
0.03996439 	 1.5439124
4.9234648e-05 	 1.7827805
0.006068186 	 2.9035199
0.020921974 	 1.3381796
0.022808857 	 2.0007665
0.005626983 	 1.8378828
0.0005321726 	 3.0641084
0.006607019 	 1.5832225
0.013322309 	 4.0617456
0.01252638 	 1.6410165
0.0011989506 	 1.9649956
0.0133148795 	 4.810231
0.019384008 	 3.0687387
0.024040187 	 2.7840605
0.026444916 	 2.8821847
0.01841232 	 3.9643846
0.07391231 	 1.2078091
0.04599515 	 1.6391251
0.06956677 	 1.4002349
0.16157402 	 2.1365569
0.13151783 	 2.0573707
0.20091186 	 2.1780734
0.160174 	 2.7121556
0.11936249 	 1.5799664
0.08189834 	 1.5187136
0.014479111 	 1.9772753
0.13159996 	 2.6246805
0.10320888 	 1.8181247
0.10483815 	 1.7320496
0.1089651 	 2.453189
0.08082064 	 2.4940171
0.14089184 	 2.648672
0.09729205 	 1.4216257
0.12472637 	 2.2342572
0.0033418883 	 2.3914804
0.0051520634 	 1.1719185
0.06720422 	 2.2155807
0.19975132 	 3.9360363
0.2129961 	 1.7249057
0.13091786 	 2.1684153
0.27868634 	 2.086496
0.12984143 	 1.5652791
0.20581885 	 1.9367528
0.07768655 	 1.9083735
0.10034615 	 1.8538144
0.10005822 	 1.0975542
0.13814794 	 1.8845127
0.10790054 	 1.5475073
0.21034662 	 1.5102398
0.21654817 	 0.8639588
0.11129381 	 2.7294347
0.1670657 	 2.5939524
0.06256966 	 2.1316743
0.16980699 	 2.7591178
0.04362799 	 2.4504182
0.09583291 	 2.0628216
0.06569994 	 1.7473019
0.064096816 	 3.715599
0.019774172 	 3.0279126
0.016318666 	 2.1649957
0.104502074 	 2.0448477
0.0425921 	 1.793464
0.014018647 	 1.6474979
0.019608643 	 1.4029078
0.1105888 	 2.9432151
0.10417114 	 1.2101004
0.07026159 	 1.9649141
0.116429895 	 1.9332292
0.13497426 	 1.7605698
0.12276191 	 2.1539588
0.12251025 	 2.0833633
0.089958 	 1.8067884
0.07585002 	 2.6009057
0.018313607 	 2.5247624
0.067757 	 1.6123666
0.04563199 	 5.2636085
Summary
-8.344647e-07  -  0.799726 ,  0.62195045  -  6.7215114
accuracy:  100.0
equal predictions:  0
