TensorFlow version: 1.13.1
Found 939 images belonging to 1 classes.
argN = 3136
argN = 3136
0.25152925 	 0.8170055
0.2664586 	 0.4031671
0.3226005 	 0.59006685
0.6593248 	 0.6477544
0.6291072 	 0.69027084
0.29480982 	 0.30674496
0.3021433 	 0.43836915
0.36989975 	 0.72792095
0.4490764 	 0.62554294
0.44228163 	 0.780381
0.30778688 	 0.51573783
0.24817151 	 0.7080195
0.2528505 	 0.38321853
0.22746862 	 0.84070253
0.2646568 	 0.481362
0.2267038 	 0.45570725
0.17434469 	 0.4600443
0.19709565 	 0.36347884
0.21404277 	 0.8343427
0.25003812 	 1.1239941
0.24199781 	 1.0907137
0.28835583 	 0.3491374
0.26525384 	 0.4417825
0.26637328 	 0.491586
0.2619229 	 0.44796482
0.23403579 	 0.25883424
0.37401423 	 1.0365278
0.3423709 	 0.74648124
0.36265934 	 0.74904233
0.36927956 	 0.4715253
0.36922988 	 0.5450483
0.41469646 	 0.8467106
0.40480405 	 0.55160594
0.4161812 	 0.6878378
0.40686885 	 0.7898757
0.35140324 	 0.48921344
0.298432 	 0.946394
0.27195147 	 0.9122438
0.34099916 	 0.957946
0.3185418 	 0.40124592
0.29669738 	 0.87909645
0.27650547 	 0.7624711
0.28912643 	 0.87948936
0.29866403 	 0.43698683
0.31734398 	 0.5701401
0.31788084 	 0.47669068
0.4432179 	 0.7295916
0.58457345 	 0.60804313
0.5192412 	 0.49154782
0.35268414 	 0.44027185
0.1855315 	 0.25567213
0.18065606 	 0.41990262
0.20529768 	 0.9236504
0.23245235 	 0.43219024
0.26760447 	 0.9306345
0.29821956 	 1.0887442
0.25805485 	 0.8718957
0.24319036 	 0.5420619
0.3382752 	 0.8669685
0.4220675 	 0.9455866
0.42910892 	 0.58876264
0.39391062 	 0.5526368
0.36007702 	 0.55010295
0.31736085 	 1.0070677
0.40000525 	 0.531034
0.24499758 	 0.452903
0.2694076 	 0.39294288
0.2876635 	 0.6124976
0.2279582 	 0.54857004
0.2381371 	 0.3227383
0.2413972 	 0.89156055
0.23151238 	 0.47172773
0.24826945 	 0.28386253
0.26382694 	 0.87041634
0.3390203 	 0.5164673
0.40128893 	 0.365276
0.40794086 	 0.76886845
0.50061095 	 0.7414859
0.6150345 	 0.6803718
0.64963424 	 0.63219935
0.6535913 	 0.7451154
0.22950679 	 0.75882834
0.25443792 	 0.3862715
0.3223474 	 0.43868402
0.25988042 	 0.89779603
0.18959855 	 0.4136555
0.18799561 	 0.6304066
0.17780487 	 0.42422134
0.22024307 	 0.4758054
0.25146624 	 0.4578741
0.26370114 	 0.76352024
0.24367774 	 0.8803532
0.28984392 	 1.1002913
0.30399516 	 0.44848308
0.29432744 	 0.5143855
0.3374821 	 0.56194484
0.33661985 	 0.5368082
0.37132856 	 0.48321217
0.18420835 	 0.71251225
0.2109187 	 0.40655875
0.20926405 	 0.7211328
0.17324404 	 0.49891418
0.19913423 	 0.79644066
0.15992953 	 0.3685529
0.1774364 	 0.5138824
0.16997921 	 0.5226492
0.16030595 	 0.6884486
0.18632966 	 0.3679632
0.18682969 	 0.3498577
0.19799165 	 0.38423753
0.19895932 	 0.31515262
0.18864249 	 1.0127287
0.2032235 	 1.0929705
0.1956986 	 0.19622712
0.21108888 	 0.86507446
0.22143896 	 0.56106645
0.2172695 	 0.5468583
0.20938809 	 0.36428162
0.23685513 	 0.36305946
0.22570841 	 0.2823972
0.23016879 	 0.37270164
0.23703371 	 0.7851755
0.21463086 	 1.4167618
0.23476946 	 1.0057293
0.22567068 	 1.0885248
0.22632746 	 0.35279474
0.23882096 	 0.40800738
0.25929633 	 0.47584993
0.24185173 	 0.46594152
0.24974854 	 0.44366035
0.25731146 	 1.1130663
0.26821813 	 0.79399735
0.26551002 	 0.8262891
0.23933801 	 0.47895268
0.24652886 	 0.34785417
0.25384063 	 0.48153755
0.25546566 	 0.9332546
0.26151374 	 0.40682462
0.25823766 	 0.5998511
0.24143043 	 0.78626955
0.26048195 	 0.6637908
0.2575939 	 0.40050656
0.24559288 	 0.6890675
0.24609087 	 0.817341
0.29953477 	 0.5784232
0.28641632 	 0.6229043
0.28791916 	 0.3120908
0.30930924 	 0.46803424
0.28884345 	 0.51688343
0.28165153 	 0.51463294
0.2854435 	 0.51735497
0.29307044 	 0.4081283
0.30418646 	 0.558391
0.3226461 	 0.6321404
0.31694955 	 0.52349794
0.33118594 	 0.80256003
0.29511803 	 0.9000993
0.2686066 	 0.5189303
0.29150558 	 0.80804837
0.26927167 	 0.35796785
0.29925847 	 0.5320149
0.278023 	 0.5664676
0.28698424 	 0.3226507
0.2898882 	 0.41559884
0.27233464 	 0.495194
0.26780084 	 0.44603273
0.2997035 	 0.5065109
0.29455358 	 0.56689155
0.3126379 	 0.435852
0.33509997 	 0.97583306
0.343861 	 0.36571077
0.3339652 	 0.33691415
0.33366376 	 0.8824942
0.33506054 	 0.6721295
0.34654915 	 0.7949811
0.33964494 	 0.47417176
0.34947786 	 0.4622457
0.35234565 	 0.41268215
0.37860247 	 0.5828228
0.37535334 	 0.5004292
0.36566412 	 0.47543073
0.3663813 	 0.5795105
0.39922857 	 0.46763465
0.39101303 	 0.8813699
0.41941717 	 0.5678333
0.42121828 	 0.7951118
0.43926278 	 0.5405245
0.4215575 	 0.6360618
0.41554052 	 0.71778905
0.4242002 	 0.66655856
0.4143581 	 0.71898365
0.4307515 	 0.6702582
0.36134318 	 0.77049124
0.367372 	 1.0188869
0.39532048 	 0.86363286
0.35174912 	 0.808283
0.38124764 	 0.92108464
0.38748628 	 0.7046089
0.34423786 	 0.8453784
0.32657263 	 0.89900494
0.2942097 	 1.0702567
0.2717264 	 0.95822954
0.26962808 	 0.91447985
0.30035353 	 0.96274894
0.27485567 	 0.69371814
0.2835732 	 1.0087705
0.28732935 	 0.51948035
0.2800896 	 0.83446914
0.27861217 	 0.90787274
0.28148788 	 0.7945922
0.27419832 	 0.84003586
0.2831486 	 0.88377416
0.29287645 	 0.57631284
0.30367267 	 1.0456954
0.30672765 	 1.0524186
0.3372672 	 0.93470895
0.34332448 	 1.0327367
0.32295486 	 0.83928216
0.33942732 	 0.90760237
0.36331305 	 0.82526594
0.3599757 	 0.7742967
0.35743633 	 0.9786092
0.36591864 	 0.8420696
0.3642009 	 0.8886521
0.33273637 	 0.8721437
0.32788426 	 0.9086797
0.30510724 	 0.9615906
0.31583738 	 0.965787
0.31848672 	 0.87613326
0.31381598 	 1.0373045
0.29988304 	 0.91933185
0.29433593 	 1.0793884
0.40610945 	 0.78899646
0.35152417 	 0.5319175
0.3215511 	 0.7381079
0.282444 	 0.8408778
0.2878473 	 0.87306035
0.30056483 	 0.7854104
0.29280615 	 0.78961515
0.28586516 	 0.8781793
0.2543081 	 0.9384266
0.27144817 	 1.1021541
0.2729795 	 0.9878018
0.2874869 	 0.95153016
0.28049555 	 0.548352
0.2792698 	 0.97338074
0.2858729 	 0.5908341
0.27977234 	 0.5502928
0.28835726 	 0.9136273
0.27965054 	 0.6267409
0.28484693 	 0.6773664
0.28374186 	 0.6409079
0.2976855 	 0.7568922
0.2863217 	 1.0315583
0.25683218 	 0.871063
0.23673293 	 0.5493573
0.2512037 	 0.85047925
0.34913206 	 0.7054742
0.3321566 	 0.7025058
0.33484957 	 0.7866276
0.33495805 	 0.9572093
0.35531402 	 0.7682711
0.3086484 	 1.0703584
0.30485585 	 0.81213546
0.28796178 	 0.6611864
0.28272367 	 0.6147734
0.2750404 	 0.8960958
0.28587386 	 0.5876876
0.27369443 	 1.0111109
0.2788072 	 0.718116
0.2689063 	 0.6785616
0.27228698 	 0.7054449
0.28520614 	 0.962388
0.27624026 	 0.8169672
0.276017 	 0.71310115
0.2840345 	 0.67061174
0.27394462 	 0.5669264
0.29283434 	 1.0803837
0.28535536 	 0.76898676
0.28051892 	 0.745806
0.28118864 	 0.8085957
0.3052055 	 0.90245396
0.30210155 	 0.72930974
0.3089291 	 1.0118096
0.29608136 	 1.0515889
0.26715955 	 0.847527
0.26798224 	 0.84412366
0.28108996 	 0.9603462
0.28709152 	 1.0347182
0.32937166 	 0.6820801
0.30346578 	 0.67874
0.3221368 	 0.8709894
0.3093763 	 0.99838173
0.30285868 	 0.63492364
0.302558 	 0.5854506
0.26523605 	 0.83110344
0.26847625 	 0.91154355
0.2688336 	 0.6140581
0.27129468 	 0.8855719
0.24481444 	 0.566641
0.25343367 	 0.5671708
0.25632712 	 0.6980204
0.26728398 	 0.6972745
0.26874867 	 0.73581785
0.28355253 	 0.7777307
0.26595294 	 0.8935467
0.27783406 	 0.770274
0.27386475 	 0.99936944
0.29771522 	 0.79815066
0.274966 	 0.7314972
0.30818072 	 0.8669167
0.2962681 	 0.8538147
0.29684937 	 1.0248319
Summary
0.15992953  -  0.6593248 ,  0.19622712  -  1.4167618
accuracy:  98.7
equal predictions:  0
TensorFlow version: 1.13.1
Found 939 images belonging to 1 classes.
argN = 3136
argN = 3136
0.501024 	 0.83144647
0.6129266 	 0.8581046
0.5277874 	 0.99466556
0.5027957 	 1.2310998
0.48040712 	 1.2727542
0.48925552 	 1.032966
0.44608402 	 1.1289135
0.21931161 	 1.5173235
0.1693957 	 1.4727256
0.18634532 	 1.3237655
0.16370897 	 0.8314735
0.18369131 	 0.5886439
0.19937052 	 0.5448562
0.26381126 	 1.1671587
0.35829964 	 0.7799357
0.35657978 	 0.5179439
0.3358433 	 0.48216945
0.2673644 	 0.54014915
0.24951772 	 0.68466705
0.15804295 	 0.7843019
0.16580473 	 0.6819718
0.17341657 	 1.1187078
0.2024364 	 1.088851
0.20822619 	 1.3952602
0.15090646 	 1.5712781
0.16415088 	 1.64167
0.21160695 	 1.9975277
0.21712662 	 1.1201967
0.20024739 	 2.003449
0.19064897 	 1.5337868
0.1899564 	 1.3418097
0.46446556 	 0.86555094
0.44929144 	 0.6585143
0.53492785 	 0.6248913
0.619915 	 0.967277
0.5213769 	 0.83514875
0.67473125 	 0.83992445
0.5760068 	 0.7492082
0.43410552 	 0.8490616
0.5889465 	 0.8325911
0.6340859 	 0.8395366
0.39943153 	 0.9386265
0.37957054 	 0.930516
0.31625307 	 1.1091017
0.30481735 	 1.0605402
0.19424054 	 1.1920801
0.13773037 	 1.7412215
0.11345661 	 1.9736198
0.13338202 	 1.8577666
0.11782836 	 1.8352448
0.2663928 	 0.64023626
0.27775222 	 0.99308825
0.31743902 	 0.9079013
0.3209896 	 0.7612727
0.36860132 	 0.65446204
0.38145116 	 0.51723343
0.30317503 	 0.45072868
0.29086518 	 0.44798347
0.29368013 	 0.43014383
0.26262936 	 0.6017819
0.16747385 	 0.79882884
0.18736273 	 0.82339966
0.16807078 	 1.4561943
0.1764515 	 1.110763
0.08858082 	 1.0350808
0.07228982 	 1.9517788
0.06201244 	 1.3295487
0.056060348 	 1.8855428
0.059852544 	 1.5463023
0.0739544 	 2.1076512
0.11476942 	 1.5069312
0.38958672 	 0.63722396
0.5200207 	 0.5527028
0.5356556 	 0.5584594
0.5865795 	 0.5851828
0.49501052 	 0.88252115
0.43133524 	 0.84427756
0.34690627 	 1.0723375
0.33324262 	 1.021668
0.22222531 	 1.5538619
0.16841996 	 1.5571027
0.24827763 	 1.1754621
0.19425328 	 0.8199525
0.24708387 	 0.69609505
0.26717404 	 0.6964007
0.23412587 	 1.0417943
0.1780408 	 1.1873968
0.4142755 	 0.49128583
0.2935765 	 0.53914636
0.21046013 	 0.8158078
0.14797741 	 1.0931431
0.09772829 	 1.6289678
0.0779942 	 2.0522594
0.061687097 	 1.4631406
0.09320157 	 1.555576
0.12254481 	 1.546143
0.10720203 	 1.3626143
0.051668383 	 2.1296391
0.37979788 	 0.5301922
0.3808462 	 0.6977608
0.3861126 	 0.5503031
0.3777976 	 0.5071859
0.37273642 	 0.5977262
0.3924827 	 0.46480277
0.41655758 	 0.63364124
0.39729953 	 0.46082526
0.3876815 	 0.6020397
0.37799472 	 0.7408588
0.38595843 	 0.5931537
0.34829095 	 0.61570585
0.32876822 	 0.68300223
0.31847262 	 0.57516974
0.27532214 	 0.69315696
0.2676343 	 0.59925497
0.23451841 	 0.80116594
0.22972517 	 0.764813
0.20446377 	 0.6867953
0.16949116 	 0.65891004
0.17905791 	 0.60588765
0.19098571 	 0.7299048
0.1825902 	 0.7032154
0.18958485 	 0.8112589
0.16429634 	 0.90330195
0.15717608 	 0.8825908
0.1533772 	 0.65623176
0.14771199 	 0.8167148
0.15189897 	 0.69141597
0.15094104 	 0.88878477
0.15197231 	 0.93301696
0.16320768 	 0.7357357
0.1706144 	 0.8204721
0.15857895 	 0.76588213
0.1631909 	 0.9160049
0.15829779 	 0.9168311
0.15293017 	 0.6901645
0.15122265 	 1.0112369
0.13887574 	 0.9578995
0.11760307 	 1.0313506
0.110744126 	 0.5868873
0.10894496 	 0.87642545
0.091441825 	 0.7057656
0.08937846 	 0.613124
0.08608995 	 1.1754578
0.08670397 	 0.88534564
0.08162163 	 0.99073935
0.060775798 	 0.66919196
0.052956026 	 0.58142334
0.04956451 	 1.0062474
0.051395204 	 1.3960888
0.06262201 	 1.1069659
0.059640512 	 0.89343804
0.06098782 	 0.58697164
0.069693744 	 1.1591657
0.059417646 	 1.2887809
0.06490925 	 0.7450212
0.06164881 	 1.1449059
0.060795624 	 0.8009929
0.06844719 	 0.7850716
0.060833883 	 0.7169654
0.06716234 	 0.8908441
0.064927444 	 0.727317
0.06601138 	 1.1813467
0.071437426 	 0.8070254
0.07090385 	 0.938712
0.06739427 	 0.7180234
0.07154377 	 0.7929657
0.08977123 	 0.69848
0.07602545 	 0.57812077
0.081386566 	 0.615801
0.08959168 	 1.0585588
0.09899632 	 1.0897268
0.10010374 	 0.848703
0.107886195 	 0.67911845
0.10971798 	 0.962933
0.122540765 	 1.0203602
0.12813579 	 0.74369246
0.13572726 	 0.63981485
0.14745493 	 0.7695954
0.14935789 	 0.8590645
0.1379703 	 0.7833365
0.14559957 	 0.5531084
0.15171658 	 0.95537883
0.13514058 	 0.8609857
0.12728246 	 0.79732955
0.13560896 	 0.709433
0.11865942 	 0.698144
0.1133823 	 0.8888126
0.1259334 	 0.7917001
0.12846233 	 0.6232562
0.124164335 	 0.69190675
0.12531136 	 0.7522092
0.13024709 	 1.0794401
0.13190718 	 0.6754839
0.12174673 	 0.78328514
0.13546833 	 0.99303854
0.1254823 	 0.7575945
0.12442689 	 0.7595471
0.12398066 	 0.5799756
0.1215565 	 0.8009766
0.10536021 	 0.762473
0.11917835 	 0.66462964
0.113020726 	 0.83772236
0.11731764 	 0.9388932
0.10443862 	 0.6816567
0.097356565 	 0.6766531
0.09045806 	 0.74353236
0.07873424 	 0.64024657
0.07233512 	 0.74834204
0.05394062 	 0.98563045
0.042598695 	 0.9823614
0.38103873 	 0.5324392
0.3686496 	 0.6726267
0.36651102 	 0.71774644
0.32883117 	 0.59176904
0.3423398 	 0.50976133
0.33281195 	 0.7125832
0.3433371 	 0.53360456
0.31949255 	 0.84479475
0.30588728 	 0.5790537
0.30547112 	 0.5698199
0.3341243 	 0.5793843
0.31597766 	 0.8039578
0.33379725 	 0.57482517
0.3548058 	 0.61327404
0.3169638 	 0.45747402
0.30762812 	 0.6262042
0.29152218 	 0.58955425
0.29079676 	 0.914867
0.2793083 	 0.5803493
0.24075669 	 0.6943525
0.24608211 	 0.8202125
0.24705549 	 0.7867098
0.2591325 	 0.75779593
0.24067418 	 0.87447625
0.26530248 	 0.6759905
0.26917633 	 0.70778674
0.31791565 	 0.7560811
0.30116346 	 0.5485678
0.26861206 	 0.779813
0.2708344 	 0.5973972
0.2795666 	 0.6922594
0.29273066 	 0.6062054
0.28874162 	 0.40103123
0.33067715 	 0.678406
0.32019606 	 0.5478383
0.3200105 	 0.7736756
0.2331534 	 0.81148416
0.23051152 	 0.6133437
0.23394917 	 0.71492004
0.26370955 	 0.74851537
0.2627461 	 0.53697586
0.27649808 	 0.6694999
0.26825133 	 0.5488856
0.27645886 	 0.7323435
0.27013344 	 0.61736256
0.27495673 	 0.4383978
0.25914964 	 0.8038216
0.2613545 	 0.44831622
0.23472416 	 0.43593088
0.21804945 	 0.6757174
0.20113108 	 0.4785614
0.21266456 	 0.63617396
0.22027494 	 0.7199942
0.20900913 	 0.6671798
0.2638624 	 0.5926288
0.30134732 	 0.7306305
0.29202625 	 0.5673094
0.3010865 	 0.6917716
0.30144948 	 0.7143078
0.3410037 	 0.71655554
0.36789703 	 0.676267
0.45331034 	 0.6646722
0.3478216 	 0.6838147
0.2670033 	 0.6478902
0.26134583 	 0.7036723
0.22247857 	 0.71848536
0.20628093 	 0.81346923
0.21297242 	 0.62077224
0.2268698 	 0.66467035
0.24213257 	 0.7271751
0.247897 	 0.52260655
0.255921 	 0.8050022
0.27313972 	 0.6216335
0.2865357 	 0.48124912
0.36170313 	 0.6950044
0.4231634 	 0.75656265
0.4415936 	 0.625683
0.4710623 	 0.69732845
0.4665355 	 0.70273364
0.47531432 	 0.73929965
0.5062918 	 0.79175615
0.5188638 	 0.7446014
0.5023738 	 0.678977
0.52128416 	 0.54863274
0.5033219 	 0.6269134
0.5107077 	 0.6959701
0.3354079 	 0.63339686
0.25804675 	 0.6587214
0.2507405 	 0.8426647
0.19893219 	 0.67027557
0.2099064 	 0.6363514
0.20793357 	 0.63387805
0.18131715 	 0.4772767
0.17881604 	 0.7656026
0.20804387 	 0.68134046
0.22475229 	 0.79984736
0.27682003 	 0.6231645
0.24998102 	 0.64416486
0.25433007 	 0.689542
0.2449365 	 0.64118344
0.25699311 	 0.6369573
0.2229497 	 0.6528939
0.23004118 	 0.90044343
Summary
0.042598695  -  0.67473125 ,  0.40103123  -  2.1296391
accuracy:  99.7
equal predictions:  0
TensorFlow version: 1.13.1
Found 939 images belonging to 1 classes.
argN = 3136
argN = 3136
0.35949346 	 0.6990014
0.3710821 	 0.6107626
0.4324372 	 0.7345308
0.3957345 	 0.7190611
0.3957914 	 0.80255735
0.39275914 	 0.80358034
0.40121496 	 0.80643845
0.386196 	 1.0330732
0.4155918 	 0.62580013
0.3947617 	 1.4674459
0.36294505 	 1.0387944
0.34054115 	 0.84827876
0.33364895 	 0.92728037
0.3556593 	 0.858925
0.35555875 	 1.0643296
0.23497307 	 0.97183454
0.2783912 	 0.7649157
0.30540845 	 0.727793
0.3372615 	 0.5447597
0.29928163 	 0.68268347
0.27042466 	 0.55964243
0.19277817 	 0.33903104
0.22156459 	 0.65797096
0.23990744 	 0.69124067
0.17616853 	 0.6839211
0.2960659 	 0.914727
0.29780996 	 0.8539781
0.28782982 	 0.6834399
0.29770437 	 1.3011556
0.29374057 	 1.116938
0.26572067 	 1.2702591
0.25556523 	 1.0374265
0.25741053 	 0.8488245
0.2784267 	 1.2405018
0.3067552 	 1.1660676
0.353394 	 0.7982957
0.24875854 	 0.6319394
0.26939324 	 0.45316264
0.2389052 	 0.63916993
0.24038322 	 0.61753166
0.35072863 	 0.5294871
0.3432638 	 0.53482765
0.4516863 	 0.6255325
0.47464973 	 0.6971951
0.47978517 	 0.63907236
0.5285512 	 0.6648133
0.4898687 	 0.6245181
0.460727 	 0.5836585
0.22113599 	 0.8128655
0.20312124 	 0.8299097
0.16513856 	 0.8286354
0.23980199 	 0.80665326
0.32586017 	 0.7556072
0.19478175 	 0.44878703
0.20847595 	 0.64249235
0.20575243 	 0.65787566
0.26352295 	 0.8415196
0.151086 	 1.3171518
0.14080262 	 0.72884476
0.120007575 	 0.82567674
0.119726434 	 1.1636457
0.14269522 	 1.0773714
0.26020703 	 1.0310378
0.31422225 	 0.9059149
0.31968537 	 0.3706721
0.3386508 	 0.53931415
0.35337168 	 0.7157747
0.32564116 	 0.43711048
0.35053828 	 0.53037727
0.40961412 	 0.6367101
0.39992818 	 0.4849603
0.420631 	 0.77906734
0.5293551 	 0.6637113
0.41734096 	 0.718319
0.41929188 	 0.6851563
0.37745032 	 0.65459305
0.3907553 	 0.6472767
0.4808286 	 0.69973767
0.4846708 	 0.6858448
0.36184436 	 0.81561905
0.2485051 	 0.6156111
0.2749602 	 0.7807224
0.35486478 	 0.87535685
0.17477216 	 0.8653817
0.2963143 	 0.67858243
0.29121092 	 0.78380144
0.2947715 	 0.50264937
0.21448009 	 0.48007432
0.19223754 	 0.28416094
0.31762734 	 0.8809048
0.27639058 	 1.0554632
0.22348483 	 0.7725297
0.1739267 	 0.96955764
0.23323588 	 0.9028846
0.15464611 	 0.93782794
0.13430472 	 0.60389924
0.21831353 	 0.6330114
0.20029706 	 0.47475082
0.21053825 	 0.56454074
0.21208927 	 0.96039027
0.20909302 	 1.0497165
0.1995538 	 1.028656
0.20128837 	 0.94047904
0.19671461 	 0.47897336
0.1998712 	 0.77250355
0.20083965 	 0.338526
0.19160464 	 0.3710954
0.18727805 	 0.6838592
0.19534703 	 0.5946328
0.20459342 	 0.5658179
0.2060655 	 0.74099547
0.20716903 	 0.682169
0.20470014 	 0.52007824
0.18350238 	 1.0031196
0.19526659 	 0.6183984
0.2072898 	 0.7152479
0.24069755 	 0.6467502
0.24603355 	 0.6483041
0.26109436 	 0.77896196
0.28793252 	 0.6223456
0.25927007 	 0.61147696
0.27574846 	 0.76583534
0.28709978 	 0.7829889
0.2921325 	 0.5886686
0.29135042 	 0.6897072
0.30878815 	 0.71221477
0.3159046 	 0.6343869
0.29183862 	 0.75519425
0.2835964 	 0.5970767
0.2980105 	 0.71040076
0.29513118 	 0.712122
0.2814059 	 0.6922371
0.28474018 	 0.8432379
0.294745 	 0.53001434
0.29689884 	 0.65948075
0.27901658 	 0.75476134
0.27021986 	 0.7804079
0.27797619 	 0.6522595
0.26866928 	 0.51360893
0.24372846 	 0.78144014
0.2300261 	 0.9597229
0.23120956 	 0.4307005
0.2275912 	 0.71505165
0.2270665 	 0.45601577
0.22352254 	 0.98416454
0.22637022 	 0.4379142
0.21492048 	 0.6819727
0.20508817 	 0.537231
0.21598648 	 0.5566994
0.18535672 	 0.55047977
0.17915744 	 1.0419077
0.17419577 	 0.3754245
0.16704442 	 0.76376265
0.16787556 	 0.6068356
0.15869099 	 0.5357941
0.1671949 	 1.0577165
0.16627388 	 0.6168477
0.16911875 	 0.49941182
0.17367643 	 0.6908047
0.17152733 	 0.635262
0.17774214 	 0.77654916
0.1693373 	 0.43076643
0.18731183 	 0.6828971
0.19184376 	 1.0454946
0.19307527 	 0.5885078
0.18289359 	 1.0453886
0.18022794 	 0.81739664
0.21573196 	 0.7585147
0.2088891 	 0.68436664
0.20526768 	 0.4679639
0.21411873 	 0.92258245
0.20137972 	 0.5074989
0.21785912 	 0.80193263
0.23828724 	 0.48794731
0.23128618 	 0.55692697
0.23825638 	 0.7814896
0.2412582 	 0.8536011
0.22750117 	 0.8173183
0.20817995 	 0.45486975
0.20524499 	 0.8320535
0.20357266 	 0.76305336
0.18697189 	 0.48344046
0.17187488 	 0.83484477
0.18152095 	 0.7133557
0.16757928 	 0.73466516
0.1727704 	 0.61047375
0.16192661 	 0.50559676
0.17371926 	 0.57115394
0.16318263 	 0.81186223
0.14175259 	 0.6287096
0.13818216 	 0.4641618
0.1438789 	 0.5364594
0.13763091 	 0.85000247
0.14213577 	 0.63901883
0.13897237 	 0.50697225
0.13538828 	 0.65644443
0.12636189 	 0.5220504
0.12121328 	 0.3701034
0.106370024 	 0.5551345
0.37876743 	 0.4296001
0.37213558 	 0.42467895
0.38422465 	 0.48147985
0.3824751 	 0.5319766
0.38936797 	 0.5449649
0.3326283 	 0.6234869
0.3596798 	 0.45294708
0.3686701 	 0.49502403
0.37276465 	 0.58958787
0.38691863 	 0.46149358
0.37081105 	 0.5391627
0.37376785 	 0.51268935
0.40129972 	 0.48661518
0.4080634 	 0.46026516
0.38464987 	 0.5876792
0.39622778 	 0.45972568
0.38706276 	 0.47356096
0.34334213 	 0.4963593
0.37553114 	 0.51251096
0.3259757 	 0.49475694
0.31390312 	 0.41031912
0.3281012 	 0.443954
0.3322844 	 0.5662984
0.3333299 	 0.42713174
0.3242944 	 0.42477956
0.32199523 	 0.40268373
0.31306314 	 0.6808109
0.3361937 	 0.42686817
0.3402445 	 0.413091
0.34890875 	 0.42568573
0.3791259 	 0.5403619
0.41489363 	 0.46626982
0.41702363 	 0.52116174
0.34306312 	 0.40477946
0.3501312 	 0.37466916
0.36479825 	 0.45069912
0.36133444 	 0.5104417
0.42512035 	 0.46893045
0.3222573 	 0.36783764
0.33304426 	 0.43215242
0.32935798 	 0.6323704
0.31928024 	 0.47554138
0.34083974 	 0.3453499
0.35789785 	 0.46496367
0.37075475 	 0.4743954
0.34120807 	 0.55371124
0.3246029 	 0.49028727
0.33302033 	 0.56640625
0.34384218 	 0.39580515
0.3364234 	 0.40331483
0.32878032 	 0.50380135
0.33524206 	 0.38267934
0.32323045 	 0.4244913
0.384697 	 0.36898935
0.39538604 	 0.42152897
0.40735397 	 0.5003388
0.40787625 	 0.6048308
0.3967389 	 0.50387436
0.40363267 	 0.49246517
0.42573354 	 0.5829294
0.4524876 	 0.54610234
0.42695332 	 0.57584673
0.46032062 	 0.52298164
0.4692201 	 0.5809891
0.42331302 	 0.48044828
0.4405098 	 0.5420074
0.41962698 	 0.40896702
0.38269943 	 0.37140244
0.3823818 	 0.45196736
0.38134956 	 0.46996748
0.38388494 	 0.43115285
0.38261378 	 0.47533274
0.38025144 	 0.54133356
0.40014276 	 0.4608903
0.32542184 	 0.43985
0.32724872 	 0.48571312
0.32573155 	 0.40484604
0.30159244 	 0.6376946
0.35114637 	 0.54616225
0.39812618 	 0.47820106
0.40440115 	 0.5182113
0.43377343 	 0.5578988
0.5037124 	 0.5704077
0.5053292 	 0.6317293
0.4853257 	 0.6754997
0.42022985 	 0.700847
0.4214441 	 0.74457985
0.4445481 	 0.7725068
0.4840465 	 0.8485755
0.5581288 	 0.8599011
0.4809928 	 0.7041252
0.42302117 	 0.54019994
0.39592993 	 0.57901734
0.35976025 	 0.4129202
0.35620445 	 0.5152544
0.31240764 	 0.4088064
0.28813732 	 0.54175717
0.29769787 	 0.45220995
0.30190578 	 0.41467217
0.29994097 	 0.46843484
0.3110838 	 0.44054815
0.3162875 	 0.44883987
0.32680187 	 0.50102973
0.33954585 	 0.4605031
0.3569623 	 0.47450507
0.36169142 	 0.47675234
0.38324213 	 0.49370453
0.36473808 	 0.47210076
0.3547594 	 0.46150342
0.35611653 	 0.49130443
0.35769567 	 0.43311566
0.35470468 	 0.4408885
0.36171383 	 0.59005696
0.37345418 	 0.455251
Summary
0.106370024  -  0.5581288 ,  0.28416094  -  1.4674459
accuracy:  99.0
equal predictions:  0
TensorFlow version: 1.13.1
Found 939 images belonging to 1 classes.
argN = 3136
argN = 3136
0.45815235 	 0.6823561
0.4596562 	 0.7565022
0.46606433 	 0.66182774
0.44995627 	 0.56858736
0.45066956 	 0.59300554
0.4025001 	 0.54870355
0.2637256 	 0.8474896
0.28618887 	 1.220352
0.2399895 	 0.86475116
0.23133072 	 1.3739104
0.2628154 	 0.6587255
0.27131814 	 0.74028915
0.3358143 	 0.7946771
0.1790055 	 0.6828755
0.21156777 	 1.1509446
0.25286448 	 0.7742746
0.23075211 	 1.2871393
0.20592855 	 1.3077126
0.1636778 	 0.85716575
0.16253573 	 1.0723138
0.15897925 	 1.6171141
0.23279375 	 1.1670339
0.29802433 	 1.3969212
0.36036995 	 1.091338
0.37576735 	 0.53232366
0.42694354 	 0.5625947
0.4981794 	 0.58123785
0.5259012 	 0.5729586
0.48303536 	 0.5871788
0.4120967 	 0.81149274
0.35642484 	 0.97701925
0.4078855 	 0.5905091
0.4425439 	 0.6361791
0.47399268 	 0.6434743
0.60196644 	 0.5762873
0.5410154 	 0.61812603
0.4299984 	 0.75982386
0.42874315 	 0.7340609
0.3554841 	 0.7799882
0.17462693 	 1.4832468
0.14236501 	 1.2647966
0.14262441 	 1.185138
0.19674465 	 1.0209697
0.20532264 	 1.2405934
0.19691868 	 1.341027
0.28263092 	 0.7435377
0.28747866 	 0.8139226
0.2907715 	 0.79663813
0.31703824 	 0.73353434
0.34887064 	 0.45784637
0.4242802 	 0.56734896
0.4336592 	 0.62905085
0.34536305 	 0.6381838
0.16566473 	 0.6685386
0.18551263 	 0.8464448
0.23786138 	 0.93458116
0.24180156 	 0.7925183
0.1868702 	 1.2421738
0.13713288 	 1.4576998
0.09911965 	 1.2891873
0.10400638 	 0.8565468
0.14855334 	 0.9628766
0.25721225 	 1.066028
0.41486087 	 0.88488144
0.3990873 	 0.5556106
0.45973688 	 0.5929533
0.53047013 	 0.6020512
0.5705414 	 0.5671349
0.5325223 	 0.5471575
0.55220383 	 0.5423382
0.5322317 	 0.6874729
0.48007414 	 0.7110308
0.41940367 	 0.83231336
0.4345406 	 0.755892
0.33093488 	 0.7273843
0.58205295 	 0.6455113
0.43880343 	 0.7613319
0.26703975 	 1.1595106
0.16566156 	 0.9140608
0.15804057 	 1.4235989
0.15189897 	 1.1605248
0.27115145 	 0.7516081
0.22743458 	 1.0321813
0.452413 	 0.6339978
0.4053839 	 0.41557726
0.3969883 	 0.30672845
0.3614604 	 0.37080353
0.26411402 	 0.72881067
0.239017 	 0.9329517
0.22266465 	 0.7581273
0.10712852 	 1.2654067
0.116557606 	 1.4816916
0.110991724 	 1.6532192
0.1193506 	 1.1211162
0.17886986 	 0.7553231
0.40817538 	 0.5851842
0.39293838 	 0.6195352
0.40100095 	 0.41126975
0.38613328 	 0.7034491
0.39324188 	 0.6170483
0.37637046 	 0.49035183
0.39885014 	 0.5798606
0.3925783 	 0.4730613
0.3824696 	 0.49141744
0.36677876 	 0.6501669
0.38438773 	 0.5849241
0.37743974 	 0.48228326
0.33798364 	 0.655309
0.35384637 	 0.6061004
0.29995224 	 0.6697445
0.29366764 	 0.50666344
0.27898663 	 0.80594534
0.30357003 	 0.6514116
0.28500107 	 0.68683475
0.2690399 	 0.6160413
0.26960948 	 0.68915176
0.25952208 	 0.6916088
0.23961186 	 0.6315372
0.2422531 	 0.5731015
0.24104632 	 0.73890716
0.24452181 	 0.69745106
0.24874395 	 0.8441023
0.24524517 	 0.71723205
0.2475152 	 0.7399417
0.23646334 	 0.7821301
0.25061223 	 0.83832043
0.24735336 	 0.7418936
0.24821927 	 0.8004928
0.25713384 	 0.7638523
0.25193274 	 0.577363
0.2280583 	 0.8084725
0.21661206 	 0.8297011
0.2221059 	 0.77606815
0.22954421 	 0.69090736
0.20937473 	 0.67982376
0.19756497 	 0.7847287
0.17584053 	 0.8315171
0.17001009 	 1.0527009
0.16588381 	 0.740087
0.16337954 	 1.1300008
0.1699191 	 0.6795217
0.16480964 	 0.7583805
0.15334073 	 0.7493251
0.14475168 	 0.84273046
0.1557657 	 0.8984408
0.14595403 	 1.0140414
0.12440482 	 0.69732594
0.10695982 	 0.592946
0.108642854 	 1.0289147
0.110067256 	 0.59092736
0.11945907 	 0.7556039
0.11966698 	 0.5327803
0.10644388 	 0.6981275
0.11723313 	 0.93367785
0.107893236 	 0.59406245
0.113133915 	 0.90123314
0.103825845 	 0.676772
0.10196751 	 0.8951858
0.10620139 	 0.68562376
0.097109035 	 0.86186296
0.11307712 	 0.82587534
0.12015806 	 1.1329845
0.121680215 	 0.59711397
0.10973242 	 0.7462334
0.13558465 	 1.0145208
0.15810369 	 0.87467307
0.1517725 	 0.7585371
0.17233181 	 0.7771747
0.18245113 	 0.9666432
0.21697356 	 0.72971225
0.2021454 	 1.0006928
0.21789692 	 0.63728124
0.20394593 	 0.77890325
0.22001116 	 0.7672886
0.20387585 	 0.72019935
0.20110856 	 0.6943714
0.18992396 	 0.6466832
0.19854036 	 0.6291304
0.19859211 	 0.7995414
0.19523905 	 0.59640825
0.19332749 	 0.741356
0.1939373 	 0.76510936
0.17964953 	 0.8561641
0.18541104 	 0.60686207
0.1609304 	 0.59915304
0.13546301 	 1.0348209
0.13225496 	 0.7338902
0.12975721 	 0.7400587
0.12092722 	 0.566991
0.09927064 	 1.2024288
0.08903602 	 0.635519
0.088637866 	 0.7400824
0.08859951 	 1.0393903
0.09133498 	 1.207317
0.090665504 	 0.9088554
0.5243853 	 0.5863596
0.5132962 	 0.6105824
0.50828123 	 0.5555271
0.4737681 	 0.5413568
0.48586407 	 0.62258536
0.45512322 	 0.5156943
0.47470012 	 0.5585528
0.4728828 	 0.54585516
0.4837476 	 0.5014242
0.46375734 	 0.5352648
0.48325017 	 0.5149448
0.46827546 	 0.5851064
0.45009416 	 0.53900224
0.46146476 	 0.5710627
0.48763257 	 0.5686617
0.49203992 	 0.5368967
0.46464187 	 0.6088326
0.45846227 	 0.57249653
0.47530454 	 0.5076657
0.4545848 	 0.51615083
0.46344835 	 0.63221914
0.46938774 	 0.50594586
0.47776926 	 0.58553106
0.4869361 	 0.60087556
0.47420853 	 0.7457541
0.4788301 	 0.5679834
0.47459742 	 0.5078055
0.4593592 	 0.5634874
0.47796282 	 0.6162861
0.476253 	 0.56061476
0.49439794 	 0.5217013
0.4739027 	 0.53307474
0.47747412 	 0.62633085
0.4662264 	 0.5446916
0.4482156 	 0.5520309
0.4595651 	 0.50114167
0.4352753 	 0.60097873
0.51614225 	 0.5640351
0.51777846 	 0.50610244
0.50556535 	 0.6986396
0.50098014 	 0.5086396
0.48806247 	 0.4503873
0.4829199 	 0.47901043
0.4832023 	 0.48011422
0.45754465 	 0.68732804
0.44971627 	 0.5416164
0.45309764 	 0.51777947
0.45281732 	 0.43256855
0.46772256 	 0.681019
0.4774946 	 0.6173969
0.4599093 	 0.58693546
0.4877145 	 0.7313313
0.4603393 	 0.5965534
0.43540436 	 0.5779278
0.42322502 	 0.51251125
0.43410662 	 0.6491858
0.43163785 	 0.4638691
0.42494512 	 0.48632443
0.42465597 	 0.62299544
0.4161691 	 0.5622075
0.40412435 	 0.49870571
0.42700312 	 0.48076546
0.43933398 	 0.50601983
0.44743294 	 0.59932107
0.47882432 	 0.59645015
0.4680565 	 0.57589656
0.48258117 	 0.55317837
0.44789597 	 0.6029435
0.46051103 	 0.53483707
0.46311745 	 0.4869842
0.45971876 	 0.5727485
0.46407935 	 0.55704963
0.47193983 	 0.5280753
0.47253367 	 0.53209984
0.50208795 	 0.48415327
0.4611882 	 0.48389718
0.45057714 	 0.53929454
0.45120606 	 0.50043434
0.4440574 	 0.47583726
0.43376037 	 0.46070358
0.40643874 	 0.42649412
0.39890203 	 0.5346708
0.42240328 	 0.5491448
0.4294639 	 0.50756013
0.44150987 	 0.5739007
0.42901903 	 0.6461103
0.40540338 	 0.66082853
0.40781942 	 0.58152336
0.41178507 	 0.61867934
0.39248466 	 0.71919453
0.3966967 	 0.5584346
0.4293282 	 0.6590428
0.43599412 	 0.7977641
0.4440759 	 0.71528673
0.4383831 	 0.75393844
0.50547856 	 0.84227127
0.62622404 	 0.73366034
0.6251768 	 0.73837906
0.6460369 	 0.6705297
0.63983905 	 0.77881324
0.6295037 	 0.7467369
0.5787233 	 0.76321113
0.56162274 	 0.6868121
0.48953372 	 0.58567196
0.45954812 	 0.5370214
0.4343167 	 0.48576933
0.43032676 	 0.7823103
0.4075446 	 0.45525375
0.38130662 	 0.51840806
0.36873698 	 0.41180864
0.39282855 	 0.47340438
0.39851502 	 0.8402322
0.48130834 	 0.6067651
0.49164352 	 0.5116299
0.49811408 	 0.4979493
0.4846376 	 0.47917
0.46001852 	 0.54049927
0.45084223 	 0.5134037
Summary
0.08859951  -  0.6460369 ,  0.30672845  -  1.6532192
accuracy:  96.2
equal predictions:  0
