TensorFlow version: 1.13.1
Found 939 images belonging to 1 classes.
argN = 3136
argN = 3136
0.36920574 	 2.3636413
0.40361062 	 1.7800286
0.49819508 	 2.2114098
0.7234327 	 1.9666096
0.63062733 	 2.35033
0.5491496 	 1.8715924
0.46006054 	 2.053531
0.40819088 	 1.8403977
0.3612188 	 1.9994379
0.28473455 	 2.1762204
0.19775374 	 2.010786
0.09645741 	 2.3367882
0.07737983 	 2.4109952
0.038556878 	 2.2410014
0.03258921 	 1.9208952
0.02302847 	 2.3871305
0.07613408 	 2.0569873
0.28787872 	 1.2336464
0.32557493 	 1.2588235
0.3219195 	 1.2442625
0.26463997 	 1.3065927
0.3978754 	 2.0249789
0.38707846 	 2.1141732
0.46528295 	 2.0298219
0.32900193 	 1.6313038
0.37447578 	 1.5896491
0.42401883 	 1.7149419
0.11205618 	 2.2006128
0.12762254 	 1.5965376
0.07432672 	 1.721448
0.07823736 	 2.4905787
0.053274833 	 1.879037
0.05038898 	 2.095827
0.19556016 	 2.5031097
0.3550341 	 2.2503088
0.5075917 	 2.1177955
0.5034446 	 2.1243982
0.6576033 	 1.9096011
0.6281008 	 2.4400737
0.5644364 	 2.5979342
0.5398673 	 2.5189526
0.5070021 	 2.2426088
0.50470597 	 2.077028
0.467172 	 1.5991143
0.38740182 	 2.4761748
0.4100207 	 2.0622108
0.48483154 	 1.8328556
0.59814197 	 1.9143583
0.6212303 	 2.2998695
0.64652526 	 2.0611436
0.19582932 	 2.0534337
0.15610188 	 2.0103183
0.14204103 	 2.0139265
0.17321852 	 2.351542
0.12767388 	 2.5230749
0.042822573 	 2.4074197
0.043001637 	 2.7225704
0.047213826 	 1.8255726
0.03379541 	 2.1104445
0.03083027 	 2.2256525
0.181947 	 1.5853173
0.16145661 	 2.0914474
0.17433256 	 1.9302225
0.16320066 	 1.8113831
0.18544318 	 1.836899
0.1821593 	 2.136246
0.13359556 	 2.1466317
0.086123206 	 1.9341891
0.020229267 	 2.2801821
0.013606732 	 1.9809725
0.019943075 	 2.0507913
0.050437752 	 2.3097758
0.07260831 	 2.128126
0.08004257 	 2.2839234
0.14300483 	 2.362461
0.082934394 	 2.3070176
0.05326226 	 2.373502
0.05505635 	 1.7315239
0.087190054 	 2.3799243
0.22164962 	 1.9114722
0.19477595 	 2.0784304
0.15885322 	 2.008953
0.14671148 	 2.2106717
0.041870367 	 2.262647
0.13821426 	 1.5633758
0.057211015 	 1.6923454
0.22764951 	 1.0609444
0.22258922 	 1.445688
0.15260588 	 1.6230497
0.08392284 	 2.1172535
0.048411157 	 2.362118
0.03224307 	 2.0574467
0.026294492 	 2.6208835
0.021310182 	 2.2711966
0.023101421 	 1.9326056
0.025335329 	 2.269061
0.022437865 	 2.60948
0.04247269 	 2.236857
0.046384666 	 2.051771
0.06856738 	 1.9824255
0.09910622 	 1.6499339
0.08176981 	 1.3654702
0.1558343 	 0.79827225
0.16012391 	 1.8970404
0.16017324 	 1.4410216
0.16249906 	 1.203998
0.15414768 	 0.87715954
0.14744933 	 0.9216015
0.14739546 	 1.0953943
0.14810756 	 1.4462526
0.14133982 	 1.1207418
0.15362127 	 1.0548332
0.13183019 	 0.9416517
0.1273855 	 1.0614858
0.11903083 	 0.9474327
0.11713756 	 1.483448
0.09541027 	 1.4575449
0.07778827 	 1.3117771
0.082395494 	 1.1285442
0.07868323 	 0.8310047
0.06381723 	 1.3084722
0.06470912 	 1.1513138
0.04992929 	 1.2889969
0.051670708 	 1.3538641
0.044908617 	 1.1768295
0.04973063 	 1.1546441
0.04486286 	 1.0995392
0.046938613 	 1.4084466
0.04479273 	 2.1953287
0.040999852 	 1.4650494
0.039039813 	 0.91941535
0.042219914 	 1.1720363
0.038069777 	 1.710865
0.03869218 	 1.5451162
0.038544733 	 1.7129406
0.036417756 	 1.487911
0.02676095 	 1.0762802
0.029531557 	 1.1641716
0.02988382 	 1.3799442
0.024462165 	 1.3027457
0.023036338 	 1.4670622
0.023651222 	 1.4389207
0.022623373 	 0.9867845
0.022245867 	 1.5117574
0.027173484 	 0.95764685
0.016330602 	 1.424001
0.018421004 	 1.0809265
0.027090559 	 1.1336582
0.023082206 	 1.368887
0.024744948 	 0.65310556
0.022387454 	 1.1371176
0.024738595 	 1.2607688
0.025875166 	 1.4549253
0.028910289 	 1.119289
0.025707705 	 1.5529277
0.01973946 	 1.396511
0.024523737 	 1.7489898
0.025367118 	 1.0794408
0.024367984 	 1.2030678
0.022937167 	 1.3223462
0.021496154 	 1.0059855
0.021233406 	 1.3451343
0.02606364 	 1.2972451
0.026913892 	 1.3117098
0.02352221 	 1.4380741
0.026178967 	 1.3246849
0.02739228 	 0.7992549
0.025646916 	 1.0294447
0.029070187 	 1.7431642
0.032977663 	 1.5577776
0.03182118 	 1.3650312
0.031814475 	 1.2075182
0.038573418 	 1.1137428
0.037057254 	 1.0029312
0.039559815 	 1.4699403
0.044176362 	 1.3982471
0.04464987 	 1.2636969
0.048203662 	 1.0201824
0.06597178 	 0.8280112
0.07140459 	 1.9902925
0.06990645 	 0.6460646
0.08052853 	 1.072172
0.08979021 	 1.5508358
0.0848337 	 0.6166242
0.10292013 	 0.99045366
0.10060693 	 1.3536702
0.105086334 	 1.4608847
0.11358902 	 1.0568242
0.10983592 	 1.09765
0.096332245 	 1.2889557
0.10180021 	 1.1546726
0.09088513 	 1.2275372
0.06949648 	 0.92869
0.065534905 	 0.92838573
0.062161423 	 1.1552502
0.045837514 	 2.1441603
0.037319988 	 0.811551
0.029240975 	 1.6748126
0.03389036 	 1.5671729
0.028781334 	 1.646783
0.031047717 	 1.4099524
0.030227115 	 1.4244288
0.35126975 	 1.0849909
0.33622316 	 1.1715118
0.34455428 	 1.0502554
0.31253588 	 1.4153985
0.28498793 	 1.4133025
0.2680067 	 1.2520988
0.21312031 	 1.64731
0.18142955 	 1.0555612
0.1954713 	 1.669881
0.20191145 	 1.5963808
0.2396167 	 1.5379103
0.23862073 	 1.3995718
0.23352012 	 1.2693208
0.23681502 	 1.5475142
0.22373812 	 1.3048104
0.21750537 	 1.5373781
0.1976026 	 1.5359629
0.21315232 	 1.2979733
0.20644784 	 1.5440893
0.21108843 	 1.4613315
0.19672477 	 1.2907463
0.2094316 	 0.945213
0.20222668 	 1.6258322
0.21268034 	 1.5312465
0.2081873 	 1.3347429
0.23419797 	 1.3889028
0.28347182 	 1.2566411
0.29808068 	 1.538414
0.28918883 	 1.4361111
0.26651993 	 1.7984713
0.21343657 	 1.6122727
0.20819192 	 1.7357299
0.20722035 	 1.4575338
0.20709336 	 1.6518785
0.3563666 	 0.71457034
0.2063638 	 1.7285386
0.185485 	 1.7764041
0.1870416 	 1.5000484
0.17373507 	 1.8115779
0.18167663 	 1.60507
0.165532 	 1.3442748
0.14561377 	 1.52354
0.14568597 	 1.5215762
0.15497372 	 1.6660506
0.16380909 	 1.5114634
0.17151332 	 1.4295133
0.16675073 	 1.3975235
0.17454119 	 1.1435292
0.1588481 	 1.9520175
0.12741846 	 2.0750554
0.13124953 	 2.3964832
0.12022111 	 1.7837862
0.11419544 	 1.2592177
0.11425919 	 1.7790415
0.10922821 	 1.8707405
0.12386711 	 1.8714154
0.14534464 	 1.6577576
0.15937378 	 1.3514193
0.16882508 	 1.2448578
0.17509705 	 1.7665195
0.17774314 	 1.6231633
0.18848717 	 1.0581409
0.2034188 	 1.0059817
0.202215 	 1.6493299
0.2021667 	 1.4442627
0.19859132 	 0.94060665
0.20532206 	 1.5643078
0.19218639 	 1.3690362
0.20863351 	 1.3208808
0.19935066 	 1.3281332
0.18839736 	 1.6376755
0.2866582 	 1.1614565
0.3275493 	 1.2759966
0.29290825 	 1.1123592
0.22143508 	 1.2882721
0.20004344 	 1.6911784
0.15163015 	 1.7015657
0.14483483 	 1.5616174
0.15571804 	 1.3899498
0.13957843 	 1.5214765
0.1502692 	 1.9211198
0.17206353 	 2.0021544
0.19295056 	 0.96532834
0.22917385 	 0.83002585
0.26862803 	 1.192685
0.27785686 	 1.0766176
0.29946062 	 1.0137291
0.31618926 	 1.2581488
0.345884 	 0.86779475
0.44232094 	 0.8043628
0.47295693 	 0.912678
0.4696964 	 0.8847877
0.423369 	 0.8692041
0.37525427 	 0.82158136
0.37819096 	 0.9687723
0.3566404 	 0.7722313
0.17076167 	 1.5206226
0.15619874 	 1.8811371
0.1647934 	 1.4593881
0.16274956 	 1.2678368
0.16016364 	 1.9088048
0.1602872 	 1.4916855
0.14757064 	 1.9180759
0.17202438 	 1.9428958
0.16708422 	 1.7159873
0.16236535 	 1.617917
0.16557793 	 1.8165716
0.16560987 	 1.4678762
0.15771002 	 2.0552487
0.14869373 	 1.887031
0.15378107 	 1.3920494
Summary
0.013606732  -  0.7234327 ,  0.6166242  -  2.7225704
accuracy:  100.0
equal predictions:  0
TensorFlow version: 1.13.1
Found 939 images belonging to 1 classes.
argN = 3136
argN = 3136
0.15114416 	 1.842165
0.18004252 	 1.6503448
0.20171446 	 1.9095638
0.18877538 	 1.2659987
0.069560766 	 1.5908127
0.011061829 	 2.3597424
0.009200689 	 1.8850924
0.0064723883 	 1.6345776
0.22348453 	 1.3396378
0.1264624 	 1.493775
0.1090636 	 1.9278029
0.08413088 	 1.2667596
0.20791759 	 1.2057072
0.20904762 	 2.1272714
0.2624019 	 1.8202437
0.18986097 	 2.0300784
0.06093872 	 1.2047608
0.059775535 	 1.5658829
0.03610218 	 1.7548926
0.016735943 	 1.9025562
0.007738474 	 1.9373169
0.008000764 	 2.3830025
0.01133723 	 1.6180738
0.011196717 	 1.7021444
0.1833518 	 1.9261137
0.20708045 	 1.713409
0.28944027 	 1.2698268
0.24720094 	 1.3684745
0.205456 	 1.3458905
0.3200864 	 2.080877
0.3389166 	 1.5706116
0.042510003 	 1.9951787
0.081484854 	 1.7456036
0.09083715 	 1.4895806
0.100221016 	 1.4576652
0.097702794 	 2.018962
0.032534096 	 1.7982949
0.017231436 	 1.9472535
0.015738003 	 1.6801176
0.0170465 	 2.158764
0.009719665 	 2.015023
0.11386977 	 1.2724886
0.06872775 	 1.8259919
0.07593657 	 1.1340177
0.054282203 	 1.6021861
0.052387808 	 1.8677546
0.086244375 	 2.3932116
0.04614813 	 1.8632562
0.019007236 	 2.0775433
0.015561031 	 1.9981772
0.006713224 	 1.7611398
0.0034729876 	 1.906879
0.0041069565 	 2.2422626
0.004921187 	 2.2299151
0.0076336013 	 2.1292396
0.03552079 	 1.7939563
0.04906501 	 1.81173
0.044534322 	 2.1012952
0.031095246 	 2.0003672
0.022108871 	 2.5085204
0.024907848 	 1.7049475
0.02602681 	 1.9466387
0.02633433 	 2.2338383
0.025421286 	 1.6047039
0.031753253 	 1.974215
0.04300431 	 1.2320347
0.04753362 	 1.3985001
0.0743716 	 2.0359683
0.07567693 	 2.7078476
0.09495892 	 2.164845
0.13846327 	 1.2768934
0.15834779 	 1.5450826
0.044822652 	 1.9651998
0.059542768 	 1.7832807
0.055344895 	 1.5595657
0.0479485 	 1.9384472
0.05817119 	 1.7507714
0.05050721 	 2.242314
0.016399307 	 1.8586599
0.0076030307 	 1.7279073
0.013699482 	 1.7239711
0.004464684 	 2.4394891
0.0054196687 	 1.4084646
0.008945301 	 1.8400981
0.009267584 	 2.5313177
0.052586686 	 1.977674
0.051715773 	 1.436556
0.064268924 	 0.7986611
0.05626412 	 0.53197646
0.05138115 	 0.69820535
0.063113034 	 0.56834465
0.048005216 	 0.97289175
0.05331092 	 1.0073391
0.05669134 	 1.2318249
0.053941123 	 0.9780311
0.054502547 	 0.6500294
0.05747171 	 0.51550746
0.05119349 	 1.0999932
0.05524083 	 0.5017881
0.049898025 	 0.8998278
0.046804503 	 1.240604
0.05424432 	 1.2656274
0.054674774 	 1.0368023
0.049673185 	 0.6434514
0.049137067 	 0.7021958
0.052993108 	 0.7981814
0.04719483 	 0.592668
0.052557725 	 0.7793559
0.04646246 	 0.9632014
0.04673948 	 0.9958096
0.053452194 	 0.8085672
0.063059196 	 1.5958
0.043109726 	 0.61263084
0.038127795 	 1.2813952
0.029471152 	 0.5722681
0.028855564 	 1.3972646
0.021852603 	 0.8355169
0.03342266 	 0.6630564
0.022053238 	 2.551827
0.020722538 	 0.50477135
0.014742933 	 1.2010204
0.008732247 	 0.7872888
0.010257037 	 1.0820811
0.012243592 	 1.0579782
0.013458228 	 0.65257597
0.017540023 	 0.8292612
0.013161888 	 0.57736546
0.013522871 	 0.76388264
0.015228301 	 0.9273551
0.00788493 	 1.009659
0.0092266165 	 0.7896944
0.012491796 	 0.73383725
0.007035869 	 0.4439948
0.009598577 	 1.8547802
0.008630637 	 0.4146804
0.010002222 	 0.896005
0.005111983 	 0.65405935
0.0053940197 	 1.5518527
0.0038424549 	 0.9038349
0.0049892943 	 0.69722384
0.004579464 	 1.6639369
0.0048189457 	 1.2643417
0.0053427233 	 1.1234847
0.007049015 	 1.1252897
0.0062326305 	 0.99845546
0.0060972706 	 1.6657088
0.0038328813 	 1.1772448
0.0038103843 	 1.1358622
0.005112402 	 0.651453
0.005448315 	 0.6230898
0.003832642 	 1.2498704
0.008432317 	 1.0528435
0.0060902545 	 0.638937
0.008027682 	 0.45418954
0.0089843925 	 0.9903079
0.0070391702 	 0.8228235
0.010380133 	 1.0342319
0.008664906 	 1.3777885
0.009518903 	 2.4548013
0.007911724 	 1.5859019
0.010594021 	 1.1197424
0.011841393 	 0.5581246
0.008680719 	 1.0031229
0.009793517 	 1.167724
0.009650092 	 0.645396
0.015234595 	 0.3800106
0.011543121 	 0.55603915
0.014047843 	 0.6950211
0.01531291 	 1.1555076
0.0113353 	 1.0112574
0.0101812845 	 0.70479655
0.02029149 	 1.1676588
0.020937372 	 1.0084466
0.038650297 	 0.43658054
0.048693098 	 0.7583026
0.03990552 	 0.96989703
0.041832328 	 1.1840005
0.047291875 	 1.2269015
0.047299124 	 1.2377565
0.048058376 	 1.1677092
0.047879342 	 0.6983621
0.048395704 	 0.73982054
0.051164757 	 1.3171818
0.05236601 	 0.6674746
0.057185706 	 0.73145366
0.046698198 	 1.3250834
0.043818593 	 0.720114
0.038789332 	 1.4155693
0.039604526 	 1.0794922
0.022997791 	 1.0629852
0.018567452 	 0.5684641
0.013432613 	 1.0955825
0.009911439 	 0.78966427
0.01496907 	 1.0405684
0.008118775 	 0.79038453
0.0057990886 	 0.70998216
0.004465043 	 1.1465863
0.17666407 	 0.7054095
0.19484136 	 1.0122643
0.13092825 	 1.6388832
0.08729555 	 1.081428
0.09369927 	 0.7836588
0.09229712 	 0.8772805
0.081564136 	 1.6872439
0.08289153 	 1.5033684
0.07730899 	 0.58395565
0.07833927 	 1.2271883
0.09430253 	 0.8075722
0.10513049 	 1.7009242
0.107292734 	 1.116102
0.0915025 	 1.4582976
0.09811318 	 1.0223581
0.10248016 	 1.0498904
0.11068873 	 1.4981765
0.109683394 	 1.5020837
0.109901786 	 1.0457858
0.09991172 	 0.9117184
0.10481769 	 1.260528
0.10336756 	 1.0455033
0.10472337 	 1.2731644
0.112517126 	 1.530688
0.102169044 	 1.574466
0.11155233 	 1.3889289
0.11100897 	 1.8261203
0.09770174 	 0.8676146
0.0906916 	 1.1685371
0.10466235 	 1.4085374
0.112167396 	 1.602738
0.15666905 	 1.5311289
0.11870681 	 1.6179559
0.10519863 	 0.979856
0.10714278 	 1.5099362
0.111341506 	 1.6531178
0.09643253 	 1.472203
0.09229163 	 1.7702532
0.09160368 	 2.0434167
0.09031309 	 0.891135
0.18159778 	 1.4827489
0.103951156 	 1.5058429
0.12430782 	 1.8121303
0.10633456 	 1.0621517
0.11827473 	 1.0900576
0.09284323 	 1.8482348
0.099688455 	 1.1163869
0.09134295 	 1.4647226
0.07909634 	 1.3319367
0.07209986 	 0.84254724
0.081062034 	 1.1724262
0.07598474 	 0.62795234
0.07144626 	 1.8979307
0.06421451 	 1.4782478
0.067806885 	 1.3414844
0.06570727 	 0.714662
0.07691323 	 1.0525281
0.05982742 	 1.7153718
0.06490009 	 1.6317489
0.06737986 	 1.1216093
0.055394787 	 1.6660736
0.051518638 	 0.61392665
0.046684895 	 1.6774529
0.058263555 	 1.7394847
0.0814899 	 1.1203191
0.0846294 	 1.3842211
0.113097474 	 1.62688
0.16169606 	 1.1938056
0.18172538 	 1.1153806
0.19818465 	 1.5371466
0.17932871 	 1.2085414
0.13173771 	 1.3136406
0.0934927 	 0.8827562
0.087333985 	 1.5069613
0.06621165 	 1.6223099
0.07307047 	 1.7359781
0.05960053 	 1.4773568
0.054708894 	 1.5229266
0.06455721 	 1.358978
0.06582388 	 1.2627904
0.070068054 	 1.2992796
0.065835975 	 1.8264754
0.079229556 	 1.3382764
0.10146094 	 1.4499829
0.11574047 	 1.7073039
0.13488264 	 1.6315999
0.15316328 	 1.9700338
0.18446384 	 1.0587947
0.23792331 	 1.2983961
0.26157334 	 1.1579099
0.26968473 	 0.95916915
0.2992083 	 1.0311784
0.3380185 	 0.80279905
0.33782387 	 1.0317013
0.34272122 	 0.8807545
0.37490198 	 1.0427967
0.3941031 	 0.7433543
0.39263347 	 0.82085496
0.39931574 	 0.88611424
0.3895532 	 0.91632134
0.3490571 	 1.1093132
0.09430462 	 1.6365511
0.07535393 	 1.7360488
0.07323566 	 1.4011042
0.0657522 	 0.68446046
0.063623734 	 0.79273325
0.07699035 	 1.0254875
0.07557806 	 1.3966217
0.08325021 	 1.5264883
0.07421764 	 0.7059634
0.0682293 	 1.511157
0.066419154 	 1.2548418
0.058756486 	 1.1301547
0.052772533 	 1.5528872
0.050961774 	 0.8405843
0.058745675 	 1.4879683
Summary
0.0034729876  -  0.39931574 ,  0.3800106  -  2.7078476
accuracy:  100.0
equal predictions:  0
TensorFlow version: 1.13.1
Found 939 images belonging to 1 classes.
argN = 3136
argN = 3136
0.25429872 	 2.2033494
0.26285657 	 1.6447406
0.25274873 	 2.271326
0.31443453 	 2.0396998
0.2515885 	 1.8463902
0.025368404 	 2.3497615
0.022112407 	 1.0323449
0.013677004 	 1.4722269
0.004365302 	 1.4768435
0.018416692 	 1.6780992
0.019104984 	 2.0258098
0.008046188 	 1.6196039
0.09390346 	 1.229662
0.093630865 	 1.8814262
0.12022649 	 2.030111
0.28743517 	 1.7641295
0.3224402 	 1.7766224
0.25851318 	 1.5551231
0.40969834 	 1.5600206
0.21224064 	 1.7723272
0.10977532 	 1.6516087
0.025445437 	 2.1496582
0.023016393 	 1.5818216
0.007359819 	 1.7175132
0.010590346 	 1.8114758
0.032963555 	 1.9615929
0.040407106 	 2.016573
0.17373209 	 1.9128804
0.36478537 	 1.5873371
0.39383054 	 1.9812707
0.4134335 	 2.090254
0.456102 	 1.9951625
0.4404063 	 1.6797031
0.3739384 	 2.8647497
0.3489754 	 2.6862824
0.31125733 	 2.0157783
0.263081 	 1.5006564
0.27531713 	 1.8832464
0.14448947 	 1.9709592
0.45694995 	 1.3958291
0.47207677 	 1.8669538
0.043491643 	 1.7320483
0.099989645 	 1.6654925
0.018670503 	 1.9576072
0.008034291 	 1.349871
0.0076815314 	 2.0523605
0.012491796 	 1.4528142
0.01146902 	 2.071214
0.15327084 	 1.5780264
0.09068952 	 1.7078949
0.086087935 	 2.1032944
0.10250347 	 1.4461929
0.09738035 	 1.1836426
0.0994235 	 2.0227854
0.06826472 	 1.5582612
0.07547868 	 1.4433966
0.13181639 	 2.118303
0.109705545 	 1.6679336
0.10344688 	 2.4000006
0.01379194 	 1.6994139
0.023461128 	 1.6624984
0.02651628 	 1.5578892
0.021409193 	 2.1414013
0.019230207 	 1.6701003
0.0053868284 	 1.4542282
0.0054721674 	 2.3441083
0.0035127036 	 1.6612744
0.020449042 	 2.0694995
0.039442066 	 1.583087
0.06484686 	 1.7033895
0.08207264 	 2.1885157
0.024087934 	 2.4113061
0.018722184 	 1.7587159
0.023731908 	 1.7625827
0.10578429 	 1.206138
0.09139127 	 1.6491897
0.119306944 	 2.3390815
0.08017631 	 1.6596777
0.012592533 	 1.907752
0.013279605 	 1.6704646
0.08533847 	 1.611699
0.0433438 	 2.3450632
0.17436995 	 1.5510037
0.16449805 	 1.1331285
0.054713365 	 2.3256154
0.079304986 	 1.8638575
0.07874359 	 1.7987098
0.06966134 	 1.490086
0.07250474 	 1.670963
0.033631545 	 1.8833412
0.010601249 	 2.2345946
0.0099367825 	 1.9000989
0.0065945988 	 1.9446824
0.014754063 	 1.4773612
0.008235537 	 1.9245732
0.08140435 	 0.8568822
0.08621923 	 0.73457295
0.0762579 	 0.8662164
0.076811984 	 1.1259918
0.074231766 	 1.203039
0.0787777 	 1.076179
0.06361884 	 0.64036244
0.07175623 	 0.52684873
0.06396946 	 0.75826836
0.065594286 	 0.7677328
0.07473822 	 1.3917334
0.06486518 	 0.84512556
0.0685375 	 1.234985
0.05953562 	 0.56511474
0.06439542 	 1.0598066
0.06313671 	 1.1870989
0.05845596 	 0.79831463
0.050146356 	 1.9460851
0.047771987 	 0.7156642
0.039892618 	 0.9860803
0.03582605 	 1.2031603
0.022349907 	 1.2869879
0.023770727 	 0.45252696
0.017354606 	 1.1797426
0.020039579 	 0.9125142
0.01473767 	 0.41367874
0.01728668 	 0.97669077
0.020737873 	 0.7479643
0.016070357 	 2.5316467
0.01705511 	 1.2057604
0.017575268 	 1.1973133
0.014590571 	 0.6594048
0.015608192 	 0.78666174
0.011158261 	 0.81011415
0.014677183 	 1.3309473
0.014386953 	 0.9770196
0.0182492 	 0.84748834
0.017351087 	 1.0793277
0.010050808 	 1.0976422
0.010554865 	 0.9763385
0.010761862 	 1.2278143
0.010080852 	 0.70898646
0.011339882 	 0.6421805
0.009846066 	 1.2463893
0.011235415 	 1.1752486
0.01420623 	 1.2623975
0.0114567205 	 0.72449553
0.008990648 	 2.2225292
0.0121718515 	 0.8417826
0.0086585935 	 0.6769103
0.0075905984 	 1.4450662
0.009334003 	 0.6613836
0.008511844 	 0.7109213
0.0056691226 	 1.3339605
0.0050361995 	 0.8168636
0.0067647104 	 0.86038935
0.005434591 	 0.5599112
0.00974988 	 1.3653346
0.0060710646 	 1.424147
0.0061201793 	 0.8422711
0.0060233315 	 1.3731468
0.005407743 	 0.928972
0.004640182 	 0.9998242
0.004532161 	 0.82395124
0.0071067014 	 0.9768401
0.004478634 	 0.9852269
0.006682861 	 0.8327975
0.0054105 	 0.5835242
0.00829744 	 0.516006
0.009869662 	 0.9048198
0.011498081 	 0.7427571
0.012023077 	 1.1871146
0.012576054 	 1.2508874
0.013071241 	 0.5636772
0.009274803 	 0.81869745
0.008324185 	 1.0634003
0.007640148 	 0.61976945
0.0103393 	 1.1251885
0.011453585 	 1.2773076
0.018118031 	 0.6843293
0.01495945 	 0.6056587
0.01131589 	 1.9993632
0.016784068 	 1.5178379
0.027113464 	 0.6195064
0.023010049 	 1.5299892
0.024537908 	 1.1293064
0.046258807 	 0.9549544
0.037842132 	 0.7774945
0.053673297 	 0.5246852
0.04718902 	 0.8368464
0.053270936 	 1.0959886
0.058944747 	 0.40329778
0.0524194 	 1.3915738
0.05975731 	 0.92783767
0.0530229 	 0.54515296
0.048685774 	 1.1649575
0.039281122 	 1.0370817
0.039306413 	 0.7353028
0.03678983 	 0.5816415
0.034897145 	 0.80973595
0.017979415 	 0.79183143
0.01795247 	 1.0379748
0.020689556 	 1.2724682
0.0073090824 	 1.0977405
0.005430336 	 0.6425384
0.0067182044 	 0.46714488
0.18919213 	 1.1427307
0.13816485 	 1.38121
0.13007553 	 1.1611431
0.09075648 	 1.5263177
0.09373926 	 1.2839292
0.11738252 	 1.5957004
0.11354922 	 1.7885891
0.11855956 	 0.99351263
0.116852 	 1.3324475
0.103980586 	 1.1291553
0.10088829 	 1.1198571
0.11185145 	 1.5178517
0.102273285 	 1.1916842
0.10616665 	 1.0672793
0.11124424 	 1.4132831
0.10291914 	 1.407302
0.101638146 	 2.142257
0.10566795 	 1.866059
0.10610011 	 1.3360568
0.11472549 	 1.6153147
0.09866043 	 1.558883
0.09989802 	 1.6111128
0.14876911 	 1.4652494
0.14261602 	 1.5870386
0.18109153 	 1.767295
0.18362075 	 1.2233368
0.15364428 	 1.3275036
0.13517913 	 1.4734758
0.12209565 	 1.5242205
0.10571101 	 0.8568416
0.10166144 	 1.0497423
0.102342084 	 1.6326194
0.094947375 	 1.7610337
0.13991334 	 0.7272809
0.18772021 	 1.1496013
0.20583093 	 1.2040253
0.14792468 	 1.2904322
0.12506701 	 1.9524086
0.11795269 	 1.6607859
0.10153984 	 1.010547
0.109771594 	 1.069506
0.0837328 	 0.8531626
0.075992905 	 1.5385915
0.07519076 	 1.5564648
0.08546799 	 1.3535242
0.053338017 	 1.1514457
0.054233436 	 0.9966863
0.059727065 	 1.2466773
0.08403487 	 1.2025328
0.10865196 	 1.6174079
0.09766888 	 1.2505537
0.10391802 	 1.1904137
0.11561848 	 1.1531512
0.10940514 	 1.6852442
0.12522711 	 1.5436082
0.1385155 	 1.4146969
0.14630742 	 1.1317948
0.15438226 	 1.4368243
0.16188008 	 0.928884
0.13346334 	 1.3181058
0.12344393 	 1.3775545
0.09664319 	 1.6766708
0.08337388 	 1.8156859
0.07244475 	 1.4378183
0.06981492 	 1.3398699
0.06431723 	 1.641181
0.06699343 	 1.6471832
0.061177198 	 1.2708907
0.063210234 	 1.3054785
0.09406689 	 0.7220544
0.10718067 	 1.5675355
0.11366093 	 1.3167046
0.12819716 	 1.2496362
0.15881129 	 1.4611192
0.16161871 	 1.5039555
0.22710428 	 1.3158257
0.2939185 	 0.86589277
0.31262672 	 1.0958788
0.31336588 	 0.8650549
0.31467798 	 1.0470747
0.32452333 	 0.8205426
0.34894642 	 0.9236522
0.3633938 	 0.92936087
0.38939244 	 0.9948783
0.4176947 	 0.9053731
0.3958009 	 0.7876784
0.4148311 	 0.93579435
0.27867138 	 0.75392574
0.25746012 	 0.9708677
0.24636811 	 1.1071414
0.18619101 	 1.2026352
0.12706998 	 1.7172002
0.073492736 	 1.1852505
0.081613936 	 1.2356111
0.078930624 	 0.986409
0.07332019 	 0.94863725
0.07524898 	 1.5607651
0.0682235 	 1.3953784
0.07169091 	 1.0962757
0.07764809 	 1.5531596
0.06586144 	 1.0071929
0.07733578 	 1.3484552
0.06784956 	 1.2096928
0.07449771 	 1.3405566
0.084237024 	 1.6777325
0.08241925 	 1.7645642
0.07827197 	 1.3062909
0.08640123 	 1.3848053
0.069383204 	 1.0221981
0.0698557 	 1.185918
0.0699216 	 1.6523255
0.075593874 	 2.003482
Summary
0.0035127036  -  0.47207677 ,  0.40329778  -  2.8647497
accuracy:  100.0
equal predictions:  0
TensorFlow version: 1.13.1
Found 939 images belonging to 1 classes.
argN = 3136
argN = 3136
0.3771715 	 1.6712363
0.19213793 	 1.9001564
0.06302834 	 1.5875598
0.046488624 	 2.0140314
0.03077132 	 1.6189688
0.018515112 	 2.2317476
0.01913044 	 2.2370534
0.018114207 	 1.5148499
0.015719233 	 2.3368201
0.013565404 	 1.7154387
0.012831949 	 1.2913312
0.1507043 	 1.486232
0.12757006 	 1.5972018
0.09781144 	 2.117414
0.14690241 	 1.9254632
0.18630826 	 1.5505027
0.22415972 	 1.9558614
0.29382157 	 1.8377509
0.33573222 	 1.4687706
0.32378334 	 1.7001319
0.38193336 	 1.5062194
0.3648484 	 1.3208339
0.28706166 	 2.1372573
0.15213962 	 1.7640969
0.091824494 	 1.461853
0.026829153 	 2.643095
0.013463 	 2.3941145
0.012664484 	 1.5417254
0.019016286 	 0.7777427
0.024695398 	 1.9322702
0.030168448 	 1.9428425
0.08328759 	 2.0144277
0.26915887 	 1.4795439
0.270048 	 1.8933342
0.22531804 	 1.7463729
0.25951928 	 2.220853
0.18340112 	 1.8040618
0.0571113 	 2.094711
0.041760735 	 1.7356126
0.050552916 	 2.300096
0.11590323 	 1.760699
0.14978263 	 1.5387042
0.10608189 	 1.8643059
0.1155875 	 2.1019666
0.027127918 	 2.487382
0.02721109 	 1.967933
0.02188538 	 2.4067216
0.10940361 	 1.9942565
0.110830024 	 1.4245918
0.09273512 	 1.5121783
0.105444655 	 2.188103
0.11741992 	 1.702366
0.09592199 	 1.4250234
0.0679811 	 1.4782474
0.102067776 	 2.2025843
0.033409286 	 2.280542
0.024731262 	 1.8374296
0.014158409 	 1.1665679
0.012347561 	 1.6880013
0.007686577 	 1.5167814
0.008577852 	 2.2839327
0.009530275 	 1.7898843
0.01008621 	 2.0594199
0.026115458 	 1.8155931
0.05083458 	 1.858067
0.07603355 	 1.9339083
0.068570256 	 2.295013
0.05418945 	 1.15333
0.05454006 	 1.8557088
0.062002108 	 1.7246602
0.039328855 	 2.554976
0.04198262 	 1.9324756
0.036200438 	 1.7380031
0.026640046 	 1.8586832
0.06756816 	 1.7291561
0.100719586 	 1.5488645
0.09891018 	 1.1654665
0.121189125 	 1.3506628
0.13741082 	 1.8913181
0.1271535 	 1.9262311
0.113036744 	 2.1033707
0.06323595 	 1.8750582
0.031475678 	 1.6785717
0.023569442 	 2.04625
0.029096942 	 1.6907465
0.09408339 	 1.5253445
0.015393411 	 1.2552524
0.07999357 	 1.7463028
0.047626384 	 1.842831
0.20100303 	 1.4055407
0.12474575 	 1.6495156
0.082049474 	 1.5061549
0.06698119 	 2.1940086
0.08269605 	 2.0430057
0.077205315 	 1.7272583
0.07585163 	 1.505096
0.08370098 	 1.8513641
0.048769385 	 2.067717
0.02453858 	 2.3864048
0.010928284 	 1.6541111
0.032355603 	 1.6849905
0.06727473 	 1.7099953
0.029200347 	 2.2418604
0.08097814 	 0.9199526
0.08239193 	 1.3843976
0.08591105 	 1.5671275
0.07809634 	 1.0762217
0.06835968 	 1.0721287
0.07324143 	 0.8130969
0.069110826 	 0.74289167
0.07637486 	 1.0736077
0.07043131 	 1.194436
0.06535755 	 0.84235024
0.059803188 	 1.5028827
0.0661123 	 1.2911204
0.074780546 	 1.11527
0.059416823 	 0.9135504
0.05162997 	 0.44585192
0.045306753 	 0.82091594
0.054109983 	 1.1624366
0.04273641 	 0.71668535
0.039818555 	 0.8018601
0.043365523 	 0.9107798
0.038058817 	 0.9789923
0.031331014 	 0.80264556
0.033419393 	 0.78946567
0.02812442 	 0.6287939
0.025909053 	 1.587731
0.02471825 	 1.8210027
0.021919252 	 1.4079279
0.018250536 	 1.3664104
0.019799221 	 1.2969564
0.01899065 	 1.146988
0.02321104 	 1.075475
0.023822185 	 1.0040694
0.018712891 	 1.3472406
0.017630227 	 0.62175
0.023183648 	 0.75197226
0.020683898 	 1.327484
0.019024123 	 0.6898245
0.016501166 	 0.9573701
0.015168146 	 0.5503422
0.015911555 	 2.8882935
0.01573764 	 0.9514888
0.015160582 	 0.5298591
0.015414839 	 2.0635085
0.018526467 	 0.9735827
0.012878619 	 0.8941499
0.016712548 	 0.88118935
0.012939783 	 0.929605
0.012918227 	 1.0142677
0.015753625 	 0.945441
0.01280472 	 1.319536
0.011126076 	 0.7631169
0.0148384515 	 0.8494392
0.012223077 	 0.68962634
0.0122734 	 1.1584388
0.0127663845 	 0.928369
0.014797315 	 0.83394206
0.014601034 	 0.4985536
0.0094764205 	 2.009434
0.012190616 	 1.1276941
0.0119899595 	 1.110027
0.013231164 	 0.8254558
0.0145834945 	 0.40082696
0.014801368 	 0.48877352
0.01624427 	 1.1047742
0.014642041 	 0.6463008
0.018206103 	 1.01262
0.019341832 	 0.89213026
0.022742026 	 1.1812426
0.01668394 	 0.6965326
0.022449203 	 1.130721
0.023969855 	 0.9218803
0.02814318 	 0.5832446
0.023298034 	 0.6290385
0.021992305 	 0.94963986
0.028861023 	 0.5434605
0.03603952 	 0.6123452
0.034340203 	 1.1775358
0.043732595 	 1.372641
0.04887365 	 0.9122668
0.06262201 	 0.7232535
0.06827378 	 0.62077004
0.06773379 	 1.0989137
0.06066116 	 0.7922131
0.07221953 	 0.95769155
0.067746036 	 1.0563457
0.06063665 	 0.9085147
0.044870403 	 0.6336363
0.055720676 	 1.3667765
0.056332536 	 0.7647169
0.034346186 	 1.845092
0.022374349 	 1.1924866
0.014724363 	 1.1353903
0.016043829 	 0.7224511
0.2511911 	 1.1579311
0.25143802 	 1.2169918
0.2606258 	 1.494074
0.23856428 	 1.1931082
0.26036307 	 0.9669339
0.227049 	 1.7559673
0.19834816 	 1.4888142
0.15238684 	 1.5827821
0.14977445 	 1.5105819
0.13613395 	 1.4202524
0.11691571 	 1.2691085
0.13336574 	 1.1703112
0.15938245 	 1.8134452
0.15729856 	 1.3429251
0.16252038 	 1.7540984
0.15645604 	 1.2135717
0.16486819 	 1.5582992
0.15217452 	 1.3804407
0.14427929 	 1.4322304
0.15670377 	 0.96483064
0.16681841 	 1.7708992
0.15384899 	 1.4597529
0.16024943 	 1.4776903
0.15484504 	 1.7923136
0.17123726 	 1.0764797
0.16326304 	 1.7583281
0.1465112 	 1.2237585
0.14937532 	 1.8200141
0.15728329 	 1.3209544
0.16409083 	 1.0164632
0.1608716 	 0.98115355
0.20834401 	 1.6266941
0.21657586 	 1.1423026
0.20110877 	 1.667293
0.18901159 	 1.5594091
0.19557118 	 1.6347696
0.16532172 	 1.0952837
0.12748598 	 1.435626
0.2673729 	 1.3175949
0.2212615 	 1.377356
0.18336096 	 1.477321
0.16389285 	 1.4059755
0.16117729 	 1.7464471
0.16356568 	 2.6321342
0.16742375 	 1.4737297
0.16825716 	 1.3548069
0.14147598 	 1.4090551
0.13310376 	 1.286326
0.112876385 	 1.7800671
0.10554295 	 1.1437936
0.08887972 	 1.5763259
0.087750226 	 1.99082
0.10334628 	 2.0478399
0.115386866 	 1.4822
0.12754522 	 1.1782106
0.14394952 	 1.5680952
0.13313958 	 1.0240268
0.14011258 	 1.4436715
0.131214 	 1.7109458
0.19107315 	 1.558669
0.20324263 	 0.81701994
0.20259711 	 1.1531068
0.18576868 	 1.4796704
0.2178062 	 1.1394004
0.22555746 	 1.0815617
0.23874271 	 0.85467225
0.24997689 	 1.0054488
0.25196624 	 1.315289
0.2374961 	 1.3421946
0.14232817 	 0.8890743
0.15416041 	 0.8713644
0.14837536 	 1.6925578
0.14298365 	 0.98295325
0.104877725 	 1.6732186
0.11404579 	 1.4787163
0.10999213 	 1.0098817
0.109044 	 1.2030965
0.10184693 	 1.0948185
0.1026135 	 1.7385154
0.10204923 	 1.4621512
0.11076391 	 1.524013
0.10227923 	 1.2218606
0.104129076 	 1.2406394
0.09811351 	 1.1268764
0.11169988 	 0.8720781
0.118559696 	 1.7917745
0.12579034 	 1.2342659
0.1630091 	 1.7160519
0.20141988 	 1.623458
0.20666534 	 1.5872205
0.30606624 	 0.94541
0.33482367 	 1.0536582
0.32023513 	 0.9777018
0.35016778 	 1.056049
0.3660295 	 0.80964875
0.367172 	 1.0696721
0.39031366 	 0.9147808
0.24437827 	 1.265678
0.20752229 	 1.1961586
0.18313402 	 0.8408287
0.18830381 	 1.5191776
0.15365908 	 1.569108
0.13724507 	 1.375229
0.12171354 	 0.92921394
0.11844408 	 1.032141
0.12213337 	 1.3101492
0.11983306 	 0.9749525
0.12562564 	 1.5637134
0.120234616 	 2.066007
0.1253327 	 1.2514069
0.119587235 	 1.7016128
0.12088955 	 1.5670289
0.10484284 	 1.8995168
0.120261505 	 1.5476232
0.1166069 	 1.52178
0.10052784 	 1.387146
0.099136494 	 1.2769762
Summary
0.007686577  -  0.39031366 ,  0.40082696  -  2.8882935
accuracy:  100.0
equal predictions:  0
