TensorFlow version: 1.13.1
Found 939 images belonging to 1 classes.
argN = 196
argN = 196
0.31826407 	 0.66479826
0.20563236 	 0.37677732
0.1973578 	 0.5078799
0.15565662 	 0.39742395
0.16824469 	 0.6091057
0.05845716 	 1.4120582
0.07410171 	 1.2692226
0.11271298 	 0.79701036
0.09275683 	 1.3169844
0.03992059 	 1.1121544
0.07568671 	 1.3979784
0.13463193 	 0.7560725
0.2877713 	 0.9248699
0.19283794 	 0.5618536
0.23733807 	 0.5747449
0.32945567 	 1.0514761
0.3011451 	 0.71954966
0.0052858572 	 1.9025658
0.0055493624 	 0.43464157
0.020152755 	 0.68685573
0.019989107 	 1.574141
0.09850492 	 0.952559
0.122903846 	 1.1807045
0.2320628 	 0.666709
0.41961268 	 0.5853087
0.30109984 	 1.0251708
0.35077807 	 0.33043998
0.2926183 	 0.6017268
0.41302964 	 0.70582813
0.251604 	 0.6118754
0.27437693 	 0.46574777
0.23767918 	 0.61885375
0.14540192 	 0.6020186
0.45403296 	 0.59449345
0.47504264 	 0.6841328
0.4613769 	 0.5925035
0.42836785 	 0.51507527
0.26073542 	 0.624815
0.16226123 	 0.5849656
0.13246861 	 1.0971318
0.07288529 	 1.0437955
0.14291881 	 1.1389874
0.09765252 	 1.228726
0.15678075 	 0.4032438
0.25581276 	 0.82745355
0.41854283 	 0.617877
0.29271397 	 0.8744647
0.343014 	 0.9080848
0.2722829 	 0.5526107
0.07186318 	 0.83470947
0.015419016 	 1.1716685
0.015419318 	 0.88868505
0.022481205 	 2.0363684
0.025625514 	 0.8591809
0.06762064 	 1.1028022
0.12502906 	 0.57375276
0.13947146 	 0.9873493
0.28318474 	 0.78994066
0.4384175 	 0.79367465
0.4524784 	 0.92283696
0.354462 	 0.841181
0.37584728 	 0.4253557
0.3291888 	 0.4654352
0.44895175 	 0.63150465
0.37819374 	 0.5906283
0.39277777 	 0.55581594
0.54029053 	 0.630847
0.49524212 	 0.84402716
0.13620996 	 0.94965583
0.1603944 	 1.0073721
0.1742821 	 0.9694756
0.22236183 	 0.38623747
0.33230716 	 0.62808144
0.2073481 	 0.6704757
0.39972422 	 0.979505
0.34525368 	 0.5100138
0.076282665 	 1.0835929
0.111967705 	 0.25498974
0.044127334 	 1.0145444
0.27668875 	 0.9308359
0.28208548 	 0.8848655
0.37220156 	 0.65789914
0.32759044 	 0.53542846
0.3816226 	 0.6566345
0.38536274 	 0.68469375
0.40981686 	 0.7212227
0.43453112 	 0.5643536
0.432937 	 0.7790527
0.40554592 	 0.8894102
0.37873027 	 0.671816
0.39302263 	 0.62471426
0.30143207 	 0.6529656
0.3520386 	 0.35352394
0.3625181 	 0.6695645
0.30852392 	 0.9394653
0.2685467 	 0.9079889
0.26087523 	 0.66450185
0.31572706 	 0.35390922
0.2738674 	 0.8622418
0.31614593 	 0.9158348
0.28614435 	 0.5592579
0.26773524 	 0.8272669
0.22491828 	 0.73122746
0.23626946 	 0.6337474
0.24674435 	 0.7026761
0.20855752 	 0.570749
0.21434663 	 0.578514
0.18340664 	 0.6759569
0.20544977 	 0.90341365
0.20558368 	 0.42608625
0.21542451 	 0.82864046
0.21353161 	 0.58340514
0.19432451 	 0.60356915
0.18990508 	 0.9718374
0.18995322 	 0.55124915
0.17704265 	 0.9211658
0.19646068 	 0.5663988
0.14228192 	 1.0312568
0.24260826 	 0.56358296
0.21289822 	 0.75190777
0.17673235 	 0.6330185
0.19254987 	 0.4572613
0.15207529 	 0.9079261
0.14363033 	 1.0028821
0.14231525 	 1.1319333
0.1776674 	 0.60606456
0.13071257 	 0.65153134
0.20690581 	 0.6809887
0.15406528 	 1.0933131
0.16628198 	 0.5817346
0.20251916 	 0.75636023
0.1518067 	 0.77814245
0.18945043 	 0.5578122
0.20235905 	 1.0666362
0.24786057 	 1.0630028
0.19493906 	 0.68852454
0.21097435 	 1.3713254
0.17937507 	 0.7019537
0.2053118 	 1.056705
0.24109237 	 0.6198162
0.22082642 	 0.478058
0.17896958 	 0.7156157
0.21168989 	 1.0251483
0.23033455 	 1.0444821
0.18429348 	 1.3656523
0.17851217 	 0.9079915
0.17968327 	 0.3978527
0.16766436 	 0.8441472
0.13644482 	 1.2969984
0.13921691 	 1.1055456
0.122551076 	 1.4883362
0.08533555 	 1.4472178
0.102202184 	 1.189507
0.092927665 	 0.757273
0.09980456 	 0.91969615
0.09723036 	 0.5892958
0.13826045 	 1.1122302
0.11585885 	 0.5972308
0.079450496 	 0.5866242
0.096332505 	 0.86068475
0.09333885 	 0.76370186
0.12312629 	 1.2228383
0.087914415 	 1.1304963
0.07600416 	 0.54273236
0.07947702 	 0.88303834
0.09052227 	 0.64273375
0.0719141 	 0.91838866
0.13545653 	 0.8279468
0.07706238 	 0.6297707
0.08185144 	 1.0067714
0.08323693 	 0.81723976
0.076433465 	 0.7385327
0.10701024 	 0.5390619
0.11938573 	 0.58683616
0.1471728 	 0.75186807
0.15653577 	 0.9285628
0.12475878 	 0.9641861
0.13690512 	 0.38804474
0.1330988 	 1.3180712
0.0738591 	 1.395312
0.12178981 	 0.6251265
0.092685424 	 0.6985988
0.061220795 	 0.5479513
0.05238586 	 1.3123112
0.048901945 	 0.93344516
0.08379761 	 1.3268031
0.041641854 	 0.3002202
0.036203343 	 0.83518434
0.020604795 	 2.1201906
0.25354266 	 1.4914843
0.23803553 	 1.2578015
0.23872417 	 1.6569923
0.1876176 	 0.9125714
0.1992923 	 1.6607467
0.22698587 	 1.2006116
0.20310687 	 1.6048104
0.18994832 	 1.5297699
0.23477624 	 1.2553266
0.18131523 	 1.4054997
0.20986338 	 1.4489079
0.22739874 	 2.4984095
0.22979544 	 1.2045708
0.21928348 	 1.981723
0.15954533 	 1.2836314
0.18761487 	 2.2951667
0.21880807 	 1.7920206
0.20182925 	 1.3995836
0.16058013 	 1.2270552
0.14410965 	 0.50964284
0.16798568 	 2.011422
0.15552348 	 1.3299876
0.14209606 	 1.6706673
0.21770439 	 1.2973334
0.20411807 	 0.76021767
0.15545878 	 2.0439863
0.19691403 	 1.0061581
0.20035203 	 0.7515641
0.26547232 	 1.0063546
0.31667814 	 1.073169
0.28071967 	 0.9488047
0.3366943 	 1.5066794
0.32009885 	 1.0437777
0.2745317 	 0.8968866
0.2669114 	 1.2243613
0.30984107 	 1.4813902
0.30795944 	 0.8001394
0.28460526 	 1.0142317
0.21212766 	 1.4624935
0.20819192 	 1.4009585
0.19525899 	 1.4283211
0.21089132 	 1.8017025
0.20516814 	 0.8410526
0.13637438 	 1.9101787
0.14910518 	 1.2409753
0.16651246 	 1.8634318
0.17095153 	 1.5859689
0.17579988 	 1.7778089
0.2336012 	 1.9072236
0.25400707 	 2.0354931
0.2165119 	 1.3984375
0.23077989 	 1.06126
0.18267527 	 0.7802339
0.19155453 	 1.3445444
0.15789531 	 1.6385803
0.1383011 	 0.8073466
0.16448224 	 1.5530528
0.13814123 	 0.9500275
0.14203966 	 1.1178948
0.20416881 	 1.2367946
0.265118 	 1.3075341
0.29551187 	 1.4320946
0.3632504 	 1.3366277
0.33825514 	 0.9700379
0.30395105 	 0.7402062
0.27544805 	 0.95149004
0.2121228 	 1.2352092
0.21200445 	 1.4852613
0.20972672 	 1.3561996
0.18875593 	 1.3804282
0.21885836 	 1.1925367
0.28400692 	 1.3683325
0.360506 	 1.3751779
0.5037408 	 1.0750122
0.31231543 	 1.0777013
0.29473844 	 1.4818616
0.21881549 	 2.5223775
0.17880028 	 1.6063262
0.17505345 	 2.270801
0.12170687 	 0.914901
0.112338506 	 0.83656925
0.13613729 	 1.2936809
0.1265711 	 2.1011543
0.15531152 	 0.9109453
0.19673297 	 1.3332729
0.23098712 	 1.2251186
0.18981716 	 0.57362795
0.20480217 	 1.7027828
0.20069256 	 1.7358128
0.14090823 	 1.1618472
0.13122357 	 1.5816345
0.10489666 	 1.5717541
0.17511594 	 1.9478686
0.16383858 	 1.2860303
0.16574563 	 1.7461016
0.16205402 	 2.0141065
0.17717057 	 1.1468201
0.25977692 	 0.8761914
0.2684243 	 0.57526976
0.31288725 	 1.1600956
0.32565725 	 0.9965072
0.3796852 	 0.8982739
0.3269313 	 0.79314643
0.39327678 	 1.0633636
0.35548842 	 0.6689119
0.3775898 	 0.8417641
0.4158525 	 1.1711454
0.41278878 	 1.1213505
0.38364583 	 0.8688022
0.30066442 	 1.3307792
0.29730672 	 2.0171578
0.29092082 	 2.1511893
0.13546425 	 1.3597428
0.1874411 	 1.7460623
0.19889939 	 1.2075453
0.20163848 	 0.92248976
0.24075153 	 0.6966513
0.19978058 	 0.9295443
0.090702444 	 1.4020927
0.10901322 	 1.973146
0.11581776 	 1.2237581
0.1323464 	 1.922861
0.15801844 	 1.2925873
0.2554555 	 1.0156488
Summary
0.0052858572  -  0.54029053 ,  0.25498974  -  2.5223775
accuracy:  99.7
equal predictions:  0
TensorFlow version: 1.13.1
Found 939 images belonging to 1 classes.
argN = 196
argN = 196
0.8646593 	 2.005257
0.87825274 	 1.6684203
0.9172451 	 1.6784405
0.72816783 	 2.4678178
0.4970559 	 1.7991614
0.99826944 	 1.4639076
0.26512665 	 2.5335753
0.19228067 	 2.0176723
0.24482091 	 2.4929264
0.1764749 	 1.1774083
0.25771368 	 1.9198853
0.17388293 	 1.9196321
0.105447836 	 2.8739705
0.40479207 	 1.8687038
0.45384985 	 1.3730564
0.3996843 	 1.4397811
0.54101884 	 1.2509724
0.5409044 	 1.7336414
0.47711253 	 2.1965728
0.5140288 	 2.3239279
0.5910549 	 1.6501341
0.52318126 	 1.3023387
0.56848 	 0.95010597
0.37160027 	 2.2539635
0.5691511 	 1.6638321
0.5035996 	 1.8877625
0.23968738 	 1.6740807
0.19466002 	 1.5109388
0.17014915 	 3.3917236
0.14820302 	 2.7366474
0.12434508 	 1.5732805
0.0523662 	 3.429104
0.037997954 	 2.19373
0.03618709 	 2.6242619
0.1089302 	 3.193743
0.2379345 	 2.6342506
0.34063458 	 1.3831346
0.4579556 	 0.96955967
0.5868022 	 1.401018
0.41957423 	 1.4384383
0.69880164 	 1.3299872
0.7656142 	 1.4411973
0.875599 	 1.4324378
0.9471706 	 1.056037
1.0186465 	 1.4329853
1.065337 	 1.8767601
0.7887584 	 0.9311899
0.64830023 	 1.6080425
0.5251149 	 1.1375383
0.3203992 	 1.3976982
0.3205479 	 1.472771
0.37671545 	 0.8706472
0.1917533 	 3.3351018
0.08492025 	 2.173525
0.08891757 	 1.911192
0.10050325 	 2.3580844
0.34592476 	 1.6895719
0.33700392 	 1.2184398
0.36186567 	 2.310702
0.23395279 	 2.0118008
0.22478499 	 1.6809399
0.21830545 	 1.5842725
0.11896363 	 1.7931627
0.16879763 	 2.3940127
0.18143134 	 1.8302048
0.142085 	 2.138371
0.101139784 	 2.1690137
-9.5367386e-07 	 2.8501494
0.51128393 	 1.281582
0.50990415 	 1.2663507
0.3034846 	 1.5415457
0.32521555 	 1.6866002
0.443836 	 1.4920053
0.63911915 	 2.5800967
0.43987322 	 1.2812806
0.49656874 	 1.3100348
0.6126789 	 1.0023237
0.49801245 	 1.1427855
0.15965469 	 2.9162774
0.09214934 	 2.1155808
0.08325442 	 2.3814368
0.043740317 	 1.6117271
0.0055717193 	 2.4689455
0.20475207 	 2.042681
0.17698488 	 1.7963526
0.23054132 	 2.0722265
0.3815285 	 1.8663687
0.25928056 	 2.0585182
0.25003046 	 1.6875944
0.13958898 	 2.236645
0.16194868 	 1.7283701
0.15885244 	 1.6187315
0.1131803 	 2.1189046
0.082935564 	 1.684952
0.08513337 	 1.9645241
0.09638941 	 2.2834485
0.045825846 	 2.7152045
0.059521258 	 2.7040389
0.05755391 	 3.269701
0.06843289 	 2.463755
0.12136435 	 1.4280074
0.07660134 	 2.351852
0.10582351 	 2.1146517
0.09633644 	 2.5653355
0.08600394 	 1.6266131
0.09924938 	 1.4127513
0.10555693 	 2.32993
0.11254701 	 2.2945285
0.09751787 	 1.2816843
0.1054124 	 1.5686013
0.08631318 	 0.9970563
0.082263075 	 2.0324614
0.08721295 	 2.112748
0.046097197 	 1.102595
0.06790327 	 1.2770896
0.07165396 	 1.289804
0.064990856 	 1.9165721
0.09185664 	 1.6318507
0.0734844 	 2.7075784
0.036774557 	 1.0399069
0.065671556 	 1.797912
0.0772578 	 1.086257
0.07756133 	 1.8451201
0.074531674 	 1.5675135
0.11205198 	 1.5379425
0.0763497 	 1.3857042
0.09944845 	 0.9638163
0.18165247 	 1.683777
0.15378107 	 1.2178543
0.1386701 	 1.049213
0.110925324 	 2.0931787
0.1246918 	 1.410389
0.15543017 	 1.7501037
0.13642918 	 1.0265735
0.13053025 	 1.3662872
0.11459 	 1.1416879
0.09691694 	 2.1607594
0.121167995 	 1.7178915
0.106745854 	 1.5608691
0.10620576 	 1.62393
0.10510739 	 1.6990328
0.050385218 	 2.3882883
0.10820176 	 1.3196399
0.10701309 	 0.9250498
0.09113863 	 1.1213284
0.09013154 	 1.8603655
0.09839864 	 1.5054454
0.12872554 	 1.2627875
0.10639356 	 0.8059231
0.117467046 	 1.1630181
0.126007 	 1.3344834
0.07864416 	 1.2036271
0.09541788 	 1.9792912
0.10607917 	 2.0188138
0.06857785 	 2.0117235
0.0725628 	 1.5459932
0.05774106 	 2.0595787
0.058647133 	 2.859777
0.060939543 	 1.293682
0.042531397 	 1.7615176
0.075573556 	 1.8791751
0.056946978 	 2.2669032
0.05647544 	 1.4894736
0.03572789 	 2.1945307
0.044197854 	 2.0947971
0.043215025 	 2.208734
0.048508193 	 2.647192
0.042944018 	 2.0158286
0.020635523 	 1.9073958
0.037570164 	 2.9080088
0.03828366 	 2.0615969
0.036634877 	 1.5217292
0.0363421 	 2.1696355
0.036734115 	 2.2696228
0.03145267 	 1.9770156
0.020698076 	 2.0576575
0.044881374 	 2.4937985
0.04786921 	 2.245701
0.052071106 	 1.7221649
0.06254599 	 1.2126104
0.048795544 	 0.78201646
0.061372697 	 1.5632048
0.07898274 	 1.7506719
0.08482688 	 2.7637901
0.06441315 	 1.4761927
0.07885142 	 1.5348976
0.06692995 	 1.6998565
0.079257816 	 1.6095269
0.061961267 	 2.3928566
0.06703231 	 1.9097891
0.07892301 	 0.99180454
0.06627801 	 0.958833
0.09345566 	 1.1072317
0.08236002 	 1.4574834
0.071148045 	 2.3572319
0.059159223 	 0.62966686
0.044196546 	 2.2277198
0.057662383 	 1.1339753
0.07038827 	 1.256698
0.072854646 	 2.3344495
0.040898263 	 0.99599683
0.056844324 	 1.4375694
0.04991538 	 1.284554
0.05096955 	 2.5661101
0.054863907 	 1.5117418
0.029705495 	 3.4135575
0.032103345 	 1.5431434
0.057945997 	 2.409194
0.05212586 	 1.6895415
0.05057743 	 0.8851171
0.033500623 	 2.721102
0.025661776 	 1.4931413
0.2934435 	 1.4588666
0.25759012 	 1.6946394
0.22965685 	 1.0101261
0.12558427 	 2.4677157
0.0834605 	 1.251563
0.0668392 	 1.2162617
0.11826561 	 2.4444642
0.09062341 	 1.0620946
0.08247206 	 2.0500522
0.07958725 	 2.0901914
0.079549365 	 2.613974
0.08055547 	 3.6263425
0.07596397 	 2.0360737
0.0686196 	 1.7816013
0.047128476 	 1.9020561
0.06854772 	 2.2652683
0.042122554 	 1.329749
0.020618243 	 1.7398804
0.039823454 	 2.2711234
0.02613216 	 3.4072664
0.047004957 	 2.7843857
0.04699009 	 2.5854006
0.046501424 	 2.9047556
0.03188579 	 1.8263395
0.03636392 	 2.895472
0.0363544 	 3.6687503
0.020279994 	 4.530951
0.031079628 	 2.6390347
0.02528948 	 1.6395587
0.2737257 	 1.8201656
0.5113929 	 1.9721407
0.37154737 	 1.6885914
0.29822975 	 1.9080682
0.22935377 	 0.95871323
0.12437862 	 2.9909136
0.11917338 	 2.312698
0.12701496 	 1.3743954
0.10881157 	 0.9145996
0.20933768 	 1.278105
0.14231354 	 2.7931843
0.20809187 	 1.7802315
0.23042709 	 2.5555055
0.09579289 	 2.5370529
0.10893532 	 0.788039
0.0907277 	 1.6254444
0.12478161 	 1.205005
0.08756271 	 3.332177
0.09972836 	 0.8480048
0.057724517 	 2.2320335
0.069937065 	 2.880202
0.07410556 	 3.4863892
0.05984634 	 1.9840964
0.05776272 	 2.3513868
0.055344578 	 1.4613613
0.057955597 	 2.2084498
0.06701287 	 2.055283
0.0854363 	 1.9851485
0.09691378 	 2.4393566
0.24030423 	 1.7187973
0.25257468 	 1.2445749
0.42752 	 0.75380224
0.39699116 	 1.3875278
0.26184568 	 1.2907892
0.21423039 	 1.874114
0.1787759 	 2.686789
0.10218185 	 2.662129
0.105546 	 1.7579529
0.11223174 	 2.50256
0.047235448 	 3.6696854
0.057551067 	 2.3750207
0.068627514 	 3.0808702
0.13002875 	 0.9384376
0.18073983 	 2.2792342
0.24322009 	 2.1270757
0.37891933 	 1.2067564
0.32290226 	 1.3083316
0.348206 	 1.7258629
0.31853163 	 1.2172958
0.29997113 	 1.5611722
0.39318183 	 1.5651556
0.31956482 	 1.3021731
0.4328905 	 1.3044409
0.39456093 	 1.2909817
0.31262484 	 0.5725914
0.2781114 	 1.9815508
0.20081656 	 2.1073549
0.18807876 	 2.3232255
0.17355405 	 0.8498626
0.19048484 	 1.6302218
0.13094178 	 1.6763244
0.117798045 	 2.40981
0.101853006 	 1.3628492
0.101038754 	 1.6109138
0.09835056 	 1.8513732
0.14056222 	 2.430183
0.1540132 	 1.3967434
0.17696396 	 2.3324437
0.21577094 	 1.8035829
0.1311533 	 0.9578702
0.13008761 	 1.7516121
0.17210771 	 0.93777406
Summary
-9.5367386e-07  -  1.065337 ,  0.5725914  -  4.530951
accuracy:  100.0
equal predictions:  0
TensorFlow version: 1.13.1
Found 939 images belonging to 1 classes.
argN = 196
argN = 196
0.43360192 	 1.7894871
0.9787456 	 1.3847456
0.49241066 	 1.3428335
0.26183796 	 3.7867699
0.11829291 	 2.572816
0.087111756 	 1.7667407
0.09421227 	 2.3155637
0.12909976 	 1.4849403
0.17932986 	 1.4772254
0.13166523 	 2.066021
0.33157408 	 1.6798627
0.30644563 	 1.5778829
0.1642216 	 1.7894593
0.31882715 	 1.8450722
0.5453407 	 1.6609786
0.333725 	 1.5094564
0.4793286 	 1.4162872
0.42264745 	 1.4738529
0.3476837 	 1.694266
0.18853547 	 1.3269361
0.10880114 	 1.3414133
0.2467599 	 2.1266322
0.07042632 	 1.7553704
0.06296461 	 2.20079
0.025811248 	 2.235056
0.28907675 	 1.7563058
0.52192485 	 1.2303616
0.64393336 	 1.0516608
0.49412462 	 1.2606015
0.3803028 	 1.6311698
0.59639513 	 1.2279915
0.39735594 	 1.2068237
0.6832349 	 1.7742742
1.179152 	 1.6813649
0.9393687 	 1.0344132
0.49068737 	 1.9390429
0.50936764 	 1.6649892
0.56059015 	 1.694425
0.35157153 	 1.5696391
0.0636358 	 2.3114948
0.035858545 	 2.131555
0.02061739 	 1.4240001
0.049525365 	 1.2505066
0.049433116 	 1.7899532
0.2870029 	 1.6116008
0.11950508 	 1.7798615
0.14249985 	 3.081313
0.130436 	 1.9751446
0.16500954 	 2.2821703
0.21585074 	 2.2800252
0.15455784 	 1.5444762
0.26786068 	 1.5902508
0.14866681 	 1.606117
0.2795528 	 1.7134037
0.37441164 	 1.8291113
0.23994693 	 1.4771996
0.19456154 	 1.8447345
0.030980086 	 1.9824493
0.015426521 	 2.246436
0.010061224 	 1.7660089
0.010255472 	 2.6978981
-9.5367386e-07 	 1.8847469
-9.5367386e-07 	 2.275243
0.025836509 	 1.4844372
0.025830025 	 3.48047
0.057288397 	 1.8017365
0.0683893 	 1.6907533
0.15406974 	 2.1350365
0.15521769 	 1.4300022
0.55932516 	 1.0892174
0.60401154 	 1.4327325
0.32920536 	 1.3016589
0.18513234 	 1.2458661
0.23795688 	 1.3358399
0.22301443 	 1.7757989
0.37872425 	 2.0945988
0.07406538 	 1.7467735
0.5439366 	 1.430568
0.64358634 	 1.4544691
0.6235943 	 1.2676036
0.5464929 	 1.3199263
0.57219166 	 1.7313172
0.3097711 	 2.1709468
0.2807949 	 1.9255838
0.23291908 	 1.6205087
0.078846775 	 2.2474306
0.010773128 	 2.3741055
-9.5367386e-07 	 1.3037862
0.17083867 	 2.3708882
0.16869073 	 1.2196767
0.06913887 	 1.610954
0.117636055 	 1.7368796
0.06331152 	 2.6005492
0.015423494 	 2.8870072
0.020632723 	 1.5666693
0.01964785 	 2.1003814
0.015034355 	 2.0335119
0.012875057 	 1.7346032
0.04735537 	 1.7648823
0.052304212 	 1.7469524
-9.5367386e-07 	 1.9846475
0.0062247133 	 2.3163998
0.0010783524 	 1.4629506
0.015971329 	 2.1444533
0.009209953 	 2.1916804
0.00511408 	 1.7825292
0.03636911 	 1.8989613
0.041032705 	 2.1725926
0.04140358 	 3.0423548
0.0543126 	 1.842385
0.027857903 	 0.8577366
0.013270604 	 0.88044375
0.014875052 	 0.89591837
0.015460238 	 1.2834275
0.017083485 	 1.5517247
0.0046924604 	 1.5007392
0.019157477 	 1.7239989
0.015423071 	 0.8986539
0.01665188 	 1.5842865
0.020598467 	 1.6605102
0.04324963 	 1.0654972
0.031089528 	 1.7081239
0.036495153 	 1.9648217
0.031090941 	 1.2553623
0.025906973 	 2.0029414
0.05176028 	 1.9091003
0.03637078 	 0.9715618
0.040730316 	 1.6356053
0.030990414 	 1.8132131
0.00511408 	 1.134587
0.010254508 	 2.0941496
0.015331431 	 1.5039724
-9.5367386e-07 	 1.6430843
6.246762e-05 	 2.0935588
0.00511408 	 2.3370688
-9.5367386e-07 	 1.12355
0.0004933501 	 1.8585647
0.005114799 	 0.91171706
0.0061403294 	 1.2052284
0.015332763 	 0.955602
4.4107533e-06 	 1.233708
0.024862446 	 1.0181998
0.010255291 	 2.6754084
0.012537365 	 0.6773481
-9.5367386e-07 	 1.6809684
0.015423373 	 1.0667883
0.010255472 	 1.4281178
-9.5367386e-07 	 0.98754543
0.0049341857 	 1.4142205
0.005113241 	 1.4503112
0.008330917 	 1.0688665
0.010149673 	 0.925521
0.00511408 	 1.3397517
0.0051694983 	 2.1339743
0.010253906 	 0.8364321
0.008432917 	 1.3186848
0.020627005 	 1.6500143
0.020613315 	 1.9759299
0.020618243 	 1.0212822
0.030967975 	 0.80775344
0.039358243 	 1.9354117
0.021330947 	 0.80761224
0.036350626 	 2.0014572
0.04102109 	 0.97134525
0.03984138 	 1.1603765
0.051114194 	 0.7780543
0.03108965 	 2.3022923
0.037083793 	 1.3198154
0.045415152 	 1.1252846
0.042742945 	 1.3375188
0.041667704 	 1.9519622
0.04959138 	 1.5168765
0.051754 	 1.666768
0.03134104 	 1.1909002
0.047230072 	 0.75281084
0.04700858 	 2.106907
0.06836664 	 1.7126801
0.016531585 	 1.7882137
0.0402869 	 1.0018086
0.024027916 	 2.2533085
0.03492461 	 1.8000416
0.042380154 	 1.2170533
0.020640634 	 1.1125095
0.020226346 	 1.8051822
0.021791866 	 0.95914555
0.04203353 	 1.2842588
0.04275464 	 1.7737786
0.030607587 	 0.59820074
0.02685444 	 1.2726306
0.025341503 	 1.449772
0.03040277 	 1.0946606
0.01648523 	 1.1578532
0.010255472 	 0.9048193
0.030459978 	 1.581628
0.12538892 	 2.3571134
0.24037345 	 1.4424219
0.16128193 	 1.4957765
0.12414213 	 2.238258
0.09045773 	 2.3142524
0.034454823 	 3.9631166
0.03624129 	 1.712499
0.036366574 	 0.9825203
0.042717252 	 0.9846112
0.056803316 	 3.061602
0.030930288 	 1.346382
0.04699165 	 3.4863229
0.02585712 	 1.6136107
0.041673545 	 3.3824184
0.020719921 	 1.3413162
0.020618243 	 1.7217367
0.010231987 	 2.187571
0.02757663 	 3.9235408
0.02061806 	 0.8760718
0.046992652 	 1.6118888
0.008781672 	 1.0758331
0.020688584 	 1.218979
0.015455879 	 3.6274004
0.4105238 	 1.9807919
0.52338773 	 1.6749281
0.09084714 	 1.5336255
0.07607613 	 1.5321988
0.05775773 	 2.0592296
0.05746407 	 1.8050648
0.04167025 	 3.8917718
0.047338933 	 1.2042426
0.0637356 	 2.5055025
0.058640435 	 1.8497798
0.05231269 	 2.638913
0.029866625 	 1.4394935
0.07126741 	 0.7021833
0.19563387 	 1.3664001
0.12154627 	 1.5703193
0.13588531 	 2.3860264
0.05992184 	 2.9669375
0.08903348 	 2.046847
0.06525779 	 1.720969
0.03623542 	 1.6315969
0.036141295 	 1.0452607
0.037621286 	 1.2189715
0.020618243 	 2.7126477
0.043970555 	 2.2817302
0.041669257 	 1.3567538
0.015166755 	 5.2465754
0.019450372 	 1.1433938
0.025840178 	 2.8678782
0.022549361 	 0.6504947
0.031089528 	 1.3043575
0.036364287 	 2.570048
0.03379849 	 1.5113736
0.012438204 	 1.6503241
0.020618182 	 3.3319418
0.036347415 	 2.28758
0.020617817 	 2.9879699
0.028077217 	 2.1202369
0.051743455 	 1.1760162
0.20286605 	 1.8178962
0.24621995 	 0.59299195
0.2829722 	 1.3587041
0.2829778 	 1.4291308
0.31871098 	 1.1530111
0.3036243 	 1.2180852
0.16812621 	 1.452935
0.15406369 	 1.2406576
0.12535547 	 1.0767845
0.117338285 	 0.7115347
0.07355208 	 1.1521794
0.047554247 	 2.5032496
0.05236689 	 3.6686263
0.051360317 	 2.149239
0.038217586 	 1.1472261
0.025830638 	 3.0803654
0.025811676 	 1.5365086
0.047004957 	 2.4420507
0.02583871 	 1.3268355
0.052141182 	 1.5237936
0.13019447 	 1.48972
0.10375906 	 2.351838
0.13621597 	 0.7348215
0.19646475 	 1.7659656
0.33467513 	 2.3843367
0.27531007 	 2.1088345
0.34910384 	 1.0006224
0.37748545 	 1.3691201
0.33433402 	 1.7818286
0.3870444 	 1.6644359
0.35493958 	 1.3690168
0.38453877 	 1.6951796
0.2932731 	 1.1538227
0.26654327 	 1.3821535
0.28923434 	 0.6811416
0.3074248 	 1.0400566
0.26768258 	 1.4868469
0.2790109 	 1.6944016
0.1956483 	 1.180974
0.1704726 	 2.5460713
0.16349529 	 3.2096143
0.1636995 	 1.5769857
0.0732819 	 2.0866973
0.057232726 	 3.488389
0.05768019 	 0.8620291
0.047066994 	 2.6291108
0.05224737 	 1.9340341
0.06398052 	 1.4965158
0.046266172 	 2.6491044
0.11271238 	 2.1390307
0.13761525 	 1.4717516
0.12957975 	 1.7506342
0.12434771 	 1.0786858
0.102134585 	 2.5681674
0.12218159 	 1.4085679
0.10117876 	 1.6789886
0.07859682 	 1.3019836
0.08639038 	 2.2897532
Summary
-9.5367386e-07  -  1.179152 ,  0.59299195  -  5.2465754
accuracy:  100.0
equal predictions:  0
TensorFlow version: 1.13.1
Found 939 images belonging to 1 classes.
argN = 196
argN = 196
0.30748594 	 0.8402626
0.40256667 	 0.9604875
0.1990599 	 1.1519322
0.26146743 	 0.77138525
0.28210208 	 0.67062944
0.21318735 	 0.9707451
0.10357499 	 0.81457305
0.15088408 	 0.44891867
0.12521271 	 0.7779674
0.06248343 	 0.2561926
0.16364115 	 0.47217014
0.21840414 	 0.6707587
0.2142631 	 0.8845398
0.13408501 	 0.8867817
0.13326733 	 0.7351837
0.22622 	 0.88374317
0.14177182 	 0.57198304
0.11318851 	 0.719807
0.27345723 	 0.6597488
0.35725653 	 0.49952024
0.21054171 	 0.61141795
0.39864963 	 0.89128727
0.26754588 	 1.3208247
0.20845759 	 0.5352036
0.2528832 	 0.45695645
0.26944247 	 0.67049193
0.30909988 	 0.6269961
0.3554096 	 0.75602275
0.28627568 	 0.55167055
0.07353386 	 0.55753446
0.11284976 	 1.0120047
0.30908835 	 0.8541508
0.5339295 	 0.7573637
0.29823554 	 0.53581136
0.28073135 	 0.78186315
0.29434073 	 0.50205314
0.3387648 	 0.6638059
0.3639287 	 0.72225064
0.30823183 	 1.0424225
0.35670492 	 0.5959414
0.2924819 	 0.7402985
0.18553022 	 0.6980997
0.17235355 	 0.9537549
0.21072419 	 0.6106548
0.2217892 	 0.93409234
0.22976303 	 0.62458134
0.28666207 	 0.7830193
0.23111613 	 0.67242384
0.11072895 	 0.44123325
0.123435974 	 0.7652612
0.14155598 	 0.5112114
0.15160136 	 0.64343596
0.08273697 	 0.67418957
0.19764923 	 0.7622432
0.41927928 	 0.77299714
0.40642363 	 0.49740174
0.10835798 	 0.4154867
0.1057279 	 0.73125124
0.15198064 	 0.7250647
0.23873499 	 0.5453985
0.17027895 	 0.7659103
0.22260843 	 0.62952566
0.33645993 	 0.7083217
0.2910111 	 0.9647409
0.33662352 	 0.77783257
0.19083522 	 1.3669077
0.13570055 	 0.9034801
0.14489271 	 0.46043566
0.25010836 	 0.72891724
0.40193528 	 0.7661687
0.38328883 	 0.8052568
0.39283878 	 0.5882694
0.2518448 	 0.72175723
0.17167918 	 0.6181753
0.14266689 	 0.5981901
0.1464967 	 0.9540439
0.14821082 	 0.8376718
0.09137351 	 0.70068175
0.18874845 	 1.090234
0.17075594 	 0.80978054
0.11061889 	 0.5681452
0.101808526 	 0.8348336
0.086467326 	 0.7274561
0.22132702 	 0.78902864
0.036369666 	 0.681467
0.14015585 	 0.54450566
0.29392305 	 0.8951625
0.2852874 	 0.53840184
0.07243174 	 0.60479826
0.14002489 	 1.1356248
0.24726772 	 0.99214804
0.26114458 	 0.61131704
0.23923321 	 0.6896165
0.32056493 	 0.59059197
0.3322159 	 0.6254924
0.29319316 	 0.738129
0.08541962 	 0.7158747
0.12856726 	 1.161736
0.07852848 	 0.9766333
0.05921715 	 0.7618081
0.06079385 	 0.5062369
0.06583337 	 0.37007508
0.06949246 	 0.7156968
0.058440603 	 0.5515646
0.043938916 	 0.4049337
0.052807156 	 0.67265993
0.06418064 	 0.4673971
0.0668682 	 0.40225178
0.08949416 	 0.6712543
0.07931195 	 0.9392902
0.10857794 	 0.5449667
0.114319794 	 0.5394773
0.13054697 	 0.6860956
0.1437434 	 0.6920345
0.14578713 	 0.6126417
0.16324599 	 0.8862312
0.16701365 	 0.76421636
0.20440876 	 0.74322283
0.27020738 	 0.690486
0.21343797 	 0.7176949
0.2349313 	 0.78670114
0.23996806 	 0.6592776
0.2731591 	 0.9113131
0.2858515 	 0.6228337
0.25684053 	 0.6140407
0.29745373 	 0.6745073
0.2963627 	 0.6699674
0.27803302 	 0.78818977
0.29309073 	 0.49201155
0.23860377 	 0.76791084
0.2547541 	 0.86134815
0.24022724 	 0.73943275
0.25617433 	 0.4090169
0.23130564 	 0.6803356
0.20675871 	 0.67649066
0.2638385 	 0.8676171
0.24096516 	 0.524133
0.17625263 	 0.69484437
0.27900255 	 0.5037255
0.1764136 	 0.6640144
0.21403745 	 0.7239123
0.27459562 	 0.81312376
0.2720141 	 0.63915163
0.21383938 	 0.68973076
0.2810936 	 0.82662475
0.2960978 	 0.84032035
0.2890621 	 0.61643314
0.36986452 	 0.8384849
0.3785801 	 0.73220104
0.30880895 	 0.7472031
0.37804586 	 0.6863358
0.40240702 	 0.7202655
0.3871774 	 0.623071
0.40186793 	 0.8994482
0.39870185 	 0.80293196
0.38129783 	 0.71055454
0.35346138 	 0.78572667
0.38287494 	 0.8422419
0.3368317 	 0.6115847
0.2533496 	 0.8061593
0.23655486 	 0.93919337
0.29993293 	 0.8245361
0.2201141 	 1.0687082
0.2515491 	 0.7807665
0.26296687 	 0.8696391
0.20827655 	 0.81229174
0.25306466 	 0.7319853
0.2186164 	 0.7436448
0.17885931 	 1.0037225
0.12153536 	 0.7445097
0.15627058 	 0.9253273
0.14822271 	 0.9090143
0.11591293 	 0.6414311
0.12946625 	 0.9084872
0.14145915 	 0.9208634
0.09769504 	 0.56245923
0.102241665 	 0.27141845
0.12718187 	 0.55483717
0.09813981 	 0.67222804
0.097192325 	 0.4048439
0.09066028 	 0.5795134
0.06828087 	 1.154565
0.09097149 	 0.96143377
0.08248579 	 0.7777826
0.114305295 	 1.0068734
0.08862621 	 0.49029487
0.09459011 	 0.7401475
0.09188807 	 0.8687333
0.122745 	 0.8538136
0.10185485 	 0.48516807
0.13137086 	 0.9352724
0.1184059 	 0.5505637
0.1291903 	 0.4991126
0.1277324 	 1.1731412
0.119053125 	 0.49001443
0.10021621 	 1.0815792
0.10269183 	 0.69911623
0.08225389 	 0.7435282
0.05716551 	 1.2677921
0.055391137 	 1.0145515
0.052553453 	 0.7778973
0.17601123 	 1.6276597
0.18047991 	 1.4480805
0.16574351 	 1.9067016
0.16615416 	 0.533254
0.16732891 	 2.0120578
0.106225185 	 1.3818496
0.114432804 	 3.2642038
0.10910343 	 1.9020936
0.12600309 	 1.4979432
0.10775527 	 1.4408667
0.12846592 	 0.72788715
0.14300008 	 0.6278217
0.09743626 	 1.5714886
0.08956802 	 1.5051461
0.08756278 	 1.2144537
0.104965836 	 0.6097973
0.08609891 	 0.9213406
0.08006407 	 1.1116339
0.117319115 	 1.4711405
0.14080997 	 1.1673197
0.117474824 	 0.37476602
0.14318158 	 2.333077
0.13881403 	 0.6920052
0.1565603 	 1.2970533
0.15939957 	 0.63162166
0.15715961 	 1.9840457
0.16931675 	 1.5826635
0.18977089 	 0.74526155
0.2566818 	 1.0002052
0.12141475 	 1.7188246
0.17215954 	 1.3968952
0.1580195 	 2.0890746
0.24832042 	 1.4582856
0.31745425 	 0.96058685
0.24675511 	 1.4054102
0.09155364 	 1.9742901
0.10704785 	 1.6619157
0.20287473 	 0.84136236
0.11402568 	 0.7130318
0.14203574 	 1.6429324
0.15177916 	 0.9674543
0.12630339 	 1.5902023
0.09124643 	 1.7910713
0.05574393 	 1.1598645
0.041583195 	 0.93527347
0.052211575 	 1.4787894
0.05897971 	 0.6175482
0.10557302 	 1.6381588
0.091318525 	 0.8746964
0.102189176 	 1.6777784
0.096751325 	 1.4501001
0.1440333 	 1.6377518
0.13653834 	 1.1982915
0.07626562 	 1.5413673
0.091945834 	 1.3645853
0.13215625 	 0.9219876
0.12171354 	 0.95535284
0.19637233 	 1.2125843
0.20984824 	 1.2715354
0.36537814 	 0.9171091
0.38861886 	 0.8728597
0.40142152 	 1.1679747
0.39698902 	 0.79680806
0.5929544 	 1.0204037
0.41160288 	 1.0515627
0.3343147 	 0.9160332
0.26521376 	 1.5604992
0.14125916 	 1.1903886
0.06957086 	 1.6237364
0.102031015 	 0.59804094
0.12488115 	 1.9313695
0.109149694 	 0.8655395
0.09564551 	 1.6125791
0.09168129 	 1.6741745
0.12538972 	 1.2881876
0.08653466 	 1.174002
0.076050274 	 0.99237454
0.10589123 	 2.343016
0.14456674 	 1.3650049
0.10015276 	 0.8055023
0.18331127 	 1.5283102
0.1996225 	 0.6453389
0.24980286 	 0.8207087
0.3279607 	 1.6931697
0.18554011 	 1.3333316
0.18350095 	 0.7936538
0.23942298 	 0.9230741
0.2886802 	 1.0446941
0.32296893 	 0.97394365
0.3618419 	 0.50323
0.16850877 	 1.5612203
0.11723835 	 0.9874909
0.13707682 	 0.42120564
0.10780626 	 1.8493142
0.14815207 	 1.869174
0.1470969 	 2.3244755
0.18662149 	 1.229052
0.19369984 	 0.88933694
0.23052683 	 0.42297387
0.17241275 	 0.8261511
0.18315884 	 1.1573529
0.18204653 	 0.99499613
0.16738203 	 1.687978
0.18904334 	 1.2346994
0.18205626 	 1.5064629
0.17888361 	 0.83395493
0.18884096 	 1.0496541
0.20113268 	 0.948594
0.17364693 	 1.4752789
0.25000644 	 1.4102485
0.2243993 	 1.4752672
0.22484252 	 0.7341608
Summary
0.036369666  -  0.5929544 ,  0.2561926  -  3.2642038
accuracy:  100.0
equal predictions:  0
