TensorFlow version: 1.13.1
Found 939 images belonging to 1 classes.
argN = 49
argN = 49
0.5391678 	 2.2389343
0.31498697 	 1.6234263
0.5220291 	 2.2541587
0.13409074 	 3.0909376
0.37069938 	 3.6280372
0.3206421 	 4.363926
0.30601507 	 2.8977122
0.2392018 	 3.4004533
0.19418003 	 1.4399753
0.10828777 	 2.1269908
0.1128982 	 3.4161334
0.1201629 	 1.8094178
0.2688941 	 1.2366449
0.29625472 	 1.2402517
0.6520124 	 2.3812246
0.60193944 	 3.2595913
0.7727222 	 1.5921955
0.7910949 	 1.6479723
0.9086379 	 0.7269064
0.5458132 	 2.9502468
0.5494318 	 1.740673
0.1865065 	 1.5118588
0.5921749 	 2.2135804
0.42467493 	 3.47332
0.1760494 	 2.4026237
0.13461386 	 2.41228
0.072587095 	 3.9712162
0.16845311 	 1.6690844
0.001632771 	 2.5802102
0.10089237 	 2.4441965
0.17077051 	 2.410014
0.24087332 	 2.0058467
0.38511077 	 2.127483
0.3949774 	 1.1756544
0.122875676 	 2.60508
0.5234126 	 4.3355513
0.28535512 	 2.1376183
0.24057342 	 4.6548386
0.5177381 	 1.7329576
0.63677186 	 3.023542
0.32120475 	 0.9524932
0.20606902 	 1.7939856
0.11947781 	 3.9303107
0.084739685 	 2.8796637
0.037094183 	 2.8977857
0.03924275 	 2.6286209
0.00071992556 	 2.2892349
0.20018323 	 1.4812586
0.46187267 	 1.0314329
0.37089267 	 1.9689419
0.25398868 	 1.7018815
0.2903852 	 1.9099991
0.36159062 	 1.5972793
0.34612122 	 1.2063193
0.09708474 	 2.0327015
0.05479225 	 2.1591196
0.42241573 	 1.755048
0.3045199 	 2.420115
0.11435942 	 4.4339657
0.13004723 	 2.2877903
0.42662397 	 1.6430606
0.33374506 	 1.0951699
0.3083652 	 4.062047
0.32201982 	 2.6255915
0.30892697 	 1.8584499
0.2526003 	 1.9178597
0.19669197 	 2.66279
0.17101263 	 3.4198194
0.31940877 	 1.8184937
0.16583632 	 2.1031895
0.41990906 	 1.5660627
0.18625535 	 2.403977
0.095179096 	 4.8636117
0.0014486668 	 1.6238513
0.017517276 	 1.994652
0.022055857 	 1.782102
0.03140531 	 3.4918952
0.024713056 	 2.89471
0.052589953 	 2.7112815
0.0023855388 	 3.1484609
0.029543897 	 1.9582676
0.036484398 	 3.0086315
0.025299933 	 3.1439977
0.022171456 	 1.5392632
0.04828016 	 2.6936362
0.001457322 	 2.5334342
0.0032880062 	 2.4297361
0.06433299 	 2.634328
0.061549664 	 2.3014722
0.061859936 	 1.4572672
0.053472817 	 8.228427
0.025331967 	 2.6000707
0.0046434756 	 6.9559526
0.019195147 	 2.0641685
0.010671732 	 2.96242
0.0011112902 	 2.2521155
0.0005847733 	 3.06121
0.0006419096 	 1.9378544
0.0013594327 	 3.2353423
0.0013403931 	 3.1590774
0.00013173494 	 2.5550203
7.504506e-05 	 3.3561418
0.0031975913 	 2.9542315
0.0003689612 	 2.6748624
5.9367987e-05 	 1.2732315
0.0010324083 	 2.9466686
0.016237425 	 2.7104745
2.8551032e-05 	 3.8701618
0.04369287 	 1.6442316
0.00044027722 	 5.468218
0.0016706825 	 1.8553609
0.0067062033 	 2.7509391
0.021047546 	 2.171167
0.07978832 	 2.805166
0.046403646 	 1.0726714
0.03580449 	 3.023341
0.044632293 	 2.5428364
0.035728693 	 0.9994724
0.0007971125 	 4.0775404
0.024903327 	 2.866312
0.031303525 	 2.0870888
0.010882488 	 1.6574209
0.034323055 	 2.3789277
0.024022665 	 2.9223073
0.05587124 	 1.9301034
0.04466146 	 2.6687312
0.003908813 	 2.9616282
0.005411938 	 1.7733624
0.007171716 	 2.2398129
0.013464752 	 1.0228544
0.039765276 	 2.2272627
0.0039988137 	 1.7061135
0.023418842 	 1.4611812
0.020555876 	 2.3685763
0.04638042 	 2.0587106
0.019497959 	 2.0701692
0.07629373 	 1.7860736
0.07449745 	 1.5582014
0.039894477 	 1.8657851
0.022487668 	 2.225757
0.010041235 	 2.8649597
0.03495313 	 1.1390438
0.04037595 	 2.121084
0.007045233 	 1.8601626
0.029697021 	 2.653365
0.018199971 	 1.8180038
0.008902843 	 2.3913236
0.024835622 	 1.8160211
0.00016410505 	 3.3610218
0.014230412 	 1.8974894
0.01068113 	 2.3507485
0.00016279354 	 2.4768004
0.0033137808 	 1.9338934
0.013681838 	 3.5880978
0.0076353434 	 2.8238482
0.020379875 	 3.7347367
0.011411804 	 2.5768085
0.010360198 	 2.2790968
0.04762526 	 3.1852622
0.028728701 	 3.237368
0.066728584 	 2.1117117
0.045386773 	 1.7583948
0.040576056 	 2.242976
0.03921101 	 3.2080772
0.014229385 	 2.6043632
0.02197872 	 3.1285453
0.022107286 	 1.4326305
0.000706505 	 2.7368073
0.0008941713 	 2.5376725
0.0034053426 	 2.5840404
0.021114994 	 4.404334
0.020988561 	 4.146785
0.0019165153 	 1.5656105
0.0023775925 	 1.9790488
0.0014049739 	 1.1158715
0.054242812 	 1.79332
0.013435936 	 2.949146
0.00050974963 	 2.1711276
0.0072621307 	 2.0968897
0.00846165 	 1.6502357
8.261545e-05 	 2.9335694
0.0021073956 	 3.3575838
0.010185018 	 1.2508569
0.0058575426 	 2.9314587
0.010772947 	 1.8701475
0.007186004 	 2.4102476
0.0013943494 	 2.640435
0.004186201 	 2.4692469
0.0040829573 	 3.2779582
0.011715404 	 1.5058552
0.001414345 	 3.886029
0.0029801982 	 1.6869266
0.133986 	 2.3162475
0.121530585 	 1.4878033
0.22282612 	 2.421333
0.20988846 	 1.3878509
0.041089714 	 2.1648586
0.07022585 	 2.5662684
0.044628054 	 4.147803
0.13538985 	 1.4906945
0.079388484 	 2.3653884
0.01529439 	 1.689525
0.028477354 	 1.3992442
4.0949228e-05 	 2.39761
1.4901173e-06 	 2.1609948
6.121585e-05 	 6.015797
0.029873995 	 1.8692842
0.052188467 	 1.9496143
0.005684288 	 3.0557823
0.0005356912 	 2.9489288
0.0005421916 	 3.2430964
0.024173295 	 2.9220657
8.41653e-05 	 2.501833
0.019627122 	 3.212037
1.7881395e-07 	 1.2504786
0.00018198954 	 5.6186624
0.012836295 	 1.6331048
0.001888627 	 0.9412875
0.016338598 	 3.6439457
0.00067823275 	 3.0175455
0.015069753 	 2.1627667
2.2053744e-06 	 1.6246765
0.58740056 	 2.0641093
-9.5367386e-07 	 1.8640805
0.018950619 	 3.2859557
2.4199779e-05 	 2.9595912
0.00012553525 	 3.056793
0.0015074642 	 1.9356334
0.09959587 	 2.2140265
0.06060334 	 5.323747
0.01695374 	 3.8358822
0.055794224 	 1.064365
0.120307624 	 5.1669583
0.18331872 	 3.8548574
0.06493291 	 2.9441793
0.030953834 	 1.7372965
0.116246566 	 2.2285874
0.019910425 	 5.009816
0.0416211 	 1.8179443
0.00030104877 	 2.9655821
0.124798894 	 2.2654445
0.046600275 	 3.1131978
0.00026682598 	 2.700184
0.010127334 	 4.7539525
0.019251352 	 1.5311083
0.029425725 	 3.1027696
0.044634786 	 2.530777
0.041437563 	 1.948327
0.059929054 	 2.120281
0.050464332 	 3.567045
0.121412665 	 2.1722455
0.18565866 	 2.0987465
0.25753886 	 2.1956825
0.2084595 	 2.873753
0.19322827 	 1.5086902
0.11802875 	 1.8355851
0.1522286 	 2.2571354
0.14519301 	 2.3605278
0.036218733 	 2.690067
0.02315272 	 3.85648
0.01871848 	 3.2015653
0.0057034106 	 2.0393343
0.09418182 	 5.10471
0.038360767 	 1.5282882
0.0049358625 	 3.303771
0.019495163 	 2.9446414
0.028600749 	 2.6308324
0.10827734 	 1.863128
0.14132006 	 2.0446668
0.19279754 	 1.4557045
0.12979215 	 2.4656663
0.29486194 	 1.2916394
0.19110036 	 1.125479
0.24582325 	 1.3547802
0.15286024 	 0.96954286
0.13050003 	 1.0340232
0.16536497 	 1.7783896
0.19459535 	 1.4194671
0.15350632 	 1.4086847
0.20645927 	 1.2752945
0.17083663 	 1.4523274
0.19138773 	 1.2382069
0.28547025 	 1.1557416
0.20263156 	 0.85537326
0.30647317 	 0.89465666
0.40486237 	 1.404459
0.36497468 	 1.322772
0.27403578 	 1.1710079
0.16414969 	 2.6112509
0.12409355 	 1.3534395
0.14998965 	 2.6647463
0.0039855884 	 3.400039
0.0029806765 	 3.5562544
0.0041170116 	 2.3103974
0.1226262 	 3.2836733
0.04520491 	 1.6347519
0.097555324 	 2.4773242
0.14964132 	 1.5527408
0.22913022 	 2.2973344
0.07844106 	 2.081247
0.12958288 	 1.7583503
0.13971756 	 1.8129245
0.091675475 	 2.094229
0.025053602 	 1.7571024
0.117338754 	 1.4383426
0.0453259 	 3.704824
0.0147456555 	 3.6289418
0.059186798 	 1.9009801
0.02220601 	 1.7668129
0.061806865 	 2.9642575
0.0477411 	 1.9075637
0.06890564 	 2.9665263
0.085938655 	 1.412111
Summary
-9.5367386e-07  -  0.9086379 ,  0.7269064  -  8.228427
accuracy:  99.7
equal predictions:  0
TensorFlow version: 1.13.1
Found 939 images belonging to 1 classes.
argN = 49
argN = 49
0.51258594 	 3.485671
0.7000007 	 3.8176587
0.7472833 	 2.5042956
0.61528075 	 1.283605
0.40904686 	 2.0410898
0.3589547 	 1.6080493
0.20098583 	 3.6250043
0.22289337 	 3.782234
0.036884945 	 3.1610923
0.20597498 	 1.997975
0.2101848 	 1.7627182
0.11431659 	 2.9011183
0.15204017 	 2.1661031
0.2448851 	 2.1976206
0.57350165 	 3.1026556
0.6067807 	 3.075685
0.42188808 	 1.7728211
0.4236809 	 2.5378566
0.3180703 	 1.9940213
0.41620117 	 1.911667
0.27831876 	 1.7635863
0.2592495 	 1.7141037
0.08240203 	 3.4497778
0.0529987 	 2.2946575
0.016742066 	 1.7251784
0.02358415 	 1.7548726
0.044291742 	 1.9903493
0.15929005 	 2.216485
0.20425962 	 1.1533521
0.07918801 	 4.8430996
0.2594122 	 2.7535548
0.7748529 	 3.236162
0.44799626 	 1.5999179
0.4011441 	 1.430069
0.05684622 	 6.4176435
0.14417513 	 7.1198583
0.121192425 	 0.5393667
0.3703668 	 3.893827
0.50045496 	 0.9267175
0.42831057 	 2.6504006
0.23444381 	 2.2102304
0.30537164 	 2.09783
0.5249574 	 2.9604032
0.59145844 	 4.999551
0.18463704 	 2.1399062
0.2577641 	 2.50437
0.18692711 	 1.4778513
0.24007551 	 2.4914675
0.17606845 	 2.6471684
0.13100864 	 0.5880603
0.051736675 	 2.2885041
0.005648502 	 1.081828
0.0008599282 	 2.2597349
0.25239193 	 2.2875876
0.312905 	 2.8041446
0.16928315 	 2.2227867
0.22765204 	 2.6093843
0.19962673 	 1.4269167
0.34086874 	 0.91983086
0.25355187 	 1.3054917
0.04715028 	 1.8412477
0.086695395 	 1.7312121
0.0010868851 	 1.8640263
0.0009415409 	 2.5646157
0.0004086137 	 2.962721
0.0002692108 	 3.2547946
0.020417348 	 2.2063482
0.042688143 	 4.2242894
0.04581037 	 1.80409
0.057629928 	 2.0312288
0.09566335 	 2.0066516
0.022357952 	 2.488273
0.117248476 	 2.4074872
0.33244178 	 0.9334279
0.14283602 	 2.4179854
0.11867278 	 2.8289416
0.089915864 	 2.0268402
0.28081265 	 4.2936063
0.17896366 	 3.1871212
0.3576775 	 2.030673
0.208792 	 1.0367764
0.1340106 	 2.5769253
0.13298039 	 1.8049161
0.15668719 	 3.0717015
0.231265 	 1.6595155
0.18781738 	 3.041336
0.22606067 	 2.5708568
0.35838965 	 1.9443911
0.14311755 	 1.8821975
0.0952221 	 2.5825424
0.15778378 	 2.0823488
0.001543401 	 3.991993
2.509387e-05 	 1.436836
0.047692962 	 2.7684994
0.07391115 	 2.1982203
0.15637156 	 0.66569996
0.06538708 	 1.3465865
0.11498464 	 2.0974183
0.18460585 	 1.5889435
0.064907156 	 3.1727092
0.072004475 	 8.205909
0.0038808691 	 2.5025198
2.6941663e-05 	 6.192172
0.0010687457 	 2.8218408
0.0961143 	 1.8392682
0.054294918 	 3.141057
0.067798465 	 1.8719898
0.054485615 	 2.2773657
0.04620662 	 0.8852896
0.0017906356 	 3.6911914
0.026411194 	 0.8594926
0.0024561624 	 1.6906899
0.0019171125 	 1.124413
0.0010063943 	 1.523253
3.1054504e-05 	 2.0116813
7.081283e-05 	 1.9352508
0.00020661105 	 1.4760199
0.000102346414 	 3.332808
0.00011075156 	 1.8702047
0.00012380652 	 3.8162036
7.0929777e-06 	 2.2025523
0.00043377746 	 3.067343
0.00016368776 	 1.5097568
0.011150366 	 3.2600632
0.00082526874 	 1.2974191
0.00088313466 	 2.8438313
0.038442776 	 1.8097429
0.0052173105 	 2.5165668
0.03801795 	 2.077222
0.0077674873 	 1.4017161
0.06388134 	 1.7160383
0.0049338858 	 3.4854958
0.03430282 	 3.2250953
0.00015969359 	 2.5649164
0.008382427 	 1.1846498
0.044051588 	 1.9904566
0.030193143 	 1.8927706
0.018128289 	 1.8937827
0.0025779426 	 2.0455723
0.0042406106 	 0.53879136
0.00067358045 	 2.2685885
0.023864852 	 0.8150697
2.5809144e-05 	 3.0353413
7.057439e-05 	 1.2693707
0.014135557 	 2.0981216
0.018220792 	 1.7885956
0.02062092 	 2.1758065
0.00012356807 	 0.99821854
1.4245612e-05 	 1.4609237
0.0033704152 	 0.8187338
9.655999e-06 	 2.9355834
0.00040306823 	 0.8551669
0.00017215303 	 2.8853428
0.00733352 	 0.6009902
0.00073591125 	 3.6129766
0.018800287 	 2.3375685
0.0003244211 	 3.6827652
0.003243575 	 2.4143188
0.020933963 	 2.4143481
0.0044930032 	 3.1890633
0.025393957 	 3.0723846
0.03130537 	 1.92955
0.021549687 	 2.3502245
0.02242671 	 1.267865
0.03236884 	 4.1553235
0.02098363 	 1.2653996
0.024009721 	 2.8004007
0.023688268 	 2.5793874
0.020429514 	 5.4642415
0.021879835 	 1.8988236
0.00038857857 	 2.0866685
0.010051832 	 2.0734823
0.0111230025 	 3.0732615
0.020927938 	 2.28855
0.00022300585 	 1.7566088
0.022239713 	 2.570376
0.0011886267 	 1.2084459
0.0027727145 	 2.7016923
0.00033622672 	 2.1089327
0.009224872 	 1.1913263
0.0013661772 	 1.266462
0.0013699972 	 2.4970047
0.0007298271 	 0.56289387
0.000425787 	 1.7478949
0.00049012987 	 1.924735
0.00021406318 	 1.4081358
0.00086774316 	 1.432958
0.00048178117 	 2.010969
0.00035948062 	 0.5345597
0.00010341941 	 0.94653255
0.00048100593 	 2.7618022
0.0022066722 	 1.7812368
0.0006579537 	 1.4226872
0.0019353867 	 2.2713504
0.0003378962 	 3.220743
0.0044323537 	 1.7702305
0.003336207 	 1.2273543
0.0010795458 	 2.647569
0.00093115994 	 3.0923953
0.0006834816 	 2.8411977
0.07813682 	 3.036642
0.22614877 	 1.5236585
0.16593981 	 2.0812485
0.013631082 	 1.9380344
0.04144067 	 2.6176307
0.057402838 	 1.6901854
0.029850842 	 2.708578
0.020837009 	 3.3353949
0.022624593 	 3.066295
0.009100174 	 2.3376477
0.0029027232 	 2.5793364
0.027018297 	 2.7761965
0.08990191 	 1.1768348
0.019924775 	 3.2759225
0.0008753196 	 3.1880672
0.0002662298 	 6.0682034
0.00012011057 	 3.9030113
4.768373e-07 	 4.0139294
1.4424428e-05 	 1.5084672
1.4245612e-05 	 6.716724
0.0007570867 	 3.8241093
0.014562629 	 0.9522622
5.620876e-05 	 1.6865332
0.009518722 	 2.4549046
0.03424052 	 3.0834422
2.8074182e-05 	 2.7086372
0.027433876 	 2.2705598
0.26207867 	 2.1446376
0.00056706055 	 3.2513268
3.3438766e-05 	 6.227284
0.041084312 	 3.331643
0.008572621 	 6.0062666
0.007467786 	 2.3899806
0.002153389 	 3.1636286
0.01685402 	 2.5475862
0.25668657 	 2.5195315
0.06434863 	 2.5291517
0.02287734 	 3.5490682
0.045299582 	 3.2001865
0.06557761 	 3.842966
0.015325681 	 2.2678077
0.056144703 	 1.9541671
0.11600918 	 3.2854013
0.055934966 	 4.7909408
0.073850244 	 1.3931315
0.03258268 	 1.4823612
0.0057725306 	 2.9316845
0.0013094173 	 2.8384376
6.6520995e-05 	 4.2834096
0.038279638 	 2.128469
0.030131835 	 2.0221639
0.023003219 	 2.7904136
0.011975843 	 7.195448
0.0003411756 	 3.7845163
0.005738839 	 1.6706898
0.033477265 	 2.8340206
0.05057436 	 1.7299442
0.035979025 	 3.464404
0.04117002 	 3.9165888
0.020212479 	 1.6625634
0.039830524 	 2.222406
0.024990775 	 3.798175
0.035908654 	 1.7832204
0.037961673 	 1.4469634
0.042419516 	 1.7969183
0.10151774 	 2.5227234
0.029715503 	 2.442013
0.1417324 	 3.1064277
0.09951284 	 3.3525925
0.026712649 	 2.0448768
0.06815471 	 2.9344301
0.05953138 	 0.9240903
0.08275704 	 2.4445784
0.06942569 	 1.3482674
0.012859963 	 2.2407885
0.021358896 	 5.280305
0.018135026 	 3.2861023
8.523501e-06 	 3.630018
0.0059133624 	 3.071982
0.0010159406 	 2.3119726
0.0033251434 	 3.2568138
0.021138249 	 1.1342497
0.03503831 	 2.5883398
0.18849725 	 3.0300508
0.13924596 	 1.3346632
0.18114068 	 2.6952624
0.19504164 	 0.8389505
0.13175307 	 2.946326
0.14151978 	 2.84764
0.32042745 	 1.8801591
0.26403895 	 1.5034348
0.15987588 	 1.022178
0.16884285 	 0.8111156
0.22026208 	 1.3791542
0.08015868 	 1.3215655
0.19313174 	 1.4792025
0.18606946 	 2.5779169
0.074555114 	 2.6692092
0.09305627 	 2.0401285
0.08206054 	 3.2623127
0.12013292 	 0.959995
0.026585016 	 1.6445171
0.014030193 	 2.8343308
0.06657567 	 2.3329916
0.05711862 	 2.2721272
0.074814595 	 2.0954404
0.0409141 	 2.0669124
0.060806453 	 3.0876048
0.08858824 	 2.0045426
0.046932302 	 2.3489845
0.046082467 	 4.173149
0.0914142 	 1.3149036
0.07670173 	 1.749118
Summary
4.768373e-07  -  0.7748529 ,  0.5345597  -  8.205909
accuracy:  100.0
equal predictions:  0
TensorFlow version: 1.13.1
Found 939 images belonging to 1 classes.
argN = 49
argN = 49
0.62656707 	 4.07072
0.68957096 	 2.2219186
0.5871806 	 3.5285816
0.27752954 	 2.184345
0.33771843 	 1.8779956
0.14245057 	 3.9402702
0.12501338 	 2.4841127
0.11943583 	 1.3332303
0.11868016 	 1.9523858
0.26515344 	 2.5737581
0.041986663 	 3.0143049
0.18213563 	 2.492574
0.069868356 	 2.2425168
0.06167987 	 2.5676832
0.24431625 	 2.342127
0.27598354 	 2.149462
0.27423382 	 0.935376
0.4387369 	 3.377241
0.526191 	 2.786065
0.25263944 	 1.2260273
0.37602827 	 0.77099836
0.09901027 	 2.0614083
0.0449709 	 3.2005405
0.23706718 	 2.2261078
0.0845107 	 2.784489
0.008444157 	 1.6382775
0.019687666 	 3.0731237
0.0018779376 	 1.7505546
0.002836073 	 2.5327716
0.079960376 	 2.2408118
0.38802034 	 2.1271632
0.30947712 	 1.4482322
0.592264 	 2.8238664
0.34844422 	 1.5786059
0.15712997 	 5.209279
0.30669045 	 4.29348
0.1305046 	 1.4984815
0.31302044 	 5.6883855
0.58803266 	 2.104524
0.3811841 	 0.85305095
0.26197907 	 2.1336737
0.010970527 	 5.0013123
0.29513773 	 4.138307
0.21415167 	 2.5818431
0.02751352 	 3.9755766
0.035896048 	 3.5735757
0.07226355 	 3.8172736
0.0048006186 	 2.1296666
0.03696751 	 2.297905
0.13978021 	 2.8683827
0.3189817 	 2.2327921
0.34356648 	 3.678235
0.20101213 	 1.9763573
0.06714921 	 3.284214
0.11098386 	 2.0193446
0.2273899 	 2.6813223
0.14658214 	 1.8699853
0.20119798 	 2.0878608
0.31224033 	 1.280094
0.23376994 	 1.248071
0.32444912 	 1.373421
0.037971828 	 1.9829596
0.054139867 	 2.5670943
0.05467024 	 1.2622482
0.043001886 	 3.315214
0.042471692 	 1.570366
0.053773172 	 1.1513851
0.00066982285 	 2.6223578
0.00058531004 	 1.2026341
0.03761101 	 1.3752524
0.070628434 	 2.0415874
0.15118584 	 1.2310342
0.24102858 	 1.6933081
0.044364393 	 1.2572908
0.14636242 	 2.2287686
0.06791673 	 3.3615131
0.042541724 	 2.7009091
0.1377381 	 2.185004
0.20377266 	 2.4496584
0.06957546 	 1.1147865
0.12788647 	 1.3866864
0.13855651 	 0.6974152
0.101069026 	 2.1049855
0.0074618408 	 4.359538
0.039023697 	 2.167954
0.18318047 	 2.0561852
0.058965612 	 2.7323446
0.0036612935 	 1.2600254
0.040511128 	 2.3461912
0.00012213738 	 1.5009253
0.015828166 	 2.18727
0.0010175516 	 2.0705194
0.022139646 	 2.9193685
0.0031312204 	 2.3428857
0.0012552268 	 4.8207498
0.0022539247 	 3.2495244
0.04476119 	 3.0925477
0.04690057 	 1.95135
0.017644666 	 2.3980753
0.010440843 	 2.789882
0.007678408 	 1.3751369
0.045089614 	 0.8640678
0.022388428 	 3.0980918
0.0269649 	 1.7170335
0.01574115 	 1.5639336
0.0023043458 	 2.6116576
0.015834646 	 2.5420449
0.00029806764 	 1.513889
6.5209606e-05 	 1.8986286
0.0011123642 	 1.5246598
4.1485695e-05 	 1.5053526
1.6331805e-05 	 2.6142094
0.0017313439 	 1.3983378
0.00024452814 	 0.458111
0.00030331442 	 1.997551
0.0006561047 	 4.391351
0.010797229 	 0.8184269
0.008261319 	 1.2689828
-8.344647e-07 	 1.7192329
0.006306285 	 2.224698
0.00029049563 	 2.2129643
0.012753223 	 3.5623534
0.046444356 	 2.461313
0.016327027 	 1.7919065
0.009628788 	 1.2003342
0.018957665 	 1.7736981
0.0046277866 	 1.7419522
0.020581126 	 3.104657
0.011602033 	 2.079172
0.00018652032 	 1.8288323
0.0013340069 	 0.589552
0.0008420316 	 1.9187083
0.0036801382 	 1.7022294
0.021192554 	 2.45341
0.0013486296 	 1.4483489
0.018222796 	 1.3580978
7.552194e-05 	 1.9854082
0.0020827272 	 2.2372868
0.0077773985 	 0.6489678
0.0006815729 	 0.70737106
0.00037713008 	 2.6787004
0.00087269465 	 2.0899546
0.000119395234 	 1.3114582
0.0025414906 	 2.105887
0.0026094958 	 1.3452079
0.0003285948 	 1.5598232
0.03921969 	 2.8047247
0.011361766 	 1.3808385
0.020486701 	 1.3405185
0.020627247 	 2.0323944
3.3438766e-05 	 2.0447779
0.020157924 	 1.5152068
7.9754194e-05 	 2.677601
0.015446981 	 2.1728873
0.0072716167 	 1.5121243
0.006604319 	 2.4491594
0.0025493784 	 2.7138915
0.0004151133 	 3.3825939
0.010240839 	 5.0653124
0.018099762 	 2.9665785
0.024161877 	 2.805712
0.03472039 	 1.4523753
0.016168002 	 1.975905
0.02125989 	 0.90822506
0.023878587 	 2.2013736
0.0292287 	 0.74372405
0.020727469 	 2.364291
0.02042045 	 1.0125855
0.030530153 	 0.9078726
0.0003155968 	 2.1117866
0.0005641979 	 1.1252859
0.003209969 	 2.6330926
5.6447192e-05 	 2.275254
0.00030420878 	 3.3211236
0.0020989736 	 1.81949
0.0004925749 	 1.6942073
0.02395618 	 1.2683005
0.00015695134 	 1.8026569
0.0005848926 	 2.8397229
0.004597667 	 2.2186282
0.00014473055 	 2.5887737
0.00010151186 	 1.2932152
0.0002144805 	 1.0334742
0.015144546 	 2.0914361
0.0013774579 	 1.0197517
0.00024631672 	 1.6063639
0.00079556153 	 2.5228133
0.004707791 	 2.6691766
0.00025335184 	 1.9370915
0.0010238164 	 2.2996728
0.0033861443 	 2.7039819
0.00091469387 	 1.8178004
0.0014769011 	 1.4474099
0.003425498 	 1.0436414
0.00065616437 	 1.1085933
0.0028423492 	 1.8680582
0.0007799925 	 0.8637959
0.001493854 	 1.4190923
0.00092441833 	 2.3401973
0.001108426 	 1.1036935
0.065837696 	 1.6797508
0.067034155 	 1.9665424
0.08049442 	 3.155208
0.005503752 	 2.8271897
-7.152555e-07 	 8.622594
-8.344647e-07 	 3.0643804
0.020436207 	 2.762005
1.4901272e-05 	 5.224376
5.4301305e-05 	 2.5050828
0.00036908046 	 5.2034183
0.0018524986 	 2.6961331
0.0010722661 	 3.4893181
0.051056735 	 2.8328965
0.012097643 	 2.5316002
3.576285e-06 	 0.9341275
1.1086526e-05 	 2.5243137
0.0005504812 	 2.172156
0.0 	 3.197009
1.0430867e-05 	 2.9398646
-9.5367386e-07 	 1.4004
1.4245612e-05 	 1.038752
-8.344647e-07 	 7.2180333
-8.344647e-07 	 3.8178215
0.02063242 	 1.4965984
0.0069895303 	 1.1893377
5.418209e-05 	 2.914368
8.2317405e-05 	 5.941776
0.0003155968 	 2.4444938
0.17791922 	 2.1350248
0.08999797 	 2.4123359
0.117159344 	 1.1146104
0.016865356 	 1.9589657
0.0054181106 	 1.9129515
0.020610394 	 2.805712
0.020618303 	 2.1833963
0.02064818 	 3.9553838
-8.344647e-07 	 1.8389754
0.0119974995 	 3.8775542
1.0967315e-05 	 1.8880448
0.23699594 	 1.4892927
0.0038096064 	 7.625623
0.010885621 	 5.676866
0.0425444 	 1.6615356
0.0356172 	 1.0192441
0.027691642 	 2.17516
5.6029934e-05 	 1.8452106
6.0200873e-06 	 2.6752768
0.01883266 	 1.4137077
0.011155911 	 2.0011826
0.020962022 	 1.3324928
0.030751653 	 1.586715
0.02206049 	 1.5172018
-9.5367386e-07 	 0.8981533
0.02827886 	 2.2778645
0.020899452 	 2.2706556
5.2453463e-05 	 2.3909283
0.021476362 	 1.336224
0.011477581 	 1.8955007
0.00034540895 	 2.8467274
0.0009843186 	 4.677903
0.027777864 	 1.5647819
0.05252757 	 1.8682142
0.095710374 	 1.3953037
0.042026754 	 2.9945636
0.05805293 	 3.0787916
0.09377841 	 0.9779793
0.19365412 	 1.6587532
0.022574417 	 3.8537743
0.04357233 	 1.9140041
0.15193984 	 2.296089
0.09031452 	 1.4139719
0.06624279 	 2.4919212
0.09200171 	 1.6558372
0.12331082 	 2.9257994
0.12615265 	 4.003533
0.094486006 	 2.317153
0.025031416 	 1.9742721
0.00088844413 	 2.5521834
0.0014179861 	 3.1934495
0.0013864706 	 3.1359556
9.7637174e-05 	 5.734971
0.05899362 	 2.3022566
0.22797571 	 3.1665983
0.19176117 	 3.4926944
0.18336411 	 1.0247972
0.16238491 	 1.5167929
0.19603044 	 2.2359154
0.23880824 	 1.3384945
0.13679071 	 2.509884
0.06928138 	 1.6422081
0.09391302 	 1.5880203
0.121055976 	 1.0388979
0.2833702 	 1.0661646
0.14470333 	 1.0733212
0.10654678 	 1.7759309
0.1230003 	 2.0212939
0.06294201 	 1.7959187
0.0052550584 	 1.6612402
0.025256285 	 3.440832
0.005298081 	 1.7288569
0.022229534 	 3.1176589
0.10038318 	 3.2265298
0.09200386 	 2.1249716
0.037873454 	 1.1350232
0.04285262 	 1.9632659
0.1034519 	 2.4353755
0.042907372 	 3.5516732
0.0005763045 	 3.5115786
0.06465093 	 0.87280035
0.024633633 	 2.5894032
0.038317043 	 1.3404418
0.052770145 	 2.8340216
0.08481708 	 1.7480004
Summary
-9.5367386e-07  -  0.68957096 ,  0.458111  -  8.622594
accuracy:  100.0
equal predictions:  0
TensorFlow version: 1.13.1
Found 939 images belonging to 1 classes.
argN = 49
argN = 49
0.21009603 	 2.0307693
0.51594 	 3.0781674
0.5304674 	 3.0427983
0.3267093 	 0.6473307
0.36668304 	 1.6349441
0.22897232 	 3.246957
0.18222395 	 1.2252141
0.11424255 	 2.8870287
0.17609183 	 3.36815
0.18523756 	 2.4704516
0.30386543 	 2.5622914
0.04469219 	 1.6228786
0.10810658 	 2.0322385
0.08931694 	 2.3684134
0.1218836 	 1.5510457
0.1420591 	 1.7827592
0.258575 	 2.3388472
0.32988027 	 3.2374363
0.7899194 	 2.8227487
0.29012957 	 2.3032856
0.44151184 	 1.0718207
0.61249954 	 1.419603
0.19604827 	 1.1929355
0.37640607 	 2.0236747
0.021787845 	 1.715383
0.23028578 	 0.5265248
0.21816465 	 3.0091062
0.5486738 	 2.479116
0.103253886 	 2.3165612
0.0688642 	 1.9259841
0.051329195 	 1.9599913
0.379625 	 2.3883414
0.46930704 	 1.4093527
0.4129429 	 2.2557006
0.37747675 	 0.7970781
0.25860634 	 3.4467752
0.34078777 	 4.2704544
0.38014883 	 3.6026807
0.0067665107 	 1.8866833
0.08303465 	 2.6928546
0.21405487 	 2.1376936
0.16186318 	 2.2838655
0.040440124 	 1.6760236
0.05687587 	 3.0983229
0.0007511217 	 2.9814029
0.001099177 	 2.1794298
0.01803998 	 2.0390947
0.14802095 	 0.97188497
0.12983206 	 3.4556782
0.18242687 	 1.5727651
0.1330738 	 2.3026745
0.085431956 	 2.4406846
0.11457757 	 2.2380264
0.22689335 	 1.7628376
0.104491815 	 1.311017
0.11465383 	 1.5679277
0.11228162 	 2.0774171
0.004047288 	 2.8134816
0.013637245 	 1.4700308
0.00023212742 	 4.0845346
0.0006497228 	 1.9864022
0.033963367 	 1.6654805
0.14256214 	 1.5197629
0.09691706 	 2.2309678
0.18915728 	 1.228823
0.047966197 	 4.564319
0.02471055 	 4.648208
0.2426578 	 1.4482756
0.2462121 	 3.0674481
0.17203048 	 2.7177923
0.20289466 	 0.88889176
0.2387508 	 2.3892713
0.17437981 	 2.664975
0.14685519 	 0.87672
0.115014195 	 1.9390789
0.023043351 	 3.7663677
0.021759763 	 2.1503081
0.05781406 	 3.098018
0.044780824 	 1.865211
0.10853402 	 2.3097908
0.14350449 	 1.8857474
0.18412149 	 1.3303627
0.10204877 	 2.2537699
0.0597091 	 1.951308
0.08926141 	 3.4395194
0.0035883118 	 2.0576088
0.0041358643 	 1.5939943
0.015323623 	 1.6775088
0.031031424 	 1.4680902
5.5135817e-05 	 5.317166
0.00032883327 	 1.615213
9.871017e-05 	 2.659331
2.6285994e-05 	 3.403951
0.014026687 	 5.0998206
0.021511013 	 1.2284172
5.6864446e-05 	 3.546842
0.00276871 	 3.469608
0.0009975042 	 2.1993482
0.0019288772 	 2.7530496
0.0008767513 	 0.9928538
0.06109058 	 2.297324
0.05242518 	 1.7045314
0.018611537 	 3.0890067
0.0058655166 	 2.118788
0.022318335 	 1.4095691
0.0012102295 	 2.1070824
0.0013784725 	 1.5030366
0.00022771567 	 2.3413603
0.0004244155 	 1.697761
0.00030200274 	 1.3347689
3.0994463e-06 	 1.7649641
0.0006494246 	 1.3243496
0.0065334016 	 1.0972382
2.0861648e-06 	 1.8148438
4.5299635e-06 	 2.0622647
0.001298376 	 0.83553565
-5.960463e-07 	 3.1408763
0.0034619225 	 2.5509212
0.0030985149 	 0.51204675
0.013808861 	 3.400037
0.00042489255 	 1.7681742
0.020837983 	 1.7879405
0.022638861 	 2.331058
0.002382671 	 1.9194732
0.00012022979 	 1.5045358
0.00025514042 	 1.4650735
0.023620034 	 2.3393009
0.017195234 	 1.5493532
0.000686941 	 3.5102696
0.010771019 	 2.7474241
0.024235949 	 1.5726626
0.0002766038 	 3.7214243
0.000419347 	 1.618615
7.212422e-05 	 1.6145563
0.016837168 	 1.9844606
0.00047253806 	 3.1581151
0.0029858777 	 1.1845152
0.024056 	 0.9646287
0.012090645 	 1.8518748
0.006100689 	 2.198916
0.008920343 	 1.8800845
0.00067817315 	 2.7901156
0.0068965596 	 1.164369
0.0036006346 	 1.7845141
0.0012276552 	 1.3335156
1.4782061e-05 	 3.152197
0.0011448856 	 2.8725162
0.021356216 	 1.7190837
0.0005449349 	 4.0817056
4.3393124e-05 	 2.4387116
4.5062126e-05 	 2.3366463
0.0008220474 	 1.1088729
0.0015958161 	 3.3170485
0.022155793 	 1.5151366
0.021010656 	 2.9152772
0.015208754 	 2.1759994
4.5538985e-05 	 1.948363
9.251069e-05 	 2.4141228
7.0335955e-05 	 1.4489188
0.0037391267 	 2.7217844
0.0009158274 	 3.6840076
0.0069023813 	 1.1829162
0.016071206 	 2.100204
0.021814223 	 2.0268028
0.025040584 	 3.4733393
0.020175926 	 1.499397
0.006791835 	 1.3076806
0.01870852 	 1.5149679
0.04633622 	 1.0200468
0.021230422 	 2.2887428
0.0007703887 	 0.790039
0.00037355247 	 1.8649094
0.0028819803 	 2.8984432
0.0078103174 	 1.6441855
0.00048124447 	 1.6512164
0.0023565022 	 4.381666
0.016986841 	 1.6206461
0.005084664 	 1.1846464
0.0010931505 	 1.2002991
0.0001744184 	 1.118411
0.0013143113 	 1.3456142
0.00038875744 	 1.5770729
0.0029168308 	 3.0303135
0.0002365392 	 4.502279
4.4346838e-05 	 2.1069026
0.017146483 	 2.148766
0.00053730136 	 2.4446945
0.0003651451 	 1.4361081
0.00056491356 	 2.0325541
0.0001028233 	 1.6949991
0.00024250109 	 2.5237143
0.00013185416 	 1.8382809
0.0003189357 	 1.6777022
6.032172e-05 	 0.8390948
0.00058876915 	 1.4561365
0.013370815 	 3.2967362
0.0037325455 	 1.0156406
0.009979285 	 1.3460474
0.0022347488 	 1.187896
0.0035801167 	 1.6017746
0.0007192098 	 2.2725341
0.0009125461 	 3.0180037
0.0042409697 	 2.1458476
0.0016890119 	 2.3649797
0.083068326 	 2.308055
0.119750015 	 1.3131835
0.02020883 	 2.0941553
0.03654325 	 1.6567795
0.019047877 	 0.72405624
0.008615967 	 1.4428452
0.0009342026 	 1.6307654
0.016357865 	 3.7441084
0.0014397132 	 1.4590861
0.0059114434 	 1.9578304
0.034254707 	 1.2629818
0.0018052651 	 2.642867
-3.576278e-07 	 4.031742
0.018557008 	 2.0763764
0.020364849 	 4.037949
0.002344135 	 1.7755276
4.3154694e-05 	 1.7083801
0.0013414674 	 2.2383416
0.012218189 	 2.6892657
0.01789567 	 0.7112746
1.4901173e-06 	 1.3930475
6.491157e-05 	 3.2126336
0.008820878 	 0.9103664
0.0014038995 	 2.8741994
-4.7683704e-07 	 1.6489342
1.4305125e-06 	 1.4935051
0.0035752116 	 4.567534
5.7220623e-06 	 1.2107711
0.025619337 	 1.6147033
2.2053744e-06 	 3.560907
0.16662341 	 1.5296031
0.015042705 	 2.0314727
0.019520449 	 2.6569018
8.088678e-05 	 2.5278823
0.018070327 	 2.7812898
0.0029531172 	 2.0042558
0.010749028 	 3.1881986
0.020655116 	 1.9906206
0.058466133 	 0.9079057
0.040526956 	 2.5137718
0.021156756 	 1.3878561
0.019229053 	 1.2376938
0.020638809 	 1.9112227
0.013330826 	 2.4878447
0.0015549823 	 1.8350875
0.001303091 	 1.5672837
0.02289289 	 0.86007446
0.00033336473 	 6.2230678
0.00646081 	 2.229965
0.0014320131 	 1.1174258
2.253081e-05 	 3.0162303
0.001403422 	 3.0905442
0.001403422 	 4.6451573
2.2411597e-05 	 6.1469345
0.015908647 	 1.877011
0.0040985774 	 2.7479665
0.012181806 	 1.7672899
0.024472488 	 3.3246818
0.005462998 	 1.683845
0.014505599 	 2.7980962
0.14205016 	 1.1003387
0.032651033 	 1.6963303
0.06446941 	 2.3337164
0.062314294 	 5.8862886
0.08581207 	 0.8624075
0.14192452 	 1.7896502
0.039694946 	 1.5769999
0.03802563 	 3.2105021
0.010845612 	 3.0762274
0.0009778152 	 1.3457905
0.00066606526 	 2.5001285
0.03006525 	 0.614441
0.0046578473 	 1.8927813
0.0054175113 	 2.5087569
0.0038734493 	 2.8463361
0.00027535175 	 2.7128255
0.00023504873 	 1.8955177
0.018722063 	 1.9549558
0.008343719 	 2.0357697
-4.7683704e-07 	 0.9687299
6.318292e-05 	 2.7467186
1.0192446e-05 	 0.989898
0.003716153 	 1.8597403
0.07714415 	 1.9096756
0.15501332 	 1.6680651
0.14551553 	 2.4969687
0.21338685 	 2.4608808
0.10734821 	 1.88603
0.06420536 	 2.6242561
0.036149517 	 1.100626
0.07276811 	 0.9263348
0.030240754 	 1.1648272
0.09180045 	 0.8426293
0.08756498 	 1.2476789
0.06387492 	 1.8806684
0.09678731 	 2.605017
0.0350251 	 2.2591305
0.087496676 	 2.000166
0.10860219 	 4.148331
4.750603e-05 	 3.1848445
0.06160906 	 1.5947144
0.09036013 	 1.2153298
0.051756825 	 1.718765
0.016516495 	 1.3375351
0.042064056 	 1.9075449
0.026239665 	 1.4623505
0.030288981 	 2.772403
0.0010430886 	 2.9982328
0.005878467 	 3.8446503
Summary
-5.960463e-07  -  0.7899194 ,  0.51204675  -  6.2230678
accuracy:  100.0
equal predictions:  0
