TensorFlow version: 1.13.1
Found 939 images belonging to 1 classes.
argN = 196
argN = 196
0.1725831 	 2.5865076
0.31467113 	 2.5519648
0.29846188 	 2.5716841
0.10019822 	 2.973713
0.075026974 	 2.7405982
0.0875711 	 1.3996708
0.06915534 	 2.5541892
0.0656503 	 3.1975734
0.06813455 	 3.4763572
0.095990226 	 1.3615631
0.099936225 	 1.785899
0.08303646 	 2.387965
0.14707509 	 2.7005835
0.17993405 	 1.9713374
0.17206664 	 4.5815053
0.13212395 	 2.9240358
0.2655806 	 2.9583755
0.19600049 	 3.5372202
0.2621969 	 2.0666978
0.16902952 	 3.461796
0.20031707 	 2.279006
0.18275541 	 2.9670463
0.109095514 	 2.0464056
0.042450674 	 1.859916
0.08518444 	 2.6196837
0.07408951 	 2.2663505
0.010269924 	 3.0955648
0.011113781 	 3.1479554
0.007917972 	 1.9752448
0.0052179694 	 3.4268982
0.0673221 	 4.1495852
0.05949216 	 3.2824275
0.18234533 	 3.485029
0.14334688 	 2.156238
0.07648893 	 2.5285418
0.24865642 	 2.219201
0.13515477 	 2.944375
0.19940747 	 2.2852805
0.29727125 	 2.8396494
0.020956788 	 3.0304778
0.17627367 	 2.4126766
0.17655703 	 2.843693
0.1975864 	 2.9674206
0.08316302 	 1.8039615
0.029915018 	 3.5097394
0.048157003 	 2.9078155
0.059641525 	 2.8776743
0.086172715 	 2.6226492
0.077026464 	 1.656443
0.1338672 	 3.0797193
0.096448876 	 5.259472
0.041166853 	 2.4550607
0.06803858 	 2.5877514
0.07183807 	 3.3384566
0.13954608 	 2.4727023
0.1385535 	 2.9552772
0.050392866 	 2.8425815
0.0523689 	 3.0337698
0.091003284 	 2.380471
0.038572054 	 3.4231899
0.010255472 	 2.7916572
0.040198103 	 2.2495189
0.11763297 	 2.9755082
0.06756159 	 3.0038235
0.046035655 	 1.7953364
0.17091794 	 2.7704132
0.03370891 	 1.8170116
0.050670728 	 2.6285028
0.07112782 	 2.7158675
0.078419395 	 3.30537
0.13227415 	 2.3950183
0.15878545 	 2.8906934
0.08305421 	 2.4491146
0.20528443 	 4.1789274
0.12994161 	 2.3221133
0.054766566 	 1.8818315
0.21526054 	 2.7299957
0.15796365 	 1.9482634
0.17331669 	 1.9476103
0.1659802 	 2.87556
0.070328094 	 1.3087186
0.03571918 	 2.7020488
0.08894252 	 2.4390764
0.13111593 	 1.8604108
0.05790507 	 2.0384972
0.07205098 	 2.9674368
0.06918818 	 3.365134
0.024953619 	 2.6090004
0.057872355 	 2.5356681
0.07358191 	 2.689071
0.07577691 	 2.850934
0.03909361 	 2.669222
0.04182406 	 6.450603
0.029585706 	 3.4901347
0.00511408 	 3.073808
-8.344647e-07 	 1.9642233
0.056128435 	 2.302175
-9.5367386e-07 	 3.6992195
0.012254755 	 3.6873562
0.00511408 	 2.3476348
0.025823176 	 3.486327
0.019359639 	 2.82012
0.01388356 	 4.5375476
0.02425952 	 2.1259706
0.011617349 	 3.2577925
0.042557646 	 2.7988763
0.010255472 	 1.6600971
0.018221702 	 2.2086375
0.0010957759 	 1.1164988
-9.5367386e-07 	 2.607239
-3.576278e-07 	 1.3272341
0.010248065 	 1.7125363
0.0051061115 	 2.969598
0.01520724 	 2.786772
0.00511408 	 1.850823
0.014648029 	 1.8968811
0.025839996 	 3.6683133
0.025516914 	 1.3603661
0.03931317 	 1.5882132
0.032122854 	 2.6203747
0.02380149 	 2.0211697
0.033814766 	 2.9823656
0.020829158 	 1.8527172
0.026565429 	 2.1669652
0.041055683 	 1.9401952
0.025310265 	 1.5841755
0.025888562 	 2.0406942
0.025556598 	 1.451442
0.031079812 	 2.2741969
0.034722734 	 2.2246435
0.020618243 	 2.0871296
0.025782809 	 2.4877362
0.010255472 	 2.9756823
0.020465348 	 1.9058895
0.0021704726 	 1.9633037
0.028914338 	 1.3533975
0.010255472 	 2.1470056
0.010255472 	 1.559327
0.01977624 	 1.9096028
0.014356538 	 2.7315469
0.02586275 	 1.6533084
0.03631546 	 1.4600452
0.025840119 	 3.4893923
0.018059645 	 3.134181
0.015422405 	 2.3341584
0.00511408 	 1.7512285
0.010255472 	 2.3838627
0.010040934 	 5.2579255
0.00511408 	 1.6772083
-9.5367386e-07 	 1.8443067
0.0051264213 	 2.14629
0.010315331 	 2.2232282
0.0053137806 	 2.3285785
0.005229773 	 2.3085153
0.020618243 	 2.4445043
0.0038657305 	 2.7890196
0.010257941 	 1.5645984
0.020618243 	 2.014442
0.025840485 	 1.2401909
0.020329447 	 3.3321502
0.013908823 	 1.4008168
0.025596345 	 1.4360377
0.024914265 	 1.5598385
0.009283226 	 2.259644
0.015419803 	 1.5631951
0.015834888 	 1.8533578
0.023010172 	 2.01326
0.010255411 	 1.8733952
0.030308949 	 1.4493135
0.010754752 	 2.9453166
9.1556925e-05 	 1.3936088
0.015786082 	 0.946057
0.031807214 	 1.3534534
0.033380073 	 1.2335267
0.014170923 	 1.3738308
0.011284 	 2.059849
0.02027008 	 1.7285359
0.02104511 	 1.6041929
0.010226145 	 1.2427069
0.017170252 	 1.2078568
0.015823262 	 1.6406893
0.019706937 	 2.3862388
0.0051257024 	 2.0361056
0.017110951 	 2.0457468
0.031093523 	 1.7339637
0.034721192 	 1.0035353
0.027188243 	 2.503729
0.0136814155 	 1.9944645
0.030739237 	 2.4368734
0.026461134 	 1.7540278
0.009774136 	 1.9071912
0.032829642 	 2.0158827
0.013471941 	 1.5491381
0.0057939924 	 0.9967047
0.014667928 	 2.157771
0.02029222 	 1.4510257
0.01614262 	 1.5396845
0.029133515 	 1.8271046
0.11110661 	 1.8056738
0.10226834 	 3.7754672
0.13419884 	 2.2424164
0.13516043 	 2.376357
0.18296401 	 1.989286
0.05393414 	 1.7330214
0.101930425 	 3.4863055
0.04672824 	 2.713168
0.025840178 	 1.2582318
0.03145999 	 2.3854518
0.020995623 	 2.5694818
0.038083337 	 3.3247912
0.036163356 	 2.101298
0.027510336 	 2.7131498
0.026241135 	 3.668374
0.048122477 	 3.08114
0.01914484 	 3.2107148
0.015422586 	 4.4894233
0.035689034 	 2.7895286
0.011069242 	 2.4020915
0.033733387 	 1.8548506
0.015423676 	 4.5780478
0.025391879 	 3.4863307
0.030869612 	 2.5054243
0.025868744 	 2.503665
0.010615526 	 0.7995113
0.016009606 	 3.6583455
0.021351406 	 1.8783308
0.02584183 	 4.584852
0.025814857 	 3.337228
0.020618243 	 2.1424794
0.0635658 	 3.020623
0.15287802 	 2.5681713
0.38201475 	 2.3938246
0.2427451 	 2.3277566
0.12238002 	 1.4625355
0.06965112 	 2.681337
0.05163656 	 2.7931259
0.062966384 	 2.3292675
0.06862739 	 3.4863074
0.06316249 	 4.4281664
0.04167162 	 1.9447161
0.031083748 	 2.8732572
0.0787245 	 2.608429
0.12569404 	 2.1841025
0.10231257 	 4.726157
0.1019656 	 2.109643
0.079616494 	 2.6677337
0.0753412 	 2.10376
0.06868848 	 2.138761
0.062500946 	 2.146135
0.05236689 	 3.331623
0.050467215 	 2.5752077
0.035449643 	 2.414379
0.046661664 	 5.2779193
0.031080795 	 2.2232447
0.051777977 	 4.1774926
0.05178658 	 2.6247144
0.03157687 	 2.3634558
0.03636466 	 3.263116
0.04131021 	 2.7931843
0.020538902 	 2.152546
0.14783436 	 2.537206
0.09569227 	 2.6989582
0.14909534 	 2.4020987
0.1429382 	 2.1787145
0.12845583 	 1.7784915
0.16013077 	 2.1837869
0.12626058 	 1.688801
0.032780923 	 2.4312556
0.0205243 	 1.8470937
0.029327454 	 2.3080316
0.020616904 	 2.6846375
0.015477187 	 3.8917718
0.025721282 	 3.3521855
0.025761891 	 2.8395975
0.05236639 	 2.749324
0.031082148 	 3.408359
0.0363162 	 3.212733
0.040634837 	 3.8918068
0.03084822 	 3.200267
0.03633635 	 1.7198149
0.052269164 	 3.0745726
0.07961056 	 1.1989166
0.09921094 	 3.2706783
0.09575583 	 4.538729
0.09964058 	 3.5745916
0.16011986 	 1.7225952
0.19371445 	 2.433211
0.1904203 	 2.5068593
0.21140923 	 2.2727964
0.1515583 	 2.5407689
0.16970578 	 1.7713785
0.17473951 	 2.2438638
0.079883546 	 2.4617016
0.20233284 	 1.6612698
0.12767497 	 1.5967683
0.14021702 	 1.7678382
0.08977417 	 2.8287086
0.1111274 	 2.7743022
0.052521918 	 4.1794376
0.036400262 	 2.4351358
0.036589496 	 2.2479632
0.031089528 	 1.8129096
0.039205678 	 1.5769652
0.040677983 	 3.2999954
0.057815894 	 2.1081536
0.13056666 	 2.1504827
0.09880694 	 1.6368334
0.090231545 	 3.5029874
0.08279919 	 2.7953596
0.07263049 	 3.4425786
0.10682332 	 2.115992
0.106939256 	 1.8759997
0.07396191 	 1.472455
Summary
-9.5367386e-07  -  0.38201475 ,  0.7995113  -  6.450603
accuracy:  100.0
equal predictions:  0
TensorFlow version: 1.13.1
Found 939 images belonging to 1 classes.
argN = 196
argN = 196
0.500941 	 2.8040442
0.39546874 	 2.6513677
0.2382125 	 2.699818
0.12577696 	 3.8648512
0.12682852 	 3.3118951
0.10694337 	 3.2960696
0.09068815 	 3.3646631
0.14949097 	 1.7670072
0.16748188 	 2.3994324
0.15147673 	 2.5701127
0.1431053 	 1.5384102
0.10848572 	 2.712777
0.15907967 	 2.7075312
0.13957527 	 2.5132685
0.15222588 	 4.569689
0.14842127 	 2.8446324
0.21139236 	 3.8449066
0.16514657 	 3.8917396
0.07645084 	 3.2188652
0.08069845 	 2.377725
0.015423434 	 9.853593
0.0051149186 	 2.2817576
0.00511408 	 3.891763
0.04237916 	 2.9123304
0.12457655 	 2.2046995
0.16660877 	 5.1084695
0.16139483 	 2.7170568
0.25715283 	 3.11356
0.077746585 	 3.0952053
0.16320172 	 3.185973
0.20162565 	 2.9777865
0.3404743 	 2.6110399
0.29466993 	 3.4830554
0.25733683 	 4.415903
0.24897137 	 2.3624148
0.23793814 	 2.4024768
0.27545574 	 2.4081879
0.27187815 	 2.7787678
0.38004467 	 2.236309
0.15388103 	 2.341457
0.17964838 	 2.5935287
0.13326386 	 3.8906188
0.1416868 	 2.8656566
0.047503367 	 5.2791348
0.05106922 	 2.5646405
0.060462065 	 2.8052626
0.05824176 	 3.0554545
0.037438106 	 3.6083245
0.04101544 	 2.263295
0.05701967 	 2.2212036
0.067732066 	 2.2717347
0.058684427 	 2.3995454
0.05989735 	 2.362409
0.08984263 	 2.721632
0.13058202 	 2.803638
0.04161619 	 4.3550587
0.07383196 	 2.4277346
0.06961278 	 3.3356225
0.042303048 	 2.563514
0.07459968 	 2.820014
0.032804202 	 3.2793012
-8.344647e-07 	 1.939399
0.009915774 	 3.1133616
-9.5367386e-07 	 2.3881304
-9.5367386e-07 	 2.7931697
-9.5367386e-07 	 3.2530522
-9.5367386e-07 	 2.9833035
-9.5367386e-07 	 2.910114
0.13938423 	 2.7918973
0.3183421 	 1.9740759
0.31333596 	 2.4927874
0.22457977 	 2.8380668
0.25749233 	 2.657768
0.21962227 	 1.7433137
0.11684269 	 2.0102253
0.1524051 	 3.0717478
0.37297407 	 3.1648927
0.14072907 	 1.3338305
0.21313904 	 3.1853328
0.23447253 	 2.1933377
0.2542413 	 2.7803628
0.16433695 	 3.4238005
0.07526582 	 2.709979
0.04134102 	 2.6644192
0.03633907 	 3.0859635
0.051038608 	 2.7681851
0.08980097 	 3.0428095
0.13132049 	 2.0990543
0.06983448 	 2.5070457
0.057690103 	 3.0674098
0.047431305 	 4.174415
0.02566086 	 3.330438
0.030978734 	 3.113037
0.01742684 	 1.6424736
0.020735987 	 2.5835998
0.035156533 	 2.438336
0.014396023 	 2.743275
0.010254629 	 3.983807
0.01050246 	 3.2722802
0.017166674 	 5.1216497
0.010255833 	 4.584502
0.015813513 	 2.4477704
0.015421557 	 2.097786
0.010255472 	 2.1031504
0.020618303 	 1.9293747
0.020618243 	 2.6576557
0.0054291375 	 1.3111291
0.010255472 	 2.350871
0.008303209 	 2.286899
0.0047528264 	 2.663119
-9.5367386e-07 	 1.4944177
0.010256254 	 2.045802
0.007659368 	 2.1026807
0.01109558 	 2.7131715
0.010255472 	 1.270663
0.015423434 	 1.7380127
0.020633576 	 1.4785086
0.010331411 	 2.503734
0.015405699 	 2.0152478
0.025382403 	 1.1960175
0.023730686 	 1.6491162
0.021005908 	 1.7111286
0.036269225 	 2.7898479
0.042462986 	 2.157705
0.036369048 	 2.1070516
0.036692996 	 1.7683939
0.022706356 	 3.012548
0.038499452 	 1.187254
0.014465383 	 3.2483313
0.03441355 	 1.3667008
0.031043105 	 3.162238
0.02301981 	 2.0186138
0.031056816 	 1.8203397
0.015513751 	 3.890613
0.015448978 	 1.9546704
0.019885495 	 2.9008255
0.016917912 	 4.1794376
0.020616053 	 2.870867
0.008514729 	 1.6067728
0.020826116 	 2.2509577
0.0051183933 	 2.303853
0.017558888 	 2.781364
0.019750342 	 1.2297907
0.022959977 	 1.4998275
0.0051141996 	 1.4212533
0.01792765 	 2.0360086
0.012755457 	 2.0340495
0.015580646 	 1.5087603
0.017093003 	 1.5077581
0.019201223 	 2.9616513
0.016838865 	 1.680779
0.006072144 	 1.9378076
0.010255472 	 2.7909915
0.010255472 	 2.188989
0.012080931 	 1.9588
0.00511378 	 1.1879703
-1.1920928e-07 	 2.14136
0.01619726 	 2.3507898
0.000108903616 	 2.8569174
-9.5367386e-07 	 2.6592612
0.009901627 	 2.442654
0.015365507 	 2.1428003
0.031114183 	 2.9313035
0.025840178 	 1.4188185
0.025840424 	 2.6208727
0.039220247 	 1.6053296
0.041158095 	 2.4672294
0.04629058 	 1.9938082
0.015423797 	 1.1191698
0.03108805 	 1.8066088
0.025836326 	 1.7169874
0.015423434 	 5.277207
0.020618243 	 1.6953621
0.015154168 	 2.0755303
0.0076197875 	 2.2808058
0.0140216695 	 2.6985338
0.01648541 	 1.2548957
0.04702414 	 1.2538959
0.02212825 	 2.108156
0.018610809 	 2.2918532
0.02640532 	 2.779916
0.034549527 	 3.2665453
0.017749077 	 2.5308285
0.02566245 	 2.023233
0.029821305 	 3.2316496
0.016844988 	 1.4275345
0.010257098 	 2.912066
0.02059068 	 3.5534728
0.015332945 	 1.6834893
0.025817549 	 2.2425332
0.005082388 	 2.6345985
0.015830286 	 2.1643996
0.041465458 	 2.192164
0.024134887 	 2.0251176
0.009906322 	 2.0514069
0.13950188 	 1.4086959
0.09705636 	 2.2591424
0.12277883 	 2.3926454
0.08976113 	 2.2907987
0.08082885 	 2.584252
0.03738149 	 1.6568632
0.025839873 	 5.3407655
0.02614458 	 2.8424947
0.015423434 	 1.5442245
0.031109326 	 1.6393313
0.041649807 	 2.6902928
0.057749964 	 3.1980302
0.0576555 	 3.104039
0.04919473 	 2.7925947
0.024129514 	 1.9318122
0.020548211 	 1.2723688
0.011180925 	 4.2970386
0.046820365 	 3.1930456
0.015423434 	 2.389589
0.010255833 	 1.3267157
0.02560564 	 2.7929935
0.0154437125 	 2.7932136
0.025802808 	 5.2779193
0.022272136 	 1.1163373
0.020619825 	 2.9244308
0.031089405 	 2.7131472
0.015423555 	 2.3877268
0.06999543 	 2.8991616
0.14249855 	 2.9461591
0.05256558 	 5.2779193
0.04464251 	 2.582809
0.036366574 	 1.3069994
0.06390421 	 3.994854
0.07152328 	 3.2074995
0.06397252 	 3.0059
0.35366368 	 2.401744
0.036260698 	 3.4822524
0.08516055 	 5.2147794
0.10196382 	 2.7109516
0.10231423 	 3.6793208
0.085059896 	 1.8441695
0.07967626 	 2.6410594
0.063526995 	 2.4448895
0.055731073 	 3.4936726
0.06306707 	 2.386978
0.06317589 	 2.569675
0.06834545 	 2.5052469
0.046969723 	 2.7127957
0.0117522525 	 2.6657639
0.04018594 	 2.6383348
0.015408847 	 4.1794376
0.010255472 	 2.8791363
0.010255472 	 3.6934762
0.010255531 	 2.7923212
0.020383403 	 2.783315
0.028583577 	 3.3117316
0.0363667 	 5.2779193
0.028033938 	 2.5700512
0.03075448 	 1.7805631
0.047975637 	 2.4582655
0.051823553 	 2.1426342
0.043297365 	 2.8094285
0.041658197 	 3.8809748
0.046991713 	 1.4443525
0.043057267 	 3.2398546
0.054106772 	 2.2410653
0.058732085 	 3.1251054
0.09550398 	 2.7331638
0.13407186 	 3.080312
0.13356818 	 2.0537612
0.13438018 	 2.1574612
0.13067628 	 1.495904
0.13087335 	 1.7828184
0.16192143 	 1.9295586
0.11908166 	 2.4158957
0.07648372 	 3.3335814
0.037537366 	 4.3869233
0.01349085 	 2.675468
0.010236141 	 2.602178
0.015789775 	 1.4482172
0.00511396 	 2.5694585
0.0003249577 	 2.8724496
0.02245792 	 1.493672
0.0313975 	 1.3740374
0.06867891 	 1.9242767
0.07444724 	 3.4863172
0.19298273 	 3.3412905
0.15412425 	 2.131103
0.14353243 	 1.4252377
0.18918939 	 2.25876
0.18846487 	 1.8501763
0.16113381 	 2.0013387
0.13555816 	 1.8195771
0.12744284 	 2.0886598
0.15312946 	 2.1472163
0.09617198 	 3.214215
0.08512849 	 2.85973
0.047001585 	 2.6303558
0.044654917 	 2.371733
0.041662112 	 2.2706661
0.05239051 	 5.2778025
0.029768065 	 3.5879145
0.03603958 	 3.9429193
0.03100345 	 1.9495091
0.013192509 	 2.5675697
0.046951793 	 3.4821455
0.052114557 	 1.6393243
0.06910374 	 2.975416
0.097581014 	 4.178414
0.07962501 	 3.0788498
0.07438727 	 2.6749551
0.10464402 	 3.0684605
0.053251006 	 1.9449108
0.095103644 	 2.300999
0.07069419 	 2.884742
0.057356693 	 2.8773725
0.06150713 	 5.2774053
0.04701052 	 3.8288121
Summary
-9.5367386e-07  -  0.500941 ,  1.1163373  -  9.853593
accuracy:  100.0
equal predictions:  0
TensorFlow version: 1.13.1
Found 939 images belonging to 1 classes.
argN = 196
argN = 196
0.15969993 	 3.3795586
0.20378895 	 2.917098
0.18839376 	 3.014419
0.17270975 	 2.372152
0.16712564 	 3.844834
0.12220246 	 3.1414707
0.18855475 	 2.5623534
0.49943557 	 2.5371125
0.680732 	 2.5628874
0.48942888 	 2.0329127
0.32709587 	 3.715457
0.06878361 	 3.332177
0.10871428 	 2.4471138
0.13597694 	 2.1323462
0.28788754 	 1.3063847
0.1499157 	 1.8281636
0.102672875 	 2.4900184
0.19438307 	 3.6057212
0.18669957 	 2.5698385
0.18811114 	 2.651665
0.21120586 	 3.4122279
0.23886599 	 2.5198522
0.19347444 	 3.6685026
0.37413743 	 2.5833344
0.35249978 	 2.7342856
0.35238352 	 2.0956514
0.29380742 	 3.66829
0.13489588 	 2.793128
0.0741071 	 2.8667154
0.018708033 	 3.891763
0.005115458 	 3.7942097
0.015410964 	 4.1893616
0.04629214 	 2.7131076
0.23434481 	 2.785956
0.2339238 	 1.7760403
0.34231406 	 2.1716828
0.40867385 	 1.7984822
0.084904544 	 2.573473
0.32711446 	 3.4624763
0.26922277 	 2.7559183
0.34878454 	 3.7382174
0.23714659 	 2.7338114
0.12480092 	 2.8156846
0.1740692 	 2.357796
0.14257395 	 3.2373726
0.020604065 	 3.669414
0.045927376 	 2.2705033
0.12013037 	 2.0563943
0.080166556 	 3.4557745
0.10126628 	 5.2779193
0.11275962 	 2.443005
0.05970587 	 2.4442527
0.069780596 	 1.9829813
0.18490885 	 3.6465843
0.13472004 	 3.6626468
0.025820117 	 2.834199
0.031089528 	 2.4685435
0.06721844 	 2.4547305
0.05775786 	 3.6655028
-9.5367386e-07 	 3.8101964
0.0050675306 	 4.179235
3.0279618e-05 	 7.5747623
0.025841707 	 3.2017689
0.020620007 	 1.9465706
0.51069856 	 2.4564106
0.3704939 	 2.9858134
0.33565587 	 2.0630984
0.14422132 	 3.3424346
0.18977442 	 3.1989572
0.30576372 	 3.2198327
0.2559479 	 2.5860207
0.2685372 	 2.5386155
0.24548155 	 2.463127
0.1784323 	 3.050597
0.21503244 	 3.485204
0.06572401 	 1.9685683
-9.5367386e-07 	 1.56614
-9.5367386e-07 	 3.075561
0.051912133 	 2.5766609
0.03840363 	 2.791309
0.06862585 	 3.480805
0.07917975 	 3.0419977
0.015423434 	 4.179021
0.0240259 	 3.5748024
0.009969231 	 3.174786
0.031889174 	 2.7503793
0.037620295 	 3.2106144
0.020554721 	 2.8354108
0.02491121 	 2.6417763
0.020589098 	 3.4863229
0.020243073 	 3.9609015
0.00511408 	 2.4451625
0.015751567 	 2.193536
0.020562692 	 2.0945222
0.02583975 	 1.9022087
0.025828985 	 2.7319698
0.025303785 	 2.4987576
0.010465839 	 1.7784679
0.014227088 	 1.2289257
0.00977853 	 3.3314798
0.010253846 	 1.6200254
0.009687286 	 3.0811648
0.009835713 	 1.2698643
0.0048864465 	 2.5387673
-9.5367386e-07 	 2.5080364
0.0047386326 	 2.4306583
-9.5367386e-07 	 2.385189
0.010255472 	 2.0225773
0.0051141996 	 3.1966636
0.0064176177 	 1.4638973
0.020759234 	 2.385569
0.0070778877 	 1.824118
0.015416231 	 1.6873431
0.025840178 	 2.3665943
0.014578293 	 2.1044607
0.027417948 	 1.4616625
0.04812548 	 2.1937344
0.015423434 	 1.8794062
0.04171748 	 3.4569159
0.034314416 	 2.117475
0.018423613 	 2.8646293
0.02584024 	 1.6257652
0.02130866 	 1.3146675
0.025839567 	 2.0219004
0.016013907 	 1.5731571
0.010279499 	 1.6033368
0.015413507 	 2.5007389
0.016267775 	 2.1102257
0.0113073895 	 1.8108555
0.011683321 	 3.1111703
0.020618303 	 1.4938797
0.0063852244 	 2.5014212
0.00511408 	 2.1814597
0.013013873 	 1.9121424
0.013000709 	 1.5290258
0.015407212 	 2.5676908
0.0300795 	 2.8718565
0.021757448 	 2.5911398
0.021338558 	 1.9024903
0.015129659 	 1.8865236
0.016141651 	 2.0302873
0.01810298 	 2.0030377
0.016171332 	 2.3643284
0.017664382 	 2.2198071
0.02199651 	 2.018766
0.025223522 	 1.9724461
0.041343447 	 2.2177348
0.02061806 	 2.4907737
0.032992817 	 1.562444
0.009654846 	 3.3773613
0.00511396 	 2.7185047
0.004781154 	 2.040909
0.0012805313 	 2.292869
3.5762793e-07 	 1.8443437
0.010255291 	 1.9559727
-9.5367386e-07 	 3.9097772
0.00029943895 	 1.7877959
0.015107512 	 1.3396705
0.00952137 	 3.4863017
0.010255531 	 1.8350585
0.00511408 	 1.5538464
0.008528015 	 1.8297917
0.010255531 	 1.8924028
0.014875778 	 2.2674065
0.024718555 	 3.3308911
0.047004957 	 2.444887
0.035431426 	 2.8789358
0.02582654 	 2.2823615
0.03066001 	 1.4494426
0.013136584 	 1.553664
0.018633034 	 1.877686
0.014373831 	 1.9542496
0.015423434 	 2.261896
0.010279138 	 1.9457713
0.01538754 	 1.9762206
0.010255472 	 2.104073
0.017560527 	 2.8461268
0.0051141996 	 1.7778188
0.009434361 	 2.0484712
0.010266552 	 2.5806067
0.020446366 	 1.653845
0.007756014 	 1.9285694
0.031881236 	 1.6594262
0.03555117 	 1.5933222
0.035673965 	 1.7481691
0.029276634 	 2.7796202
0.020634672 	 1.326132
0.020597251 	 5.228681
0.006518583 	 1.7056441
0.01024385 	 2.018542
0.015422586 	 2.6284516
0.0012910352 	 1.7852908
0.028926425 	 1.5545988
0.010159005 	 3.3114555
0.0050539915 	 2.697154
0.020484086 	 1.8915883
0.014328542 	 2.519875
0.01521305 	 1.4044763
0.14769734 	 1.7456332
0.10722499 	 3.0809493
0.00511408 	 1.5978479
0.0142844645 	 2.9690187
0.015423737 	 2.3877144
0.044962294 	 5.2779193
0.043312117 	 3.092591
0.036419425 	 13.815511
0.041204676 	 3.4863386
0.037325867 	 4.58487
0.058753133 	 2.122609
0.04771397 	 2.621167
0.026597748 	 3.0181549
0.02027014 	 2.3975372
0.03960936 	 2.1916223
0.010255472 	 2.7695162
0.01634599 	 2.880199
0.031002097 	 2.4792042
0.038143646 	 9.585603
0.015356126 	 1.4929285
0.04733006 	 2.713138
0.046795007 	 1.5618262
0.032991584 	 1.5372643
0.28967175 	 2.0186043
0.46302417 	 2.0908084
0.059615903 	 3.6649346
0.10211075 	 2.633856
0.057736326 	 2.7786343
0.05236689 	 3.8917484
0.04705544 	 4.1933928
0.04695573 	 3.4863229
0.068156175 	 3.8671253
0.23679712 	 1.9505213
0.100986995 	 3.355359
0.047006957 	 2.7928612
0.031456918 	 3.6701648
0.15859789 	 4.5847473
0.09283021 	 3.0168548
0.1076324 	 3.4863229
0.123524316 	 1.2891216
0.08461773 	 2.7433193
0.0469701 	 1.4644607
0.05229906 	 1.88012
0.054887205 	 3.2093487
0.04606549 	 2.0850306
0.031118304 	 1.1232831
0.04681368 	 4.093481
0.027264867 	 2.428614
0.0051309145 	 1.177419
0.036366574 	 3.5670745
0.031089528 	 3.1350808
0.031089528 	 2.5893278
0.020618243 	 3.0139139
0.041671496 	 2.9755104
0.043064795 	 2.0194066
0.04843712 	 2.5054493
0.040046215 	 2.9577553
0.04162899 	 2.2410927
0.046348393 	 2.5063732
0.12506431 	 2.2018015
0.12967333 	 2.1348665
0.12400401 	 1.4533403
0.14513499 	 1.9489411
0.15370551 	 2.2298503
0.14974558 	 1.5700161
0.16687982 	 1.8556967
0.14678533 	 1.7082821
0.10193847 	 2.504523
0.15733868 	 1.8152292
0.108157724 	 2.8927207
0.121795535 	 0.78203917
0.10377744 	 1.8826635
0.074840546 	 1.6372461
0.031013163 	 5.2776275
0.031124145 	 2.4582224
0.025840424 	 3.0794096
0.031210478 	 4.179418
0.025839811 	 4.58487
0.023914788 	 3.9535835
0.005338289 	 3.1742544
0.041764524 	 2.7131436
0.026078077 	 2.3336623
0.031108772 	 2.5631435
0.031125497 	 2.51751
0.08005148 	 1.9943353
0.09071125 	 3.1985192
0.16519298 	 1.9178325
0.14848046 	 3.0444126
0.24181461 	 2.4105895
0.19917525 	 1.9588499
0.2180012 	 2.0540235
0.22554117 	 1.6641732
0.16574028 	 1.5168271
0.19933967 	 1.5386262
0.13584311 	 2.0946114
0.13176586 	 1.8426067
0.1594137 	 2.1017222
0.13245472 	 2.1054504
0.1345812 	 1.9579804
0.12460977 	 3.0353227
0.09047346 	 3.668638
0.07961669 	 1.0858583
0.07410691 	 1.445059
0.09071875 	 2.4870543
0.048333395 	 2.7065334
0.06304275 	 4.174152
0.03641887 	 1.9690504
0.031007506 	 3.6680586
0.01585354 	 3.0140646
0.051835667 	 2.3796473
0.08018974 	 2.3427255
0.11806423 	 3.047215
0.09642348 	 2.8639677
0.068815604 	 2.5204463
0.084605664 	 1.6201845
Summary
-9.5367386e-07  -  0.680732 ,  0.78203917  -  13.815511
accuracy:  100.0
equal predictions:  0
TensorFlow version: 1.13.1
Found 939 images belonging to 1 classes.
argN = 196
argN = 196
0.3634881 	 1.3990234
0.28982887 	 1.5300303
0.20969921 	 1.7769287
0.18046243 	 1.9799635
0.079993114 	 2.2388196
0.035764214 	 1.6924497
0.06805479 	 1.8099287
0.12936503 	 1.3658357
0.05148544 	 2.49589
0.07124693 	 2.0009644
0.012962849 	 2.6765096
0.11432808 	 2.0916996
0.29031506 	 1.395412
0.348658 	 1.2461097
0.19409542 	 1.5101064
0.37023818 	 2.240043
0.34911525 	 2.4463522
0.13372399 	 1.9570307
0.15833926 	 1.7466809
0.17986798 	 1.4642009
0.3229082 	 1.399365
0.09888873 	 2.0451248
0.06855595 	 2.0371907
0.036363177 	 2.0111234
0.03833618 	 1.8897489
0.04724026 	 2.3828309
0.049996648 	 1.8172694
0.3338585 	 1.8902752
0.42530638 	 1.9198763
0.3946829 	 1.4683247
0.3290417 	 1.6686878
0.15164728 	 2.131132
0.15722999 	 2.437438
0.30681747 	 1.7269875
0.29458877 	 1.3839056
0.39009547 	 2.4481611
0.45119622 	 2.239661
0.30874416 	 1.4612232
0.30260018 	 1.3727093
0.3995957 	 1.8873768
0.31277877 	 1.4739187
0.36723474 	 1.8996806
0.3987054 	 1.3132011
0.25998437 	 2.0153897
0.28552228 	 1.2905045
0.19221854 	 1.9697188
0.09680142 	 1.9538693
0.0733504 	 2.0461965
0.14341526 	 1.5453609
0.19743848 	 1.2503911
0.29545245 	 1.2748355
0.29087013 	 1.5281329
0.1444697 	 1.8353775
0.2854629 	 1.9428717
0.287122 	 2.652798
0.2167786 	 1.5707275
0.17583868 	 2.0564144
0.24025452 	 1.420229
0.124235 	 1.6409057
0.07602056 	 1.5025603
0.044329125 	 1.640301
0.00043854793 	 1.7012498
0.005223422 	 1.9142474
0.020624815 	 2.4181519
0.12086097 	 2.1056387
0.22529049 	 2.6803617
0.2668408 	 1.703242
0.23810889 	 1.6184806
0.23274921 	 2.864026
0.2049155 	 1.5914667
0.35321435 	 2.865282
0.27898347 	 2.1663575
0.24927227 	 2.1805608
0.12843081 	 1.3782296
0.13720241 	 1.7393346
0.1767342 	 1.4679763
0.10945095 	 1.7443752
0.024573278 	 1.900168
0.10099972 	 1.7032335
0.10855017 	 1.3596355
0.07892308 	 1.659711
0.09920929 	 1.7464095
0.08920628 	 2.0901413
0.054912895 	 2.3792636
0.08740326 	 1.9466391
0.070308015 	 2.521477
0.06866371 	 2.2588153
0.049935494 	 1.9014721
0.10165108 	 1.5904915
0.07703258 	 2.2174895
0.06408461 	 1.7300384
0.07227655 	 1.7815174
0.066410616 	 2.288098
0.053787008 	 1.5990787
0.044147644 	 1.5853399
0.05210677 	 1.2455289
0.015429124 	 2.00457
0.031031916 	 1.9155989
0.032430716 	 1.5063931
0.07190577 	 1.2902344
0.05777472 	 1.4193873
0.0422492 	 2.3998942
0.048480414 	 1.1167315
0.06995931 	 1.891624
0.07334976 	 1.560365
0.07198455 	 1.3284423
0.052372042 	 1.7793428
0.07901538 	 1.2479898
0.1123091 	 1.4956644
0.094156146 	 2.4648583
0.114643544 	 1.7940247
0.13844828 	 1.7363026
0.15309285 	 1.0274571
0.14750832 	 1.5419872
0.18174839 	 1.4949074
0.115567766 	 1.4105612
0.17833184 	 1.5582451
0.13642767 	 0.77525824
0.16528606 	 1.3974384
0.12520029 	 1.2513348
0.10661787 	 1.1430426
0.14042366 	 1.2191831
0.11455424 	 1.8319472
0.11103428 	 1.4532926
0.15536667 	 1.4053673
0.09231216 	 1.6256355
0.15658464 	 1.2511374
0.14665875 	 1.2717776
0.124078505 	 1.5302199
0.1267765 	 1.2828918
0.09975668 	 1.57234
0.1183223 	 1.737744
0.068611555 	 1.6965173
0.11204651 	 1.5759842
0.097601846 	 1.4996841
0.079404354 	 1.4894273
0.060978696 	 1.4410979
0.09575452 	 2.0702558
0.07799169 	 1.8918879
0.09907904 	 1.740959
0.08511253 	 2.0257554
0.05393873 	 1.6110069
0.09418175 	 1.8209467
0.09188167 	 1.60457
0.1063982 	 1.513558
0.09719719 	 1.1395679
0.09858333 	 1.3784373
0.08941679 	 1.6165947
0.09024583 	 1.9730383
0.059099276 	 1.1042931
0.06876976 	 1.8420177
0.069715984 	 1.0516492
0.07333058 	 2.2270935
0.06735857 	 2.0817819
0.0848095 	 1.7251914
0.12283996 	 1.8716582
0.11598776 	 1.4592155
0.11381574 	 1.3103974
0.08111323 	 1.3286535
0.06625744 	 1.8734479
0.06241859 	 2.0173702
0.08521943 	 2.0712683
0.09537427 	 1.4664999
0.08937983 	 1.6495377
0.12665099 	 2.0390842
0.106042586 	 1.575676
0.088603154 	 1.4832988
0.0780453 	 1.7297455
0.08734908 	 1.5792496
0.089327104 	 1.8946354
0.0756572 	 1.6124804
0.102073915 	 1.6770084
0.08050366 	 1.5525541
0.08887223 	 1.1486353
0.08590761 	 2.235659
0.07422939 	 1.4514654
0.08509631 	 1.5498095
0.1045697 	 2.0237854
0.08441348 	 1.7022146
0.05744046 	 1.5814832
0.06517012 	 1.7133855
0.106248446 	 1.418915
0.13169739 	 1.6756485
0.09016827 	 1.5456151
0.08063151 	 1.778861
0.07470212 	 1.3811707
0.078520484 	 2.14657
0.07731781 	 1.8441793
0.07924872 	 1.7366982
0.070272334 	 1.744141
0.05329344 	 1.4045482
0.045909777 	 0.9735303
0.03854108 	 1.4996328
0.062743664 	 2.0013232
0.046446975 	 0.97416466
0.031558227 	 1.731792
0.061392218 	 1.4092745
0.050765414 	 1.5496151
0.04171425 	 1.5827425
0.03143865 	 1.8477051
0.028724222 	 1.5077212
0.052259997 	 2.4771283
0.037071668 	 1.8987249
0.031083131 	 1.8702902
0.02591517 	 1.9218581
0.2577454 	 1.1371628
0.2197196 	 1.5598875
0.17756352 	 1.0643373
0.28028318 	 0.9380346
0.19123133 	 1.115661
0.17099474 	 1.8301146
0.12304985 	 0.999681
0.14666972 	 1.1599599
0.1655282 	 1.666981
0.15420602 	 2.0976324
0.14940204 	 1.7803442
0.16467337 	 2.3852725
0.284221 	 1.3374574
0.15134136 	 1.5730255
0.11805229 	 0.77773654
0.12827604 	 1.0375464
0.12541398 	 1.3400652
0.091977134 	 1.5447563
0.11159791 	 1.1893288
0.11610738 	 1.1691118
0.09078768 	 1.3757151
0.086166084 	 0.9216009
0.119960874 	 0.7582582
0.123542935 	 1.4726354
0.16573317 	 0.71136165
0.08732592 	 0.7829251
0.1367506 	 1.6530107
0.09843889 	 2.0412817
0.12795775 	 1.0802042
0.27299154 	 0.94776845
0.53531 	 0.9280433
0.18254505 	 1.1209507
0.20216036 	 0.6887136
0.1607491 	 1.4915521
0.22912423 	 1.3529507
0.18611132 	 0.98338836
0.18588403 	 1.8717372
0.27950242 	 0.6000122
0.15812637 	 1.0169833
0.13697168 	 0.635307
0.24199636 	 1.3989226
0.20611882 	 0.8769164
0.20940456 	 1.724923
0.23637138 	 1.0244089
0.18411204 	 1.4200221
0.17755221 	 1.0732021
0.11461487 	 1.0438664
0.09055574 	 1.1510143
0.09204503 	 1.5381079
0.087507606 	 1.3648282
0.12455758 	 0.90447867
0.17328522 	 0.57255423
0.16936463 	 0.89821756
0.15295455 	 0.66775703
0.19130097 	 1.0041585
0.17997843 	 0.81255877
0.16045171 	 1.6552954
0.1766039 	 1.3002907
0.17799999 	 0.8314844
0.33966807 	 0.9709693
0.25831088 	 0.8055703
0.34373474 	 0.9410587
0.24211253 	 1.2893847
0.21850277 	 0.99699104
0.1617669 	 1.8932134
0.23723756 	 1.692426
0.17407402 	 1.3063636
0.17298685 	 0.8658683
0.13158683 	 1.024507
0.13258995 	 1.1040455
0.079227105 	 1.235213
0.08195379 	 0.7977522
0.14980893 	 0.9911751
0.15196696 	 1.5255046
0.14837411 	 1.678978
0.17320682 	 0.96442354
0.18963687 	 1.4834456
0.2061616 	 1.3894693
0.20069963 	 1.2985909
0.27162614 	 0.5331707
0.26314268 	 1.5713048
0.27858365 	 1.0875763
0.24337016 	 1.6366289
0.22238818 	 1.4654236
0.297545 	 0.94961536
0.33088136 	 0.89744705
0.39979845 	 1.1473849
0.5108549 	 0.5058172
0.43669373 	 0.8063391
0.36187252 	 1.1699404
0.4238214 	 0.9677163
0.33195588 	 0.6044722
0.40088186 	 0.5710917
0.3128906 	 1.3428851
0.19403376 	 1.883727
0.22985753 	 0.92284477
0.17154416 	 1.4263587
0.15380679 	 1.645929
0.180635 	 1.5017788
0.1996498 	 1.3120263
0.12130957 	 1.0382288
0.16591448 	 1.0776818
0.09997291 	 1.4709547
0.082484104 	 0.7902149
0.08373546 	 1.7736557
0.058243465 	 1.2323937
0.0930267 	 1.3357567
0.097612426 	 1.9930959
Summary
0.00043854793  -  0.53531 ,  0.5058172  -  2.865282
accuracy:  99.7
equal predictions:  0
