TensorFlow version: 1.13.1
Found 939 images belonging to 1 classes.
argN = 3136
argN = 3136
0.44139263 	 2.029253
0.48195362 	 2.1646597
0.67010033 	 1.8844373
0.5572468 	 1.8711591
0.05997829 	 2.0761511
0.049406186 	 2.1263828
0.023850508 	 2.1380565
0.018214358 	 2.5441995
0.02044515 	 1.9014369
0.013877455 	 2.5945005
0.14840716 	 1.3274876
0.22821458 	 1.3782307
0.3283917 	 1.0677905
0.32726774 	 1.1288509
0.18298027 	 1.476849
0.12829095 	 1.6216897
0.33444136 	 1.8178302
0.35658112 	 1.4808267
0.40475437 	 1.603104
0.29902664 	 1.5527704
0.33340034 	 1.6426058
0.40663305 	 1.6846724
0.2866778 	 1.9102999
0.059384122 	 2.2739367
0.023744725 	 2.101761
0.2770534 	 1.9952006
0.71142113 	 2.0045583
0.63502556 	 1.9275833
0.7810458 	 2.1984658
0.9377098 	 1.8104044
0.9193085 	 2.385897
0.8715636 	 2.1027212
0.7661577 	 2.886089
0.7349111 	 2.585406
0.46982807 	 2.1862755
0.45472193 	 1.7745888
0.24456215 	 2.0777664
0.4061804 	 1.8830426
0.5428832 	 2.099785
0.6046863 	 1.8450253
0.04523335 	 1.8873233
0.15337741 	 1.6349882
0.1314975 	 1.8707147
0.12204905 	 2.2173235
0.09217777 	 2.1097069
0.025913764 	 2.2476497
0.025094735 	 2.006545
0.009966703 	 2.4736114
0.014793383 	 2.878004
0.2796448 	 1.2590221
0.13962421 	 1.8744785
0.116739795 	 1.6251174
0.15079002 	 1.8569357
0.14462267 	 1.8087901
0.09772803 	 1.5526476
0.1156781 	 2.0034091
0.02287618 	 2.1111639
0.03504998 	 1.967742
0.028919676 	 2.3377612
0.032193948 	 2.31072
0.013022146 	 2.0464141
0.00951469 	 2.4449184
0.0139348125 	 2.1179392
0.0134659 	 2.4436088
0.059041925 	 1.868732
0.14396639 	 1.9404868
0.1240758 	 2.079306
0.12256994 	 2.2706995
0.051401667 	 2.538937
0.08131363 	 1.3937669
0.13581546 	 2.3851786
0.121200964 	 2.4261532
0.09144457 	 2.0604658
0.11075618 	 1.7436923
0.045251623 	 1.9818202
0.2986629 	 1.267545
0.11256882 	 1.928663
0.1371618 	 1.7688276
0.12825504 	 1.665662
0.16069113 	 1.6594434
0.097318456 	 1.9156247
0.05914291 	 2.1583927
0.02590734 	 2.4520116
0.026413947 	 2.2745578
0.017416468 	 1.8561772
0.013896372 	 2.2436705
0.031201562 	 2.168469
0.09277946 	 1.5635908
0.039217517 	 2.0283642
0.14617649 	 0.7576773
0.12996435 	 0.59692293
0.14774336 	 0.56801236
0.14260744 	 0.8592419
0.15402606 	 0.7536841
0.1595385 	 1.1771626
0.16573705 	 0.5967261
0.14104295 	 1.1902273
0.15576862 	 1.0374259
0.14757133 	 0.71013856
0.14748663 	 0.60904247
0.14912018 	 0.78507787
0.15212455 	 1.2010201
0.15943334 	 0.9266826
0.14868742 	 1.0377169
0.15231681 	 1.4026386
0.13129875 	 1.0848988
0.12012062 	 0.9686448
0.11161224 	 1.258119
0.08463913 	 0.98826945
0.07097014 	 0.84190613
0.040832944 	 0.80299836
0.046299696 	 0.54783106
0.037517935 	 1.2449182
0.040238246 	 1.2680705
0.033662185 	 1.0915055
0.03074815 	 0.56396747
0.029348874 	 0.5118186
0.03138944 	 0.7226535
0.02656806 	 1.1732109
0.029014103 	 1.2069945
0.028098367 	 1.3826591
0.02547772 	 1.2320476
0.023554064 	 1.6148733
0.025141247 	 0.6451427
0.025346456 	 0.6142894
0.025575308 	 1.0005373
0.028840778 	 0.69719046
0.025228716 	 0.59453386
0.024685929 	 0.8035923
0.020981561 	 0.58141726
0.017325798 	 1.110936
0.014303087 	 1.1061028
0.0140615655 	 0.95739233
0.014471492 	 1.2227302
0.01391112 	 1.2403971
0.0156092215 	 1.008712
0.011084128 	 1.1383306
0.007063061 	 0.97267085
0.011483912 	 0.76252747
0.008766881 	 0.78619444
0.010935998 	 1.1675692
0.00812274 	 0.9130308
0.010091328 	 0.75341743
0.007986044 	 0.72313833
0.007242438 	 1.0018408
0.009242318 	 1.0376985
0.010686071 	 0.71890974
0.008901219 	 0.9928168
0.009740009 	 0.9759172
0.0100697735 	 0.8111332
0.0068195607 	 0.780573
0.011331744 	 1.0421582
0.015457332 	 1.321922
0.018118214 	 1.0253537
0.022757575 	 1.1945493
0.024612313 	 0.5998516
0.020820882 	 0.87426805
0.019570835 	 0.7302526
0.018394776 	 0.6484828
0.026340695 	 0.9764268
0.02938245 	 1.148644
0.026550617 	 1.049795
0.023150219 	 1.2085285
0.025053907 	 0.76130295
0.02687783 	 0.62354314
0.029348997 	 1.0113626
0.029278781 	 0.63831824
0.023992077 	 1.1203641
0.026485493 	 0.5777958
0.02341573 	 1.974318
0.054274276 	 0.54472226
0.07963185 	 0.48161432
0.08031575 	 0.80335486
0.103248924 	 1.2774289
0.097264126 	 1.1454993
0.09918132 	 1.0084597
0.09910306 	 1.2146196
0.10981244 	 0.82317126
0.07737371 	 1.0472705
0.066537514 	 0.77653337
0.01446369 	 0.9953301
0.016170727 	 1.1178169
0.01618793 	 0.6279274
0.24771716 	 1.0748014
0.2939624 	 1.0570067
0.20210119 	 1.3718232
0.1890579 	 1.3794109
0.16549191 	 1.484667
0.14043298 	 1.2448128
0.14097755 	 1.4582541
0.12803233 	 0.6639925
0.16615543 	 1.6017534
0.15196489 	 1.3180063
0.17374471 	 1.1300673
0.15597293 	 1.08474
0.17433135 	 1.1260859
0.17883621 	 1.5235043
0.14987028 	 1.4048154
0.15799199 	 1.4543157
0.15165824 	 1.3372937
0.16038516 	 1.2647917
0.15298866 	 1.1621097
0.15431939 	 1.4426615
0.14594424 	 1.4096497
0.15341702 	 1.681993
0.16152316 	 0.91506773
0.14785765 	 1.5872232
0.16017218 	 1.0349659
0.16679558 	 0.87076366
0.17366756 	 1.0650817
0.17043798 	 1.451986
0.26979464 	 1.4213649
0.20849018 	 1.3038986
0.17220215 	 1.4831893
0.16657104 	 1.5390005
0.16988724 	 2.3797162
0.1743386 	 1.7979969
0.14975022 	 1.3454039
0.1625973 	 1.188578
0.16218609 	 1.1896331
0.16313808 	 1.1018859
0.13905244 	 1.0964487
0.13460007 	 0.8771127
0.13108991 	 1.5223252
0.12735598 	 1.2727774
0.13528673 	 1.4185013
0.13853714 	 0.8977426
0.13963504 	 1.5093814
0.14087035 	 0.6821414
0.13621078 	 1.3505614
0.1296183 	 1.8704952
0.100937806 	 1.7372595
0.08860003 	 1.7000111
0.08888676 	 1.2504617
0.08980723 	 1.0568547
0.09549539 	 1.7701161
0.102060124 	 1.8455751
0.1134263 	 1.312135
0.11514146 	 1.0847559
0.13744584 	 1.2452949
0.13515212 	 1.2305018
0.1526567 	 1.4515082
0.14592092 	 0.9079005
0.14572011 	 1.5890807
0.1505876 	 1.2676713
0.15545648 	 1.1087257
0.14469816 	 1.4231397
0.14606342 	 1.5759228
0.20443378 	 1.4286377
0.22965601 	 1.0904458
0.22781476 	 1.0719471
0.234852 	 1.0094355
0.22774328 	 0.9502048
0.20362915 	 1.2248905
0.16083036 	 1.3595756
0.14619401 	 0.89446187
0.16142853 	 0.8047611
0.13589542 	 1.4969234
0.120090716 	 1.7236197
0.098960586 	 1.3740536
0.102565356 	 1.5674678
0.09562032 	 1.6599407
0.10549844 	 1.0545505
0.11137789 	 1.6865593
0.10252751 	 1.2994962
0.09835319 	 1.536894
0.09898704 	 1.4276174
0.09184933 	 1.1093941
0.11414647 	 1.2633051
0.12139255 	 1.722245
0.123621576 	 1.9025363
0.1510903 	 0.78499186
0.16882817 	 0.7648953
0.19217202 	 1.5929855
0.20618065 	 0.6415862
0.19853753 	 1.2452575
0.23294738 	 1.409763
0.29612017 	 0.91357946
0.31458703 	 1.1979362
0.31312087 	 1.1579411
0.34996533 	 0.9798605
0.375725 	 0.88671315
0.38492015 	 0.9265939
0.41613197 	 0.76730597
0.4261366 	 0.7484443
0.44203186 	 0.70381194
0.44706798 	 0.7901253
0.49651656 	 0.7835198
0.4669372 	 0.8742525
0.49842152 	 0.74676996
0.45436603 	 0.814027
0.35520867 	 0.73572105
0.36171058 	 0.9185687
0.22335538 	 1.1453813
0.14438266 	 1.3475417
0.12719487 	 1.5980996
0.10643878 	 1.3666809
0.105244055 	 1.6770566
0.11678367 	 1.2486933
0.11388841 	 1.0081476
0.10994855 	 1.4235574
0.107171714 	 1.0868918
0.11279398 	 1.3234491
0.12087866 	 1.7145948
0.11964071 	 1.5433961
0.1186619 	 1.5615708
0.11240654 	 1.8647681
0.10298329 	 1.7147697
0.1036093 	 1.2254003
0.10713761 	 1.0658342
0.103253886 	 1.2264785
0.09794849 	 1.1901542
0.09877253 	 1.581128
Summary
0.0068195607  -  0.9377098 ,  0.48161432  -  2.886089
accuracy:  100.0
equal predictions:  0
TensorFlow version: 1.13.1
Found 939 images belonging to 1 classes.
argN = 3136
argN = 3136
0.20916295 	 1.8632455
0.23151088 	 1.3392979
0.32760036 	 1.3485514
0.23582032 	 1.4416618
0.23436409 	 1.2689612
0.21990867 	 1.742906
0.19553624 	 1.033418
0.051128123 	 0.89220387
0.04372282 	 1.445789
0.030773964 	 1.746513
0.02346857 	 1.976344
0.024445796 	 1.2039889
0.018562656 	 0.987748
0.21274035 	 1.1529663
0.10571015 	 1.4213697
0.19711757 	 1.5049381
0.26515135 	 1.5260917
0.24148196 	 1.7255002
0.20259266 	 1.361068
0.06211468 	 1.4090213
0.067338295 	 0.8860885
0.0537916 	 1.7849367
0.035150047 	 1.6309749
0.02928946 	 1.1308644
0.024533084 	 1.8712039
0.03032437 	 1.2895862
0.02462667 	 1.7301046
0.04321465 	 1.7522898
0.24639441 	 1.4840444
0.33959708 	 1.2213395
0.47748 	 1.2386196
0.38086295 	 1.1123043
0.26212144 	 1.8097764
0.23513767 	 1.535102
0.24351446 	 1.5899179
0.3177058 	 1.2902879
0.37140658 	 1.5032005
0.03337083 	 1.6103384
0.036616452 	 1.4376271
0.07003449 	 1.6709862
0.10042153 	 1.5988212
0.09161394 	 1.4883733
0.12621398 	 1.7291595
0.05345471 	 1.7602232
0.026805827 	 1.871566
0.026590588 	 1.959043
0.033499885 	 1.0631436
0.031388212 	 1.8223941
0.025957562 	 1.0324998
0.019947333 	 1.7161362
0.13829564 	 1.2399274
0.08314761 	 1.6935489
0.10247475 	 1.229513
0.09183129 	 1.1697508
0.108417965 	 1.4741232
0.089404665 	 1.1682041
0.1252361 	 2.050291
0.095245965 	 1.3262289
0.09841988 	 2.0647736
0.011790851 	 1.3142806
0.008970981 	 1.218272
0.0066968426 	 2.121349
0.020518946 	 1.477475
0.04776442 	 1.563718
0.097868554 	 1.6787701
0.10380428 	 1.3897374
0.070544004 	 1.8657026
0.05762336 	 0.9971468
0.07152021 	 1.6170427
0.06333787 	 1.4802778
0.057942647 	 1.9350699
0.04463709 	 1.4478873
0.03478642 	 1.4039406
0.095235735 	 1.1833454
0.10231772 	 1.2371858
0.11210405 	 1.8090364
0.114346124 	 1.1398356
0.110069714 	 1.3489645
0.091448225 	 0.97528964
0.123869 	 1.3402685
0.06799539 	 1.6287799
0.036391918 	 1.440569
0.031075077 	 1.3831834
0.043576438 	 1.313368
0.029824069 	 1.2362674
0.19529217 	 1.3561864
0.17857859 	 1.1663549
0.06930955 	 1.9220434
0.07083469 	 1.4938412
0.10019374 	 1.5968628
0.10848652 	 1.2828914
0.10501178 	 1.8768209
0.029958932 	 1.4804937
0.028606638 	 2.0130465
0.009928957 	 1.7583799
0.011420787 	 1.8513376
0.019203957 	 1.7582651
0.024105702 	 1.3703046
0.06795546 	 1.2965736
0.017608691 	 1.367888
0.098874256 	 0.5904645
0.10333577 	 0.87542105
0.10516698 	 1.5201528
0.12158423 	 1.2627232
0.121177085 	 0.8940546
0.11038983 	 0.91790694
0.11005195 	 0.61166066
0.10714358 	 1.001449
0.11567442 	 0.7914794
0.110447735 	 0.5435932
0.10197695 	 1.1302719
0.1054179 	 0.65792626
0.103908435 	 0.90372777
0.11497769 	 0.6300986
0.098455526 	 0.631453
0.095913075 	 1.1289694
0.09859708 	 0.7719757
0.09533526 	 1.1522015
0.09243101 	 0.8258205
0.07892514 	 1.0565406
0.06293852 	 0.33103704
0.063032724 	 0.5527956
0.06993355 	 1.0519751
0.06738669 	 0.7021359
0.06685768 	 0.911738
0.06722443 	 1.2110499
0.048395704 	 0.460338
0.048048556 	 0.72812736
0.02857732 	 0.7592283
0.022215396 	 0.8697281
0.024761138 	 1.6219046
0.01995536 	 0.6299068
0.02905276 	 0.84652716
0.023940673 	 1.1942385
0.021746665 	 1.0261983
0.023489745 	 0.5549233
0.028659876 	 0.8524765
0.023282355 	 0.94171494
0.019401995 	 1.0062397
0.018214297 	 0.7618026
0.015448857 	 0.85659146
0.014592809 	 0.59250414
0.017580302 	 2.3213038
0.012647582 	 0.5724889
0.016884025 	 1.6623042
0.015516838 	 0.54623365
0.0087152915 	 0.6226053
0.014807659 	 0.6304568
0.010859049 	 0.55315286
0.01168121 	 0.5435348
0.014975665 	 0.3764588
0.010070135 	 0.9220126
0.014310342 	 0.6351484
0.01274948 	 1.0929493
0.014056669 	 0.50842273
0.011282674 	 1.1968375
0.012651083 	 0.95829713
0.010349478 	 0.60649294
0.009008811 	 1.2270133
0.010575226 	 0.86844355
0.008981686 	 1.3485814
0.009230526 	 0.45831928
0.00837269 	 0.7981913
0.009670915 	 0.62584704
0.009597373 	 0.6812561
0.010110354 	 0.67339575
0.012712293 	 0.5434112
0.01039007 	 0.8966113
0.013472364 	 0.77229434
0.018924985 	 0.36353406
0.021954346 	 0.4285294
0.021492135 	 0.40922186
0.02120607 	 0.72759295
0.023075558 	 0.43289775
0.024705784 	 0.57068294
0.025973098 	 0.65186197
0.029467467 	 1.0285028
0.027180282 	 0.73545915
0.022683186 	 0.7610868
0.04340536 	 0.50167584
0.07002758 	 0.8651727
0.06873777 	 0.36813432
0.068013765 	 0.56235236
0.079443336 	 0.71648353
0.07251961 	 1.0508187
0.079405 	 0.5641622
0.07603207 	 1.0247712
0.08049991 	 0.86598575
0.07881724 	 0.39833426
0.057778068 	 0.5259483
0.071424946 	 1.332798
0.048691656 	 1.0414383
0.03441127 	 0.46938002
0.033384018 	 0.89387274
0.02962592 	 1.0170168
0.024079507 	 0.9787028
0.019405581 	 1.069417
0.022366852 	 1.0837333
0.024610419 	 0.9817361
0.24039133 	 1.0550702
0.22537605 	 1.0726122
0.23638052 	 1.0326816
0.24591371 	 0.83987695
0.118364766 	 1.5569403
0.11577948 	 0.95240664
0.15292726 	 1.545586
0.1464742 	 1.2927158
0.14484069 	 0.9634949
0.13595761 	 1.0758804
0.13001762 	 1.1147753
0.13065489 	 1.2869264
0.123839855 	 1.002028
0.13753378 	 1.5814123
0.12518778 	 1.0180991
0.1376688 	 1.0137422
0.13887183 	 1.9324068
0.12768926 	 1.1175843
0.13251244 	 0.7776878
0.13506745 	 1.5926963
0.12528116 	 1.7233267
0.13861504 	 1.2043704
0.15336478 	 1.3796763
0.1480188 	 1.1245282
0.13795607 	 1.3387495
0.14184229 	 1.5007421
0.14027078 	 1.0639119
0.17168853 	 1.4514824
0.19208463 	 1.2916842
0.24132435 	 1.304278
0.24071726 	 1.3831351
0.19915743 	 1.1737086
0.20999353 	 0.98545206
0.1809158 	 1.3899498
0.1575096 	 1.5219835
0.1390993 	 1.4763459
0.14020878 	 1.8171536
0.24646801 	 1.0130787
0.26467142 	 1.0524092
0.22362489 	 1.2080798
0.17443722 	 1.8158119
0.14941983 	 1.6732987
0.15951289 	 1.414945
0.13648847 	 1.4117392
0.13978171 	 0.9347056
0.13052788 	 1.0931965
0.11963957 	 1.2981424
0.112038046 	 1.3237756
0.093572676 	 1.1938488
0.099538915 	 1.0374473
0.09698799 	 1.5867219
0.0981571 	 1.0604991
0.07831638 	 1.0234212
0.07210069 	 1.5269687
0.07808023 	 1.1722847
0.11023794 	 1.5625483
0.13018756 	 0.78329283
0.1089443 	 1.2849563
0.10851516 	 1.1617806
0.11891798 	 1.2306076
0.1472344 	 1.3347304
0.15667407 	 1.3079427
0.18806157 	 1.1481485
0.21736254 	 0.72228056
0.20283034 	 1.031118
0.21717611 	 0.8977706
0.21809497 	 1.1387303
0.20847565 	 1.1184791
0.20478557 	 1.2379665
0.14613295 	 1.2342334
0.08947617 	 1.3786514
0.08934288 	 1.1991317
0.08586117 	 1.3133285
0.0867461 	 1.0205246
0.081173606 	 1.0097034
0.09176537 	 1.2682168
0.097394735 	 1.3616644
0.098891035 	 1.7083907
0.11144385 	 1.5472221
0.19294211 	 1.4925946
0.21689922 	 1.7431846
0.21066283 	 1.3023448
0.2424536 	 0.996456
0.25670022 	 0.9171653
0.3410388 	 0.91749537
0.35767257 	 0.99724454
0.38051277 	 0.7729595
0.4435014 	 0.8892723
0.44316453 	 0.9305975
0.4377211 	 0.9937747
0.4037545 	 0.85004234
0.3759761 	 0.88510096
0.30727276 	 0.7708024
0.26571772 	 1.069477
0.23440342 	 1.1017501
0.18450499 	 0.75456506
0.17169864 	 1.2433019
0.111031614 	 1.277999
0.10424828 	 1.6029432
0.11696107 	 0.82782376
0.10286563 	 1.1388546
0.099195935 	 1.512164
0.11395995 	 1.0087699
0.11207705 	 1.3355914
0.11586066 	 1.3892853
0.12228538 	 0.9954186
0.121420205 	 1.4265838
0.124625094 	 1.345123
0.111988775 	 1.4246815
0.11836007 	 1.6202649
0.110476226 	 1.4292234
0.0832379 	 1.3968161
0.088568315 	 1.8267539
0.083279684 	 1.2262514
Summary
0.0066968426  -  0.47748 ,  0.33103704  -  2.3213038
accuracy:  100.0
equal predictions:  0
TensorFlow version: 1.13.1
Found 939 images belonging to 1 classes.
argN = 3136
argN = 3136
0.3531766 	 0.7013899
0.44312248 	 0.7811639
0.4518145 	 0.7428221
0.60821766 	 0.6568689
0.50003153 	 0.65814245
0.4584468 	 0.77550197
0.44203046 	 1.1389296
0.34815326 	 1.2871414
0.3430983 	 1.4453654
0.289036 	 1.6154071
0.15575963 	 1.34823
0.16129363 	 1.461325
0.15193401 	 1.5987169
0.20331115 	 1.4731406
0.16188666 	 1.9637228
0.20531283 	 0.9737787
0.23486511 	 0.9970167
0.27055886 	 0.72690123
0.29485625 	 0.7090775
0.16342951 	 0.3087086
0.18073247 	 0.400448
0.2207407 	 0.7780199
0.1492877 	 0.7658069
0.14324968 	 0.7248533
0.20384735 	 1.1307443
0.20214008 	 1.4050287
0.21646506 	 1.412471
0.19804281 	 1.0045793
0.12769 	 2.9042475
0.122896165 	 1.6998744
0.18733779 	 2.3676994
0.23165987 	 1.2857819
0.25184786 	 1.5776039
0.31304458 	 1.5559214
0.37904462 	 0.5032284
0.44300726 	 0.4797661
0.32467243 	 0.4864716
0.33984053 	 0.41928345
0.4091129 	 0.5699955
0.441008 	 0.58341634
0.46587673 	 0.631586
0.4001763 	 0.8289932
0.38243762 	 0.72659105
0.49729148 	 0.6839406
0.49938294 	 0.7121163
0.4192851 	 0.7930206
0.35749784 	 0.96174264
0.29569596 	 1.054678
0.08103308 	 1.6539522
0.08343407 	 1.9495543
0.07353758 	 2.2502527
0.083389945 	 2.1130123
0.24635331 	 0.7037224
0.27408266 	 1.0342059
0.27917457 	 0.6349774
0.31961086 	 0.34737116
0.27887958 	 0.39596614
0.19734466 	 0.3967785
0.22271201 	 0.6259767
0.13341859 	 0.7237128
0.13468389 	 0.93187046
0.17999977 	 1.1333836
0.1940219 	 1.0550884
0.05669702 	 2.472773
0.039421916 	 1.5721192
0.031647 	 2.2620463
0.033555113 	 1.4290484
0.07642948 	 2.1779265
0.12917504 	 1.680435
0.28874162 	 1.1855168
0.356307 	 0.44031852
0.43855593 	 0.48977083
0.4582109 	 0.48556724
0.42601523 	 0.4695394
0.46711674 	 0.45870054
0.4785034 	 0.399515
0.50257933 	 0.78679734
0.4673878 	 0.77860796
0.44548902 	 0.73029023
0.38942358 	 0.64325494
0.40166268 	 0.7665476
0.48119453 	 0.7563716
0.16538346 	 1.0822077
0.14123823 	 2.068185
0.2364225 	 1.1849352
0.16005369 	 0.94489896
0.18489882 	 0.79568815
0.21048565 	 0.9771341
0.2418878 	 0.98525405
0.24398245 	 0.33904025
0.07934493 	 2.0926366
0.05002748 	 1.4787531
0.06115977 	 1.9986992
0.07073962 	 1.948485
0.07581022 	 1.4826276
0.086636305 	 1.1001667
0.076776326 	 1.3981677
0.24573956 	 0.39581472
0.26083592 	 0.6119486
0.2601755 	 0.5782043
0.24938631 	 0.46234366
0.25877774 	 0.42451218
0.25357476 	 0.4667374
0.2389494 	 0.42967564
0.24627042 	 0.4920563
0.24115896 	 0.30152756
0.24275672 	 0.6199297
0.24298386 	 0.46085912
0.23940025 	 0.6859107
0.23634692 	 0.6365713
0.2455128 	 0.6458228
0.23801216 	 0.70953166
0.22917415 	 0.6059585
0.22329226 	 0.6564349
0.22548166 	 0.38867387
0.20262091 	 0.57819325
0.18269037 	 0.62356406
0.17500332 	 0.74035627
0.1741698 	 0.6360289
0.16961862 	 0.63020927
0.16205683 	 0.77142286
0.17496426 	 0.6860795
0.17352384 	 0.6227249
0.18654735 	 0.7922008
0.19487923 	 0.8028649
0.18179515 	 0.60927385
0.1912099 	 0.69835776
0.20856243 	 0.7370634
0.21398467 	 0.87265414
0.20800124 	 0.7966859
0.18082453 	 0.764292
0.17455666 	 0.9709237
0.19177452 	 0.923908
0.18735604 	 0.906318
0.1771306 	 0.97600657
0.17891575 	 0.82605875
0.18467282 	 0.87612635
0.1519569 	 0.8765214
0.12432908 	 0.9471872
0.12095763 	 0.71679306
0.1051834 	 0.8301792
0.10132024 	 0.6693333
0.102417365 	 0.92621064
0.10679539 	 1.0898288
0.08532945 	 0.8778899
0.08563109 	 0.76731044
0.08407071 	 1.0273073
0.072180316 	 0.7607023
0.06715214 	 0.89805984
0.05744204 	 0.7356717
0.057352588 	 0.9744702
0.05313069 	 0.78561014
0.04877539 	 0.7422126
0.054965664 	 0.79088163
0.056561023 	 0.80536413
0.061010942 	 0.8271243
0.06100473 	 0.78446305
0.066303425 	 0.82684195
0.06810755 	 0.97613627
0.07503359 	 0.7646723
0.06482161 	 0.860589
0.064881966 	 0.9805969
0.06986618 	 0.7748691
0.0697882 	 0.8602973
0.066860616 	 0.8065559
0.09001649 	 0.85723346
0.097382255 	 0.87262046
0.10690344 	 0.7191413
0.117701426 	 0.9927702
0.1148578 	 0.93590605
0.11510829 	 0.729257
0.11224201 	 1.0013986
0.13188066 	 0.98735905
0.13227245 	 0.742338
0.13751484 	 0.9774802
0.14893858 	 0.7099513
0.14999942 	 1.0099541
0.1407826 	 0.795867
0.13908333 	 0.9197929
0.1402441 	 1.003181
0.13571586 	 0.7375396
0.12149498 	 0.7493038
0.13384037 	 0.7285
0.12325567 	 0.7730578
0.119394995 	 0.94610995
0.10326743 	 0.9097323
0.100562505 	 0.8326259
0.10856259 	 0.60508966
0.10365327 	 0.7586443
0.09596575 	 0.7984599
0.10015131 	 0.8029946
0.09815421 	 0.7596721
0.08768021 	 1.224732
0.093778804 	 0.84942275
0.09114581 	 0.74736255
0.08680109 	 1.0417048
0.08485387 	 0.77804863
0.0842662 	 1.0245041
0.09126054 	 0.79063785
0.08533458 	 0.780763
0.08213016 	 0.8221446
0.07796366 	 0.8787396
0.0845718 	 0.9463788
0.07049833 	 0.66745675
0.070414685 	 0.7605358
0.05548381 	 0.8584365
0.037058 	 1.4663374
0.032331347 	 0.8182444
0.029955491 	 0.935894
0.45091158 	 0.62197965
0.4230291 	 0.74494815
0.4639126 	 0.63862365
0.44910136 	 0.69011277
0.45495102 	 0.73896706
0.40372512 	 0.6953464
0.42035043 	 0.77350307
0.41709256 	 0.6609657
0.3900305 	 0.83824337
0.41420496 	 0.78934646
0.40161592 	 0.6849919
0.4027114 	 0.78148854
0.37817904 	 0.6116501
0.37397957 	 0.74557316
0.37660307 	 0.65747684
0.37375262 	 0.67682403
0.39280877 	 0.6819073
0.39043713 	 0.6065955
0.37850612 	 0.84068567
0.37768734 	 0.6603879
0.36898133 	 0.80299914
0.35080796 	 0.9264763
0.38039175 	 0.4907567
0.360731 	 0.6705691
0.3469637 	 0.83076644
0.34839398 	 0.78919095
0.35059288 	 0.68492097
0.3609677 	 0.6748111
0.3297551 	 0.8470447
0.295282 	 0.7139674
0.2781947 	 0.95757914
0.292449 	 0.7768085
0.33566988 	 0.8239678
0.39197078 	 0.74815017
0.37505877 	 0.88218683
0.35256255 	 0.946914
0.3238186 	 0.78783536
0.31312463 	 0.902038
0.30171558 	 0.70209414
0.33973947 	 0.6391593
0.36997482 	 0.8289226
0.3661935 	 0.73531
0.39368704 	 0.8228969
0.40234867 	 0.69909996
0.38827726 	 0.87892646
0.29838797 	 0.70598245
0.3378009 	 0.6777612
0.3502263 	 0.84526986
0.33482924 	 0.7251591
0.29948506 	 0.863739
0.29536915 	 0.942279
0.2772533 	 1.0221583
0.26367027 	 0.79044586
0.23869723 	 0.62712467
0.22677946 	 0.88498354
0.25519618 	 0.73526686
0.23890209 	 0.68666464
0.32745877 	 0.81213987
0.3296999 	 0.49131534
0.34778547 	 0.77032447
0.38159573 	 0.6683774
0.42998412 	 0.6443255
0.41392416 	 0.591339
0.38479087 	 0.86983293
0.33441055 	 0.51159495
0.33270296 	 0.6217137
0.3350582 	 0.7590267
0.30619657 	 0.6480358
0.29781476 	 0.67225605
0.2620109 	 0.6879324
0.25495327 	 0.8047154
0.24826464 	 0.7404616
0.22189263 	 0.6699137
0.3046577 	 0.76592666
0.37741712 	 0.82432574
0.44326815 	 0.750524
0.49695516 	 0.7288434
0.51817167 	 0.6915232
0.4919636 	 0.7652081
0.47837242 	 0.72592074
0.46115834 	 0.6788487
0.4179131 	 0.5909391
0.4447903 	 0.65546536
0.44871354 	 0.53355306
0.4307337 	 0.5319585
0.4766427 	 0.69728804
0.47777694 	 0.5868445
0.48743224 	 0.46523568
0.52795917 	 0.5092599
0.4959819 	 0.5404109
0.3838489 	 0.6849933
0.25210083 	 0.5803018
0.2249647 	 0.7916734
0.22725816 	 0.8733057
0.22136123 	 0.5910863
0.22448719 	 0.7095719
0.2320755 	 0.7341841
0.22088759 	 0.82984746
0.22273861 	 0.84367
0.23928621 	 0.9029767
0.29953927 	 0.6244852
0.26602766 	 0.70543355
0.23809376 	 0.71189076
0.23224895 	 0.8874968
Summary
0.029955491  -  0.60821766 ,  0.30152756  -  2.9042475
accuracy:  98.7
equal predictions:  0
TensorFlow version: 1.13.1
Found 939 images belonging to 1 classes.
argN = 3136
argN = 3136
0.13904929 	 1.6799477
0.2177023 	 1.7259656
0.1296052 	 1.4490618
0.09760967 	 1.4214059
0.058487304 	 1.3499974
0.018860174 	 1.1960694
0.010657153 	 1.5019723
0.02603452 	 1.3925824
0.013845243 	 1.426247
0.041966397 	 1.420283
0.18581082 	 1.2844104
0.13581198 	 1.3340464
0.06350648 	 2.0725641
0.06884932 	 1.1471877
0.07291806 	 1.9086287
0.1061241 	 1.6995157
0.12184011 	 1.5946677
0.17586198 	 1.465409
0.21727186 	 1.3776324
0.26822102 	 1.0159364
0.04884211 	 1.2185687
0.038323175 	 1.3411403
0.02191907 	 1.3232971
0.019567735 	 1.9296519
0.019609556 	 2.4003246
0.017682765 	 1.2437103
0.016886754 	 1.8627888
0.024173906 	 0.7922118
0.024734378 	 1.8457518
0.028427312 	 1.5073366
0.3576269 	 1.4693539
0.3291072 	 1.7040839
0.4526592 	 1.2490066
0.3479622 	 1.7406135
0.2522086 	 1.2769957
0.2556813 	 1.3993181
0.24157788 	 1.872607
0.28328165 	 1.3432703
0.021142876 	 2.0993636
0.07354412 	 1.4032643
0.035225246 	 1.7289519
0.058222614 	 1.3384436
0.017399242 	 1.3723798
0.01759486 	 1.6603167
0.014396326 	 1.7347866
0.059966393 	 1.2440164
0.04250739 	 1.5155185
0.037873764 	 1.9306576
0.042623077 	 1.2523485
0.045098405 	 1.0681856
0.052649446 	 1.4096941
0.07838123 	 1.6503197
0.03898986 	 1.6504712
0.026364071 	 1.4293872
0.0070138397 	 1.5496076
0.014542369 	 1.4774116
0.016525162 	 1.3175354
0.0066271788 	 1.0812962
0.008716012 	 1.7678403
0.004195299 	 1.258161
0.0054293172 	 1.1498877
0.0081886025 	 1.949562
0.016081987 	 1.869581
0.055022404 	 1.564195
0.04095514 	 1.3241296
0.03627182 	 1.6584498
0.030111013 	 2.1147397
0.015199252 	 1.3673626
0.019591562 	 1.3722848
0.0213497 	 1.8910688
0.035879306 	 1.3826337
0.042168748 	 1.8094914
0.05024745 	 1.2217445
0.06357291 	 1.3704177
0.056520782 	 1.6998438
0.06881573 	 2.5112007
0.074751005 	 1.4459676
0.01803646 	 1.5887674
0.11373513 	 1.3325512
0.10273292 	 1.2216481
0.013983046 	 1.2419415
0.04076949 	 1.8849875
0.14106655 	 1.3278012
0.12554541 	 0.91908735
0.08473274 	 1.761092
0.034258284 	 1.8760552
0.0354179 	 1.1604135
0.03245842 	 2.0258288
0.039492972 	 1.4756444
0.050899867 	 1.6762983
0.055931374 	 1.6420702
0.028055884 	 1.7764692
0.008544005 	 1.3307519
0.0092823235 	 1.7461761
0.008009837 	 1.8002187
0.00579747 	 1.262636
0.010841454 	 2.4471323
0.017759817 	 1.5189314
0.019382002 	 1.3775132
0.030248925 	 1.4088149
0.045395505 	 1.8386916
0.05387155 	 0.53056884
0.04509847 	 0.43636733
0.045088865 	 0.71888477
0.05171251 	 1.089876
0.041870676 	 0.92620283
0.04637093 	 0.4772944
0.050040323 	 0.48305497
0.050525956 	 0.6510661
0.04880612 	 0.843864
0.04013252 	 0.50825226
0.0361963 	 0.537453
0.027789017 	 0.4343085
0.024900822 	 0.6809864
0.025110258 	 1.0888245
0.015185878 	 0.5175497
0.01918427 	 0.5826263
0.0139340265 	 0.7452942
0.014340635 	 0.6263585
0.013250854 	 0.7149177
0.013123479 	 2.156526
0.011999189 	 1.0545923
0.015808485 	 0.6233905
0.012494452 	 0.5073431
0.013168834 	 1.0772278
0.018066017 	 0.54469186
0.011324329 	 0.7507095
0.017797373 	 0.54248345
0.010662214 	 1.1369001
0.013367311 	 0.7723608
0.010099938 	 0.40777177
0.01011192 	 0.66171837
0.010172493 	 0.2852485
0.01017165 	 0.35204878
0.010193809 	 1.1090052
0.008943918 	 0.8063798
0.010578298 	 0.5873822
0.0095918365 	 1.5649327
0.0064057996 	 0.685934
0.012216198 	 0.36550966
0.008721845 	 0.45515227
0.008845653 	 0.5388523
0.009609349 	 0.94093484
0.0042855646 	 0.7731199
0.0044413344 	 0.6565575
0.002869248 	 0.63230705
0.0052039493 	 0.48869365
0.0044731856 	 1.4346666
0.0052881343 	 0.48269552
0.005082867 	 0.6825352
0.0055531384 	 0.37230915
0.0069739847 	 0.42155886
0.0063977013 	 0.81154174
0.010242766 	 0.40632322
0.0063754464 	 0.8991501
0.0052152732 	 0.89003587
0.0053575845 	 0.8831881
0.0063215806 	 0.41247344
0.0054375874 	 0.29351863
0.0073591587 	 0.72835183
0.0100247385 	 0.38195512
0.0106675755 	 0.48383412
0.011839524 	 0.7951973
0.016061695 	 0.8821739
0.013209299 	 0.42447153
0.010300999 	 0.79535156
0.010645346 	 0.8323154
0.009108775 	 1.4597591
0.011776075 	 0.39665788
0.015077559 	 0.8451057
0.0123984935 	 0.58584625
0.016788978 	 0.6338843
0.01688039 	 0.35333562
0.014252662 	 0.8936602
0.011723063 	 0.90713894
0.008899475 	 0.51480824
0.017060263 	 0.44565523
0.020576442 	 0.42739645
0.03291477 	 1.4688274
0.031036342 	 1.1230932
0.030680232 	 0.6431572
0.049006917 	 0.39523065
0.04138252 	 0.72099674
0.04403365 	 0.5283787
0.049869206 	 0.6960648
0.047925923 	 0.5852868
0.037814274 	 1.1850399
0.049687907 	 0.48595712
0.055850253 	 0.48444736
0.050290067 	 1.1510556
0.042207293 	 0.6393245
0.041657202 	 0.57288873
0.041006994 	 0.5369387
0.03371113 	 0.4735577
0.03203989 	 0.51384187
0.023363257 	 1.5141112
0.018072937 	 0.54975134
0.02342299 	 1.0176525
0.019179594 	 1.6925827
0.01110932 	 0.590234
0.018144615 	 0.41232264
0.009916075 	 0.45347804
0.012274908 	 0.8638848
0.01122559 	 0.5033055
0.012140176 	 0.28391048
0.19668835 	 0.9450893
0.15405054 	 1.6985965
0.13774295 	 1.0354949
0.095804304 	 0.7812813
0.08530582 	 0.8512589
0.07216879 	 0.79529715
0.07925053 	 1.2396158
0.08026537 	 1.1627936
0.08831325 	 1.431468
0.10368342 	 1.5755463
0.09852854 	 1.3484944
0.10792318 	 1.3764807
0.08426121 	 1.4012837
0.09206464 	 1.2750559
0.08365231 	 1.244434
0.08795229 	 0.831647
0.09445823 	 1.6408569
0.09830598 	 1.3015927
0.092777826 	 1.2852497
0.10205154 	 1.5240223
0.097689584 	 0.83926463
0.09335651 	 1.4046433
0.100703366 	 1.7813694
0.11086199 	 1.3761562
0.15014562 	 1.4871409
0.19771124 	 1.1477581
0.18931809 	 1.2770721
0.17594798 	 1.3557332
0.14837854 	 1.4370325
0.15410012 	 1.5970185
0.12675694 	 1.372001
0.12511247 	 1.4546616
0.115363926 	 0.8987441
0.104807034 	 1.4638346
0.10732492 	 1.4065866
0.111109145 	 1.6136853
0.10444947 	 1.1153046
0.0909243 	 1.214713
0.14960296 	 0.6985916
0.21702318 	 0.5118287
0.12377564 	 1.2477361
0.119026266 	 1.1404052
0.12155663 	 0.9554532
0.13680738 	 1.0503579
0.10320954 	 1.4895598
0.09960858 	 1.3769306
0.08146623 	 1.2007058
0.087968044 	 1.1137139
0.09133916 	 1.159503
0.09252169 	 1.0556263
0.08407927 	 0.86200887
0.0683466 	 1.6317158
0.071455225 	 0.933035
0.062087025 	 1.5920423
0.051487762 	 1.362391
0.054921962 	 1.5884093
0.057361618 	 1.2532686
0.06500905 	 1.6581898
0.08782454 	 1.5731921
0.09405432 	 0.8063213
0.09898737 	 1.1085722
0.10133013 	 1.2398788
0.10140605 	 1.0751108
0.11113366 	 1.0501761
0.11180226 	 1.574362
0.16507922 	 1.4191641
0.16311197 	 1.3087424
0.16897102 	 0.63917625
0.14437433 	 1.2801914
0.1894319 	 1.5005585
0.16480732 	 1.3527428
0.0995646 	 1.5718648
0.0933238 	 1.5933867
0.07266894 	 1.2895749
0.06770847 	 1.5753899
0.072016835 	 0.9578382
0.059693467 	 1.2330794
0.06718746 	 0.7097848
0.0731512 	 1.2516488
0.08457368 	 1.0469452
0.10089653 	 1.4925448
0.09427129 	 1.3941455
0.22245094 	 1.2964274
0.27326718 	 0.83938533
0.33136922 	 0.83833337
0.375179 	 0.932709
0.38876164 	 0.99000907
0.3556058 	 1.0781289
0.26467842 	 0.91718364
0.17470458 	 0.99820733
0.12279116 	 1.6257637
0.11367803 	 1.3926156
0.072931774 	 0.77248764
0.07237504 	 1.1586446
0.07132668 	 0.9732149
0.07504818 	 1.0777557
0.08371601 	 1.2296525
0.073491134 	 1.1597117
0.09028406 	 1.6044105
0.087506756 	 1.2693092
0.09144594 	 1.363114
0.080060914 	 1.1694281
0.077833496 	 0.6134095
0.085652575 	 1.311656
0.08987628 	 1.3593398
0.07630879 	 1.5405229
0.07102146 	 1.375408
0.05919135 	 1.0922716
Summary
0.002869248  -  0.4526592 ,  0.28391048  -  2.5112007
accuracy:  100.0
equal predictions:  0
