TensorFlow version: 1.13.1
Found 939 images belonging to 1 classes.
argN = 3136
argN = 3136
0.82778764 	 1.3949417
0.6583363 	 1.2622913
0.757416 	 1.182651
0.58556545 	 1.3819107
0.50392056 	 1.8376383
0.48773274 	 1.6533697
0.3156221 	 1.6260946
0.2882033 	 1.732266
0.24475673 	 1.6394475
0.21657504 	 2.0815659
0.13444427 	 2.1140187
0.098835565 	 1.8510867
0.07912717 	 1.6913936
0.073388055 	 1.65102
0.06924132 	 1.876037
0.07030143 	 2.1874206
0.16216856 	 0.6244124
0.14076461 	 0.9071955
0.15043989 	 1.0420624
0.21580459 	 1.4277511
0.30719966 	 1.2015378
0.55430144 	 0.850645
0.52880394 	 0.8295714
0.46903124 	 0.759125
0.55447924 	 0.6890784
0.5266665 	 0.8959089
0.17815076 	 2.009129
0.1852103 	 1.9097605
0.19368646 	 1.4532248
0.12544696 	 2.3919632
0.13170065 	 3.153254
0.1874917 	 1.6271582
0.8853014 	 1.0047722
0.9915455 	 1.1145883
1.0762248 	 0.9710358
1.074707 	 1.1373091
1.0140284 	 0.9824047
1.0344537 	 1.0659003
1.0014839 	 0.9604367
1.0619504 	 1.1978011
0.7379781 	 1.0576746
0.944092 	 1.2289143
0.91057986 	 1.0949312
0.24117224 	 1.3036463
0.6753438 	 1.5419782
0.49575788 	 1.0858049
0.3033464 	 1.0788713
0.2957083 	 1.2641752
0.25452894 	 1.4740275
0.10089033 	 1.8540272
0.08248313 	 2.382637
0.05049386 	 2.3621156
0.029531557 	 2.5900974
0.036061145 	 2.6101954
0.033630066 	 2.1054754
0.03340226 	 2.3833876
0.2565479 	 0.7070897
0.17262822 	 1.0326796
0.19731903 	 1.187673
0.23145844 	 1.2892077
0.42982084 	 0.91198456
0.3973458 	 0.8370814
0.412632 	 0.74130636
0.39709187 	 0.73635155
0.36535683 	 0.83667105
0.19236858 	 1.0385479
0.19159569 	 1.1804034
0.14867768 	 1.1439364
0.103523694 	 1.2710892
0.113994084 	 1.5051212
0.026901219 	 2.083774
0.027770877 	 1.9116044
0.01971946 	 2.4438903
0.04778549 	 1.9188907
0.05707684 	 1.9659121
0.5592818 	 1.0779705
0.53357685 	 1.1579916
0.60606956 	 1.0071336
0.6474079 	 0.9801738
0.7357958 	 0.9603549
0.64802307 	 0.9673119
0.6173953 	 0.9185694
0.5048379 	 1.0017664
0.41170868 	 1.2975298
0.23618498 	 1.5336486
0.3541983 	 1.6728892
0.3794491 	 1.5378995
0.36419907 	 1.516829
0.36562675 	 1.0248287
0.2548195 	 1.4398441
0.09352522 	 1.3077062
0.0825891 	 1.5994507
0.13834745 	 1.1733038
0.18667084 	 1.4088336
0.22441377 	 1.045521
0.253623 	 0.7875259
0.15003757 	 1.5414255
0.24447545 	 1.3159319
0.35151124 	 0.942944
0.4781702 	 0.7771011
0.5533467 	 0.4981429
0.2607057 	 0.88115823
0.07899177 	 2.1870298
0.08810389 	 1.5964255
0.53236884 	 0.7161678
0.5357388 	 0.6804024
0.5417147 	 0.5966737
0.5301369 	 0.6330948
0.5403987 	 0.68923324
0.5537407 	 0.64973706
0.5576194 	 0.6081474
0.4863892 	 0.65730363
0.46572402 	 0.6322476
0.4720695 	 0.5843476
0.4397495 	 0.69259506
0.44516933 	 0.6331836
0.39912418 	 0.57228863
0.38673076 	 0.6553389
0.34591836 	 0.68642676
0.32600796 	 0.69174755
0.31354403 	 0.64702946
0.23092765 	 0.66848856
0.20987397 	 0.69873834
0.2016384 	 0.5913023
0.19456334 	 0.6846311
0.17359729 	 0.76571304
0.12907915 	 0.86210966
0.13146195 	 0.48406157
0.12280909 	 0.7100512
0.121032834 	 1.2156718
0.10634152 	 0.6797353
0.10119288 	 0.8995232
0.0986034 	 0.97152036
0.09864563 	 0.9181172
0.101465955 	 0.67769897
0.10220509 	 0.7194841
0.10020567 	 0.9479519
0.09732404 	 0.74601007
0.08800547 	 0.73818433
0.08096224 	 0.71442246
0.061224975 	 0.7588775
0.05423507 	 1.0379627
0.050312195 	 0.59924203
0.05373707 	 0.714887
0.05146423 	 1.5178477
0.056793414 	 1.129313
0.04973044 	 0.5731256
0.049606852 	 0.94442695
0.04826121 	 0.6477277
0.025469221 	 0.51961017
0.034396585 	 0.69684607
0.029811848 	 1.0454378
0.035992496 	 0.8628901
0.034005236 	 0.8927207
0.027152108 	 0.73397535
0.033277098 	 0.7260996
0.033258427 	 0.79197484
0.033728518 	 0.86433625
0.025080493 	 0.687256
0.028993303 	 0.6153836
0.030534087 	 0.82775515
0.030370697 	 0.9001457
0.031029886 	 0.7388734
0.032394882 	 1.0006068
0.03365312 	 0.67233497
0.033490393 	 0.770242
0.04122275 	 0.65050656
0.042154323 	 0.5704565
0.054626994 	 0.6092041
0.06323735 	 0.6270327
0.060632344 	 0.4549697
0.060192294 	 0.88449043
0.06894976 	 0.84125674
0.06921858 	 1.0299661
0.06311189 	 1.157281
0.070831165 	 0.8576036
0.07415877 	 0.8168443
0.07680967 	 0.89162
0.071616314 	 0.7035398
0.08240442 	 0.63753766
0.08428235 	 1.2097019
0.08005142 	 0.79187405
0.09283263 	 0.763845
0.08764189 	 0.64150995
0.11689896 	 0.46919152
0.119997226 	 0.73409456
0.13067764 	 1.0175207
0.1367238 	 0.7469385
0.1287027 	 0.7926238
0.11589058 	 0.7902116
0.118545875 	 0.8175049
0.07098562 	 0.6895282
0.038518593 	 0.56484115
0.017279403 	 0.91553587
0.019728944 	 0.7730638
0.2659723 	 0.58327067
0.2997011 	 0.6700823
0.30738607 	 0.67499965
0.23087005 	 0.7525606
0.22099508 	 0.75837994
0.16781746 	 0.96723574
0.15850003 	 0.9738453
0.16076882 	 0.6580929
0.17487133 	 0.65263104
0.18129314 	 0.7045421
0.1745492 	 0.5911266
0.17839624 	 0.7749573
0.18784326 	 0.7650753
0.20093547 	 0.7727932
0.18188794 	 0.9368944
0.19267626 	 0.87552404
0.17517126 	 0.76646113
0.15626745 	 0.63123214
0.1637063 	 0.83673215
0.1598535 	 1.0033258
0.16392495 	 0.5526973
0.15729186 	 0.8623821
0.14855811 	 1.2633724
0.14428549 	 0.9643113
0.12676857 	 0.8842449
0.12455556 	 0.7931634
0.13147262 	 0.90680885
0.13753077 	 1.1376767
0.14447941 	 0.57814246
0.2292049 	 0.68365693
0.24481292 	 1.0573851
0.2520756 	 0.6592521
0.2086797 	 0.9158034
0.20017086 	 0.6990072
0.1938444 	 1.1130619
0.18473053 	 0.70603496
0.30752638 	 0.7697906
0.16293503 	 0.6029778
0.1535914 	 0.8443735
0.16562717 	 0.8144293
0.15016529 	 0.6052699
0.1384248 	 0.91587114
0.14833975 	 0.70123607
0.16162698 	 0.5715368
0.15868917 	 0.9633098
0.14700218 	 1.0521942
0.13340926 	 0.9282426
0.09937748 	 1.1934885
0.11695189 	 0.9308262
0.13506682 	 0.668732
0.122096054 	 0.657727
0.12378481 	 0.96987504
0.13934778 	 1.0436691
0.13007696 	 0.67705244
0.13520485 	 0.71703196
0.16275427 	 0.6893624
0.15885468 	 0.7120286
0.1802335 	 0.90294504
0.17992763 	 0.8644571
0.20321932 	 0.7886306
0.20017049 	 0.9182791
0.2903565 	 0.8104217
0.3169813 	 0.653746
0.30985487 	 0.7533375
0.3646798 	 0.6684183
0.38021928 	 0.7686084
0.3798525 	 0.57560164
0.21435341 	 0.8128132
0.20967503 	 0.66664505
0.18814862 	 0.37637845
0.16947944 	 0.39665502
0.16150922 	 0.82442826
0.12247332 	 0.68180496
0.13271198 	 1.0184133
0.12270928 	 0.6051608
0.10570041 	 1.0716193
0.11329038 	 0.8194161
0.097790405 	 0.88853383
0.101970024 	 0.61841005
0.12791222 	 0.73956937
0.1147372 	 0.868542
0.13500495 	 0.6564104
0.14740844 	 0.7093075
0.20737141 	 0.45227808
0.30018598 	 0.83978504
0.33735472 	 0.74077374
0.333398 	 0.7956533
0.38639325 	 0.7938879
0.39879507 	 0.76596576
0.40993735 	 0.7083365
0.44061267 	 0.6773443
0.54661673 	 0.7106544
0.5379341 	 0.70806074
0.5660052 	 0.56690985
0.5495239 	 0.62868595
0.5990131 	 0.5763955
0.5923537 	 0.6165513
0.56536734 	 0.74480236
0.29537204 	 0.9107347
0.14219019 	 0.77025944
0.122374766 	 0.6517859
0.10742685 	 0.4766156
0.10567749 	 0.53045535
0.09971078 	 0.8696229
0.1174409 	 0.5229445
0.12013453 	 0.79716486
0.14996286 	 0.789878
0.14284028 	 1.0024773
0.13338046 	 0.69471973
0.13711402 	 0.71656907
0.14132947 	 0.54414415
0.14495473 	 0.7888599
0.1404419 	 0.62815696
0.1263044 	 0.8516832
0.1310121 	 0.81447643
0.13219619 	 0.8541681
0.13629651 	 1.0125694
0.13216946 	 1.0115314
Summary
0.017279403  -  1.0762248 ,  0.37637845  -  3.153254
accuracy:  98.4
equal predictions:  0
TensorFlow version: 1.13.1
Found 939 images belonging to 1 classes.
argN = 3136
argN = 3136
0.6526375 	 1.789551
0.64324254 	 1.6816041
0.6798273 	 1.47106
0.6641111 	 1.7062691
0.58323133 	 1.89851
0.6086493 	 1.7058909
0.34288564 	 1.8778069
0.6595574 	 1.5060278
0.39920726 	 1.6772239
0.263366 	 1.915414
0.14742978 	 1.5573238
0.080475554 	 1.946518
0.06206819 	 1.8145224
0.11136682 	 1.612516
0.24997948 	 1.5199362
0.32309788 	 1.134113
0.20434304 	 1.3823494
0.30715436 	 1.2973602
0.32838508 	 1.2933943
0.3093609 	 1.2065787
0.373934 	 1.4497441
0.3614282 	 1.360033
0.34860733 	 1.683587
0.36775118 	 1.336755
0.3441833 	 1.3651251
0.16107436 	 1.4609877
0.12432847 	 2.204517
0.10877914 	 2.3284476
0.103675745 	 1.6876428
0.14454456 	 2.335734
0.14802054 	 1.9977949
0.14703733 	 1.8584099
0.14266236 	 2.522783
0.13988577 	 1.4737046
0.16170798 	 1.9462279
0.17871213 	 1.7479455
0.21716611 	 1.2147126
0.98243797 	 1.8087901
0.83106995 	 1.3480271
0.69164497 	 1.804178
0.6969706 	 1.8779562
0.7177574 	 1.9813849
0.5920072 	 1.7559859
0.14118387 	 1.795695
0.19437417 	 1.8642774
0.17078401 	 1.7219263
0.17495774 	 2.1359441
0.15148789 	 1.9867481
0.08119061 	 1.9797646
0.06124988 	 1.4563049
0.044411 	 1.869259
0.1458383 	 1.5093863
0.13215448 	 1.9099529
0.11912134 	 1.5125526
0.1873725 	 1.4020983
0.20592868 	 1.3480273
0.2087253 	 1.2892321
0.19813596 	 1.2929766
0.17363508 	 1.645758
0.05598319 	 2.1952286
0.07393444 	 1.6975788
0.04365364 	 1.863821
0.0409254 	 1.3926753
0.034700025 	 1.5161253
0.04116064 	 1.6920022
0.04105475 	 2.1941893
0.044988357 	 1.3825551
0.04815738 	 2.1771839
0.049339306 	 1.8223115
0.13302709 	 1.9219639
0.15814516 	 1.6802788
0.37887755 	 1.4842868
0.33659932 	 1.5753083
0.3085072 	 1.7298373
0.13872488 	 1.7912621
0.09739348 	 1.0679259
0.090463474 	 1.5908209
0.11344773 	 1.8907012
0.13329314 	 1.6622229
0.17173064 	 1.6055119
0.1941172 	 1.6482973
0.17976338 	 1.8063617
0.18490413 	 1.8631871
0.06858034 	 1.9536968
0.109711796 	 1.9697722
0.30785614 	 1.1845082
0.12010994 	 1.5695112
0.1892169 	 1.3951792
0.22398528 	 1.1919698
0.19746606 	 1.5734063
0.084622204 	 2.0471282
0.066526875 	 1.5162154
0.054090604 	 2.1313453
0.04386698 	 2.0083914
0.07075746 	 2.044421
0.07892043 	 1.6820962
0.11435568 	 1.5852224
0.14576809 	 1.5465981
0.10635882 	 1.4048791
0.22486088 	 0.71365964
0.22869207 	 1.0245218
0.23168865 	 1.1519935
0.21346395 	 0.602087
0.22246927 	 0.7562252
0.2075704 	 0.9800704
0.20801878 	 0.58316875
0.21879086 	 0.8535228
0.23677802 	 0.5942209
0.19459535 	 0.56469584
0.21966971 	 0.58678174
0.20737149 	 0.6528969
0.22540593 	 0.64146036
0.21034405 	 0.7353274
0.20573756 	 0.7808628
0.20401062 	 0.8279914
0.19587861 	 0.99195
0.20600684 	 1.2761693
0.18079738 	 0.8952651
0.13080902 	 0.7706815
0.10912217 	 0.5221491
0.10884467 	 0.94281775
0.0921964 	 0.6352004
0.07161657 	 0.5945585
0.08265397 	 0.9538199
0.07198263 	 0.85983884
0.08315059 	 0.7204502
0.073773116 	 0.76654583
0.083305985 	 1.6281363
0.08543689 	 0.92581266
0.07722097 	 1.0897559
0.07142232 	 0.85031974
0.0760277 	 0.76989025
0.07035054 	 0.9869529
0.054433435 	 0.5845324
0.055479024 	 2.2514646
0.059150435 	 0.83958435
0.058391567 	 0.39013237
0.055009242 	 1.1932393
0.042763036 	 0.65238774
0.04430551 	 1.012911
0.05781381 	 0.7123375
0.04773791 	 0.6761313
0.050229333 	 1.7169143
0.04264466 	 0.42759827
0.03772842 	 1.2280147
0.033046477 	 0.89003605
0.034715824 	 0.7813776
0.030903915 	 0.9709492
0.041449863 	 1.021885
0.035712507 	 0.5275227
0.04232021 	 0.7020269
0.039560996 	 1.2301134
0.039924625 	 0.96797204
0.037085835 	 0.5742936
0.045281556 	 0.75555253
0.040612865 	 0.75075215
0.042032972 	 0.47631788
0.036285296 	 1.7419124
0.03712994 	 0.9680607
0.03810451 	 1.0048363
0.048772827 	 1.386732
0.049987875 	 0.858221
0.058520544 	 0.58176935
0.05630378 	 0.92972434
0.05580708 	 0.8150406
0.059842166 	 1.1411312
0.06620903 	 0.49138898
0.061529633 	 1.0998243
0.062171824 	 0.61262524
0.062364094 	 0.76012844
0.07097084 	 0.5048654
0.06737744 	 0.74348193
0.07137777 	 0.55924696
0.071911275 	 0.72352403
0.06086201 	 1.0303657
0.071010195 	 0.7909668
0.08311697 	 1.104894
0.08147018 	 0.5098772
0.10479108 	 1.2351397
0.13460793 	 0.8126599
0.13861696 	 1.0564166
0.14587899 	 0.9307585
0.15618216 	 0.9287267
0.13934867 	 0.8054069
0.12964769 	 1.0059458
0.12716691 	 0.7060952
0.11990241 	 0.62446314
0.088847086 	 0.6973426
0.07441121 	 0.6851045
0.07848967 	 1.0601077
0.06552358 	 1.6102666
0.06108076 	 0.5241913
0.058465373 	 1.0925742
0.05107474 	 1.3324646
0.064005055 	 1.2099183
0.05740075 	 1.1059418
0.057055134 	 0.62718326
0.42976514 	 1.0140787
0.47967982 	 0.89196754
0.4173806 	 1.0227301
0.29718298 	 1.1784759
0.27331072 	 0.8177561
0.25158167 	 1.2821677
0.27229685 	 1.2494918
0.24879447 	 1.0238945
0.25098455 	 0.62054205
0.2780386 	 1.2456077
0.29600364 	 1.2036364
0.3009953 	 0.91932315
0.31071028 	 1.0591274
0.28886828 	 1.1287227
0.26255068 	 1.1971694
0.26919413 	 1.1014175
0.28425923 	 0.95892686
0.2602075 	 1.0441657
0.30403474 	 1.3341839
0.2846486 	 1.1617922
0.27662525 	 1.262593
0.26509687 	 1.2116482
0.26376298 	 1.1074384
0.2391401 	 0.9966446
0.25170994 	 1.3446624
0.24675487 	 1.0285329
0.24833356 	 1.4546626
0.2564137 	 1.1458439
0.27722594 	 1.2876691
0.30032867 	 1.310537
0.30342147 	 1.2081814
0.43563506 	 1.221721
0.41371155 	 1.1065241
0.3426875 	 1.2693925
0.31875542 	 0.901816
0.27734452 	 1.3348985
0.3154268 	 1.2515543
0.2978292 	 0.80137044
0.30634263 	 0.9693799
0.29084563 	 1.3473982
0.29613844 	 1.356902
0.26412597 	 1.411612
0.3394147 	 0.73910046
0.43167147 	 0.58786184
0.43854916 	 1.0883367
0.3819338 	 1.1598294
0.3509091 	 1.149925
0.32125092 	 1.2532108
0.27835357 	 1.451301
0.26176158 	 0.852207
0.23231158 	 1.388866
0.21691151 	 1.4161757
0.22679397 	 1.0959274
0.20819066 	 1.365172
0.2270802 	 1.1382129
0.21383236 	 1.3122678
0.2169318 	 1.1148103
0.2048855 	 0.801407
0.16120307 	 1.4118845
0.1702791 	 0.66552323
0.17049041 	 1.3205972
0.16949046 	 1.5135142
0.17913447 	 1.6563443
0.27214518 	 1.072239
0.28296718 	 1.0503733
0.26411393 	 1.2579613
0.33328164 	 1.1118959
0.3559616 	 0.8462201
0.35978168 	 0.8818465
0.3582971 	 0.9227517
0.38614827 	 0.97156286
0.36436853 	 1.042174
0.33410987 	 0.88914955
0.28345463 	 1.0830823
0.24893498 	 1.177469
0.23494412 	 0.8953287
0.19997835 	 0.88577235
0.2001255 	 1.4361659
0.1923178 	 1.1648655
0.2472362 	 1.3721853
0.24183905 	 1.5288754
0.32944036 	 1.0141491
0.3923304 	 0.89598554
0.38464305 	 0.84707373
0.40546346 	 0.9959463
0.42677748 	 0.97285175
0.43107927 	 0.8741519
0.45119315 	 0.7671027
0.46350157 	 0.7584823
0.4428362 	 0.75615704
0.47499722 	 0.7509152
0.5073544 	 0.664995
0.50646853 	 0.6501678
0.53991985 	 0.65962374
0.53289396 	 0.7207536
0.50554514 	 0.7426802
0.45632154 	 0.8009674
0.33610854 	 0.8215925
0.26229832 	 0.77926624
0.24903056 	 1.2345535
0.20781714 	 1.4482061
0.2157526 	 0.9800544
0.19293806 	 1.148499
0.19390482 	 1.5917981
0.20993426 	 1.4609219
0.21168996 	 1.186939
0.21039245 	 1.4085894
0.23415895 	 1.1138222
0.2408056 	 1.1965046
0.25062487 	 1.4497747
0.25827068 	 1.2833189
0.26944342 	 1.4339622
0.25911552 	 1.2339444
0.27335602 	 1.1125867
0.24024649 	 1.5338385
0.23479818 	 0.9798651
Summary
0.030903915  -  0.98243797 ,  0.39013237  -  2.522783
accuracy:  100.0
equal predictions:  0
TensorFlow version: 1.13.1
Found 939 images belonging to 1 classes.
argN = 3136
argN = 3136
0.44754156 	 0.73380387
0.41237286 	 1.1282117
0.35586876 	 1.0773917
0.31059676 	 1.4631056
0.23881324 	 1.7204653
0.20022205 	 1.3140296
0.20928551 	 1.2661813
0.24966705 	 1.4494429
0.20867993 	 0.96898824
0.2522115 	 1.0152115
0.28836474 	 0.79046875
0.28231245 	 0.6149076
0.17330365 	 0.423967
0.183935 	 0.7608156
0.15514925 	 0.7981063
0.1646908 	 1.0085166
0.1893477 	 1.2766232
0.1939996 	 1.3286856
0.13689801 	 1.5474691
0.13397427 	 1.2264998
0.12885273 	 1.66065
0.15411305 	 1.5417254
0.17755918 	 1.763677
0.3364813 	 1.4491069
0.38765585 	 1.1284502
0.41183212 	 0.87536496
0.31616923 	 0.5312911
0.37243795 	 0.5881565
0.420564 	 0.48048276
0.30786797 	 0.52447915
0.30204946 	 0.39585668
0.30927423 	 0.3683799
0.30660865 	 0.44291332
0.36890745 	 1.1443994
0.6137979 	 0.7215167
0.50901496 	 0.7764953
0.50375223 	 0.7575789
0.47538278 	 0.7142032
0.43311906 	 0.66891783
0.34270552 	 0.9170961
0.20965946 	 1.244717
0.123620294 	 1.3634008
0.09967765 	 1.8929348
0.08696974 	 1.2171652
0.09127549 	 1.4267824
0.10482789 	 1.7143016
0.22194582 	 0.7046357
0.25983328 	 1.0550447
0.21042268 	 0.34539437
0.3403886 	 0.4590288
0.1763191 	 0.76869154
0.16841142 	 0.89862025
0.14227602 	 1.6454246
0.06025674 	 1.0308782
0.03874664 	 1.5471073
0.040726963 	 1.9958819
0.041777637 	 1.7563361
0.22689275 	 1.1212202
0.3823956 	 0.44782424
0.43490314 	 0.4952429
0.4250875 	 0.4618034
0.4078076 	 0.36884937
0.48268315 	 0.46938917
0.51324695 	 0.44203696
0.45748043 	 0.8047023
0.4995498 	 0.7096865
0.4507035 	 0.7479848
0.38348138 	 0.8748489
0.2984762 	 0.9679593
0.27960765 	 1.1301147
0.22806811 	 1.2646896
0.20133518 	 1.5379442
0.10967907 	 1.3154707
0.10032058 	 1.581449
0.11407111 	 1.6704415
0.13065863 	 2.0354972
0.17475824 	 0.82032835
0.22354297 	 0.69323385
0.19563656 	 0.9536197
0.20511326 	 1.0044905
0.3393716 	 0.42166778
0.2925751 	 0.34342438
0.30679277 	 0.21757323
0.27679718 	 0.2917712
0.2152068 	 0.71360946
0.20242152 	 1.0371176
0.17439273 	 1.41536
0.09929842 	 1.3614556
0.09921357 	 1.4866334
0.057506748 	 1.4578921
0.06387968 	 2.313367
0.055467997 	 1.9237432
0.071809955 	 1.7030445
0.0788291 	 1.4015191
0.14262551 	 1.4252867
0.11594011 	 0.9201907
0.28055662 	 0.5119242
0.30593413 	 0.45352477
0.30061588 	 0.49422213
0.30983213 	 0.66982627
0.3219246 	 0.65722346
0.32379386 	 0.5311613
0.30543262 	 0.67874295
0.23741439 	 0.7007634
0.23758067 	 0.66322666
0.23852584 	 0.598627
0.22584578 	 0.7346338
0.2205584 	 0.6133358
0.21721461 	 0.7191342
0.22111724 	 0.75655437
0.20276982 	 0.722469
0.22074391 	 0.7069551
0.19363582 	 0.6777658
0.20197645 	 0.72927266
0.19943011 	 0.73041123
0.20303486 	 0.65881616
0.2021629 	 0.76453567
0.21325345 	 0.76333976
0.21779604 	 0.777906
0.20987853 	 0.8232485
0.19876806 	 0.68372494
0.19239683 	 0.7285122
0.190471 	 0.7405419
0.18444099 	 0.8805431
0.17964104 	 0.8770201
0.17002882 	 0.6659593
0.17021938 	 0.81606025
0.17491996 	 0.9869008
0.14513932 	 1.0817639
0.1461413 	 0.75790673
0.12418316 	 0.9757195
0.110131934 	 1.0521694
0.10842859 	 0.8181543
0.10480088 	 0.8011516
0.10704931 	 0.8836671
0.1018109 	 0.74173754
0.08961385 	 0.72890216
0.09047639 	 0.9011706
0.09978724 	 0.91979694
0.091798164 	 1.3850818
0.086190775 	 0.7835483
0.081599444 	 1.0399565
0.08729418 	 0.7274931
0.068411894 	 0.8766264
0.070574194 	 0.68190914
0.06618637 	 0.6598179
0.06330148 	 1.3581135
0.05490754 	 1.3111227
0.055088468 	 1.1158159
0.054877948 	 0.8532068
0.06423371 	 1.1091198
0.06156551 	 0.7477392
0.059557572 	 0.8984801
0.056628138 	 0.9706019
0.06588595 	 0.8134555
0.05796147 	 0.78339773
0.06414842 	 0.78193283
0.068317495 	 0.77969027
0.068481274 	 0.7226718
0.066734575 	 0.95602894
0.071939334 	 0.98816663
0.07925911 	 0.44552326
0.08052226 	 0.7204729
0.08180732 	 0.7249892
0.08910541 	 0.8226541
0.09965421 	 0.86401916
0.12016075 	 0.7309131
0.12893105 	 0.80373347
0.145695 	 1.1256844
0.16451435 	 0.78285027
0.16737697 	 0.77164865
0.1655194 	 0.6698124
0.16891061 	 0.9896708
0.17142516 	 0.75694174
0.16842179 	 0.64479935
0.16423798 	 0.73816466
0.15260477 	 0.8150624
0.14456777 	 0.830341
0.16093083 	 0.7525869
0.1458985 	 0.8280232
0.14424211 	 0.7580269
0.1420084 	 0.88007665
0.13148758 	 0.6162682
0.12944236 	 0.81913435
0.12127694 	 0.98102385
0.12915985 	 0.7114669
0.11769707 	 0.8079348
0.115468144 	 0.77224207
0.109749846 	 1.105303
0.105424985 	 0.77325064
0.1072948 	 0.997876
0.10950741 	 0.7832379
0.10674074 	 0.76156247
0.10473165 	 0.63426167
0.09967561 	 0.5810669
0.1053675 	 0.87630904
0.0975 	 0.84621775
0.10689727 	 0.680907
0.10314432 	 0.808708
0.100527704 	 0.8627623
0.10075221 	 0.7974923
0.08677938 	 0.7843904
0.08537087 	 0.85906076
0.075455345 	 0.73946637
0.0690248 	 0.77687186
0.055085257 	 1.267881
0.054695424 	 0.677487
0.04862739 	 0.6331934
0.31663454 	 0.64224315
0.31516266 	 0.73125684
0.2642632 	 0.58390015
0.28120136 	 0.8484057
0.30009302 	 0.6492718
0.32432216 	 0.61933243
0.30728728 	 0.73201364
0.29746318 	 0.7017125
0.2850484 	 0.65429026
0.25079727 	 0.69764686
0.23258667 	 0.60275155
0.2428808 	 0.87946147
0.22044864 	 0.8957572
0.24278712 	 0.67801267
0.23998412 	 0.6562971
0.2398179 	 0.9496366
0.24861905 	 0.6194495
0.27889115 	 0.7325606
0.29699573 	 0.62853104
0.30165207 	 0.7016696
0.3316092 	 0.61969477
0.2763608 	 0.7348677
0.2605832 	 0.8149488
0.2617245 	 0.6020178
0.2720275 	 0.604757
0.36630923 	 0.54425913
0.20675929 	 0.8512241
0.18888624 	 0.9238289
0.21740757 	 0.68121654
0.23556289 	 0.84198606
0.23601456 	 0.812399
0.21708027 	 0.7186342
0.21681519 	 0.45176852
0.1969091 	 0.7533671
0.2230647 	 0.76881796
0.1948315 	 0.82440895
0.2050417 	 0.592662
0.19319935 	 0.68638873
0.19633925 	 0.9465647
0.1833785 	 0.72927785
0.17985556 	 0.53368527
0.18796605 	 0.6315823
0.19190414 	 0.78950566
0.20785102 	 0.70544624
0.27012992 	 0.4757518
0.28232527 	 0.50752944
0.2900052 	 0.7347056
0.3126105 	 0.76902795
0.30843133 	 0.6046298
0.29323778 	 0.7484534
0.33123457 	 0.71041566
0.36106893 	 0.66520065
0.37488168 	 0.5399233
0.4307606 	 0.6640929
0.4371822 	 0.74292433
0.40786532 	 0.6285124
0.4044846 	 0.690186
0.34715676 	 0.8858763
0.30695122 	 0.69008046
0.26956993 	 0.5977867
0.28246394 	 0.7969894
0.27021778 	 0.67397016
0.22831881 	 0.72177666
0.2320001 	 0.6685481
0.22482677 	 0.6523461
0.20183969 	 0.5959626
0.23111553 	 0.646881
0.31330723 	 0.6619383
0.3799636 	 0.6933099
0.3807859 	 0.7058554
0.42272204 	 0.728237
0.44077653 	 0.6769622
0.49549487 	 0.6361807
0.5136381 	 0.78555405
0.5041917 	 0.7134797
0.47446895 	 0.6166762
0.45733747 	 0.76987785
0.47333157 	 0.63547117
0.47181877 	 0.7401196
0.51745325 	 0.75825995
0.543145 	 0.64573675
0.55435497 	 0.6678656
0.54937214 	 0.6081245
0.5426837 	 0.5863354
0.48108095 	 0.70154124
0.4505473 	 0.7060254
0.42249003 	 0.6989655
0.37391877 	 0.54692143
0.3318739 	 0.6201424
0.30874172 	 0.6267797
0.26036996 	 0.8812538
0.23939072 	 0.82613647
0.22517537 	 0.533891
0.22178786 	 0.58842057
0.21459052 	 0.58244526
0.200752 	 0.9425797
0.19632939 	 0.7908297
0.2112007 	 0.6563789
0.25174925 	 0.7880182
0.27769288 	 0.6379279
0.26921013 	 0.6863673
0.26293516 	 0.5906374
0.26772654 	 0.59887445
0.25291798 	 0.7531619
0.2908816 	 0.6503435
Summary
0.03874664  -  0.6137979 ,  0.21757323  -  2.313367
accuracy:  98.7
equal predictions:  0
TensorFlow version: 1.13.1
Found 939 images belonging to 1 classes.
argN = 3136
argN = 3136
0.3050601 	 1.3234988
0.28101605 	 1.5901173
0.20037818 	 0.8366541
0.11801694 	 1.1555523
0.042066105 	 1.9160196
0.040033933 	 1.3236319
0.04187459 	 0.96574503
0.04611124 	 1.9119407
0.062585585 	 1.3001454
0.068903595 	 1.6213802
0.15108995 	 1.1101687
0.349869 	 0.9837651
0.3031157 	 1.0260832
0.14726533 	 1.441952
0.18878631 	 1.3396533
0.25554952 	 1.3000479
0.20775682 	 1.4605523
0.19183835 	 1.0782171
0.2643671 	 1.2350663
0.11521924 	 1.4657156
0.07507394 	 1.4808673
0.048907075 	 1.5197109
0.060340244 	 1.7206262
0.06342036 	 0.8562637
0.26552042 	 1.6306208
0.307383 	 1.1750623
0.30734295 	 1.3986478
0.32161573 	 1.1015738
0.27974302 	 1.9997928
0.2648481 	 1.5312612
0.2526562 	 1.8443247
0.2817612 	 0.9715388
0.28278023 	 1.1331142
0.24674465 	 1.3948549
0.22770159 	 1.0803475
0.054952316 	 1.3924339
0.0779904 	 1.6773899
0.10610396 	 1.3281121
0.12638009 	 1.266239
0.15071732 	 1.3447264
0.08473774 	 1.4158667
0.045379974 	 1.6351019
0.032796506 	 1.1852211
0.11727428 	 1.5200258
0.1131472 	 1.7403872
0.12414065 	 1.2174282
0.1774971 	 1.26502
0.09914677 	 1.0634761
0.11941514 	 1.65584
0.11029671 	 1.5617297
0.040993147 	 1.441159
0.039726883 	 1.5388017
0.060230404 	 1.3558568
0.047844265 	 1.8189889
0.02827751 	 1.5856341
0.025449473 	 1.0776632
0.026781706 	 1.7008915
0.041372333 	 1.5036498
0.10444709 	 0.97538877
0.09409485 	 1.4427395
0.08932672 	 1.3602258
0.06965067 	 1.2066085
0.06445327 	 1.1295317
0.097775355 	 1.8187262
0.09822627 	 0.8728383
0.10614637 	 1.0670952
0.091050684 	 1.0645752
0.13343446 	 1.0758193
0.08225809 	 1.1937352
0.049216516 	 1.6656107
0.09150211 	 1.5069858
0.058872927 	 1.4363457
0.25737152 	 1.2035272
0.22415113 	 1.1483423
0.086589314 	 1.84107
0.13357206 	 1.2544484
0.13594772 	 1.2472352
0.18651417 	 1.2790574
0.03948578 	 1.5529255
0.032195304 	 1.6204674
0.030155301 	 1.2776711
0.019015437 	 1.901364
0.021696413 	 1.233498
0.030272331 	 1.4649512
0.09064403 	 1.319854
0.09922799 	 1.0128515
0.04844275 	 1.5432402
0.029034352 	 1.5729513
0.15215093 	 0.47830683
0.15640076 	 0.4105709
0.15199736 	 0.75997806
0.16232665 	 1.0837088
0.15022707 	 0.8270871
0.17328125 	 0.74877685
0.16281459 	 0.860209
0.15663545 	 0.7706908
0.16158263 	 0.45728266
0.16126287 	 0.74065775
0.199291 	 0.73742807
0.19049543 	 0.8272523
0.180658 	 0.80247176
0.1764759 	 0.4740757
0.1795876 	 0.60317075
0.17307061 	 0.64497364
0.19391407 	 0.86449814
0.18124378 	 0.6919908
0.18003488 	 0.8132598
0.18085696 	 0.7008468
0.17889081 	 0.5889865
0.14938141 	 0.51705706
0.144207 	 0.586765
0.13325854 	 0.99534607
0.12418911 	 1.1981936
0.105573885 	 0.46378946
0.10968912 	 0.6021642
0.09311004 	 0.69061184
0.08410482 	 0.5468364
0.0702231 	 1.2254578
0.07355695 	 0.6294628
0.056351896 	 0.62610877
0.03978159 	 0.7647496
0.037484515 	 0.76982886
0.031804137 	 0.35264292
0.036643658 	 0.71318394
0.039197125 	 0.5754518
0.03600893 	 0.77309334
0.029922757 	 0.8661551
0.027948553 	 0.8225646
0.031750176 	 0.4446102
0.033454582 	 0.4622038
0.03630359 	 0.79565763
0.040734477 	 0.7453089
0.038544796 	 0.5393839
0.03704 	 0.80112
0.040604547 	 0.6343646
0.03384689 	 0.4558622
0.030473372 	 0.39639062
0.023945007 	 0.54372984
0.025029827 	 1.1252221
0.027784482 	 0.43575504
0.025720915 	 0.62209177
0.025707338 	 0.7737639
0.02370078 	 0.75103366
0.025631996 	 0.7115524
0.013475626 	 0.48834965
0.016414516 	 1.1543843
0.021554558 	 0.6283339
0.019019203 	 0.85202545
0.018625505 	 0.81036586
0.018382268 	 1.0357056
0.017179165 	 0.6940266
0.019336121 	 0.86604625
0.020118576 	 0.55434746
0.013187858 	 0.7953423
0.01748258 	 0.45435813
0.014852971 	 0.6853103
0.019540627 	 0.694855
0.022701783 	 0.5785518
0.032336704 	 0.5529456
0.030188782 	 0.49987313
0.030040435 	 0.9731791
0.036681868 	 0.67782587
0.03744714 	 0.71928215
0.036453117 	 0.56782186
0.038899135 	 0.78174436
0.034341004 	 0.39035892
0.042111862 	 0.84044534
0.04330627 	 0.7924209
0.042446133 	 0.64914584
0.053058658 	 1.0757837
0.06517145 	 0.4102945
0.079209365 	 0.6426776
0.094796844 	 0.63467795
0.07844789 	 0.60438704
0.08655058 	 0.83601147
0.095975526 	 0.34753695
0.09598216 	 0.6385899
0.099950254 	 0.6175471
0.092000335 	 0.8228189
0.10969683 	 0.41595685
0.10995155 	 0.534055
0.10301381 	 1.0997924
0.10876133 	 0.6057103
0.100338764 	 0.748466
0.10801083 	 0.66347325
0.08397963 	 0.5065717
0.08371336 	 0.8657488
0.07406076 	 0.49495587
0.073142864 	 0.63532454
0.06357101 	 1.198982
0.049566828 	 0.51691544
0.044032216 	 0.88769144
0.03869887 	 0.80365926
0.02706992 	 0.723545
0.022936068 	 0.49285764
0.02480446 	 0.54393005
0.31041917 	 0.8347243
0.3154964 	 0.5617902
0.35631612 	 0.70271343
0.3424989 	 0.7891723
0.33974323 	 0.9203828
0.3196595 	 1.1622212
0.2613202 	 0.9317167
0.2611547 	 0.85447943
0.25234666 	 0.7969193
0.22681357 	 1.028795
0.20725855 	 0.6092917
0.216041 	 0.94973737
0.22894827 	 0.6664283
0.25334293 	 1.1111546
0.2368528 	 0.81510717
0.21995041 	 0.8647704
0.23486738 	 1.0576937
0.24379213 	 0.8757411
0.23314188 	 0.75981927
0.24353379 	 0.87258977
0.22456984 	 0.78139126
0.20136301 	 0.85753757
0.19165012 	 0.9189854
0.20153807 	 1.0370578
0.22204235 	 0.78393424
0.20147952 	 0.98167586
0.19522232 	 1.1115528
0.20716359 	 0.9733435
0.2094366 	 1.0341214
0.21962991 	 0.73129797
0.21765266 	 0.8673307
0.19660883 	 0.9950572
0.2070734 	 1.1709684
0.22287595 	 1.0318589
0.24104086 	 1.0014714
0.32333627 	 1.0172637
0.32405543 	 1.0571799
0.23582311 	 0.7840308
0.22857408 	 0.918591
0.238861 	 0.71392745
0.23579882 	 0.87542695
0.219766 	 1.2576491
0.24522407 	 0.7798642
0.30922955 	 1.0267123
0.2177856 	 0.9637044
0.21888538 	 0.966773
0.22155887 	 1.6172475
0.23257065 	 1.2227188
0.22047324 	 0.7964954
0.21686797 	 1.0336553
0.20829622 	 0.9825857
0.19064206 	 1.0528189
0.19605075 	 0.8159105
0.18830892 	 0.84327793
0.17790264 	 0.91836613
0.18079554 	 0.62391436
0.17391662 	 1.1365551
0.17086074 	 0.9084842
0.18613723 	 0.94961905
0.18340306 	 0.54567164
0.17435803 	 0.95105284
0.16205472 	 0.988953
0.1544667 	 0.75844055
0.113949664 	 0.9581579
0.12112292 	 0.9578472
0.11356531 	 1.1969457
0.11479502 	 0.72416496
0.13489008 	 0.9019376
0.16946842 	 0.9142013
0.18955453 	 0.95997304
0.19816533 	 0.7704596
0.18325728 	 0.4674443
0.19432524 	 1.0867124
0.2449292 	 1.0125049
0.30812457 	 0.9444529
0.30437377 	 0.8880079
0.3377593 	 0.76879597
0.16605803 	 1.0374764
0.14161085 	 1.224141
0.12435291 	 1.1210244
0.13096821 	 1.1044405
0.1170664 	 1.0550498
0.12704305 	 0.8709934
0.13181448 	 1.0600336
0.12408174 	 1.0649873
0.13178885 	 0.7458994
0.14062005 	 0.72129744
0.15027958 	 0.6274365
0.152594 	 0.86158144
0.16526835 	 0.61788803
0.19157057 	 0.9486538
0.2353569 	 0.49316144
0.25602257 	 1.043055
0.2626661 	 1.0301995
0.41422525 	 0.77205914
0.41382587 	 0.76068026
0.52155346 	 0.74845576
0.4027162 	 0.8268564
0.39960477 	 0.72247994
0.255657 	 0.7836275
0.22268572 	 1.0829962
0.20646748 	 1.0378032
0.14862408 	 0.86870116
0.13969927 	 0.6859158
0.13862148 	 1.1248993
0.1549264 	 0.9892304
0.15416542 	 0.7297878
0.15284066 	 1.058815
0.15065128 	 0.91880494
0.15846707 	 0.7037749
0.16637088 	 1.3088785
0.1717598 	 1.2209291
0.18544677 	 1.0630492
0.15872815 	 1.0571036
0.14995441 	 0.8349773
0.14581472 	 0.91108954
0.14137457 	 1.0885117
Summary
0.013187858  -  0.52155346 ,  0.34753695  -  1.9997928
accuracy:  100.0
equal predictions:  0
