TensorFlow version: 1.13.1
Found 939 images belonging to 1 classes.
argN = 3136
argN = 3136
0.27252975 	 0.89042205
0.27076718 	 0.8493995
0.27473265 	 0.66420674
0.33218002 	 0.45697123
0.36074838 	 0.5176904
0.42079222 	 0.73729414
0.3897944 	 0.73923725
0.30288133 	 0.69998753
0.2623853 	 0.7345543
0.23133779 	 0.62782055
0.22011693 	 1.181748
0.19186766 	 0.54460716
0.19272114 	 0.397762
0.2125202 	 0.41957512
0.23400445 	 0.5313901
0.17641146 	 1.0690614
0.20447049 	 0.45055938
0.21751574 	 0.71016693
0.26439062 	 0.53686696
0.21905394 	 0.4577928
0.20908904 	 0.343626
0.27061394 	 0.8220485
0.31505656 	 0.65131694
0.38202217 	 0.8024961
0.40413398 	 0.82610846
0.4131966 	 0.57144004
0.4171195 	 0.9988449
0.40571347 	 0.8506527
0.36847588 	 0.49044827
0.37913424 	 0.5081719
0.30882224 	 0.5439208
0.28072986 	 0.5200732
0.32565492 	 0.58701646
0.31604323 	 0.6537335
0.26992986 	 0.5028461
0.24146724 	 0.97767884
0.24482076 	 1.0752506
0.25709948 	 0.49389723
0.24286295 	 0.8306438
0.32994857 	 0.60042065
0.26157606 	 1.1354496
0.30144584 	 0.91755086
0.31445885 	 0.5172586
0.2970065 	 0.5356168
0.32901403 	 0.5844169
0.25934747 	 0.5228834
0.28607595 	 0.9127253
0.29416394 	 0.5983016
0.40065512 	 0.691297
0.4150172 	 0.563991
0.24613379 	 0.65303147
0.22285166 	 1.163324
0.20141718 	 0.5650243
0.2558344 	 0.40998837
0.26864666 	 0.58006144
0.19340935 	 0.6392088
0.20469275 	 1.013455
0.22904599 	 0.827384
0.2323112 	 0.6075416
0.236278 	 0.42457706
0.23258854 	 1.046404
0.22589613 	 0.73868215
0.21423489 	 0.44311774
0.22294113 	 0.9454637
0.20514539 	 0.97387373
0.22877426 	 0.59266156
0.2928143 	 0.94007427
0.3363221 	 0.5350435
0.33171648 	 0.64596087
0.3209464 	 0.62934524
0.30321246 	 1.078199
0.29747283 	 0.45103014
0.27378964 	 0.8078108
0.26705804 	 0.6189514
0.30908415 	 0.6216899
0.3130294 	 1.0251083
0.33087954 	 0.83829147
0.292727 	 0.7083231
0.26806265 	 0.9206249
0.24062552 	 0.5921078
0.2372251 	 1.1102476
0.1993658 	 1.1311302
0.2712201 	 0.68998134
0.33565453 	 0.48337996
0.27769312 	 0.40871924
0.27530897 	 0.46533886
0.26910433 	 0.9429634
0.2952577 	 0.60067344
0.4047046 	 0.647926
0.44966245 	 0.5491566
0.25064722 	 0.5904547
0.1968779 	 0.85839605
0.18939683 	 0.48714155
0.20038852 	 0.5802026
0.20645839 	 0.7127517
0.20106344 	 0.58192366
0.2158429 	 1.0259479
0.20619786 	 0.72708386
0.21612681 	 1.2248974
0.2111697 	 0.47092673
0.18332286 	 0.53601223
0.21605617 	 0.80867857
0.22507584 	 0.40883854
0.23256816 	 0.5816581
0.28028342 	 0.6010045
0.28232005 	 0.52862734
0.33241352 	 0.6063929
0.20782535 	 0.42131764
0.20165554 	 0.43741485
0.21871379 	 0.63546884
0.21934159 	 0.9273281
0.19737871 	 0.39055517
0.20144634 	 0.5637775
0.21257262 	 0.5733504
0.19394584 	 0.35042226
0.20287181 	 0.40250188
0.19680445 	 0.4694431
0.19659105 	 0.6117947
0.20403971 	 0.5642306
0.23803371 	 0.44430453
0.22509615 	 0.64037895
0.21220636 	 0.638395
0.21419236 	 0.5731899
0.19111313 	 1.136216
0.20744073 	 0.5873787
0.20546551 	 0.40518975
0.1964041 	 0.664608
0.19217347 	 0.23128033
0.20555109 	 0.849369
0.20858042 	 0.8387452
0.22736065 	 0.59536654
0.20480737 	 0.78310966
0.20815206 	 0.36423203
0.20152837 	 0.40138447
0.20034161 	 0.8863223
0.21567236 	 0.51481086
0.21682282 	 0.33569196
0.2027163 	 0.6672418
0.20693456 	 0.5437547
0.21822101 	 0.8636374
0.20586285 	 0.6657382
0.20100076 	 0.5031817
0.19443542 	 0.5543099
0.19165272 	 0.49295473
0.18813445 	 1.2914025
0.1940656 	 0.5122923
0.18348096 	 0.46917474
0.1811416 	 1.2152817
0.17991707 	 0.770132
0.18058802 	 0.82658947
0.19962229 	 0.54457587
0.21193136 	 0.36690754
0.19904236 	 0.44081005
0.19440031 	 0.81102335
0.18927726 	 0.6546036
0.18625298 	 0.67763454
0.18529294 	 0.78188753
0.1855292 	 1.1251022
0.19992857 	 0.6321426
0.1857379 	 0.7467841
0.19971026 	 0.9575136
0.1980272 	 0.32799792
0.22209266 	 0.63454944
0.18649478 	 0.6779105
0.18990205 	 1.2941251
0.21080065 	 1.1185766
0.20686184 	 0.5303069
0.20554852 	 0.4164442
0.22860031 	 1.1176639
0.21839762 	 0.6398276
0.21859184 	 0.59312785
0.22360222 	 0.6028094
0.22078872 	 0.61708987
0.2489742 	 0.46901068
0.2450358 	 0.9438668
0.22246517 	 0.40218315
0.21946302 	 1.0723503
0.2220841 	 1.0050784
0.23730761 	 0.8559299
0.21453209 	 0.35505384
0.22547822 	 0.6232412
0.23728448 	 0.5751424
0.25706148 	 0.6702652
0.25972298 	 0.37387866
0.24703175 	 0.62917113
0.26450974 	 1.0928653
0.27845562 	 0.41688934
0.26917136 	 0.42496014
0.28904763 	 0.7294943
0.28059947 	 0.7189029
0.28982496 	 0.7187286
0.3028422 	 0.4337554
0.32033744 	 0.3608208
0.308688 	 0.93804383
0.29951322 	 0.41330704
0.31263348 	 0.48527923
0.31853884 	 0.47755012
0.32873708 	 0.85935223
0.3150288 	 0.41611037
0.32897982 	 0.6078246
0.3322159 	 0.8712687
0.3242178 	 0.54757833
0.3248349 	 0.9299184
0.31779212 	 0.5287489
0.32841712 	 0.41245696
0.32122734 	 0.4892434
0.31192276 	 1.0523701
0.31702018 	 0.4525228
0.33812222 	 0.5241243
0.33079687 	 0.7618184
0.4813645 	 0.76168257
0.45222625 	 0.7047176
0.47866482 	 0.81932575
0.40216854 	 0.59299517
0.38291726 	 0.77933705
0.33097512 	 0.72148484
0.32418004 	 0.49268973
0.331966 	 0.90080136
0.3562149 	 0.8362168
0.36763787 	 0.7468501
0.3738013 	 0.8127032
0.36007804 	 0.6896275
0.37232628 	 0.66426396
0.3607304 	 0.8131657
0.3508236 	 0.91489655
0.34985843 	 0.75964457
0.3471076 	 0.7313953
0.3605354 	 0.95682484
0.36606836 	 0.7587908
0.36420748 	 0.8322793
0.36650175 	 0.80624086
0.35975358 	 0.8431034
0.35080802 	 0.6432449
0.35447237 	 0.7924687
0.34008756 	 1.1771661
0.3627601 	 0.7432953
0.41083 	 0.7671096
0.4091364 	 0.87841445
0.39903668 	 0.79957455
0.38693136 	 0.8983102
0.36817816 	 0.7230158
0.35478404 	 0.62025875
0.36449784 	 0.73035383
0.36541712 	 0.80207205
0.36102122 	 0.7496559
0.35045713 	 0.8111612
0.39893985 	 0.62761265
0.36094135 	 0.8268313
0.35895497 	 0.7373533
0.36056772 	 0.8844165
0.30088755 	 0.820051
0.31575286 	 0.7898445
0.32112214 	 0.8333911
0.32670137 	 0.6753844
0.30340984 	 0.97306603
0.31341562 	 0.6717402
0.31256032 	 0.86752
0.31978154 	 0.5402
0.31301743 	 0.9544389
0.31594285 	 0.7597392
0.31293714 	 0.7767285
0.31935138 	 0.7667245
0.3544793 	 0.7563423
0.33552462 	 0.8945749
0.3471345 	 0.8383361
0.35358846 	 0.5905046
0.37026477 	 0.7707971
0.38213608 	 0.7566471
0.38450313 	 0.8568432
0.3747054 	 0.7120811
0.35366258 	 0.7830279
0.3395805 	 1.021178
0.35570812 	 0.56189895
0.31077012 	 0.8417179
0.33352605 	 0.81680936
0.3203266 	 0.87632424
0.34493577 	 0.7602665
0.338468 	 0.93226993
0.31521568 	 0.8176561
0.33285576 	 0.8068039
0.3148429 	 0.9870845
0.28450114 	 0.8540775
0.27835286 	 0.5183335
0.28165492 	 0.94894016
0.28499418 	 0.69392806
0.28903934 	 0.73845524
0.29678833 	 1.0320716
0.33009714 	 0.96643543
0.32698718 	 0.91328675
0.3423154 	 0.89624476
0.34259084 	 0.5951802
0.3882459 	 0.7632788
0.34302709 	 0.84251565
0.34645543 	 0.8166924
0.35450718 	 0.7856282
0.3463709 	 0.90072006
0.35158688 	 0.630305
0.344327 	 0.85259014
0.33268183 	 0.8424722
0.35558072 	 0.6965236
0.33686158 	 0.6457569
0.34374678 	 0.6242519
0.36106938 	 0.73388356
0.35002846 	 0.6776518
0.36360866 	 0.7256467
0.35607347 	 0.7191422
0.35970917 	 0.7494347
0.34772757 	 0.73678035
0.36932665 	 0.7181233
0.37518626 	 0.5534771
0.38935107 	 0.78457063
0.38578695 	 0.89267135
0.36865467 	 0.97797614
Summary
0.17641146  -  0.4813645 ,  0.23128033  -  1.2941251
accuracy:  100.0
equal predictions:  0
TensorFlow version: 1.13.1
Found 939 images belonging to 1 classes.
argN = 3136
argN = 3136
0.38721567 	 0.6337894
0.36839178 	 0.71104777
0.36955804 	 0.6237673
0.4255706 	 0.64749676
0.37041983 	 0.68457735
0.34906116 	 0.88061816
0.32640937 	 0.6554617
0.30550107 	 0.9731392
0.33490556 	 0.9174357
0.28940198 	 0.7283407
0.29529786 	 0.80759823
0.31853622 	 0.70689636
0.31942838 	 0.692438
0.34792897 	 0.53921974
0.29416826 	 0.7377123
0.31188953 	 0.55212533
0.28689948 	 0.51804805
0.29672432 	 0.9612623
0.3867184 	 0.76330024
0.3975043 	 0.83868724
0.28991163 	 1.3930962
0.2671777 	 0.20183034
0.23918885 	 0.8024664
0.21758085 	 0.80150676
0.4284422 	 0.7118905
0.38011554 	 0.7329998
0.37611744 	 0.5752532
0.4059494 	 0.5133858
0.4053283 	 0.68878603
0.40614802 	 0.6885882
0.38607112 	 0.919281
0.45977437 	 0.7205367
0.39488637 	 0.6519069
0.37828407 	 0.7143393
0.46004373 	 0.5131421
0.42139885 	 0.7321495
0.41363546 	 0.64399713
0.4689716 	 0.62291133
0.39822987 	 0.66655487
0.37705347 	 0.56597996
0.32869685 	 0.74316746
0.22629099 	 1.0213913
0.23782781 	 1.1078315
0.28273892 	 0.59147525
0.39764243 	 0.68178564
0.31316847 	 0.5804032
0.2865934 	 0.42665866
0.29909125 	 0.5332088
0.29411075 	 0.5238875
0.3686737 	 0.71744996
0.37080112 	 0.69504046
0.24004619 	 0.6157222
0.26752323 	 0.5906374
0.39193738 	 0.70785666
0.25449297 	 0.8120087
0.23347864 	 0.4951149
0.29779324 	 0.622984
0.34603098 	 0.8712151
0.40046322 	 0.64469624
0.42547274 	 0.5667995
0.41607186 	 0.5270759
0.41095954 	 0.9644318
0.48036104 	 0.57371914
0.46985534 	 0.7410396
0.45356172 	 0.7138273
0.48698965 	 0.837769
0.5674039 	 0.7418442
0.5465463 	 0.7439777
0.46582773 	 0.53805405
0.43963054 	 0.72954017
0.23028412 	 0.54390603
0.38124067 	 0.9199616
0.37115127 	 0.76216245
0.29181325 	 0.81472045
0.36624432 	 0.7702985
0.38932434 	 0.47264966
0.38070035 	 0.5231739
0.34160137 	 0.6506541
0.2750575 	 0.47263226
0.23873189 	 0.46615487
0.333926 	 0.8395404
0.44789943 	 0.68668514
0.42532298 	 0.79388505
0.41207328 	 0.86258346
0.42450762 	 0.6316681
0.41430995 	 0.6926329
0.44607472 	 0.98009616
0.28596336 	 1.0243139
0.31547624 	 0.32389456
0.2706091 	 0.7206227
0.2494361 	 0.44363952
0.25769114 	 1.1907566
0.25326705 	 1.0809499
0.24202438 	 0.89197814
0.21342713 	 0.38441262
0.2163223 	 1.018857
0.23497406 	 1.1036024
0.21613717 	 0.9284156
0.23345658 	 0.5560383
0.22313936 	 0.63677543
0.21886986 	 0.6253265
0.24254012 	 0.63372165
0.2872982 	 0.75214016
0.28138182 	 0.85935646
0.2810917 	 0.69688743
0.3059042 	 0.6751745
0.31915984 	 0.5092156
0.33778185 	 0.56002253
0.3408306 	 0.5141354
0.33742553 	 0.71067524
0.43323672 	 0.75609624
0.43412307 	 0.7485614
0.44002214 	 0.6888272
0.43818337 	 0.7554579
0.43123376 	 0.8120315
0.42779902 	 0.5358079
0.42236352 	 0.5159924
0.43802533 	 0.7656282
0.45787135 	 0.55958635
0.44325143 	 0.75015616
0.44359317 	 0.541859
0.4393893 	 0.53392357
0.4408093 	 0.8399748
0.42316094 	 0.5847756
0.43618348 	 0.41807908
0.41359726 	 0.6410846
0.42967373 	 0.8973099
0.427797 	 0.73609155
0.43036646 	 0.87512285
0.43158665 	 0.6242276
0.4300116 	 0.40559098
0.38694963 	 0.6625132
0.39415687 	 0.71709955
0.3931715 	 1.0319822
0.4019595 	 0.78068984
0.40028638 	 0.98075664
0.39038306 	 0.3405808
0.4154584 	 0.49585438
0.40533403 	 0.87581295
0.42531803 	 0.6895427
0.41473687 	 0.58389395
0.40891427 	 0.8930063
0.41218364 	 0.7876114
0.40247425 	 0.87340957
0.41100287 	 0.37281743
0.41709635 	 0.7125497
0.4227122 	 0.58846074
0.4226038 	 0.88027257
0.40486854 	 1.0064695
0.40072125 	 0.5813645
0.38911217 	 0.9009654
0.4152735 	 0.6617218
0.38252938 	 0.9195529
0.37777823 	 0.94402456
0.37613663 	 0.4100418
0.36321098 	 0.92673904
0.37871972 	 0.8799433
0.3603096 	 0.48575345
0.38905498 	 0.65209085
0.3642261 	 0.7153491
0.3698076 	 0.7045797
0.3564824 	 0.89786434
0.34984204 	 0.83336955
0.35463873 	 0.88766074
0.35258222 	 0.6874456
0.32488984 	 0.59505504
0.315117 	 0.7838024
0.29337317 	 0.80667114
0.29725713 	 0.54134715
0.28088716 	 0.5324003
0.2788954 	 0.6533548
0.26457846 	 0.9272718
0.27469712 	 0.7924466
0.28465056 	 0.72672933
0.28558937 	 0.5349482
0.28576425 	 0.49258953
0.27303916 	 0.48683658
0.28496763 	 0.8527367
0.27612942 	 0.5811345
0.2791365 	 0.36000147
0.2865704 	 0.57564235
0.31188375 	 0.8623885
0.2935087 	 0.66993934
0.30286545 	 0.6302633
0.32937074 	 0.3853
0.3249743 	 0.6280464
0.3145137 	 0.60527265
0.327628 	 0.7534208
0.30284682 	 0.74229795
0.29162127 	 0.50182885
0.31780177 	 0.5283569
0.3041241 	 0.48739555
0.30649406 	 0.46698344
0.29416466 	 0.3229887
0.28809947 	 0.37144092
0.29587567 	 0.65633756
0.2821139 	 0.48345408
0.27224198 	 0.3171048
0.2706352 	 0.5379673
0.26787728 	 1.0776603
0.2816634 	 1.2766508
0.5622218 	 0.53310364
0.5609727 	 0.5769192
0.572071 	 0.5457724
0.562512 	 0.5985924
0.5672187 	 0.5930158
0.5725278 	 0.5683284
0.5579228 	 0.596289
0.5555462 	 0.51148134
0.5396287 	 0.5346507
0.55361086 	 0.5609288
0.54239976 	 0.55239457
0.5849575 	 0.56492573
0.5926917 	 0.56619793
0.60653317 	 0.556933
0.62704664 	 0.54881644
0.63880235 	 0.63681036
0.65328974 	 0.57496697
0.6438739 	 0.55268145
0.6146061 	 0.55849504
0.60833704 	 0.58749986
0.57411975 	 0.53848314
0.60367924 	 0.5391009
0.6005239 	 0.51639533
0.58088255 	 0.49654034
0.58693683 	 0.51946604
0.5972082 	 0.51340073
0.6405615 	 0.52388495
0.64928997 	 0.5375862
0.6419357 	 0.72717994
0.6245169 	 0.5446947
0.5930823 	 0.5775106
0.6162477 	 0.5548251
0.6591863 	 0.55460215
0.64577144 	 0.5284035
0.63022953 	 0.55932933
0.59635955 	 0.552004
0.6055454 	 0.5719903
0.6177697 	 0.4790495
0.6176612 	 0.61779684
0.6656762 	 0.5842373
0.6477464 	 0.51265645
0.69086504 	 0.5763667
0.64506406 	 0.50259775
0.6461121 	 0.544611
0.6158579 	 0.52703816
0.57730603 	 0.59541065
0.56654423 	 0.5326869
0.59111625 	 0.4893832
0.60345536 	 0.5397797
0.6408271 	 0.517456
0.6167499 	 0.58343196
0.6467822 	 0.5989242
0.65585256 	 0.6102395
0.6502724 	 0.57663345
0.625903 	 0.57364446
0.6492095 	 0.529563
0.6321334 	 0.55916107
0.59304243 	 0.51149726
0.59640837 	 0.5419349
0.5956841 	 0.47937664
0.5901234 	 0.5243035
0.55764 	 0.57759684
0.5887258 	 0.48474485
0.54702234 	 0.49345437
0.62493783 	 0.55950016
0.6340959 	 0.55610526
0.6143785 	 0.5732663
0.5996882 	 0.61973643
0.55405504 	 0.5473496
0.5267011 	 0.5294867
0.5499079 	 0.57322574
0.54481083 	 0.6196711
0.52073383 	 0.552637
0.5322977 	 0.6019561
0.6502569 	 0.5437617
0.65218425 	 0.6612714
0.6745422 	 0.5833856
0.6157643 	 0.59622276
0.6124268 	 0.58791935
0.537848 	 0.4555719
0.5382419 	 0.5373177
0.5420174 	 0.5495512
0.53585434 	 0.6373409
0.53627306 	 0.62511
0.5307317 	 0.6720595
0.50429946 	 0.7011574
0.49672702 	 0.7406746
0.40496936 	 0.8694606
0.4249495 	 0.8746329
0.5658833 	 0.90555966
0.565879 	 0.70666647
0.58669704 	 0.7829418
0.584431 	 0.76314646
0.5401971 	 0.5488326
0.56052095 	 0.63585573
0.5909458 	 0.51475316
0.59502995 	 0.51884496
0.59353197 	 0.5037696
0.61565465 	 0.6089617
0.5433315 	 0.5617915
0.57023835 	 0.48150897
0.548246 	 0.593549
0.57853293 	 0.5267876
0.5785765 	 0.6243501
0.5875724 	 0.69640607
0.5830544 	 0.5487029
0.5773798 	 0.58848304
0.5901189 	 0.52475774
0.5985711 	 0.5279185
0.5521295 	 0.49478215
0.5645997 	 0.50429845
0.58263624 	 0.59800994
Summary
0.21342713  -  0.69086504 ,  0.20183034  -  1.3930962
accuracy:  74.4
equal predictions:  0
TensorFlow version: 1.13.1
Found 939 images belonging to 1 classes.
argN = 3136
argN = 3136
0.57150245 	 0.65027016
0.35460976 	 0.5465041
0.3578993 	 0.5463864
0.41660532 	 0.6630781
0.46269965 	 0.8439551
0.42478085 	 0.9726099
0.44103822 	 0.92944497
0.43943805 	 1.4183728
0.48388094 	 1.0720265
0.43254322 	 1.1691625
0.47727373 	 1.0087533
0.4664633 	 0.9484807
0.4710453 	 1.0319489
0.4288109 	 0.9987801
0.3575126 	 0.70552284
0.24420659 	 0.58270323
0.23538043 	 0.68574893
0.3621962 	 0.76658803
0.43296576 	 0.79106057
0.4098068 	 0.76861054
0.185482 	 0.38277242
0.28913248 	 0.5212383
0.2597172 	 0.6451879
0.25053144 	 0.67201245
0.3227429 	 0.83700967
0.31070802 	 1.0471388
0.3041587 	 0.7192271
0.33775786 	 0.98378605
0.31243536 	 1.3545034
0.27331308 	 1.7049793
0.33044562 	 1.1206716
0.36252084 	 0.8634666
0.19511242 	 0.4805479
0.25661346 	 0.36750343
0.2312517 	 0.47352564
0.18923318 	 0.47053725
0.3793281 	 0.574169
0.41209057 	 0.8545872
0.49833637 	 0.674982
0.3808674 	 0.47465205
0.4193013 	 0.75701964
0.38296673 	 0.8581674
0.32650685 	 0.8932859
0.24346079 	 1.2622684
0.2316837 	 1.3572931
0.23056969 	 1.1370251
0.23389088 	 1.2707652
0.2588867 	 1.1592079
0.29643053 	 1.074713
0.376032 	 0.68354756
0.38077363 	 0.7764235
0.33473146 	 0.718875
0.26645067 	 0.40818602
0.3497939 	 0.56421554
0.1832487 	 0.67803735
0.19271255 	 0.8237984
0.22813295 	 0.7384067
0.28857616 	 0.86828023
0.27924326 	 0.947249
0.2625113 	 0.7426984
0.17058153 	 1.3072588
0.11619749 	 1.0687946
0.11953383 	 0.98269004
0.13295384 	 1.2030135
0.37252706 	 0.7434292
0.25689846 	 0.4950164
0.20638563 	 0.33017376
0.2398126 	 0.46113113
0.2846371 	 0.4138228
0.29019967 	 0.51669794
0.4275264 	 0.78631324
0.35803145 	 0.6708055
0.42430395 	 0.5280461
0.43934712 	 0.65463847
0.35465607 	 0.95632607
0.33019087 	 0.9289195
0.2865199 	 1.1129557
0.26221395 	 0.94556683
0.37004083 	 0.8287132
0.43845797 	 0.74453104
0.20617296 	 0.6311891
0.2221237 	 0.6846418
0.2686211 	 0.7181663
0.3136362 	 0.81033033
0.31550106 	 0.6044178
0.19140555 	 0.98539853
0.23256628 	 1.0424571
0.24289463 	 1.0403492
0.19994487 	 1.2244327
0.19659714 	 1.1154495
0.20369433 	 0.56817216
0.19028403 	 0.41677764
0.19923003 	 0.65654105
0.19760717 	 0.74646425
0.1882523 	 0.46393335
0.20500153 	 0.59898096
0.1964638 	 0.7234342
0.1956317 	 0.54585826
0.1879057 	 0.3984328
0.1932671 	 0.53492564
0.19082065 	 0.42960685
0.17672381 	 0.5299262
0.1805469 	 0.67070895
0.18668966 	 0.69278926
0.17328352 	 0.70735025
0.20193239 	 0.59053946
0.19262113 	 0.66286916
0.19437836 	 0.4053998
0.19052428 	 0.44519582
0.2015859 	 0.5512608
0.19195332 	 0.7609687
0.2021438 	 0.6297002
0.186883 	 0.47827414
0.2037709 	 0.5558172
0.21760184 	 0.61238194
0.23520915 	 0.62019646
0.22945288 	 0.6633722
0.23593925 	 0.5941889
0.2662317 	 0.6819194
0.27080867 	 0.654108
0.2807742 	 0.70288026
0.28016478 	 0.76617885
0.27494198 	 0.63470787
0.29367372 	 0.8182761
0.2984913 	 0.8390246
0.31086287 	 0.65344876
0.30295664 	 0.6345667
0.31805325 	 0.6868837
0.308397 	 0.72755146
0.3194078 	 0.72686964
0.30139098 	 0.6500575
0.27494684 	 0.71613336
0.29072693 	 0.72407335
0.2897227 	 0.65169543
0.2671112 	 0.67468375
0.27457497 	 0.7058219
0.275975 	 0.6964461
0.25412104 	 0.7861787
0.27432543 	 0.64979607
0.27291018 	 0.91182905
0.25885084 	 0.7241358
0.23468919 	 0.89486843
0.2306507 	 1.0201536
0.22231106 	 0.7040052
0.22866488 	 0.9729061
0.21071345 	 0.7855453
0.20605694 	 0.74290997
0.20008668 	 0.8554256
0.19158615 	 0.78194076
0.19964485 	 0.58909607
0.18196473 	 0.6094468
0.14974883 	 0.55433816
0.14315757 	 0.8186408
0.15422563 	 0.94612795
0.14717107 	 1.0712519
0.15046123 	 0.6263709
0.14432384 	 0.81204736
0.14407729 	 0.83696777
0.15674908 	 0.6453049
0.16605015 	 0.5743926
0.17068574 	 1.062643
0.16433161 	 0.714356
0.17493224 	 0.8919834
0.15653549 	 0.62775594
0.17185421 	 0.7386673
0.16864564 	 0.66853577
0.18226422 	 1.0882941
0.17783001 	 0.83208
0.20322803 	 0.6747424
0.17648329 	 0.56074727
0.22496268 	 0.8647694
0.23861262 	 0.82131046
0.24771059 	 0.71657723
0.23502405 	 0.5965887
0.22778864 	 0.6770247
0.25013232 	 0.72179246
0.2699927 	 0.62263685
0.28603905 	 0.7250589
0.27617365 	 0.93565166
0.2953871 	 0.78360975
0.31525752 	 0.721971
0.29064786 	 0.7346513
0.2825214 	 0.6738368
0.28136468 	 0.9644134
0.2700676 	 0.46439472
0.23881899 	 0.7870849
0.23191217 	 0.750999
0.2241527 	 0.56192166
0.22102289 	 0.74789554
0.20028052 	 0.6697862
0.20199832 	 0.62657845
0.20565885 	 0.621925
0.21971746 	 0.9671692
0.21407215 	 0.79762995
0.20115134 	 1.1348196
0.20303464 	 0.6872697
0.41889438 	 0.5809448
0.43693498 	 0.51546973
0.439526 	 0.60000175
0.4422167 	 0.67486
0.43784142 	 0.5281925
0.406021 	 0.5041404
0.38490176 	 0.5164313
0.40641674 	 0.48802662
0.42446515 	 0.5243883
0.4047165 	 0.5850891
0.42023394 	 0.47336498
0.4128348 	 0.586229
0.41470927 	 0.5058891
0.36754277 	 0.48626703
0.3658975 	 0.50414217
0.34052524 	 0.7800253
0.33414793 	 0.47326508
0.36003035 	 0.52403694
0.33318192 	 0.54047555
0.3570703 	 0.6032309
0.35043055 	 0.44407275
0.35582858 	 0.5480659
0.35847682 	 0.47450212
0.33853453 	 0.5925797
0.38564143 	 0.5852187
0.3901917 	 0.50073427
0.4089846 	 0.62185085
0.37719113 	 0.49311027
0.3661305 	 0.40888464
0.3728773 	 0.49272135
0.3621665 	 0.5558419
0.38276866 	 0.5913135
0.3927083 	 0.5950375
0.42823264 	 0.46773693
0.43380085 	 0.56894904
0.3885689 	 0.38942912
0.37749648 	 0.44309166
0.32979852 	 0.46859482
0.33581695 	 0.47362316
0.31878796 	 0.7298373
0.3262432 	 0.46472082
0.35551062 	 0.5998161
0.3507807 	 0.5530082
0.38925394 	 0.432819
0.34506437 	 0.67233753
0.34583032 	 0.52814734
0.33340317 	 0.603831
0.33621013 	 0.5829093
0.30071312 	 0.42505014
0.3171818 	 0.38128743
0.3074835 	 0.5075175
0.36195382 	 0.48340836
0.38377795 	 0.43095583
0.37823212 	 0.55868554
0.42067066 	 0.56161314
0.3778731 	 0.5656756
0.4016299 	 0.48184204
0.45952803 	 0.55539536
0.46574473 	 0.5526045
0.44909984 	 0.4665679
0.4194569 	 0.42862704
0.42541364 	 0.46859777
0.4386304 	 0.60370874
0.4153301 	 0.450879
0.3467547 	 0.48752853
0.37110516 	 0.48904604
0.35539582 	 0.5113804
0.3563198 	 0.6051868
0.37596065 	 0.61546624
0.36947325 	 0.4376394
0.3715536 	 0.47682914
0.36828256 	 0.5181891
0.39695215 	 0.55621296
0.38209143 	 0.55129504
0.49154955 	 0.6178951
0.5022134 	 0.6574914
0.50146127 	 0.62618774
0.49909246 	 0.6990981
0.46298364 	 0.7395404
0.4349116 	 0.54814863
0.43965858 	 0.66505694
0.42453694 	 0.7580483
0.43026546 	 0.81774545
0.4337442 	 0.7663153
0.51082945 	 0.7703349
0.4886676 	 0.59035486
0.50962675 	 0.73422325
0.50483036 	 0.80597633
0.51945424 	 0.79049647
0.44657663 	 0.7044498
0.4342761 	 0.6411919
0.41891864 	 0.62682295
0.38296095 	 0.5315718
0.3765346 	 0.5555286
0.38755512 	 0.48036578
0.33607167 	 0.46225944
0.33862293 	 0.5183021
0.33105755 	 0.5091145
0.3123573 	 0.4844549
0.31464115 	 0.5129131
0.34709308 	 0.48656797
0.333729 	 0.57774764
0.34663615 	 0.55206156
0.3758155 	 0.50269914
0.40248814 	 0.56202966
0.4025553 	 0.47263494
0.44173077 	 0.5114724
0.43872115 	 0.5243682
0.44124138 	 0.5014623
0.43139037 	 0.50459695
0.42590848 	 0.49704167
0.40607092 	 0.50724685
0.4033043 	 0.5150883
0.3767589 	 0.4888365
0.35681343 	 0.49561542
0.34143513 	 0.459109
0.34465253 	 0.58048457
Summary
0.11619749  -  0.57150245 ,  0.33017376  -  1.7049793
accuracy:  100.0
equal predictions:  0
TensorFlow version: 1.13.1
Found 939 images belonging to 1 classes.
argN = 3136
argN = 3136
0.3318296 	 0.54646033
0.33638 	 0.72677535
0.31806293 	 0.48180577
0.3608225 	 0.5434073
0.39682555 	 0.6117756
0.4523028 	 0.6322961
0.44182053 	 0.63432956
0.49644682 	 0.6367971
0.5624883 	 0.70916903
0.4424384 	 0.702159
0.37727907 	 0.6780762
0.3324387 	 0.4724704
0.5207089 	 0.6671157
0.42727172 	 0.5386428
0.40177366 	 0.63395923
0.18928425 	 0.6118826
0.18599688 	 0.6817901
0.22560936 	 0.76457363
0.29084238 	 0.4819184
0.3361027 	 0.6013696
0.3089791 	 0.5091226
0.30403298 	 0.5649675
0.31283247 	 0.5038722
0.43236738 	 0.6862817
0.47050092 	 0.7379953
0.5246147 	 0.8668318
0.5863568 	 0.8333406
0.6016755 	 0.8073837
0.58157825 	 0.65019053
0.58713996 	 0.798424
0.4835238 	 0.66745096
0.2149439 	 0.4976326
0.20908324 	 0.6299741
0.22680235 	 0.39768943
0.1795869 	 0.74395615
0.16352631 	 0.4113041
0.20181759 	 0.6138226
0.26978153 	 0.4863855
0.40820038 	 0.586114
0.39454708 	 0.48929548
0.33530474 	 0.4710285
0.3197479 	 0.57477844
0.52322197 	 0.5571856
0.53439784 	 0.66762847
0.49448842 	 0.6112944
0.5307004 	 0.4906858
0.5603522 	 0.5985768
0.56129795 	 0.6728958
0.57797045 	 0.6578753
0.5973909 	 0.6922509
0.61558604 	 0.69240826
0.4870494 	 0.6822657
0.37241268 	 0.51437944
0.22953656 	 0.35081625
0.19068547 	 0.40667638
0.3234903 	 0.69077617
0.48041946 	 0.6654893
0.5099867 	 0.97065824
0.4773179 	 0.91547203
0.46261862 	 0.612055
0.42517468 	 0.7546215
0.46348 	 0.82773554
0.46148962 	 0.7965718
0.489076 	 0.9056912
0.5055754 	 0.8440875
0.5382469 	 0.82404554
0.2795158 	 0.4507399
0.33787918 	 0.69224995
0.39310217 	 0.6210342
0.3543105 	 0.4065525
0.33071855 	 0.3823557
0.40393934 	 0.72353446
0.5081873 	 0.64643246
0.4985016 	 0.60377526
0.46509218 	 0.44066447
0.47970122 	 0.5563134
0.53795946 	 0.49299523
0.5045897 	 0.65007865
0.483761 	 0.6660099
0.6098984 	 0.84131795
0.5417518 	 0.79353094
0.5056837 	 0.6351326
0.59331876 	 0.82714325
0.5732234 	 0.82010216
0.34729102 	 0.71853244
0.40905395 	 0.59741247
0.43681374 	 0.74559313
0.21418387 	 0.4815277
0.19811359 	 0.36399078
0.19962724 	 0.32475102
0.23920232 	 0.42635134
0.26331407 	 0.7091746
0.5503532 	 0.79825515
0.50097835 	 1.0246603
0.45157507 	 0.74457747
0.46552387 	 0.9307435
0.4419956 	 0.97979474
0.4529661 	 0.8019935
0.51836824 	 0.73564714
0.4162704 	 0.70108646
0.41947684 	 0.75364166
0.19342005 	 0.4596982
0.19270395 	 0.50392145
0.20104063 	 0.7765243
0.19735925 	 0.86899173
0.1878373 	 0.5118501
0.1951685 	 0.58386487
0.20387936 	 0.58093566
0.21802077 	 0.8672609
0.23252995 	 0.612205
0.24211754 	 0.7615552
0.26022497 	 0.5985141
0.2650258 	 0.7999902
0.28362417 	 0.672382
0.3338214 	 0.52068824
0.34508845 	 0.76384056
0.34762126 	 0.7191679
0.38985392 	 0.59420097
0.39364445 	 0.68359375
0.41614345 	 0.6669543
0.4096634 	 0.56796145
0.43437973 	 0.6671382
0.43916234 	 0.65653026
0.4798339 	 0.70396847
0.509934 	 0.6531559
0.5160801 	 0.68473345
0.5324292 	 0.6483424
0.54890794 	 0.6278847
0.54268014 	 0.72169423
0.52729654 	 0.6639091
0.53845584 	 0.68910116
0.55129576 	 0.71755
0.5244636 	 0.685436
0.53270334 	 0.74976844
0.5317509 	 0.8120362
0.5168156 	 0.76115084
0.5047879 	 0.84338653
0.5354303 	 0.6100632
0.5239858 	 0.6266795
0.54457474 	 0.6400513
0.51561046 	 0.71456826
0.48930618 	 0.6020755
0.51492107 	 0.80002165
0.49745858 	 0.72916985
0.48370358 	 0.850015
0.47686562 	 0.6350087
0.436395 	 0.6310811
0.45938373 	 0.7931042
0.46073306 	 0.57611614
0.46545476 	 0.5476762
0.4652167 	 0.72230536
0.45228294 	 0.85029745
0.46406323 	 0.5944686
0.47966424 	 0.8721872
0.4732467 	 0.68976605
0.44759807 	 0.6302546
0.45494565 	 0.84787583
0.45213905 	 0.67165005
0.4290398 	 0.6970006
0.45420408 	 0.8278423
0.4818575 	 0.6012104
0.47971776 	 0.72324693
0.50523925 	 0.7500641
0.5006043 	 0.72281533
0.5057163 	 0.8116082
0.5179771 	 0.7199702
0.5224662 	 0.77574843
0.50711226 	 0.68732697
0.4945286 	 0.73844314
0.4738598 	 0.6280091
0.44412386 	 0.8077838
0.4521679 	 0.72024137
0.43662944 	 0.6629666
0.42862347 	 0.6678235
0.4015957 	 0.7020536
0.42549005 	 0.58701754
0.41325444 	 0.72880226
0.40333712 	 0.83326465
0.41546428 	 0.66216505
0.40418595 	 0.7562934
0.3950793 	 0.6460489
0.4197261 	 0.7999078
0.4499043 	 0.66151345
0.47400475 	 0.72824305
0.5181851 	 0.8474648
0.4943036 	 0.6306149
0.5032288 	 0.5730888
0.49643302 	 0.8425258
0.5043997 	 0.79310286
0.5800418 	 0.6503197
0.60850275 	 0.6166141
0.5884472 	 0.6209038
0.5565704 	 0.6654931
0.574394 	 0.63442755
0.53773826 	 0.58886856
0.53710055 	 0.69587016
0.5521398 	 0.7458834
0.58025825 	 0.57790405
0.54806095 	 0.5373026
0.5240554 	 0.6532291
0.55545896 	 0.5648982
0.52544296 	 0.59897053
0.54367757 	 0.5942576
0.5373012 	 0.5583946
0.5482179 	 0.6501981
0.5655134 	 0.5456151
0.57500565 	 0.74446994
0.55845934 	 0.5346576
0.55087173 	 0.6015216
0.53087246 	 0.6543297
0.5224616 	 0.59579927
0.53652227 	 0.5936334
0.52737904 	 0.55396986
0.54304254 	 0.5644175
0.5267802 	 0.6566899
0.52091855 	 0.68096
0.5292369 	 0.7648897
0.51873785 	 0.58295
0.51237196 	 0.6874928
0.59811985 	 0.5822955
0.58086425 	 0.60735166
0.5655694 	 0.600089
0.5896568 	 0.6077515
0.5666101 	 0.5793128
0.5794273 	 0.5248661
0.5651038 	 0.55679077
0.58220875 	 0.57687217
0.5676905 	 0.5489559
0.5509775 	 0.5510121
0.58841884 	 0.5702759
0.5726014 	 0.60658234
0.5553846 	 0.5585486
0.57631713 	 0.6430973
0.585806 	 0.56734324
0.5726207 	 0.7068783
0.6094297 	 0.5742876
0.5905214 	 0.6293123
0.5865318 	 0.6211571
0.5921506 	 0.6350881
0.6000732 	 0.606097
0.6103639 	 0.6157555
0.5988033 	 0.61225927
0.5995427 	 0.6986741
0.6032703 	 0.6030938
0.5936075 	 0.6925555
0.588295 	 0.5671259
0.5659281 	 0.6648592
0.5573312 	 0.5715334
0.5529206 	 0.77094704
0.584218 	 0.5444531
0.5764862 	 0.5560689
0.5702875 	 0.54166657
0.58620334 	 0.685562
0.5612409 	 0.6264658
0.6014143 	 0.61826515
0.57452536 	 0.6051462
0.5839008 	 0.6582458
0.5974929 	 0.54481703
0.5533379 	 0.5706106
0.5559627 	 0.58067054
0.56630903 	 0.6502222
0.5603306 	 0.615058
0.5722281 	 0.6245635
0.5800922 	 0.63072354
0.56620866 	 0.58915216
0.5775514 	 0.5928667
0.5792043 	 0.61647874
0.6131136 	 0.6410267
0.62308604 	 0.654069
0.58664864 	 0.7610307
0.57701695 	 0.58476555
0.5874282 	 0.608362
0.5811426 	 0.5561079
0.6026167 	 0.5497886
0.6101714 	 0.62155277
0.614925 	 0.624363
0.60681677 	 0.54782814
0.5801185 	 0.5743023
0.56685734 	 0.5778181
0.5702391 	 0.53604496
0.5750625 	 0.6395873
0.57307464 	 0.543806
0.55989355 	 0.5783094
0.55248195 	 0.5783986
0.54228044 	 0.6382404
0.56808776 	 0.63636494
0.5704809 	 0.6233342
0.54108715 	 0.670254
0.53027374 	 0.6884803
0.5157121 	 0.7084414
0.4147811 	 0.64973557
0.38184437 	 0.76119107
0.40639874 	 0.8507286
0.39707005 	 0.7921985
0.41342744 	 0.86240727
0.4464125 	 0.95152473
0.44323304 	 0.9050048
0.4350422 	 0.8349879
0.44772863 	 0.72511077
0.5118523 	 0.60238755
0.5573382 	 0.5604942
0.5603055 	 0.6531227
0.5855395 	 0.6407247
0.530248 	 0.56890565
0.5239274 	 0.66898286
0.5143861 	 0.6254329
0.58877987 	 0.6068905
0.58677894 	 0.59465957
0.61248446 	 0.66542
0.56491274 	 0.60560745
0.58488727 	 0.5739302
0.57060236 	 0.5803868
0.555344 	 0.6722076
Summary
0.16352631  -  0.62308604 ,  0.32475102  -  1.0246603
accuracy:  91.1
equal predictions:  0
