TensorFlow version: 1.13.1
Found 939 images belonging to 1 classes.
argN = 196
argN = 196
0.3398961 	 0.6311774
0.33237097 	 0.7317998
0.30677754 	 0.76059085
0.20316704 	 0.32142058
0.19510256 	 0.8966123
0.058504995 	 0.69465727
0.057314843 	 1.0433027
0.06665722 	 0.8872319
0.057689156 	 0.92052615
0.06862739 	 0.8282189
0.113905914 	 1.5305146
0.25843197 	 1.0742954
0.22082157 	 0.60509276
0.12888555 	 0.78414375
0.27295136 	 0.5976493
0.26229158 	 0.71619195
0.22645333 	 0.7537581
0.21343355 	 0.6771573
0.45862782 	 0.7868971
0.1910251 	 0.7888682
0.20148192 	 0.9335561
0.13484342 	 0.7663153
0.22718589 	 1.131428
0.10305815 	 0.48147446
0.0796143 	 1.0972058
0.03108805 	 0.6162468
0.0051139 	 0.92934895
0.22539794 	 0.9018781
0.17461039 	 0.85618514
0.55045474 	 0.9510135
0.45475104 	 0.34670207
0.2666154 	 0.8327103
0.35055977 	 1.2513794
0.40906042 	 0.71026564
0.5108971 	 0.7564073
0.5981138 	 0.49062017
0.29972553 	 0.60836726
0.3998766 	 0.64495623
0.46271822 	 0.62536716
0.6360077 	 0.7286418
0.43056658 	 0.62942857
0.2752022 	 0.5533913
0.2537261 	 0.5519831
0.16664961 	 0.90062827
0.035539128 	 0.9932506
0.05124983 	 1.1957476
0.14829959 	 0.5784142
0.29935318 	 0.5602282
0.32690856 	 0.38060033
0.33857125 	 0.7073395
0.2693895 	 0.9087452
0.18138961 	 0.49747947
0.2890053 	 0.82853043
0.18351999 	 1.0563719
0.10275505 	 0.38858938
0.006963541 	 1.3977975
0.025845561 	 0.23423126
0.14519908 	 0.76625746
0.32981744 	 0.90805644
0.44599903 	 0.81321853
0.37215272 	 0.89555943
0.43421334 	 0.4650266
0.5083789 	 1.0357016
0.562039 	 0.8587769
0.54617953 	 0.37292975
0.37589017 	 0.5133116
0.46137747 	 0.68329
0.38294312 	 0.638017
0.26973101 	 0.38220507
0.29914224 	 0.8604687
0.33853027 	 0.6056431
0.23830524 	 0.8162599
0.07165646 	 0.8458162
0.21178484 	 0.8717849
0.03520012 	 1.1987807
0.17925127 	 0.603812
0.14070033 	 0.6851986
0.11903989 	 0.94326466
0.15360105 	 0.83698857
0.3005877 	 0.59329695
0.3465473 	 0.85857356
0.25529814 	 0.75150687
0.14561543 	 0.69731504
0.3504567 	 0.50017136
0.29366076 	 0.6397886
0.309902 	 0.53906906
0.20675306 	 0.5949705
0.18972391 	 0.67176795
0.108173 	 0.5997114
0.17695642 	 0.80269635
0.091059566 	 0.8460556
0.13477665 	 0.5382352
0.07136323 	 0.78752667
0.32608196 	 0.9892674
0.3001899 	 0.8890289
0.36106962 	 1.0994911
0.24695805 	 1.1745524
0.2864314 	 1.0481216
0.27013835 	 0.82451224
0.28345257 	 0.953663
0.32039508 	 0.8108985
0.29612952 	 0.8961913
0.33065626 	 1.2977644
0.26239842 	 1.0208443
0.26585504 	 1.0257063
0.31382024 	 1.0133278
0.35980314 	 0.9867768
0.245891 	 0.9503272
0.21592396 	 0.86106455
0.29522517 	 0.9295304
0.26744676 	 0.8260808
0.23317373 	 0.80537146
0.31514862 	 0.91257244
0.33214262 	 0.74059325
0.34952977 	 0.7252489
0.29214185 	 0.5649662
0.34992248 	 0.67790574
0.22092335 	 0.66667664
0.2810856 	 0.5686682
0.30823913 	 0.5111813
0.2443613 	 0.53151196
0.23522085 	 1.057713
0.23399316 	 0.56448585
0.2608179 	 0.6206966
0.15876755 	 0.6986371
0.20203218 	 0.62123454
0.21316957 	 0.502979
0.14464402 	 0.47708392
0.15291531 	 0.49060938
0.19958088 	 0.8410196
0.14768767 	 0.5477354
0.14010312 	 0.4522376
0.16491789 	 0.7729267
0.13994302 	 0.7023547
0.13977808 	 0.53355
0.17463274 	 0.509856
0.18307982 	 0.5625779
0.16266105 	 0.6423703
0.1589439 	 0.6482628
0.14681108 	 0.6980138
0.12723203 	 0.72558266
0.18015699 	 0.8147012
0.15513366 	 0.6668313
0.16429691 	 0.65304005
0.16813932 	 0.8712806
0.16882874 	 0.8528865
0.24492149 	 1.1829112
0.2518721 	 0.8958714
0.2455736 	 0.91351986
0.2653412 	 0.77252936
0.29393217 	 0.9430075
0.26283765 	 0.6700832
0.27948508 	 0.83486235
0.33522663 	 0.85895634
0.2931983 	 1.0222886
0.24556217 	 0.9440057
0.2146723 	 0.71170676
0.28772467 	 1.1342202
0.25200737 	 1.3163204
0.29274648 	 0.5794253
0.20591149 	 0.9644667
0.19591725 	 0.7954362
0.19315466 	 1.0448252
0.14537787 	 0.7083809
0.1359047 	 1.0051833
0.13751258 	 0.70808536
0.18797763 	 0.95285153
0.15342328 	 0.7031709
0.15756479 	 0.69965905
0.14444828 	 1.4862316
0.11479382 	 1.0672297
0.11088836 	 1.1328766
0.13638163 	 0.75717634
0.12400657 	 0.79673874
0.101636365 	 0.6778382
0.12265336 	 0.6969455
0.09771903 	 0.84048605
0.12507343 	 0.8601658
0.10739825 	 0.4381865
0.08730491 	 1.069612
0.10199669 	 1.0950674
0.10702337 	 0.9043392
0.10527763 	 0.9802261
0.10876279 	 0.94797885
0.15791939 	 1.1027596
0.1375247 	 1.1116283
0.153812 	 0.66624683
0.10814417 	 0.7646714
0.122729234 	 1.037911
0.15724716 	 0.4563622
0.10928286 	 1.2915727
0.08202747 	 1.5008483
0.08588643 	 1.0575418
0.06273567 	 0.7786812
0.074940115 	 1.0662707
0.03555241 	 1.9158212
0.102378204 	 2.0741105
0.13843055 	 1.5857458
0.12461915 	 1.4904082
0.15442024 	 1.2829168
0.14194609 	 3.1068032
0.11895859 	 1.6369952
0.11289887 	 2.1799042
0.14783858 	 1.9180658
0.14757119 	 1.0867379
0.14839375 	 2.3875844
0.18977882 	 1.5384871
0.1512083 	 0.90601516
0.1413384 	 3.0618389
0.17433845 	 1.1207802
0.11863855 	 1.5306134
0.15431257 	 0.71342796
0.10254646 	 1.4433844
0.08962598 	 1.1527323
0.10515599 	 1.1105143
0.119031236 	 1.3016256
0.12425808 	 1.3367732
0.15216127 	 0.9454649
0.1209772 	 1.1506522
0.12138205 	 1.2878386
0.117019966 	 2.0205708
0.14211805 	 2.030467
0.12993155 	 2.2290404
0.1399917 	 0.50902784
0.1241997 	 1.3092151
0.14754066 	 0.44719848
0.14890897 	 1.5001593
0.16473338 	 1.9301856
0.14836195 	 0.3061454
0.17305835 	 1.0031046
0.18500474 	 1.8437957
0.408144 	 0.73358625
0.45278206 	 1.4280295
0.12501325 	 1.9483128
0.2018857 	 1.2694404
0.20502144 	 1.3148248
0.15587142 	 1.0703208
0.1389471 	 1.0603378
0.18514045 	 0.46798217
0.26077124 	 1.1094952
0.21267039 	 1.7232273
0.08833513 	 1.6666758
0.12474143 	 1.5930576
0.20070742 	 0.8708218
0.1307627 	 1.1057297
0.08515556 	 1.2526598
0.07376099 	 1.222307
0.08884871 	 2.2344422
0.07416205 	 1.6165698
0.068880476 	 2.0704613
0.10199676 	 1.4396852
0.047004957 	 1.9458748
0.13822986 	 1.2909853
0.140164 	 0.92821234
0.124878846 	 0.9060494
0.16593109 	 1.4346877
0.17725946 	 1.8734794
0.1771298 	 1.1772612
0.17576648 	 0.689676
0.17218503 	 1.7239388
0.15700576 	 1.021654
0.15315065 	 1.0851668
0.14629129 	 1.4250983
0.29444882 	 1.1047297
0.1965222 	 1.0427519
0.1399974 	 0.79116905
0.16062869 	 0.9761192
0.12320975 	 0.45017344
0.14184876 	 1.4978261
0.12767422 	 1.2818612
0.07863132 	 0.83198166
0.080300316 	 0.7326371
0.06631119 	 0.90560555
0.093509585 	 1.3805723
0.14845142 	 1.2635118
0.11086399 	 2.054186
0.08505782 	 1.3446649
0.09728226 	 1.3201476
0.10762331 	 1.6139894
0.17041358 	 1.6475292
0.19966413 	 2.2570074
0.2581024 	 0.99167114
0.30626085 	 0.43606058
0.30130944 	 1.778247
0.34591734 	 1.3188038
0.31896704 	 0.75552726
0.355296 	 0.9078395
0.39411268 	 0.6800809
0.38695523 	 0.79928064
0.29211518 	 0.5593702
0.30939922 	 0.80724126
0.30122873 	 0.6932316
0.25607184 	 0.65735954
0.32905668 	 0.9529106
0.20531386 	 1.1993526
0.14802717 	 2.2823403
0.1302183 	 1.0724398
0.08843755 	 2.4193738
0.10785805 	 1.4309685
0.15031248 	 1.3667578
0.17729512 	 1.8650913
0.12524953 	 0.8722281
0.15994436 	 1.3188751
0.15785503 	 1.6667049
0.18439727 	 1.0392938
0.14309093 	 0.84072506
0.10360527 	 2.0928
0.099251024 	 0.9147732
0.11252339 	 2.1376889
0.12024255 	 0.5057759
0.12662907 	 1.5350536
0.14569142 	 2.0592613
0.10071918 	 1.0569651
Summary
0.0051139  -  0.6360077 ,  0.23423126  -  3.1068032
accuracy:  99.0
equal predictions:  0
TensorFlow version: 1.13.1
Found 939 images belonging to 1 classes.
argN = 196
argN = 196
0.3387299 	 0.6228264
0.42065305 	 0.98931247
0.31245717 	 0.69205165
0.45695797 	 0.73909247
0.49207902 	 0.81412923
0.3212123 	 0.5656886
0.21490209 	 0.644356
0.15858097 	 0.787596
0.2563909 	 0.76957595
0.07250794 	 1.262632
0.041648254 	 0.24905999
0.05279528 	 1.2106487
0.05236689 	 1.1472062
0.13843842 	 0.7399632
0.07729315 	 1.1943688
0.046598714 	 1.741959
0.022979494 	 1.3100723
0.20016576 	 0.98847395
0.21229671 	 0.91456467
0.20756741 	 0.74568677
0.30803975 	 0.75867
0.280331 	 0.68697774
0.43907893 	 0.7354086
0.464448 	 0.63243806
0.5286494 	 0.70393413
0.26839298 	 0.77176046
0.37566623 	 0.54513514
0.39920354 	 0.89055073
0.39120808 	 0.9880365
0.25886005 	 1.3079451
0.32815483 	 0.6520484
0.30499345 	 0.90831184
0.19267958 	 0.7949059
0.025132995 	 2.134469
0.21050228 	 0.5336862
0.31031838 	 1.1709315
0.30864605 	 0.7916149
0.46905154 	 0.5997705
0.36516255 	 1.1280843
0.2900741 	 0.35439393
0.3453068 	 0.25043306
0.35915077 	 1.2328544
0.7086634 	 0.799092
0.5978862 	 0.6409649
0.59495735 	 0.96825653
0.42895174 	 0.73462415
0.345777 	 0.58893883
0.41975868 	 0.87275225
0.35691035 	 0.59513265
0.28678277 	 0.59342545
0.20498742 	 0.56274444
0.20355535 	 0.4234308
0.038318034 	 1.1070256
0.030783 	 0.84670436
0.10283616 	 1.1374108
0.16395107 	 0.8355979
0.27694747 	 0.4481445
0.24711096 	 0.7921412
0.6510701 	 0.8906392
0.47264162 	 0.8951011
0.21491125 	 0.90783197
0.25018615 	 0.7790235
0.36773965 	 0.48366675
0.28132746 	 0.83657134
0.24283704 	 0.5663882
0.2957523 	 0.7192266
0.27669427 	 0.72810155
0.3458661 	 0.7749173
0.23006038 	 0.5897158
0.13323839 	 1.4689019
0.10862637 	 0.742642
0.025878225 	 1.4839836
0.1589432 	 1.2883872
0.11726972 	 1.2040968
0.13910703 	 0.5943945
0.31010208 	 0.7360952
0.3513086 	 1.1338866
0.3577184 	 1.7101113
0.329045 	 0.65134835
0.2965132 	 0.74746674
0.32496053 	 1.0341836
0.50254315 	 1.2336452
0.50664324 	 1.0969877
0.3666981 	 0.61618865
0.41565576 	 0.65035546
0.39160198 	 0.8086297
0.35923785 	 0.4470713
0.292491 	 0.66339153
0.21693403 	 0.63421714
0.17173955 	 0.443078
0.2789255 	 0.77791226
0.07997949 	 0.90583277
0.028608784 	 1.1856538
0.021889461 	 0.9951927
0.22768557 	 0.8836145
0.14979328 	 0.9562493
0.27815327 	 0.3579994
0.32170323 	 0.46183482
0.25601962 	 1.0184737
0.25135925 	 1.000052
0.27579552 	 0.8847165
0.32404718 	 0.6777429
0.122158416 	 1.0320618
0.15509051 	 0.5160176
0.13298312 	 1.0549022
0.17018278 	 1.0145248
0.13804208 	 1.769489
0.2217851 	 1.2324854
0.24730505 	 0.89081204
0.24255623 	 0.97596735
0.2665197 	 0.5208794
0.21992552 	 0.5843627
0.22589494 	 0.4573258
0.25453994 	 0.7631398
0.24805701 	 1.4403778
0.21484098 	 1.2508202
0.2207176 	 0.7640693
0.2628478 	 0.53605115
0.28131065 	 1.0751342
0.29517096 	 0.8873319
0.259243 	 0.80646527
0.22805193 	 0.83462405
0.24945003 	 0.74098784
0.24650942 	 0.8832504
0.29847103 	 0.68444294
0.31713745 	 0.4541929
0.31294447 	 0.89708596
0.42841798 	 0.67217594
0.38687512 	 0.7138065
0.45015454 	 0.8795729
0.39993572 	 0.5685596
0.34298536 	 0.84292126
0.38790154 	 0.83214605
0.36164743 	 0.50748485
0.35647437 	 0.5815266
0.29890496 	 0.6987776
0.3400755 	 0.7407727
0.24531792 	 0.85620886
0.266608 	 1.0351593
0.30058417 	 0.7664786
0.2218892 	 0.64493024
0.29283828 	 0.7550437
0.3238058 	 0.8171626
0.29102048 	 0.80759394
0.23461503 	 0.72686523
0.1686793 	 0.80052495
0.17251913 	 0.8712487
0.21677868 	 0.41430905
0.1756476 	 0.8103126
0.17560653 	 0.69736034
0.19544652 	 0.35034433
0.2066396 	 0.83124346
0.21188237 	 0.8517485
0.19281083 	 0.9760534
0.23295619 	 0.96419406
0.22168845 	 1.0893385
0.2644286 	 0.85341585
0.26730004 	 0.94501364
0.32221198 	 0.77837414
0.22971249 	 0.932521
0.28957906 	 1.2475741
0.29577622 	 0.9399078
0.3349644 	 0.9371091
0.3289948 	 0.91017354
0.32694188 	 0.7543013
0.3396637 	 0.88244325
0.33559984 	 0.9907199
0.26984742 	 0.87906873
0.2973762 	 1.0497932
0.29486185 	 1.02572
0.24231909 	 1.0708916
0.21657023 	 0.9363578
0.21088411 	 1.4557428
0.11814177 	 1.3288826
0.1627065 	 0.9733495
0.13418296 	 0.5806318
0.13871995 	 1.0150539
0.15782076 	 0.8906364
0.15648705 	 0.75627613
0.1423156 	 0.9283886
0.16038677 	 0.9800744
0.14172326 	 0.8696101
0.1484624 	 0.87788373
0.1364541 	 1.17607
0.17388223 	 1.0931506
0.15432252 	 0.695503
0.16903454 	 0.9518338
0.16790417 	 0.5335884
0.104569435 	 1.2340742
0.14440118 	 1.0111134
0.13483393 	 0.9333055
0.16978672 	 1.0776924
0.13399635 	 0.77377087
0.10309535 	 0.70247996
0.16349226 	 1.1192237
0.12796581 	 1.2139728
0.11704516 	 0.94585365
0.14606874 	 0.92534596
0.12170297 	 0.78318673
0.1107974 	 0.6519656
0.11848957 	 1.4509346
0.10442247 	 0.6973962
0.10885843 	 0.8111305
0.05982337 	 0.35289058
0.05128816 	 0.6333762
0.034235835 	 0.9972214
0.18802215 	 1.406399
0.21905981 	 0.990678
0.24873714 	 0.55968124
0.20126024 	 1.3551801
0.2203762 	 1.5094434
0.18112352 	 0.7158636
0.23525155 	 1.4357961
0.25485045 	 1.3540674
0.23749232 	 1.2128537
0.20005196 	 1.1196377
0.16737583 	 1.1130581
0.16014147 	 0.79612005
0.11213966 	 1.578612
0.15406145 	 0.6358427
0.14732362 	 0.96737516
0.12890148 	 1.2081063
0.15663984 	 1.2851812
0.12372424 	 1.1051245
0.15279572 	 1.2812164
0.16203532 	 0.6761717
0.15414065 	 0.58358794
0.13222435 	 0.99388325
0.14315318 	 0.65906763
0.18334629 	 0.6078047
0.19314685 	 1.0189345
0.17599276 	 1.1504885
0.17058161 	 0.688986
0.16415839 	 0.7512574
0.16793808 	 1.1784232
0.1519891 	 1.1829224
0.24626768 	 0.70602506
0.35574853 	 0.82612425
0.22367021 	 1.2195723
0.25916716 	 1.2590857
0.2152493 	 1.3506215
0.23467751 	 1.5242232
0.3140322 	 1.5053436
0.20816872 	 1.0541176
0.24327703 	 1.1866049
0.11937129 	 1.6148993
0.11667944 	 2.0986638
0.114408076 	 0.98616415
0.10763094 	 1.9902935
0.17574842 	 1.219685
0.23703545 	 0.66143465
0.21406314 	 1.789221
0.23599713 	 0.88754416
0.17815939 	 1.0406921
0.15818858 	 0.9238631
0.1309854 	 1.4096065
0.10950954 	 1.0155325
0.09658929 	 1.217856
0.080048256 	 1.0047494
0.0523907 	 0.64259386
0.10992966 	 0.63271755
0.11284375 	 1.0809829
0.14927974 	 0.5690828
0.21961492 	 1.2495024
0.21012206 	 1.1741252
0.26635483 	 1.2732949
0.24698445 	 1.1188499
0.26811963 	 0.92619574
0.25254753 	 0.8352878
0.35186318 	 0.77857864
0.3054462 	 0.8535264
0.33943093 	 0.8820663
0.3576822 	 0.91610646
0.34985304 	 0.89263225
0.18787634 	 1.6993291
0.0878099 	 1.5492421
0.12363837 	 1.0746526
0.09364252 	 1.9990894
0.12644576 	 0.5592053
0.1458703 	 0.5816236
0.20267281 	 1.3733724
0.20234153 	 1.6668248
0.20795824 	 1.016201
0.23577814 	 1.0790716
0.24528302 	 0.8714536
0.28043827 	 0.70370036
0.29390824 	 1.0697408
0.33307528 	 0.7554844
0.26066023 	 1.1499046
0.24061096 	 0.8077069
0.34025875 	 0.8023481
0.2940573 	 0.98979074
0.28553614 	 0.7667743
0.27941814 	 0.56789476
0.30165157 	 0.74986446
0.33288014 	 0.66578484
0.33750632 	 1.2241067
0.2644295 	 1.0354398
0.16740853 	 0.48418558
0.14487618 	 1.201842
0.23531753 	 1.2203475
0.19158407 	 0.7751664
0.21028225 	 0.9978996
0.23358072 	 1.3354032
0.19272946 	 0.83744323
0.20530449 	 1.1338199
0.21172142 	 0.64711845
0.22188644 	 0.54063123
0.25141364 	 0.79497004
0.25235903 	 0.49960324
0.1710318 	 0.80520874
0.14824 	 1.1428427
0.20227805 	 1.2678071
Summary
0.021889461  -  0.7086634 ,  0.24905999  -  2.134469
accuracy:  99.7
equal predictions:  0
TensorFlow version: 1.13.1
Found 939 images belonging to 1 classes.
argN = 196
argN = 196
0.44106907 	 1.6778017
0.99168676 	 1.7570447
0.47676134 	 2.083075
0.3377694 	 2.472544
0.09047195 	 3.0128875
0.11151975 	 2.5028133
0.08421186 	 2.5346446
0.12059868 	 2.2256742
0.09973798 	 2.020807
0.11156613 	 1.8797002
0.109171495 	 1.484123
0.12825517 	 2.1552835
0.22743338 	 2.0478961
0.23747464 	 2.2271986
0.2861622 	 1.8301157
0.32806495 	 1.4963514
0.28071195 	 3.827297
0.30110437 	 3.4774413
0.41601712 	 1.914471
0.54956245 	 1.4473106
0.27829185 	 3.082615
0.14385207 	 2.327635
0.1530627 	 2.6933725
0.09170167 	 2.6694002
0.09983558 	 1.8864815
0.0886238 	 1.6900983
0.015425734 	 1.9799856
0.020618182 	 3.19863
0.14221582 	 2.4889793
0.15266456 	 2.874435
0.37707326 	 1.8676345
0.4363358 	 0.95550716
0.4373174 	 1.8532628
0.6991124 	 1.5958492
0.51970935 	 1.6092077
0.5217296 	 3.190483
0.42581394 	 1.9585794
0.5476492 	 1.9262013
0.75991595 	 1.0436891
0.4386289 	 2.6811988
0.39021653 	 1.3495595
0.33310148 	 2.181257
0.26953956 	 1.4378028
0.058945756 	 4.775627
0.036391426 	 3.1860652
0.05549679 	 2.112165
0.038508248 	 2.8308191
0.025964534 	 1.7041625
0.16279894 	 1.9410895
0.14602783 	 3.0150836
0.20409432 	 1.3201528
0.1541515 	 1.6154952
0.115303315 	 2.4497826
0.15749565 	 2.226609
0.1471931 	 2.075849
0.36978275 	 1.8937126
0.10649619 	 1.7860782
0.12880675 	 1.4843847
0.04827422 	 2.3334181
0.0067814533 	 3.0520096
-9.5367386e-07 	 2.822056
-5.960463e-07 	 4.1738343
0.014810745 	 1.5452262
0.0525995 	 1.8723077
0.086683236 	 2.0893376
0.1516273 	 2.381393
0.37096572 	 1.3048741
0.37564462 	 1.4475006
0.19008137 	 1.40931
0.2171144 	 1.4415573
0.21817659 	 1.7196428
0.14257911 	 2.1256704
0.250746 	 2.390417
0.09203268 	 1.6864753
0.37208354 	 1.4365956
0.40863368 	 1.556315
0.5735825 	 1.617522
0.14784728 	 1.9773132
0.06941649 	 2.645174
0.11037365 	 2.2090588
0.03540907 	 2.8768866
0.08430207 	 1.7219671
0.043503847 	 3.8917456
0.015424463 	 1.6444534
0.0011989506 	 2.2958214
0.08049513 	 2.0799782
0.06961284 	 2.102065
0.036366574 	 3.3369095
0.025296815 	 3.4863172
0.010255712 	 2.0938761
0.06901209 	 2.1744387
0.037234917 	 2.9628768
0.054215815 	 1.3474736
0.03688284 	 1.0839864
0.031088665 	 1.5381701
0.020618243 	 0.989602
0.040119737 	 1.3661604
0.0051200707 	 1.4401631
-9.5367386e-07 	 1.4499719
-9.5367386e-07 	 1.792665
0.010186101 	 1.0882611
0.020611001 	 1.776059
0.010255472 	 1.055554
0.014912077 	 1.0474913
0.04165944 	 1.7808305
0.0530569 	 1.3335003
0.051141046 	 0.98975545
0.0525794 	 1.5798099
0.074100874 	 2.0189536
0.068646096 	 1.155217
0.06436039 	 1.8648894
0.096207224 	 1.4020544
0.06560339 	 2.1750398
0.05236218 	 0.88142157
0.04167162 	 1.6311647
0.062241156 	 1.664229
0.03529156 	 1.0997843
0.029313276 	 1.5642964
0.025840178 	 2.0200016
0.016584245 	 1.0430495
0.03461882 	 1.2143074
0.036747843 	 1.7644855
0.036366515 	 1.3069723
0.036366638 	 1.7320089
0.041496087 	 1.7218146
0.04624707 	 1.2569017
0.025844399 	 2.0194604
0.051527612 	 2.305794
0.035537895 	 1.1434343
0.036787666 	 1.9061308
0.04015057 	 3.0809753
0.025839873 	 0.9922943
0.036248647 	 2.4090798
0.02456045 	 2.611552
0.0055828677 	 1.4781312
0.000110274676 	 1.4924098
0.002465842 	 2.2353835
0.0053246864 	 1.2060716
0.005063876 	 2.690539
0.017684525 	 1.21874
0.00511402 	 1.430613
0.010255472 	 0.77474266
0.005271776 	 1.731133
0.010255472 	 1.3311553
0.020615688 	 2.3134496
0.005446637 	 1.4524356
0.015251662 	 2.23995
0.020618547 	 1.994302
0.022928994 	 1.0236448
0.03108842 	 1.3462796
0.057579733 	 1.6946313
0.032618582 	 1.3078699
0.041376743 	 0.7638477
0.036366574 	 1.5400923
0.039132413 	 2.145352
0.04166839 	 1.190856
0.047004584 	 2.5303485
0.052364316 	 0.9779452
0.05276845 	 1.3322612
0.052366953 	 1.759563
0.063177794 	 1.2885184
0.06379805 	 1.1821793
0.05080078 	 1.6444365
0.057107765 	 1.0728527
0.047871526 	 1.8553841
0.06809364 	 0.8486284
0.03375324 	 1.1137911
0.060527474 	 1.2444807
0.04543636 	 0.68895954
0.051478602 	 1.3000435
0.037009813 	 1.2322198
0.031686436 	 1.0593626
0.031027243 	 1.0648663
0.021864422 	 0.69615173
0.028371448 	 2.1416848
0.022806296 	 1.9233847
0.017634535 	 1.7491926
0.010260952 	 1.1417519
0.019302638 	 1.6995682
0.0377127 	 1.7717026
0.005233009 	 2.0460706
0.046858467 	 1.3138056
0.033654477 	 1.6548066
0.04335457 	 1.1527656
0.04950401 	 1.4353355
0.054804403 	 1.0655645
0.036846787 	 2.025351
0.020759659 	 0.78030986
0.026848624 	 1.2660433
0.050720327 	 1.2921612
0.053490173 	 1.6452656
0.028915381 	 1.216559
0.043242782 	 1.1338829
0.20935562 	 1.0918375
0.17461373 	 2.010586
0.24004611 	 1.3840433
0.15942076 	 2.2869966
0.090728156 	 1.528059
0.09836687 	 2.3805163
0.07362997 	 2.0206099
0.020697894 	 1.1306067
0.043191995 	 3.2171636
0.041634213 	 2.4922755
0.04167342 	 2.6946518
0.020617878 	 2.9726093
0.031089528 	 1.4772528
0.010255712 	 1.5725144
0.016356593 	 3.673587
0.0051141996 	 1.812256
0.021596339 	 1.0601228
0.025765132 	 2.225503
0.010255472 	 3.8917456
0.07249166 	 1.2346299
0.058174536 	 3.8634763
0.057753563 	 1.6163243
0.050664708 	 3.3321452
0.036366265 	 1.0392597
0.041671496 	 1.2406813
0.036455404 	 2.788754
0.035796396 	 3.332167
0.025830638 	 3.0796974
0.10912556 	 2.291002
0.088897705 	 2.9755805
0.123431526 	 2.5800622
0.1190587 	 1.3497882
0.14604479 	 2.1042569
0.08511448 	 1.8743187
0.07864725 	 1.9533156
0.0630298 	 1.2194307
0.06199196 	 1.8559731
0.057339206 	 2.4182925
0.04094645 	 2.056599
0.02001337 	 2.995315
0.03090201 	 0.7949109
0.025840178 	 2.5055127
0.017726507 	 1.2479875
0.037216607 	 1.0680553
0.025840178 	 2.187671
0.052365385 	 1.7500347
0.04699571 	 2.0979671
0.06267386 	 1.8206743
0.050708037 	 2.3871517
0.04714122 	 1.8700922
0.05356758 	 0.9292739
0.19848788 	 2.251136
0.30845737 	 0.69144094
0.35203537 	 1.1526614
0.34491962 	 1.4039792
0.3842631 	 1.2881799
0.37360555 	 1.1811107
0.3708626 	 1.1079984
0.40278986 	 1.3496749
0.28591982 	 1.5273348
0.22404173 	 1.2708344
0.14820889 	 1.7107631
0.06820665 	 0.9538066
0.020618243 	 1.6458442
0.0051342696 	 1.0176709
0.014466472 	 1.8422971
0.010255472 	 1.4052358
0.00511408 	 2.8802042
0.0047814534 	 2.4673138
0.015403156 	 2.2815404
0.005109826 	 1.3453826
0.036366574 	 1.711932
0.03611114 	 1.8935143
0.042695668 	 0.8947226
0.036452126 	 4.0809574
0.04604845 	 2.8211906
0.03680399 	 2.3138974
0.1360649 	 2.2940788
0.13766798 	 0.5767073
0.18106152 	 2.0739872
0.22461641 	 2.5506516
0.38645026 	 1.5080179
0.3920928 	 1.2932531
0.3990668 	 1.4050827
0.440535 	 0.8931335
0.41772872 	 1.7197856
0.3933697 	 1.3004707
0.3798858 	 1.2817122
0.39587244 	 1.4309568
0.37068963 	 1.3988918
0.3072692 	 1.0994081
0.31687328 	 1.0527337
0.26358867 	 1.9132407
0.26072916 	 1.6700466
0.24506916 	 1.2887042
0.18544252 	 2.3738391
0.19023046 	 1.6684335
0.15213878 	 1.4632869
0.121589884 	 2.5124688
0.07260523 	 2.0272162
0.07862932 	 1.1694825
0.09008472 	 1.4692847
0.05775773 	 2.1861217
0.047491618 	 1.287394
0.049721796 	 2.827237
0.052329082 	 1.2868882
0.046163797 	 1.7985157
0.12931213 	 2.4023273
0.13912033 	 1.1499214
0.119664356 	 1.8463762
0.13855562 	 1.1563753
0.12501925 	 2.8717208
0.099305265 	 2.21242
0.10758434 	 3.338581
0.096329354 	 2.443053
0.07708015 	 3.2894197
0.06862624 	 2.9324105
0.118495815 	 1.3045486
0.07539204 	 2.3234859
0.074230224 	 1.3365492
Summary
-9.5367386e-07  -  0.99168676 ,  0.5767073  -  4.775627
accuracy:  100.0
equal predictions:  0
TensorFlow version: 1.13.1
Found 939 images belonging to 1 classes.
argN = 196
argN = 196
0.62301314 	 2.6262562
0.2563105 	 2.7539074
0.8902454 	 1.9760554
0.5044707 	 1.886206
0.2547617 	 3.3214571
0.11580491 	 2.1524916
0.17264323 	 1.5388474
0.25958714 	 1.3285335
0.24760842 	 2.3688233
0.1804278 	 2.8589365
0.30468503 	 2.0048296
0.4500107 	 1.5670888
0.28915983 	 1.4127843
0.15299226 	 1.8317068
0.07296563 	 3.350719
0.20384216 	 2.2436788
0.09222483 	 3.029528
0.03696324 	 1.7254725
0.034055248 	 2.7721608
0.036198277 	 1.6647904
0.019801531 	 1.3909247
0.053164948 	 2.9720643
0.064933546 	 2.930185
0.117517926 	 2.3944328
0.4585592 	 1.5066469
0.5202022 	 1.7476287
0.15525632 	 2.536442
0.11583857 	 2.2959604
0.7392515 	 1.7887934
0.5047176 	 2.0058782
0.41070613 	 1.3667879
0.2642632 	 2.53903
0.6200845 	 2.1179848
0.8494629 	 2.1727989
0.56126875 	 1.9366275
0.42510602 	 2.4539764
0.3666635 	 2.034117
0.38508886 	 1.1324128
0.38201222 	 1.9007652
0.17186575 	 2.2232666
0.07921414 	 2.948782
0.1154737 	 2.41372
0.059556052 	 1.7937541
0.13389215 	 1.8020493
0.09614547 	 1.8657793
0.086463556 	 2.1187503
0.16384166 	 1.7249084
0.09658469 	 3.3594806
0.15373965 	 1.7625667
0.12603594 	 1.8083723
0.23448232 	 2.0001266
0.1387787 	 1.815829
0.11455544 	 1.8510951
0.083861396 	 1.8108861
0.057481304 	 2.141767
0.12599342 	 2.2499082
0.06500517 	 2.5822759
0.010256375 	 2.7418423
0.00511408 	 1.9935666
-9.5367386e-07 	 4.5847764
0.00511408 	 2.5053923
0.06902978 	 2.6768503
0.04400145 	 2.596864
0.28562394 	 2.083684
0.33228472 	 1.1615659
0.14895628 	 2.1865447
0.1570868 	 2.2814424
0.21286911 	 1.1784265
0.22529565 	 2.0162044
0.21325397 	 1.9943287
0.32910597 	 1.4132643
0.3742558 	 2.4911823
0.047397617 	 2.3266797
0.07875513 	 2.5889833
0.15722749 	 2.1279263
0.10857887 	 2.1854846
0.093455784 	 2.2049515
0.15169612 	 2.4305751
0.06276309 	 2.415542
0.11842408 	 2.1866071
0.046915438 	 2.8763607
0.00511396 	 2.553243
0.010070495 	 1.7588491
0.052317776 	 2.3055158
0.034831107 	 1.8673749
0.039544065 	 2.5240579
0.015416231 	 2.4633164
0.020703675 	 1.9604192
0.01296774 	 2.4741518
0.015413931 	 2.8422043
0.04747937 	 2.4840305
0.029849492 	 1.9265647
0.015622843 	 2.6761615
0.028191797 	 1.8239087
0.025840178 	 1.8477255
0.036366574 	 1.9893757
0.020618243 	 1.7646139
0.020618485 	 1.6921155
0.026825052 	 2.1549034
0.015423434 	 0.90215605
0.0051143793 	 1.2685314
0.005325046 	 1.790221
-9.5367386e-07 	 1.6604202
0.018311908 	 2.0273073
0.0102024805 	 1.0443703
0.00015993205 	 2.2272062
0.010248305 	 1.3874338
0.008315711 	 2.4071674
0.020617634 	 1.992864
0.005115278 	 4.15033
0.015423494 	 1.1703521
0.020110426 	 1.4579062
0.02265148 	 1.2418044
0.027637657 	 1.8406388
0.041757565 	 1.3944885
0.03200721 	 3.2758672
0.03768076 	 1.4446092
0.027281957 	 0.57951593
0.047201894 	 1.0889087
0.05212837 	 1.4157039
0.07628132 	 1.125624
0.097883016 	 2.015413
0.073344246 	 2.6350756
0.05139238 	 1.3306975
0.1299256 	 1.7477665
0.10528008 	 1.6163627
0.06946134 	 1.6869376
0.08507794 	 1.3147238
0.04250167 	 1.7061177
0.08071364 	 1.5653316
0.10921564 	 1.6283625
0.08415558 	 1.2771695
0.07399368 	 1.5061815
0.02703575 	 2.4097059
0.026011333 	 1.5295924
0.02316181 	 1.1261296
0.014108293 	 0.94499713
0.015867164 	 1.0148163
0.0237985 	 1.668721
0.030881785 	 0.9814261
0.016724972 	 1.9356802
0.029861774 	 1.2350289
0.03467818 	 1.5223273
0.03511961 	 2.0598636
0.030659027 	 0.74228156
-9.5367386e-07 	 1.1845411
0.010255472 	 1.5320636
0.015226606 	 1.2372901
0.010254568 	 1.172461
0.00511408 	 1.2697663
0.010347189 	 1.509263
0.010395792 	 1.527861
5.4956992e-05 	 2.0760486
0.015423676 	 2.312887
0.016423907 	 1.7754205
0.010875438 	 1.3377748
0.019843847 	 2.5066495
0.02876244 	 2.7391114
0.045910776 	 2.078902
0.034681328 	 1.1409057
0.04484634 	 1.0005022
0.05270769 	 2.682134
0.041623585 	 2.3322048
0.058907192 	 1.3863754
0.04706831 	 2.3565464
0.04166988 	 1.1658088
0.055612918 	 1.2749597
0.044348627 	 2.9838066
0.04256909 	 1.2962413
0.057572596 	 0.9335755
0.031102808 	 1.6254139
0.04167162 	 1.0896293
0.04751587 	 2.9278445
0.041709714 	 2.0998764
0.026279071 	 2.104898
0.046953104 	 1.6274339
0.025819872 	 1.6804769
0.02177554 	 1.1748023
0.020007532 	 2.0559442
0.0545174 	 1.1495178
0.037147444 	 1.3606008
0.052102815 	 1.660405
0.010263782 	 1.8023922
0.03641448 	 2.2193618
0.0196518 	 1.5917156
0.01595843 	 1.0537193
0.010651852 	 0.53478765
0.03506689 	 2.0481803
0.020582892 	 1.2603079
0.025332944 	 1.5499686
0.015152594 	 1.0724723
0.029715687 	 1.6556954
0.005663967 	 2.5687163
0.0051880116 	 1.6509567
0.03127419 	 2.2426426
0.03822997 	 0.8322887
0.03492424 	 1.5413171
0.01402838 	 1.0125982
0.030954756 	 1.4423057
0.009121287 	 1.9704394
0.029988658 	 1.5818517
0.31909448 	 1.7297959
0.340843 	 1.8526392
0.31217894 	 1.5170882
0.33677793 	 1.8793012
0.10961768 	 2.2231383
0.0691176 	 1.2633983
0.031097766 	 1.7517897
0.041014694 	 4.58487
0.041692004 	 1.8433802
0.044323392 	 2.217824
0.09640077 	 3.4820042
0.06319125 	 1.6284206
0.08006763 	 2.271994
0.07920943 	 2.3116524
0.09067927 	 1.8816226
0.05221993 	 1.652296
0.050490536 	 2.8566797
0.02061952 	 1.5175176
0.025425078 	 4.58487
0.016313456 	 2.925006
0.014526887 	 2.1000347
0.025840668 	 1.2563068
0.036366574 	 13.815511
0.015680604 	 2.31894
0.010302745 	 3.7857528
0.015419984 	 0.8592706
0.020618243 	 1.2862341
0.579229 	 1.7232379
0.5554732 	 2.1884625
0.3708327 	 2.3266375
0.27933666 	 2.7907739
0.28287655 	 0.95094514
0.19587325 	 1.6921307
0.18684678 	 2.0127726
0.11361352 	 2.2335901
0.080736704 	 3.4967215
0.093773305 	 1.4515266
0.10976421 	 1.493218
0.12011242 	 2.167326
0.33125028 	 2.0650566
0.2784393 	 1.654233
0.13718115 	 1.618063
0.14231841 	 3.325633
0.16450627 	 3.3339794
0.17439415 	 3.3021178
0.16721392 	 2.343723
0.104065575 	 3.2743304
0.13552964 	 2.6593533
0.13648881 	 1.7542073
0.13166197 	 2.019125
0.07969704 	 2.0999968
0.052526064 	 3.2878313
0.046170726 	 1.5918148
0.06819568 	 2.7540882
0.058740366 	 1.5910676
0.045316607 	 1.7804284
0.052903175 	 5.1613917
0.058024824 	 0.94907826
0.07273522 	 1.3472555
0.057616733 	 3.0862741
0.04576457 	 1.9419162
0.09103051 	 2.8788817
0.06201796 	 1.4617397
0.08611314 	 1.5677159
0.095454335 	 2.442905
0.07213368 	 3.0816026
0.13458467 	 2.181397
0.27316332 	 1.5231029
0.28671116 	 1.3446834
0.29264355 	 0.9315563
0.3014718 	 1.4685366
0.46173504 	 1.3965027
0.3726204 	 0.7802303
0.36520773 	 1.0925381
0.28946617 	 1.5741402
0.2578641 	 1.4098954
0.13567987 	 2.5098138
0.08195767 	 2.8898053
0.07771805 	 2.9881792
0.06661625 	 3.3097928
0.057773836 	 3.4629195
0.047007456 	 2.4437542
0.04358092 	 2.6163476
0.07450502 	 1.3393946
0.08116863 	 1.5917053
0.12782322 	 1.2109909
0.11781361 	 1.1746835
0.16410986 	 1.6664537
0.17023613 	 1.820785
0.12401548 	 2.3704767
0.19389975 	 1.7369395
0.2634767 	 2.3873606
0.34044582 	 1.2855624
0.30358708 	 1.4643326
0.34885162 	 1.7953945
0.38073933 	 1.6560429
0.38505715 	 1.9504064
0.26510146 	 1.8449793
0.19588456 	 0.7328689
0.19261238 	 1.3415282
0.17285605 	 3.1982753
0.1323562 	 1.5696031
0.1464593 	 1.3079778
0.23806971 	 1.7817945
0.17616065 	 2.0748522
0.14897469 	 2.6405678
0.18062522 	 2.6153212
0.16348271 	 1.2953948
0.11456166 	 0.9319169
0.14391512 	 1.7668805
0.13987564 	 1.4004767
0.16775395 	 2.979141
Summary
-9.5367386e-07  -  0.8902454 ,  0.53478765  -  13.815511
accuracy:  100.0
equal predictions:  0
