TensorFlow version: 1.13.1
Found 939 images belonging to 1 classes.
argN = 3136
argN = 3136
0.30437312 	 1.6362416
0.34279898 	 2.070467
0.44531205 	 2.055719
0.41602543 	 1.6371609
0.25727832 	 1.7736086
0.06579549 	 2.0554774
0.047884155 	 1.9511113
0.029471764 	 1.4599853
0.023049695 	 2.1048017
0.017003393 	 1.4675462
0.012348647 	 1.8656021
0.010710952 	 2.4086955
0.029375145 	 1.739298
0.12367553 	 1.8154045
0.14070986 	 1.4208295
0.22154398 	 1.3268348
0.24157538 	 2.013268
0.304265 	 1.5762763
0.3009457 	 1.6048584
0.36039644 	 1.3979454
0.3420643 	 1.1891063
0.28026977 	 1.9297523
0.21854594 	 1.7384181
0.08311334 	 1.5322732
0.05212994 	 2.209222
0.035460386 	 1.9919658
0.019948974 	 2.487159
0.019557584 	 2.0771883
0.023050915 	 1.9141145
0.02844534 	 1.0689
0.19434115 	 1.875113
0.46423596 	 1.8908509
0.5023732 	 1.4395173
0.3859788 	 1.6976738
0.37402663 	 2.5865147
0.3245606 	 1.7913961
0.2835504 	 1.7392315
0.17543185 	 1.8080796
0.4297253 	 1.5650442
0.030261949 	 1.6582385
0.021912308 	 1.8006927
0.09765278 	 1.6548063
0.06840206 	 2.0761042
0.083395846 	 1.9240396
0.08526908 	 1.8462173
0.12399476 	 2.071686
0.10237371 	 2.047789
0.09879938 	 2.0251837
0.022119902 	 2.32843
0.026256492 	 1.8808767
0.025948018 	 1.8986235
0.02729819 	 1.7381374
0.02604443 	 2.1343687
0.013924779 	 1.7549443
0.12899594 	 1.4010212
0.09028308 	 1.61533
0.05187917 	 1.5183098
0.07597355 	 1.3772422
0.08416064 	 1.6261579
0.083216265 	 1.6648009
0.11248924 	 1.7146015
0.07365884 	 1.4971895
0.017983358 	 1.8520635
0.025329277 	 1.6648371
0.02830038 	 2.1126347
0.023538563 	 1.9128102
0.024182638 	 2.2443612
0.010511436 	 1.4227761
0.013269819 	 2.1581888
0.06659529 	 2.2321897
0.059887983 	 1.3004751
0.061628267 	 2.1695182
0.046077847 	 1.7182583
0.055191763 	 1.9176893
0.041084435 	 1.9708877
0.069806546 	 1.5042207
0.076190166 	 1.9916836
0.08971731 	 1.6090287
0.08577116 	 1.5431404
0.094133034 	 2.6052904
0.08000228 	 1.6953069
0.049403805 	 2.0641398
0.0968294 	 1.5637854
0.046230964 	 2.223541
0.2113258 	 1.4267539
0.19505228 	 0.98444307
0.1832983 	 1.3581864
0.08956541 	 1.3571366
0.055569313 	 2.0119183
0.07398566 	 1.8634498
0.07890592 	 1.9343879
0.09129521 	 2.0775948
0.047349993 	 1.9925545
0.023641212 	 2.1486475
0.010990896 	 1.9064497
0.0696924 	 1.5591198
0.07954337 	 1.5486783
0.07409009 	 1.4269518
0.017448675 	 1.9009694
0.07791804 	 0.5401866
0.08044746 	 0.47776866
0.071892835 	 0.913426
0.077846 	 0.95440626
0.090267815 	 1.6768225
0.08255738 	 1.1434841
0.08151686 	 1.0268328
0.08777762 	 0.6095308
0.09335848 	 0.8735045
0.07980227 	 0.67943776
0.0896911 	 0.71547073
0.0740442 	 0.5553844
0.057072993 	 0.58173364
0.05841267 	 1.1885399
0.051651124 	 0.6756947
0.041466888 	 0.7570237
0.0321881 	 1.1159459
0.024443781 	 0.82856864
0.02273111 	 1.1374378
0.022306206 	 0.9922575
0.023004133 	 0.50766456
0.014289906 	 1.0420032
0.016343445 	 2.4837453
0.015084941 	 0.6034704
0.014852729 	 1.1888429
0.013885433 	 2.1544294
0.012828145 	 1.2914016
0.01586456 	 0.734296
0.0089243725 	 1.1174874
0.008740664 	 0.96128565
0.009720809 	 0.73300326
0.010169061 	 0.9136077
0.008868384 	 1.6572993
0.008848961 	 0.59341943
0.013745348 	 0.68286645
0.01661267 	 1.3724734
0.013521118 	 1.0731504
0.014818004 	 0.5363503
0.01333282 	 0.98528504
0.011599621 	 1.7659942
0.011120712 	 0.7706246
0.008581579 	 1.1540493
0.010975891 	 1.0428512
0.0124089345 	 0.6161801
0.014075347 	 1.3245827
0.010043343 	 0.92741835
0.010067847 	 0.67216533
0.00800533 	 1.2728019
0.010897492 	 0.6932422
0.011914075 	 0.68297654
0.009827827 	 0.72800773
0.0100252805 	 0.8675132
0.012979756 	 0.4871424
0.022199428 	 0.7791537
0.017442184 	 0.9011967
0.019302456 	 0.9122387
0.021809228 	 1.1215868
0.015457211 	 1.1684375
0.01836442 	 0.9519036
0.012412193 	 0.6848886
0.014337007 	 1.2861435
0.014108958 	 1.6482022
0.02003897 	 0.898693
0.018703904 	 0.48513833
0.015144303 	 0.5300802
0.020884177 	 0.45662788
0.023618264 	 0.7648962
0.019637091 	 1.0048409
0.02276416 	 1.0311841
0.021012604 	 0.8174598
0.026455993 	 1.5245117
0.03982947 	 1.5443805
0.035518873 	 1.1286232
0.040026363 	 0.47917056
0.041283313 	 1.0114186
0.04647345 	 0.47614282
0.049586557 	 1.2404438
0.07734846 	 0.80740213
0.07284497 	 0.5288244
0.07514533 	 1.0972134
0.08165927 	 1.1605297
0.0743377 	 1.0875491
0.07990479 	 0.43888015
0.080244765 	 1.1494657
0.08043486 	 0.9256824
0.088679485 	 0.72398764
0.07449861 	 0.8880606
0.07460623 	 0.778326
0.060449336 	 0.4501685
0.051258612 	 0.6876284
0.01691264 	 0.97112674
0.015513448 	 1.0286443
0.014763319 	 0.5554469
0.014811168 	 1.0745448
0.015450915 	 0.5440009
0.23827188 	 1.0898404
0.27861956 	 1.0328618
0.22381148 	 1.5324482
0.19620405 	 1.3545381
0.17948247 	 1.1219498
0.13756306 	 0.8928909
0.11494312 	 0.89660484
0.119242005 	 1.1468631
0.12774174 	 0.6432683
0.14432164 	 1.6345733
0.15855534 	 1.4805521
0.16092326 	 1.6564137
0.16095673 	 1.0954807
0.14245126 	 1.1757278
0.14002591 	 0.9148841
0.15104683 	 1.4800526
0.15207987 	 1.2653654
0.15527296 	 1.399633
0.14421389 	 1.6958058
0.15826385 	 1.346119
0.14449532 	 1.3638759
0.15199646 	 1.3108474
0.1387437 	 1.1385131
0.15302582 	 1.6747935
0.15321039 	 1.3253144
0.16778046 	 1.7373391
0.15675251 	 1.1890063
0.20771779 	 1.3539565
0.26859888 	 1.6702796
0.27125144 	 1.3893374
0.26836404 	 1.2734815
0.2481612 	 1.4624043
0.22613987 	 1.4671289
0.17085819 	 1.4600296
0.17231064 	 1.5771658
0.15418941 	 1.2399789
0.29313883 	 0.59336627
0.247613 	 1.2584107
0.15346734 	 1.1462766
0.15443972 	 1.4381478
0.1443456 	 1.3374023
0.13986973 	 1.0345999
0.12834042 	 0.8297317
0.14004031 	 1.321378
0.10649135 	 1.3324546
0.105316035 	 1.6301744
0.11566231 	 1.6003826
0.12008258 	 1.1313759
0.0967749 	 1.020673
0.09007369 	 0.65612054
0.11061104 	 1.8169855
0.11517543 	 1.449976
0.12831168 	 1.0454997
0.15909225 	 1.1017872
0.15798703 	 0.73917174
0.14096938 	 1.3259645
0.14478199 	 1.1910709
0.14936446 	 1.5475025
0.15570413 	 1.5379484
0.20437616 	 1.0594178
0.21003993 	 1.2607768
0.22339346 	 1.1158305
0.27583495 	 0.94181997
0.14566784 	 1.496267
0.13635498 	 0.9331716
0.10000249 	 1.3789521
0.10557375 	 1.4458553
0.102065995 	 1.6377405
0.11279965 	 1.2307423
0.11357539 	 1.644513
0.099480644 	 1.3451821
0.104280695 	 1.4827316
0.10559488 	 1.1856879
0.095828705 	 1.4562021
0.10146945 	 0.78555435
0.11186458 	 1.775751
0.15153526 	 0.73653793
0.15743516 	 1.4378033
0.15709154 	 1.2935436
0.17905192 	 0.6017368
0.18717088 	 1.5775274
0.19903073 	 1.4062432
0.20908244 	 1.3902189
0.24102455 	 1.0659263
0.24308653 	 0.9416295
0.27235505 	 0.89402616
0.3023515 	 1.2094891
0.30104637 	 1.1704872
0.31982315 	 1.0416567
0.37467593 	 0.8441762
0.3636745 	 0.94420016
0.37441197 	 0.8024684
0.3828842 	 0.8831428
0.39195254 	 0.73270047
0.41312686 	 0.8043934
0.4705947 	 0.829274
0.4721841 	 0.92024475
0.46145585 	 0.91051126
0.4160329 	 0.836089
0.18631934 	 0.7451995
0.16431671 	 1.5501711
0.14409533 	 1.2579359
0.11884682 	 1.6649064
0.117122754 	 0.8562065
0.11563916 	 1.0730075
0.12654269 	 1.1938179
0.12020632 	 0.9803408
0.12584138 	 1.4131219
0.12848091 	 1.4671661
0.12978415 	 1.2902623
0.11497261 	 1.2322675
0.13510121 	 1.0840696
0.13553324 	 1.4239789
0.1222583 	 1.2720362
0.12400374 	 0.6953704
0.1304375 	 1.3914948
0.10879974 	 1.1944214
0.11032653 	 1.4078209
0.108025506 	 1.1843389
Summary
0.00800533  -  0.5023732 ,  0.43888015  -  2.6052904
accuracy:  100.0
equal predictions:  0
TensorFlow version: 1.13.1
Found 939 images belonging to 1 classes.
argN = 3136
argN = 3136
0.4157582 	 1.8897754
0.24564423 	 1.5964155
0.3895891 	 1.9412303
0.2642158 	 2.2736814
0.24012022 	 1.5191708
0.084972814 	 1.6383324
0.058163166 	 1.4076641
0.044906873 	 2.0528138
0.026594626 	 2.0790741
0.025745438 	 1.9593145
0.019682864 	 1.7644587
0.19997726 	 1.5643172
0.30267528 	 1.2145605
0.31739905 	 1.2101135
0.22774291 	 1.7671074
0.269256 	 1.7490531
0.34669238 	 1.6745311
0.33289284 	 1.719734
0.2484015 	 1.4759716
0.2654912 	 1.497201
0.09026775 	 1.6077161
0.058879502 	 1.7280275
0.039749276 	 1.685177
0.034202095 	 2.377304
0.03587214 	 1.8059919
0.035471443 	 2.390401
0.04519537 	 1.6973015
0.04574492 	 2.0635774
0.10890814 	 1.6820645
0.6454192 	 2.0975485
0.62397224 	 1.5608572
0.70335704 	 2.1744099
0.8273305 	 1.5950874
0.7912097 	 2.1427932
0.76610845 	 1.9988619
0.7833397 	 1.6572415
0.7838025 	 1.6644185
0.43777382 	 2.3450649
0.41281083 	 1.606432
0.45060006 	 1.8071963
0.4767385 	 2.0858705
0.54402286 	 1.656736
0.042329907 	 1.9734839
0.075314656 	 1.9571838
0.12139692 	 1.7043011
0.11992848 	 1.7139802
0.015077922 	 2.2395222
0.019898081 	 1.7292193
0.1886892 	 1.255321
0.12226315 	 1.896042
0.09231092 	 1.6172941
0.0920364 	 1.826869
0.09782636 	 2.091244
0.11541316 	 1.637815
0.117919765 	 1.5196419
0.10408813 	 1.4597965
0.11344947 	 1.7273948
0.03368869 	 1.8019445
0.023475466 	 1.5770588
0.011380876 	 1.6309551
0.006436514 	 2.6125233
0.009517879 	 2.327934
0.009237866 	 1.6305292
0.014673432 	 2.2682068
0.017504295 	 2.1950033
0.023570359 	 2.0444858
0.1591648 	 1.5161706
0.14120549 	 1.7310361
0.12865707 	 1.9672769
0.11467282 	 1.7407484
0.051963866 	 2.0655055
0.031772878 	 1.2117563
0.04642612 	 1.7469524
0.079880185 	 1.3041985
0.08149863 	 1.7606939
0.10083218 	 1.8928597
0.12356654 	 2.222555
0.03558669 	 2.0058162
0.0235396 	 2.1354342
0.03261384 	 1.754638
0.07051663 	 1.8671744
0.08376398 	 2.0801697
0.0718603 	 1.9547735
0.02524131 	 1.7399952
0.030014576 	 2.0283258
0.013342726 	 2.0821471
0.008665628 	 2.2811582
0.010975408 	 2.3813019
0.023613932 	 2.255567
0.02800991 	 1.8021345
0.06458652 	 1.7252145
0.041574374 	 2.101637
0.12227965 	 0.71084756
0.14676794 	 0.76061904
0.14732666 	 0.721067
0.14353669 	 0.6002138
0.1316018 	 1.0888814
0.14616096 	 1.0849223
0.1222321 	 0.55966854
0.13755636 	 0.7245419
0.14010009 	 0.75248593
0.125355 	 0.7109946
0.15355782 	 0.8979461
0.12965623 	 0.97882646
0.14841111 	 0.68814754
0.13430096 	 0.9559869
0.13130541 	 1.5127687
0.10096418 	 0.78447986
0.10022286 	 0.7567049
0.078218535 	 0.974825
0.06217715 	 0.79054546
0.06372346 	 0.52786136
0.064318374 	 1.1796395
0.051328316 	 2.4860816
0.038947348 	 0.71282476
0.046028353 	 0.71560705
0.042656418 	 0.55675906
0.028716983 	 1.0813054
0.03578472 	 0.7862296
0.028888447 	 0.36273995
0.027763708 	 0.9608892
0.031814843 	 2.5011292
0.031662565 	 1.0864447
0.028349679 	 1.8742236
0.019809375 	 0.7662725
0.027449008 	 1.2107717
0.027957134 	 1.3208427
0.025407225 	 1.2115767
0.02379795 	 0.97627014
0.025118265 	 0.779069
0.027818618 	 1.0027483
0.02411773 	 0.57599854
0.01895791 	 1.1483927
0.020924285 	 0.5375981
0.016976414 	 1.0455945
0.01652498 	 1.0043409
0.015316421 	 0.76449853
0.013587155 	 1.9517721
0.016969018 	 1.251023
0.019286778 	 0.76600766
0.012768497 	 0.4677118
0.017496591 	 0.47073624
0.012817761 	 0.97664803
0.014640771 	 0.86437064
0.020486701 	 0.5328315
0.016925005 	 1.1958271
0.013635251 	 0.6061395
0.008653844 	 0.5955111
0.009636551 	 1.1595618
0.010835971 	 1.3315861
0.009862559 	 0.6115554
0.010978844 	 0.7169975
0.009640643 	 1.3300712
0.008368542 	 1.1284258
0.009315051 	 0.7541657
0.008513347 	 0.9536879
0.013084708 	 0.92892116
0.006282353 	 0.5715091
0.01022187 	 0.9056585
0.021699762 	 0.58450717
0.022177977 	 0.8722208
0.02636511 	 0.56483054
0.023725072 	 1.1204946
0.024067663 	 1.1577368
0.029712249 	 0.7786172
0.028231036 	 0.72505116
0.03054736 	 0.5801355
0.025654072 	 1.9216427
0.031740148 	 0.6614349
0.03792397 	 0.46758395
0.06268344 	 1.7069007
0.06987686 	 0.4379563
0.085289784 	 0.89568347
0.09710707 	 0.8123507
0.10276125 	 0.88169646
0.09790616 	 0.66595966
0.08929439 	 1.3316786
0.08671444 	 1.2783314
0.0815576 	 0.7477578
0.081914835 	 1.278664
0.07972177 	 1.4009776
0.07712748 	 0.6451062
0.06425577 	 0.67012703
0.051623635 	 1.6094774
0.056965847 	 1.10893
0.042251065 	 1.0428305
0.02529596 	 1.2094617
0.027116772 	 1.1994143
0.021773165 	 1.1646852
0.019471886 	 0.67805916
0.30881754 	 1.0267944
0.29735807 	 1.0248691
0.30598652 	 1.1299518
0.2428799 	 1.1161158
0.17590995 	 1.3820189
0.17089276 	 1.5489473
0.14753416 	 1.4930493
0.14704677 	 1.2673979
0.15332128 	 1.5218691
0.16045366 	 0.922779
0.17661442 	 1.5967886
0.18227202 	 1.1181824
0.1814948 	 1.4240707
0.16808757 	 1.0417486
0.17335044 	 1.4363571
0.18328707 	 1.4288285
0.17909499 	 1.0034913
0.18388528 	 1.2094212
0.17769843 	 1.5338283
0.16610327 	 1.4474708
0.1610922 	 1.3841532
0.15762167 	 1.1564894
0.15244411 	 1.4851857
0.15002227 	 1.2036515
0.15656295 	 1.336976
0.1764857 	 1.6600963
0.15232132 	 2.0179868
0.16325736 	 0.83349836
0.16702527 	 1.3195384
0.17351002 	 0.94729066
0.16887411 	 1.1357621
0.18310438 	 1.5691962
0.22376697 	 1.416806
0.27642083 	 1.2681578
0.25953597 	 1.2893649
0.22007823 	 1.4797947
0.21676211 	 1.4698167
0.1976655 	 1.6038666
0.18471497 	 1.5009098
0.17003179 	 1.7183436
0.16014336 	 0.96752256
0.27666298 	 1.226511
0.18306823 	 1.5346214
0.20148973 	 1.7980937
0.18645808 	 1.6097138
0.17160149 	 1.5677519
0.16582893 	 1.5932177
0.16297229 	 1.2165976
0.13623421 	 1.4731036
0.15268482 	 0.857446
0.1346753 	 1.5392019
0.15712146 	 1.2622945
0.14836001 	 1.2643067
0.14677726 	 0.687237
0.15343489 	 0.9790378
0.12489262 	 1.5918268
0.13652864 	 0.76408535
0.1313154 	 1.1391089
0.10997896 	 2.2758417
0.102391675 	 1.5394948
0.10474356 	 1.3917993
0.13509706 	 1.122184
0.14796317 	 1.5992845
0.13643989 	 1.5488466
0.14317511 	 1.2432894
0.15493663 	 0.8739972
0.15119436 	 1.2565241
0.17099142 	 0.8583308
0.16111918 	 0.91858435
0.16910596 	 1.2307608
0.17360906 	 1.1371465
0.18119976 	 1.1263479
0.25115848 	 0.69922286
0.28141174 	 1.2229903
0.25121555 	 0.9893652
0.24040596 	 1.0031204
0.20215897 	 1.2348169
0.19898935 	 1.3843226
0.16637123 	 0.9064409
0.13294274 	 1.5228416
0.12644488 	 1.1227355
0.13418481 	 1.6097033
0.12549351 	 1.0776749
0.1168108 	 1.0549508
0.14058644 	 1.3939245
0.13474561 	 1.3067318
0.15704781 	 1.3132092
0.16447353 	 1.8697828
0.21079013 	 1.5780804
0.21925579 	 1.4532657
0.24599756 	 1.3870229
0.25883093 	 1.6703848
0.24602966 	 1.0747916
0.35630956 	 0.86215526
0.38822472 	 0.885545
0.4127669 	 0.7940599
0.45262462 	 0.8457287
0.45264804 	 0.76918614
0.4654614 	 0.7893528
0.4882897 	 0.80390906
0.48164773 	 0.75501025
0.45608085 	 0.80675143
0.43658674 	 0.805322
0.3349509 	 0.7633325
0.29623646 	 1.0486925
0.22761665 	 1.0765018
0.1583776 	 1.587899
0.13811707 	 0.9112052
0.14258666 	 1.2218082
0.13362356 	 1.6325456
0.13524027 	 1.3130773
0.14060283 	 1.6718543
0.14097075 	 1.5859501
0.1431595 	 0.7599482
0.13527684 	 1.3243886
0.16047487 	 1.2513958
0.15749523 	 1.724143
0.13679172 	 1.7883443
0.14302112 	 1.2512461
0.12991649 	 1.2131875
0.122179024 	 0.9431667
0.13084836 	 1.8854296
0.12400475 	 1.2122769
Summary
0.006282353  -  0.8273305 ,  0.36273995  -  2.6125233
accuracy:  100.0
equal predictions:  0
TensorFlow version: 1.13.1
Found 939 images belonging to 1 classes.
argN = 3136
argN = 3136
0.5674093 	 2.1148388
0.55334806 	 1.6460476
0.24085224 	 2.1268048
0.21307088 	 1.9548249
0.1717172 	 2.0726185
0.113695726 	 1.845048
0.024540352 	 2.4571283
0.02277855 	 1.9085656
0.025826966 	 1.8721992
0.046415195 	 2.0213025
0.06319081 	 1.6590077
0.27865517 	 1.1725061
0.22361721 	 1.4082667
0.17888254 	 1.4668394
0.15464564 	 1.7921218
0.14781508 	 1.6238399
0.12425876 	 1.6840631
0.12407014 	 1.7681906
0.1503023 	 2.0126593
0.28503105 	 1.9608884
0.3676142 	 1.4558575
0.405335 	 1.7137
0.35715312 	 1.868608
0.375551 	 1.6360471
0.17856255 	 2.1546593
0.099108264 	 1.7339438
0.051181447 	 2.442115
0.07498078 	 2.020554
1.2506008 	 1.6838521
1.162634 	 2.260036
1.1149822 	 2.7305562
0.99276966 	 2.1036148
0.87317777 	 1.8906976
0.5006048 	 2.4094493
0.63753575 	 1.5831052
0.066836655 	 2.2990358
0.12935011 	 2.089979
0.113465555 	 1.8860312
0.03372673 	 2.2844944
0.02702289 	 2.2409391
0.03225101 	 1.8241875
0.019404123 	 2.265175
0.021827199 	 2.8019533
0.020105014 	 1.7523428
0.020899758 	 1.9672083
0.13224551 	 1.5176682
0.16989642 	 1.9011784
0.15989365 	 1.7914494
0.14426972 	 1.5809633
0.11240727 	 1.5554353
0.12238858 	 1.9526731
0.14627562 	 2.1350787
0.13294649 	 1.9830315
0.09232144 	 1.7997028
0.07256299 	 1.752231
0.024827372 	 2.0759208
0.020237356 	 1.8039882
0.018819783 	 2.3294733
0.018377775 	 2.314078
0.012624343 	 1.6907879
0.036493916 	 2.4006152
0.04205268 	 2.1083066
0.08477018 	 2.2883866
0.13970879 	 2.1395159
0.19235615 	 1.9455049
0.19993985 	 1.988519
0.16480044 	 2.4628923
0.11937034 	 2.290483
0.06106435 	 2.3583486
0.046261676 	 1.9194578
0.043040402 	 2.266143
0.08952923 	 2.0555465
0.08528434 	 1.9928068
0.11411968 	 2.3376
0.11650229 	 1.3945123
0.10831732 	 1.7849467
0.116767995 	 1.5513884
0.11735303 	 1.8787607
0.03283759 	 1.9398538
0.037034616 	 1.847214
0.1527392 	 1.418876
0.1603555 	 1.5227801
0.02854733 	 1.9649209
0.065520145 	 1.7567936
0.18316443 	 1.2969279
0.20969217 	 1.2994186
0.14964166 	 1.7252252
0.06785249 	 2.1901608
0.12989478 	 1.6669093
0.14067158 	 1.594698
0.15131813 	 1.740673
0.15406549 	 1.5415725
0.15293129 	 1.5848979
0.035729744 	 1.7953421
0.03337915 	 2.63983
0.023655616 	 1.5256578
0.021087782 	 2.20484
0.013273805 	 2.3540363
0.013316631 	 2.2491333
0.008928401 	 1.8821689
0.033672724 	 2.3869112
0.03183552 	 2.8254035
0.044150386 	 1.9139124
0.10112316 	 1.8984503
0.06776223 	 1.3908017
0.16521308 	 0.63458335
0.17417504 	 0.8270819
0.14710015 	 0.87015164
0.17372712 	 1.1795652
0.1720212 	 0.92945176
0.16059363 	 0.54290473
0.14767848 	 1.2596325
0.13919102 	 1.0148762
0.17440933 	 1.0160487
0.16531926 	 1.1249926
0.15520863 	 0.60304874
0.14351363 	 0.775728
0.1476442 	 0.79595447
0.13299401 	 1.3076487
0.1341041 	 0.9047271
0.12415617 	 1.3151925
0.12527832 	 0.91921747
0.110568956 	 0.66282296
0.10630314 	 1.2527149
0.09937215 	 1.2569158
0.08589176 	 0.80693865
0.08504036 	 1.0974302
0.08331843 	 1.4272239
0.069875956 	 0.9257169
0.07116705 	 0.8871795
0.06938193 	 0.61964273
0.055106357 	 0.89150184
0.049814638 	 0.7421853
0.035871644 	 0.8455329
0.03882812 	 0.664248
0.032949325 	 1.536359
0.031840686 	 1.686065
0.027508864 	 0.7077178
0.03168256 	 1.310848
0.031531163 	 0.97309536
0.028688094 	 0.7372234
0.035671182 	 0.90924627
0.033561893 	 1.2721987
0.030364983 	 1.416261
0.022006564 	 0.4439804
0.01887712 	 1.013299
0.016707154 	 0.7178742
0.01968256 	 0.708784
0.022820992 	 0.86484104
0.016274743 	 0.73552716
0.015423192 	 1.1910576
0.013361512 	 1.7918575
0.011261878 	 1.0058129
0.012592774 	 1.2965567
0.012741391 	 1.5732554
0.012033996 	 0.96123767
0.011478486 	 0.53759336
0.011853878 	 1.8832982
0.011451535 	 1.0455022
0.013114843 	 1.0023311
0.025768619 	 0.4007459
0.02730603 	 1.1318302
0.03480358 	 0.6040291
0.03259912 	 0.84101003
0.02971366 	 0.6699945
0.02921213 	 1.4987675
0.033274572 	 1.0328315
0.03365688 	 1.0156898
0.03398347 	 1.2781315
0.040764153 	 0.77443284
0.035823517 	 0.8000495
0.04144508 	 0.5874495
0.0325288 	 0.6148801
0.025262827 	 1.1683295
0.030011997 	 0.9063816
0.048041176 	 1.1828854
0.05343176 	 0.6236221
0.07352077 	 0.89196956
0.08837491 	 0.51358414
0.096984774 	 0.68358135
0.08774671 	 1.1615164
0.092524566 	 0.68988085
0.08865884 	 0.82455194
0.08962584 	 1.3504701
0.094824366 	 0.671298
0.100824006 	 0.6725064
0.08949533 	 1.1760793
0.08047 	 1.1737034
0.035661917 	 0.65140325
0.03339129 	 1.1913296
0.031568438 	 1.142633
0.03533367 	 1.9148855
0.02895477 	 0.8208623
0.02161187 	 0.84574854
0.016453719 	 1.1750903
0.022498641 	 0.47314882
0.30892843 	 1.2325169
0.2539957 	 1.3169761
0.24620493 	 1.5130502
0.23357846 	 1.3148882
0.19281988 	 1.3862488
0.1782609 	 1.1521897
0.18697116 	 0.868836
0.15994303 	 1.4352529
0.15622939 	 1.2034565
0.158451 	 1.0686523
0.168738 	 1.4400716
0.18481371 	 1.5399548
0.17180878 	 1.2308302
0.20339054 	 1.0751511
0.19644335 	 1.4022272
0.21388699 	 1.0998553
0.18501772 	 1.2636286
0.16932487 	 1.3857533
0.17018242 	 1.2627707
0.17223063 	 1.6244959
0.17059179 	 1.3421022
0.1607978 	 1.0957792
0.17731725 	 1.1063048
0.18176183 	 0.92790836
0.18731011 	 1.5115304
0.17631762 	 1.4247891
0.28857908 	 1.0522203
0.26648057 	 1.4415598
0.24582104 	 1.5816537
0.20174582 	 0.9822033
0.18956417 	 1.4992747
0.20988992 	 1.55839
0.18649012 	 0.8624715
0.20222719 	 1.038988
0.19687413 	 1.0490013
0.19534035 	 1.5094795
0.19482057 	 1.62308
0.19242638 	 1.3569005
0.28417584 	 1.0650401
0.3139589 	 1.1198065
0.24360101 	 1.2697924
0.20558609 	 1.2925344
0.18799028 	 2.3280978
0.2094308 	 1.2708005
0.19968072 	 1.2335668
0.20810524 	 1.2352588
0.18007134 	 1.7014906
0.17844142 	 1.3317728
0.15236706 	 1.2915441
0.14781232 	 1.1993462
0.1370842 	 1.8054588
0.1284195 	 1.0329665
0.11646539 	 1.6721823
0.10976607 	 1.514562
0.11750358 	 1.742143
0.1154175 	 1.2557842
0.11946914 	 1.0087235
0.12220004 	 1.6697521
0.10643752 	 1.5622256
0.13131091 	 1.178598
0.14231883 	 1.2174048
0.18629973 	 1.3592256
0.16429937 	 1.3876472
0.17935638 	 1.2814491
0.20011203 	 1.4206035
0.22368005 	 1.3084587
0.22554618 	 1.386353
0.257569 	 1.3174088
0.25860023 	 0.9852472
0.27794707 	 0.81304383
0.28538063 	 1.0537137
0.30092242 	 1.3086426
0.2855222 	 1.1274648
0.28784436 	 1.1095806
0.2207798 	 1.2592216
0.17918952 	 1.1720241
0.14302222 	 1.5253829
0.14052731 	 1.7010306
0.13168311 	 1.3261355
0.12125493 	 0.8982439
0.122657664 	 1.6079446
0.12008809 	 1.0821303
0.12457277 	 1.2843202
0.11316735 	 1.0987949
0.12230855 	 1.3147373
0.13890663 	 1.2805814
0.15973783 	 1.138094
0.18140419 	 0.77473146
0.21503177 	 1.2017686
0.3359634 	 0.8038016
0.36628532 	 0.82537574
0.36436176 	 0.9314051
0.37924895 	 0.933659
0.39912304 	 0.8029958
0.44668198 	 0.8166827
0.46015364 	 0.7168306
0.48577514 	 0.7207432
0.5084766 	 0.8301642
0.4275222 	 0.9131817
0.38862288 	 0.72539574
0.2814283 	 1.0628359
0.24565232 	 1.0962209
0.17537773 	 1.445059
0.14398284 	 1.307423
0.13044062 	 1.372928
0.13857917 	 1.2293729
0.13071664 	 1.7717416
0.13001573 	 1.3644997
0.123324916 	 1.0869164
0.121718995 	 0.90049535
0.13840446 	 1.3174309
0.13668567 	 1.5878187
0.14535575 	 1.7009232
0.12751603 	 1.7217753
0.13173765 	 1.4816837
0.13279441 	 1.0451752
0.11656892 	 1.5951238
Summary
0.008928401  -  1.2506008 ,  0.4007459  -  2.8254035
accuracy:  100.0
equal predictions:  0
TensorFlow version: 1.13.1
Found 939 images belonging to 1 classes.
argN = 3136
argN = 3136
0.39303657 	 2.0556245
0.410577 	 2.361487
0.3834534 	 1.999732
0.2568066 	 2.0407062
0.53879577 	 1.6801845
0.34947354 	 1.456806
0.31639045 	 1.7102959
0.07001544 	 1.833681
0.06728933 	 2.3087666
0.02399867 	 2.2207365
0.022238981 	 1.2802752
0.025791738 	 1.6104331
0.021405479 	 1.7575976
0.09591747 	 1.4364926
0.25623724 	 1.3405482
0.09098697 	 2.281537
0.1132281 	 2.085652
0.18147714 	 1.793284
0.28786385 	 1.4941382
0.108175725 	 1.802926
0.06913382 	 1.8992094
0.08210033 	 1.5634394
0.064929284 	 2.360195
0.047300998 	 1.4540263
0.059063867 	 1.6701858
0.06589035 	 2.6921372
0.061643545 	 2.0025125
0.06376507 	 1.6383228
0.09124519 	 1.8902303
0.16112632 	 1.9050568
0.39394668 	 2.0098345
0.60073113 	 1.994221
0.5107206 	 1.6964172
0.7072885 	 1.9986007
0.7350026 	 1.9052731
0.6018502 	 2.4084833
0.4404276 	 1.7076744
0.42685878 	 2.2121925
0.4490681 	 1.9709138
0.32375762 	 1.6312844
0.41616493 	 1.4400406
0.4806205 	 2.0872662
0.5086192 	 2.070157
0.07228936 	 1.6338725
0.10368342 	 1.8677862
0.08347308 	 2.2712638
0.0480443 	 1.7353946
0.032349817 	 2.0062797
0.02494647 	 1.4554365
0.15816875 	 1.5060152
0.06672948 	 1.7368522
0.055161655 	 2.161799
0.053583995 	 1.6213666
0.078207 	 1.9863409
0.0787472 	 2.3665588
0.056599498 	 1.9671315
0.024487209 	 1.973017
0.015388266 	 1.9534707
0.0106489 	 2.276564
0.013957901 	 1.4392112
0.0099301 	 1.6181201
0.016029656 	 1.7424221
0.046729427 	 1.3439066
0.05570051 	 1.8152702
0.11552354 	 1.6730669
0.10136766 	 2.3748274
0.068895735 	 2.26847
0.0626276 	 1.8806144
0.056759156 	 2.2621682
0.03512986 	 1.6699072
0.029347401 	 1.7014785
0.037745506 	 2.3464384
0.054799557 	 1.8155928
0.05089228 	 1.6638213
0.109650806 	 1.7464454
0.10381573 	 2.3473942
0.030964592 	 1.6700757
0.029746879 	 2.021378
0.0749344 	 1.9204831
0.18732613 	 1.5594914
0.18766649 	 1.4070483
0.071077324 	 2.2108216
0.047097046 	 1.4366821
0.04847566 	 2.1269321
0.057551194 	 1.8173711
0.05692212 	 1.6892761
0.069767684 	 1.7458966
0.013595977 	 2.0930367
0.014755636 	 1.8383127
0.027548015 	 2.0076435
0.031761497 	 1.6639035
0.06795488 	 0.6862442
0.060444333 	 0.59751
0.07257094 	 0.5531168
0.072185636 	 1.4533416
0.06942154 	 0.53046924
0.061500095 	 0.87545484
0.06762339 	 0.9759468
0.06661415 	 0.79178655
0.06783814 	 1.0898262
0.0657776 	 0.53797406
0.06298606 	 0.638597
0.06925889 	 0.6075418
0.06810328 	 1.2302018
0.07130044 	 1.0189439
0.07495721 	 0.705727
0.0756617 	 0.8119902
0.07276343 	 0.8189992
0.06445467 	 0.7209242
0.064320214 	 1.0210272
0.07456166 	 0.93049425
0.058214653 	 0.84590894
0.061967798 	 0.58615553
0.050311506 	 1.7012675
0.04738324 	 1.1995339
0.04690607 	 0.34238642
0.05144779 	 0.5025669
0.038773097 	 0.803906
0.040725287 	 0.7182577
0.02852979 	 1.2082392
0.02593083 	 0.9307695
0.023890004 	 0.897476
0.023001572 	 0.4236698
0.028194495 	 0.44976234
0.025945572 	 0.7260567
0.023266677 	 1.0767694
0.023132835 	 0.8008574
0.02274477 	 0.5122244
0.026043389 	 0.7394194
0.01896459 	 0.9884277
0.021543413 	 1.0717907
0.025823481 	 0.49039835
0.020999944 	 0.9335931
0.024377633 	 0.56474453
0.02471269 	 0.7541964
0.025624596 	 0.76572627
0.026901035 	 0.68255275
0.026049752 	 0.45649466
0.01951358 	 0.96516794
0.020746393 	 0.5569595
0.018008545 	 0.7473332
0.015379913 	 0.62777746
0.014861138 	 0.4493142
0.017247688 	 0.52550185
0.014107084 	 0.74529684
0.016498439 	 0.35668153
0.016718123 	 0.681945
0.018421732 	 1.1354836
0.013378909 	 0.6694637
0.014090944 	 0.93682677
0.01657546 	 1.6874443
0.012818304 	 0.77630174
0.013621112 	 0.8660194
0.017127564 	 0.5762086
0.013403858 	 0.61984503
0.011544147 	 0.6958258
0.013489461 	 0.51665586
0.012499764 	 0.7736051
0.014270619 	 0.96649903
0.012084069 	 0.47623524
0.014903667 	 0.5608847
0.01497264 	 0.9997999
0.012869865 	 1.2469149
0.012021388 	 0.81948274
0.010446565 	 0.5431741
0.012289692 	 0.5943241
0.013608121 	 0.83510715
0.01042952 	 0.7024504
0.010026545 	 0.6671301
0.0120092025 	 0.92563605
0.012406762 	 0.9054637
0.014663331 	 0.8869167
0.01351985 	 1.1880505
0.017754598 	 0.4530035
0.013580751 	 0.4577343
0.017522128 	 0.4055153
0.018884834 	 0.51937807
0.018470181 	 0.9277235
0.014487214 	 0.4043575
0.017651096 	 1.1556064
0.015525616 	 2.293873
0.013929977 	 0.41051435
0.018174175 	 1.0482062
0.017708246 	 0.9583189
0.016320847 	 0.6454079
0.019657515 	 0.9813776
0.017304147 	 0.5469171
0.017647699 	 0.8481837
0.020323608 	 0.9807457
0.025919206 	 0.5901548
0.025818283 	 0.4802406
0.034876592 	 0.8564627
0.046031035 	 0.67424405
0.048218176 	 0.76956975
0.049254086 	 1.0224985
0.04946092 	 0.32586595
0.06005304 	 0.6955728
0.056870636 	 0.9801576
0.055274215 	 0.851988
0.06116839 	 0.50385165
0.057065547 	 1.1350815
0.062634066 	 0.7344811
0.062150512 	 0.9883531
0.066217 	 0.44743285
0.06883208 	 0.7563198
0.05595955 	 0.55433017
0.053368445 	 0.87541264
0.060906604 	 0.73854965
0.05242386 	 0.5612041
0.039207414 	 0.6289638
0.038486816 	 0.8062346
0.032077245 	 0.64828354
0.031523164 	 1.0693964
0.023626382 	 0.99475336
0.02235076 	 0.44786257
0.019107293 	 1.1794906
0.26569316 	 1.0309922
0.2731705 	 1.062522
0.26454833 	 0.70899665
0.26982096 	 0.97909886
0.2827104 	 0.86678994
0.26453117 	 1.3445375
0.13852249 	 1.2310195
0.14796759 	 1.5120066
0.17293902 	 1.2707845
0.15136604 	 1.1442744
0.15567438 	 1.435584
0.15508598 	 1.0512475
0.15085684 	 0.93583155
0.15177561 	 1.0771568
0.13803981 	 1.0770686
0.15123437 	 1.5229008
0.13677095 	 1.7986006
0.14130819 	 1.5080992
0.15358444 	 1.3971853
0.146547 	 1.5648937
0.13299544 	 1.4933718
0.14224578 	 0.9001688
0.14693369 	 1.594833
0.15100017 	 1.3705308
0.1821355 	 1.2900621
0.26099122 	 1.4885135
0.2589432 	 1.0345908
0.20710288 	 1.392705
0.16816196 	 1.1985219
0.15727492 	 1.8846079
0.21330333 	 0.74017805
0.27426535 	 1.3708506
0.22487073 	 1.2809967
0.17531501 	 1.4822263
0.18055731 	 1.8884887
0.17750743 	 1.0384909
0.16870667 	 1.4677324
0.15714985 	 0.97918284
0.14799462 	 1.2009258
0.15290678 	 1.0489825
0.11951153 	 1.3519113
0.11689045 	 1.3053743
0.12400252 	 1.5108886
0.107088715 	 1.252032
0.12219431 	 1.7650961
0.11604292 	 1.5053062
0.09074323 	 1.8129512
0.08168598 	 1.6722096
0.08904038 	 1.7764964
0.111463234 	 1.1259966
0.15124442 	 1.6177504
0.14754072 	 1.6149553
0.14165363 	 1.2794937
0.13736624 	 1.2682244
0.14689937 	 1.4350193
0.21851553 	 1.2244419
0.22148255 	 1.0539246
0.22609131 	 1.011694
0.23554268 	 1.0003048
0.23650622 	 1.2484901
0.14061518 	 1.6215223
0.1261866 	 0.8555385
0.13896675 	 0.7373958
0.11020747 	 1.6889427
0.102633044 	 1.3376691
0.09841028 	 1.6294969
0.09052422 	 1.4162003
0.087308295 	 1.461132
0.1081734 	 1.8204273
0.11644584 	 1.6262031
0.15566888 	 1.4350604
0.2267121 	 1.3619604
0.312183 	 1.1767699
0.353328 	 0.86234754
0.43739298 	 0.7321179
0.49713644 	 0.6956898
0.4843834 	 0.79162604
0.37312528 	 0.9516532
0.34129208 	 0.7199964
0.28437838 	 0.9150427
0.18637225 	 1.3240417
0.10528955 	 0.8688114
0.1099755 	 1.1362764
0.101569265 	 0.96576416
0.0981834 	 1.1082493
0.1114597 	 1.78085
0.11201091 	 1.7157096
0.12282688 	 1.47621
0.12200763 	 1.558778
0.12120709 	 1.3682122
0.1174029 	 1.5785495
0.11927296 	 1.5489069
0.12111397 	 1.4078268
0.10446343 	 1.6720358
0.08995519 	 1.532521
0.08738531 	 1.4952351
0.090758376 	 1.2685007
Summary
0.0099301  -  0.7350026 ,  0.32586595  -  2.6921372
accuracy:  100.0
equal predictions:  0
