TensorFlow version: 1.13.1
Found 939 images belonging to 1 classes.
argN = 196
argN = 196
0.12233341 	 3.670893
0.54484814 	 2.8965392
0.28768614 	 3.4176047
0.17195217 	 2.4427574
0.12423581 	 3.2488425
0.06647152 	 3.6682503
0.10300754 	 2.95249
0.05713629 	 2.2769387
0.057564896 	 3.1257784
0.06330821 	 3.480946
0.099150054 	 2.1450121
0.14376624 	 2.2574146
0.052364692 	 2.8278396
0.15427898 	 2.915484
0.16266084 	 4.5413427
0.19104768 	 2.4982805
0.2928366 	 3.175669
0.24734084 	 2.188906
0.22634907 	 2.3291225
0.29918483 	 3.6688483
0.32024136 	 2.7158449
0.28176254 	 3.4066603
0.18542509 	 3.6960664
0.06366159 	 2.875596
0.13061883 	 2.8802
0.010264204 	 2.3967419
0.02833202 	 2.7176063
0.01028793 	 3.5239675
0.01045048 	 3.380751
0.23653756 	 1.7987003
0.1131488 	 3.2240539
0.23406953 	 2.265699
0.25822398 	 2.0346766
0.2762962 	 2.1849043
0.14701702 	 3.4427464
0.08794806 	 3.0717747
0.31568635 	 2.9219074
0.3384056 	 3.6676548
0.26230535 	 4.58487
0.2870855 	 2.5044005
0.21818668 	 2.5068784
0.27971518 	 2.3949816
0.21993451 	 3.3253148
0.23297778 	 2.822082
0.35197657 	 2.2612917
0.16665173 	 2.8755708
0.1406204 	 2.9540896
0.020666009 	 3.609643
0.045261726 	 2.400809
0.04422209 	 2.721101
0.09957855 	 2.3425179
0.036365896 	 2.330247
0.041595686 	 2.3329093
0.05790128 	 1.8123698
0.16591124 	 3.479959
0.12415327 	 4.157336
0.118899986 	 3.2036748
0.070412636 	 2.9257448
0.020534582 	 2.6574364
0.04699846 	 3.3303862
0.05266371 	 2.2682188
0.05236683 	 1.9821079
-9.5367386e-07 	 2.6459644
-9.5367386e-07 	 3.3381226
1.8596822e-05 	 3.8621342
-9.5367386e-07 	 3.2490697
-9.5367386e-07 	 2.639679
0.00511408 	 1.7616599
0.031080242 	 2.243439
0.1742396 	 3.0378249
0.39622194 	 2.8069193
0.29195705 	 2.421164
0.23587337 	 2.6104517
0.06443273 	 2.3983607
0.14180712 	 3.2192094
0.16276668 	 2.4209378
0.20297863 	 2.757531
0.21469387 	 2.1565475
0.17990658 	 2.4846404
0.18990451 	 1.9821949
0.22822611 	 2.6203976
0.12034197 	 3.3255138
0.025848681 	 2.694711
0.02582654 	 3.3179317
0.045075957 	 2.6137698
0.088079475 	 2.232259
-9.5367386e-07 	 1.5423539
0.050178066 	 2.7866616
0.03637591 	 2.7128344
0.03135789 	 13.815511
0.02061733 	 4.1794376
0.015423494 	 3.6669781
0.00023403522 	 2.8802032
0.013481728 	 3.0512748
0.04570904 	 2.216766
0.020618243 	 2.7935836
0.010255472 	 2.8412406
0.009946836 	 2.6574748
-9.5367386e-07 	 3.4603777
-9.5367386e-07 	 3.332177
0.031087251 	 2.185252
0.016064301 	 2.6695507
0.015462962 	 1.5658978
0.025819933 	 1.8185213
0.015423555 	 2.5695364
0.010255472 	 1.1349822
0.010226025 	 1.5531948
0.005033324 	 1.2561262
0.0083961915 	 2.5593715
-9.5367386e-07 	 2.340742
0.010255411 	 1.9109858
0.0051134806 	 1.3848277
0.0062288516 	 2.9737387
0.01595092 	 1.4090883
0.020436328 	 2.807326
0.015422768 	 1.1567442
0.020435356 	 1.6219794
0.026075691 	 2.0614147
0.03136392 	 1.7721851
0.03108885 	 2.5696523
0.04167162 	 2.8972087
0.023308955 	 2.1467352
0.03638586 	 2.8054507
0.017990096 	 1.5643189
0.020617269 	 1.9613073
0.0206138 	 1.4716231
0.015189267 	 2.2024732
0.00511408 	 1.980078
0.00511408 	 3.6785655
0.010255472 	 2.387693
0.015421376 	 2.3332639
0.010255472 	 2.0779746
0.00167319 	 1.7514685
0.00511408 	 2.9707298
-9.5367386e-07 	 2.33666
0.016872568 	 1.4328127
0.010255472 	 2.385696
0.015423313 	 1.22519
0.02040354 	 2.9669306
0.025519604 	 1.2687112
0.010255472 	 1.9206787
0.025844522 	 1.6400948
0.010954377 	 2.1815948
0.010255472 	 3.478397
0.020610576 	 1.5187337
0.010255472 	 2.1614864
0.015423434 	 1.8575966
0.016185144 	 1.8579134
0.010255472 	 2.6390338
0.010255472 	 2.0989406
0.00511408 	 1.8478583
0.00511408 	 1.2097796
0.0051017385 	 2.8801894
-9.5367386e-07 	 2.1699889
-9.5367386e-07 	 1.3860021
-9.5367386e-07 	 1.9820029
-9.5367386e-07 	 2.1893837
0.005114619 	 1.4473258
0.010255472 	 1.9563133
-9.5367386e-07 	 2.5737612
0.00511408 	 1.6528933
0.00511408 	 1.629151
0.01155289 	 1.7539976
0.010255472 	 2.0592213
0.020533243 	 3.2277617
0.02653758 	 1.4107622
0.031089528 	 1.2706984
0.020618243 	 2.880202
0.025840178 	 2.104623
0.031089528 	 1.4439381
0.041669443 	 2.0568655
0.020618243 	 2.601024
0.015395287 	 1.9112025
0.010255472 	 5.2787604
0.015423434 	 1.780774
0.009529253 	 1.4946175
-9.5367386e-07 	 2.4736001
0.009360234 	 2.563774
0.018401029 	 1.539306
0.00511408 	 1.8954241
0.00511396 	 1.8528368
0.021135874 	 1.3182898
0.02039557 	 1.0888565
0.010249751 	 1.2005676
0.051663615 	 1.2231137
0.020623172 	 1.2274568
0.0052910703 	 4.179434
0.012997811 	 2.2849495
0.013066833 	 1.2249457
0.0154831195 	 1.6895301
0.015422526 	 2.3892863
0.016786434 	 1.5044762
0.028798632 	 1.020994
0.010136125 	 1.9338713
0.015762828 	 2.290572
0.029489752 	 2.5770538
0.012752016 	 1.4340936
0.020425683 	 2.0187008
0.009969653 	 2.1933126
0.11190111 	 2.608543
0.11909912 	 1.7711424
0.17216294 	 2.5281289
0.059197232 	 2.9066143
0.025834184 	 4.1753263
0.02562643 	 1.2010779
0.0051210294 	 1.4535764
0.00511408 	 2.1449673
0.020156039 	 1.5533559
0.025840178 	 2.444891
0.03417613 	 3.0818622
0.04167187 	 2.4142423
0.010245235 	 3.3176389
0.010255472 	 1.9049991
0.00511408 	 1.176019
0.011772155 	 2.1015239
0.008282174 	 1.335647
5.9427595e-05 	 2.6947763
0.020618243 	 2.5107403
0.015423434 	 2.0195963
0.020618 	 2.5698946
0.015423434 	 9.135679
0.02614189 	 4.58487
0.020618243 	 2.9504907
0.015491595 	 3.0789132
0.027230015 	 2.244563
0.06320325 	 3.1821232
0.05775773 	 2.5696018
0.4088938 	 2.3794086
0.121478625 	 2.9763951
0.04706412 	 3.4851692
0.06862739 	 2.1896148
0.06862739 	 2.7143366
0.04167162 	 4.58487
0.047004834 	 3.4863229
0.03559373 	 3.6689909
0.041626506 	 4.1794376
0.08500188 	 2.282324
0.025840178 	 2.6390421
0.02539359 	 3.4964597
0.07402353 	 2.3417017
0.11051397 	 2.7131264
0.12562577 	 5.2776737
0.08668831 	 1.2351155
0.04748018 	 2.1093965
0.041599043 	 2.3275843
0.042341597 	 3.8905022
0.04600233 	 1.3525729
0.056155484 	 2.34467
0.05775773 	 3.0808687
0.04721189 	 0.98469496
0.020618243 	 3.3215775
0.010255472 	 4.1794376
-9.5367386e-07 	 1.016787
0.010255472 	 3.1231427
0.020627065 	 5.2779193
0.036363732 	 2.3336651
0.025850149 	 1.6331792
0.041728295 	 3.332172
0.03738452 	 1.9547529
0.031089034 	 2.8510814
0.0456877 	 2.9755104
0.1190595 	 2.7131605
0.12223136 	 1.2541153
0.12830694 	 1.9195167
0.16945021 	 1.7788996
0.16508119 	 1.7824484
0.13742334 	 1.7514441
0.16721885 	 2.3338165
0.15322873 	 1.9645998
0.12063553 	 2.5131786
0.07028972 	 1.8709298
0.13205014 	 2.3844085
0.025850944 	 1.9423655
0.020593418 	 2.5053878
0.025621232 	 2.187074
0.010255472 	 2.7099485
0.010255171 	 2.7528074
0.010255472 	 3.668638
0.031080488 	 1.4069285
0.015112292 	 2.5993512
0.025957134 	 2.372303
0.020614166 	 2.2823732
0.11296774 	 2.5049303
0.110329255 	 4.39087
0.09735597 	 2.8848166
0.18080203 	 2.2149844
0.18420547 	 2.6388378
0.14312126 	 2.1823773
0.20775945 	 2.100485
0.14238137 	 1.6227864
0.13267706 	 2.5183306
0.117193654 	 2.244877
0.13700457 	 1.6660556
0.18876399 	 1.337889
0.14120686 	 1.4240663
0.08792893 	 0.90978676
0.12011471 	 1.9551858
0.101963684 	 3.0808687
0.13786836 	 1.9198252
0.06862739 	 3.1986506
0.0155133875 	 3.4855795
0.010255773 	 1.4635297
0.036365464 	 1.5777676
0.024416296 	 1.4430109
0.031089282 	 3.1986492
0.07862849 	 2.5477448
0.06906829 	 3.5571358
0.110508114 	 1.8047996
0.0851588 	 4.07991
0.049972024 	 1.3650506
0.09017179 	 3.0808687
0.05678742 	 3.8922186
0.038761757 	 2.0290427
Summary
-9.5367386e-07  -  0.54484814 ,  0.90978676  -  13.815511
accuracy:  100.0
equal predictions:  0
TensorFlow version: 1.13.1
Found 939 images belonging to 1 classes.
argN = 196
argN = 196
0.096688226 	 2.504386
0.13589029 	 2.2504077
0.32835427 	 1.8494529
0.30235103 	 2.4530656
0.047029324 	 5.277639
0.05761932 	 3.6513677
0.04167162 	 2.5051785
0.052386425 	 3.8872116
0.11483734 	 1.4956769
0.05345647 	 2.5933702
0.09104814 	 3.1329577
0.09630487 	 2.0512536
0.10763154 	 4.5470123
0.20781052 	 3.072055
0.14406112 	 2.6065233
0.063180454 	 1.9643121
0.087830335 	 2.7662177
0.09270877 	 2.2816746
0.00509407 	 2.7256904
-9.5367386e-07 	 2.977062
0.0385894 	 3.4863229
0.21539663 	 2.7029316
0.10185426 	 1.8672758
0.042985395 	 2.3326266
0.13759103 	 2.8551717
0.2195919 	 1.9973656
0.21072412 	 2.8208194
0.22425698 	 1.1083517
0.09072711 	 2.4376986
0.14735381 	 1.1032946
0.23246326 	 2.9755082
0.16819878 	 2.4446099
0.06862739 	 2.2478454
0.04224665 	 3.0939815
0.024771404 	 3.9556203
0.014528943 	 2.1233475
0.015157314 	 3.6994727
0.0511189 	 2.5049062
0.049989756 	 1.4176135
0.077593334 	 2.4907355
0.10984776 	 2.4944503
0.101918474 	 3.324079
0.046900693 	 2.9203298
0.041505095 	 2.5041468
0.019750038 	 2.6469564
0.10762178 	 2.9737294
0.05335587 	 2.3545058
0.03898366 	 3.1986184
0.012927526 	 2.7192748
-9.5367386e-07 	 2.4608696
-9.5367386e-07 	 2.8811977
-9.5367386e-07 	 2.282171
0.0021953823 	 3.5061939
0.010255472 	 2.39696
0.074401006 	 2.466966
0.17212392 	 1.9036411
0.024141848 	 2.5360143
0.019986978 	 2.0711112
0.06317049 	 3.6043181
0.14970563 	 2.436469
0.2808911 	 2.014933
0.20226878 	 2.7899847
0.11865989 	 2.378462
0.13240819 	 1.6861969
0.045620635 	 2.5391288
0.041117787 	 2.460795
0.06586348 	 2.165149
0.036079004 	 2.2170177
0.023393825 	 2.214819
-9.5367386e-07 	 2.1897874
0.02061587 	 1.8441043
0.052131385 	 2.24368
0.04702801 	 2.2814074
0.059550866 	 2.8801215
0.005113361 	 1.8917334
0.015499464 	 3.0503314
0.00511408 	 2.6814826
0.010255472 	 2.8900068
0.018741557 	 2.9749558
0.010255472 	 4.156544
0.02387346 	 2.636507
0.00511408 	 3.3327396
0.009748495 	 2.145053
0.010255472 	 1.8010298
0.014958543 	 1.7830652
0.00511408 	 1.6774249
0.00511408 	 2.2557392
0.010255472 	 1.5403513
0.00511408 	 3.080852
0.010012517 	 1.9108291
-9.5367386e-07 	 1.0614007
0.00511408 	 1.3209158
0.00511408 	 1.3141338
0.010336951 	 1.770792
0.010255592 	 1.8431637
0.015423313 	 1.0316771
0.010255472 	 1.3637474
0.00511408 	 1.3814963
0.020573096 	 2.243436
0.036024503 	 1.3505657
0.013146368 	 3.206307
0.041223 	 2.048069
0.02056038 	 1.1619132
0.041579098 	 2.9479008
0.04054452 	 1.8343838
0.025840178 	 2.8801415
0.015423434 	 2.3169208
0.02061873 	 1.351853
0.010684022 	 2.9270284
0.00511408 	 1.5470387
0.00511408 	 1.2735343
0.014353998 	 1.9681685
0.020618243 	 2.12819
0.0063984212 	 1.2057283
0.00511408 	 2.880202
0.0017219698 	 1.798551
-9.5367386e-07 	 2.5061378
-8.344647e-07 	 2.557524
0.015423434 	 1.7801548
0.010255411 	 2.0200012
0.010255472 	 1.2712492
0.012039426 	 2.1784244
0.00511408 	 1.9817848
0.012008599 	 1.683509
0.015423434 	 1.6381748
0.020618243 	 1.3403919
0.010255472 	 1.8790604
0.010255472 	 2.2351377
0.00511408 	 1.4525577
0.010255531 	 1.6855837
0.020618243 	 3.486319
0.015423434 	 2.1000526
0.011560125 	 1.525888
0.02061812 	 2.543792
0.020626213 	 1.188867
0.00511408 	 2.3456728
0.00511408 	 1.339098
0.00511408 	 1.5210099
0.00511408 	 1.3201548
0.00510066 	 2.622422
-9.5367386e-07 	 1.8168696
-9.5367386e-07 	 1.662852
-9.5367386e-07 	 1.5885262
-9.5367386e-07 	 2.3863308
0.0049413736 	 1.4545865
-9.5367386e-07 	 2.1002557
0.00511408 	 1.9472338
0.010255472 	 1.136562
0.014966529 	 2.157502
0.010255291 	 1.1166953
0.00511408 	 2.7898333
0.00511408 	 1.4586685
0.00511408 	 1.1029664
0.00511408 	 2.936065
0.0052563166 	 1.5180117
0.010448553 	 2.7641408
0.04121884 	 2.444496
0.020618243 	 1.1212791
0.020618243 	 3.3096344
0.015459209 	 2.2936451
0.010255472 	 1.0596321
0.010255472 	 3.0745106
0.010230963 	 1.5598034
0.015423434 	 1.7445949
0.010255472 	 2.136874
0.010255472 	 1.3128017
0.010255472 	 1.8119198
0.0051160567 	 1.8426515
0.010255472 	 1.6216729
0.0071787997 	 1.5195458
0.0033084583 	 1.7482102
0.0042798184 	 2.711766
-9.5367386e-07 	 1.9784069
2.0504209e-05 	 1.2343575
0.0051007196 	 1.9458553
0.0067373468 	 1.3708831
0.00809534 	 1.7723622
0.0051304353 	 1.136614
0.031089528 	 1.5404993
0.00511408 	 2.885583
0.00511408 	 1.6668932
0.00511408 	 1.4709352
0.00065288396 	 1.1361558
0.010255472 	 1.3850013
0.0056975363 	 1.0676554
0.0051193517 	 2.5632255
0.0032662987 	 1.2513648
0.005114799 	 1.4273593
5.36442e-07 	 1.5996983
0.0051575154 	 1.6569654
0.009993011 	 2.0998137
0.010195736 	 1.1333389
0.00511408 	 1.6872877
-9.5367386e-07 	 1.1518649
0.08583954 	 1.7944094
0.063402705 	 4.1704054
0.1115494 	 1.5616527
0.13084415 	 1.8320693
0.10477129 	 1.1687878
0.07961623 	 2.4447625
0.040792465 	 2.3865857
0.025855286 	 1.5403183
0.00511408 	 1.3464593
0.013063391 	 2.1322224
0.020606073 	 2.4448826
0.015423979 	 2.6956625
0.00511408 	 5.2783747
-9.5367386e-07 	 2.9750946
0.021221595 	 4.003066
0.031089528 	 2.5055156
0.010255472 	 3.332177
0.0102556525 	 1.9084189
0.010255472 	 1.6777465
0.015423434 	 2.793087
0.0051141395 	 2.1001852
0.031088296 	 2.7930803
0.00511408 	 2.7124958
0.00511408 	 3.668638
0.010255472 	 1.9456099
0.020618243 	 1.4673822
0.018020986 	 2.233278
-9.5367386e-07 	 2.504958
0.015423434 	 0.9305612
0.016310971 	 3.1279926
-9.5367386e-07 	 1.2278665
0.015423615 	 2.5402796
0.031079628 	 2.42326
0.025840178 	 1.3642254
0.010255472 	 3.8917718
0.049302988 	 1.6465708
0.04165484 	 2.1426115
0.020618243 	 1.2704736
0.01702734 	 2.059211
0.054446023 	 0.7566447
0.17777896 	 1.8886995
0.2866944 	 2.291171
0.10732366 	 2.2911754
0.07410659 	 2.187045
0.06859228 	 2.3334181
0.03814259 	 2.019763
0.03583192 	 2.9755104
0.047004957 	 2.3294053
0.033338908 	 2.0592325
0.036275346 	 1.4002731
0.03118047 	 2.4395978
0.025840178 	 2.100018
0.00511408 	 2.793193
0.010255472 	 1.0587434
0.020618243 	 2.6544735
0.015423434 	 2.145079
0.010251316 	 1.8913801
0.00511408 	 2.4410522
0.015417623 	 1.426876
0.0259293 	 1.9326929
0.020563848 	 2.38772
0.017713705 	 2.4792404
0.031089528 	 1.204059
0.04200929 	 1.4714423
0.025893822 	 3.074339
0.031116826 	 2.1000633
0.09284205 	 2.329144
0.118412204 	 1.1454551
0.13227972 	 1.8114966
0.13296609 	 2.0586073
0.13619037 	 1.7730868
0.1450616 	 2.1661973
0.1468349 	 2.3329043
0.0887994 	 1.7848724
0.11332709 	 1.2526681
0.05168376 	 2.0957525
0.026186982 	 3.7855165
0.031089528 	 2.8801777
0.0051195314 	 2.6176984
0.00511408 	 3.4827778
0.015423434 	 2.503184
0.00511408 	 1.7793075
0.014572003 	 3.3321702
0.020618182 	 2.7670112
0.03358661 	 2.726375
0.05775773 	 2.889935
0.071743995 	 3.1232877
0.07875804 	 2.7193525
0.06862426 	 2.8577209
0.124696255 	 1.7970297
0.13667767 	 3.2354224
0.19610739 	 2.0401816
0.11343137 	 1.213114
0.19019167 	 2.0975387
0.1761529 	 1.6160891
0.15860577 	 2.094046
0.13171826 	 2.3159037
0.15715912 	 1.5016193
0.080048904 	 2.095728
0.080406375 	 2.3314848
0.11836718 	 1.9455979
0.07710726 	 3.332167
0.041786835 	 2.792761
0.03636633 	 3.332177
0.047004957 	 0.9139755
0.02061812 	 2.1426466
0.025626125 	 1.6543328
0.04167162 	 2.2198913
0.036366574 	 5.2779193
0.025840178 	 3.0710495
0.031089528 	 2.1424859
0.010273056 	 2.7356193
0.04167156 	 1.9822611
0.038102344 	 2.8926432
0.025846295 	 1.9412736
0.041671745 	 2.2335117
0.058892526 	 2.1090963
0.04704588 	 2.3303125
0.025754612 	 2.8805175
Summary
-9.5367386e-07  -  0.32835427 ,  0.7566447  -  5.2783747
accuracy:  100.0
equal predictions:  0
TensorFlow version: 1.13.1
Found 939 images belonging to 1 classes.
argN = 196
argN = 196
0.20820616 	 3.08154
0.31256342 	 3.0808687
0.19554828 	 2.5924084
0.42570937 	 3.2048275
0.6345648 	 2.4764414
0.33802903 	 2.884996
0.057545323 	 3.4862607
0.095212266 	 1.5270642
0.08797123 	 2.5054908
0.10087985 	 2.274913
0.11703477 	 1.8377588
0.26824808 	 1.425053
0.16383156 	 1.7670833
0.11011829 	 2.484508
0.20108537 	 2.7580533
0.19180247 	 2.6487513
0.15128651 	 1.781432
0.1932117 	 2.001564
0.16333371 	 3.2432399
0.17852728 	 3.0664752
0.17302164 	 4.1768126
0.24151117 	 3.6291842
0.3148696 	 2.0995169
0.18967614 	 2.9644387
0.22214566 	 2.8755505
0.09431648 	 2.5412092
0.08523994 	 2.8731434
0.03636645 	 5.3913655
0.047584314 	 2.785777
0.040109064 	 3.1985016
0.010255472 	 3.2036557
0.008511543 	 5.2767634
0.010255531 	 3.8915877
0.029233977 	 2.639043
0.06708483 	 2.994335
0.1725413 	 2.291372
0.26547045 	 2.2121544
0.1719034 	 2.7373495
0.14777887 	 3.2514315
0.09672979 	 3.2890823
0.4357017 	 2.5054638
0.43239027 	 2.7194512
0.23078139 	 2.4675028
0.16989063 	 2.5069163
0.4994458 	 2.566066
0.3801124 	 2.2570803
0.44409767 	 3.635771
0.025843665 	 3.3220103
0.1843749 	 2.5513744
0.2862494 	 2.7885358
0.1789112 	 3.2340689
0.06007133 	 5.2779193
0.027373105 	 2.3955047
0.050342593 	 2.8794026
0.07408175 	 2.2296884
0.0757166 	 2.3687303
0.04718802 	 2.2798808
0.08583721 	 2.1413577
0.15525535 	 2.0747952
0.15884852 	 2.531968
0.11905507 	 4.9177513
0.11072988 	 2.859649
0.22904254 	 3.2736409
0.1311832 	 3.055042
0.075159654 	 3.6656518
0.0070982375 	 2.0608876
0.010255472 	 3.645068
-9.5367386e-07 	 4.2229424
-9.5367386e-07 	 11.35346
0.063906565 	 2.2583106
0.29628077 	 2.715971
0.308788 	 3.297023
0.25015047 	 1.7956842
0.144556 	 3.329845
0.13172737 	 2.100877
0.09585908 	 2.733715
0.17000267 	 2.5851862
0.18470106 	 2.6954188
0.12447043 	 2.8545628
0.4119437 	 2.979319
0.39997184 	 3.7638667
0.2091036 	 2.1340468
0.2791669 	 3.2002976
0.2601871 	 2.8634045
0.18788369 	 3.1981688
0.17023443 	 1.8112792
0.1685389 	 2.0288472
0.06779445 	 3.46529
0.06102729 	 4.1325574
0.033276975 	 3.2253337
0.04227258 	 3.019565
0.07410132 	 3.1890402
0.08522053 	 2.7910917
0.0051240847 	 3.0710316
0.011397878 	 1.7826568
0.03785092 	 2.6870377
0.010255472 	 4.584841
0.05216636 	 2.7874434
0.03616101 	 3.2042253
0.026091354 	 2.2289982
0.025763113 	 3.4676762
0.010255472 	 2.5099926
0.017160004 	 2.3026726
0.0103126215 	 3.8335512
0.015869224 	 1.9277681
0.018815713 	 1.8227478
0.009071303 	 2.7143528
0.009376238 	 2.3364785
0.0051092273 	 3.116753
0.015423434 	 4.1473503
0.020641182 	 3.4651759
0.020600354 	 2.880202
0.015605649 	 1.7691747
0.039818987 	 1.4693213
0.035468847 	 1.3321052
0.030514237 	 1.9260536
0.041645955 	 2.5267324
0.031488042 	 2.2651815
0.06867252 	 2.052354
0.04431268 	 2.0316558
0.03637263 	 2.2249794
0.046999585 	 1.3890312
0.030698793 	 2.7876806
0.020670025 	 1.5862638
0.03664551 	 3.5589976
0.02508801 	 1.392826
0.030164331 	 1.9800905
0.02583871 	 2.1000361
0.041626506 	 2.2085464
0.030409837 	 1.4694909
0.014744143 	 2.2383645
0.017668812 	 2.0042868
0.020578753 	 2.0546405
0.008655648 	 2.945065
0.01999008 	 1.5900773
0.020618243 	 2.4448833
0.017767824 	 2.0281634
0.010258723 	 2.3875682
-8.344647e-07 	 2.1409097
0.011198224 	 1.6011248
0.010255472 	 2.488808
0.02578923 	 1.5309013
0.010391396 	 3.327952
0.020605221 	 2.078065
0.016651152 	 1.7605046
0.031124821 	 2.6180367
0.029846052 	 2.1453595
0.025840178 	 3.3112626
0.025697246 	 2.2809203
0.015423373 	 2.498683
0.010255472 	 2.6198459
-9.5367386e-07 	 1.8426447
0.005113301 	 1.8343406
0.019304035 	 2.3845005
0.010255291 	 2.790302
0.0051135407 	 4.1794376
0.010255472 	 2.0916789
-9.5367386e-07 	 4.1793284
-3.576278e-07 	 3.188511
0.010255472 	 2.2823725
0.0102530625 	 2.63674
0.020618243 	 2.3845017
0.04160041 	 2.9755104
0.036366574 	 2.7030544
0.057716813 	 1.7227541
0.05734375 	 1.3535941
0.036366574 	 1.9363713
0.0416769 	 1.7033535
0.031089528 	 1.9336762
0.025828436 	 1.4367007
0.015424887 	 2.502223
0.019613566 	 1.8751993
0.04166118 	 1.428453
0.021560222 	 2.4136333
0.019943867 	 3.0809429
0.02228658 	 2.341716
0.047004208 	 2.253712
0.041670006 	 2.0594862
0.04717184 	 1.8745433
0.047005333 	 1.5355072
0.034063265 	 4.5847006
0.03635656 	 2.9626403
0.03850992 	 2.1033618
0.026322214 	 1.6017888
0.027243368 	 2.084553
0.015431788 	 2.1654742
0.019782806 	 1.2446154
0.010255472 	 2.2333603
0.029834261 	 2.7846355
0.018259458 	 3.891763
0.010255351 	 1.9822727
0.030955434 	 1.8769163
0.0053091664 	 2.9794822
0.031129064 	 2.314948
0.036609218 	 2.6600509
-9.5367386e-07 	 2.6384265
0.015619332 	 2.3688617
0.010134318 	 2.0558655
0.005970144 	 1.074149
0.028179657 	 1.5946251
0.030961335 	 2.2291212
0.020685298 	 1.3792363
0.009731883 	 3.0290163
0.015308431 	 1.7424701
0.022866668 	 1.9052607
0.2128466 	 2.2823725
0.16585052 	 2.1868186
0.09866931 	 2.3258014
0.031315763 	 2.5053346
0.025808496 	 2.444888
0.05232814 	 5.2779193
0.052284114 	 3.4856029
0.05236482 	 3.486319
0.063177794 	 10.464297
0.062416434 	 3.4819014
0.057757795 	 2.3336499
0.06596993 	 3.3421953
0.052341707 	 4.177679
0.047004957 	 2.713194
0.079616494 	 2.8601642
0.047536872 	 3.213041
0.036364846 	 2.5062082
0.036052 	 5.2767286
0.031092048 	 2.7105794
0.010174661 	 3.080377
0.0363667 	 3.4863229
0.029040672 	 2.5700512
0.031089528 	 5.2779193
0.02611962 	 3.2523987
0.04166733 	 1.6538677
0.019846583 	 13.815511
0.22464095 	 2.4463274
0.1202931 	 2.2822456
0.06928124 	 2.9175797
0.053539474 	 2.5232904
0.036366884 	 5.277767
0.07407071 	 3.8890185
0.079616494 	 2.7131248
0.07949309 	 3.4557312
0.07956363 	 5.434175
0.041664224 	 3.661296
0.05775773 	 2.2322898
0.08941125 	 2.9084141
0.10087484 	 2.4247904
0.04700477 	 4.576987
0.119000286 	 3.6429706
0.09836444 	 2.9044433
0.115519464 	 4.1794376
0.09032366 	 2.1205056
0.09072672 	 3.197492
0.057597283 	 2.5683033
0.062372215 	 2.8802392
0.04167162 	 5.2779193
0.0376375 	 3.668638
0.036305632 	 3.19782
0.04167156 	 2.639043
0.031057738 	 1.9893222
0.013345263 	 3.1983132
0.036366083 	 3.00663
0.031090327 	 3.4863229
0.03110453 	 2.7906768
0.036241848 	 3.0085626
0.036366574 	 3.0800917
0.036466654 	 4.179434
0.0363107 	 2.8113132
0.030827196 	 2.5439012
0.099242665 	 2.7884061
0.13737923 	 2.443946
0.17620635 	 2.3407254
0.10189841 	 2.884696
0.09737082 	 1.661975
0.11929593 	 2.8630495
0.09645925 	 1.9246178
0.052738916 	 3.4856865
0.04167162 	 8.363275
0.015423494 	 2.2387426
0.025027689 	 2.361994
0.041435823 	 3.8917718
0.031131154 	 3.668638
0.015423434 	 3.8859565
0.010255472 	 2.9338057
0.051588804 	 3.4871724
0.04224771 	 1.8443801
0.061853595 	 1.2527595
0.0846246 	 1.9805573
0.15414977 	 4.5773463
0.2293348 	 2.1944487
0.20161718 	 2.1861663
0.21085459 	 1.9606533
0.19427694 	 1.834479
0.19754115 	 2.3563426
0.14902228 	 1.9453071
0.07335328 	 3.2691805
0.057764173 	 2.893717
0.08522436 	 3.332177
0.06306294 	 2.4393578
0.036408734 	 2.7075007
0.047011454 	 2.5036328
0.055776827 	 3.1988814
0.03818619 	 1.9273508
0.060720883 	 3.0167537
0.09751984 	 2.6474226
0.14822699 	 2.2199023
0.12283113 	 2.6393635
0.11954861 	 2.6451337
0.124865346 	 2.6996317
0.12746187 	 2.9796593
0.07598352 	 1.8450035
0.07551628 	 3.668638
0.078493476 	 2.6395254
0.074768856 	 4.317486
0.06643527 	 3.9082854
0.08773142 	 2.2234495
Summary
-9.5367386e-07  -  0.6345648 ,  1.074149  -  13.815511
accuracy:  100.0
equal predictions:  0
TensorFlow version: 1.13.1
Found 939 images belonging to 1 classes.
argN = 196
argN = 196
0.11381855 	 3.66904
0.15943445 	 2.7932906
0.11380479 	 3.205545
0.4370302 	 2.459852
0.357752 	 2.7925227
0.33615124 	 2.8803709
0.18942009 	 2.4186807
0.04979058 	 2.664354
0.1028139 	 2.665124
0.069590665 	 3.0723062
0.10224457 	 1.4315068
0.1205771 	 2.388706
0.14660208 	 2.4401975
0.124714084 	 2.6414049
0.16832897 	 3.147263
0.148838 	 2.7185102
0.17873465 	 2.504408
0.17408594 	 3.673202
0.1446881 	 3.159048
0.25981945 	 2.3336697
0.34788397 	 2.758465
0.21271034 	 3.4881432
0.06508914 	 2.8910658
0.039213922 	 2.1230586
0.010255472 	 3.6686778
0.08030154 	 2.4558344
0.00511408 	 3.2961066
0.0051191123 	 2.3274958
0.00511408 	 1.8467914
0.015418531 	 3.4445207
0.2217877 	 2.332733
0.15894963 	 7.375471
0.19854356 	 2.8765745
0.24308023 	 1.8688571
0.2611685 	 3.0105267
0.22683974 	 3.6053987
0.06388019 	 2.4339864
0.20108333 	 2.7147148
0.24178441 	 2.3243341
0.41401088 	 2.4866388
0.29165646 	 2.8250487
0.11099132 	 2.541091
0.19137336 	 2.4830713
0.17123416 	 2.1050794
0.1698573 	 2.8535364
0.13789408 	 2.8145978
0.1302955 	 1.7763189
0.06343052 	 2.3078644
0.036296483 	 3.6617343
0.04104761 	 2.4863765
0.050950356 	 2.3927848
0.079616494 	 2.7674751
0.05592999 	 4.176075
0.09078781 	 2.4341142
0.09374221 	 3.0984023
0.12511808 	 5.271562
0.14320944 	 2.3366148
0.097635165 	 2.51159
0.106584445 	 3.6707852
0.15725572 	 2.3441455
0.036302168 	 2.386253
0.11598074 	 2.539104
0.04599877 	 3.0823548
0.036276583 	 2.9755175
-9.5367386e-07 	 2.8963945
-9.5367386e-07 	 3.205539
0.020097047 	 3.0812986
0.15604684 	 2.8056695
0.057705257 	 3.4861498
0.29950646 	 1.8955162
0.031406235 	 1.7935499
0.07998343 	 2.715625
0.1273505 	 3.0827787
0.18315277 	 3.3318167
0.28533813 	 3.8917718
0.072423995 	 2.0501976
0.13962407 	 1.2922556
0.18774962 	 3.0542707
0.19613573 	 2.3678355
0.17122178 	 2.6997585
0.11946397 	 1.3799429
0.07970673 	 2.812541
0.08965649 	 3.4707346
0.07151253 	 3.1765099
0.07298537 	 2.473543
0.025839139 	 2.7709348
0.042781577 	 3.309662
0.013198549 	 3.4463708
0.00511408 	 3.3231409
0.029005146 	 2.5115569
0.010334723 	 2.9236596
0.01541387 	 4.087887
0.0051437356 	 2.3827727
0.00511408 	 2.65653
-9.5367386e-07 	 3.462043
0.010255472 	 2.4436953
0.031089528 	 3.668638
0.012319561 	 3.8114705
0.025823848 	 2.8914783
0.015418471 	 13.4668045
0.031086452 	 3.3285904
0.022938814 	 2.566481
0.010255472 	 2.4233413
0.00511408 	 2.9738145
0.023780616 	 1.9797962
0.025788557 	 2.9566784
0.020844433 	 2.3097956
0.015378218 	 3.0800567
0.018840676 	 3.62327
0.0089895055 	 1.2249061
0.010255472 	 2.0832987
0.0037063416 	 1.3652474
-9.5367386e-07 	 2.2643504
0.0093301525 	 2.2144282
0.006317142 	 2.343512
6.496927e-06 	 2.8318021
-9.5367386e-07 	 1.8020399
0.005185495 	 2.0279882
0.02061295 	 2.342387
0.021756839 	 1.493322
0.01810231 	 2.338038
0.020550888 	 2.1305385
0.041656334 	 1.5468242
0.03824087 	 1.9503818
0.009580764 	 1.9039408
0.026033172 	 1.437608
0.025158301 	 1.6390876
0.048929047 	 1.5922729
0.025951566 	 1.8898969
0.035078067 	 2.8805845
0.03635922 	 2.2712932
0.03109002 	 1.4710844
0.031072864 	 2.9683957
0.03553413 	 1.8389765
0.010255472 	 1.3964796
0.020618182 	 2.1429365
0.005111683 	 4.1794376
0.015423494 	 2.9755104
0.00511408 	 2.2766516
0.035034545 	 1.3103814
0.009897955 	 1.9887898
0.020618364 	 2.7923095
0.010255472 	 2.2378442
0.00952859 	 1.6856413
0.011032418 	 3.3835087
0.020589828 	 2.298515
0.040460978 	 1.5374857
0.024894772 	 2.558037
0.010248004 	 4.7428164
0.00511408 	 2.16789
-9.5367386e-07 	 2.3321
0.00026557397 	 2.1599383
0.0 	 1.8382937
-9.5367386e-07 	 1.7998827
0.025839139 	 2.7931738
0.0102556525 	 2.2026792
0.03108922 	 2.975389
0.031089528 	 2.9608452
0.047004957 	 2.2827604
0.031117195 	 1.9328132
0.020618243 	 3.4863229
0.02111548 	 3.668638
0.022441888 	 1.6991414
0.036323186 	 2.7190633
0.020618243 	 1.504422
0.010255472 	 2.6384373
0.015407999 	 2.7308855
0.015500372 	 1.7603854
0.010346225 	 2.0693765
0.015424766 	 2.2307124
0.010255472 	 2.0392842
0.00511408 	 2.3300483
0.021426791 	 1.6179154
0.00511408 	 3.4830165
0.010255531 	 2.8337781
0.0136944065 	 1.6915224
0.030988079 	 2.0734775
0.015516656 	 2.2272527
0.030541891 	 1.2947079
0.03682477 	 2.80694
0.010252039 	 1.7222763
0.010288894 	 2.6683109
0.0051144394 	 2.4987576
0.02453687 	 3.0823874
0.01614359 	 1.8791306
0.020464983 	 1.9243511
0.015431909 	 1.9882699
0.02760169 	 1.9497625
0.010258121 	 3.0758827
0.005119891 	 1.6656561
0.010255472 	 2.132128
0.0051137204 	 1.6586404
0.020106656 	 2.2830853
0.0050964663 	 2.3375113
6.4851956e-05 	 3.9654906
0.011738984 	 1.7839309
0.015499767 	 2.0978603
0.009366191 	 1.5174061
0.13764131 	 1.8390965
0.14828084 	 2.5041811
0.120216474 	 3.3587382
0.07961727 	 1.8936011
0.10552957 	 3.1986492
0.100175425 	 2.4633157
0.119419575 	 2.6726758
0.056921743 	 2.999175
0.031088911 	 5.277709
0.07409741 	 2.3204396
0.07209089 	 3.4538257
0.030690188 	 2.9754288
0.031088972 	 3.84288
0.031089528 	 5.269765
0.028511452 	 2.5069623
0.020619277 	 4.5585394
0.025840178 	 2.7967606
0.020618243 	 0.90961224
0.0354967 	 3.8907502
0.036366574 	 1.9324669
0.027316626 	 2.2823725
0.020618243 	 2.333664
0.052282855 	 3.2470613
0.19635361 	 2.4438634
0.3236159 	 2.019953
0.45845935 	 2.2605085
0.41037393 	 2.1201737
0.15953457 	 1.4057842
0.05236689 	 2.8796415
0.04167156 	 3.891252
0.06313532 	 2.2162383
0.031089528 	 3.3236902
0.07385166 	 1.9103925
0.124402925 	 3.0808468
0.09078409 	 3.2886412
0.119017944 	 4.3763323
0.13468069 	 4.27508
0.13061984 	 2.0812821
0.09886787 	 3.1942809
0.12570275 	 3.1409853
0.11136529 	 2.218174
0.10485185 	 2.4446402
0.086643 	 1.8770596
0.08515679 	 2.2330756
0.063177794 	 2.7673898
0.052355085 	 2.4396224
0.05775754 	 2.0408897
0.050237734 	 1.2332928
0.02647062 	 4.58487
0.0102576995 	 3.881446
0.025840178 	 2.4448862
0.020972066 	 2.7931902
0.025840178 	 3.4861321
0.052759588 	 2.7283156
0.04700296 	 3.8925254
0.047004893 	 2.9755082
0.05209729 	 2.6188722
0.05223098 	 2.793343
0.104643226 	 3.0689194
0.13993767 	 1.9882464
0.19822237 	 1.272347
0.18801028 	 1.8551334
0.20375022 	 2.094072
0.13867961 	 1.8554242
0.103839 	 0.93464035
0.08363617 	 1.7385584
0.04881457 	 3.6959968
0.015423434 	 1.6535325
0.04166907 	 3.198525
0.010258844 	 2.6390371
0.025735348 	 2.975542
0.02301066 	 4.1794376
0.06750114 	 2.7131517
0.04673698 	 1.3585935
0.03964806 	 3.199498
0.029930495 	 3.4863229
0.06865605 	 2.0552032
0.071915954 	 3.2028196
0.082417175 	 3.6965299
0.10196382 	 1.1769617
0.15567626 	 3.4909344
0.18336089 	 1.8460042
0.19612044 	 2.134914
0.2604617 	 2.9690442
0.28344008 	 2.554108
0.20051911 	 1.8644743
0.22234121 	 1.849238
0.28550076 	 2.2311358
0.27510867 	 2.3950555
0.2525506 	 1.8547642
0.23549598 	 2.0770698
0.1690051 	 2.1981564
0.17176044 	 1.0495683
0.16522588 	 1.515199
0.16818087 	 1.7422836
0.15806292 	 1.7559493
0.1360772 	 1.9623247
0.09913215 	 2.8273075
0.162637 	 2.6776297
0.14306727 	 2.0597274
0.1195963 	 2.8797913
0.11328744 	 3.6721816
0.05775786 	 1.7226406
0.085161075 	 2.5699928
0.031086821 	 2.5165334
0.041417122 	 2.1383848
0.020084033 	 2.6061687
0.04394452 	 2.1763701
0.12412196 	 3.0794523
0.13988371 	 1.9412005
0.09103854 	 2.8795598
0.06353741 	 2.418368
0.08195728 	 1.440523
0.11493035 	 1.779831
0.084856145 	 1.6965215
Summary
-9.5367386e-07  -  0.45845935 ,  0.90961224  -  13.4668045
accuracy:  100.0
equal predictions:  0
