TensorFlow version: 1.13.1
Found 939 images belonging to 1 classes.
argN = 784
argN = 784
0.5521361 	 0.7930487
0.6362336 	 1.0357203
0.73192304 	 0.98588264
0.79500926 	 0.90925086
0.82509005 	 0.9265639
0.5761174 	 0.74796784
0.57132375 	 0.74567205
0.6163818 	 0.8019858
0.41078407 	 0.8838093
0.18399619 	 1.2846895
0.22932985 	 1.4829648
0.20996441 	 1.6286457
0.2686607 	 0.9791419
0.23366211 	 0.91520524
0.36944133 	 0.60501057
0.37266842 	 0.77614266
0.31884953 	 0.70239043
0.21421547 	 0.73939604
0.2104168 	 1.1638182
0.2435826 	 0.8812912
0.27323708 	 1.5227991
0.26254448 	 1.6804017
0.33040482 	 1.3325183
0.3072261 	 0.9467029
0.1593013 	 1.8650963
0.13913156 	 2.5555599
0.06831035 	 1.3960072
0.14274499 	 1.8936236
0.17505486 	 1.4813344
0.23882437 	 1.2932129
0.33954298 	 0.57398045
0.3771734 	 0.53174007
0.67762786 	 0.88028246
0.708035 	 0.713115
0.5193906 	 0.88624275
0.654288 	 0.7649167
0.5518771 	 1.1281042
0.64155096 	 0.75804776
0.32984644 	 0.84708613
0.31481826 	 1.2073855
0.62129575 	 0.68303365
0.4823186 	 0.82062054
0.34598675 	 0.73534656
0.10075103 	 2.006626
0.10448487 	 1.6870252
0.10755547 	 1.8042779
0.4001213 	 0.78121173
0.4434156 	 0.7035313
0.44614205 	 0.7500434
0.43676338 	 0.54635185
0.41608506 	 0.56481415
0.5622549 	 0.6269916
0.42256016 	 0.88612115
0.3305625 	 0.60878134
0.21760508 	 0.82275754
0.17363459 	 0.66829944
0.25430372 	 1.03119
0.082382806 	 1.179598
0.07411943 	 1.5641389
0.04200935 	 1.1317258
0.00511408 	 2.132347
0.0025532627 	 1.9579107
0.021777002 	 0.7229109
0.2311434 	 1.399733
0.47487184 	 1.050201
0.5421121 	 0.53443086
0.5470073 	 0.6322393
0.54607064 	 0.7098154
0.36755285 	 1.064601
0.37229937 	 1.192383
0.22985154 	 1.0338459
0.5526448 	 0.6674505
0.5002285 	 0.85825133
0.37339592 	 0.762519
0.32787216 	 1.0612262
0.10054748 	 1.1798931
0.2245482 	 0.87785894
0.0012793973 	 1.9999417
0.31557536 	 1.0188112
0.20739841 	 0.77273583
0.22501375 	 1.4211392
0.50242 	 0.7971916
0.60002005 	 0.6497478
0.59660006 	 0.64644015
0.6079712 	 0.6698319
0.63788074 	 0.5893365
0.59459144 	 0.711596
0.52250236 	 0.71447617
0.06854057 	 0.9941392
0.09243735 	 1.3818415
0.086543106 	 1.9573362
0.089634515 	 1.852121
0.11684784 	 1.4731884
0.19347024 	 1.3015089
0.21602488 	 1.3736799
0.12984455 	 1.4244695
0.56074226 	 0.66991687
0.56689125 	 0.5917573
0.57227343 	 0.64824325
0.5389726 	 0.7454664
0.5628602 	 0.7499614
0.55405366 	 0.64420015
0.56104475 	 0.65002716
0.5390802 	 0.7300565
0.4780857 	 0.69801944
0.5379519 	 0.6417703
0.5504391 	 0.61720455
0.48792982 	 0.777614
0.49133512 	 0.6650328
0.47636336 	 0.55326396
0.47600755 	 0.67561525
0.4026759 	 0.6542191
0.324938 	 1.1661925
0.3014954 	 0.5507324
0.29849523 	 0.9190501
0.22817084 	 0.9604739
0.22756284 	 1.2823235
0.2188002 	 1.0770066
0.21380012 	 1.0988636
0.21858184 	 0.96686935
0.21002279 	 0.78212386
0.22009961 	 0.8990878
0.23242663 	 0.6842938
0.24488609 	 0.8556887
0.21849677 	 0.7396055
0.21281704 	 0.7340163
0.20808938 	 1.0226756
0.2409208 	 0.7738838
0.19922255 	 0.70444226
0.16999795 	 0.7749582
0.1876826 	 0.92695725
0.19513313 	 0.8929015
0.17776728 	 0.6792005
0.15595405 	 0.9534978
0.13904423 	 1.2511251
0.13570192 	 0.7908873
0.122254595 	 1.1967285
0.13784413 	 1.828052
0.14366598 	 0.5896379
0.13027832 	 1.2295606
0.11161317 	 1.387
0.11656906 	 1.3646373
0.10448262 	 0.4127243
0.08827673 	 0.72577894
0.08652504 	 0.6803444
0.11548253 	 1.909229
0.100412965 	 0.4932684
0.10926331 	 1.3227204
0.09722583 	 0.34322426
0.08308225 	 0.870095
0.083632156 	 0.6366714
0.07812444 	 1.1868484
0.068412274 	 1.2706913
0.07160901 	 0.7089747
0.08219778 	 1.4019057
0.10049324 	 1.4166359
0.09188781 	 0.93585086
0.07602847 	 0.8189058
0.08499974 	 0.4193052
0.07149601 	 1.683777
0.08731688 	 0.37921584
0.081965365 	 1.0106231
0.06726293 	 0.31660393
0.08602635 	 1.4217702
0.07415422 	 0.966893
0.06924649 	 0.93142617
0.06296226 	 1.0456827
0.0722738 	 1.1874319
0.094884396 	 0.801382
0.06849014 	 0.682842
0.080966376 	 1.1459476
0.07289042 	 1.026956
0.0988938 	 1.0232786
0.0871139 	 0.51458204
0.08099902 	 0.33727178
0.09521882 	 0.99154234
0.10933791 	 1.3426571
0.11150688 	 0.8092581
0.12135809 	 0.77146107
0.11958421 	 0.9711584
0.15854089 	 0.6826911
0.1259964 	 0.3275355
0.16869473 	 1.0153753
0.17155479 	 1.2441524
0.18623948 	 0.7431958
0.19911133 	 0.99487925
0.17235908 	 1.4815625
0.16739155 	 0.9310314
0.19553755 	 1.00051
0.1806917 	 0.6614642
0.18555303 	 1.253974
0.1815118 	 1.1106693
0.1726856 	 0.8929648
0.1523354 	 0.72462237
0.14786014 	 0.81150013
0.13559161 	 0.88004047
0.11373994 	 1.0134038
0.07491853 	 0.72814053
0.083765075 	 1.2518059
0.07404959 	 0.77308416
0.07410819 	 1.0358251
0.46715516 	 0.73464763
0.47119004 	 0.7007106
0.49686044 	 0.7180453
0.42284277 	 0.62492377
0.37965992 	 0.82713085
0.37335193 	 0.6477551
0.34616116 	 0.6454145
0.4084577 	 0.64136577
0.36865044 	 0.7636901
0.35162085 	 0.69532645
0.34655693 	 0.77919257
0.36636493 	 0.6165579
0.32715753 	 0.51605904
0.38246706 	 0.7112087
0.35718122 	 0.99420923
0.35180488 	 0.58112514
0.3654722 	 0.9679883
0.35458434 	 0.83339244
0.30941984 	 1.2739944
0.32855412 	 1.200233
0.33921024 	 0.6823015
0.3545949 	 0.5643995
0.32751656 	 0.69812256
0.30053216 	 0.8010165
0.33010262 	 0.772288
0.31517157 	 0.75690717
0.255691 	 0.8312808
0.24611801 	 0.95847756
0.27098146 	 0.81387174
0.44509304 	 0.9930921
0.6410844 	 0.71936697
0.65004677 	 0.734879
0.5442228 	 0.7537073
0.38046333 	 0.5003759
0.39026383 	 0.4287058
0.36096326 	 0.9235887
0.38300535 	 0.7616981
0.42159018 	 0.46211693
0.40026903 	 0.68904185
0.4128812 	 0.80044967
0.42587015 	 0.7425502
0.44903085 	 0.9023195
0.6600391 	 0.6369695
0.34545887 	 1.0133722
0.40604568 	 0.76560616
0.46378624 	 0.36530933
0.467587 	 1.0260073
0.41273025 	 0.6955733
0.35454935 	 0.5683695
0.3170182 	 0.86526984
0.2874911 	 0.9296769
0.2799333 	 0.7955503
0.2639747 	 0.525256
0.28554612 	 0.5507384
0.24615353 	 0.4609793
0.21982928 	 1.0844823
0.24620143 	 0.8493581
0.24324228 	 0.7838691
0.25917846 	 1.0863798
0.23030746 	 0.87277055
0.2442925 	 0.7074758
0.23259276 	 0.6254982
0.22235416 	 1.3539064
0.24487413 	 0.6607907
0.265148 	 0.66315347
0.2590006 	 0.78612155
0.27653202 	 0.6488272
0.33111182 	 0.72954965
0.33508405 	 0.77273583
0.36774826 	 0.56780326
0.34683344 	 0.58367234
0.3784103 	 0.7040369
0.41047636 	 0.6581428
0.41694677 	 0.6719927
0.4303881 	 0.7083326
0.36105987 	 0.62179714
0.30718574 	 0.6943906
0.26885435 	 1.2310728
0.3039459 	 0.69294167
0.3022928 	 0.7883306
0.28485763 	 0.65950865
0.25542718 	 0.62764156
0.2444801 	 0.9907808
0.23101498 	 0.8777478
0.21532632 	 0.74426854
0.23470758 	 0.58420104
0.21903962 	 0.4934741
0.25223154 	 0.69543815
0.2865989 	 0.64739686
0.3012967 	 0.61554796
0.36538646 	 0.7208606
0.34894413 	 0.61344516
0.3653697 	 0.6186884
0.3960779 	 0.7401066
0.38080302 	 0.7401192
0.3941148 	 0.8751898
0.29543546 	 0.7804895
0.3517248 	 0.66752404
0.4177234 	 0.72407174
0.49328655 	 0.69077545
0.45862913 	 0.71734965
0.5071661 	 0.6969208
0.41277382 	 0.7149461
0.38318005 	 0.52496547
0.33588132 	 0.8914472
0.36958244 	 0.62876016
0.36112934 	 0.8225322
0.3818049 	 0.9502481
0.43848458 	 0.67848855
0.47098497 	 0.82665867
0.483477 	 0.73388857
0.49916592 	 0.76499754
Summary
0.0012793973  -  0.82509005 ,  0.31660393  -  2.5555599
accuracy:  98.7
equal predictions:  0
TensorFlow version: 1.13.1
Found 939 images belonging to 1 classes.
argN = 784
argN = 784
0.31725416 	 1.4397521
0.6366425 	 1.4352782
0.5773061 	 1.387212
0.48660073 	 1.3746431
0.4218422 	 1.4456075
0.15297101 	 1.7251599
0.10773755 	 2.0860817
0.09637398 	 1.2985274
0.10083719 	 2.4961119
0.13728924 	 2.2335088
0.1891397 	 1.5083705
0.15631106 	 1.0906236
0.10185644 	 1.6914201
0.22704002 	 1.333124
0.29897553 	 1.4579489
0.26493847 	 1.4633844
0.23347284 	 1.5469832
0.22961889 	 0.97992253
0.24727628 	 1.7858311
0.2177696 	 1.5556567
0.27560854 	 1.9005302
0.2644546 	 1.480188
0.27566406 	 1.4087049
0.37545502 	 1.6212463
0.20456877 	 1.8032638
0.41724235 	 1.8502113
0.32784322 	 1.5996375
0.24418095 	 1.8919417
0.24278271 	 1.5692927
0.16397038 	 1.0033747
0.05237242 	 1.7378689
0.061598852 	 1.8165778
0.25988644 	 1.4258119
0.20742393 	 1.9317838
0.41370723 	 1.1835247
0.6801049 	 1.5756823
0.65364856 	 1.5836952
0.7642544 	 1.3770803
0.75713235 	 1.2395695
0.37919372 	 1.6106184
0.2834574 	 1.5474946
0.40095788 	 1.5596794
0.55101526 	 1.4508321
0.6820827 	 1.37242
0.5540382 	 2.0811076
0.5878861 	 1.8645289
0.87681097 	 1.4392371
0.7877492 	 1.4737363
0.74175817 	 1.6237848
0.28935662 	 1.3132161
0.2151555 	 1.9560591
0.32736927 	 1.26393
0.23635507 	 1.5385951
0.069993004 	 2.4368548
0.09632949 	 2.1183205
0.1051885 	 1.1449132
0.10795286 	 1.5181
0.25524452 	 1.3231549
0.2423481 	 1.4524807
0.1812264 	 2.373854
0.12098198 	 1.4597617
0.121469334 	 1.5058695
0.23153281 	 1.660705
0.08797703 	 1.9609358
0.11459127 	 1.5969251
0.1176445 	 1.4745828
0.05372122 	 1.7799307
0.048254266 	 1.4313931
0.010521976 	 1.4578614
0.011545051 	 1.5342312
0.017849859 	 1.4506822
0.014106963 	 1.3460499
0.044240404 	 1.3310727
0.22899053 	 1.3843869
0.08384642 	 1.7707101
0.581266 	 1.4183804
0.36756834 	 1.8483464
0.2987197 	 1.4327826
0.49856418 	 1.7859701
0.36738533 	 1.7692552
0.2928639 	 1.8854245
0.23617329 	 1.8531117
0.1133086 	 1.8725969
0.08763805 	 2.3873997
0.13992533 	 2.506781
0.2258038 	 1.4999974
0.19562395 	 1.3947731
0.15409434 	 1.0106835
0.20139013 	 1.3625576
0.1626175 	 1.448621
0.15268691 	 1.4558309
0.050944585 	 2.0638099
0.053651534 	 2.1861572
0.046773147 	 1.5850365
0.08933089 	 2.0108242
0.08554525 	 1.2675502
0.06965911 	 1.8075082
0.06589296 	 2.1482103
0.059136838 	 1.9847568
0.060397543 	 1.5439101
0.06288685 	 1.6850377
0.04566955 	 1.6214526
0.05942492 	 2.4152298
0.06989258 	 1.5383388
0.07998317 	 2.2488515
0.08529459 	 1.6747671
0.05385576 	 1.5186048
0.07754857 	 1.3907865
0.071798176 	 0.9670311
0.07394035 	 0.7186616
0.08558096 	 1.4802684
0.07851617 	 1.0269995
0.05510031 	 1.0846307
0.050926585 	 1.1917211
0.04803192 	 0.4595402
0.049582426 	 1.0224922
0.041184925 	 0.9445206
0.03494473 	 1.3877469
0.047071368 	 0.7689941
0.05150276 	 0.92384887
0.052950054 	 0.7273538
0.056091115 	 1.2605498
0.061202798 	 0.8629479
0.04966216 	 1.8104098
0.052858494 	 0.65245706
0.07023691 	 0.96036804
0.062169984 	 1.0810466
0.06559556 	 1.0026402
0.085653685 	 1.0582978
0.0990052 	 0.8279307
0.089552894 	 0.95037174
0.08413309 	 1.0418704
0.062085185 	 1.7028506
0.07422227 	 1.0400232
0.070002146 	 1.3059206
0.064794965 	 0.9746312
0.07293081 	 0.97412664
0.06994186 	 0.6918479
0.060474917 	 1.0123924
0.054993372 	 0.76340413
0.056405373 	 1.7111949
0.04959752 	 0.9080728
0.0776222 	 1.0300255
0.055066552 	 1.1241204
0.06589977 	 1.6458297
0.065537006 	 1.0393574
0.08643847 	 1.4455289
0.095615536 	 0.8205014
0.093741424 	 1.564258
0.070220284 	 1.5914391
0.094771415 	 1.1569432
0.08479645 	 1.6916411
0.09390654 	 1.0919862
0.0753054 	 0.9897981
0.07104085 	 1.4904429
0.061819162 	 1.1166383
0.059108194 	 1.4792268
0.041671682 	 1.1799802
0.050000347 	 1.2276684
0.054161765 	 1.129764
0.044666074 	 1.3004589
0.050324667 	 1.8125707
0.05371185 	 1.2972367
0.050396003 	 0.7525884
0.05269481 	 1.4987783
0.049508017 	 1.0880423
0.032205522 	 0.89300734
0.04973188 	 1.0667806
0.04685216 	 0.64430237
0.07081114 	 1.212741
0.08085961 	 0.8627366
0.07547714 	 0.89607096
0.086454585 	 1.7737659
0.08267073 	 0.88328874
0.07814526 	 0.89059764
0.08273613 	 1.3353434
0.06575074 	 1.0268192
0.06840379 	 1.0997878
0.068675585 	 0.7729101
0.07243514 	 1.4579262
0.08402086 	 0.97595024
0.08952363 	 0.6881449
0.09557454 	 1.2287118
0.08881875 	 1.3582717
0.09094303 	 1.5614814
0.06851861 	 1.1971532
0.079131104 	 1.5678579
0.09925372 	 0.78210753
0.073018976 	 1.1636564
0.07024017 	 0.7794593
0.07331416 	 0.920349
0.067429975 	 1.1382859
0.065548845 	 1.0928472
0.069495335 	 1.2653649
0.062409263 	 0.9942695
0.068819046 	 0.91115654
0.076368876 	 1.566727
0.06997133 	 0.67493576
0.061387148 	 1.3206557
0.052764177 	 1.0849047
0.06642782 	 1.2209936
0.07408887 	 0.73472816
0.05700806 	 0.6878864
0.071804255 	 0.7128561
0.43668154 	 1.2098376
0.30133194 	 1.4148713
0.32299677 	 1.0459763
0.40992317 	 0.97481775
0.4483246 	 1.3299694
0.42733303 	 1.1983522
0.29648513 	 1.8642528
0.24436806 	 1.686559
0.21964736 	 0.9161786
0.18718943 	 1.3776366
0.20305851 	 1.5333843
0.20380847 	 1.2509961
0.2274446 	 1.749037
0.23730369 	 1.8504721
0.25813195 	 1.7417307
0.2311657 	 1.2397577
0.22435051 	 0.89898175
0.2182715 	 1.3215203
0.21343532 	 1.2038361
0.24344619 	 1.5610253
0.19408566 	 0.99525136
0.35422286 	 1.1996918
0.39909798 	 1.5780264
0.43574122 	 1.1829894
0.3604713 	 0.9859878
0.31824505 	 1.4956853
0.30614477 	 1.493179
0.2230878 	 1.5979785
0.23857532 	 1.2428011
0.31573057 	 1.2937791
0.49536175 	 1.3780422
0.29480407 	 1.6597903
0.23275915 	 2.659515
0.28971443 	 1.3650744
0.27442077 	 1.3233392
0.29218256 	 1.454924
0.25581014 	 1.1754569
0.19148105 	 1.8511144
0.21107821 	 1.8839238
0.21268062 	 1.3349129
0.20286721 	 1.6399703
0.20615062 	 1.488505
0.20449652 	 1.647523
0.17887042 	 1.133055
0.18703577 	 1.9532958
0.19483325 	 0.8957813
0.1788653 	 1.5649421
0.16906185 	 2.4540992
0.1452274 	 1.7211866
0.15098645 	 1.3507694
0.18832037 	 1.7922753
0.18990551 	 1.6279359
0.21566474 	 1.4102842
0.22464849 	 1.0699527
0.2553833 	 1.516443
0.240196 	 1.3214155
0.2762592 	 1.5413948
0.3166395 	 1.2731112
0.28271088 	 1.4873012
0.31719655 	 1.4447811
0.36846346 	 1.2074676
0.25291497 	 1.2089016
0.20599408 	 1.0575945
0.20857301 	 1.7982024
0.13933805 	 1.5779542
0.17110033 	 1.2927186
0.16282503 	 2.0394106
0.18380298 	 1.4619197
0.17067592 	 1.9338679
0.15305103 	 0.7248499
0.19491133 	 1.7269928
0.20262448 	 1.7509726
0.21537371 	 1.9196289
0.2519127 	 2.0665956
0.28126523 	 1.1435479
0.38652036 	 1.2688597
0.37590995 	 0.9882424
0.3262868 	 1.0246516
0.3139085 	 1.203304
0.25457576 	 1.0000685
0.27044442 	 1.0515512
0.26454288 	 0.938
0.28321227 	 1.3390497
0.28690562 	 1.3895541
0.2724453 	 1.2004173
0.27139077 	 0.6822921
0.19610775 	 2.0014362
0.18026912 	 2.1641412
0.18257016 	 1.0287735
0.1916673 	 1.3102266
0.20403935 	 0.9606705
0.18944524 	 1.2057798
0.19200467 	 1.6108084
0.19980547 	 1.9162589
0.21555123 	 1.0363404
0.19822186 	 1.5992129
0.19491827 	 1.7276802
0.24881549 	 1.190579
0.31861714 	 1.5954282
0.3199791 	 1.5878314
0.3134633 	 1.7161318
0.3020618 	 0.7263535
0.3272689 	 1.7928877
0.299126 	 1.6402118
0.3089353 	 1.3229526
0.30412295 	 1.8528556
0.28801185 	 1.3827178
0.2597216 	 2.0508835
0.2502587 	 1.3048187
Summary
0.010521976  -  0.87681097 ,  0.4595402  -  2.659515
accuracy:  100.0
equal predictions:  0
TensorFlow version: 1.13.1
Found 939 images belonging to 1 classes.
argN = 784
argN = 784
0.2594887 	 0.53925455
0.19583446 	 0.47856402
0.2523182 	 0.79304355
0.26271734 	 0.68146676
0.25017658 	 0.75376606
0.24255402 	 1.0857973
0.2485249 	 0.9629567
0.27240616 	 1.4788823
0.30296212 	 1.03426
0.2976489 	 0.7253332
0.31465593 	 1.0493332
0.25767186 	 0.8134948
0.26292673 	 1.0466967
0.25427774 	 0.8358603
0.22835103 	 1.2222873
0.283836 	 0.79541874
0.38702184 	 0.753006
0.32151634 	 0.9227414
0.41244435 	 0.48248333
0.43387267 	 0.4090345
0.43838754 	 0.87720954
0.4215288 	 0.93339205
0.4427178 	 1.1975206
0.41095424 	 0.55939174
0.32722956 	 0.59760725
0.3424571 	 1.1509033
0.27021745 	 0.7475838
0.3364723 	 0.40352806
0.44763184 	 0.8320822
0.2698994 	 0.7975492
0.4903375 	 0.54378057
0.5968827 	 0.56957304
0.4922713 	 0.7872034
0.45839524 	 0.57100844
0.46532974 	 0.8318095
0.18323015 	 0.61018103
0.16804998 	 0.418891
0.3164297 	 0.3553327
0.3140312 	 0.38239166
0.29854745 	 0.686801
0.37500137 	 1.3238686
0.41979766 	 0.4194704
0.28914624 	 0.8691701
0.23771842 	 0.7690304
0.25479677 	 0.86748844
0.29147294 	 0.8320037
0.24114485 	 1.1696439
0.3021217 	 1.2001724
0.29917824 	 0.6287156
0.29448587 	 1.1962075
0.25553128 	 0.9661901
0.24963829 	 0.68760407
0.30281115 	 0.40832472
0.3302245 	 0.6058671
0.3457302 	 0.71821976
0.18419029 	 0.23796974
0.30903184 	 0.70093364
0.29590988 	 0.7839022
0.2769081 	 0.55632544
0.26818058 	 0.4049472
0.35636166 	 0.6744612
0.34574416 	 0.58136666
0.28413284 	 0.5642756
0.2870753 	 0.68986607
0.40144867 	 0.89623237
0.38649017 	 0.8088573
0.3339038 	 0.5290439
0.44775736 	 0.9908769
0.395675 	 0.68189806
0.50397813 	 0.5637061
0.5582217 	 0.68175346
0.49484766 	 0.61755794
0.46675962 	 0.736934
0.4394914 	 0.6815928
0.3658167 	 0.44130275
0.30889377 	 0.46004364
0.19776195 	 0.49947938
0.5091427 	 0.5050733
0.4376841 	 0.3157545
0.28016603 	 1.0009675
0.29455605 	 0.95141673
0.21181592 	 1.2742585
0.25852722 	 1.1195904
0.12955004 	 1.5619285
0.30466232 	 0.83992404
0.26531252 	 0.5629414
0.23545088 	 0.86161715
0.3075375 	 0.91864634
0.2249544 	 0.87506276
0.19928904 	 0.6378464
0.12078967 	 0.8434994
0.16396567 	 1.1546029
0.15798675 	 1.19566
0.11189931 	 1.1280327
0.27617326 	 0.36609465
0.23802055 	 0.32128775
0.19680445 	 0.70558417
0.23505828 	 1.1384305
0.20517781 	 0.27168307
0.20404622 	 0.494245
0.19106089 	 0.6417353
0.17038214 	 0.316862
0.19073957 	 0.34037718
0.21569328 	 0.74801946
0.16056746 	 0.5338998
0.14309072 	 0.2291013
0.14138933 	 0.7220731
0.107272364 	 0.35600114
0.14893858 	 0.4926393
0.14048326 	 0.39021134
0.21211807 	 0.6157758
0.20467739 	 0.68875957
0.19327043 	 0.5922433
0.20708881 	 0.45731008
0.2212757 	 0.30320853
0.2237865 	 0.43194297
0.24204002 	 0.75395846
0.28200778 	 0.5326217
0.2979702 	 0.71750623
0.3029543 	 0.52295315
0.33821133 	 0.6552817
0.3061744 	 0.62266445
0.33179116 	 0.61348
0.32306445 	 0.5499829
0.3139346 	 0.524273
0.294713 	 0.74291724
0.29641578 	 0.60045105
0.28474185 	 0.55113834
0.30000404 	 0.7027618
0.24057585 	 0.6658041
0.24819826 	 0.6305354
0.25794393 	 0.85896957
0.2790176 	 0.7512737
0.24826296 	 0.91491383
0.24138734 	 0.6682455
0.23302081 	 0.8704613
0.21196792 	 0.97043073
0.24118362 	 0.627097
0.2614785 	 0.683107
0.2714079 	 0.7299111
0.28686455 	 0.85093236
0.31704015 	 0.81926715
0.31570333 	 0.84705734
0.34248832 	 0.6620199
0.31189734 	 0.976082
0.2898925 	 0.84833753
0.27739188 	 1.0531795
0.27077326 	 1.1543258
0.30961186 	 1.082723
0.28895485 	 0.9798497
0.28162348 	 1.1970013
0.26767775 	 0.9474027
0.25168586 	 0.94335485
0.229098 	 1.0887996
0.22965188 	 0.9318199
0.21190764 	 0.682895
0.23134094 	 0.85290146
0.22526017 	 1.0856208
0.21675915 	 0.89821887
0.23835698 	 0.4928312
0.20840655 	 1.0342256
0.2242061 	 0.35090506
0.1976371 	 1.0290496
0.18274224 	 0.88295907
0.15530457 	 1.2285024
0.13934024 	 1.2217951
0.13500352 	 1.2650111
0.13436995 	 0.36142367
0.14455655 	 0.94987774
0.11763679 	 0.9731034
0.13688283 	 0.25244778
0.1395946 	 0.70612156
0.12277182 	 0.834875
0.12565997 	 0.6957276
0.13533881 	 0.7755039
0.14821552 	 1.3716493
0.16873665 	 0.92330307
0.1632902 	 0.7275732
0.18156599 	 0.9250516
0.19283476 	 0.41464737
0.17906703 	 0.5734865
0.19894841 	 0.83223605
0.18397978 	 0.6441965
0.20450582 	 0.8634002
0.1781744 	 1.1322693
0.20292167 	 0.7257968
0.17687817 	 0.80140805
0.166543 	 1.4568316
0.1612925 	 0.98790056
0.11940319 	 0.62249535
0.12613554 	 0.3470957
0.12634173 	 1.328913
0.12785858 	 0.7735612
0.13056558 	 0.71431434
0.11469087 	 0.8774614
0.09581139 	 0.62923867
0.08177252 	 0.88059056
0.35747996 	 1.0567616
0.33493888 	 1.2102109
0.2822516 	 0.8954365
0.2732479 	 1.1966962
0.29736286 	 0.80492145
0.309788 	 1.0144248
0.3292245 	 0.8785203
0.3204392 	 0.9404514
0.3379972 	 0.703707
0.32939726 	 0.9075752
0.30848324 	 1.0241224
0.3224203 	 0.745931
0.35040128 	 1.0363189
0.36732697 	 0.6416722
0.36999974 	 1.0043933
0.38146636 	 0.70550823
0.35567275 	 0.85312986
0.31615248 	 0.68757707
0.29274216 	 1.029895
0.35745746 	 1.1252451
0.34828413 	 0.89381826
0.32218632 	 0.93765223
0.46477506 	 0.8264338
0.4698521 	 0.6782331
0.48674756 	 0.8749917
0.45094487 	 0.94676346
0.49172166 	 0.82964426
0.5175907 	 1.0409395
0.47109962 	 0.8827246
0.5062091 	 0.6827949
0.4885487 	 0.9633353
0.4202529 	 1.1173686
0.45289794 	 1.0288348
0.49145445 	 0.87238556
0.5047257 	 0.6434357
0.45345628 	 0.93344223
0.4605233 	 0.99049985
0.45882577 	 0.91773784
0.5749081 	 0.7698856
0.3623696 	 0.9236726
0.2896837 	 1.0772479
0.3663021 	 1.2090054
0.37250197 	 1.067198
0.41626048 	 1.151533
0.36713096 	 0.7100462
0.34314737 	 0.78948283
0.3035412 	 0.9183691
0.27427006 	 0.73190904
0.28188983 	 0.60016924
0.25359973 	 0.8480467
0.24732275 	 1.6041203
0.24797444 	 0.8323814
0.27163678 	 1.1432357
0.26273066 	 1.0306526
0.39824423 	 1.3181102
0.43351427 	 0.9494436
0.4559334 	 0.76808184
0.43795446 	 0.63157135
0.37455666 	 0.90845877
0.44050434 	 0.892383
0.41690877 	 0.8502532
0.5029737 	 1.024091
0.4438626 	 0.6253811
0.47002548 	 0.6622901
0.43736354 	 0.85683906
0.43480378 	 0.7002499
0.49372768 	 0.9098275
0.44960824 	 1.0005919
0.47836366 	 0.96210694
0.4026447 	 1.0365582
0.4071486 	 0.7736108
0.4365613 	 0.6772575
0.43937984 	 0.70759416
0.41687295 	 0.5836249
0.3952963 	 0.87648815
0.42594185 	 0.7241957
0.4019653 	 0.6930033
0.39565843 	 1.0387619
0.41814536 	 0.91465867
0.38114476 	 0.54557437
0.314389 	 0.85564965
0.293219 	 0.84882796
0.29192802 	 0.6566606
0.3259794 	 0.8600504
0.26645893 	 1.0918574
0.30237183 	 0.73210686
0.3123235 	 1.056652
0.31743822 	 1.079632
0.29161984 	 1.0209359
0.3274419 	 0.8125711
0.31351745 	 0.60816556
0.3130656 	 1.2768452
0.2984549 	 1.0202156
0.30909306 	 1.0488901
0.28755406 	 0.60259783
0.3056331 	 0.8863771
0.34562322 	 0.8299395
0.34154928 	 0.83299917
0.3979533 	 0.89291674
0.46769658 	 0.7129816
0.40196896 	 0.7115632
0.41971242 	 1.088034
0.40883362 	 1.0121397
0.436201 	 0.66937053
0.42544255 	 0.70776415
0.39844355 	 0.70606846
0.40137264 	 0.70779544
0.31525555 	 1.121225
0.37118343 	 0.66248024
0.37080145 	 1.1341294
0.37692443 	 0.9751763
0.38804993 	 1.0637491
0.4560168 	 0.6816718
0.4421679 	 0.9097583
0.40825722 	 0.98494154
0.4169569 	 0.71126235
Summary
0.08177252  -  0.5968827 ,  0.2291013  -  1.6041203
accuracy:  98.4
equal predictions:  0
TensorFlow version: 1.13.1
Found 939 images belonging to 1 classes.
argN = 784
argN = 784
0.5315621 	 1.6027532
0.2756035 	 1.8294994
0.68902797 	 1.1655995
0.44069484 	 1.9955969
0.27682617 	 1.7680475
0.17057285 	 1.3432807
0.23057127 	 1.3357191
0.13954827 	 1.4450812
0.386403 	 1.1010278
0.26974046 	 1.3438419
0.40218914 	 1.4096311
0.40379277 	 1.2809119
0.62377626 	 1.6998646
0.3164698 	 1.2809832
0.47078174 	 1.4322972
0.18713753 	 1.7354405
0.120240465 	 2.2432518
0.1392785 	 1.7160121
0.12431038 	 1.874097
0.096496075 	 2.2823467
0.09467601 	 1.8207332
0.06328351 	 1.725086
0.094774954 	 1.4431217
0.089239255 	 1.0731546
0.21912473 	 1.3707923
0.37625098 	 1.6531131
0.8875491 	 1.2260793
0.8038918 	 1.2847612
0.82224905 	 1.2384746
0.5258174 	 1.5599715
0.6705129 	 1.5369732
0.3293786 	 1.8300391
0.71257967 	 1.5304711
0.347906 	 1.176069
0.3945452 	 1.4802849
0.26058775 	 1.4964192
0.2203123 	 1.9423003
0.12819019 	 2.3247278
0.09359113 	 1.8087865
0.10291709 	 2.241571
0.06996481 	 1.5471767
0.13283321 	 1.6650919
0.2792067 	 1.1952146
0.19974688 	 1.3931239
0.25195688 	 1.5080117
0.30736598 	 1.2546068
0.32747066 	 1.4615453
0.36942202 	 1.7266613
0.31498176 	 1.2379622
0.11921118 	 1.4067156
0.0693128 	 1.471307
0.07134685 	 1.5543542
0.03110459 	 1.7598389
0.010276669 	 2.3278441
0.01798973 	 2.8152585
0.019316979 	 2.8445044
0.0523586 	 1.8133283
0.6918978 	 1.0409231
0.6329392 	 1.3877957
0.71319664 	 1.4787908
0.6529228 	 1.045556
0.47377288 	 0.97926074
0.34594935 	 1.2567618
0.22856644 	 1.5710764
0.3125429 	 1.2473593
0.35260308 	 2.1382592
0.3434744 	 2.1831245
0.22794211 	 1.3611356
0.36058208 	 1.6866881
0.43024766 	 1.0789961
0.55639607 	 1.5167418
0.5010053 	 1.286903
0.43449846 	 1.1299516
0.22217767 	 2.0067658
0.22940797 	 1.6748068
0.15277295 	 1.7096856
0.09680872 	 1.5274233
0.04556349 	 1.6467892
0.19926423 	 1.4677857
0.16346088 	 1.6312009
0.19799857 	 1.3613098
0.20568873 	 1.3803964
0.1560766 	 1.4304067
0.1499855 	 1.5895574
0.15110083 	 1.5662907
0.19810857 	 1.5968281
0.15820995 	 1.4400721
0.12184846 	 1.7162217
0.049186967 	 1.5776123
0.0443419 	 1.4897984
0.17415972 	 1.1346563
0.17794208 	 0.94637424
0.1706118 	 0.88010395
0.17446993 	 0.95357203
0.20357713 	 0.80108863
0.19396631 	 0.69562924
0.14849912 	 1.1362331
0.14635131 	 0.95950454
0.15243092 	 0.9561347
0.17873956 	 0.97129154
0.13875712 	 1.3060721
0.16591427 	 1.0035826
0.13822377 	 1.1447748
0.12905887 	 0.932632
0.106983036 	 0.88173103
0.14151794 	 1.1110986
0.1503605 	 0.915623
0.16422139 	 0.626113
0.13874973 	 0.85794306
0.14743559 	 0.930708
0.10560972 	 1.0233419
0.15881869 	 0.8006616
0.12977491 	 0.89871365
0.14599465 	 0.68303305
0.15282579 	 0.66693497
0.12693503 	 0.88090074
0.11628493 	 1.3825245
0.1079101 	 1.1453125
0.10954878 	 1.0601257
0.096229665 	 1.0419236
0.07158302 	 1.0492254
0.09047176 	 1.4596611
0.08490137 	 0.93633133
0.07476321 	 1.0208892
0.075384006 	 1.0683688
0.07949212 	 0.93456584
0.058883928 	 0.86473304
0.05923606 	 0.8199261
0.041308038 	 1.1460644
0.0563408 	 1.0678812
0.051183768 	 1.0672816
0.049595077 	 0.61088914
0.039841875 	 0.8251091
0.04300537 	 1.0802021
0.041669257 	 1.4997818
0.044365574 	 0.9599125
0.050584577 	 1.3163803
0.044327132 	 0.98722434
0.041554306 	 0.9161716
0.037686702 	 1.0055544
0.037690293 	 1.0444276
0.04166814 	 1.1508657
0.03767024 	 1.1999952
0.028429091 	 1.0346214
0.050172303 	 1.5025218
0.039836667 	 1.4994985
0.056301575 	 0.9995205
0.038918033 	 1.0648614
0.05268413 	 1.3689291
0.037110575 	 0.8475554
0.039708156 	 1.3830395
0.05401542 	 1.114559
0.03834386 	 1.0758741
0.041134868 	 1.2284362
0.036363855 	 1.2350643
0.05159376 	 1.2736996
0.05893893 	 1.3130976
0.056752533 	 0.8880881
0.05495219 	 0.8519384
0.047010206 	 0.7981041
0.048502564 	 1.4177921
0.05758592 	 1.3053894
0.05505849 	 1.2140442
0.051031142 	 0.73806804
0.054178942 	 1.0374852
0.053115353 	 0.98466164
0.042796694 	 1.0740583
0.051289544 	 0.8855742
0.055356484 	 0.90710586
0.06977504 	 0.94901514
0.062376972 	 0.7450385
0.07569577 	 0.7845435
0.0638375 	 0.90974057
0.082253434 	 0.86773115
0.07654285 	 1.2462624
0.08375899 	 1.4127234
0.079651155 	 0.98704374
0.1307769 	 0.8860834
0.11189951 	 0.79676455
0.14964616 	 1.6271554
0.16810605 	 1.0768241
0.13910463 	 0.89355326
0.13327578 	 1.0653064
0.12267707 	 1.0545926
0.12404065 	 1.2207671
0.12724651 	 0.80794084
0.11564598 	 1.3871453
0.12527974 	 0.984645
0.098752536 	 1.0158597
0.09853432 	 1.0304294
0.108595945 	 0.9842403
0.09579492 	 0.9522959
0.08420136 	 0.8301858
0.08500623 	 0.9771689
0.3995659 	 1.0471947
0.409733 	 0.86193126
0.32770425 	 0.9190825
0.34663084 	 1.0907416
0.38780394 	 1.0287994
0.3821022 	 1.2130263
0.3121641 	 1.0560808
0.26764807 	 1.3489406
0.23374991 	 0.99055606
0.20140626 	 1.4481091
0.17368919 	 1.6947235
0.16492042 	 0.84935534
0.18811631 	 1.0970447
0.17428403 	 1.2205497
0.17734942 	 1.2504026
0.16752446 	 1.6194373
0.15099664 	 1.4157964
0.13615791 	 1.4279057
0.14539938 	 1.896661
0.14824297 	 1.6843473
0.12622663 	 1.3987691
0.13155346 	 1.0239656
0.1676299 	 1.8837466
0.16130188 	 2.1777823
0.13580543 	 1.4064105
0.13353017 	 1.9914871
0.15053882 	 1.7595172
0.13061692 	 1.6405054
0.12728922 	 1.7896456
0.10077311 	 1.3319676
0.23466635 	 1.6017911
0.52954763 	 1.4279435
0.28298387 	 1.9088827
0.2753369 	 1.4464812
0.2826567 	 1.4811803
0.25721094 	 1.6224699
0.2681359 	 0.95487726
0.5437696 	 1.1550487
0.4340274 	 1.3117769
0.1906652 	 1.754806
0.25441417 	 1.9624677
0.2462615 	 1.4743071
0.19802937 	 2.090268
0.23948008 	 1.6947582
0.1766167 	 1.4364396
0.14260104 	 1.4461792
0.15266253 	 2.1242347
0.15427932 	 1.1724741
0.15560856 	 1.766484
0.17222552 	 0.86867374
0.12808876 	 1.2100208
0.12794717 	 1.4121277
0.13032511 	 2.0389326
0.13541251 	 1.2213017
0.22489253 	 1.2390127
0.21191265 	 1.5977696
0.23819987 	 1.6083994
0.2555623 	 1.6920809
0.30814266 	 0.9909845
0.28763336 	 1.22102
0.29968742 	 1.3842335
0.27160385 	 1.3907264
0.3335437 	 1.1735376
0.3727411 	 1.0475883
0.35989487 	 0.851634
0.3410761 	 1.3313897
0.28080553 	 1.28311
0.2367099 	 1.120932
0.23060234 	 1.137531
0.22275409 	 1.40776
0.1951929 	 0.89289016
0.19619869 	 1.7492266
0.17110026 	 1.4024493
0.16814525 	 1.5659304
0.16610736 	 1.6468161
0.17163602 	 1.5833502
0.14652914 	 0.94152653
0.22710375 	 1.2928973
0.22228709 	 1.7718107
0.2364989 	 1.2121366
0.2442692 	 1.6210096
0.29805636 	 1.3558737
0.3286601 	 1.2730848
0.3282568 	 1.2416632
0.39198032 	 0.77554846
0.39050955 	 1.0100086
0.42179763 	 0.867943
0.44356394 	 0.79777765
0.36539823 	 0.78254235
0.40380618 	 0.897806
0.38888913 	 0.91047084
0.41367334 	 0.8901195
0.37771377 	 0.9149247
0.40032187 	 0.79348814
0.35147616 	 1.2474588
0.324028 	 1.0073715
0.30769268 	 1.4699326
0.29892272 	 1.355174
0.31642824 	 1.2644209
0.24724719 	 1.5955905
0.2529469 	 1.764725
0.2584173 	 1.7968152
0.22591227 	 0.9623574
0.20516998 	 1.392213
0.231765 	 1.0517448
0.22647323 	 1.6349854
0.26075777 	 1.3119903
0.2771141 	 1.2001566
0.313815 	 0.9696109
0.34006009 	 1.2347628
0.35228848 	 1.423942
0.4026258 	 1.3095292
0.45629436 	 1.2189199
0.4326053 	 1.2309238
0.4430678 	 1.4688274
0.37624115 	 1.1049964
0.36367312 	 1.072871
0.33786047 	 1.2530392
0.28783858 	 1.1667614
Summary
0.010276669  -  0.8875491 ,  0.61088914  -  2.8445044
accuracy:  100.0
equal predictions:  0
