TensorFlow version: 1.13.1
Found 939 images belonging to 1 classes.
argN = 196
argN = 196
0.5734439 	 0.91024315
0.49307302 	 1.3104365
0.4500706 	 1.0953155
0.4976569 	 0.64523304
0.49913353 	 0.7484831
0.3083945 	 0.8624399
0.20597571 	 1.3773724
0.0469438 	 1.8357208
0.1507472 	 1.490354
0.16143034 	 1.3553747
0.101866536 	 1.7850685
0.17216718 	 1.7555505
0.34615374 	 1.0784674
0.2515179 	 1.1161752
0.2417205 	 1.4352862
0.3873934 	 1.3932832
0.5164035 	 0.90735143
0.43518382 	 1.5119269
0.2874583 	 1.4093862
0.25169381 	 1.2777451
0.3097846 	 1.0787922
0.42056164 	 1.02166
0.29126135 	 0.9834214
0.36502406 	 0.85483265
0.26079035 	 1.0269152
0.14828078 	 1.2238071
0.06280694 	 1.3770404
0.022874352 	 1.5777396
0.010255472 	 1.0176284
0.038490966 	 2.2303154
0.030306553 	 1.288623
0.036357738 	 1.741977
0.06387238 	 1.5601326
0.08843156 	 1.3210009
0.32944804 	 1.392654
0.77376467 	 1.5346335
0.6570403 	 1.1020118
0.44263732 	 1.0111005
0.2453976 	 1.8466052
0.28157136 	 1.2743368
0.68060714 	 0.5835988
0.75176024 	 0.9688761
0.7371769 	 0.7927226
0.53257865 	 1.6425405
0.339505 	 0.9185749
0.5442444 	 0.9447725
0.39874154 	 1.1246666
0.422807 	 0.9804545
0.22088075 	 1.626451
0.4860668 	 0.9270821
0.4535726 	 0.7502274
0.369751 	 0.8890045
0.35364142 	 0.80531436
0.3793094 	 0.7661982
0.05722427 	 1.7408156
0.06857944 	 1.3878014
0.20364624 	 1.5346822
0.4250783 	 1.1223375
0.4495479 	 1.2019632
0.36037883 	 1.2913758
0.37471208 	 1.2659122
0.44155613 	 0.85114676
0.33554414 	 1.3733103
0.39672026 	 1.0248257
0.3190616 	 0.9339802
0.3732644 	 0.85171235
0.20289525 	 0.9845011
0.067180954 	 1.3295743
0.05235364 	 1.2320555
0.005871992 	 1.6319343
0.02060303 	 1.3549283
0.08459113 	 1.048573
0.25206962 	 1.0148047
0.5218991 	 1.26187
0.7732243 	 1.6362005
0.45605516 	 1.038369
0.35214728 	 1.7275963
0.3272831 	 1.8629152
0.3945513 	 1.3912953
0.351771 	 0.92262685
0.5073914 	 1.7058231
0.46851978 	 1.7630069
0.42971018 	 1.1067
0.45706573 	 0.761642
0.4890898 	 0.81983316
0.4732247 	 0.6720409
0.31907848 	 0.73953176
0.10271297 	 1.6300855
0.07590409 	 1.9671785
0.06861615 	 1.6536696
0.149863 	 1.4076276
7.468741e-05 	 2.51054
0.38791263 	 0.74227893
0.11897665 	 1.363382
0.44992918 	 1.3041911
0.37419403 	 1.0896823
0.3840168 	 1.1749965
0.09877431 	 1.5639857
0.05862975 	 1.7320287
0.07512284 	 2.0567043
0.05951196 	 1.6956623
0.25730914 	 0.8105638
0.2980468 	 1.0073296
0.22295311 	 1.2365092
0.17288864 	 1.5037713
0.1258349 	 1.8384762
0.10141826 	 0.910262
0.12504925 	 2.168212
0.166543 	 1.9940323
0.07950322 	 2.136411
0.043126404 	 1.6991042
0.11387138 	 2.0629623
0.057624497 	 1.426384
0.060485493 	 1.2925196
0.055762902 	 1.3973968
0.08577336 	 1.7273804
0.070863225 	 1.5038042
0.037593495 	 2.2595882
0.104823515 	 0.8667594
0.1643893 	 1.5949572
0.11233958 	 1.6913276
0.11551819 	 1.6865796
0.16115488 	 1.8373016
0.105181746 	 1.6540127
0.16138937 	 1.6476902
0.14335175 	 1.4917343
0.17065753 	 1.3018546
0.21272 	 1.1803445
0.20362885 	 1.9561278
0.21718432 	 1.1098417
0.21236798 	 1.3593507
0.3000647 	 1.4120247
0.2641818 	 0.7750961
0.2822704 	 1.6024939
0.3028326 	 1.1005312
0.3121068 	 1.050633
0.28104708 	 1.0277994
0.21918203 	 1.1075379
0.27117294 	 1.0283568
0.18147908 	 1.3003843
0.2127029 	 0.93371016
0.18522343 	 1.0317439
0.18648961 	 1.2136424
0.16255516 	 1.207115
0.17033549 	 1.5723906
0.13297412 	 1.0232798
0.1467823 	 1.3029062
0.13482562 	 1.5851098
0.09066655 	 1.564197
0.10031742 	 1.3978641
0.0892332 	 2.0130239
0.08336831 	 1.8371228
0.07869413 	 1.6409491
0.08164724 	 1.7834694
0.10562648 	 1.6095808
0.0690833 	 1.2891071
0.11407732 	 1.5943811
0.08681026 	 2.2366126
0.0815631 	 1.4595667
0.113321885 	 2.1259747
0.09947235 	 1.5091337
0.080657616 	 1.5877808
0.102576114 	 1.7896321
0.105297826 	 1.7854679
0.09796861 	 1.4724779
0.11890368 	 1.3390019
0.08856284 	 1.6381748
0.10176022 	 1.4254175
0.08716118 	 1.2071471
0.08272758 	 1.1007441
0.09635082 	 1.6258242
0.11883125 	 1.2713057
0.14609605 	 1.3623058
0.12974173 	 1.2698864
0.14418662 	 1.6397141
0.121222295 	 1.3653898
0.17919359 	 1.5286182
0.13607945 	 1.7028973
0.16090904 	 1.2223737
0.1448985 	 1.7656972
0.09440995 	 1.0679302
0.13296092 	 1.5721109
0.14508358 	 1.2269256
0.113254264 	 1.6782786
0.07841063 	 1.6079669
0.10711373 	 1.6953768
0.09513635 	 1.7259566
0.06323303 	 1.5729858
0.057906143 	 1.104038
0.058388658 	 1.527462
0.065251485 	 2.6323323
0.05236859 	 1.7621285
0.07095338 	 2.0371084
0.028742563 	 1.6622326
0.04271414 	 1.979863
0.03772935 	 1.6500115
0.025859753 	 1.8687533
0.019084996 	 1.8769273
0.0144761475 	 1.5071778
0.11421028 	 1.4559882
0.24175115 	 1.1294307
0.09866392 	 1.7987201
0.097797304 	 2.3537614
0.058523387 	 1.2390078
0.10751021 	 1.3880266
0.19982389 	 1.0202357
0.16324466 	 1.5693256
0.12299639 	 2.1408474
0.14352788 	 1.8071828
0.113773264 	 1.279967
0.12119014 	 1.5377469
0.108626045 	 1.780844
0.10004353 	 0.7535857
0.10089429 	 1.2986866
0.107798494 	 1.0093359
0.07465042 	 0.38976818
0.09601155 	 1.2437567
0.054956723 	 1.6821154
0.080480725 	 1.7212605
0.10070047 	 0.5815615
0.11758651 	 0.8863735
0.080246575 	 1.5590863
0.10649725 	 1.720973
0.11119028 	 0.49841112
0.072296284 	 1.520228
0.1093157 	 0.76024854
0.13578795 	 1.8741292
0.20272456 	 1.070556
0.15549047 	 1.2411346
0.11075185 	 1.9033272
0.13363324 	 1.0219939
0.14143464 	 1.75882
0.13562205 	 2.3528712
0.20629859 	 1.6901261
0.17975496 	 1.0904963
0.21445668 	 1.2250239
0.23088905 	 0.97618645
0.12621054 	 1.9161346
0.17615908 	 1.9987481
0.20267478 	 1.4507091
0.18703167 	 0.8648877
0.17564683 	 0.8543856
0.19564706 	 1.3170688
0.10692758 	 0.53913754
0.12288787 	 0.9237286
0.08920107 	 1.1770506
0.10497067 	 0.61580247
0.09142001 	 1.1853917
0.09728147 	 1.6602069
0.07377882 	 0.3142953
0.08979034 	 0.96449393
0.08077198 	 1.8498651
0.150436 	 0.70811814
0.2141691 	 1.314052
0.18100452 	 1.2726316
0.172636 	 0.90835637
0.15442997 	 1.2442968
0.17052414 	 1.7769198
0.17486544 	 1.3715324
0.17187014 	 0.9292289
0.16551779 	 1.4496961
0.19887146 	 1.544539
0.24377745 	 1.2938005
0.22502367 	 1.9347311
0.22580604 	 1.3068668
0.25278464 	 1.2378851
0.19374882 	 1.466418
0.172645 	 0.90540636
0.13810784 	 1.6932064
0.16853671 	 1.3570551
0.110537805 	 1.4162897
0.06298003 	 1.1667298
0.06846442 	 1.0181674
0.14869684 	 1.2142901
0.15401354 	 1.6241304
0.13624795 	 1.480442
0.095169395 	 2.0554163
0.08140622 	 1.5795727
0.06929294 	 2.4367712
0.08513148 	 0.6023097
0.136458 	 1.3255762
0.14662203 	 1.3238019
0.15051568 	 0.79680115
0.15533896 	 1.3444533
0.1464744 	 0.6638471
0.13766389 	 1.4269232
0.11836577 	 1.652687
0.179621 	 1.0064137
0.14609101 	 1.7762784
0.16832142 	 1.95065
0.18573962 	 1.1040462
0.30052137 	 1.1111205
0.31710193 	 0.8313614
0.35976145 	 0.6853174
0.36360213 	 0.9284209
0.33070636 	 0.48913604
0.28684175 	 1.8473043
0.12837362 	 1.2685647
0.13834567 	 1.1104919
0.13919191 	 1.4874696
0.09166332 	 1.6121134
0.107503176 	 0.9194538
0.117310666 	 1.491516
0.11199324 	 1.2958616
0.081108384 	 1.7310429
0.07964547 	 1.1486496
0.0745094 	 1.6456288
0.06944013 	 1.5603286
0.036304273 	 1.3056883
0.041671496 	 1.3862903
0.08297235 	 1.8993882
0.059693214 	 1.9144387
0.05345295 	 2.348138
Summary
7.468741e-05  -  0.77376467 ,  0.3142953  -  2.6323323
accuracy:  99.7
equal predictions:  0
TensorFlow version: 1.13.1
Found 939 images belonging to 1 classes.
argN = 196
argN = 196
0.47189456 	 0.65497804
0.51045907 	 0.76898617
0.4959948 	 1.0910126
0.4533214 	 0.8486257
0.3048992 	 0.6604524
0.2706971 	 0.6815067
0.07463257 	 1.6418759
0.033336688 	 1.4565568
0.004450255 	 1.2579858
0.015188359 	 1.7602938
0.03102263 	 1.632112
0.043361418 	 2.0844305
0.20032632 	 0.85732716
0.35952625 	 0.65447444
0.40094426 	 0.9450034
0.4508114 	 0.7285174
0.48015255 	 0.74490833
0.53598434 	 0.7785755
0.25277942 	 0.65700066
0.38438284 	 0.8637143
0.38357794 	 0.8640711
0.24223228 	 1.3487741
0.17411552 	 1.0794754
0.2764195 	 0.56909007
0.28120753 	 0.91444683
0.09002497 	 1.5640913
0.063049294 	 1.9404491
0.05352614 	 1.0259163
0.030964715 	 0.6015839
0.006824001 	 0.9553801
0.021346595 	 0.731588
0.29534498 	 0.7679306
0.34407163 	 1.115486
0.34588718 	 1.1660389
0.36522457 	 0.9030222
0.45314848 	 1.0542564
0.7609264 	 1.1442612
0.4241315 	 0.8167801
0.31049365 	 0.9499417
0.2743349 	 1.0399476
0.6276312 	 1.1500807
0.41365665 	 0.61584044
0.4180328 	 0.7563934
0.42413387 	 0.9080096
0.45960146 	 0.87728024
0.27831104 	 0.6173658
0.25547627 	 0.68802327
0.036757737 	 1.2741652
0.03398939 	 1.2456232
0.12507492 	 1.6092381
0.19818407 	 0.51799595
0.12359527 	 1.9069921
0.26988676 	 0.7123807
0.18893686 	 0.6987571
0.56191546 	 0.81283164
0.21945092 	 0.98236346
0.30837607 	 0.8208939
0.29809868 	 0.4142682
0.26764816 	 0.87205875
0.29093453 	 0.6895244
0.029990438 	 1.7359704
0.045703363 	 1.4976904
0.09800457 	 0.80523556
0.26374546 	 1.0328269
0.15604308 	 1.130757
0.5608943 	 1.1118795
0.31951305 	 1.8697515
0.30910867 	 0.66027224
0.23535448 	 1.0539192
0.33182445 	 0.711654
0.26191974 	 0.6472485
0.34282988 	 1.0585284
0.49353728 	 1.0943284
0.50388056 	 0.4506731
0.28150564 	 0.9192377
0.25908452 	 0.6352283
0.12727034 	 1.6179403
0.20542753 	 0.6470406
0.13120672 	 0.6569377
0.27523023 	 0.8978788
0.25719813 	 0.8811915
0.19344002 	 0.85694087
0.17287482 	 1.3842404
0.08917025 	 0.78872967
0.120691076 	 0.95587546
0.12661298 	 1.0375823
0.07419813 	 1.3842499
0.08544734 	 2.5843184
0.13535199 	 1.2790792
0.094954066 	 1.1414661
0.0845393 	 1.1246094
0.08380688 	 0.53490853
0.11427015 	 1.1832106
0.113031805 	 0.9444688
0.10631228 	 0.60910416
0.12552872 	 1.4679965
0.11879131 	 1.2366133
0.084971905 	 1.5684599
0.0952655 	 1.4081557
0.098490916 	 0.9827712
0.11397418 	 1.5894974
0.07771637 	 1.3562667
0.07760358 	 1.539145
0.088582054 	 1.280015
0.119842 	 1.0548404
0.11506054 	 1.119944
0.11507719 	 1.1106683
0.12740783 	 1.1396776
0.13677554 	 0.84523225
0.15086868 	 0.82885903
0.21525137 	 1.1182257
0.22559913 	 1.0140715
0.23851812 	 1.0664269
0.25489837 	 1.2777627
0.26045495 	 0.8438575
0.26368052 	 1.0029972
0.28752148 	 1.0607178
0.26285562 	 0.82399416
0.30335334 	 0.8690621
0.39762086 	 0.89673036
0.31224945 	 0.85782003
0.27985153 	 0.7315142
0.29935512 	 0.6716026
0.2537947 	 0.8769307
0.26993454 	 0.98985493
0.25093552 	 0.7706988
0.25559795 	 0.9179916
0.19408478 	 0.8490478
0.29285225 	 0.93577033
0.29732758 	 0.64283395
0.28967524 	 0.9564345
0.24713165 	 0.9170048
0.28423676 	 1.1491069
0.19848599 	 0.9367711
0.16554375 	 0.9621595
0.19669865 	 1.0415031
0.22519694 	 1.1093308
0.19050986 	 0.815691
0.16916752 	 0.88690597
0.19768496 	 0.80669504
0.19229157 	 1.3298961
0.15184084 	 1.3453333
0.17353107 	 1.1047845
0.13611701 	 0.7146032
0.14971602 	 1.2157772
0.10806814 	 0.61747795
0.15107414 	 1.2624036
0.14171323 	 1.7454236
0.0851174 	 1.1467278
0.12757698 	 1.301107
0.12014058 	 0.73764706
0.13538535 	 1.0028481
0.113741875 	 1.4984015
0.13560656 	 1.7219017
0.13170086 	 1.1162142
0.118430056 	 0.99674106
0.11862184 	 1.6087043
0.12272451 	 1.3056058
0.11980081 	 1.7659597
0.12747616 	 1.5719031
0.12180449 	 1.223865
0.15256505 	 1.0756847
0.15085995 	 1.5193845
0.12317415 	 1.3824197
0.07417495 	 1.3467132
0.120101064 	 1.4445162
0.07894842 	 1.5017748
0.09981068 	 1.7244195
0.11590048 	 0.8396579
0.13597395 	 0.69537365
0.12859024 	 0.57143396
0.11322036 	 0.9588908
0.14559165 	 1.2015896
0.14482808 	 0.7709262
0.17211749 	 0.8966783
0.17838699 	 1.2306366
0.14716768 	 1.1881089
0.19593908 	 1.3726497
0.15380408 	 1.3569285
0.18799676 	 1.1246172
0.19085087 	 1.3574749
0.14230405 	 0.62708426
0.12619384 	 1.1452419
0.16390374 	 1.3484267
0.13124464 	 1.0288454
0.12265093 	 1.1848233
0.16645803 	 1.1815283
0.108303644 	 1.1906154
0.09581336 	 1.5648595
0.11042031 	 1.5377872
0.047113355 	 1.2167152
0.08278087 	 0.4472132
0.084654704 	 0.9306702
0.07812321 	 1.2257005
0.08836443 	 0.7411135
0.06626432 	 1.2123863
0.092827134 	 1.497169
0.06870253 	 1.4703463
0.07523825 	 1.3759662
0.07562563 	 1.7046766
0.03960248 	 1.5910933
0.046509605 	 1.9676994
0.04163732 	 1.117283
0.21680179 	 1.4326209
0.17873372 	 1.6846312
0.1469981 	 1.3774643
0.07713945 	 1.752872
0.10688447 	 1.6797793
0.11218666 	 1.6173415
0.18334721 	 1.539597
0.12870649 	 2.1244338
0.080258206 	 1.4812005
0.16385943 	 2.8753402
0.18700328 	 2.8701265
0.08998643 	 3.1411397
0.14688799 	 1.4829873
0.116661154 	 2.1497126
0.08737256 	 1.36642
0.09726577 	 2.642651
0.08972044 	 1.898148
0.08917207 	 1.5880796
0.097566165 	 2.7158098
0.08538904 	 0.9709011
0.13372786 	 1.1082578
0.10415639 	 2.4155107
0.107717834 	 0.95650244
0.10766785 	 1.5535665
0.11897893 	 0.8398718
0.10655076 	 0.445856
0.09202255 	 1.4806391
0.12694222 	 1.1770959
0.66322404 	 1.381774
0.4852649 	 1.0156249
0.14566956 	 0.8469364
0.20620981 	 1.9231913
0.16412088 	 2.389658
0.16943686 	 1.1223148
0.15239303 	 1.3843646
0.1859607 	 0.5271716
0.19344154 	 1.4684259
0.112551406 	 0.76699555
0.17634022 	 1.8311739
0.18757762 	 0.9472167
0.2009725 	 1.4310156
0.092568636 	 1.8396058
0.08076326 	 1.4406874
0.052286938 	 1.9259158
0.08313802 	 1.4468664
0.068482675 	 1.5162565
0.0812195 	 1.8009442
0.08998688 	 1.1076189
0.096803196 	 0.80827117
0.15286379 	 1.6260185
0.14096773 	 1.4410096
0.19906346 	 1.7467548
0.17539413 	 1.6566861
0.13794744 	 0.8648157
0.10491049 	 1.4742584
0.20148659 	 1.7183167
0.2758512 	 1.5801507
0.28431073 	 1.0713024
0.3104934 	 1.6173466
0.32975724 	 1.0948406
0.2762248 	 1.1554557
0.27559707 	 2.0938666
0.24762231 	 1.7753847
0.12684503 	 0.9493379
0.11973409 	 0.78110164
0.115614735 	 0.3740911
0.12772074 	 2.0157363
0.1104944 	 2.0230017
0.09848302 	 2.734361
0.11865137 	 2.5053704
0.09863379 	 0.93305516
0.09734566 	 1.7584035
0.09985389 	 1.4344118
0.09326229 	 0.7467661
0.07121934 	 1.6840345
0.124692746 	 1.9865168
0.12347495 	 2.281251
0.13002129 	 2.0945852
0.12091404 	 1.4564203
0.08555356 	 1.8857812
0.057689723 	 1.3308972
0.06125907 	 1.4847729
0.052402318 	 0.8746182
0.06244162 	 1.7220601
0.1520415 	 1.3528647
0.13925822 	 1.4223216
0.15990652 	 1.9446386
0.20815778 	 0.9091328
0.2396976 	 1.3398744
0.28407392 	 1.4299451
0.26359424 	 1.0892905
0.29840565 	 1.2515955
0.29177606 	 0.9909445
0.37139475 	 1.3098693
0.3270819 	 1.2770444
0.23567462 	 1.7820637
0.2500043 	 1.8079512
0.19050424 	 1.2185388
0.101849444 	 2.387739
0.086443536 	 0.51589036
0.09459326 	 2.0247307
0.15226579 	 2.1566856
0.12662907 	 2.2572796
0.11230316 	 1.3948492
0.074149214 	 1.7936821
0.08206054 	 1.043577
0.059570223 	 2.390994
0.04159954 	 1.6941774
0.052956842 	 1.4035395
0.053764682 	 1.4318026
Summary
0.004450255  -  0.7609264 ,  0.3740911  -  3.1411397
accuracy:  99.7
equal predictions:  0
TensorFlow version: 1.13.1
Found 939 images belonging to 1 classes.
argN = 196
argN = 196
0.09205359 	 3.430554
0.39692572 	 2.6370282
0.21993682 	 2.5640426
0.15949556 	 2.4694152
0.092071764 	 3.4439363
0.06583235 	 2.7103868
0.055913474 	 2.5032284
0.054524828 	 3.1591744
0.045774244 	 2.5572693
0.08403979 	 2.3182483
0.07394664 	 3.3996139
0.06327392 	 2.9711707
0.10408661 	 2.461587
0.07123989 	 2.3809898
0.121820316 	 2.7828226
0.16372146 	 2.3333442
0.19830325 	 2.7477934
0.14740472 	 2.3914213
0.1899476 	 2.2041345
0.189195 	 2.775127
0.11905823 	 2.505409
0.02394861 	 2.3979928
0.062130027 	 3.4766195
0.23003067 	 1.5528055
0.06704021 	 2.4891016
0.2636571 	 2.4987786
0.15945187 	 2.051315
0.13931064 	 2.7768927
0.21453919 	 2.4919882
0.24011628 	 2.5101783
0.19908048 	 2.9697468
0.23554456 	 2.3240838
0.15676178 	 2.654632
0.12610789 	 2.2885263
0.12888588 	 2.5201151
0.083959855 	 1.550681
0.047400992 	 2.2198956
0.025918351 	 6.0604334
0.031213554 	 3.0723293
0.021523803 	 3.6590974
0.03361182 	 1.9961662
0.09000215 	 2.7163045
0.05584666 	 5.2779193
0.06830729 	 2.975437
0.01586456 	 2.3305993
0.037143175 	 2.9872484
0.11284736 	 2.20697
0.07154275 	 1.8116294
0.11678534 	 2.8847163
0.14607798 	 3.0364084
0.086577415 	 3.1073096
0.030467719 	 3.3153338
0.028543465 	 2.834337
-9.5367386e-07 	 1.5842426
-9.5367386e-07 	 2.5011153
-9.5367386e-07 	 3.0244887
-9.5367386e-07 	 3.4645736
0.00019224346 	 4.9302793
-9.5367386e-07 	 3.1701558
0.00511408 	 1.7482078
0.08600498 	 2.367085
0.21623692 	 1.7805706
0.18987438 	 2.0329888
0.038884632 	 2.353453
0.08292034 	 3.2405624
0.1281729 	 2.7288613
0.12778217 	 2.228568
0.13537633 	 2.4456437
0.107278936 	 2.1937995
0.15223324 	 3.217098
0.13357261 	 1.7782589
0.22601837 	 2.247763
0.19080174 	 3.4012434
0.07933415 	 1.1502208
0.059974242 	 2.5029685
0.04700502 	 2.9525757
0.05593629 	 1.9879009
0.040415548 	 2.3330228
0.046584412 	 3.0097623
0.052368462 	 3.310573
0.031163191 	 1.6906635
0.024861714 	 3.169106
0.01613844 	 2.4880054
0.05247625 	 3.0001361
0.06317868 	 2.5744722
0.015423979 	 2.9738588
-4.7683704e-07 	 1.9745395
0.0103122 	 2.5794709
0.020618182 	 2.7129846
0.01385189 	 2.273217
0.015316179 	 3.668507
0.015428579 	 3.0293367
0.010343636 	 2.186016
0.025832044 	 2.697233
0.010750655 	 2.170389
0.015435056 	 1.833446
0.010270045 	 1.6150309
0.010255472 	 1.5054432
0.010255411 	 2.28329
0.015426582 	 2.198405
0.0009919555 	 2.8520527
0.00511408 	 2.7615259
0.00511408 	 1.5935817
0.010255472 	 1.9848961
0.023607524 	 1.3150746
0.010253906 	 1.3206445
0.01542295 	 3.6685703
0.012431988 	 1.9233916
0.0051144394 	 1.1545727
0.015414052 	 1.4981855
0.021279495 	 2.3130934
0.031144867 	 2.3124793
0.026977574 	 1.6198194
0.037076678 	 1.8352534
0.010255472 	 1.1876678
0.019678244 	 1.4941661
0.022154514 	 2.5738878
0.01540364 	 1.6302772
0.010255231 	 1.2511115
0.014307984 	 1.5277203
0.010255472 	 1.8068509
0.015422284 	 2.4990072
0.00511408 	 3.3321736
0.00021972686 	 1.4812956
0.0066230986 	 1.27462
-9.5367386e-07 	 2.8309262
0.01436972 	 1.2716691
0.015873827 	 1.3484375
0.005202391 	 2.0611248
0.016172545 	 2.3441908
0.010255472 	 2.000628
0.017986333 	 1.6020533
0.015423494 	 1.7516097
0.005117255 	 1.6486763
0.020615809 	 2.1427338
0.025424711 	 3.199862
0.016579641 	 1.8394794
0.020651586 	 2.319893
0.010255472 	 2.5316002
0.00511408 	 1.4364116
0.010254207 	 1.9962558
0.00511408 	 1.387515
0.003473466 	 1.6423631
-9.5367386e-07 	 1.8867152
-9.5367386e-07 	 1.2318116
0.0050884984 	 1.9078351
0.00457156 	 3.504259
0.024429427 	 1.2025017
0.01025511 	 1.0799707
0.0051135407 	 2.1810896
0.00511408 	 3.20779
0.020650005 	 2.1403735
0.025840178 	 2.4449384
0.041894235 	 2.0713525
0.036365278 	 1.448882
0.031089528 	 1.3093784
0.04167156 	 2.284255
0.031357214 	 3.1986446
0.031089528 	 1.6143274
0.020584777 	 1.5354291
0.020618243 	 1.7389939
0.031089528 	 2.937509
0.017579028 	 1.6486912
0.011346272 	 2.0446672
0.025839996 	 1.184217
0.020618243 	 1.8627838
0.015429487 	 2.7931132
0.025839873 	 1.5836741
0.035917055 	 1.8479025
0.020618243 	 1.5589622
0.010257037 	 2.445014
0.00511408 	 1.0862346
0.020540727 	 1.1401491
0.011189966 	 1.1119032
0.024419043 	 2.3810794
0.016301883 	 1.7688965
0.008931228 	 2.1671968
0.024248283 	 2.0995476
0.018797493 	 1.3422046
0.03091953 	 1.5915111
0.025308859 	 2.6435206
0.010255833 	 2.5328894
0.015457453 	 1.939135
0.0056989146 	 3.4049735
0.010072663 	 1.5527512
0.005115278 	 1.8052224
0.015229935 	 1.90217
0.0051428373 	 1.8275311
0.02092873 	 2.5409942
0.012948056 	 1.874663
0.01850315 	 1.8754811
0.008360488 	 1.3490033
0.0070443926 	 1.3215735
0.010295337 	 1.9936935
0.023463812 	 1.2271886
0.13628292 	 2.6318624
0.09770095 	 3.2039375
0.18884924 	 2.297458
0.13274561 	 2.1586027
0.14662465 	 1.673137
0.16614206 	 2.0152125
0.16863936 	 1.2610097
0.08547045 	 2.9755104
0.083964005 	 2.3336651
0.0076706 	 4.5824604
0.020618243 	 2.8347266
0.00511408 	 13.815511
0.010255472 	 2.3243299
0.025677493 	 1.5645425
0.03155392 	 3.6685703
0.025840301 	 3.8917718
0.047004394 	 2.570066
0.046349827 	 3.4882622
0.05171885 	 2.1458426
0.05236689 	 2.7555637
0.031089405 	 1.9108956
0.041581705 	 2.7926345
0.031089528 	 2.7129369
0.031089528 	 2.3860464
0.01472515 	 3.6687596
0.0413609 	 3.080543
0.022650383 	 4.581837
0.015371257 	 3.4863327
0.03620328 	 2.0749965
0.010255472 	 0.7641338
0.020618243 	 4.215128
0.025839811 	 1.965907
0.05775773 	 2.5778093
0.3949374 	 2.3535452
0.2031414 	 2.2749078
0.15961106 	 2.570164
0.04166932 	 3.4861887
0.047005147 	 2.8798048
0.015475371 	 4.179192
0.031088972 	 2.0180357
0.052367017 	 2.327637
0.052370913 	 3.6579778
0.3097797 	 2.585372
0.13963641 	 2.47626
0.11190471 	 1.9550413
0.10196857 	 2.799493
0.0357248 	 2.6650186
0.02074463 	 3.043752
0.08871733 	 3.9831574
0.10196534 	 2.4696307
0.09526642 	 3.080861
0.057764616 	 2.0101554
0.07359006 	 2.5950434
0.07003436 	 2.0219207
0.052366953 	 2.281436
0.06317665 	 2.283452
0.05236689 	 2.4441187
0.041670937 	 1.8710289
0.04167162 	 3.486327
0.0129891755 	 2.630589
0.015367384 	 3.480226
0.010255472 	 3.3097274
0.015371923 	 2.6081789
0.020799398 	 3.2018347
0.036378752 	 2.436012
0.02564392 	 2.689614
0.031132014 	 2.5104218
0.028144037 	 3.0324976
0.041647945 	 1.27847
0.037824426 	 3.3516154
0.11133258 	 3.486327
0.11385762 	 2.5125048
0.14322388 	 1.9432191
0.18779184 	 2.0282822
0.18818825 	 1.0657294
0.16261995 	 1.578163
0.107255846 	 2.3320844
0.07385763 	 3.1349177
0.027134286 	 3.6975925
0.020617269 	 2.7566857
0.010255472 	 3.488998
0.015332824 	 2.5467055
0.00511408 	 4.1458507
0.020625787 	 2.7126925
0.015423434 	 2.479745
0.02060808 	 2.9811044
0.020899514 	 1.7768673
0.07335444 	 1.1026183
0.10242403 	 2.2081618
0.11494914 	 3.6623216
0.11559051 	 4.0224566
0.1131185 	 3.8337386
0.13791673 	 1.9567121
0.2175047 	 2.0922284
0.17851238 	 2.1071594
0.2166977 	 2.2215216
0.12644434 	 2.1534324
0.14766239 	 0.88479203
0.17091277 	 1.3900623
0.13609652 	 1.7176845
0.09969925 	 1.8104004
0.06140027 	 3.188002
0.036383636 	 4.179866
0.06298606 	 2.387722
0.031088972 	 3.486284
0.027547708 	 1.9829129
0.020656029 	 2.282348
0.019371731 	 2.8633242
0.045698557 	 1.5630525
0.05380525 	 2.863791
0.06803475 	 2.1641328
0.10164706 	 3.3294005
0.08044862 	 2.5990791
0.0716409 	 3.4863017
0.046925683 	 2.5002127
0.052721325 	 3.486364
0.03202493 	 3.0808637
0.04612541 	 3.3328831
Summary
-9.5367386e-07  -  0.39692572 ,  0.7641338  -  13.815511
accuracy:  100.0
equal predictions:  0
TensorFlow version: 1.13.1
Found 939 images belonging to 1 classes.
argN = 196
argN = 196
0.17315297 	 2.7654364
0.11334392 	 2.1803842
0.50246364 	 2.899035
0.33364213 	 2.4728549
0.12565348 	 2.3531783
0.08956489 	 5.156559
0.063653395 	 2.2765877
0.05593793 	 2.2808847
0.083913766 	 2.1294806
0.09339316 	 2.1981537
0.16574767 	 1.9654666
0.13444482 	 2.4114683
0.11143965 	 2.324076
0.1370373 	 4.5407443
0.10380051 	 2.6405628
0.1273337 	 4.574094
0.25824422 	 2.650071
0.26387483 	 3.0929456
0.16191301 	 4.6639185
0.15137021 	 2.9036765
0.21388035 	 2.212346
0.29238 	 3.487757
0.13825211 	 2.111789
0.05583437 	 2.052124
0.0007175993 	 3.6713636
0.005115278 	 3.2010455
0.048878286 	 2.969389
0.11129487 	 1.7740269
0.21268047 	 2.1807444
0.1993791 	 2.8370838
0.12010536 	 2.7711186
0.050891902 	 2.0402498
0.08427204 	 3.852819
0.07965005 	 2.865665
0.04510801 	 2.2074132
0.18632428 	 2.844202
0.36257926 	 2.8922746
0.24071081 	 1.336
0.42533883 	 2.6940565
0.3193716 	 1.9354819
0.16265221 	 2.476123
0.044562053 	 2.3832579
0.050677184 	 3.489154
0.031207526 	 2.1725972
0.03002895 	 2.113396
0.049449712 	 2.2445436
0.08251472 	 1.6858343
0.13137637 	 2.3419733
0.095611006 	 1.8159404
0.14279957 	 2.2126718
0.06948664 	 2.3748689
0.0632557 	 2.1058288
0.07108763 	 2.3466763
0.072895035 	 2.8721695
0.039801683 	 2.280944
0.121166185 	 2.4364507
0.05320317 	 2.2791696
0.031629834 	 1.9720622
0.020597372 	 3.0808687
0.008138604 	 2.797711
-9.5367386e-07 	 2.398973
-9.5367386e-07 	 2.8795385
-9.5367386e-07 	 3.499588
0.037550796 	 2.4781663
0.28220528 	 2.093767
0.19319269 	 2.5580792
0.21877557 	 2.2283084
0.028374514 	 2.49323
0.14617366 	 2.496944
0.19260675 	 2.7774224
0.37718007 	 2.0349677
0.12258389 	 1.1573141
0.16542755 	 2.3121953
0.16758429 	 2.2442465
0.17021224 	 2.5936158
0.1813283 	 3.39347
0.055837646 	 2.622705
0.11865318 	 1.8992448
-9.5367386e-07 	 1.4120854
0.03233492 	 2.4839084
0.11417547 	 2.164941
0.052414503 	 2.07601
0.05843125 	 2.2795558
0.05228003 	 2.7190037
0.02295711 	 3.4660244
5.3526404e-05 	 2.7341764
0.011795796 	 2.306575
0.010255472 	 3.1453547
0.015052387 	 2.3057647
0.011988331 	 5.2779193
0.023805032 	 2.5704095
0.0051352284 	 4.9593425
0.016110819 	 3.1867273
0.010255472 	 1.8756853
0.015403277 	 1.8783063
0.00512049 	 2.9626553
0.005127919 	 1.2898009
0.0010257257 	 0.93494594
-9.5367386e-07 	 1.1219755
3.3974704e-06 	 2.0821187
-9.5367386e-07 	 1.9870985
-9.5367386e-07 	 2.1138904
-8.344647e-07 	 1.8355508
-9.5367386e-07 	 1.1624625
1.1324889e-06 	 2.2649467
0.00511408 	 1.4426378
0.014154963 	 1.6034683
0.00511408 	 2.7853162
0.01025499 	 2.2836936
0.00511408 	 2.3924222
0.02624756 	 2.164259
0.031119041 	 1.3816249
0.03284307 	 2.05524
0.020808954 	 2.0764487
0.010246319 	 2.6428227
0.017799618 	 1.4474373
0.009152265 	 1.6386229
0.0134384725 	 0.98826975
0.0053197127 	 2.3191757
0.01511211 	 1.9412977
0.005106591 	 1.5158252
0.01039802 	 1.6783983
0.015341478 	 2.3753119
0.020618243 	 2.080949
0.00511408 	 2.916163
0.00511408 	 1.9581553
-9.5367386e-07 	 2.7584426
0.00511408 	 2.1033041
0.0017966665 	 1.8202642
0.0051120427 	 1.457389
0.010255171 	 2.2048032
0.010242043 	 2.6974947
0.00511408 	 1.3457204
0.0102530625 	 1.2227337
0.010249992 	 2.0182984
0.015423434 	 1.7591679
0.010067184 	 2.975638
0.012185185 	 1.3427155
0.009813682 	 2.7131786
-5.960463e-07 	 1.8769903
0.020481104 	 2.8320076
0.005298201 	 2.3918402
0.010256134 	 1.6694119
0.030526897 	 1.8442241
0.0051307348 	 1.9602972
0.010258904 	 2.7837596
0.010243247 	 1.3046062
0.00511408 	 2.6231625
-9.5367386e-07 	 1.6929377
-9.5367386e-07 	 1.9083682
0.0051103653 	 1.4572078
-9.5367386e-07 	 1.7279372
4.9890332e-05 	 1.5295465
-9.5367386e-07 	 2.439865
0.00511408 	 2.0069087
0.015423252 	 2.2293704
0.0054932637 	 1.559681
-9.5367386e-07 	 1.2219383
0.00511408 	 1.3860612
0.0154412305 	 1.8662874
0.020618243 	 2.4455166
0.01542295 	 1.1746085
0.01025764 	 2.3322356
0.015423373 	 1.0613185
0.010255472 	 2.880828
0.009563252 	 1.6426489
0.00511408 	 1.7104433
0.005110006 	 2.1358402
0.01541381 	 1.5892746
0.015271573 	 1.6967111
0.0051222877 	 2.1855304
-9.5367386e-07 	 1.8144819
0.010255171 	 2.1369967
0.0051714755 	 2.1716576
0.00511396 	 1.7766179
0.0068199206 	 2.8965878
0.025840119 	 1.3258798
0.01540812 	 2.066151
0.022146897 	 1.5494224
0.0051361867 	 1.3140595
0.010255291 	 2.7349641
0.00922048 	 3.1915903
0.007657566 	 1.765906
0.005118992 	 1.8078407
0.011783493 	 1.0724725
0.005114739 	 1.3337246
0.015369261 	 2.0803175
0.0202362 	 2.975396
0.021383556 	 1.0161238
0.009501632 	 1.9201585
-9.5367386e-07 	 2.567948
0.020618364 	 2.353714
0.008462312 	 1.7060891
0.018534543 	 1.5636195
0.010166291 	 1.7770094
0.02944715 	 1.3657422
0.020298911 	 1.1961982
0.008733089 	 2.4911406
0.018628418 	 1.3882341
0.04700502 	 4.1786394
0.068558 	 2.2641485
0.015423434 	 13.757615
0.010255472 	 1.2229375
0.0050396738 	 2.0574448
0.02058283 	 3.6684232
0.010256676 	 1.9325163
7.844279e-05 	 2.246158
0.010255351 	 2.025618
0.017974196 	 2.6494644
0.010255472 	 1.9879649
0.0109081585 	 2.0297244
0.015423434 	 1.5013021
0.015423434 	 2.1425343
0.015612612 	 1.9081485
-9.5367386e-07 	 2.28017
0.010215186 	 3.881891
0.010691252 	 1.6603038
0.01542301 	 3.4863327
0.015423434 	 2.5980752
0.025826294 	 2.524031
0.011547463 	 2.051525
0.020617938 	 4.573886
0.10548539 	 2.0491657
0.24038792 	 2.2375057
0.09846204 	 1.1709605
0.06961316 	 2.0038526
0.06347466 	 2.397798
0.042468835 	 2.211296
0.046323605 	 3.4861088
0.03719007 	 3.737694
0.026030848 	 1.3751178
0.04143489 	 3.057659
0.041665778 	 2.5700247
0.09012809 	 1.7589993
0.12353956 	 4.584864
0.048155125 	 2.5691698
0.06440934 	 2.286824
0.06471128 	 1.5963032
0.063177794 	 1.8170325
0.044687577 	 3.5787303
0.051935423 	 2.3130982
0.051204156 	 3.1986492
0.041666463 	 0.90417224
0.010255411 	 2.4533565
0.00511408 	 4.1369476
0.015423252 	 3.0799127
0.005115158 	 2.1857505
-9.5367386e-07 	 1.0650618
0.020618243 	 2.9738274
0.00511408 	 2.0696857
0.00511408 	 5.2779193
0.0050074453 	 1.564113
0.029409826 	 2.3268805
0.015423434 	 3.7345746
0.0258381 	 1.876979
0.015423252 	 1.8989812
0.020618243 	 2.3754733
0.015417563 	 2.3121212
0.101963885 	 2.4970975
0.11121726 	 2.184214
0.11855211 	 2.1866667
0.11249571 	 2.088338
0.09261101 	 1.6385704
0.057741188 	 3.4847412
0.010255472 	 2.4048824
0.015414475 	 1.3552836
0.020618243 	 3.8917718
0.009843959 	 1.8775314
0.015417139 	 1.3305377
0.015348863 	 1.1666971
0.01653013 	 3.3319218
0.057826314 	 3.0449872
0.07539519 	 2.8778546
0.10850007 	 2.791286
0.08834477 	 2.954245
0.17863353 	 1.6636889
0.18361776 	 1.8542688
0.16887066 	 1.2368193
0.21767785 	 2.4960344
0.20711556 	 2.775829
0.21457715 	 1.5633153
0.13688208 	 2.5803542
0.17645448 	 1.5655153
0.13521147 	 1.6153237
0.13050832 	 1.7024142
0.13400017 	 1.806812
0.08738706 	 1.88463
0.10243902 	 1.78154
0.11572856 	 2.0048916
0.09892709 	 1.6258625
0.092401326 	 3.3111172
0.10247917 	 3.3935568
0.098807074 	 3.330068
0.052090697 	 2.5653293
0.05236689 	 1.1718659
0.031089528 	 2.1517127
0.020618485 	 1.6481415
0.045716465 	 5.2779193
0.02077104 	 1.5512191
0.028489802 	 2.9770725
0.036358356 	 2.1197531
0.01980518 	 1.4326476
0.010256977 	 1.3400245
0.030827135 	 1.8447614
0.020135969 	 3.4876049
0.045802884 	 2.5663128
0.060918007 	 3.5582337
0.07362457 	 2.8873484
0.03994696 	 1.2119274
0.035371646 	 2.6993499
0.055065732 	 2.1519408
0.05975339 	 1.7550722
0.043063924 	 1.2023185
Summary
-9.5367386e-07  -  0.50246364 ,  0.90417224  -  13.757615
accuracy:  100.0
equal predictions:  0
