TensorFlow version: 1.13.1
Found 939 images belonging to 1 classes.
argN = 3136
argN = 3136
0.7355892 	 1.406248
0.70870763 	 1.7939132
0.6497 	 1.7245047
0.6448366 	 1.3269054
0.5387589 	 1.6373626
0.3686558 	 1.9615992
0.34790143 	 1.3317392
0.31999165 	 1.5011146
0.24306001 	 1.8025354
0.231173 	 1.8766251
0.18994926 	 1.9644383
0.15553796 	 1.7841307
0.09620335 	 1.7018354
0.08911036 	 1.5901895
0.11479302 	 1.7988545
0.20108852 	 1.3066101
0.36532548 	 1.046117
0.2632832 	 1.3177356
0.3125715 	 1.1655767
0.35145676 	 1.3898704
0.39017013 	 1.2280546
0.3959843 	 1.3491855
0.35471675 	 1.4871596
0.43085328 	 1.2191926
0.37829292 	 1.1698275
0.17346506 	 1.4216437
0.13055559 	 2.0184262
0.16396083 	 1.6697527
0.19964594 	 2.1965952
0.20917721 	 2.0859742
0.18560685 	 1.8801209
0.1901164 	 1.4350618
0.20707142 	 1.747134
0.22254029 	 1.4638832
0.23002933 	 1.5515374
1.0637864 	 1.7546954
1.3470764 	 1.6592107
1.3008069 	 1.5732585
1.4121143 	 1.4554924
1.3708872 	 1.5437229
1.2764814 	 1.9511058
1.2941844 	 1.8938161
0.90413016 	 1.2229992
0.7058418 	 1.7545252
0.65124834 	 1.3382438
0.80475736 	 1.7104677
0.8096187 	 1.4865459
0.5264501 	 1.329695
0.105678685 	 1.5418822
0.10646556 	 1.6386248
0.15248612 	 1.314285
0.20471227 	 1.3982998
0.18460213 	 1.6626964
0.15911818 	 1.7732852
0.122512266 	 1.6049228
0.11461359 	 1.6537151
0.10053529 	 1.4364076
0.20714945 	 1.6296281
0.19038215 	 1.5295135
0.14295311 	 1.2910807
0.15742357 	 1.3950906
0.21157616 	 1.2899492
0.20100462 	 1.1356316
0.21839169 	 1.1789618
0.2474426 	 1.2772757
0.18052247 	 1.7105194
0.10036789 	 1.4814779
0.09828151 	 1.5613472
0.06524754 	 1.2383249
0.05600418 	 1.4301307
0.0637591 	 2.127633
0.075893484 	 1.7832044
0.08968902 	 2.0787747
0.3060287 	 1.1214936
0.3372099 	 1.3153886
0.33440387 	 1.4232988
0.2806599 	 1.6422789
0.24116951 	 1.6512125
0.1926668 	 1.6079631
0.092166334 	 1.5850042
0.1377593 	 1.9251636
0.14510025 	 1.7335085
0.17682724 	 1.564762
0.18515378 	 1.1586103
0.18077597 	 1.5657244
0.18666394 	 1.6139364
0.17422272 	 1.8839861
0.15303686 	 1.5729672
0.14132486 	 1.3707113
0.22410631 	 1.4420502
0.13430573 	 1.3953997
0.26147184 	 1.1938845
0.3001595 	 1.1298232
0.3261217 	 0.8560144
0.145883 	 1.8894342
0.14559351 	 1.4376765
0.12817617 	 1.8780411
0.08926415 	 1.4373332
0.07824071 	 1.519844
0.07997032 	 1.2303754
0.06788879 	 1.881524
0.06788107 	 1.7005571
0.06546777 	 1.7684988
0.04903371 	 2.269639
0.056981243 	 1.9513466
0.0814983 	 1.7725173
0.077259146 	 1.523315
0.0833836 	 1.4794316
0.14261946 	 1.4566712
0.22407858 	 0.53795874
0.22171925 	 0.4606107
0.18843888 	 0.80065405
0.23234473 	 0.6351029
0.21492949 	 0.9490948
0.25759798 	 0.8507583
0.21854638 	 0.76256806
0.21301875 	 0.87183535
0.23387566 	 0.5860589
0.24936146 	 0.7708458
0.2225213 	 0.7556689
0.25247073 	 0.6794969
0.23755264 	 0.5607311
0.26251248 	 0.82118934
0.2513239 	 0.7312718
0.23220143 	 0.7770723
0.21043305 	 1.0001061
0.2088603 	 0.839848
0.18295321 	 0.5290827
0.19323319 	 0.8798975
0.17519385 	 1.2859192
0.1689576 	 0.98922706
0.1474552 	 0.7889961
0.14088531 	 0.5615352
0.14490311 	 0.9475715
0.12642953 	 0.4495589
0.121171296 	 0.5043864
0.09252849 	 1.0462041
0.08137939 	 0.82391185
0.084820524 	 0.7550474
0.095397614 	 0.67515314
0.09040384 	 0.8679839
0.08966777 	 1.1701726
0.08636491 	 0.91266656
0.08481858 	 1.0575464
0.08569277 	 0.47606933
0.082350895 	 0.91631377
0.087239094 	 0.8849247
0.08613594 	 0.9592891
0.0813728 	 0.85768783
0.08056225 	 0.49478
0.07590538 	 1.9718853
0.07259959 	 0.63228506
0.06995848 	 0.39410347
0.06512641 	 0.55133957
0.053711787 	 0.9029839
0.057264283 	 0.62903976
0.045971997 	 0.4881823
0.05045543 	 0.5339187
0.049009733 	 0.76397234
0.057716496 	 0.51553327
0.055469006 	 0.5452615
0.055431202 	 0.8487568
0.050202888 	 0.6935516
0.05666731 	 0.89534444
0.053096183 	 0.93935823
0.056079704 	 0.7692062
0.062474612 	 0.44026002
0.062210962 	 0.5795803
0.05804409 	 0.7165574
0.05335851 	 0.8743697
0.05314339 	 1.543016
0.053685874 	 0.47187495
0.058726016 	 0.39751008
0.069555394 	 0.36778098
0.07195285 	 1.0356824
0.076633 	 0.9067213
0.07832051 	 0.6624684
0.079012156 	 0.68810934
0.079658836 	 0.4237705
0.080513544 	 0.45700136
0.089170374 	 0.4719106
0.093143605 	 0.85893494
0.09818761 	 0.6940579
0.08324218 	 0.93482405
0.09227948 	 0.47210142
0.089167185 	 0.9003145
0.10080331 	 1.2302082
0.10082111 	 0.9465482
0.11940856 	 0.39843217
0.13194002 	 1.0143862
0.14745687 	 0.39009872
0.14205553 	 0.6071965
0.14886014 	 0.74964494
0.16422527 	 0.5712199
0.16045493 	 0.8410679
0.1628956 	 0.66571224
0.17175081 	 0.5542809
0.17250136 	 0.43697134
0.17172045 	 0.799508
0.15871978 	 0.65920556
0.16662313 	 1.012289
0.14477435 	 0.5887747
0.15265997 	 0.82913905
0.13073838 	 0.66104716
0.1310265 	 0.58555955
0.08009998 	 1.0078336
0.08070685 	 1.0605056
0.07993797 	 0.9865703
0.388343 	 0.81443846
0.38373917 	 0.6970252
0.32354096 	 0.9031481
0.29114315 	 0.79229707
0.26015678 	 1.0066886
0.24018441 	 0.6291074
0.23998056 	 1.0329672
0.2295703 	 0.80508447
0.24558182 	 0.697077
0.27464402 	 1.1026646
0.24717614 	 1.0012497
0.25173715 	 0.8430379
0.27095145 	 0.7683523
0.25294092 	 1.0262344
0.24833937 	 0.9661193
0.25602987 	 1.0793039
0.25462553 	 0.77776706
0.24327384 	 0.8626093
0.2600096 	 1.0523129
0.24713165 	 0.8065121
0.24144834 	 1.3148923
0.2170345 	 1.4844627
0.22617194 	 0.8817992
0.24262984 	 0.77448493
0.23729107 	 0.91799545
0.30526924 	 1.0486865
0.32772458 	 1.0686469
0.33872873 	 0.93291956
0.30361462 	 1.0717107
0.30185646 	 1.0450308
0.25472277 	 0.6418287
0.24811353 	 0.9553792
0.25282586 	 1.1816252
0.34585112 	 0.83034784
0.3765176 	 1.036755
0.26055133 	 1.0328397
0.25992694 	 0.64203936
0.28004614 	 1.029258
0.2348989 	 1.1145552
0.21454613 	 0.87372655
0.20540147 	 1.1500673
0.2114461 	 0.905906
0.22983009 	 1.0685384
0.22305004 	 1.0031202
0.2296006 	 0.5967374
0.24366587 	 0.7596336
0.22529422 	 0.9331561
0.20046078 	 0.914452
0.18572907 	 1.1558871
0.16986676 	 1.199621
0.17850661 	 1.0599738
0.17606369 	 1.2183745
0.17352739 	 1.263678
0.17335334 	 1.1039189
0.17824508 	 1.0857888
0.19971079 	 1.1599048
0.23259328 	 1.1963445
0.24251643 	 0.9046459
0.23792073 	 0.87526786
0.22822805 	 1.0069318
0.23734736 	 1.1142089
0.35821402 	 0.9347313
0.29778427 	 0.8298044
0.2775799 	 1.0196561
0.22143717 	 0.838167
0.2142128 	 0.54807645
0.20403168 	 0.589995
0.16164829 	 0.71497935
0.17824309 	 1.1246489
0.17437613 	 0.9448456
0.17244767 	 1.0824624
0.1603415 	 1.0446895
0.16209033 	 0.7414669
0.23336083 	 1.1089885
0.33922708 	 0.97058463
0.35763624 	 0.8322811
0.41253763 	 0.85961777
0.43549225 	 0.7361101
0.4392833 	 0.695498
0.44789505 	 0.69847417
0.45156747 	 0.7148762
0.43062314 	 0.6593796
0.48677993 	 0.61391234
0.46531388 	 0.65885454
0.5028135 	 0.6559078
0.5762977 	 0.6692569
0.36849862 	 0.68985945
0.35153493 	 0.9658407
0.24334538 	 0.96487117
0.22635946 	 1.1094879
0.18507202 	 1.1366969
0.18794827 	 0.8729885
0.18301076 	 1.1249828
0.18868431 	 1.0534649
0.19131547 	 0.7935507
0.18454306 	 1.0651948
0.17074993 	 1.049427
0.1792681 	 1.1541252
0.19150054 	 0.8365614
0.19640374 	 0.8844441
0.1847559 	 1.1847556
0.18419258 	 0.9016529
0.17462167 	 1.1143848
0.15524803 	 0.9252096
0.15981819 	 1.0712866
Summary
0.045971997  -  1.4121143 ,  0.36778098  -  2.269639
accuracy:  100.0
equal predictions:  0
TensorFlow version: 1.13.1
Found 939 images belonging to 1 classes.
argN = 3136
argN = 3136
0.42336553 	 0.754986
0.42529115 	 0.5690651
0.4664956 	 1.1415753
0.4259688 	 1.0238864
0.35992077 	 1.2114496
0.32630306 	 1.9948382
0.1781987 	 1.4760693
0.15896417 	 1.9025227
0.12511605 	 1.9506781
0.1066489 	 0.8070676
0.12387271 	 0.6172255
0.19335134 	 0.8441432
0.24163367 	 1.0956045
0.23327856 	 0.69433725
0.23485222 	 0.7047691
0.32513732 	 0.49905732
0.23440953 	 0.6171374
0.17508973 	 0.66164327
0.17401345 	 0.68898296
0.1797606 	 0.83487624
0.22956243 	 0.99509835
0.23936671 	 1.2836224
0.26136997 	 1.3318026
0.25167674 	 1.8030167
0.23951052 	 2.0086176
0.24442561 	 1.3141835
0.46490097 	 1.0921959
0.32351953 	 0.43702483
0.42514953 	 0.55473125
0.5446588 	 0.66918314
0.57744646 	 0.8302804
0.4144469 	 0.7073076
0.4724917 	 0.69308174
0.46991083 	 0.6406477
0.4332424 	 0.7156742
0.46754664 	 0.7405182
0.54418206 	 0.74703616
0.4499644 	 0.6740374
0.41531935 	 0.65346044
0.27394024 	 1.1886549
0.14926142 	 1.8520427
0.13501117 	 1.3632876
0.1012368 	 2.0656502
0.26089612 	 0.868009
0.25780192 	 0.75398225
0.2697806 	 0.48263368
0.17209865 	 0.37658256
0.17448144 	 0.31194717
0.14985879 	 0.7583438
0.15860759 	 0.9043367
0.2129126 	 1.2153018
0.2161755 	 1.0008954
0.117173545 	 1.7713346
0.08505867 	 1.8173226
0.07515921 	 1.4436439
0.07046457 	 1.8222853
0.06742794 	 1.4443663
0.05992994 	 1.5262667
0.07228731 	 1.5757935
0.1272484 	 1.674255
0.4088572 	 0.91106534
0.37436005 	 0.46822748
0.37192324 	 0.6071752
0.45863998 	 0.5561797
0.4500604 	 0.60094905
0.39044946 	 0.45749962
0.38959095 	 0.83651763
0.38930154 	 0.65945256
0.3825949 	 0.77054346
0.29633787 	 0.7910603
0.3975726 	 0.64914036
0.45388976 	 0.74843377
0.37945956 	 0.8648465
0.29465497 	 1.2494674
0.23856276 	 1.28822
0.19714957 	 1.4603189
0.1666658 	 1.2630476
0.13477644 	 1.9495916
0.21678586 	 1.7151529
0.2048166 	 1.2304399
0.1580826 	 0.62984186
0.21756285 	 0.6966824
0.20977016 	 0.988003
0.20109989 	 1.0545769
0.25373 	 0.57185835
0.16991916 	 0.44721916
0.16114326 	 0.7353226
0.17824985 	 0.9944891
0.112801254 	 1.30679
0.070983194 	 1.8993635
0.122427516 	 1.7818177
0.09630566 	 0.84232134
0.09166731 	 1.2082939
0.088537574 	 1.1390035
0.068973325 	 1.466073
0.042334385 	 2.466041
0.18231672 	 0.45332253
0.1913494 	 0.54879147
0.19225979 	 0.6903496
0.20305347 	 0.42426705
0.20520276 	 0.5292415
0.20248698 	 0.33818308
0.20869556 	 0.52763844
0.20840105 	 0.55211604
0.21666187 	 0.5897519
0.20956896 	 0.36662823
0.200763 	 0.6136167
0.21109506 	 0.7102118
0.21099591 	 0.59137005
0.17698786 	 0.6091196
0.19624422 	 0.3765275
0.1717382 	 0.69486684
0.15998282 	 0.65709317
0.16907872 	 0.6901489
0.16819222 	 0.47169468
0.18391357 	 0.607456
0.16655779 	 0.60373044
0.15388958 	 0.8061462
0.16223025 	 0.63489854
0.16040209 	 0.6953801
0.1706786 	 0.89802295
0.17103922 	 0.701276
0.18105252 	 0.6998449
0.18498975 	 0.6991649
0.19431539 	 0.80153
0.20163943 	 0.8278711
0.18701133 	 0.8516544
0.1666725 	 0.8120812
0.1644769 	 0.9993432
0.16143224 	 0.6642545
0.1615944 	 0.8579383
0.17348094 	 0.92644995
0.16661222 	 0.96159697
0.168634 	 0.7499882
0.16275883 	 0.7389321
0.14144933 	 0.73737067
0.13007465 	 0.97128403
0.12368194 	 0.90356046
0.11443768 	 1.0677
0.118825205 	 0.79133904
0.110020876 	 0.85441726
0.11064572 	 0.71739215
0.1083989 	 0.7258405
0.11242821 	 0.87162256
0.10032723 	 0.704012
0.10450929 	 0.7557539
0.10395261 	 1.0724202
0.091053426 	 0.7860568
0.08668779 	 1.3117335
0.07542945 	 0.73753375
0.063415535 	 0.6723862
0.06880985 	 1.1234391
0.065257594 	 0.63184166
0.0612867 	 0.752902
0.063247256 	 0.6613358
0.061403878 	 0.79210156
0.058465816 	 0.6687342
0.060848642 	 0.88938624
0.06441144 	 0.8445313
0.06387689 	 0.75926954
0.059454776 	 1.1502533
0.06672527 	 0.930147
0.06800669 	 0.7205976
0.06862062 	 0.7801559
0.074881524 	 1.1985674
0.068254575 	 0.79741013
0.07103535 	 0.80250204
0.07275516 	 0.9928691
0.07410492 	 0.8334369
0.12274581 	 1.0172148
0.11701876 	 0.8763549
0.12688984 	 0.82364094
0.14723495 	 0.7239352
0.15359202 	 0.93722475
0.1509197 	 0.8021977
0.1759165 	 0.7451278
0.16957773 	 0.8833532
0.17114241 	 0.80764794
0.16739507 	 0.75213724
0.17222539 	 0.72834414
0.17049466 	 0.9069656
0.15900253 	 0.8988564
0.11146637 	 0.8931027
0.09933963 	 0.99346834
0.10484814 	 0.9284408
0.09562025 	 0.794818
0.100374416 	 0.78951657
0.092576936 	 0.85579145
0.09302585 	 0.84121525
0.092317194 	 0.6306127
0.08754749 	 0.98443156
0.082400866 	 0.7469298
0.0819697 	 0.8947497
0.07965406 	 0.7041817
0.06482193 	 0.65643245
0.06792853 	 0.7654716
0.05668926 	 0.8018934
0.057412747 	 0.5416629
0.04018892 	 0.7247721
0.5606732 	 0.62060827
0.52265155 	 0.58015126
0.53438634 	 0.62408423
0.53640884 	 0.5989102
0.5730145 	 0.5458927
0.5336182 	 0.58404917
0.53173643 	 0.6340911
0.568575 	 0.59470624
0.55179614 	 0.6781933
0.5207011 	 0.739729
0.50959855 	 0.62199897
0.46603602 	 0.5686966
0.46087545 	 0.58595824
0.48158547 	 0.61167914
0.44917065 	 0.7512545
0.4761812 	 0.6381871
0.49432394 	 0.61684704
0.4723014 	 0.6180283
0.47674945 	 0.74444693
0.46570182 	 0.5903981
0.4856279 	 0.64625454
0.4683063 	 0.5831617
0.4662135 	 0.5505163
0.46443018 	 0.58637345
0.4753074 	 0.61229324
0.45128432 	 0.56014663
0.4576025 	 0.74091244
0.43987554 	 0.54096174
0.4084597 	 0.7899635
0.39928162 	 0.57374537
0.3887562 	 0.5515917
0.3821807 	 0.56604654
0.37767577 	 0.83015966
0.40452674 	 0.6202224
0.4187 	 0.6492927
0.39771268 	 0.5401058
0.39408723 	 0.63443905
0.39299357 	 0.5769656
0.3948897 	 0.43075782
0.44012284 	 0.50836784
0.41172057 	 0.6208114
0.41869277 	 0.60812527
0.42015436 	 0.52901495
0.40961465 	 0.6971658
0.40530604 	 0.5049682
0.3711252 	 0.56540847
0.3843881 	 0.48228395
0.34946838 	 0.49177167
0.30568585 	 0.7895027
0.32393247 	 0.5688537
0.31724304 	 0.8190209
0.355272 	 0.6201562
0.36747295 	 0.54261
0.36145732 	 0.4730926
0.36909693 	 0.73420984
0.35846776 	 0.7479701
0.37091753 	 0.62764484
0.4005206 	 0.61756533
0.37672153 	 0.45324215
0.35944292 	 0.5297771
0.37295735 	 0.853056
0.37440833 	 0.70809233
0.34352043 	 0.7591595
0.34226042 	 0.50504035
0.32071325 	 0.4319584
0.3049915 	 0.87383854
0.32105947 	 0.43825904
0.3160143 	 0.6277484
0.3318051 	 0.5433392
0.33574548 	 0.6420703
0.40344474 	 0.55288863
0.38799256 	 0.6746982
0.35458502 	 0.60104644
0.38179302 	 0.6111793
0.40756056 	 0.66565377
0.57957625 	 0.6552344
0.517309 	 0.5876996
0.47906238 	 0.5442181
0.36882627 	 0.4984537
0.32400423 	 0.5439742
0.29398495 	 0.5753742
0.31718394 	 0.63931227
0.3443132 	 0.53479314
0.37273437 	 0.6417258
0.42525247 	 0.62099516
0.49471158 	 0.7143761
0.47868964 	 0.79472005
0.48885554 	 0.50834465
0.4818434 	 0.8526942
0.5423922 	 1.0247526
0.5609348 	 0.69093126
0.56643313 	 0.8984008
0.55381036 	 0.8264255
0.5439973 	 0.6066983
0.5443113 	 0.6869256
0.5138177 	 0.803944
0.49487934 	 0.82636786
0.47159132 	 0.7147038
0.35508513 	 0.7292844
0.33764157 	 0.5085822
0.2747799 	 0.5642429
0.25510627 	 0.43650198
0.2785053 	 0.5330072
0.3170949 	 0.6597624
0.3529152 	 0.5403966
0.34711814 	 0.49442333
0.3379337 	 0.50993145
0.33246863 	 0.6449295
0.3342156 	 0.5632615
0.35022682 	 0.5323275
0.32587463 	 0.5720425
0.31827185 	 0.471186
0.29594576 	 0.49624395
0.29071435 	 0.5519446
Summary
0.04018892  -  0.57957625 ,  0.31194717  -  2.466041
accuracy:  99.7
equal predictions:  0
TensorFlow version: 1.13.1
Found 939 images belonging to 1 classes.
argN = 3136
argN = 3136
0.70528316 	 1.149844
0.8023756 	 0.9271835
0.5573109 	 0.9977693
0.5085892 	 1.416612
0.4565115 	 1.802799
0.4332779 	 1.4347277
0.12502635 	 1.8860476
0.12038157 	 1.7784272
0.12090738 	 1.9015476
0.14067501 	 1.8054799
0.09343255 	 1.8396842
0.09433416 	 1.1159352
0.14654142 	 0.55098486
0.3109975 	 1.1445246
0.32931754 	 0.54701465
0.2802759 	 0.41737446
0.37694362 	 0.7364739
0.2338661 	 0.89638764
0.18391013 	 1.0210717
0.17275085 	 1.2179942
0.11935483 	 2.13466
0.17458023 	 1.5564218
0.17084688 	 1.6789569
0.16952173 	 2.3862343
0.16906305 	 1.7690405
0.5700129 	 1.1091217
0.6078035 	 0.78746486
0.7162951 	 0.9026578
0.73955554 	 0.87295115
0.8183968 	 0.8633448
0.6993417 	 0.7064169
0.68350756 	 0.6938143
0.78811926 	 0.9799964
0.65979517 	 1.2102287
0.5651864 	 1.1373094
0.46834362 	 1.5104371
0.77987355 	 1.0945257
0.8240655 	 1.3233361
0.7700198 	 0.9556163
0.6419894 	 1.239607
0.55247915 	 0.90106404
0.28936696 	 1.2186142
0.26389855 	 1.465541
0.058811795 	 2.3764033
0.07612121 	 2.629352
0.05698648 	 2.521225
0.26678148 	 0.65128255
0.33426774 	 0.47849947
0.15407 	 0.8423846
0.15471555 	 0.88254064
0.13889155 	 1.5243073
0.11879681 	 1.8433223
0.14476188 	 1.5048366
0.039640557 	 2.5527039
0.035907604 	 1.99957
0.02701793 	 1.4215974
0.035923667 	 2.879478
0.091452666 	 2.038858
0.63670874 	 0.8046466
0.6585157 	 0.68363404
0.6241796 	 0.7204571
0.5601604 	 0.7950395
0.35916492 	 1.1883034
0.56612486 	 1.0665829
0.477803 	 1.162793
0.38316798 	 1.034972
0.29037738 	 1.378596
0.09256438 	 1.7715285
0.11389623 	 2.4789069
0.17620912 	 1.5623822
0.25662664 	 1.2161676
0.42756537 	 0.6961053
0.43989906 	 0.34196746
0.44493315 	 0.3344564
0.37822568 	 0.3812567
0.25100547 	 0.7439276
0.031239934 	 2.4464025
0.040043425 	 2.379634
0.07284997 	 2.0016928
0.09428262 	 1.7795346
0.105285175 	 1.8305137
0.43906358 	 0.6104343
0.4628643 	 0.45605433
0.4461629 	 0.50171995
0.45702788 	 0.601493
0.4506165 	 0.5104739
0.47799128 	 0.40566215
0.45032817 	 0.58408976
0.48296985 	 0.5699995
0.43800214 	 0.5715286
0.42954752 	 0.5623919
0.41706914 	 0.546011
0.40859044 	 0.50379586
0.4049127 	 0.52481353
0.4180137 	 0.51302326
0.39847487 	 0.49606028
0.34848553 	 0.6112419
0.33561882 	 0.61724234
0.30343252 	 0.7155387
0.28962812 	 0.6682274
0.28467712 	 0.68382555
0.27590004 	 0.67241085
0.21603152 	 0.6435782
0.21905276 	 0.71318907
0.2019016 	 0.7802239
0.18415733 	 0.67167574
0.17689943 	 0.67286307
0.17040737 	 0.9184045
0.15524594 	 0.73055094
0.15354593 	 0.7031627
0.1429554 	 0.8520299
0.15413843 	 0.8738275
0.15615776 	 0.92388713
0.14415267 	 0.85861784
0.14667848 	 0.82282376
0.15324616 	 0.9158781
0.1482843 	 1.2772931
0.14005183 	 0.9367235
0.13111362 	 0.7641049
0.12690371 	 0.84295756
0.13342574 	 1.0197573
0.12429641 	 0.72795093
0.12707174 	 0.86883855
0.1275765 	 0.9863478
0.12909766 	 0.8698988
0.1298455 	 1.073893
0.1278094 	 0.7858262
0.12226093 	 0.65704525
0.10384482 	 0.8508203
0.094628766 	 1.1479937
0.07077954 	 1.0915723
0.07663757 	 1.1469809
0.070286974 	 0.78336287
0.06587577 	 0.87511986
0.07612314 	 1.1988555
0.06491867 	 0.85675484
0.06820825 	 1.0419219
0.0647764 	 0.72228867
0.057663392 	 1.5092463
0.057056837 	 0.91520596
0.0510218 	 0.82491404
0.05915543 	 1.0254256
0.037501223 	 1.4480549
0.028962256 	 0.703687
0.030214276 	 1.2189782
0.03005917 	 1.0030581
0.03003675 	 0.87544453
0.033380073 	 0.7640231
0.03738384 	 0.84264565
0.027931757 	 1.0063977
0.030473987 	 1.0292935
0.03870048 	 0.9954131
0.03138391 	 0.8496013
0.031120824 	 0.8223421
0.03291822 	 1.1786869
0.045606285 	 0.81599045
0.049813133 	 0.9347357
0.050976887 	 0.48679662
0.05321291 	 0.7177141
0.06823422 	 0.8039209
0.06139678 	 1.0004797
0.07190379 	 0.76053846
0.06656134 	 0.9378124
0.08568186 	 0.8983815
0.09535644 	 0.889769
0.09868694 	 1.2127984
0.09528196 	 0.8538063
0.10076105 	 0.8352055
0.10747589 	 0.9666039
0.10835605 	 0.86141866
0.106584445 	 0.74540573
0.10435882 	 0.8781287
0.10817499 	 0.7153816
0.10759444 	 0.7155379
0.09363073 	 0.89439875
0.10324668 	 0.81076974
0.09758858 	 0.8478129
0.09557375 	 0.6550063
0.110683136 	 0.7297296
0.11234284 	 0.8518001
0.11755017 	 0.70005304
0.11904084 	 0.8094999
0.12007317 	 1.1172775
0.11661862 	 0.8405029
0.11984361 	 0.84647477
0.121552594 	 0.66895294
0.12124504 	 0.92538536
0.10868452 	 0.9129165
0.089053735 	 1.0916097
0.07471863 	 0.8243967
0.06835509 	 0.8357433
0.032507557 	 0.7812865
0.026604604 	 0.981429
0.026758809 	 1.1982065
0.028546838 	 0.8697399
0.37138033 	 0.72636807
0.3426789 	 0.9108128
0.33943084 	 1.0774025
0.242477 	 0.6374102
0.25271198 	 0.83115274
0.2602144 	 0.8885482
0.30752403 	 0.86498016
0.27813715 	 1.1042596
0.28562337 	 0.99617404
0.29301196 	 1.0345544
0.2957179 	 1.035918
0.29698452 	 0.7413723
0.2568385 	 0.8167238
0.254768 	 1.0240042
0.24044985 	 0.9293088
0.22457597 	 1.0525869
0.2184579 	 1.0059971
0.22898108 	 0.98003054
0.23315303 	 1.2025895
0.2533006 	 1.0514228
0.25775918 	 0.96611476
0.31101593 	 0.86359835
0.34988323 	 1.0965664
0.34387967 	 0.9367081
0.3007625 	 0.8561962
0.2557638 	 1.1760494
0.24456923 	 0.9926507
0.22200648 	 1.059585
0.22185296 	 0.9800745
0.21894829 	 0.7555703
0.22861618 	 0.91633207
0.22545476 	 1.1251031
0.37417868 	 0.7026323
0.39155295 	 0.91485655
0.24187489 	 1.5111605
0.19940063 	 0.8766573
0.205825 	 0.6512299
0.19221109 	 1.0599351
0.20953068 	 0.98339283
0.22392094 	 0.85752356
0.22976664 	 0.87011194
0.18980059 	 0.63270354
0.16551012 	 0.9859744
0.19073264 	 0.83301765
0.20149979 	 0.9890972
0.23499426 	 0.6880522
0.2524669 	 0.64176565
0.24948253 	 1.0549241
0.24506809 	 0.9254144
0.25181764 	 0.9278497
0.24344376 	 0.8680598
0.31605387 	 0.8563932
0.31539354 	 0.716805
0.34401384 	 0.60187113
0.3495012 	 0.8126407
0.39248413 	 0.7764428
0.4326029 	 0.63367844
0.40214786 	 0.7643824
0.30247274 	 0.90202695
0.23545285 	 0.6995513
0.20737267 	 1.1098185
0.20031351 	 0.8407975
0.20545454 	 1.0832603
0.18782291 	 1.1133142
0.18854849 	 1.1804572
0.17712604 	 1.0182534
0.17641844 	 1.0488462
0.16646577 	 1.0477109
0.1667241 	 0.8951606
0.14602976 	 0.9083201
0.14764746 	 1.0483801
0.1737499 	 0.9294143
0.19104141 	 0.8088312
0.21430032 	 1.1182995
0.20992662 	 0.93683785
0.23598498 	 1.1726902
0.23926827 	 0.8903705
0.27692822 	 0.60615873
0.38177845 	 0.9051934
0.39484134 	 0.58753616
0.37685448 	 0.75355417
0.45302358 	 0.91934574
0.4388173 	 0.78823334
0.42627373 	 0.7512516
0.46143422 	 0.7148172
0.44699052 	 0.75367737
0.4778351 	 0.6623637
0.46179235 	 0.5055848
0.49485058 	 0.54388034
0.49310872 	 0.53718734
0.46648753 	 0.71157014
0.32819182 	 0.6326008
0.28965566 	 0.7332873
0.27660608 	 0.8070386
0.2633133 	 0.7540921
0.26855093 	 0.7250534
0.20973657 	 0.9885555
0.19605204 	 1.0907038
0.18836829 	 0.8320199
0.1810328 	 0.9637124
0.14611563 	 1.0878749
0.16433801 	 1.1155019
0.15505752 	 0.9724015
0.15586363 	 1.0361154
0.17342459 	 0.9133037
0.16650295 	 0.9103172
0.16564588 	 0.726595
0.16222197 	 0.73986214
0.1669854 	 0.9596314
0.16113633 	 0.85585374
0.16802946 	 1.1827053
0.17907481 	 1.2405397
0.20099479 	 0.95124155
0.18524984 	 0.65422857
0.1920862 	 0.9997053
0.18082924 	 0.8993777
0.16666538 	 0.8916552
0.1694269 	 1.1822989
Summary
0.026604604  -  0.8240655 ,  0.3344564  -  2.879478
accuracy:  98.7
equal predictions:  0
TensorFlow version: 1.13.1
Found 939 images belonging to 1 classes.
argN = 3136
argN = 3136
0.6542704 	 1.1418964
0.68674934 	 1.2680628
0.78111583 	 1.1060205
0.894665 	 1.2533197
0.71943253 	 1.072958
0.44499323 	 1.6127633
0.18819207 	 1.9560987
0.14314093 	 2.075574
0.13100578 	 2.0482092
0.13240811 	 2.0516517
0.13515 	 2.3669076
0.19688602 	 1.9260668
0.15333608 	 0.5664655
0.16754927 	 0.83198947
0.19912282 	 1.1476036
0.22096081 	 1.1495879
0.26755336 	 1.3642946
0.45407727 	 0.8811666
0.44630378 	 0.64828664
0.47183475 	 0.64385
0.34953755 	 0.56137174
0.21600963 	 1.6520959
0.22806054 	 1.6727083
0.22787262 	 1.302298
0.18046336 	 2.0734775
0.21842076 	 2.9950125
0.20809965 	 2.6989741
0.19631067 	 2.1169512
0.22719337 	 2.4312685
0.31087276 	 1.700281
0.42348325 	 1.819718
0.71195745 	 0.84755707
0.79937196 	 0.8213895
0.8274489 	 0.859828
0.7603575 	 0.81079537
0.6254782 	 1.3204153
0.6952224 	 1.1397552
0.3214283 	 1.2303579
0.44054332 	 1.0782895
0.2878753 	 1.6340265
0.30553383 	 1.4632243
0.2204641 	 1.7964554
0.14607142 	 1.6300445
0.123256676 	 2.0355995
0.116846636 	 2.2245417
0.12031294 	 2.0742812
0.09686446 	 1.9702526
0.08721562 	 1.9641103
0.08675292 	 2.007123
0.06439427 	 2.4686766
0.219981 	 0.79601276
0.22671576 	 0.977654
0.261398 	 1.2070761
0.2838995 	 1.2612222
0.37030482 	 0.62856144
0.34712774 	 0.61218756
0.35246867 	 0.5913755
0.3383471 	 0.52764994
0.44395956 	 0.8161081
0.36992615 	 0.7448846
0.2698346 	 0.7712205
0.1551858 	 1.0360932
0.1498592 	 1.2361497
0.14105098 	 1.729473
0.05620176 	 2.3472652
0.039831456 	 2.5217152
0.04782838 	 1.7760091
0.077015646 	 2.4640741
0.20737934 	 1.48197
0.3060193 	 1.6024953
0.4940794 	 0.84048885
0.5692719 	 0.8659091
0.60910785 	 0.83290005
0.6674997 	 0.8248311
0.6657798 	 0.75508934
0.64487386 	 0.76908416
0.4045064 	 1.20955
0.33398452 	 1.3869243
0.3113251 	 0.9863054
0.37506276 	 1.2356629
0.51207715 	 1.2454754
0.45956305 	 1.2253458
0.29055932 	 1.4215842
0.13254122 	 1.8629805
0.3013403 	 1.1644496
0.1439845 	 2.170789
0.27005884 	 1.6201893
0.20807609 	 0.97590995
0.24528699 	 0.63594896
0.45053104 	 0.62869096
0.40946132 	 0.5774637
0.39192703 	 0.51855624
0.40860012 	 0.48955607
0.4381043 	 0.44613132
0.47468194 	 0.278499
0.43486208 	 0.33339825
0.18787117 	 1.7338517
0.15003917 	 1.8191293
0.05169318 	 2.4452524
0.10626443 	 1.3469651
0.113768056 	 1.4234997
0.429794 	 0.54190254
0.42395154 	 0.62848926
0.45424408 	 0.48204955
0.44842616 	 0.5161618
0.45619136 	 0.5592965
0.4488902 	 0.416201
0.4495092 	 0.6097653
0.39411744 	 0.65204924
0.37656605 	 0.49617317
0.33530656 	 0.5458585
0.2230653 	 0.864425
0.19617185 	 0.79215807
0.17510018 	 1.2156794
0.1715516 	 0.9197208
0.17338014 	 0.64115363
0.17283976 	 1.0035113
0.17403707 	 0.89152974
0.1615455 	 1.2327982
0.14378035 	 0.94916576
0.14875008 	 0.98018605
0.15262435 	 0.95899314
0.14076455 	 0.9059146
0.1155289 	 0.98796654
0.10919437 	 1.1583213
0.087482296 	 1.1902589
0.08043382 	 1.4180168
0.09798524 	 1.0311713
0.08056115 	 1.3718596
0.084920704 	 1.5103656
0.08017896 	 1.6966327
0.083967574 	 1.3661307
0.07546583 	 0.85908973
0.08025355 	 0.98370284
0.0670608 	 1.112093
0.055105537 	 1.4486599
0.055791955 	 1.2627672
0.049445137 	 1.0300912
0.047685586 	 1.3229028
0.05783465 	 1.0740328
0.044848707 	 1.0534898
0.054386295 	 0.83327025
0.058927298 	 1.03192
0.058196396 	 1.0291569
0.057086814 	 0.78701705
0.061145324 	 1.1495715
0.064250745 	 0.96993965
0.06482778 	 1.0964637
0.07298756 	 0.9524802
0.0841292 	 1.0312743
0.09221987 	 0.7210647
0.09097822 	 1.1985387
0.09420513 	 0.90046984
0.092698954 	 0.91201603
0.09563672 	 1.3519456
0.10024421 	 0.99746865
0.1086475 	 1.103467
0.10379423 	 1.2011422
0.1003559 	 1.302443
0.107692145 	 0.9934711
0.11855104 	 1.0254945
0.12595157 	 1.0889994
0.12486622 	 1.0972812
0.11710024 	 0.8302615
0.13606709 	 1.1247686
0.12364957 	 0.9374495
0.11721228 	 1.0560356
0.11744687 	 0.8567133
0.12288969 	 1.3924936
0.113049954 	 0.73551536
0.12335815 	 0.9608481
0.11309808 	 0.9937003
0.12696475 	 0.8421163
0.13087343 	 0.9395781
0.12594259 	 1.0765438
0.11079247 	 0.9019736
0.123340964 	 1.1953732
0.12209424 	 0.7733213
0.12588106 	 0.89488477
0.12319856 	 0.9275415
0.115594864 	 0.8343221
0.12826371 	 0.8883231
0.12251321 	 1.0104934
0.10726069 	 0.9906742
0.10807405 	 0.81270933
0.1065074 	 0.8889851
0.093837924 	 1.1433737
0.0819347 	 1.0011888
0.0646585 	 1.5741652
0.067725115 	 1.0055795
0.0609856 	 0.9988268
0.06113075 	 0.99009806
0.057827007 	 1.2821089
0.06432658 	 1.0260359
0.44089007 	 0.8179498
0.447139 	 0.7995228
0.43564096 	 0.9307648
0.37675846 	 0.8818748
0.3028176 	 1.0807629
0.29105636 	 1.0660814
0.28019696 	 0.8673691
0.30227247 	 0.78910565
0.32161114 	 0.95391303
0.3341685 	 0.7887681
0.3287394 	 0.68698686
0.34175402 	 0.87635887
0.3429898 	 0.85755867
0.3479325 	 0.81018865
0.31337053 	 0.7838963
0.3309499 	 0.9716843
0.30331442 	 1.0003202
0.3074202 	 0.9346355
0.3037089 	 1.0328982
0.27880457 	 0.8691552
0.284189 	 1.1480796
0.26753318 	 1.0932647
0.26893288 	 1.2179317
0.28329787 	 1.0438913
0.2705978 	 1.1586332
0.2804787 	 1.1636529
0.27874488 	 1.1481991
0.277955 	 1.0181173
0.27438417 	 0.8689753
0.33014244 	 1.0384997
0.41043484 	 0.89960337
0.41507515 	 0.917178
0.39600077 	 1.0592045
0.3566107 	 1.1320068
0.35410497 	 0.94132346
0.35745013 	 1.0095991
0.31721127 	 0.7568297
0.30003673 	 1.064411
0.29293078 	 1.1593561
0.30707148 	 0.76619345
0.31884766 	 0.9258927
0.30387852 	 1.1737897
0.31867543 	 1.1378151
0.28140005 	 1.0555949
0.28715238 	 1.1402435
0.26184615 	 0.96473354
0.25611773 	 1.1869183
0.28258213 	 0.94699067
0.29197797 	 1.2887837
0.26784775 	 1.0407432
0.2533228 	 1.273746
0.26052976 	 1.0294198
0.24040034 	 1.3273408
0.23041253 	 1.1648554
0.19933473 	 1.318149
0.21176429 	 1.2594525
0.22942454 	 1.0590695
0.22487834 	 0.91421646
0.2483444 	 1.2502909
0.22693816 	 1.1451647
0.26784948 	 0.9915304
0.2701296 	 0.93719244
0.30616945 	 0.51326686
0.32769233 	 0.9014276
0.31576726 	 1.0687411
0.3553004 	 0.92500246
0.35657194 	 0.9303741
0.37052998 	 0.7913759
0.39238334 	 0.92463666
0.38871557 	 0.74740195
0.41496179 	 0.77469313
0.42875516 	 0.80912274
0.43636936 	 0.67870253
0.42872375 	 0.7919443
0.46325582 	 0.84685796
0.3459753 	 1.072418
0.34869197 	 0.9597957
0.30697408 	 0.95968306
0.27522245 	 1.0942572
0.28000867 	 1.1962972
0.23738076 	 0.9046564
0.27060044 	 1.1042973
0.22742179 	 0.8714228
0.22356875 	 1.2716442
0.21021724 	 0.74299955
0.21222478 	 0.86438227
0.23526993 	 1.2086571
0.23831643 	 0.67218655
0.35994577 	 0.898314
0.38785395 	 1.0086501
0.4454012 	 0.87991226
0.5099616 	 0.79052836
0.46443418 	 0.6986531
0.47798973 	 0.71588874
0.43780893 	 0.50983155
0.42436364 	 0.49805444
0.46620217 	 0.4696637
0.4715986 	 0.5738478
0.4684832 	 0.570645
0.4790106 	 0.41503707
0.45878756 	 0.4992435
0.4703368 	 0.43425032
0.409849 	 0.55142367
0.36513346 	 0.67525035
0.3454442 	 0.7129736
0.32985654 	 0.646951
0.25246605 	 1.0708859
0.20120257 	 0.65369374
0.21593063 	 1.3230544
0.20640022 	 0.84153587
0.23267603 	 1.0690889
0.25257593 	 1.0621314
0.25719675 	 1.0643502
0.25791368 	 1.0970265
0.24546647 	 1.2701365
0.25684515 	 1.0550268
0.23983578 	 1.1385599
0.21472844 	 1.1702232
0.23607396 	 1.2390662
Summary
0.039831456  -  0.894665 ,  0.278499  -  2.9950125
accuracy:  98.4
equal predictions:  0
