TensorFlow version: 1.13.1
Found 939 images belonging to 1 classes.
argN = 196
argN = 196
0.3127945 	 0.6693764
0.34670427 	 0.8472572
0.31306952 	 0.7998716
0.3672683 	 0.58965075
0.35918593 	 0.8643663
0.25478178 	 0.82645774
0.24725491 	 0.7806269
0.4639053 	 0.82616127
0.437993 	 0.81806934
0.42451307 	 0.7721799
0.33574373 	 0.60469174
0.36299244 	 0.47069043
0.2959086 	 0.57323736
0.46183008 	 0.42190135
0.3631322 	 0.78298396
0.4594717 	 0.505875
0.38582358 	 0.69664514
0.40149453 	 0.6028596
0.36587325 	 0.58031803
0.35412338 	 0.6109179
0.46138978 	 0.4928994
0.3901763 	 0.64904207
0.37050563 	 0.76038414
0.50817204 	 0.7092249
0.3155377 	 0.4738671
0.41596153 	 0.5942422
0.37306184 	 0.5262098
0.4420797 	 0.75754863
0.4351026 	 0.64829516
0.38911813 	 0.73796976
0.39877394 	 0.7122666
0.4836216 	 0.6558544
0.45968914 	 0.64469236
0.35286337 	 0.7501409
0.35932228 	 0.66096914
0.43549335 	 0.69410443
0.38613942 	 0.5583284
0.32420626 	 0.60548174
0.42890826 	 0.5642262
0.40545398 	 0.86082757
0.45884168 	 0.64875305
0.4761793 	 0.69644815
0.43006384 	 0.7299799
0.52697635 	 0.60973984
0.5854723 	 0.59255546
0.42863575 	 0.8234868
0.32105616 	 0.5548772
0.2693764 	 0.77074105
0.26811627 	 0.6423766
0.3585993 	 0.6407106
0.26365575 	 0.6368797
0.31588152 	 0.6698817
0.38676155 	 0.46627876
0.3080302 	 0.66000676
0.39290872 	 0.59857094
0.4435094 	 0.7295288
0.5174218 	 0.6215511
0.34555888 	 0.81823736
0.33917585 	 0.60666984
0.3086751 	 0.56955916
0.39752835 	 0.76048565
0.4861238 	 0.7860459
0.40075514 	 0.5067554
0.3794193 	 0.56976324
0.448022 	 0.6699314
0.39317292 	 0.7456471
0.35667259 	 0.69491386
0.4386523 	 0.6977608
0.390284 	 0.68140715
0.3890833 	 0.5563641
0.41886953 	 0.6898775
0.33587343 	 0.52530265
0.4309727 	 0.8081828
0.44666737 	 0.60440964
0.44196555 	 0.7455371
0.50184095 	 0.70746285
0.45493186 	 0.5835723
0.4265952 	 0.59452474
0.36928853 	 0.66361517
0.330523 	 0.62972516
0.42398614 	 0.50998896
0.40335757 	 0.6924249
0.37321323 	 0.6776715
0.31159693 	 0.64226943
0.3252484 	 0.6739617
0.23157106 	 0.45979258
0.39010832 	 0.51163745
0.30581063 	 0.56368315
0.34027383 	 0.6772983
0.33102807 	 0.6137451
0.31241563 	 0.6821176
0.40722346 	 0.5846554
0.41185418 	 0.6074219
0.3270938 	 0.56786215
0.42744637 	 0.5794073
0.44216642 	 0.7446549
0.3530019 	 0.4746329
0.30924523 	 0.5402742
0.3565658 	 0.7012451
0.37391227 	 0.6541073
0.33318275 	 0.7329947
0.20619918 	 0.53703195
0.31042796 	 0.44916466
0.2786813 	 0.62262976
0.23206174 	 0.6301185
0.38815987 	 0.80728364
0.29204246 	 0.77524906
0.35146242 	 0.45660022
0.41344818 	 0.68694293
0.38859308 	 0.7096104
0.36517295 	 1.0594944
0.45490593 	 0.61532617
0.42578492 	 0.6152728
0.5602545 	 0.7644166
0.48398924 	 0.81248194
0.35981715 	 0.6464122
0.4390915 	 0.63476735
0.4586611 	 0.6692211
0.5204892 	 0.7233995
0.45913768 	 0.50573
0.52956605 	 0.6541403
0.46566126 	 0.5790769
0.46776167 	 0.78361094
0.51051223 	 0.7453886
0.44186687 	 0.8269695
0.45147339 	 0.6233528
0.4125322 	 0.7330565
0.36999276 	 0.6422406
0.39537862 	 0.6833372
0.4186735 	 0.5236729
0.4241694 	 0.5318814
0.35472932 	 0.56470764
0.4388757 	 0.72992384
0.38634482 	 0.7459969
0.35422277 	 0.70691967
0.38335815 	 0.7844509
0.4672377 	 0.55162317
0.38198882 	 0.7340763
0.35456428 	 0.5582094
0.3301503 	 0.45345572
0.397299 	 0.73514265
0.32544082 	 0.68939066
0.3572078 	 0.44923306
0.25167426 	 0.65186286
0.3777898 	 0.6565584
0.30217087 	 0.8393056
0.38017902 	 0.83489203
0.32350767 	 0.7013095
0.34295705 	 0.65426826
0.44889367 	 0.5395879
0.45010585 	 0.6182402
0.38032547 	 0.60680825
0.4916363 	 0.6271619
0.40802476 	 0.74472517
0.50595814 	 0.6463397
0.4492693 	 0.8088512
0.46180654 	 0.7163421
0.33969352 	 0.70879924
0.47900397 	 0.51434594
0.45590752 	 0.5772222
0.46140727 	 0.5940088
0.46305427 	 0.8256357
0.52989894 	 0.7500738
0.4890892 	 0.55509543
0.500372 	 0.75870997
0.48237643 	 0.6814851
0.442059 	 0.6523789
0.4024771 	 0.5495398
0.4205146 	 0.70968956
0.3954759 	 0.70311755
0.4435876 	 0.7711055
0.47986415 	 0.764739
0.38227776 	 0.74669075
0.36511895 	 0.6019116
0.40838832 	 0.7255506
0.34534535 	 0.5630226
0.38965386 	 0.8097879
0.35810053 	 0.61059165
0.35417596 	 0.8182109
0.43327433 	 0.900943
0.40317923 	 0.6729736
0.31537107 	 0.58820134
0.34960443 	 0.8287353
0.36550087 	 0.69635
0.3042907 	 0.7389114
0.2760914 	 0.7675484
0.29299814 	 0.62894595
0.28149512 	 0.40345544
0.3045637 	 0.70669234
0.21763103 	 0.984382
0.21267141 	 0.80077976
0.2451042 	 0.6841185
0.23257154 	 0.57598823
0.16072424 	 0.74920166
0.24432902 	 0.68135214
0.28039354 	 0.4624756
0.22447091 	 0.48666087
0.30069792 	 0.7716257
0.30416095 	 0.6051595
0.3614104 	 0.6224205
0.24456048 	 0.651831
0.31953767 	 0.48143798
0.32435226 	 0.62319094
0.3045199 	 0.53969157
0.4706803 	 0.625759
0.3925024 	 0.48615712
0.5303028 	 0.61938256
0.488782 	 0.5719802
0.46104407 	 0.6253278
0.5646695 	 0.6723675
0.45432508 	 0.61583513
0.50912493 	 0.61466247
0.48265746 	 0.5940205
0.46402463 	 0.5055412
0.5160011 	 0.635503
0.49062058 	 0.5393456
0.388523 	 0.52611506
0.5455939 	 0.7124041
0.46979004 	 0.5524096
0.5984781 	 0.4216347
0.62706375 	 0.6569351
0.546914 	 0.5899952
0.476467 	 0.6546467
0.54902035 	 0.6664109
0.63711715 	 0.59090227
0.5260788 	 0.5829093
0.5675804 	 0.83030504
0.43961722 	 0.47169536
0.4951627 	 0.5822068
0.65852857 	 0.5912885
0.52307785 	 0.6281389
0.55743587 	 0.5030186
0.48558313 	 0.58369154
0.42707372 	 0.5919496
0.4282287 	 0.55002505
0.5924398 	 0.55275714
0.4074863 	 0.684982
0.55032474 	 0.7131022
0.48350018 	 0.59483784
0.49778122 	 0.7037448
0.5288907 	 0.594355
0.5590873 	 0.54578483
0.35525075 	 0.54694533
0.4003891 	 0.56750053
0.45735365 	 0.79982495
0.54343885 	 0.6796221
0.65169543 	 0.70063996
0.5575993 	 0.7561176
0.53206545 	 0.48741847
0.52814513 	 0.68978983
0.6437427 	 0.7610937
0.68625695 	 0.5563916
0.69246936 	 0.67513233
0.704416 	 0.5802256
0.57880825 	 0.58858097
0.6846635 	 0.7176636
0.6655424 	 0.6179097
0.66900325 	 0.68243384
0.68312025 	 0.6235814
0.5689422 	 0.6622321
0.4965414 	 0.64532167
0.5204437 	 0.5912334
0.43404976 	 0.6027886
0.45880917 	 0.6845023
0.46599376 	 0.67512035
0.46070167 	 0.8167473
0.5676453 	 0.6514965
0.4606624 	 0.607581
0.57402617 	 0.72990245
0.4714977 	 0.7105045
0.48429006 	 0.756282
0.4534924 	 0.7159875
0.5313422 	 0.6775255
0.6702746 	 0.6427232
0.61913526 	 0.6341237
0.55147725 	 0.64333
0.5421773 	 0.7221992
0.44349557 	 0.51195246
0.5635704 	 0.61251384
0.47956562 	 0.53540903
0.5317039 	 0.60009366
0.52916145 	 0.52615404
0.49055788 	 0.62523884
0.33761266 	 0.6143198
0.31618452 	 0.9016577
0.28403464 	 0.67330915
0.37644064 	 0.74866635
0.42059812 	 0.68297064
0.36131307 	 0.65532833
0.41541716 	 0.6173546
0.56274486 	 0.7289657
0.4475785 	 0.690831
0.43175682 	 0.67263657
0.4398263 	 0.62088335
0.53474534 	 0.59450185
0.5044542 	 0.6028191
0.6080575 	 0.7672221
0.5067481 	 0.5960145
0.47919598 	 0.58590716
0.4501224 	 0.5849152
0.4962643 	 0.6173741
0.40339547 	 0.5689846
0.36994186 	 0.69070065
0.3932425 	 0.75487274
0.41252178 	 0.49446368
0.35606208 	 0.5144674
0.4271382 	 0.6521673
0.4219179 	 0.5794658
0.34292814 	 0.5956578
0.42616072 	 0.6635722
0.45479113 	 0.6122909
0.44940913 	 0.47350344
0.65338975 	 0.6362667
Summary
0.16072424  -  0.704416 ,  0.40345544  -  1.0594944
accuracy:  94.9
equal predictions:  0
TensorFlow version: 1.13.1
Found 939 images belonging to 1 classes.
argN = 196
argN = 196
0.36915073 	 0.6393053
0.4481878 	 0.4645457
0.36388308 	 0.6345232
0.28477988 	 0.6024028
0.28698972 	 0.8573951
0.30002424 	 0.7558704
0.32830197 	 0.56027704
0.3043657 	 0.7527458
0.3961098 	 0.85513943
0.42948642 	 0.58920574
0.44487485 	 0.564085
0.4261976 	 0.76848125
0.34617573 	 0.64334553
0.32862765 	 0.5583819
0.30313796 	 0.63700914
0.34644726 	 0.5814701
0.35893697 	 0.7719829
0.19635382 	 0.50595397
0.34405008 	 0.56600326
0.3551494 	 0.6084065
0.2731268 	 0.66486394
0.45531493 	 0.60098904
0.33661684 	 0.47877294
0.34681556 	 0.9001256
0.35912132 	 0.72829574
0.36397707 	 0.6213493
0.45973802 	 0.95790607
0.29629546 	 0.7541467
0.4792597 	 0.60301906
0.33539158 	 0.65242904
0.3373278 	 0.7000122
0.37116277 	 0.68043774
0.41565576 	 0.606937
0.4303859 	 0.6185863
0.38751245 	 0.61782813
0.47010216 	 0.5770628
0.36812973 	 0.61281675
0.39252585 	 0.5680662
0.33063808 	 0.6466434
0.38703167 	 0.6699525
0.36240777 	 0.7103914
0.352121 	 0.7926395
0.34106815 	 0.6259645
0.390281 	 0.5924759
0.4454972 	 0.7859507
0.42706943 	 0.6620401
0.31167802 	 0.67392826
0.3789689 	 0.6597074
0.44128957 	 0.7647482
0.34947008 	 0.70722234
0.38308746 	 0.65593964
0.3665456 	 0.6287148
0.3652949 	 0.6629682
0.27128726 	 0.6221364
0.34017324 	 0.42124262
0.3421321 	 0.6129899
0.28867367 	 0.7175435
0.5041848 	 0.67476004
0.280593 	 0.7132448
0.3224876 	 0.66932607
0.2183664 	 0.5779561
0.30931833 	 0.79845977
0.44585314 	 0.60550314
0.48906955 	 0.9058021
0.40891758 	 0.6547627
0.37869316 	 0.55703723
0.41515875 	 0.6263331
0.33605298 	 0.6997127
0.43514404 	 0.6947401
0.39021188 	 0.49210653
0.39134347 	 0.6278915
0.35173845 	 0.5439613
0.38767755 	 0.8707728
0.42635643 	 0.68903446
0.46106306 	 0.7134304
0.43630427 	 0.4999657
0.4446643 	 0.6556633
0.33711705 	 0.7093848
0.5448898 	 0.70840776
0.39028022 	 0.5830949
0.40808132 	 0.56071264
0.30884904 	 0.6227031
0.23539038 	 0.8134585
0.3594528 	 0.6661162
0.31636265 	 0.6662097
0.2695362 	 0.8202013
0.3613383 	 0.83863777
0.49772435 	 0.60731137
0.34530655 	 0.6853597
0.35046628 	 0.9032352
0.39633995 	 0.650564
0.32151726 	 0.71610945
0.36258867 	 0.6444312
0.30554557 	 0.6352062
0.4302715 	 0.7054042
0.41441187 	 0.7696336
0.42953908 	 0.67293084
0.5156483 	 0.71070814
0.46640703 	 0.6585781
0.42273533 	 0.6072223
0.37760353 	 0.66822296
0.23861301 	 0.7441116
0.4511048 	 0.77280194
0.43647337 	 0.69758624
0.37784842 	 0.59909856
0.3792403 	 0.83452517
0.47293237 	 0.7277115
0.42969158 	 0.84222823
0.50449353 	 0.6371794
0.45384622 	 0.505696
0.468757 	 0.8008548
0.3245831 	 0.72571874
0.49893972 	 0.63124424
0.45868215 	 0.6754293
0.4357873 	 0.6495161
0.34858114 	 0.7087065
0.5764308 	 0.5077061
0.43950388 	 0.7906327
0.43565175 	 0.68580717
0.35414395 	 0.6711856
0.36155707 	 0.62538844
0.39630193 	 0.6383669
0.4643398 	 0.66580874
0.28915578 	 0.6220951
0.432327 	 0.7224238
0.48200804 	 0.5723968
0.3767754 	 0.79566044
0.4665454 	 0.61825806
0.38338712 	 0.6538723
0.50170153 	 0.6381962
0.383979 	 0.70168924
0.4515969 	 0.6678414
0.35754284 	 0.5691273
0.33362383 	 0.69908893
0.4089015 	 0.60421276
0.37448487 	 0.70232743
0.38010037 	 0.78397965
0.39869845 	 0.6497899
0.42190388 	 0.69980246
0.25772732 	 0.7372316
0.31226307 	 0.65419674
0.3224983 	 0.714525
0.35965538 	 0.7380194
0.3967488 	 0.5860128
0.40649074 	 0.51009303
0.34642965 	 0.5218007
0.39107236 	 0.7619958
0.42490628 	 0.7675819
0.41810432 	 0.68365103
0.4024442 	 0.6596003
0.41228536 	 0.5844013
0.5132909 	 0.6075563
0.4781056 	 0.80917054
0.4639673 	 0.48195294
0.43377823 	 0.5076518
0.4691498 	 0.5328191
0.47539264 	 0.4931343
0.4282471 	 0.79915655
0.50979704 	 0.577825
0.45950642 	 0.5749214
0.48362327 	 0.60884726
0.36113727 	 0.7611173
0.48755687 	 0.6003394
0.45981184 	 0.7015546
0.5069107 	 0.589412
0.475055 	 0.658881
0.4387207 	 0.7266406
0.44576785 	 0.6033139
0.3547356 	 0.6602749
0.38605016 	 0.65468067
0.3100559 	 0.667747
0.39896598 	 0.6570394
0.35957953 	 0.5907025
0.38743377 	 0.57748705
0.35850728 	 0.53941864
0.3877329 	 0.6928044
0.30195642 	 0.5274471
0.30347055 	 0.79370296
0.38985375 	 0.68397725
0.34511387 	 0.5343504
0.33703604 	 0.6056717
0.355488 	 0.60025096
0.24198778 	 0.55493784
0.24295597 	 0.73316514
0.2817916 	 0.78117204
0.28600273 	 0.54649216
0.3077809 	 0.57096225
0.2528011 	 0.735174
0.2141259 	 0.55467415
0.23313776 	 0.6150357
0.27777502 	 0.52508336
0.30934447 	 0.5951311
0.34943694 	 0.57865196
0.26449358 	 0.6524019
0.2786339 	 0.67083764
0.36800313 	 0.79348
0.28931928 	 0.787252
0.25116277 	 0.59703904
0.30518988 	 0.6444456
0.3844583 	 0.46955082
0.2531442 	 0.75053144
0.33115655 	 0.6167691
0.2137694 	 0.7241647
0.18069056 	 0.64952236
0.37933186 	 0.57726
0.4369073 	 0.6650133
0.4214898 	 0.60195863
0.48116097 	 0.7569797
0.45475826 	 0.67542696
0.32946205 	 0.41131094
0.40379643 	 0.7077488
0.4607957 	 0.66031283
0.48986715 	 0.76476383
0.44213563 	 0.7328703
0.51550364 	 0.8721917
0.5491328 	 0.68609715
0.5148687 	 0.65177834
0.40608764 	 0.6827219
0.51815766 	 0.62304133
0.49117526 	 0.64906704
0.56393915 	 0.6149072
0.55803746 	 0.5355238
0.4296629 	 0.6341841
0.49201596 	 0.5610435
0.44843173 	 0.6548381
0.5592307 	 0.59309286
0.4788218 	 0.59509003
0.56372106 	 0.83562183
0.4456919 	 0.6145246
0.55749446 	 0.6401175
0.5294733 	 0.79229075
0.5571447 	 0.5790805
0.58468616 	 0.7248933
0.4362091 	 0.6350855
0.58303314 	 0.55287826
0.52282727 	 0.39251924
0.49058807 	 0.5304268
0.55609214 	 0.7823562
0.6331696 	 0.6608839
0.538761 	 0.50579184
0.4713265 	 0.65642375
0.4889292 	 0.5835331
0.40490144 	 0.61814195
0.42289907 	 0.6825919
0.48334593 	 0.52130824
0.499281 	 0.57917595
0.48105702 	 0.5439943
0.5137964 	 0.53343946
0.50591254 	 0.67018455
0.3953818 	 0.6255943
0.4854678 	 0.7074724
0.46649912 	 0.55540246
0.4890099 	 0.6109921
0.57241964 	 0.88310856
0.5506528 	 0.6874425
0.5775838 	 0.6368407
0.5722244 	 0.5682361
0.616451 	 0.5442481
0.67695785 	 0.7460136
0.6832427 	 0.756594
0.7657346 	 0.63634694
0.6881644 	 0.5954859
0.7361102 	 0.64220315
0.73980343 	 0.7242684
0.50235885 	 0.58444446
0.5465115 	 0.83886296
0.5717412 	 0.7181408
0.44970578 	 0.51975125
0.52698404 	 0.61235404
0.48816034 	 0.6210688
0.5194846 	 0.7541836
0.50892395 	 0.7919854
0.4975165 	 0.64860344
0.5228457 	 0.64665365
0.56892514 	 0.81688964
0.5432869 	 0.7795097
0.5590858 	 0.56071013
0.5263314 	 0.6345982
0.46850243 	 0.4234156
0.5025157 	 0.76249206
0.47245958 	 0.57804924
0.4397808 	 0.67058563
0.42758134 	 0.6830281
0.55282277 	 0.61335754
0.5170038 	 0.6517453
0.48849466 	 0.64033896
0.5342007 	 0.77917343
0.3149948 	 0.8311384
0.35240075 	 0.9209863
0.37658238 	 0.77005863
0.365073 	 0.70500547
0.47086212 	 0.60202044
0.40436894 	 0.80046624
0.42623365 	 0.63785905
0.4775755 	 0.76825505
0.40446457 	 0.7906753
0.38400578 	 0.64787376
0.3953193 	 0.7016995
0.37629023 	 0.6743856
0.50142014 	 0.6896394
0.5226451 	 0.6799442
0.5494692 	 0.52511275
0.44717067 	 0.663626
0.4048337 	 0.624024
0.53969264 	 0.74394274
0.3865001 	 0.60824394
0.44127095 	 0.5616632
0.48883766 	 0.6395082
0.48200747 	 0.5025658
0.43731886 	 0.569004
0.36181524 	 0.62316203
0.44554225 	 0.7017307
0.44585994 	 0.4855781
Summary
0.18069056  -  0.7657346 ,  0.39251924  -  0.95790607
accuracy:  95.8
equal predictions:  0
TensorFlow version: 1.13.1
Found 939 images belonging to 1 classes.
argN = 196
argN = 196
0.3579235 	 0.5676686
0.39213735 	 0.641892
0.35565132 	 0.8118378
0.6157694 	 0.66741854
0.5664903 	 0.79088247
0.43493998 	 0.70128155
0.38588646 	 0.7197814
0.21043798 	 0.56555295
0.23348503 	 0.875565
0.33045557 	 0.76291966
0.29976207 	 0.7981748
0.4176443 	 0.5345247
0.40945297 	 0.9600856
0.36008334 	 0.7512071
0.39680713 	 0.7599212
0.31096354 	 0.66027445
0.23907483 	 0.5468019
0.19553313 	 0.9640507
0.29432744 	 0.61477405
0.37277892 	 0.6085195
0.3754868 	 0.56522447
0.3574682 	 0.6770989
0.37619463 	 0.6021454
0.4555776 	 0.6352609
0.51063275 	 0.6955327
0.375137 	 0.6663549
0.3943047 	 0.58062196
0.27922523 	 0.58560234
0.49881104 	 0.7396674
0.4553965 	 0.56755054
0.43264663 	 0.61946243
0.46879652 	 0.57955337
0.40869492 	 0.76645833
0.3596177 	 0.708959
0.49420232 	 0.68531287
0.47989017 	 0.44916934
0.48365536 	 0.59739906
0.34446168 	 0.7569277
0.3213309 	 0.6319165
0.49147522 	 0.7136667
0.43046317 	 0.8167658
0.26684505 	 0.7642883
0.24458005 	 0.60580003
0.26641342 	 0.74167055
0.37427974 	 0.78157896
0.36756662 	 0.5936397
0.39245287 	 0.63714725
0.330195 	 0.74734056
0.34396586 	 0.7268497
0.4004279 	 0.6557958
0.31812987 	 0.6781778
0.36752495 	 0.67501944
0.40065655 	 0.9270344
0.26784527 	 0.47826597
0.33227417 	 0.71589226
0.3749593 	 0.8125198
0.35507372 	 0.6121572
0.32690617 	 0.6819775
0.29057917 	 0.63721025
0.29200366 	 0.79171747
0.44908753 	 0.80169
0.29399455 	 0.5167577
0.34132242 	 0.9037797
0.33463448 	 0.7084731
0.3844043 	 0.59002256
0.43848696 	 0.7412293
0.43122476 	 0.68599176
0.35177946 	 0.65064126
0.3323954 	 0.5953786
0.4260011 	 0.57532316
0.3838412 	 0.675768
0.32956448 	 0.92508936
0.34234998 	 0.60937566
0.49478996 	 0.39467248
0.4601677 	 0.56054735
0.40632412 	 0.53172296
0.2517162 	 0.6177412
0.27059823 	 0.7886462
0.37558684 	 0.5989189
0.47734895 	 0.81430614
0.28787187 	 0.57209826
0.29026455 	 0.5997186
0.31232107 	 0.6749492
0.29821298 	 0.8040986
0.46622336 	 0.66069233
0.4925676 	 0.8229026
0.4805486 	 0.65482956
0.4582926 	 0.7751294
0.39969835 	 0.5029921
0.40837538 	 0.7446609
0.49694195 	 0.80900204
0.43285796 	 0.7256644
0.39679942 	 0.7335992
0.2584119 	 0.6727118
0.33844075 	 0.62723315
0.35624352 	 0.7770698
0.36138013 	 0.7220084
0.36601746 	 0.7003176
0.34902737 	 0.5803171
0.3436971 	 0.5725608
0.37048465 	 0.5426762
0.42088372 	 0.5107327
0.42433012 	 0.41706198
0.5086959 	 0.5638172
0.42240062 	 0.6597852
0.44049186 	 0.62855285
0.47040874 	 0.6651695
0.436189 	 0.6010075
0.51511407 	 0.5324824
0.42281646 	 0.58830976
0.3557442 	 0.67203236
0.3956454 	 0.57357645
0.39560637 	 0.6794107
0.37889427 	 0.6839028
0.46713805 	 0.7365896
0.3473742 	 0.64225334
0.31946942 	 0.76636595
0.35334733 	 0.56850946
0.2831035 	 0.5913909
0.42130947 	 0.7305205
0.37698117 	 0.54288876
0.4167942 	 0.69123465
0.49315926 	 0.62980187
0.4122789 	 0.7407365
0.37911412 	 0.6977639
0.39761546 	 0.625583
0.3957885 	 0.60150474
0.37163243 	 0.56469446
0.43463725 	 0.56642157
0.49371722 	 0.73184943
0.43894395 	 0.67655516
0.36237183 	 0.6477307
0.3260566 	 0.8034463
0.33850813 	 0.78515613
0.3369357 	 0.6090634
0.4324374 	 0.7808857
0.38093665 	 0.7719366
0.37773588 	 0.60126173
0.4117247 	 0.6899483
0.35993075 	 0.63405824
0.2869071 	 0.6301042
0.33232594 	 1.0059541
0.29980132 	 0.593155
0.33526638 	 0.7672157
0.34596333 	 0.70307446
0.33674085 	 0.6985776
0.40252852 	 0.49204138
0.38993332 	 0.5130521
0.47952655 	 0.74106896
0.53652054 	 0.67237234
0.49164 	 0.77970445
0.45481095 	 0.72480386
0.4219487 	 0.7260683
0.50997955 	 0.7029438
0.47914228 	 0.6255056
0.4665355 	 0.64354074
0.4802678 	 0.5727086
0.5806679 	 0.76937973
0.5386864 	 0.63828284
0.5109415 	 0.7108792
0.5052603 	 0.6630019
0.49691913 	 0.56236345
0.46204597 	 0.6711984
0.48058966 	 0.59563935
0.48850983 	 0.6557031
0.4564459 	 0.7775024
0.39994693 	 0.5516939
0.4375803 	 0.6481212
0.38718522 	 0.508617
0.4959874 	 0.8624694
0.3893824 	 0.5734073
0.31912556 	 0.8185892
0.38652894 	 0.67572916
0.35898468 	 0.87429494
0.35334462 	 0.6427706
0.3228913 	 0.62457734
0.38522902 	 0.6789327
0.34379837 	 0.7798381
0.3354747 	 0.5153807
0.34729946 	 0.58430505
0.3660191 	 0.5683669
0.3481171 	 0.5443546
0.30772722 	 0.650886
0.38624203 	 0.66864836
0.337814 	 0.7210052
0.3317175 	 0.625711
0.2766287 	 0.61471707
0.3213974 	 0.6106279
0.2648408 	 0.47976765
0.25768715 	 0.65266484
0.25388858 	 0.70887643
0.22930369 	 0.6125423
0.31583396 	 0.799637
0.29600042 	 0.60198975
0.2538428 	 0.7439359
0.276198 	 0.48527148
0.259706 	 0.5814648
0.30243894 	 0.5902731
0.27628756 	 0.64235836
0.35984036 	 0.48408982
0.3271624 	 0.6771974
0.4571066 	 0.730977
0.38749963 	 0.5961504
0.48805004 	 0.580057
0.50067055 	 0.68108827
0.5392599 	 0.6834182
0.4688813 	 0.64297646
0.426944 	 0.60894275
0.52685326 	 0.6001284
0.5385562 	 0.63769686
0.51046675 	 0.52371603
0.45458856 	 0.5321247
0.570991 	 0.60298795
0.5065489 	 0.5428108
0.6146414 	 0.45789772
0.5222615 	 0.5704792
0.60674244 	 0.5173452
0.50951695 	 0.8506707
0.5437463 	 0.6785017
0.5377103 	 0.6266614
0.4477319 	 0.49619812
0.53551173 	 0.63439566
0.5160236 	 0.5312761
0.44879776 	 0.682633
0.48019552 	 0.59391487
0.5873768 	 0.7342642
0.41350532 	 0.5496939
0.43676984 	 0.59432024
0.45871645 	 0.6877116
0.51230097 	 0.6346045
0.49591523 	 0.5987103
0.4926665 	 0.5706939
0.6953845 	 0.71066236
0.5158831 	 0.6309964
0.49498737 	 0.57191956
0.55314565 	 0.681298
0.56752324 	 0.60219127
0.58780795 	 0.5944513
0.54139185 	 0.7133972
0.4951629 	 0.50479263
0.37381324 	 0.6472421
0.3857838 	 0.641875
0.4665012 	 0.6385298
0.47937462 	 0.5087837
0.47063458 	 0.6965895
0.46025196 	 0.5185576
0.4824423 	 0.5409091
0.4805374 	 0.6161152
0.6406814 	 0.56879365
0.6261371 	 0.6189638
0.5589114 	 0.6413304
0.52963305 	 0.64685804
0.6722334 	 0.6118609
0.6125247 	 0.6199128
0.7715286 	 0.5790839
0.6501854 	 0.6435184
0.64625543 	 0.76386076
0.5107826 	 0.56087387
0.49127382 	 0.6701158
0.5569875 	 0.7993098
0.4206761 	 0.6855285
0.5864097 	 0.66048855
0.52890223 	 0.8079077
0.65820646 	 0.7550703
0.6441862 	 0.7157317
0.47801504 	 0.7096463
0.54117 	 0.68236476
0.59171474 	 0.74768513
0.56053615 	 0.581187
0.47289228 	 0.70302653
0.5199297 	 0.79752153
0.5883486 	 0.62983894
0.4940918 	 0.6876923
0.55434984 	 0.6503542
0.4903629 	 0.53164136
0.47100368 	 0.6905272
0.4927353 	 0.6749343
0.40072265 	 0.784294
0.31720662 	 0.72208214
0.39640966 	 0.73277926
0.32414165 	 0.6234248
0.3515873 	 0.6055585
0.26786304 	 0.6265581
0.37332898 	 0.6822723
0.41820413 	 0.71580994
0.46865815 	 0.6903319
0.40879118 	 0.6099071
0.47846428 	 0.6735933
0.45667136 	 0.75908464
0.4262383 	 0.54427576
0.37034714 	 0.66960734
0.3988267 	 1.0061657
0.40590578 	 0.65470636
0.38463008 	 0.57877105
0.49848962 	 0.74054676
0.3774246 	 0.75794935
0.48157158 	 0.6834658
0.50809634 	 0.5573993
0.56800866 	 0.621292
0.4765828 	 0.6258812
0.46931168 	 0.74704283
0.44885975 	 0.6444339
0.51434904 	 0.595076
0.38311812 	 0.6223583
0.46786073 	 0.61165977
0.4418934 	 0.5298768
0.5949971 	 0.5391727
0.39515287 	 0.65964043
0.42076623 	 0.64796245
0.5135235 	 0.45864233
0.44977608 	 0.77471566
0.52856135 	 0.4592024
0.4192141 	 0.676613
Summary
0.19553313  -  0.7715286 ,  0.39467248  -  1.0061657
accuracy:  95.8
equal predictions:  0
TensorFlow version: 1.13.1
Found 939 images belonging to 1 classes.
argN = 196
argN = 196
0.38591564 	 0.73000425
0.48675483 	 0.63284045
0.218883 	 0.68163055
0.37010995 	 0.6004035
0.33729059 	 0.6904916
0.31683213 	 0.6302116
0.36116558 	 0.5775479
0.3167147 	 0.5389381
0.31475186 	 0.6738076
0.32393864 	 0.5088777
0.36142403 	 0.7556884
0.4889364 	 0.7714602
0.43384296 	 0.6428269
0.33932137 	 0.72685635
0.38891637 	 0.61663944
0.30158597 	 0.55404145
0.38887778 	 0.7262204
0.4821041 	 0.7307465
0.47346744 	 0.6494824
0.5302402 	 0.7186869
0.45162216 	 0.7417822
0.47368118 	 0.5194894
0.4862649 	 0.73630923
0.46091023 	 0.6530352
0.31477758 	 0.6038497
0.4013364 	 0.57326835
0.41109672 	 0.8136541
0.33876854 	 0.5615494
0.4367321 	 0.6302887
0.44015357 	 0.57122517
0.4931349 	 0.52627575
0.4676099 	 0.5880895
0.44889328 	 0.7110603
0.3908686 	 0.7061612
0.40924376 	 0.68135154
0.24568553 	 0.8867745
0.29858032 	 0.81958383
0.36729136 	 0.73917687
0.2493662 	 0.59202844
0.2727813 	 0.75442755
0.4111958 	 0.7917892
0.40103325 	 0.56824714
0.31106043 	 0.6263385
0.3727251 	 0.8030188
0.41271573 	 0.7890507
0.35196757 	 0.6345832
0.39961827 	 0.68599856
0.41486377 	 0.66832006
0.4096037 	 0.5437586
0.5132404 	 0.68466526
0.37726647 	 0.4624421
0.4239883 	 0.7744009
0.33258507 	 0.69133884
0.38514054 	 0.7236828
0.37823448 	 0.54051995
0.33470428 	 0.6697967
0.5270674 	 0.48883668
0.39130858 	 0.5888069
0.35024932 	 0.61061627
0.4805486 	 0.4969773
0.5108878 	 0.65630263
0.43038827 	 0.6361922
0.474121 	 0.6096824
0.4076075 	 0.804334
0.40619883 	 0.7409947
0.42816862 	 0.7208922
0.26880652 	 0.85981065
0.27502674 	 0.78003377
0.45611498 	 0.74144584
0.36645177 	 0.6274741
0.34126878 	 0.60630625
0.3682081 	 0.4333795
0.30513334 	 0.56443304
0.35849917 	 0.65162337
0.3666019 	 0.7696146
0.38789928 	 0.6708624
0.3140144 	 0.8436104
0.38499162 	 0.7019957
0.3273825 	 0.58634955
0.4020936 	 0.8494419
0.27368394 	 0.6190262
0.40054917 	 0.78991324
0.44777843 	 0.7269281
0.3650918 	 0.63153785
0.3338764 	 0.7411514
0.27604175 	 0.63953483
0.26956627 	 0.59279037
0.2783833 	 0.73127466
0.36587137 	 0.68316156
0.37849778 	 0.5844353
0.28601113 	 0.4537897
0.34348816 	 0.65363985
0.3116116 	 0.6140577
0.38963935 	 0.7537307
0.38798958 	 0.835727
0.35815936 	 0.46067467
0.3634804 	 0.80921835
0.4253857 	 0.698542
0.4455981 	 0.7530419
0.4586914 	 0.81215143
0.4380387 	 0.8230715
0.4206317 	 0.5631022
0.45095825 	 0.64749706
0.5168626 	 0.75472414
0.4758531 	 0.60800415
0.42698455 	 0.65590674
0.45222974 	 0.5628389
0.48289198 	 0.54666334
0.44969103 	 0.6203939
0.3642068 	 0.64431745
0.34717372 	 0.5541702
0.42995718 	 0.6179619
0.3458658 	 0.5989523
0.44720873 	 0.6077071
0.47853824 	 0.7159727
0.41803986 	 0.71741915
0.40103692 	 0.7982344
0.45446545 	 0.6639962
0.41773787 	 0.55987966
0.4324464 	 0.7580554
0.43950316 	 0.5858488
0.35423654 	 0.55581695
0.37019676 	 0.45908126
0.4275882 	 0.58467656
0.47197014 	 0.68892026
0.3588505 	 0.62901604
0.3499553 	 0.56956035
0.3248367 	 0.700996
0.3618626 	 0.7473564
0.2810958 	 0.6811694
0.29555297 	 0.6621231
0.40501422 	 0.7145618
0.3010197 	 0.567342
0.33560774 	 0.8722804
0.32815483 	 0.7626154
0.32856685 	 0.65097755
0.42407358 	 0.7236076
0.39173663 	 0.53880936
0.4300871 	 0.74858165
0.43668276 	 0.6515055
0.4468816 	 0.5374535
0.39030054 	 0.5761883
0.51184386 	 0.55631715
0.51972944 	 0.72169554
0.50810665 	 0.62441283
0.48284522 	 0.6139922
0.52314705 	 0.7736809
0.48205534 	 0.6243662
0.44392648 	 0.6682978
0.40021372 	 0.636144
0.47282353 	 0.6345636
0.35996458 	 0.5645699
0.41721505 	 0.6343718
0.43706378 	 0.5820001
0.49354723 	 0.6557533
0.48710528 	 0.7704771
0.41598737 	 0.76222557
0.48181504 	 0.636389
0.45394212 	 0.7077369
0.37203735 	 0.57370716
0.3968378 	 0.7669758
0.3659543 	 0.67083955
0.38301077 	 0.66533303
0.3422088 	 0.66019046
0.352777 	 0.66024536
0.27865657 	 0.6989173
0.336714 	 0.65146226
0.33244678 	 0.51779294
0.26939848 	 0.8374153
0.3112825 	 0.63240343
0.2174575 	 0.44072464
0.2714871 	 0.75177556
0.21129127 	 0.6472371
0.20300639 	 0.5488746
0.24014583 	 0.6417711
0.25029057 	 0.60664797
0.3074707 	 0.6904972
0.24462488 	 0.78708607
0.27831507 	 0.75110567
0.26317307 	 0.57821405
0.24578361 	 0.6865705
0.30285972 	 0.6555613
0.29318342 	 0.73769605
0.3060171 	 0.400107
0.25163096 	 0.4713602
0.23758295 	 0.6039729
0.31595463 	 0.6345708
0.28274542 	 0.59071827
0.27822405 	 0.49942812
0.44327316 	 0.5455955
0.35434338 	 0.56331027
0.45434123 	 0.6559107
0.47926968 	 0.52413595
0.46338496 	 0.6344705
0.54424095 	 0.6013435
0.58643633 	 0.61354405
0.4409199 	 0.6498737
0.5859907 	 0.69439274
0.55321836 	 0.4886928
0.5127932 	 0.65069085
0.5128917 	 0.40837234
0.57526696 	 0.57333267
0.5102177 	 0.60066515
0.64307487 	 0.73277366
0.6807839 	 0.5791405
0.4840231 	 0.6148252
0.5432218 	 0.65755934
0.51598024 	 0.7536034
0.48290512 	 0.5984704
0.5865152 	 0.5776196
0.49038655 	 0.51630205
0.5977951 	 0.7314956
0.5223768 	 0.6409554
0.6293799 	 0.54023385
0.5715501 	 0.6637506
0.45964855 	 0.6285603
0.40389597 	 0.7391912
0.38367558 	 0.4601421
0.4542663 	 0.6348895
0.52393603 	 0.5961729
0.57758456 	 0.6301297
0.6427089 	 0.50982124
0.55507034 	 0.45797008
0.57032967 	 0.52642345
0.44452214 	 0.74209774
0.51224905 	 0.58747864
0.50827765 	 0.5579651
0.5583482 	 0.68739367
0.532156 	 0.56681085
0.46954015 	 0.5639289
0.514062 	 0.6196892
0.50049174 	 0.6011592
0.518237 	 0.69473594
0.52251154 	 0.8142322
0.61145884 	 0.4426945
0.57160074 	 0.6303061
0.5169229 	 0.53845453
0.5785324 	 0.645072
0.5104827 	 0.5142531
0.69683576 	 0.7189009
0.76183057 	 0.6413036
0.64604205 	 0.6904739
0.8394227 	 0.7706716
0.74115866 	 0.6051058
0.5828309 	 0.767939
0.6164614 	 0.53684086
0.5519447 	 0.6059236
0.54817283 	 0.6289426
0.5181929 	 0.6727195
0.57520026 	 0.5442729
0.5669815 	 0.6515119
0.5337124 	 0.6403043
0.5924844 	 0.6825523
0.5204128 	 0.508013
0.5506434 	 0.6964511
0.4674051 	 0.692115
0.4995114 	 0.8060768
0.46922374 	 0.8050354
0.5103271 	 0.7431494
0.5740355 	 0.551085
0.56722194 	 0.664717
0.53072876 	 0.55167115
0.59603715 	 0.5776508
0.49369037 	 0.5690114
0.5552774 	 0.7425602
0.5483933 	 0.6367105
0.54989594 	 0.634723
0.51040995 	 0.692776
0.49791792 	 0.57280713
0.41848505 	 0.6237967
0.48466974 	 0.60924304
0.5007823 	 0.4559758
0.36752513 	 0.7309146
0.3434216 	 0.7436135
0.3039231 	 0.79746175
0.32682168 	 0.6172009
0.31639323 	 0.6868577
0.36164784 	 0.6829108
0.33036882 	 0.6396207
0.3561928 	 0.795486
0.37813494 	 0.8163009
0.3645344 	 0.60992867
0.36204466 	 0.69293916
0.44167674 	 0.62964356
0.5260609 	 0.6749559
0.43709627 	 0.76357317
0.47606695 	 0.626773
0.46207586 	 0.611117
0.33838555 	 0.7541137
0.4501266 	 0.78449214
0.43421674 	 0.69791716
0.38575277 	 0.7073619
0.4302273 	 0.9066167
0.494753 	 0.67756563
0.46554267 	 0.61985254
0.4220645 	 0.5537052
0.49601567 	 0.6345842
0.50445914 	 0.70702493
0.48449942 	 0.622259
0.46735394 	 0.6659635
0.43529934 	 0.5478892
0.39782742 	 0.76589024
0.43462685 	 0.8162628
0.3804599 	 0.52468437
0.421446 	 0.7728612
0.40645728 	 0.5906778
0.37841702 	 0.5660143
0.44686985 	 0.7025652
0.41001785 	 0.52883583
0.4460224 	 0.6532194
0.49561226 	 0.71210724
0.4502951 	 0.5801617
0.5220012 	 0.6940393
Summary
0.20300639  -  0.8394227 ,  0.400107  -  0.9066167
accuracy:  93.6
equal predictions:  0
