TensorFlow version: 1.13.1
Found 939 images belonging to 1 classes.
argN = 3136
argN = 3136
0.3029885 	 2.127794
0.33550128 	 1.6873325
0.3902485 	 1.9543724
0.2924985 	 1.619979
0.2945182 	 2.0123694
0.05546075 	 2.2882261
0.04111046 	 2.2510211
0.030489104 	 2.375126
0.023606913 	 2.2202885
0.056175783 	 1.7053709
0.059589837 	 2.0726545
0.14414641 	 1.2831522
0.30079034 	 1.1979879
0.17638245 	 1.3837696
0.15928012 	 1.7918954
0.20966585 	 1.4063553
0.31619173 	 1.3063623
0.3101862 	 1.7888747
0.36998138 	 1.8141519
0.39567277 	 1.5832887
0.16188897 	 1.8927366
0.087908946 	 1.8614777
0.07545625 	 2.065862
0.07450182 	 1.6357452
0.04455495 	 2.0417411
0.03756769 	 2.4107547
0.11058793 	 1.6349206
0.4795537 	 2.0310733
0.60774547 	 1.7506238
0.6315773 	 1.5887406
0.61937636 	 1.8324317
0.54948944 	 2.984674
0.5567497 	 2.516775
0.41998535 	 1.5308176
0.41086137 	 1.6269671
0.23019311 	 1.7642969
0.46746513 	 1.9268332
0.47610292 	 1.5782199
0.04938283 	 1.7294623
0.047240946 	 1.8838756
0.05586557 	 2.3239737
0.088419124 	 2.0759468
0.13060504 	 1.6374772
0.1238688 	 1.8619844
0.11686935 	 1.7831439
0.06530347 	 1.8516227
0.032182746 	 2.2043095
0.03355437 	 1.3966873
0.030242598 	 2.6209934
0.025476925 	 1.7454151
0.026858727 	 1.5679463
0.123189256 	 1.6595317
0.103162356 	 1.9026469
0.09819794 	 2.1299179
0.12204453 	 1.897373
0.11465831 	 1.6411816
0.10453966 	 1.58885
0.11342082 	 1.7237546
0.14863272 	 1.716567
0.1060182 	 2.0294042
0.10122005 	 1.624137
0.0349751 	 2.1817274
0.027999979 	 1.9315366
0.020862876 	 1.4776831
0.02004718 	 2.009529
0.018957423 	 2.2433193
0.0202362 	 2.1740413
0.021541283 	 2.237704
0.044317972 	 2.074315
0.1139025 	 1.8603241
0.0992112 	 1.8565247
0.08857196 	 2.1704264
0.07295704 	 2.0252364
0.07088267 	 2.3574345
0.050890148 	 2.483854
0.110265896 	 1.2004379
0.106129475 	 1.5475913
0.11980403 	 2.04294
0.115070775 	 1.6776636
0.13845848 	 2.1990058
0.07475768 	 2.048903
0.17744878 	 1.4569025
0.25785962 	 1.3546187
0.08829073 	 2.1678145
0.08197274 	 1.9972413
0.09638783 	 1.6386778
0.12356944 	 1.6197438
0.1354652 	 1.6044888
0.12046057 	 1.998051
0.078239165 	 1.9970433
0.027798945 	 1.755734
0.034272965 	 2.3734071
0.01615098 	 2.0973175
0.017727539 	 1.7567656
0.017741736 	 1.6297555
0.050058182 	 1.6952069
0.07828596 	 1.12332
0.032833893 	 1.7872908
0.10977725 	 0.70487386
0.13433313 	 0.9715786
0.11631854 	 1.2009631
0.120728135 	 1.1478804
0.11711203 	 0.543536
0.10894609 	 1.0790519
0.12683685 	 0.8738452
0.12442054 	 0.9762741
0.1320124 	 0.78245497
0.10565152 	 0.9656331
0.10579847 	 0.774359
0.0967816 	 1.326754
0.09591694 	 0.88439256
0.08170953 	 0.8254239
0.07271323 	 1.5093143
0.06115787 	 2.5689917
0.05547209 	 0.8452597
0.04891784 	 0.72736615
0.05509571 	 0.8254504
0.040319912 	 1.0646232
0.040076304 	 1.0651201
0.038617216 	 0.89484215
0.03051479 	 1.025954
0.03775652 	 0.72341675
0.035002694 	 1.2133493
0.03176008 	 1.7734485
0.03271687 	 1.0936617
0.033934444 	 0.5858379
0.029236617 	 1.3368322
0.029647656 	 1.042974
0.030853383 	 1.4246905
0.03065202 	 1.199662
0.019008754 	 1.1934338
0.022579052 	 1.0918251
0.022384163 	 2.912689
0.024240956 	 0.9128263
0.020858372 	 0.8863836
0.020495767 	 1.3240471
0.016531283 	 0.7892816
0.020470822 	 0.74930894
0.021275599 	 0.874505
0.02029216 	 0.9202417
0.022670504 	 0.49751493
0.0151380105 	 0.7942478
0.013160923 	 0.8473369
0.013302013 	 0.83893895
0.014957514 	 0.6617812
0.012910861 	 1.8750582
0.019269763 	 0.50648475
0.022282192 	 1.6752824
0.022017593 	 0.65686023
0.016944163 	 1.16379
0.021061301 	 0.78827316
0.01702067 	 0.6597624
0.016816074 	 0.9072705
0.017725416 	 0.7388385
0.0160918 	 1.5233768
0.014878803 	 2.012098
0.018051695 	 0.6526636
0.014113915 	 0.94650126
0.016069813 	 1.1072901
0.016291765 	 0.81717217
0.02394055 	 0.43009296
0.020387722 	 0.6116927
0.02447829 	 0.51036566
0.027302539 	 1.2722529
0.025196197 	 1.3429781
0.020759052 	 0.69291115
0.025404412 	 0.5540004
0.026902812 	 1.4169245
0.02354125 	 1.2320492
0.023435071 	 0.58162916
0.030403692 	 0.67117673
0.034636714 	 1.25254
0.03269661 	 1.2017258
0.04567766 	 0.64269143
0.05366575 	 1.6922829
0.052676085 	 1.297793
0.05638595 	 1.0284163
0.05767539 	 0.53939867
0.063765645 	 1.4056724
0.074390344 	 0.8215771
0.09211209 	 0.9142046
0.09441552 	 0.8310238
0.092247315 	 1.0106945
0.10114321 	 0.63271433
0.09264429 	 1.1648335
0.10001448 	 1.2757385
0.09539926 	 1.4092481
0.10429789 	 0.88531214
0.10624315 	 0.9953877
0.10258893 	 0.5265008
0.10006738 	 1.3418002
0.08447541 	 1.0373343
0.08407512 	 0.6784787
0.06276105 	 0.8134761
0.069287956 	 1.1091787
0.045118798 	 1.2458824
0.052905686 	 1.3153219
0.026113868 	 1.2248013
0.32106298 	 1.115606
0.33480474 	 1.1051506
0.33821133 	 0.9250256
0.26645783 	 1.5030481
0.27150172 	 1.4193937
0.18424904 	 1.5373423
0.20252974 	 1.5532827
0.24901228 	 1.3625796
0.24192408 	 1.4028014
0.22261618 	 1.3862486
0.204292 	 1.2968283
0.1924081 	 1.4302679
0.22207628 	 1.650113
0.21054208 	 1.080235
0.21017282 	 1.4764236
0.20780708 	 1.652599
0.19910812 	 1.4240838
0.2158702 	 1.408534
0.21396244 	 0.87199986
0.20337886 	 1.7252185
0.226745 	 1.5175496
0.22035904 	 1.3476186
0.22281517 	 1.0255286
0.2626922 	 1.4036622
0.30383298 	 1.3875548
0.26037407 	 1.4864204
0.24886961 	 1.6527144
0.19865166 	 1.624658
0.2200656 	 1.6635209
0.21886438 	 1.1833879
0.20047191 	 1.4485203
0.20975406 	 1.9247092
0.1997519 	 1.0877275
0.3500304 	 1.2894763
0.25088558 	 1.5048198
0.22641836 	 1.3999379
0.23509236 	 1.9170141
0.22832166 	 1.9099879
0.23631747 	 1.2253412
0.22053833 	 1.7428331
0.20628211 	 1.1041282
0.19937342 	 1.2399455
0.16911528 	 1.3905588
0.17600939 	 1.3398815
0.15290143 	 1.6891702
0.15206814 	 0.861538
0.15052524 	 1.2489736
0.14456439 	 1.1509583
0.13605842 	 1.9503369
0.1402714 	 1.8932871
0.12600511 	 1.6504203
0.12564489 	 1.8381655
0.14250411 	 1.355017
0.14473777 	 1.9731443
0.16751163 	 1.4940424
0.17174175 	 1.2071539
0.19378 	 1.3191354
0.19533956 	 1.2805086
0.21443437 	 1.5472554
0.19812244 	 1.4832865
0.20627902 	 1.3101254
0.19867405 	 1.3049062
0.19081545 	 1.4449909
0.18841715 	 1.5289413
0.26083615 	 1.4711176
0.23911048 	 1.4405602
0.29460365 	 0.892753
0.2983822 	 1.1647397
0.29351446 	 1.052342
0.23481235 	 1.3668978
0.14760338 	 1.36255
0.1447038 	 1.7674092
0.15115519 	 1.6779367
0.13887785 	 1.7215716
0.14635566 	 1.4084882
0.15554255 	 1.6073383
0.14845362 	 1.3636492
0.14467984 	 1.2692856
0.16241758 	 1.5356404
0.18259892 	 1.4434162
0.17663945 	 1.8948265
0.18743038 	 1.2977319
0.27152738 	 1.4885763
0.25940812 	 1.6900885
0.28031093 	 1.1220685
0.376301 	 0.9587575
0.3776569 	 0.8683025
0.39270213 	 0.9627463
0.419293 	 0.83854455
0.45581415 	 0.77050066
0.48703465 	 0.85583174
0.49328977 	 0.7412229
0.47907567 	 0.9318998
0.46290088 	 0.8759472
0.42649704 	 0.8896297
0.42503408 	 0.9742063
0.38252482 	 0.7982455
0.26288107 	 1.2212136
0.23847696 	 1.4269674
0.18230213 	 1.7166951
0.1682418 	 1.965122
0.16707669 	 1.292913
0.17021684 	 0.9028461
0.16188322 	 1.7545534
0.16106904 	 1.6427343
0.15398282 	 0.8820918
0.14891678 	 1.8785418
0.16491424 	 1.566425
0.15897849 	 1.8043735
0.15611407 	 1.4234838
0.14264366 	 1.3914077
0.14594555 	 1.3554465
0.12610924 	 1.1044021
0.1484131 	 1.9317015
0.13388813 	 1.3886564
Summary
0.012910861  -  0.6315773 ,  0.43009296  -  2.984674
accuracy:  100.0
equal predictions:  0
TensorFlow version: 1.13.1
Found 939 images belonging to 1 classes.
argN = 3136
argN = 3136
0.40041724 	 2.263248
0.40342608 	 2.2166834
0.59550864 	 1.8860378
0.3107441 	 2.203934
0.21387275 	 2.0262012
0.15209548 	 2.1434708
0.10859389 	 1.8407165
0.08966568 	 2.279522
0.07486861 	 1.413763
0.05244283 	 1.7793915
0.04015845 	 2.3228757
0.028954955 	 1.9108951
0.03443169 	 1.533076
0.036053546 	 1.9159268
0.02771848 	 2.2377522
0.16441831 	 2.0318801
0.2644432 	 1.956937
0.53381234 	 1.8788208
0.5965339 	 1.7953813
0.37860066 	 1.5137081
0.3822678 	 1.6375722
0.42338467 	 1.5814925
0.31179118 	 2.1021771
0.14639568 	 1.6816226
0.13160594 	 1.7873383
0.06439561 	 1.9104742
0.049372748 	 2.4983392
0.048495807 	 2.0287223
0.05295351 	 2.4260068
0.060722783 	 1.9612141
0.059191857 	 2.2459488
0.0798328 	 2.499735
0.10726334 	 2.2788815
0.2863444 	 2.1546252
0.6332657 	 2.182822
0.6571877 	 2.2103624
0.7416481 	 2.3829024
0.81332165 	 2.5119529
0.7635687 	 2.2892349
0.7172133 	 1.7428957
0.4498972 	 1.980255
0.18623452 	 1.8908513
0.17717016 	 2.033089
0.15778482 	 1.9411232
0.16794817 	 2.3564005
0.16878513 	 1.8823595
0.049486224 	 2.639194
0.049085293 	 2.3250647
0.0526622 	 1.7661337
0.030510427 	 2.6893692
0.028602099 	 2.5391252
0.032005116 	 2.0483363
0.24747925 	 1.1828133
0.14231546 	 1.9338696
0.12346895 	 1.768438
0.17527388 	 1.790655
0.1728885 	 2.2407877
0.10848267 	 2.0069122
0.035790034 	 2.0636966
0.052787237 	 1.9377794
0.024153633 	 2.1594796
0.022862216 	 2.1000113
0.08808924 	 2.258574
0.103598855 	 1.9964563
0.1720537 	 1.9798458
0.19375512 	 2.467443
0.13964744 	 2.2661374
0.13194145 	 2.2796834
0.10498696 	 2.6573412
0.09281144 	 2.3450966
0.06986305 	 2.2263465
0.054995514 	 1.4870948
0.046187267 	 2.167943
0.13463588 	 1.7029853
0.15152444 	 2.3454642
0.17555276 	 1.9434767
0.14645833 	 1.8716601
0.14747965 	 1.9412632
0.14983676 	 2.6091728
0.17167862 	 2.044956
0.056631416 	 1.8744936
0.03418575 	 1.7687503
0.10050846 	 2.1500113
0.14399193 	 1.877515
0.17774983 	 1.5440092
0.17338106 	 1.5305628
0.09854301 	 2.0299563
0.08230618 	 2.09024
0.0270679 	 2.3088865
0.017833719 	 2.2439082
0.0431363 	 2.1627884
0.18160729 	 0.69000524
0.18006814 	 1.1123623
0.16673826 	 1.3016951
0.19186962 	 0.85299474
0.18580858 	 0.71782976
0.1776362 	 1.0717597
0.19203153 	 1.1125021
0.17944239 	 1.2003741
0.172335 	 0.88838035
0.17747277 	 0.99617934
0.16993725 	 0.9629229
0.17394549 	 1.1395841
0.16534957 	 1.3676771
0.13956109 	 0.7615142
0.111667484 	 0.813206
0.10620695 	 1.2165933
0.08904449 	 1.1411201
0.08010418 	 0.78349507
0.06077662 	 0.9282847
0.053509727 	 1.3591138
0.048809625 	 0.67714745
0.041790318 	 1.3492239
0.03769308 	 1.428312
0.044366073 	 0.804965
0.03558965 	 1.0277444
0.044093635 	 1.1301234
0.048783466 	 0.92417425
0.04372774 	 1.1649673
0.046909753 	 1.4507574
0.04342908 	 0.8257854
0.050193734 	 1.1208539
0.04196727 	 1.448155
0.039675843 	 0.772972
0.027614372 	 1.1470716
0.027306458 	 1.1216736
0.02667445 	 0.6805519
0.026322702 	 0.8899983
0.029557649 	 0.9723641
0.023424942 	 2.5974977
0.025033677 	 1.1811528
0.028752195 	 1.6138328
0.027752003 	 1.3650751
0.028195353 	 0.8456956
0.025717307 	 0.84832245
0.023632424 	 1.9675629
0.020988258 	 1.4376925
0.020675804 	 1.5863258
0.01730815 	 1.289599
0.021311888 	 1.103686
0.022811236 	 0.9793206
0.020400316 	 0.98306096
0.017834265 	 1.5490915
0.020910347 	 1.4357523
0.022010524 	 1.5614781
0.02002085 	 1.3852687
0.021432577 	 1.7786344
0.019930003 	 1.4239472
0.021552365 	 1.2522314
0.018366909 	 1.2659602
0.01643645 	 0.95441663
0.018935008 	 1.0545344
0.018281616 	 1.1557882
0.016970048 	 1.1793442
0.020718036 	 1.1841749
0.018360656 	 1.5177922
0.030950392 	 1.0625252
0.03077341 	 0.7999358
0.03031712 	 1.2749792
0.033460684 	 1.3334234
0.024987902 	 0.77274734
0.025065947 	 1.6610376
0.030679248 	 2.6781518
0.03284504 	 0.9953265
0.035148136 	 1.2927462
0.03879491 	 0.59924465
0.036854517 	 0.74010885
0.07119566 	 0.7843702
0.068179466 	 1.2982461
0.11559587 	 0.55218995
0.102070354 	 0.56841457
0.12662286 	 0.9877692
0.11793324 	 0.8529297
0.11609018 	 0.85804033
0.12048417 	 1.0225271
0.12954345 	 1.3987498
0.12943566 	 1.0188923
0.12406494 	 0.83612835
0.12765451 	 1.0337864
0.11852413 	 1.2959884
0.13793267 	 0.96482927
0.11931427 	 0.9803182
0.10813302 	 0.9324971
0.11541095 	 1.4604275
0.110121086 	 1.2854122
0.102497466 	 0.7907946
0.1114671 	 1.1747801
0.06447844 	 1.086281
0.052035127 	 0.81752944
0.031407896 	 1.3239477
0.03757456 	 1.4404633
0.028466314 	 0.772867
0.03608129 	 0.5935613
0.3944031 	 1.0943446
0.4116511 	 1.2343173
0.4523948 	 1.007959
0.4209451 	 0.9809785
0.40357393 	 1.0950521
0.34371307 	 1.3315465
0.2733974 	 1.2258445
0.27743617 	 0.9881386
0.25366947 	 1.5153129
0.26516464 	 1.0922974
0.26556876 	 1.4966282
0.27739707 	 1.5713274
0.30317622 	 1.4248401
0.27902925 	 1.4411079
0.2562089 	 1.2699344
0.2853088 	 1.4518255
0.26129544 	 1.3768959
0.27418396 	 1.1493403
0.25301754 	 1.2262199
0.27443615 	 1.061044
0.26889083 	 1.0490263
0.2500167 	 1.4625373
0.27102992 	 1.5633153
0.24563624 	 1.2623959
0.25684297 	 1.3738127
0.2807031 	 1.45161
0.3652054 	 1.5586004
0.36845106 	 1.493801
0.3366275 	 1.5643668
0.34419447 	 1.3716831
0.33076584 	 1.2192281
0.3332017 	 1.560527
0.32519862 	 1.6328372
0.25395697 	 1.6444961
0.35783452 	 1.131837
0.39931104 	 1.3510838
0.35765672 	 1.3413377
0.25117013 	 1.6728461
0.24578461 	 1.7041694
0.26404253 	 1.4439877
0.25247872 	 1.5810121
0.24504821 	 1.394975
0.20422737 	 1.1043553
0.18316701 	 1.478642
0.18937738 	 1.5910008
0.2065398 	 0.8855439
0.19524993 	 1.7683003
0.18057974 	 2.0129507
0.17678149 	 1.6468477
0.15278877 	 1.7785882
0.161296 	 0.9029136
0.15320928 	 1.7938731
0.19436215 	 1.5794486
0.20657599 	 1.328687
0.24346292 	 1.0034949
0.25333124 	 1.0189422
0.24713027 	 1.3075931
0.23557964 	 1.5606209
0.24075001 	 1.2792095
0.2845104 	 1.149087
0.31467113 	 1.1334134
0.31998196 	 1.1326934
0.36791202 	 1.1542181
0.32636055 	 1.1936778
0.30339757 	 1.0778039
0.24626325 	 1.2801138
0.23716041 	 1.5880276
0.22378047 	 0.9674644
0.2402771 	 0.9607808
0.23394202 	 1.5700645
0.21555108 	 1.131053
0.19715771 	 1.5358186
0.16666031 	 1.595775
0.18842255 	 1.4852982
0.18583149 	 1.3045374
0.17585701 	 1.7024472
0.17539904 	 1.2772244
0.185205 	 1.7242777
0.18421558 	 1.3964965
0.17279413 	 1.5501748
0.18586464 	 1.2942914
0.188081 	 1.7958407
0.19277115 	 1.7656374
0.20796749 	 1.6185017
0.24001367 	 1.5348492
0.28257683 	 1.5590124
0.31231806 	 1.5015862
0.3206633 	 1.371337
0.36617434 	 1.1331506
0.44986403 	 0.7996691
0.45890206 	 0.71894777
0.49323502 	 0.75087947
0.46508554 	 0.7295942
0.4915905 	 0.7322793
0.517309 	 0.74691
0.5229236 	 0.79767597
0.5050324 	 0.73228496
0.50347906 	 0.7291083
0.4750848 	 0.80308896
0.4428738 	 0.7527556
0.3936737 	 0.8898799
0.23417439 	 1.5971713
0.2007893 	 1.7540874
0.19919264 	 1.490839
0.20233344 	 1.8004094
0.20715238 	 1.3526157
0.21374062 	 1.4290745
0.2145035 	 1.1741973
0.21750514 	 1.5235271
0.1946973 	 1.5376706
0.18641506 	 1.0810826
0.18921374 	 1.4780449
0.20437405 	 1.501466
0.20837308 	 1.6226426
0.21057211 	 1.6766095
0.2195758 	 1.38819
0.18523885 	 1.378508
0.20169689 	 1.5484037
0.18085681 	 1.6752012
0.17253457 	 1.307728
Summary
0.01643645  -  0.81332165 ,  0.55218995  -  2.6893692
accuracy:  100.0
equal predictions:  0
TensorFlow version: 1.13.1
Found 939 images belonging to 1 classes.
argN = 3136
argN = 3136
0.5552581 	 2.2491486
0.46539325 	 1.8322204
0.33775544 	 1.6248747
0.04248214 	 1.906343
0.026595606 	 2.3196886
0.029495768 	 2.117806
0.022330036 	 2.6265445
0.18643732 	 1.4590422
0.31643176 	 1.2301751
0.24168262 	 1.2735533
0.13344537 	 1.5371746
0.27172428 	 1.9978247
0.38765034 	 1.7770058
0.3540984 	 2.0885568
0.42378333 	 1.5933151
0.37096572 	 1.7983551
0.36483672 	 1.4932182
0.43021092 	 1.7170852
0.23697132 	 1.8891767
0.10736812 	 1.5308551
0.060670216 	 2.4059322
0.041049346 	 2.2485352
0.033192124 	 2.677587
0.020778768 	 1.9758645
0.024937548 	 1.9176228
0.49201107 	 1.8147581
0.59320074 	 1.7198617
0.47166085 	 2.088783
0.43668553 	 2.6988766
0.4015477 	 2.3667893
0.3428146 	 2.405142
0.32441977 	 1.9628924
0.39282662 	 1.6145182
0.4771061 	 1.825727
0.5017274 	 2.2637281
0.5274256 	 2.153387
0.57929283 	 1.83456
0.5784857 	 1.94516
0.05011314 	 2.1605914
0.106668994 	 1.8590358
0.09942561 	 2.246822
0.02842725 	 2.2466638
0.03593806 	 2.0862372
0.23438233 	 1.3994304
0.15503782 	 1.499621
0.11113193 	 1.6037439
0.10071497 	 1.4449863
0.10391644 	 1.6705815
0.081879646 	 1.6711801
0.07711421 	 1.560812
0.10673398 	 2.1522546
0.13266249 	 2.194484
0.051974725 	 1.8029585
0.035040904 	 1.8606008
0.027171034 	 2.3545573
0.024719654 	 1.8225476
0.01234201 	 2.6028652
0.007751869 	 1.7609005
0.008638693 	 2.1940365
0.014100737 	 1.807254
0.007989949 	 1.8233337
0.011105705 	 1.9606702
0.023547046 	 2.0971272
0.12392081 	 2.2381856
0.07360071 	 2.9264386
0.071046606 	 2.07565
0.078845166 	 2.0068479
0.033590987 	 1.9388871
0.03495251 	 1.9325954
0.051940132 	 2.0477743
0.060257245 	 2.228824
0.06559155 	 1.8319122
0.13316865 	 2.4809837
0.12719391 	 2.228898
0.10279864 	 1.8706666
0.108103134 	 1.5205839
0.11469648 	 1.6121908
0.058210675 	 1.8985617
0.24525866 	 1.3552058
0.2342327 	 1.0983812
0.20883268 	 1.3643917
0.15186192 	 1.6137657
0.09768932 	 1.5642178
0.073517695 	 2.007059
0.087660104 	 1.8585291
0.02503264 	 2.2912912
0.03256501 	 2.0774806
0.020056788 	 1.8140572
0.015205062 	 1.9896404
0.01804793 	 2.1246417
0.016640365 	 1.7848372
0.029230112 	 1.8879527
0.056352653 	 1.8772918
0.08693944 	 2.0418854
0.07756029 	 1.6452835
0.036481306 	 2.1621568
0.08368601 	 0.6068367
0.085242726 	 0.96715844
0.09157044 	 0.88422936
0.085644394 	 0.74177545
0.08670774 	 0.6135368
0.084192544 	 0.77272516
0.084213875 	 0.8885001
0.09485025 	 0.8681283
0.08582954 	 0.6876609
0.09256367 	 1.3563743
0.096550494 	 1.0328071
0.081580624 	 0.86485815
0.073286004 	 0.64767057
0.083598524 	 0.87020046
0.07759314 	 1.3837187
0.08058894 	 1.1802857
0.09458343 	 1.0560443
0.07664858 	 1.0771492
0.07854595 	 0.77425903
0.0493564 	 0.8028956
0.047895472 	 0.93854594
0.06379106 	 0.7337212
0.051097322 	 0.86241925
0.046550255 	 1.2894005
0.037017915 	 0.6348258
0.03248219 	 1.4615449
0.03127093 	 0.53111356
0.02954617 	 0.9531598
0.027901357 	 0.9250333
0.025064297 	 1.2370203
0.021150852 	 1.3558506
0.025357887 	 1.0243666
0.024413241 	 1.1155589
0.026060702 	 0.968633
0.02462166 	 0.8172665
0.023694249 	 0.7273944
0.024615735 	 1.2766106
0.023236845 	 0.60438585
0.014755697 	 0.75994
0.018834118 	 0.5377742
0.018454637 	 0.63586116
0.019036941 	 1.3754908
0.023664527 	 1.3636705
0.0130443685 	 0.52217376
0.013485957 	 0.8615573
0.015284888 	 0.7435366
0.018743137 	 2.0079865
0.015842943 	 0.7752713
0.013417994 	 0.7952438
0.01795866 	 0.77734137
0.014199941 	 1.1680406
0.012361863 	 1.9434301
0.012680118 	 0.9195674
0.014983409 	 1.5147933
0.01399725 	 1.0799915
0.011000297 	 0.8815468
0.012660801 	 0.5258303
0.012867329 	 0.8153266
0.013695555 	 1.0986301
0.010807773 	 0.55683315
0.0137577355 	 0.5243033
0.018031182 	 0.6322384
0.018333519 	 0.6208554
0.0154554555 	 1.7284076
0.018129988 	 0.975942
0.019124122 	 1.2391796
0.018266318 	 1.1009644
0.013902416 	 0.84014
0.022251109 	 0.7047348
0.017880926 	 0.81157625
0.025268694 	 0.87530893
0.02606266 	 0.88572323
0.031487733 	 0.548612
0.022801297 	 1.1985257
0.02922336 	 1.1939281
0.025137885 	 0.95669043
0.027266582 	 1.6480857
0.039630447 	 1.2514691
0.052372795 	 0.5642712
0.06724164 	 0.8909003
0.06579658 	 0.968902
0.06933523 	 1.3730416
0.08217481 	 1.090267
0.08008254 	 1.3303348
0.083232075 	 1.1883749
0.08831748 	 0.8438953
0.08703164 	 0.49392146
0.079222076 	 1.4475006
0.082338795 	 1.1410587
0.0857446 	 0.8704889
0.090211324 	 0.73415405
0.071240336 	 1.5007437
0.058813944 	 0.67249775
0.05583122 	 0.8094149
0.028336497 	 1.9722109
0.024352044 	 1.2048548
0.024076942 	 0.5884959
0.015024614 	 1.2602617
0.015970845 	 0.7826503
0.01751297 	 0.6636589
0.27529413 	 0.79797524
0.25877333 	 1.5865148
0.23236158 	 1.4010756
0.17517503 	 1.4120936
0.18164282 	 1.6307049
0.16581528 	 0.96206737
0.1502856 	 1.6788068
0.14613606 	 1.364683
0.14508536 	 1.3531078
0.13243459 	 1.2548938
0.15645862 	 1.5720187
0.17497315 	 1.3470567
0.1807157 	 1.1989003
0.17022079 	 1.1960402
0.17736927 	 1.734985
0.17641203 	 1.5036123
0.18143412 	 1.0512649
0.18307602 	 1.19104
0.17976174 	 1.5653168
0.16492441 	 1.4707569
0.15506907 	 1.2097548
0.15902719 	 1.4752795
0.15661496 	 1.4835926
0.1710429 	 1.1246353
0.16252017 	 1.2703089
0.17910461 	 1.3208557
0.17278521 	 1.7053896
0.15302311 	 1.9923818
0.1627598 	 1.7220925
0.16367014 	 1.30077
0.1648445 	 1.6259136
0.15660088 	 1.5353202
0.15582058 	 1.304701
0.19351147 	 1.3449483
0.26741964 	 1.2649368
0.18030152 	 1.10614
0.16876467 	 1.6513569
0.17620778 	 1.6012512
0.17381258 	 1.2985724
0.17218347 	 1.4916
0.16656828 	 1.5733864
0.1507185 	 1.8452219
0.21810973 	 0.8128609
0.29757595 	 0.64462674
0.18511096 	 1.3108717
0.16135588 	 1.9378055
0.16980629 	 1.4387842
0.16566755 	 1.7094076
0.17260243 	 1.2554791
0.15265435 	 1.2573793
0.15992798 	 1.5432198
0.15049094 	 1.4203715
0.14148875 	 1.1499184
0.1386167 	 1.4468932
0.12830071 	 1.3877348
0.13053508 	 0.9878958
0.13623154 	 1.6849526
0.1514983 	 1.3477095
0.12915029 	 1.8986505
0.12029969 	 1.7542645
0.087250605 	 1.6797109
0.087859556 	 1.182583
0.09196086 	 1.6845484
0.103718325 	 1.9285941
0.108864605 	 1.8552809
0.13238226 	 1.6900291
0.1315954 	 1.1266682
0.16273041 	 1.6950449
0.14849608 	 1.4049512
0.16139463 	 0.7634788
0.17035832 	 1.1980296
0.15051089 	 1.6587503
0.15993574 	 1.6644547
0.17916071 	 1.5572234
0.20070109 	 1.4268708
0.20128852 	 1.5163531
0.23744357 	 0.7707449
0.23847628 	 1.2278621
0.25549057 	 0.99982
0.29580355 	 1.4177368
0.271735 	 1.2120776
0.10343062 	 1.4110105
0.09230268 	 1.6422518
0.10401134 	 1.158129
0.11531656 	 1.4007157
0.17176999 	 1.5248003
0.20794855 	 1.3404418
0.2421587 	 1.4988852
0.25654474 	 1.107889
0.26489574 	 1.0186574
0.27435577 	 0.95920855
0.33186433 	 1.0758376
0.3137531 	 0.8052482
0.3292115 	 0.91319525
0.36329198 	 0.8635509
0.40404648 	 0.76872987
0.47268525 	 0.8661727
0.33013147 	 0.7458376
0.25523967 	 1.1266108
0.21393284 	 1.1088669
0.20475632 	 0.815472
0.16002241 	 1.3911767
0.14014988 	 1.2553196
0.1318491 	 1.0892011
0.1278982 	 1.6452312
0.13982922 	 1.7251452
0.13891882 	 1.7783282
0.13559851 	 1.471361
0.14523423 	 1.8418454
0.13304316 	 1.5882624
0.13707717 	 1.6495504
0.12540857 	 1.4580013
0.12211458 	 1.9645097
0.13592942 	 1.5417354
0.11768419 	 1.111022
0.11513685 	 1.713288
0.10601959 	 1.6720498
Summary
0.007751869  -  0.59320074 ,  0.49392146  -  2.9264386
accuracy:  100.0
equal predictions:  0
TensorFlow version: 1.13.1
Found 939 images belonging to 1 classes.
argN = 3136
argN = 3136
0.45766267 	 2.1459
0.43361396 	 2.546955
0.6244843 	 1.697259
0.42744508 	 1.95935
0.34178978 	 1.7589781
0.33947286 	 1.941207
0.29538804 	 2.275384
0.26597387 	 1.5141371
0.21691158 	 2.1395938
0.096483275 	 2.128388
0.067908436 	 2.0256674
0.031674746 	 1.8788403
0.02921213 	 1.636311
0.023465948 	 2.0574396
0.069682755 	 1.8294927
0.25072113 	 1.2364383
0.30618766 	 1.2274324
0.13612248 	 1.6423298
0.12032806 	 1.76784
0.13773037 	 1.9894886
0.21375951 	 1.9049783
0.23825002 	 1.8638937
0.28237042 	 1.5745468
0.34433877 	 1.4158999
0.14160453 	 1.8905034
0.09920593 	 1.6089959
0.046257805 	 1.7712005
0.04167336 	 2.1776392
0.050751552 	 1.1862736
0.056641825 	 2.108182
0.05995823 	 1.7768261
0.17664002 	 1.9806671
0.47301978 	 2.1021695
0.5545606 	 1.8797826
0.6981845 	 2.1970408
0.8823689 	 1.5580746
0.7332539 	 2.1209602
0.6111951 	 1.86863
0.59402174 	 1.7247746
0.47853458 	 2.315841
0.4814211 	 1.6327094
0.5102892 	 2.14522
0.1103666 	 2.1672525
0.14923234 	 1.6483779
0.13613927 	 2.4048276
0.12503459 	 2.2085047
0.040200647 	 1.9212562
0.033354558 	 2.0172524
0.034383878 	 2.369774
0.019302819 	 1.9507817
0.11680845 	 1.918643
0.094551325 	 2.1003394
0.11249325 	 1.432122
0.12748374 	 1.6359067
0.11960134 	 1.5297283
0.11334579 	 1.4790806
0.12196723 	 2.2941992
0.0858789 	 2.0464475
0.03623542 	 2.3245645
0.03273239 	 1.9676039
0.013960923 	 1.782581
0.009688188 	 2.664503
0.012495538 	 1.5648284
0.015605407 	 2.5220025
0.036204208 	 2.5285113
0.06311665 	 1.7842802
0.07625198 	 1.9782693
0.14191367 	 1.5153995
0.13621488 	 2.478548
0.10758076 	 2.4144142
0.10681038 	 1.4017243
0.04178286 	 2.2053828
0.06790748 	 2.223357
0.08834209 	 1.7865381
0.09930059 	 1.7470895
0.10709621 	 1.3021164
0.11211245 	 1.8917077
0.046948045 	 2.0080295
0.03661231 	 2.107874
0.035268717 	 2.0048013
0.03131441 	 1.9692681
0.04335986 	 1.8208668
0.04087703 	 1.578091
0.091411784 	 1.9330821
0.060353857 	 2.4070227
0.17313553 	 1.2429895
0.19978109 	 1.3155067
0.23843059 	 1.3730651
0.07867433 	 1.8826416
0.09385147 	 1.4604157
0.110834286 	 1.6712527
0.115739465 	 1.5691386
0.11928727 	 1.9057657
0.038027797 	 1.80333
0.017065113 	 2.4158096
0.014125583 	 2.3169522
0.010822956 	 2.2786458
0.015647545 	 2.3324196
0.02470206 	 2.2362616
0.025101518 	 2.7367706
0.07959384 	 1.5004021
0.09172728 	 1.6051898
0.12261279 	 0.7735187
0.12045701 	 0.7982627
0.11726529 	 0.64270186
0.106414974 	 1.020525
0.13304636 	 0.8873186
0.12714559 	 0.7451869
0.1330555 	 1.6692901
0.13148779 	 1.279392
0.10820388 	 1.1598898
0.13543373 	 1.4392475
0.116722375 	 0.7006958
0.12513976 	 0.96672547
0.12591872 	 1.0327674
0.11997129 	 1.2515765
0.12624468 	 0.65095836
0.120440334 	 1.2788318
0.11875855 	 1.0261625
0.12920903 	 1.1485687
0.11289921 	 0.64357436
0.12076391 	 0.625151
0.11222014 	 0.777733
0.11197638 	 0.8402851
0.12319411 	 1.2067163
0.12073533 	 1.5862364
0.088688016 	 1.2405984
0.08299398 	 1.8594054
0.08108983 	 1.3232971
0.07050882 	 0.47056922
0.077153295 	 1.2944915
0.07576379 	 1.0249848
0.061983716 	 0.65071666
0.054919884 	 0.97879964
0.054393217 	 0.90294564
0.047384866 	 1.0545503
0.02862792 	 1.2631683
0.031219948 	 0.89690953
0.024124019 	 0.5160265
0.03271496 	 2.5624785
0.02627081 	 2.0055106
0.033512644 	 1.5379026
0.033345252 	 0.86445254
0.0283162 	 1.2317345
0.031356845 	 0.7823537
0.024475176 	 0.74475294
0.030386241 	 1.3485918
0.028948022 	 1.4561682
0.029671723 	 1.0432872
0.024252437 	 0.6317466
0.015692592 	 1.0592586
0.015957158 	 0.95931184
0.016400095 	 2.016145
0.016841108 	 0.897293
0.01795411 	 1.1698226
0.016596185 	 0.94482553
0.017153516 	 0.6142976
0.017591221 	 0.7857454
0.015721776 	 1.0506226
0.014956909 	 1.2148303
0.011416808 	 1.261761
0.008822202 	 1.0478135
0.014731561 	 0.6734157
0.012678368 	 1.072875
0.014115607 	 1.11927
0.011513697 	 1.1774957
0.013599662 	 0.79441595
0.013088512 	 1.5409127
0.0118620815 	 0.95603496
0.01338048 	 1.0176003
0.011087021 	 0.91773534
0.014750192 	 1.1179302
0.022146959 	 1.1383977
0.024201019 	 1.0859734
0.026192 	 1.0596503
0.020484755 	 0.93771255
0.023499936 	 0.92856044
0.019142348 	 0.8532359
0.020777611 	 1.4331801
0.024181968 	 1.3504914
0.021406636 	 1.0919619
0.02466021 	 0.5871782
0.024531739 	 1.1098441
0.022688368 	 1.1605492
0.028934339 	 0.86155665
0.02915659 	 0.754649
0.028605962 	 1.0595478
0.020476723 	 2.0449326
0.023905937 	 0.74327785
0.028908938 	 0.93959963
0.03516684 	 0.51860327
0.03464856 	 0.7472083
0.057391223 	 1.776409
0.0667224 	 0.51668864
0.07991867 	 1.2014025
0.085140765 	 0.897537
0.08637153 	 0.97769105
0.06532205 	 0.5456933
0.05767779 	 0.8222427
0.04656468 	 1.7409703
0.035410613 	 0.79594535
0.03455064 	 1.1678672
0.030079562 	 1.1645814
0.029086694 	 0.905606
0.023092087 	 0.80723834
0.023453744 	 1.3201796
0.018921098 	 1.1389418
0.017516306 	 1.4021915
0.025637131 	 1.2644407
0.3263476 	 1.0170044
0.30173668 	 1.0934873
0.30316767 	 1.364898
0.24854203 	 1.1447728
0.23130886 	 1.1925931
0.19581452 	 1.4686422
0.15868625 	 0.9082505
0.1626365 	 0.7196335
0.16179669 	 1.327994
0.15884511 	 1.1508281
0.18995596 	 1.6815256
0.20051087 	 1.5918139
0.19929959 	 1.4301863
0.18707846 	 1.0935796
0.21465339 	 1.1408987
0.17358524 	 0.949946
0.17188345 	 1.2116582
0.18209387 	 1.5241542
0.17102706 	 1.4443616
0.1870155 	 1.1434016
0.17330039 	 1.1898644
0.17650291 	 1.395967
0.16422527 	 1.2205958
0.18716268 	 1.5520446
0.18986854 	 1.3924363
0.17808054 	 1.5875511
0.18791692 	 1.5722407
0.23325124 	 1.5357065
0.26343513 	 1.1664989
0.27647507 	 1.4329352
0.23657207 	 1.5404854
0.2349678 	 1.6009785
0.21909697 	 1.6700659
0.20138226 	 1.1059504
0.19050264 	 0.97215265
0.19562402 	 1.6768107
0.30387223 	 1.2241981
0.23761031 	 1.4040784
0.18513836 	 2.4002595
0.20301588 	 1.2620702
0.1679228 	 1.643236
0.14240026 	 1.5941848
0.15009783 	 1.4702717
0.1380999 	 1.0628062
0.14463727 	 1.433561
0.120233275 	 1.2157693
0.12054092 	 1.8255409
0.110250786 	 2.3218179
0.11122745 	 1.193525
0.10690059 	 1.1623998
0.1475513 	 1.584765
0.1758327 	 0.9976047
0.16518629 	 1.6679765
0.16156071 	 1.2854304
0.23199289 	 1.339754
0.2490762 	 1.0803026
0.27062285 	 1.3492029
0.24599993 	 1.0854194
0.21546887 	 1.3669647
0.1788114 	 1.5139928
0.1548772 	 1.0317373
0.14444056 	 1.7279258
0.13489363 	 1.8084031
0.121774666 	 1.4151887
0.12393019 	 0.96995205
0.1305918 	 1.4460992
0.12484346 	 1.5679823
0.13067487 	 1.3780867
0.13172656 	 0.875577
0.13647993 	 1.4708146
0.16762453 	 0.80118346
0.18135309 	 0.81648415
0.17584614 	 1.3664155
0.19419241 	 1.6420052
0.20259842 	 0.71348906
0.22580925 	 1.4929384
0.30715972 	 1.2055889
0.3240518 	 1.2152666
0.34869027 	 0.8824522
0.3755201 	 0.9853206
0.3871909 	 0.92562944
0.39842978 	 0.83195555
0.40926152 	 0.82278496
0.43937004 	 0.88269395
0.50879633 	 0.8267166
0.33261135 	 0.77950454
0.28261068 	 0.9618504
0.28695968 	 1.0733001
0.16585398 	 1.5257858
0.13807821 	 1.3707261
0.1337464 	 0.9228251
0.13692467 	 0.96376395
0.1301435 	 1.8261048
0.13066393 	 0.9962134
0.13311017 	 1.5237416
0.12356937 	 1.1441175
0.13109079 	 1.3555017
0.13515635 	 1.4962054
0.12328824 	 1.0801976
0.14032112 	 1.3852311
0.14337239 	 1.3939841
0.14791949 	 1.1928997
0.14042668 	 1.9275326
0.14219569 	 1.6384646
Summary
0.008822202  -  0.8823689 ,  0.47056922  -  2.7367706
accuracy:  100.0
equal predictions:  0
