TensorFlow version: 1.13.1
Found 939 images belonging to 1 classes.
argN = 784
argN = 784
0.14455724 	 2.2568092
0.12753682 	 1.8031682
0.39291853 	 1.1632856
0.38409862 	 1.6251435
0.39887768 	 1.9479585
0.37109616 	 1.2630424
0.320096 	 1.3235759
0.28057912 	 1.267333
0.22052957 	 1.6133211
0.2728319 	 1.6215832
0.34810302 	 1.004738
0.2591607 	 0.9610857
0.10809284 	 1.7316117
0.1164382 	 0.96614987
0.14649124 	 1.3673792
0.054604143 	 2.2099547
0.11846293 	 1.7765914
0.0778498 	 2.0592628
0.11117742 	 1.271362
0.08218024 	 1.379481
0.09531284 	 0.8373803
0.17642164 	 1.5524584
0.14567259 	 1.9689701
0.16500793 	 2.1134403
0.18981953 	 1.3663636
0.20203838 	 1.718013
0.19611195 	 1.5629402
0.20800161 	 1.6160816
0.09699226 	 1.8286014
0.19219267 	 1.2490954
0.29232243 	 0.9598838
0.2561349 	 1.0804683
0.26949203 	 1.9543291
0.11317303 	 1.3725183
0.12548082 	 1.4021361
0.15532017 	 1.830745
0.1406206 	 1.3458349
0.16691115 	 1.5893143
0.24358381 	 1.5080204
0.22611573 	 1.5090166
0.18034856 	 1.562405
0.18164732 	 1.3990763
0.21024048 	 1.3062937
0.13606395 	 1.0686524
0.12678671 	 1.7833524
0.04968321 	 2.281485
0.050921693 	 2.2224643
0.049680702 	 0.9521535
0.100599945 	 1.8563546
0.08879823 	 1.314908
0.040885348 	 1.9198215
0.04967137 	 1.647714
0.061525702 	 1.9058971
0.04215743 	 1.676973
0.05550952 	 2.291681
0.067267016 	 1.1858181
0.0849172 	 1.510514
0.117281176 	 1.2232242
0.0794767 	 1.0373411
0.11642361 	 2.062351
0.13013364 	 1.604332
0.15531111 	 0.89166945
0.0866506 	 0.9250701
0.16111197 	 1.2800508
0.18809243 	 2.0936913
0.13782491 	 1.5000622
0.1449776 	 1.4308317
0.20338134 	 1.4019824
0.47474325 	 1.1451938
0.32835022 	 1.328868
0.25734562 	 1.2629253
0.35129473 	 1.1055536
0.16143385 	 1.2539006
0.18528104 	 1.0338889
0.10486714 	 1.5754261
0.028620316 	 1.2294793
0.04814587 	 2.2805355
0.06694002 	 1.7895496
0.074206404 	 1.4920435
0.06610753 	 1.7042251
0.06659217 	 1.2180499
0.08859821 	 1.7188232
0.10139405 	 1.2087194
0.08939437 	 1.4788734
0.13956863 	 1.1970159
0.16714834 	 1.1745191
0.23264503 	 1.4544201
0.015474887 	 1.1593533
0.020769518 	 0.7109451
0.025041012 	 1.1767901
0.021921203 	 1.8666327
0.020585507 	 1.9431953
0.01732689 	 0.85935783
0.018177392 	 0.53075224
0.023194507 	 1.0690888
0.009001594 	 0.9953546
0.020366857 	 1.3200053
0.023109838 	 0.76076114
0.027149292 	 1.0348138
0.02695596 	 1.1041934
0.058949172 	 0.6398562
0.037395846 	 1.5365653
0.04062019 	 0.5446588
0.061053455 	 0.86235374
0.07726353 	 0.80235314
0.07823788 	 0.64818394
0.06311697 	 1.0615542
0.06426517 	 1.1184144
0.067339696 	 1.5199805
0.056435894 	 1.0189699
0.07139659 	 1.1742109
0.052444275 	 1.0006249
0.048345346 	 0.93422294
0.074027896 	 0.8209219
0.07800251 	 1.5493232
0.06861717 	 1.1358966
0.072744645 	 1.3568919
0.042996597 	 1.552135
0.063543886 	 1.3365114
0.061892085 	 1.0708343
0.060292635 	 1.320921
0.061717022 	 0.5806104
0.057610102 	 1.2759342
0.069960594 	 0.7836275
0.06802608 	 0.6898599
0.07941616 	 0.8594239
0.066614345 	 0.853381
0.084720805 	 0.738455
0.09443674 	 1.0797282
0.08724215 	 0.82974714
0.08049493 	 0.97884977
0.08506775 	 1.3673583
0.07455171 	 1.3724214
0.099689506 	 1.09623
0.076686546 	 2.082675
0.07092196 	 0.95455176
0.0756311 	 0.8562501
0.09066009 	 1.0554308
0.099334955 	 1.1690127
0.09526596 	 0.96474683
0.08631052 	 0.52983665
0.10128066 	 1.0624435
0.10236044 	 0.89552176
0.09068756 	 1.2888263
0.08515887 	 1.0603443
0.08634307 	 1.0525261
0.07336599 	 1.0663512
0.089135185 	 1.390582
0.08988313 	 1.544858
0.111131795 	 0.8877356
0.096253686 	 1.0898929
0.094726525 	 0.868368
0.100637056 	 1.1000242
0.09357765 	 1.2527834
0.09088755 	 0.74761707
0.09002217 	 0.851366
0.08814034 	 1.3057562
0.0859636 	 0.8206204
0.092596814 	 1.0467081
0.0727383 	 0.74939924
0.08391338 	 0.6803364
0.08395617 	 0.80986357
0.08966718 	 0.83609533
0.08380708 	 0.7100091
0.08994137 	 1.1385357
0.07318795 	 0.525527
0.09976353 	 0.841715
0.08709543 	 0.6849188
0.100059606 	 0.7564415
0.09945286 	 1.1397436
0.10499212 	 1.462181
0.10111314 	 0.893703
0.092957035 	 0.65481305
0.12188158 	 0.690608
0.1265075 	 0.617594
0.13467571 	 0.7847411
0.12754196 	 1.3304317
0.1494084 	 0.9831368
0.15917675 	 1.223611
0.16379617 	 0.76486164
0.16257219 	 0.7238153
0.17425507 	 1.0509492
0.1644502 	 1.0720674
0.19263941 	 0.83710355
0.1653938 	 1.0647553
0.16784242 	 0.67768395
0.16435367 	 0.9812574
0.1606672 	 0.9521935
0.15441467 	 1.2325947
0.1978107 	 0.59553164
0.17321016 	 1.0418736
0.15763031 	 1.1520762
0.15431507 	 1.138664
0.1548939 	 1.0285732
0.14874241 	 1.1642369
0.20685612 	 1.4313847
0.18801416 	 0.9895459
0.24925667 	 0.7458977
0.21346402 	 0.978485
0.19134139 	 1.070374
0.19798824 	 0.9674987
0.23334555 	 0.83867455
0.22906712 	 0.8412536
0.22241826 	 0.72397083
0.24482928 	 0.6170037
0.1638687 	 1.4129184
0.1634632 	 1.9733124
0.14968598 	 2.490947
0.064662695 	 1.201771
0.034950472 	 1.1914511
0.03372223 	 1.6491394
0.06058244 	 1.0178186
0.07136291 	 2.6570625
0.07392142 	 1.5226145
0.085139856 	 1.720953
0.0874311 	 1.3751798
0.07541402 	 2.5372648
0.070145346 	 1.8054193
0.09630442 	 2.016813
0.08558304 	 2.2636278
0.056624416 	 2.187109
0.050409354 	 2.3603332
0.06725427 	 1.8684103
0.06596299 	 3.0518546
0.05371191 	 1.8160815
0.045668986 	 1.6984446
0.06190933 	 2.637717
0.051226866 	 1.6261958
0.07589927 	 2.3213203
0.10216865 	 2.2391436
0.24114418 	 2.1758025
0.278796 	 1.8791229
0.21124414 	 1.7704818
0.13412128 	 2.1674697
0.120661154 	 2.4968977
0.11330113 	 1.5608767
0.11278717 	 1.8077325
0.10069737 	 2.374014
0.16846707 	 1.8793082
0.36354443 	 1.6436741
0.1913398 	 1.774055
0.15539981 	 2.2207453
0.09799273 	 3.330983
0.1377346 	 1.9724864
0.10955111 	 2.1973057
0.12058301 	 1.5404495
0.06861813 	 1.257101
0.08767351 	 1.7233899
0.08793843 	 2.2099879
0.0889306 	 1.4322817
0.069912076 	 1.3319143
0.06767135 	 1.4934132
0.04834278 	 2.710471
0.057402015 	 2.4254642
0.06151854 	 1.7540902
0.08153581 	 1.9922171
0.09536647 	 2.0993028
0.10420223 	 2.211474
0.11493496 	 2.205337
0.12512848 	 2.0834136
0.1370706 	 1.9781526
0.15124261 	 1.8574271
0.19825478 	 2.211777
0.23764478 	 1.6945115
0.26683262 	 1.2563281
0.2839876 	 1.5319519
0.28984386 	 1.482798
0.25152126 	 1.195016
0.25716823 	 1.7775179
0.21210511 	 1.4213054
0.12213983 	 1.4896486
0.08239102 	 2.6372597
0.06858608 	 2.8343105
0.04828548 	 3.0353897
0.04969273 	 2.4873104
0.048667252 	 2.7333517
0.041671682 	 1.9647954
0.04174824 	 2.6118255
0.02878851 	 2.1880498
0.051130757 	 1.9993984
0.045660064 	 2.130673
0.07691831 	 2.5172033
0.08981512 	 2.218553
0.12575033 	 0.8638847
0.124785386 	 1.6943166
0.1484864 	 2.3453274
0.1765746 	 1.4709331
0.19191988 	 1.2894989
0.26761076 	 2.0183945
0.2903412 	 1.4035735
0.2931902 	 1.2605515
0.26157388 	 1.4078504
0.24534436 	 1.7224678
0.2080576 	 1.3921075
0.17873757 	 1.8292102
0.18097873 	 1.7141635
0.19723792 	 1.7946324
0.12157514 	 2.3348644
0.09352987 	 2.3603306
0.06841055 	 1.6867409
0.057455044 	 2.282372
0.0682944 	 1.7697917
0.061820053 	 1.647502
0.06874205 	 1.6926281
0.07565385 	 2.4618385
0.08505834 	 1.3535309
0.07704507 	 1.8922176
0.13732965 	 2.6110382
0.10906201 	 2.4747295
0.11383237 	 2.1832726
0.07536935 	 1.7503308
0.060516205 	 2.1369004
0.073992334 	 1.5388606
Summary
0.009001594  -  0.47474325 ,  0.525527  -  3.330983
accuracy:  100.0
equal predictions:  0
TensorFlow version: 1.13.1
Found 939 images belonging to 1 classes.
argN = 784
argN = 784
0.19354735 	 3.019128
0.22877817 	 2.8212168
0.21879011 	 2.0863333
0.45637405 	 2.763326
0.5148001 	 2.4526389
0.20486516 	 3.127522
0.13037094 	 3.8942308
0.09433921 	 3.599174
0.08776298 	 3.6625562
0.08318556 	 2.6755798
0.07541158 	 2.5534015
0.078896694 	 2.0748427
0.110462315 	 1.9472054
0.08739357 	 2.0886738
0.13366158 	 2.1069362
0.15155773 	 2.1175642
0.07708305 	 2.8651388
0.070686005 	 2.8912978
0.05785309 	 2.538713
0.07390916 	 2.10075
0.09961589 	 2.2601244
0.12003788 	 3.1245804
0.10718724 	 2.722957
0.28301805 	 2.0227349
0.09209902 	 2.4563828
0.0671705 	 3.1786518
0.12439232 	 2.4161901
0.06890819 	 2.023922
0.059180092 	 3.3318167
0.034969177 	 3.0006955
0.039001882 	 3.5737073
0.100089446 	 3.602849
0.17069748 	 2.420117
0.20480664 	 3.4575493
0.3410768 	 2.0588684
0.28272596 	 2.6065474
0.30237538 	 2.3183954
0.16404651 	 2.5038538
0.47457558 	 3.2388232
0.47290346 	 2.4168048
0.13190371 	 3.040286
0.17242502 	 2.6376822
0.05787507 	 2.593014
0.05058044 	 2.6944199
0.24002573 	 2.4391098
0.19778323 	 3.0626976
0.20345621 	 2.6417167
0.14231291 	 3.0808663
0.056110784 	 3.366601
0.04034281 	 4.718384
0.029977234 	 3.5394683
0.03756775 	 2.4732952
0.045581892 	 3.8309891
0.06453617 	 2.863529
0.03946662 	 2.6158957
0.05049135 	 3.2678103
0.064248264 	 2.0836132
0.050549906 	 2.4127445
0.052590076 	 2.2660131
0.04856876 	 2.7113209
0.10528842 	 3.0421038
0.021921141 	 2.6976025
0.031085592 	 3.0169985
0.017873766 	 1.7469062
0.005115458 	 2.9982173
0.0076779276 	 3.2152257
0.0076815314 	 2.726497
0.013951373 	 2.568858
0.022666845 	 3.088452
0.026233913 	 3.9597788
0.03688451 	 3.0275877
0.052277077 	 2.7724411
0.082159795 	 2.0550053
0.37692416 	 2.1918502
0.3093197 	 1.7718313
0.3174323 	 2.295493
0.2937399 	 2.252802
0.12574215 	 2.3443923
0.13596731 	 2.084929
0.14946854 	 2.5757456
0.17516373 	 2.7461436
0.14562833 	 2.381873
0.2850583 	 3.031273
0.17798062 	 2.173958
0.1649524 	 2.098504
0.23316221 	 3.0013654
0.27627257 	 2.408818
0.24493787 	 2.6371114
0.18345161 	 3.1397936
0.04815863 	 2.893476
0.05611198 	 2.6219888
0.01407831 	 2.0065992
0.0741616 	 2.5323176
0.0722622 	 2.4641933
0.021922726 	 3.181134
0.025850577 	 3.2564378
0.010173517 	 3.4320097
0.016730487 	 2.790443
0.006473048 	 3.121561
0.023224583 	 3.773667
0.041140206 	 1.6454456
0.02743455 	 1.6924276
0.0355626 	 1.7936366
0.027219236 	 1.778804
0.02275416 	 1.7693384
0.03369171 	 2.0103436
0.02894477 	 2.0948277
0.021843892 	 2.006851
0.039774828 	 2.3863971
0.035019424 	 2.428762
0.050907455 	 1.9185301
0.016721275 	 2.2465377
0.025775652 	 2.2246811
0.024785763 	 2.053839
0.028871024 	 1.6320531
0.019598978 	 2.2872794
0.029599704 	 2.1625803
0.011544327 	 1.7450304
0.029770583 	 2.9458938
0.023272106 	 1.0321507
0.027631039 	 1.5034212
0.023229279 	 1.5277605
0.024512498 	 1.5152904
0.024150398 	 3.0537705
0.03383727 	 2.3481925
0.020618182 	 1.5733913
0.028461346 	 1.7769402
0.03261107 	 1.706929
0.04056339 	 1.9903603
0.03486357 	 1.4177132
0.02189263 	 1.5343033
0.025869599 	 1.0097278
0.02646346 	 1.4748628
0.02552052 	 1.5818908
0.019984365 	 1.5511765
0.023171753 	 1.4173611
0.02175355 	 1.953435
0.023226412 	 1.5377709
0.02187807 	 1.8280932
0.012821443 	 1.2531682
0.015612551 	 2.296391
0.010255472 	 1.7399089
0.008628593 	 1.7442583
0.0038328813 	 1.507896
0.0078053316 	 1.1882051
0.010255472 	 1.4308683
0.008967673 	 2.5616379
0.01541272 	 1.8160679
0.014262214 	 1.024847
0.012254272 	 1.949763
0.018090295 	 2.5285838
0.02515011 	 2.1784253
0.010570346 	 2.0854445
0.011525636 	 2.4890656
0.02055466 	 1.5109288
0.011797183 	 1.9006224
0.012836236 	 1.8564663
0.0194023 	 1.5393622
0.015382698 	 2.0396852
0.0076934244 	 1.1947758
0.009187996 	 2.4078255
0.012022474 	 2.1682682
0.012791197 	 1.2174709
0.008967613 	 2.656986
0.0012788601 	 1.6491466
0.009054161 	 2.0016377
0.011886027 	 2.707516
0.014657646 	 2.6898484
0.015421074 	 1.7783366
0.013712353 	 1.2582253
0.0219223 	 1.6514287
0.03440368 	 1.7884582
0.03371181 	 2.4297924
0.040020283 	 1.6105005
0.061822206 	 1.736949
0.04494079 	 1.3041596
0.06454863 	 2.222721
0.069076724 	 1.90686
0.052191734 	 1.2844702
0.05499652 	 1.632474
0.03955312 	 1.7362045
0.037412737 	 1.5011785
0.047489993 	 1.6199859
0.039162163 	 2.6509807
0.037139032 	 1.7946324
0.033816803 	 1.4929603
0.035203453 	 1.5709709
0.04434975 	 1.7381808
0.04424215 	 2.3589966
0.042216867 	 1.1758987
0.03295185 	 1.2250999
0.33929828 	 1.651789
0.38734674 	 1.9004729
0.2677948 	 1.7508985
0.31233776 	 1.8629786
0.32334328 	 1.7263092
0.30338675 	 2.0174222
0.17589375 	 2.2451725
0.19492154 	 2.3332534
0.18319479 	 2.5638824
0.18146937 	 2.40461
0.18842974 	 2.7042918
0.19347416 	 2.6037998
0.14332953 	 2.5348513
0.12959279 	 2.145757
0.13533252 	 1.7635362
0.14229278 	 2.413165
0.10118245 	 1.9563276
0.13619658 	 2.9137065
0.14944951 	 2.314375
0.1458363 	 2.5792878
0.13272178 	 2.0119066
0.13611749 	 2.6826768
0.13283171 	 2.8119051
0.15857239 	 1.5179828
0.13497002 	 2.4174705
0.16221286 	 2.1171432
0.32408082 	 1.6557145
0.39926565 	 1.9007021
0.4071117 	 2.0201225
0.30447277 	 1.6130626
0.25696576 	 2.496682
0.2317466 	 1.94737
0.20091143 	 2.815816
0.20173517 	 1.962209
0.32177657 	 1.6287583
0.22527055 	 2.3622124
0.2062191 	 2.3642306
0.23329474 	 3.0473356
0.2176068 	 2.7725632
0.22341269 	 2.4436753
0.19914114 	 1.8351499
0.16912241 	 2.2674215
0.123349324 	 2.8588543
0.14521183 	 2.8511443
0.18097052 	 2.537442
0.1451729 	 2.4704332
0.12330779 	 3.066501
0.15413919 	 2.4607975
0.10479042 	 3.668402
0.086546615 	 3.3651667
0.0909226 	 1.7676057
0.09569778 	 2.4376767
0.08373235 	 1.3279405
0.09351541 	 3.3685358
0.07544327 	 2.0632625
0.07813694 	 3.2616327
0.11189245 	 2.7667012
0.11364618 	 1.6615771
0.1272097 	 2.062237
0.13220632 	 2.2329304
0.15398282 	 2.5075169
0.17009233 	 2.3081598
0.17381307 	 2.3547997
0.29506135 	 1.1421076
0.34928852 	 1.3365744
0.34309086 	 1.7195181
0.20300448 	 1.8351451
0.16005333 	 2.1071362
0.120618045 	 1.6669365
0.08501291 	 2.6218305
0.0673842 	 2.8801215
0.07558262 	 2.8612847
0.06438099 	 1.6464348
0.0631776 	 2.9998858
0.06789529 	 2.7523193
0.07958841 	 2.9507937
0.086594515 	 3.0165358
0.09084003 	 1.4946408
0.12191357 	 1.3187371
0.11288439 	 2.0896463
0.1550399 	 1.603383
0.13635813 	 2.5676196
0.16635884 	 2.4050627
0.22181204 	 2.2579553
0.21783806 	 2.3440921
0.35687697 	 1.9015619
0.37353003 	 1.564823
0.33658162 	 1.5895647
0.34963477 	 1.6714205
0.3742197 	 1.7301204
0.38598981 	 1.591505
0.3327116 	 1.5904044
0.2848603 	 1.6094949
0.28411034 	 1.7086769
0.299055 	 1.4805604
0.25886708 	 1.8669492
0.2444129 	 1.9227476
0.23395279 	 1.5990577
0.21970549 	 2.1095262
0.21734172 	 1.9009908
0.18493417 	 2.5961044
0.12312238 	 3.029724
0.14205126 	 3.2975533
0.12647234 	 1.3700451
0.12912174 	 1.7516042
0.12481206 	 2.2948756
0.11593669 	 2.8127902
0.13440214 	 2.1424947
0.13097799 	 1.7305936
0.117422335 	 2.6563194
0.10965872 	 2.3618138
0.14821947 	 2.208463
0.1499164 	 2.2698765
0.23022635 	 2.3965492
0.23310833 	 2.1772633
0.23284054 	 2.2719693
0.22520329 	 2.453218
0.18420511 	 2.0326984
0.20898223 	 1.2476397
0.18097052 	 2.3468876
0.18868907 	 2.2051861
0.16523509 	 2.401343
Summary
0.0012788601  -  0.5148001 ,  1.0097278  -  4.718384
accuracy:  100.0
equal predictions:  0
TensorFlow version: 1.13.1
Found 939 images belonging to 1 classes.
argN = 784
argN = 784
0.1961564 	 2.369943
0.2050365 	 2.8131964
0.4502558 	 2.6111956
0.17059192 	 2.0193374
0.17059384 	 2.5236108
0.056973103 	 1.4900261
0.0419659 	 2.821504
0.087515675 	 2.278641
0.07581028 	 1.7379202
0.06048315 	 2.2827358
0.084849976 	 1.5380433
0.09193656 	 2.7321255
0.1512307 	 2.2260256
0.13721602 	 2.1064448
0.09716664 	 2.616505
0.08571498 	 3.6732655
0.060464595 	 2.6798427
0.07121864 	 3.0023968
0.14508902 	 2.997066
0.13763727 	 2.485845
0.3062717 	 2.8888588
0.2919297 	 2.390906
0.20060478 	 1.8720868
0.16688932 	 2.8068748
0.1265368 	 2.5544865
0.076371 	 2.670724
0.093945295 	 2.4144268
0.022917895 	 2.8349977
0.019127343 	 3.3516867
0.00511408 	 2.4512415
0.011007589 	 2.7736728
0.021916512 	 1.6073395
0.03372309 	 2.6570294
0.059163842 	 2.5223863
0.12298237 	 3.1630366
0.19631808 	 2.1068604
0.2677259 	 2.1254034
0.33362997 	 2.5746458
0.31321773 	 2.3989322
0.23507065 	 2.3721092
0.1851672 	 2.359969
0.13910176 	 2.6366792
0.23266031 	 3.0324779
0.30608436 	 2.0519564
0.20996779 	 2.9472125
0.30578426 	 2.5113842
0.16520648 	 2.3966985
0.1725173 	 3.112797
0.09852604 	 3.6192613
0.096741214 	 3.260425
0.024532106 	 3.9563055
0.06958325 	 2.054209
0.061067138 	 2.3743334
0.11570908 	 2.0174618
0.09940671 	 2.0297213
0.085883126 	 2.525621
0.086858824 	 2.4451418
0.042758495 	 3.403544
0.041212566 	 3.385283
0.04281119 	 3.2059155
0.067277916 	 2.6851528
0.05505402 	 2.5852203
0.073517695 	 2.6075883
0.043930694 	 2.0649295
0.060642984 	 3.0827045
0.041596618 	 3.431499
0.008967854 	 2.8670907
0.0076541426 	 2.6613657
0.0038078714 	 3.8112307
0.0025532627 	 2.859497
0.012400304 	 3.1474268
0.08515971 	 3.4454865
0.055452812 	 2.655396
0.21973208 	 1.4956883
0.16700526 	 2.7734554
0.13041434 	 3.1642041
0.13874795 	 2.5876079
0.14632288 	 3.0017467
0.15348151 	 2.768562
0.22955711 	 2.6915426
0.24221087 	 1.90501
0.12370299 	 3.406283
0.083771884 	 2.9560869
0.07535168 	 3.4002016
0.08050747 	 3.05298
0.108446926 	 2.1330442
0.08540527 	 2.4843922
0.07818025 	 1.9902093
0.08222612 	 2.911163
0.053623676 	 2.6045034
0.055656586 	 2.3953617
0.028455092 	 2.5943425
0.026192795 	 3.3308046
0.033682775 	 2.7207234
0.0128303785 	 2.0927641
0.018677061 	 2.7374039
0.024533754 	 3.154839
0.032250024 	 3.1655254
0.017983237 	 2.4896302
0.029785013 	 3.178722
0.013378728 	 2.8195312
0.039363325 	 2.7446074
0.035962284 	 2.8328803
0.038124576 	 2.71119
0.04438296 	 2.5914953
0.038962282 	 1.6148936
0.02847306 	 1.8748549
0.032305922 	 1.0058471
0.027047202 	 2.002357
0.019122846 	 1.411354
0.020618243 	 1.0371405
0.017554218 	 1.3225336
0.02288167 	 1.1719091
0.017985422 	 1.3914417
0.015309158 	 2.0957084
0.013830617 	 2.0132306
0.019273652 	 1.5922687
0.0075254366 	 2.2641475
0.009730319 	 1.2083242
0.029512588 	 1.8974978
0.02323416 	 1.5992365
0.023392726 	 1.8729975
0.031542234 	 1.8120683
0.03294711 	 1.8539609
0.024465282 	 2.1033013
0.024866845 	 2.3989742
0.028867956 	 1.7780554
0.041314125 	 1.7800487
0.024827922 	 2.4849472
0.025187824 	 2.516696
0.022120938 	 1.2998896
0.027157621 	 2.4426649
0.033742018 	 1.481071
0.024879312 	 1.9519424
0.027147638 	 1.6541017
0.036879685 	 1.7630597
0.016528191 	 1.3377221
0.028285543 	 2.781595
0.023737034 	 1.7169316
0.020742072 	 1.9696654
0.016720548 	 1.6221397
0.01154499 	 2.1784074
0.01293924 	 1.2849452
0.01578602 	 1.6669229
0.010538179 	 1.2244879
0.012845412 	 2.1853538
0.008967553 	 2.6388562
0.01393717 	 1.5883235
0.010249269 	 2.900483
0.008967673 	 1.7817719
0.011542338 	 2.8430665
0.0179887 	 2.295094
0.01516736 	 1.6528208
0.0128361145 	 2.1870615
0.010248727 	 2.4625418
0.010255351 	 2.0227833
0.012835993 	 1.7108004
0.020620858 	 1.9107525
0.016797706 	 1.3874006
0.010255472 	 1.4215637
0.008967673 	 1.3881382
0.014299398 	 2.0553865
0.010255472 	 2.1291668
0.015402793 	 1.9953654
0.011545051 	 1.5094558
0.014128968 	 2.2446666
0.0076814713 	 1.2195308
0.010916293 	 2.9688585
0.014131265 	 2.2194166
0.015352676 	 1.7120726
0.010833501 	 1.6439122
0.0132372035 	 2.559676
0.011478184 	 1.0668284
0.008973928 	 2.4309018
0.008617049 	 2.111409
0.0051141395 	 1.4539473
0.012832009 	 1.9730006
0.014068577 	 1.5476555
0.021336121 	 1.289127
0.010335325 	 2.1336002
0.020497348 	 1.8336936
0.018965928 	 1.0918943
0.02530513 	 2.4154458
0.029607562 	 1.5706893
0.023105567 	 1.96734
0.040863927 	 1.9398376
0.034144983 	 1.3571578
0.050508216 	 1.6233033
0.046660475 	 1.0756325
0.03112771 	 1.5239651
0.05000893 	 2.03673
0.033177275 	 2.1669724
0.037790876 	 1.4053862
0.025839444 	 1.4438998
0.040512927 	 1.5872864
0.041743767 	 1.7909162
0.03546465 	 2.1360846
0.031952742 	 1.731918
0.04691475 	 1.6248643
0.037618622 	 1.9720353
0.0302136 	 1.3652483
0.026736952 	 1.8012941
0.042513363 	 1.6030575
0.027075065 	 1.3385066
0.027601628 	 0.9662197
0.03286592 	 1.3556262
0.29076743 	 1.4034013
0.31538334 	 1.8274033
0.22246353 	 2.1948993
0.24288127 	 1.6756923
0.24464871 	 1.6212234
0.29672745 	 2.1414716
0.13775061 	 2.8414295
0.1170345 	 2.3803775
0.11542098 	 2.6983204
0.10219254 	 2.0121305
0.15645464 	 3.0275483
0.1517958 	 2.847906
0.13669045 	 3.009355
0.15327153 	 2.9980645
0.117771626 	 2.6263912
0.091931194 	 2.0589805
0.09784785 	 2.3204074
0.09747956 	 3.2970858
0.085979775 	 2.7627904
0.094561085 	 2.9912364
0.08765353 	 2.3025503
0.121889055 	 2.2657707
0.09211934 	 1.8763494
0.103686 	 1.2739896
0.11221107 	 2.638244
0.380292 	 2.1573927
0.18750745 	 2.5854914
0.14654619 	 2.898135
0.15786076 	 1.4519353
0.15603514 	 1.8547063
0.15531097 	 2.6572614
0.15815032 	 2.550275
0.1683229 	 2.5910442
0.20607553 	 2.497393
0.20057732 	 2.4914308
0.20338002 	 1.6746621
0.2117942 	 3.2690914
0.17725341 	 2.711949
0.20274924 	 1.8200755
0.16793689 	 2.7459996
0.149678 	 2.8349204
0.13873056 	 2.0221057
0.14296205 	 1.5455849
0.1128946 	 2.755591
0.11033778 	 2.7295198
0.14230694 	 2.2541122
0.13560656 	 1.2810788
0.11316475 	 2.7463377
0.12913266 	 2.4460633
0.12293404 	 3.231188
0.11868902 	 3.14105
0.119045 	 1.2083907
0.08669786 	 3.5051754
0.060457505 	 3.109005
0.109227076 	 2.2866697
0.1311601 	 1.5890182
0.13403963 	 2.8416033
0.18128729 	 1.7139094
0.15963776 	 2.621145
0.2607591 	 1.8770409
0.29928422 	 1.5690161
0.32069796 	 1.5004358
0.28054488 	 1.2581083
0.26604182 	 1.5410162
0.2104624 	 1.4939044
0.106154725 	 1.9214858
0.099679366 	 1.7069443
0.050785854 	 2.8642957
0.067684166 	 2.8360946
0.062435657 	 2.7343068
0.06452307 	 1.9681997
0.07599972 	 2.9962428
0.14131333 	 2.6774042
0.15287857 	 2.674502
0.21991313 	 2.2222931
0.23983291 	 1.90684
0.24270734 	 2.061887
0.32056054 	 1.3579289
0.29034182 	 1.9777472
0.31602722 	 1.5047175
0.33118147 	 1.5662417
0.3128205 	 1.678565
0.26941058 	 1.7913693
0.31512582 	 1.3288785
0.22717316 	 1.8634264
0.21990436 	 1.3372365
0.22875059 	 1.5052581
0.15815096 	 2.7304034
0.15739065 	 2.7890556
0.15841831 	 2.5189424
0.1052969 	 1.4945269
0.10619178 	 2.3453224
0.08452309 	 3.8838825
0.10534915 	 3.258056
0.10898763 	 2.638494
0.08212873 	 2.8250496
0.11744633 	 1.5719662
0.17518355 	 2.6554096
0.17597649 	 2.4840233
0.20965254 	 2.7772844
0.181301 	 2.821535
0.155105 	 3.0807261
0.12084032 	 2.4864311
0.13496476 	 2.5700512
0.1000517 	 1.7591723
0.12229993 	 3.1272242
0.113883935 	 1.8520739
Summary
0.0025532627  -  0.4502558 ,  0.9662197  -  3.9563055
accuracy:  100.0
equal predictions:  0
TensorFlow version: 1.13.1
Found 939 images belonging to 1 classes.
argN = 784
argN = 784
0.14423041 	 1.0862104
0.22313936 	 1.063836
0.22813827 	 0.6396833
0.19417113 	 1.0579357
0.17945965 	 0.56594574
0.12649797 	 0.33608836
0.19933291 	 1.0165627
0.20841111 	 0.6443458
0.23560989 	 0.62846935
0.1837014 	 0.87500733
0.31101626 	 0.7983953
0.2559689 	 0.71822804
0.14126919 	 0.37635422
0.11243175 	 0.6421586
0.112052575 	 1.0621923
0.2459763 	 0.5120002
0.17201582 	 0.5772473
0.16426826 	 0.45137528
0.22383027 	 0.6675455
0.25165334 	 0.65958947
0.3593162 	 0.8583557
0.19087027 	 0.24618511
0.1559204 	 0.5865466
0.19849354 	 0.45732117
0.07091454 	 1.1190606
0.10870598 	 0.8479138
0.10959686 	 1.7009555
0.07520984 	 0.6443272
0.1272174 	 0.9383939
0.12099119 	 0.71622807
0.14821014 	 0.52907866
0.11908824 	 0.9784552
0.0931105 	 1.0420412
0.12653843 	 1.1681664
0.16985941 	 0.8799651
0.08662376 	 0.58796334
0.11599914 	 0.41370416
0.13311738 	 1.9571707
0.16486278 	 0.8059108
0.17376046 	 0.2770183
0.19564576 	 1.1282634
0.21867847 	 1.0288471
0.25180912 	 0.5940149
0.2512155 	 0.6662178
0.18976931 	 0.82676196
0.09946307 	 0.33121556
0.039984737 	 0.53713953
0.06273935 	 0.48891228
0.102352716 	 0.64332885
0.16546567 	 1.0160382
0.12866385 	 0.7219976
0.17199239 	 0.77323014
0.20201686 	 0.734823
0.27356428 	 0.7989233
0.28786066 	 0.671074
0.2590588 	 0.6377571
0.24113242 	 0.5195274
0.19335352 	 0.8522186
0.1667727 	 0.27626014
0.35867473 	 0.5635942
0.08966405 	 0.5043479
0.15884818 	 1.8115593
0.17916463 	 0.5984663
0.19541825 	 0.7818192
0.12749098 	 0.6781327
0.13074008 	 1.5727125
0.09796907 	 0.7172798
0.24574436 	 0.60300076
0.24501638 	 0.5998505
0.24186866 	 0.56661147
0.29903314 	 1.2009455
0.24067175 	 0.39116806
0.14256412 	 0.47968677
0.14214422 	 0.7645997
0.14127812 	 0.8818034
0.1348158 	 0.6668748
0.54110855 	 0.67185414
0.17297757 	 0.65698785
0.18812877 	 0.94698143
0.1759015 	 1.107828
0.17393535 	 0.58675665
0.028536595 	 0.44808537
0.015419742 	 0.3071603
0.24684657 	 0.89769834
0.25003022 	 0.5604625
0.2332267 	 0.52752066
0.2714463 	 0.51618516
0.35322267 	 0.5552469
0.29512197 	 0.59682864
0.22948678 	 0.6310254
0.21169828 	 0.6755209
0.20421983 	 0.55503523
0.094969794 	 0.8713815
0.15810522 	 0.22483386
0.02738346 	 0.2507578
0.021923091 	 0.48110774
0.020968962 	 0.81143063
0.024532167 	 0.527275
0.023338363 	 0.87443525
0.021966655 	 0.19946446
0.016997512 	 0.32686973
0.020781932 	 0.37243855
0.0128361145 	 0.5787335
0.013206763 	 0.39746273
0.034845177 	 0.68690205
0.054977063 	 0.92133385
0.071347296 	 0.42191842
0.071495496 	 0.53320587
0.075385354 	 1.2377987
0.08765497 	 0.52500594
0.11057908 	 1.0195502
0.14547224 	 1.0502516
0.15093093 	 0.54085875
0.18648228 	 0.55493885
0.21046609 	 0.48279345
0.23132585 	 0.73018223
0.21848972 	 0.56170577
0.24226555 	 0.6685101
0.24601533 	 0.766097
0.21321245 	 0.76784056
0.2113878 	 0.91943854
0.2204467 	 0.9094446
0.22107516 	 0.55362684
0.24288659 	 0.60427654
0.24179928 	 0.88401955
0.22976589 	 0.61811316
0.28031427 	 0.68765104
0.25216988 	 0.67736334
0.27904028 	 0.5222993
0.3872441 	 0.703964
0.3376897 	 0.6751536
0.37954396 	 0.63798463
0.37158868 	 0.80475163
0.34069037 	 0.75914323
0.343139 	 0.7757936
0.326455 	 0.8317983
0.31152093 	 0.60557204
0.3344764 	 0.82875633
0.2703292 	 0.7133409
0.3347721 	 0.6623999
0.35959134 	 0.5462798
0.3293144 	 0.8266369
0.3153817 	 0.91607785
0.27427414 	 0.9370496
0.25985113 	 0.8527715
0.24576029 	 0.64855397
0.2504397 	 0.5283465
0.23312135 	 0.6732791
0.22878535 	 0.5529257
0.24441746 	 0.66058224
0.2388663 	 0.63675606
0.23965336 	 0.8067481
0.22105293 	 0.9737956
0.18960287 	 0.5815573
0.20758185 	 0.8170293
0.19462794 	 0.79087085
0.20180197 	 0.4697154
0.16871485 	 0.6936792
0.1782373 	 0.38452783
0.17897977 	 0.88475233
0.18468256 	 0.6626457
0.19704004 	 0.5476041
0.19542913 	 0.53713655
0.17969511 	 0.68342125
0.15180537 	 0.85532784
0.14269617 	 0.54726917
0.1328083 	 0.7107516
0.13835162 	 0.8806734
0.13212278 	 0.5986615
0.12739924 	 0.6473528
0.09633014 	 0.70642316
0.09054771 	 0.58523417
0.099421784 	 0.6693335
0.09285559 	 0.6546544
0.1236066 	 0.7252111
0.11896967 	 0.8474097
0.13927557 	 0.8978461
0.15401174 	 0.699831
0.15551797 	 0.61048824
0.1614744 	 0.9479796
0.15210804 	 0.9216957
0.15021917 	 0.8005898
0.16277137 	 0.65774214
0.17765935 	 0.6141138
0.17452316 	 0.60929936
0.18048777 	 1.0223999
0.1761753 	 1.0921702
0.16750535 	 0.88612986
0.18188722 	 0.73996556
0.16191189 	 0.30575562
0.13720796 	 0.8988996
0.12234061 	 0.49399608
0.12995511 	 0.58349776
0.12416225 	 0.5080414
0.18146543 	 1.8220196
0.19098412 	 2.140269
0.15120143 	 2.15516
0.1460439 	 1.6953793
0.14957196 	 2.2700675
0.11350629 	 1.6731087
0.113765046 	 3.042917
0.11536386 	 2.0586252
0.1390925 	 0.6688328
0.10052784 	 2.4747317
0.11357332 	 2.0393782
0.14101247 	 1.5693917
0.15269926 	 2.025553
0.13532503 	 2.6203542
0.12193296 	 2.3343208
0.10770184 	 2.319588
0.13765465 	 1.7526171
0.1381463 	 1.657631
0.12017984 	 2.339996
0.12186058 	 1.8684698
0.12213337 	 1.6246505
0.11638289 	 1.8418409
0.13193193 	 1.9983175
0.11134624 	 0.861414
0.12062127 	 2.6370316
0.13061413 	 1.9866108
0.11617453 	 2.4900005
0.13673453 	 1.874033
0.11608991 	 1.8201815
0.12833269 	 0.6489726
0.17455177 	 0.7909672
0.16203846 	 2.1199403
0.15901726 	 1.9768392
0.15266822 	 2.1955943
0.1502311 	 2.2353218
0.18300875 	 1.6976599
0.48051023 	 1.3411723
0.3413652 	 1.4580253
0.24077034 	 2.0844371
0.22215436 	 2.179266
0.23062786 	 1.9184676
0.24699147 	 0.8682108
0.25237536 	 2.0009625
0.22675112 	 1.7036816
0.19141443 	 2.0918357
0.23256764 	 1.6399055
0.27944276 	 0.64109457
0.37396935 	 2.0324545
0.2519026 	 1.4825615
0.090813264 	 2.092154
0.12166191 	 2.640115
0.15703958 	 2.3605914
0.21713619 	 2.0365977
0.2158438 	 1.332036
0.13463022 	 1.3649428
0.08625087 	 1.1828885
0.11330987 	 2.221226
0.12197269 	 2.1735828
0.1445538 	 1.5956419
0.14294404 	 2.0378616
0.14707854 	 2.3675828
0.17167006 	 1.8795198
0.17823026 	 1.8114415
0.18858066 	 1.954702
0.16750212 	 1.5824628
0.2350876 	 1.1941378
0.19467139 	 1.4970881
0.19370708 	 1.5770706
0.20826025 	 1.7526932
0.24700893 	 1.8498313
0.33470413 	 1.4269917
0.3520692 	 1.2276069
0.39870095 	 1.5042245
0.45410982 	 1.1792831
0.50187767 	 1.3535911
0.42687675 	 1.4992123
0.23133028 	 1.2396529
0.14130303 	 0.73746693
0.13954018 	 1.8125185
0.07755997 	 1.4473615
0.10815401 	 1.2447097
0.106807 	 1.6345761
0.11458331 	 1.3942198
0.09625112 	 2.1534014
0.1146013 	 2.0692508
0.10268701 	 1.9422679
0.08553934 	 1.9061244
0.07951013 	 2.6941173
0.1006325 	 1.6698369
0.108546644 	 2.0340817
0.11251286 	 2.5146394
0.10523028 	 1.747823
0.11478787 	 1.0245928
0.15008765 	 1.5641116
0.19533311 	 1.849922
0.18550308 	 1.6614499
0.24002126 	 1.4501346
0.21869487 	 1.4049914
0.19300492 	 1.9082545
0.28831545 	 1.4007987
0.2557424 	 1.6435393
0.26086113 	 1.7881225
0.286369 	 1.2690016
0.2885339 	 0.8259348
0.27246642 	 1.2134321
0.20600215 	 0.77552694
0.1822982 	 2.4118805
0.15861206 	 1.4714961
0.1616197 	 2.4291298
0.21985312 	 1.71487
0.24394631 	 1.3940849
0.22305688 	 1.7385066
0.21228307 	 1.6408236
0.20911108 	 1.8032004
0.17215316 	 2.058689
0.17358048 	 2.0842607
0.15092747 	 1.9818401
0.207066 	 1.1704177
0.20388031 	 2.006663
Summary
0.0128361145  -  0.54110855 ,  0.19946446  -  3.042917
accuracy:  100.0
equal predictions:  0
