TensorFlow version: 1.13.1
Found 939 images belonging to 1 classes.
argN = 49
argN = 49
0.17736003 	 0.3241799
0.51549125 	 0.68381065
0.3072556 	 0.80516154
0.4239262 	 0.54816777
0.107504964 	 0.5862976
0.0784174 	 0.36344627
0.076093175 	 0.39993617
0.07488576 	 0.4236911
0.30325323 	 0.41448855
0.27560014 	 0.31793186
0.170736 	 0.5883076
0.1948985 	 0.23428656
0.16221076 	 0.22547232
0.13231933 	 0.50856435
0.4466041 	 0.81581116
0.18557571 	 0.3694089
0.17553543 	 0.49595812
0.1795565 	 0.56555724
0.14517145 	 0.30527067
0.054814856 	 0.32542217
0.043569464 	 0.6915583
0.0784321 	 0.5372881
0.080745555 	 0.5370196
0.07220588 	 0.46845177
0.19710892 	 0.45337692
0.21247421 	 0.5291242
0.2457946 	 0.61205876
0.26816764 	 0.78127635
0.27067545 	 0.54470193
0.24639411 	 0.3745108
0.12294584 	 0.6310254
0.29305974 	 0.48476914
0.33855763 	 0.50354433
0.4069395 	 0.60816914
0.22627851 	 0.5734181
0.49268758 	 0.42640263
0.57884973 	 0.33613372
0.20167232 	 0.56945014
0.21861625 	 0.74126196
0.31703597 	 0.39246082
0.17384124 	 0.33405867
0.27871794 	 0.616199
0.26014465 	 0.548412
0.15255353 	 0.64882076
0.121881716 	 0.8651839
0.20420346 	 0.64100575
0.17425975 	 0.6036393
0.16890742 	 1.2335736
0.17404409 	 0.92697936
0.29101524 	 0.65936035
0.3717299 	 0.6061244
0.47499087 	 0.40698534
0.16371922 	 0.2622615
0.3041467 	 0.38791624
0.38450962 	 0.9086966
0.19190024 	 0.8142307
0.28312415 	 0.45747507
0.23835441 	 0.8235667
0.16212271 	 0.5805652
0.06826906 	 0.77700526
0.029261597 	 0.58639497
0.09914841 	 0.49037877
0.19551559 	 0.335898
0.2856524 	 0.5263849
0.1840103 	 0.35780606
0.21792686 	 0.35751814
0.12302099 	 0.35364363
0.24877788 	 0.5000268
0.33179954 	 0.46570277
0.1611878 	 0.56441486
0.27536446 	 0.76672643
0.25489634 	 0.70183283
0.28205463 	 0.38710797
0.29467392 	 0.429518
0.30599195 	 0.70685524
0.30653036 	 0.4071642
0.14854269 	 0.5589772
0.12628661 	 0.47527462
0.15737586 	 0.7125917
0.053941876 	 0.5507756
0.02230968 	 0.522047
0.33116576 	 0.7071116
0.38470277 	 0.84908015
0.362136 	 0.5056454
0.25871697 	 0.5934121
0.28134707 	 0.84378505
0.2845948 	 0.599734
0.24220456 	 0.43714905
0.12525359 	 0.3971988
0.19755721 	 0.55929476
0.15498152 	 0.37035093
0.21533076 	 0.5415841
0.17873757 	 0.5847832
0.118905626 	 0.4012258
0.16397859 	 0.33829826
0.10839651 	 0.6082078
0.06074812 	 0.45722166
0.08614952 	 0.46150872
0.09173799 	 0.850009
0.24716736 	 0.5482851
0.3077123 	 0.5954927
0.29782712 	 0.35463566
0.3016856 	 0.39118022
0.27472332 	 0.8267731
0.27384806 	 0.49503148
0.20447677 	 0.6039914
0.19368428 	 0.33771625
0.16159399 	 0.37256062
0.15420902 	 0.43171662
0.17910439 	 0.417771
0.16512787 	 0.39038518
0.15105757 	 0.4731979
0.13071263 	 0.50786376
0.14725332 	 0.28234005
0.15789245 	 0.28424624
0.21452692 	 0.5536907
0.19021474 	 0.32530168
0.12862508 	 0.55578935
0.18273902 	 0.836497
0.18891215 	 0.5551136
0.24776083 	 0.5224883
0.18008298 	 0.5387501
0.11704992 	 0.55903745
0.2959739 	 0.4850696
0.20702831 	 0.23461089
0.23705645 	 0.4495033
0.20103079 	 0.35982108
0.19335727 	 0.39126518
0.16662778 	 0.4910834
0.22488417 	 0.6011256
0.14428364 	 0.7988775
0.094058245 	 0.5136967
0.12877686 	 0.7749097
0.14345117 	 0.6206984
0.06498863 	 0.87036395
0.108895175 	 0.29642645
0.12855926 	 0.26023015
0.0872562 	 1.3562607
0.086586714 	 0.92508
0.12076909 	 0.5486478
0.06221128 	 1.1719126
0.11176813 	 0.8322258
0.08705395 	 0.8928146
0.05869479 	 1.132754
0.06446948 	 0.8567557
0.057254817 	 0.53128546
0.05616582 	 0.55866325
0.16137108 	 0.738122
0.06945227 	 0.53985196
0.1359699 	 0.3020897
0.18867438 	 0.81151986
0.17058337 	 0.76773
0.14340864 	 0.8898491
0.10558614 	 0.7877865
0.12079855 	 0.44814366
0.08946926 	 0.2347338
0.13842076 	 0.37685376
0.09899967 	 0.8523374
0.11934932 	 0.74443203
0.12323618 	 0.88932955
0.17896773 	 0.75292665
0.16763264 	 0.47787306
0.12826018 	 0.39034063
0.048022788 	 0.47466698
0.08464834 	 0.74191976
0.06135717 	 0.62853706
0.0652541 	 0.5467907
0.09211516 	 0.26557475
0.057812672 	 0.67272615
0.08350644 	 0.8771203
0.092332944 	 0.39716077
0.08409976 	 0.3247121
0.05368009 	 0.71961164
0.0828734 	 0.6505164
0.0778085 	 0.5413942
0.096944906 	 0.6182901
0.08666666 	 0.7532699
0.07772578 	 0.61929655
0.08017618 	 0.6184187
0.057006102 	 0.81619036
0.10221763 	 0.7567857
0.12187054 	 0.56894696
0.10594272 	 0.30189902
0.109254666 	 0.22081237
0.12094001 	 0.6100498
0.119253285 	 0.5746774
0.12850985 	 0.6614663
0.11933206 	 0.4390989
0.115263455 	 0.6241946
0.091509886 	 0.59224355
0.100105524 	 0.31476435
0.14072776 	 0.5353617
0.06423759 	 0.6197082
0.071218126 	 0.3423223
0.07577504 	 0.31940427
0.10721869 	 0.6589384
0.08344567 	 0.8076914
0.06439065 	 0.67740333
0.063977346 	 0.7689732
0.06350165 	 0.39693928
0.05429907 	 0.40604496
0.046314552 	 0.45011884
0.034014426 	 0.23730807
0.063543886 	 0.31918985
0.042455275 	 0.28506172
0.065165855 	 0.5329214
0.50131327 	 0.5262488
0.35789078 	 0.49434906
0.30626217 	 0.55085385
0.32599533 	 0.40637743
0.4094518 	 0.42796388
0.3924848 	 0.37665516
0.51303965 	 0.4876291
0.35212183 	 0.63123906
0.2652425 	 0.30932093
0.52813077 	 0.8934225
0.53612715 	 0.7029106
0.289779 	 0.6020481
0.46124956 	 0.22070622
0.27482986 	 0.5383079
0.1779 	 0.6137911
0.24719049 	 0.46636856
0.3634377 	 0.33147043
0.1848271 	 0.4382
0.34406498 	 0.27965668
0.32656568 	 0.44837818
0.38113526 	 0.7140234
0.295647 	 0.41716874
0.27746898 	 0.5109425
0.51700145 	 0.429006
0.48752367 	 0.40761298
0.3186296 	 0.39813676
0.31313276 	 0.3846963
0.34067345 	 0.71143514
0.518847 	 0.40027294
0.38122162 	 0.57250476
0.36307308 	 0.38388976
0.4633463 	 0.41011447
0.4189531 	 0.46729144
0.56890273 	 0.31522566
0.45325145 	 0.7110534
0.34633163 	 0.3767594
0.36560345 	 0.56145346
0.40483567 	 0.52278244
0.39751628 	 0.5892372
0.289842 	 0.4793261
0.60109705 	 0.7739629
0.57555795 	 0.4842619
0.5868853 	 0.34482688
0.4759139 	 0.7359419
0.41103444 	 0.22590922
0.5451836 	 0.59793735
0.46448785 	 0.5078566
0.4574991 	 0.63795257
0.4357074 	 0.7017656
0.33239675 	 0.55623686
0.42714974 	 0.86340857
0.27946812 	 0.35421512
0.34225792 	 0.51056725
0.44642246 	 0.41689938
0.4330732 	 0.6267446
0.45126128 	 0.39770487
0.4253151 	 0.5887442
0.49979815 	 0.44469276
0.3044554 	 0.3953672
0.18661991 	 0.4217432
0.27662078 	 0.9510738
0.20858945 	 0.6334707
0.22207578 	 0.8135822
0.2589707 	 0.5610462
0.33249032 	 0.3615487
0.26276106 	 0.45902985
0.2958436 	 0.57704043
0.33557615 	 0.49719346
0.25208312 	 0.6586106
0.31481114 	 0.840185
0.5010183 	 0.44184983
0.45967686 	 0.44332415
0.44985607 	 0.6224667
0.493564 	 0.28816164
0.38253865 	 0.35472268
0.2619882 	 0.6016407
0.44279897 	 0.33738512
0.47087175 	 0.635134
0.34459835 	 0.7345589
0.29106978 	 0.4593609
0.33665255 	 0.6037438
0.4249823 	 0.39602372
0.3244619 	 0.35695362
0.35399193 	 0.28306922
0.33027884 	 0.79954207
0.3410787 	 0.5049183
0.56225926 	 0.44589037
0.467162 	 0.69001484
0.48422796 	 0.4632172
0.47701773 	 0.35742652
0.5399816 	 0.4264039
0.5985798 	 0.48114613
0.43342435 	 0.63433844
0.18548873 	 0.6783401
0.32136747 	 0.3650583
0.184706 	 0.36531124
0.15857959 	 0.6265354
0.1817396 	 0.63829726
0.4042504 	 0.54175204
0.585121 	 0.3219866
0.6018254 	 0.9267196
0.5713856 	 0.57398844
0.42086267 	 0.5462069
0.3369212 	 0.38926336
0.34413308 	 0.7483948
0.38207573 	 0.76802504
0.3720715 	 0.89426535
Summary
0.02230968  -  0.6018254 ,  0.22070622  -  1.3562607
accuracy:  89.8
equal predictions:  0
TensorFlow version: 1.13.1
Found 939 images belonging to 1 classes.
argN = 49
argN = 49
0.7929166 	 0.9481356
0.43170285 	 0.71498936
0.58740526 	 0.648938
0.46022457 	 1.1203744
0.11009986 	 0.89087534
0.07533509 	 1.2229798
0.20678224 	 1.8995037
0.31715465 	 1.2635074
0.37096253 	 0.99020106
0.3470691 	 1.1586757
0.117571354 	 0.596391
0.14013205 	 0.784291
0.1341546 	 1.0762395
0.27524167 	 1.0162386
0.2924249 	 0.8491311
0.3850349 	 0.93975294
0.18563382 	 0.4350026
0.40829828 	 1.657626
0.18991402 	 0.8566083
0.15020283 	 0.6314206
0.25190622 	 0.40320277
0.2447058 	 0.7525045
0.24884225 	 0.68374455
0.34609425 	 0.47996336
0.3430117 	 0.5829597
0.16683474 	 0.786881
0.006957059 	 1.4132599
0.007231391 	 0.39608118
0.012665872 	 0.51588297
0.060466304 	 0.73617035
0.34133485 	 0.33510688
0.3171944 	 0.64791733
0.6309433 	 1.1614271
0.41993028 	 0.31483784
0.12090933 	 0.699576
0.13320999 	 1.1490159
0.33877808 	 0.9858066
0.6890214 	 0.9827956
0.9460044 	 0.9047134
0.5630258 	 0.5844943
0.7033036 	 0.30872145
0.48775584 	 0.6269727
0.37740391 	 0.43544674
0.2805799 	 0.48019436
0.70038754 	 0.89460987
0.828206 	 1.0891042
0.3038753 	 0.46110258
0.34338868 	 0.4717053
0.16732305 	 0.6761266
0.085680954 	 0.73901945
0.22398476 	 0.8934922
0.13167597 	 0.5291501
0.125977 	 1.0915554
0.07199166 	 1.4197193
0.1299936 	 1.7307026
0.11033585 	 0.74839455
0.1472395 	 0.3986347
0.14241545 	 0.5675497
0.20335665 	 0.4909829
0.30579138 	 0.79891235
0.090466805 	 1.081598
0.34469765 	 0.60561806
0.22943586 	 0.83706635
0.26175153 	 0.58950824
0.24347022 	 0.989028
0.13499942 	 1.061278
0.13710287 	 0.61346763
0.15330404 	 0.5334396
0.2890384 	 0.75746995
0.37935102 	 0.6419494
0.26839375 	 0.27445018
0.27041388 	 0.4860571
0.2427296 	 0.7392425
0.33371595 	 0.30472052
0.36304325 	 0.64109594
0.3259888 	 1.0175043
0.2780019 	 0.45821163
0.32999808 	 0.832629
0.3187092 	 0.3214768
0.37081528 	 0.7761039
0.3544394 	 0.9902096
0.22396061 	 0.9083423
0.27328378 	 0.9569004
0.2541958 	 0.44811726
0.07862494 	 1.3650427
0.13078633 	 1.0260513
0.3828753 	 1.5386444
0.1544411 	 0.39822417
0.09072365 	 0.9513508
0.020759782 	 0.6630989
0.38630518 	 0.61816937
0.22486177 	 0.6165677
0.26959434 	 1.3232908
0.28529534 	 1.3824695
0.14959238 	 0.5438241
0.19105375 	 0.42608523
0.05667677 	 1.3437033
0.120298885 	 1.250513
0.08803007 	 1.392079
0.06486448 	 0.29903227
0.111964375 	 0.82864875
0.107935 	 0.7167303
0.1260544 	 0.79661185
0.097351566 	 0.80269504
0.072139956 	 1.0022519
0.043891333 	 1.1834755
0.064759225 	 0.55810565
0.022994436 	 0.9432953
0.077734604 	 1.6729703
0.10072769 	 0.6940935
0.10031603 	 1.0820967
0.10510838 	 1.2038015
0.11859587 	 0.9023893
0.169056 	 1.3602437
0.24047676 	 0.5491541
0.41146824 	 0.74445236
0.47278354 	 0.3858931
0.33376777 	 0.8736063
0.44205162 	 0.72470146
0.31702337 	 0.88570297
0.42327943 	 0.8429494
0.38420436 	 0.67668766
0.3683942 	 0.4424848
0.33490056 	 0.3319449
0.36827937 	 0.75245726
0.26744378 	 0.43426415
0.3143654 	 0.6149171
0.27144206 	 0.6881575
0.23617767 	 0.6103895
0.3669009 	 0.36841255
0.24248087 	 0.7543245
0.26468533 	 0.7841995
0.26949218 	 1.0185289
0.20518644 	 0.77808017
0.24824822 	 0.65896076
0.24691929 	 0.82323956
0.22942995 	 1.6942582
0.31305173 	 0.86578155
0.29648298 	 1.3051436
0.33730987 	 0.99475884
0.15043655 	 0.74311316
0.1058481 	 0.3402202
0.1591966 	 1.1069729
0.15374027 	 0.88113165
0.19004275 	 0.84126514
0.29608488 	 0.36021474
0.30070952 	 0.5783318
0.11590704 	 0.8432566
0.07542128 	 0.3191769
0.19396393 	 0.8704385
0.10322593 	 1.0807344
0.1285836 	 1.2848939
0.1411286 	 1.3043945
0.052576635 	 0.7856694
0.07594673 	 0.37356675
0.0765074 	 1.2326747
0.063047834 	 0.9428502
0.06864315 	 0.8871973
0.11509224 	 0.38608822
0.10399699 	 1.0813888
0.08355187 	 0.6353546
0.11575352 	 0.6744129
0.079968125 	 0.82228225
0.09940888 	 0.5024414
0.09376473 	 1.1831101
0.0581722 	 0.6128989
0.068695314 	 1.3022003
0.08814008 	 1.1366276
0.07297114 	 0.80449307
0.04349961 	 0.86405367
0.0952893 	 0.59101176
0.050683707 	 1.1588476
0.04280391 	 0.39293113
0.064769655 	 1.1332341
0.04942178 	 0.7851135
0.06112226 	 0.61855346
0.05409916 	 1.25269
0.0270382 	 1.1606905
0.045815736 	 1.1868341
0.034872703 	 0.9243847
0.0651934 	 0.8171475
0.080269635 	 0.99875075
0.051161494 	 0.61145896
0.058656994 	 0.47349608
0.035734065 	 0.83560437
0.021515459 	 0.49401698
0.03275844 	 1.1481382
0.37968868 	 0.83322114
0.27465364 	 0.88347876
0.27035546 	 0.6612092
0.39250284 	 0.6157394
0.28223974 	 0.66528606
0.3101991 	 0.6222328
0.43054667 	 1.1317407
0.39527985 	 0.90926605
0.32863095 	 1.3595396
0.43980208 	 0.96128756
0.26794592 	 0.7564147
0.2124002 	 0.88378495
0.26142478 	 0.57632196
0.24507906 	 1.004092
0.22465856 	 0.7560301
0.32678995 	 0.25467473
0.293788 	 0.8388658
0.3279524 	 0.8353942
0.3018984 	 0.7659924
0.15009631 	 0.70065194
0.21579114 	 0.86710846
0.5014821 	 1.1089846
0.34925097 	 1.0999794
0.1987941 	 0.465118
0.33965585 	 0.4843423
0.2517008 	 0.6106293
0.34238994 	 0.6374067
0.2866971 	 0.49024564
0.28487602 	 0.6588793
0.2196674 	 0.7769905
0.23655176 	 1.1021218
0.2373311 	 0.71249425
0.33229718 	 0.6472806
0.18826179 	 0.69083375
0.22879495 	 0.77716774
0.18893182 	 0.93406606
0.25152788 	 0.6796332
0.312743 	 0.44017947
0.37335634 	 1.001709
0.2974652 	 0.5109072
0.37456974 	 0.99870545
0.23096444 	 0.80865127
0.34440538 	 0.8735204
0.2632255 	 1.0668896
0.16197315 	 1.0656326
0.24509566 	 0.5738482
0.3012698 	 0.75206035
0.22569078 	 0.5980685
0.27145332 	 0.64118034
0.36885506 	 0.47958642
0.49566746 	 0.5835344
0.3093246 	 1.0156982
0.5636154 	 1.6865323
0.44611242 	 0.6880015
0.6299101 	 0.81277895
0.33380523 	 0.98592705
0.19625902 	 1.0612684
0.37835905 	 0.7124725
0.45128357 	 0.6832196
0.20844738 	 0.85889345
0.29619646 	 1.2728655
0.2896728 	 0.6331788
0.40775824 	 0.5633406
0.30418906 	 1.0117477
0.2933699 	 1.3760527
0.30038244 	 0.6836758
0.28742945 	 0.822931
0.36548644 	 0.45073223
0.25378639 	 0.90604115
0.28998682 	 0.83582264
0.60213995 	 0.8582625
0.48059255 	 0.7899392
0.47058183 	 0.63432944
0.6437656 	 0.8158728
0.5089729 	 0.53829646
0.49980906 	 0.57964736
0.3271872 	 0.87697446
0.34614533 	 0.6164241
0.335755 	 0.6239633
0.2666947 	 0.3688154
0.35786623 	 0.5668178
0.2946989 	 1.0089964
0.25206026 	 1.3092221
0.19265638 	 0.82562953
0.31321234 	 1.1726645
0.26191974 	 1.2693626
0.27255833 	 1.2428453
0.21358468 	 0.92438376
0.4341125 	 0.7720001
0.2550058 	 0.900174
0.21725313 	 0.81133366
0.39325452 	 0.23617797
0.32438046 	 0.79640776
0.37818584 	 0.8912536
0.30963007 	 0.700331
0.26383632 	 0.6254479
0.370382 	 0.58016413
0.34300154 	 0.7967795
0.19614552 	 0.85080755
0.23532055 	 0.60408294
0.23934482 	 0.57083684
0.40773016 	 0.5481282
0.4278568 	 0.391164
0.390476 	 0.7606424
0.554866 	 1.1002595
0.5782737 	 0.78383785
0.632265 	 1.4297459
0.7993151 	 0.7449628
0.76935583 	 0.9027191
0.45220745 	 0.92725277
0.29563555 	 0.90517426
0.38516456 	 0.5069967
0.28755835 	 0.68178755
0.2657482 	 0.9977134
0.33051398 	 0.8799828
0.28286335 	 0.50184715
0.35790613 	 0.82061
0.24191391 	 0.8865968
0.23064078 	 0.5108816
0.278053 	 0.46762693
0.30384138 	 0.36607593
0.26494747 	 0.77791315
0.383891 	 1.0647588
0.2894527 	 0.6604866
0.484339 	 0.3668571
0.40091693 	 0.5948445
Summary
0.006957059  -  0.9460044 ,  0.23617797  -  1.8995037
accuracy:  96.2
equal predictions:  0
TensorFlow version: 1.13.1
Found 939 images belonging to 1 classes.
argN = 49
argN = 49
0.19888078 	 0.4552813
0.42720273 	 0.546652
0.13904333 	 0.21023202
0.28458878 	 0.5619928
0.27687427 	 0.28857312
0.2666491 	 0.284416
0.31723076 	 0.42684707
0.28731322 	 0.45117238
0.15951492 	 0.442985
0.27842042 	 0.56412154
0.15233582 	 0.7323228
0.267092 	 0.3806687
0.32192573 	 0.9119043
0.33087605 	 1.3661213
0.19502056 	 1.0999836
0.043839145 	 1.4208201
0.17092685 	 0.59418964
0.23255779 	 0.6119029
0.14222834 	 0.9552994
0.2359443 	 0.35952556
0.31226265 	 0.61785024
0.37917352 	 0.56793964
0.2804857 	 0.7197285
0.22329926 	 0.5525908
0.23275508 	 0.5200133
0.32566485 	 0.6038978
0.3318278 	 0.49557
0.3640443 	 0.3901778
0.30616274 	 0.5481682
0.38977954 	 0.5567932
0.2608985 	 0.67736053
0.10360864 	 0.32278323
0.15591879 	 0.4902871
0.21279138 	 0.5964179
0.4886818 	 0.39900878
0.36687234 	 0.5018296
0.1763779 	 0.3421952
0.30461526 	 0.5669819
0.22037487 	 0.3626453
0.2983168 	 0.4507936
0.3739056 	 0.4785342
0.3915191 	 0.27290738
0.32254323 	 0.6065686
0.15526056 	 0.36782852
0.21124385 	 0.70832664
0.08443475 	 0.79033077
0.21806183 	 0.85574853
0.46464473 	 0.29309025
0.2756533 	 1.5985355
0.25589946 	 0.4868291
0.17688343 	 0.7389477
0.1448083 	 0.36434624
0.30181953 	 0.6970506
0.1373473 	 0.56014663
0.15256013 	 0.25598946
0.17487559 	 0.37323374
0.37333235 	 0.4101249
0.33893183 	 0.41036513
0.1626776 	 0.36321655
0.26084018 	 0.4907222
0.3506704 	 0.87873816
0.14218916 	 0.5767474
0.1617538 	 0.68881285
0.19881104 	 0.4707999
0.06831699 	 1.0068926
0.049513467 	 0.94503665
0.0667426 	 0.8948401
0.08282606 	 0.68666464
0.12498238 	 1.4961674
0.16286726 	 0.78597766
0.12307533 	 0.5164676
0.26805338 	 0.19933902
0.4074123 	 0.41835454
0.3521751 	 0.5572158
0.22327676 	 0.64307994
0.37815252 	 0.6126008
0.26673004 	 0.37394354
0.32905263 	 0.3172221
0.21462938 	 0.43313608
0.2715248 	 0.31068027
0.26218635 	 0.45354334
0.14120515 	 0.5686907
0.22476415 	 0.8741549
0.070511445 	 0.68480325
0.113502614 	 0.68314636
0.24439311 	 0.41309172
0.11239186 	 0.30672342
0.2631916 	 0.38154274
0.16721927 	 0.52950686
0.20657636 	 0.42081127
0.28474614 	 0.35842845
0.26644748 	 0.45745254
0.23470637 	 0.4134628
0.24838689 	 0.35679367
0.22260515 	 0.29554376
0.33585715 	 0.7047477
0.16305514 	 0.79649776
0.15854941 	 0.48214078
0.063210554 	 0.4072095
0.0910469 	 0.5466785
0.07840102 	 0.77194035
0.28740245 	 0.38588092
0.28964117 	 0.59298956
0.3925872 	 0.54733306
0.33382604 	 0.40313116
0.3709461 	 0.24900822
0.2656347 	 0.38629517
0.43126515 	 0.4476557
0.42755312 	 0.5976543
0.44255346 	 0.3263428
0.39231822 	 0.42467037
0.33546486 	 0.34381965
0.31629083 	 0.28674212
0.2859905 	 0.25322652
0.23718739 	 0.30435097
0.4008144 	 0.49121988
0.33279258 	 0.31502357
0.49723324 	 0.70099217
0.45360675 	 0.29750052
0.4490299 	 0.43565312
0.43888542 	 0.4870325
0.4894179 	 0.36131185
0.47141883 	 0.46054202
0.41075745 	 0.59206855
0.57760346 	 0.6888775
0.5450459 	 0.31917125
0.415082 	 0.2929932
0.2648405 	 0.35062072
0.3503148 	 0.6364618
0.40647903 	 0.73007756
0.40190998 	 0.54859245
0.2985075 	 0.29926893
0.19363488 	 0.44993955
0.2449825 	 0.22361676
0.2320056 	 0.5520512
0.22973348 	 0.2579483
0.31850705 	 0.57054806
0.22268416 	 0.42015272
0.16472861 	 0.4199243
0.22526966 	 0.37656996
0.32679814 	 0.44332433
0.3629456 	 0.5474466
0.31147656 	 0.62104607
0.31539494 	 1.086177
0.3598426 	 0.5668939
0.31381777 	 0.8676662
0.26160237 	 0.4144678
0.42694035 	 0.5265716
0.21696223 	 0.4445189
0.270929 	 0.44220352
0.26042262 	 0.58325154
0.27649438 	 0.79564893
0.09498376 	 0.48391593
0.13665499 	 0.72669905
0.13513643 	 0.4930445
0.17108208 	 0.41241175
0.14894162 	 0.4617394
0.16888335 	 0.5526441
0.2181995 	 0.38963687
0.32462376 	 0.55951846
0.2379906 	 0.6412923
0.16566628 	 0.35875544
0.15701015 	 0.55188745
0.17344266 	 0.4598263
0.1358018 	 0.9745865
0.14190295 	 1.0508652
0.15862778 	 0.7319428
0.12881659 	 0.64229393
0.19791247 	 0.7787598
0.115185805 	 0.45084018
0.055210404 	 0.3884082
0.09211444 	 0.49660322
0.055620603 	 0.4915984
0.14246804 	 0.41626525
0.07868846 	 0.49552688
0.047901165 	 0.42735708
0.09031805 	 0.5718381
0.07612829 	 0.4964232
0.12218866 	 0.50028414
0.07659182 	 0.605829
0.049493175 	 0.40455818
0.122666426 	 0.554763
0.054454584 	 0.36886418
0.07775844 	 0.33066097
0.17225675 	 0.4533985
0.1338918 	 0.410759
0.10252302 	 0.63521004
0.07644891 	 0.41454756
0.092280656 	 0.37925494
0.055295758 	 0.42089343
0.053669143 	 0.5525642
0.09289346 	 0.72891515
0.106527686 	 0.40195888
0.14612226 	 0.25424683
0.13628647 	 0.52534777
0.11112833 	 0.33090425
0.13993226 	 0.6439919
0.15754826 	 0.50752133
0.17725746 	 0.49344587
0.09327459 	 0.61207336
0.076502696 	 0.4819731
0.11623585 	 0.5621352
0.07160466 	 0.65024513
0.22094937 	 0.39965746
0.56276965 	 0.4897364
0.55966747 	 0.4261244
0.43486273 	 0.5164115
0.18443732 	 0.7780276
0.324873 	 0.51023686
0.4087712 	 0.23940654
0.32473823 	 0.4287503
0.42353413 	 0.45429766
0.29023698 	 0.42571968
0.453112 	 0.2575069
0.22371128 	 0.5508606
0.3655902 	 0.31993976
0.38861603 	 0.4464737
0.29208764 	 0.385239
0.15190306 	 0.5343455
0.21271396 	 0.7953196
0.21133263 	 0.7847068
0.36260667 	 0.3915891
0.34747115 	 0.49885058
0.27456236 	 0.305654
0.4946101 	 0.5424728
0.33991957 	 1.1175575
0.319252 	 0.55787635
0.3346239 	 0.36261162
0.36974555 	 0.33093786
0.30000412 	 0.3508457
0.39709932 	 0.35165152
0.31668535 	 0.51614183
0.46442232 	 0.5088579
0.24787447 	 0.58963346
0.23682892 	 0.32287574
0.2818563 	 0.5783907
0.35584605 	 0.42369273
0.4957387 	 0.63749343
0.33723179 	 0.49945492
0.33899933 	 0.4728371
0.33291596 	 0.56118745
0.24196911 	 0.39259955
0.17300938 	 0.36757228
0.30492827 	 0.3990477
0.45326963 	 0.48789594
0.29850164 	 0.6641991
0.34099212 	 0.48665386
0.39907417 	 0.39871302
0.52280176 	 0.5415635
0.60156476 	 0.66487795
0.41733158 	 0.6659224
0.46256572 	 0.627353
0.35552084 	 0.56548315
0.36956796 	 0.5444438
0.3153951 	 0.48684317
0.22405218 	 0.6929325
0.21683584 	 0.44355622
0.22293934 	 0.693349
0.29947847 	 0.4701237
0.22038475 	 0.48976472
0.25857964 	 0.6127477
0.44778207 	 0.31571567
0.3852413 	 0.6140545
0.22564013 	 0.28316623
0.23329955 	 0.65628886
0.3261316 	 0.3976073
0.2526601 	 0.71187896
0.2320425 	 0.26374957
0.28458425 	 0.37991577
0.34545195 	 0.45669037
0.1916619 	 0.4289197
0.41826805 	 0.4699528
0.24133058 	 0.55822587
0.17368834 	 0.6899331
0.18266805 	 0.50352144
0.26970574 	 0.4498871
0.31164446 	 0.43090904
0.27259216 	 0.54698867
0.39005604 	 0.309743
0.27095893 	 0.31714752
0.20869924 	 0.5438506
0.10173831 	 0.9605683
0.12750432 	 0.37285343
0.16815731 	 0.33112136
0.24397895 	 0.48152635
0.16343366 	 0.26056254
0.19419537 	 0.19974186
0.16384454 	 0.429375
0.2418799 	 0.28972447
0.18371257 	 0.2091584
0.21293436 	 0.6546465
0.26692945 	 0.26489782
0.3355975 	 0.4970202
0.21078166 	 0.47312215
0.23923625 	 0.75505674
0.28277516 	 0.32606512
0.3414066 	 0.6079249
0.22921523 	 0.4424141
0.2992435 	 0.31576285
0.3174323 	 0.56435543
0.3104161 	 0.3276643
0.30210105 	 0.50289977
0.32645258 	 1.0174848
0.19756758 	 0.582188
0.31817812 	 0.30912986
0.313527 	 0.4719863
0.3585396 	 0.3472588
0.42949504 	 0.23906907
0.30938134 	 0.4420427
0.31763104 	 0.29092464
0.44456798 	 0.4831374
0.34202495 	 0.4629613
0.21664137 	 0.66896904
Summary
0.043839145  -  0.60156476 ,  0.19933902  -  1.5985355
accuracy:  89.8
equal predictions:  0
TensorFlow version: 1.13.1
Found 939 images belonging to 1 classes.
argN = 49
argN = 49
0.36635566 	 0.3543857
0.465409 	 0.55450064
0.29933614 	 0.6748764
0.3237619 	 0.52283937
0.26413894 	 0.302132
0.29846653 	 0.54505324
0.27357915 	 0.35687056
0.2035048 	 0.146707
0.1554654 	 0.37393937
0.17770185 	 0.3594139
0.07790264 	 0.20405485
0.14548802 	 0.17868476
0.25511858 	 0.36223233
0.19350873 	 0.35216185
0.19045845 	 0.4739429
0.3260841 	 0.4975724
0.24550267 	 0.39682636
0.28641614 	 0.20351546
0.36430392 	 0.3279281
0.14634386 	 0.3306946
0.17540614 	 0.42336535
0.31697884 	 0.360781
0.26024076 	 0.39368236
0.388394 	 0.5564583
0.08893907 	 0.10346023
0.09871688 	 0.23808937
0.24140903 	 0.39189598
0.08151719 	 0.31673646
0.09477882 	 0.56027246
0.1807202 	 0.35886195
0.20484102 	 0.3242601
0.12024376 	 0.42676952
0.16437538 	 0.1356783
0.11851527 	 0.27567247
0.3743541 	 0.68283445
0.29171175 	 0.42704797
0.47017425 	 0.43418318
0.30695325 	 0.4952828
0.3221689 	 0.7720692
0.45866534 	 0.5264402
0.06352572 	 0.2740081
0.12581758 	 0.3163942
0.18400428 	 0.58165365
0.1419623 	 0.30913076
0.13645712 	 0.32681254
0.28252938 	 0.6333223
0.2083921 	 0.46760574
0.2808318 	 0.49460834
0.20905504 	 0.5503204
0.23287003 	 0.2921563
0.2759005 	 0.44841123
0.049898654 	 0.38177112
0.19911358 	 0.5271623
0.2896056 	 0.44440243
0.20504938 	 0.5524092
0.021656333 	 0.13883121
0.076565824 	 0.50403535
0.31588414 	 0.45401832
0.23504621 	 0.3802585
0.29126444 	 0.5395732
0.22915241 	 0.4338515
0.14882216 	 0.3527384
0.34637368 	 0.3642104
0.2413538 	 0.43874502
0.32459357 	 0.37334076
0.31165963 	 0.28768644
0.22959879 	 0.63759965
0.27215323 	 0.6224047
0.43314433 	 0.8277599
0.35910305 	 0.6477735
0.30022693 	 0.62773883
0.2438675 	 0.28305563
0.083737925 	 0.33111796
0.30206752 	 0.46115455
0.22516394 	 0.40704677
0.34890908 	 0.39018106
0.12083117 	 0.5426615
0.2395593 	 0.4452566
0.28013977 	 0.32969543
0.17691259 	 0.31000316
0.2837984 	 0.30967474
0.51672804 	 0.44380033
0.37884107 	 0.5525561
0.14750169 	 0.45938817
0.14071672 	 0.3649898
0.17333972 	 0.28500995
0.12939651 	 0.19767073
0.08765002 	 0.34975943
0.26424056 	 0.53701174
0.23710088 	 0.40051314
0.22472267 	 0.5598674
0.1757539 	 0.4070757
0.21849796 	 0.3438437
0.14194252 	 0.40227282
0.22759247 	 0.35120243
0.15828584 	 0.28554693
0.19708402 	 0.30248442
0.22088632 	 0.35334656
0.18912263 	 0.4116799
0.19255573 	 0.33083388
0.19298346 	 0.27893385
0.13237266 	 0.24173112
0.20110403 	 0.33549678
0.24597417 	 0.57779676
0.19939765 	 0.5856544
0.180324 	 0.38727915
0.27604818 	 0.42609984
0.20255332 	 0.36158857
0.1721029 	 0.37478292
0.19803925 	 0.35562682
0.15439965 	 0.62602025
0.17787188 	 0.3173601
0.20608103 	 0.55400324
0.22890742 	 0.6056241
0.23997086 	 0.35731107
0.38183495 	 0.5328575
0.22545528 	 0.7767436
0.2010673 	 0.43035874
0.21863005 	 0.3156605
0.27395535 	 0.7475196
0.19635536 	 0.48659357
0.16926853 	 0.56008965
0.22976708 	 0.40561977
0.17351498 	 0.50359994
0.23507622 	 0.8223798
0.14306556 	 0.46777385
0.25686163 	 0.34726623
0.2941689 	 0.4622721
0.33540383 	 0.46409926
0.24251202 	 0.5571334
0.23742694 	 0.61590457
0.22434574 	 0.48610324
0.29085195 	 0.6157594
0.20674866 	 0.39195526
0.21492928 	 0.5954338
0.24406667 	 0.693311
0.35691375 	 0.34702906
0.27157506 	 0.37121868
0.38948533 	 0.4685771
0.5373225 	 0.53245103
0.34374416 	 0.37412843
0.3252238 	 0.6306736
0.275745 	 0.49712133
0.39231062 	 0.5024147
0.36721253 	 0.37002227
0.3256532 	 0.53483397
0.3624687 	 0.33127242
0.3596043 	 0.37261194
0.25432768 	 0.56282336
0.3311393 	 0.5273449
0.31825072 	 0.45003182
0.33818692 	 0.40806663
0.39251307 	 0.502427
0.31909907 	 0.52608126
0.29119018 	 0.55945134
0.38752684 	 0.29727253
0.40070432 	 0.3540826
0.46725994 	 0.48450038
0.2787934 	 0.38519496
0.31490842 	 0.35994783
0.31693923 	 0.24698345
0.27217874 	 0.4367368
0.27899435 	 0.3059798
0.23009737 	 0.61979604
0.21967372 	 0.543947
0.1636976 	 0.41669393
0.19349773 	 0.39282838
0.22250217 	 0.45175672
0.11692388 	 0.3811218
0.25489697 	 0.46574417
0.17671642 	 0.4586928
0.2526925 	 0.5232007
0.28368258 	 0.44080636
0.21112376 	 0.5972541
0.19356254 	 0.50843245
0.1767465 	 0.5629408
0.18592925 	 0.29428938
0.11759999 	 0.59067327
0.1948515 	 0.28728065
0.15731636 	 0.25787503
0.16675411 	 0.25241143
0.18628773 	 0.5153282
0.16036543 	 0.27868116
0.15671577 	 0.27546045
0.12852022 	 0.26006857
0.08916783 	 0.562322
0.116540596 	 0.27285653
0.1101493 	 0.34612846
0.11275281 	 0.22133654
0.1143093 	 0.29769266
0.09996171 	 0.24463128
0.13421208 	 0.23566481
0.15383522 	 0.5379397
0.12620924 	 0.38932574
0.14546376 	 0.3269617
0.07215687 	 0.39398327
0.061812695 	 0.40752336
0.049732447 	 0.4693602
0.070160694 	 0.45698535
0.10737204 	 0.41861695
0.32719374 	 0.2997841
0.2592089 	 0.5968745
0.25935495 	 0.34480232
0.28684884 	 0.43087256
0.33985376 	 0.39284763
0.1617732 	 0.8379022
0.31608558 	 0.25773734
0.29914078 	 0.52228
0.27294776 	 0.49182245
0.32725775 	 0.41310486
0.23144528 	 0.42786154
0.27550152 	 0.5180412
0.3586453 	 0.54228795
0.33921972 	 0.21007566
0.29945257 	 0.49286038
0.25821134 	 0.31820065
0.2932854 	 0.37885317
0.3073125 	 0.40696466
0.4230685 	 0.5126429
0.36630288 	 0.3610643
0.40449888 	 0.4670808
0.3594979 	 0.27297065
0.61218846 	 0.6161894
0.42445067 	 0.20991793
0.4233783 	 0.35489574
0.14317305 	 0.2888495
0.3308284 	 0.36943522
0.30877924 	 0.30541223
0.33647564 	 0.30845818
0.26559287 	 0.34921888
0.20636402 	 0.41903573
0.15264969 	 0.34016377
0.20427233 	 0.42375347
0.24391086 	 0.22323966
0.29728264 	 0.38280702
0.27527717 	 0.35839304
0.32897773 	 0.5142957
0.35595664 	 0.4675437
0.3427435 	 0.54624087
0.26848325 	 0.40433267
0.28905863 	 0.6345458
0.31392187 	 0.36405033
0.3290097 	 0.48922655
0.3806051 	 0.4600422
0.35261852 	 0.28202975
0.20462143 	 0.37645757
0.28044096 	 0.25853586
0.3551692 	 0.47325417
0.41931057 	 0.5393194
0.535704 	 0.47230682
0.31650004 	 0.3365247
0.37198237 	 0.45057526
0.40726736 	 0.43974748
0.31053334 	 0.26771352
0.35642534 	 0.20652463
0.2629016 	 0.25396666
0.28911185 	 0.39919776
0.44880775 	 0.5294102
0.23394714 	 0.3743437
0.21733668 	 0.4302517
0.16922116 	 0.4496258
0.18817014 	 0.3295547
0.24554777 	 0.46077728
0.21801195 	 0.29985216
0.3336959 	 0.49054465
0.32905155 	 0.5327675
0.34121042 	 0.28928992
0.27239522 	 0.33610344
0.27998486 	 0.43063524
0.35654324 	 0.50698143
0.27291042 	 0.34466583
0.45408767 	 0.779309
0.25833628 	 0.47833145
0.29354054 	 0.3956635
0.30049175 	 0.3412178
0.31099057 	 0.2231965
0.4560262 	 0.37335443
0.2990453 	 0.40639016
0.5165102 	 0.21508668
0.19773507 	 0.4881013
0.22259338 	 0.48940235
0.21652256 	 0.57794225
0.16897187 	 0.3863143
0.24388652 	 0.5861444
0.2630755 	 0.7418293
0.50680953 	 0.49675247
0.4916057 	 0.67696023
0.5818208 	 0.3461143
0.32676756 	 0.8194561
0.31013685 	 0.45920014
0.22890554 	 0.44680628
0.33014733 	 0.32504046
0.21005471 	 0.43894765
0.2755298 	 0.3836372
0.40994903 	 0.6625086
0.372439 	 0.5685924
0.4218998 	 0.60679096
0.31580314 	 0.4242105
0.35347608 	 0.305715
0.3178139 	 0.3947143
0.27861115 	 0.6621321
0.24212104 	 0.3701865
0.32910532 	 0.48749903
0.39541757 	 0.3536783
0.23504734 	 0.33637884
0.22231895 	 0.32934174
0.18311948 	 0.28426605
0.1359992 	 0.45609277
0.09733186 	 0.38132688
0.18862227 	 0.27977654
0.19904281 	 0.34299046
0.25016814 	 0.29017738
0.3124228 	 0.4224301
Summary
0.021656333  -  0.61218846 ,  0.10346023  -  0.8379022
accuracy:  87.5
equal predictions:  0
