TensorFlow version: 1.13.1
Found 939 images belonging to 1 classes.
argN = 3136
argN = 3136
0.5311193 	 0.7648025
0.5118647 	 0.75576913
0.4994167 	 0.6028141
0.52591807 	 0.6545882
0.5238993 	 0.8030798
0.549861 	 0.7954548
0.5869989 	 0.72127306
0.65422 	 0.67678946
0.6400484 	 0.77381945
0.45695823 	 0.76681036
0.5268911 	 0.6687389
0.60917145 	 0.68593985
0.5444687 	 0.6729715
0.42147917 	 0.67459434
0.48870552 	 0.642814
0.51984817 	 0.7400236
0.50652355 	 0.7561877
0.53861374 	 0.8293254
0.4634456 	 0.76977557
0.44657242 	 0.5241415
0.4295488 	 0.6763793
0.27660105 	 0.7215383
0.32665312 	 0.6362411
0.33831447 	 0.61765635
0.2693973 	 0.72093487
0.39382046 	 0.6178288
0.41753423 	 0.69252485
0.37193188 	 0.6196485
0.39568403 	 0.5477853
0.40990505 	 0.8049096
0.49006775 	 0.7320303
0.43369746 	 0.6546736
0.53181154 	 0.67696947
0.4947671 	 0.6631007
0.53178036 	 0.6755141
0.54302806 	 0.63074034
0.5422206 	 0.61826426
0.5792733 	 0.6838068
0.5422136 	 0.7443325
0.4508179 	 0.8259041
0.48578736 	 0.769925
0.512655 	 0.774993
0.5391068 	 0.6879929
0.50813794 	 0.64962876
0.4174102 	 0.55113214
0.42459264 	 0.6632446
0.4344725 	 0.66439134
0.5270145 	 0.72162795
0.48615423 	 0.83687377
0.478268 	 0.7670248
0.45072475 	 0.7685415
0.39826608 	 0.5086594
0.43629062 	 0.7433293
0.45009238 	 0.8977938
0.436026 	 0.63401693
0.44463465 	 0.54929274
0.48320523 	 0.69900787
0.3914988 	 0.42726412
0.42021787 	 0.754231
0.4653938 	 0.82660675
0.43569347 	 0.48296455
0.42721733 	 0.57090974
0.45801523 	 0.6593949
0.5246457 	 0.68704075
0.5177888 	 0.6904249
0.52877307 	 0.6703493
0.5776434 	 0.64505404
0.5701511 	 0.6132115
0.5629272 	 0.6542864
0.51175493 	 0.67479867
0.5336511 	 0.7407535
0.48731813 	 0.6779311
0.47315764 	 0.7154019
0.4353699 	 0.82845765
0.3880791 	 0.5119309
0.54550546 	 0.6436919
0.42446414 	 0.6649816
0.419101 	 0.6467627
0.45255423 	 0.7327858
0.55261785 	 0.7187307
0.5530799 	 0.678674
0.45397985 	 0.6290875
0.38182133 	 0.5046419
0.3726897 	 0.46329278
0.37104735 	 0.5806938
0.38212934 	 0.7409527
0.44329935 	 0.7787492
0.5189987 	 0.6091995
0.47830048 	 0.84646255
0.46842968 	 0.6285581
0.46937498 	 0.73803324
0.46400437 	 0.8794102
0.41588783 	 0.5980167
0.41828996 	 0.87165666
0.45729697 	 0.5553363
0.3830218 	 0.7055725
0.37874147 	 0.56127256
0.37842807 	 0.8666758
0.3552088 	 0.87241566
0.3634929 	 0.6389518
0.3665479 	 0.7367009
0.37408683 	 0.6146324
0.36240846 	 0.7374226
0.36333013 	 0.52972263
0.35468292 	 0.8954459
0.3670857 	 0.82716095
0.35748377 	 0.6828542
0.3582721 	 0.75418156
0.38464287 	 0.8490493
0.39090395 	 0.897826
0.4090406 	 0.7546555
0.43904 	 0.73515385
0.45483866 	 0.6743502
0.4839608 	 0.66860837
0.504364 	 0.6962694
0.514144 	 0.7169577
0.5265296 	 0.62872297
0.53884614 	 0.6260091
0.53577065 	 0.6584522
0.5300711 	 0.64353985
0.5097691 	 0.6874193
0.506555 	 0.59377825
0.5058369 	 0.58876693
0.50803113 	 0.7043127
0.51540524 	 0.5899322
0.5004062 	 0.67766094
0.50652623 	 0.61480784
0.510301 	 0.64562434
0.4946179 	 0.63699204
0.5300034 	 0.7183345
0.53230965 	 0.642758
0.5056304 	 0.59621984
0.50114095 	 0.6858255
0.5023779 	 0.7099212
0.49647307 	 0.53411853
0.5108869 	 0.61312866
0.5124914 	 0.60797787
0.5120243 	 0.7898959
0.50234836 	 0.6328472
0.49777377 	 0.6914431
0.50154185 	 0.55309546
0.49097753 	 0.675141
0.502275 	 0.5732302
0.5058397 	 0.74884015
0.4858728 	 0.6245929
0.48712137 	 0.81097466
0.4758291 	 0.5203934
0.47554636 	 0.53782463
0.47458535 	 0.5735011
0.48483658 	 0.84750754
0.48288125 	 0.7680027
0.45506102 	 0.6483301
0.47062704 	 0.776506
0.4963583 	 0.65806025
0.48150897 	 0.5529112
0.4557616 	 0.5238774
0.460563 	 0.49462867
0.47150803 	 0.5531908
0.46278593 	 0.66381586
0.4593909 	 0.6261225
0.4569537 	 0.6386529
0.43464637 	 0.7387021
0.43272933 	 0.5615775
0.4377607 	 0.6168837
0.47117046 	 0.5401093
0.4488759 	 0.67998725
0.47011778 	 0.70244557
0.4908367 	 0.6663419
0.4961673 	 0.58805025
0.51003313 	 0.59869814
0.49046862 	 0.54941756
0.4973537 	 0.5640752
0.47867388 	 0.71100277
0.47774097 	 0.62434506
0.49082407 	 0.7746405
0.48588055 	 0.5932852
0.52261156 	 0.7007855
0.4787895 	 0.5921338
0.4696126 	 0.59486985
0.4647541 	 0.5208008
0.4538327 	 0.6385394
0.45435485 	 0.6370643
0.43937042 	 0.7093489
0.44201562 	 0.6973426
0.4268816 	 0.6395526
0.43478262 	 0.5612982
0.4001175 	 0.5456766
0.40539953 	 0.6877383
0.41904354 	 0.5991881
0.42362627 	 0.8197601
0.43634298 	 0.56609106
0.44016236 	 0.5602255
0.4263944 	 0.6116198
0.45473132 	 0.48543978
0.43196723 	 0.5271256
0.4428855 	 0.6564812
0.43601218 	 0.84885335
0.4587638 	 0.44550774
0.4621663 	 0.46410313
0.44969028 	 0.43866128
0.51910096 	 0.507462
0.4861045 	 0.57816446
0.45561862 	 0.4392872
0.44107535 	 0.43994328
0.4299055 	 0.4173464
0.42888832 	 0.53890264
0.43456638 	 0.49799952
0.421901 	 0.5059174
0.43946162 	 0.41768512
0.43950546 	 0.4342923
0.43166706 	 0.4513783
0.4142719 	 0.420875
0.40760365 	 0.36086336
0.4300804 	 0.43784955
0.42187425 	 0.4141974
0.42669228 	 0.4882941
0.44809496 	 0.41313127
0.44357535 	 0.4114239
0.42593274 	 0.4505777
0.4334773 	 0.46301535
0.40972203 	 0.5908181
0.42506975 	 0.38521835
0.41012597 	 0.4775978
0.4047708 	 0.6054143
0.4212774 	 0.3767325
0.41669953 	 0.61049926
0.44827485 	 0.47076467
0.46053314 	 0.46307948
0.41990644 	 0.457921
0.41931936 	 0.43153784
0.41874877 	 0.38566062
0.39865902 	 0.39443183
0.40860766 	 0.39159605
0.40152562 	 0.33891276
0.40214974 	 0.3964429
0.46440798 	 0.52772796
0.47458518 	 0.40597072
0.448606 	 0.37577012
0.44808388 	 0.4223899
0.481904 	 0.48524156
0.48546302 	 0.4514485
0.5014235 	 0.51153344
0.5160199 	 0.44272754
0.49626628 	 0.4456276
0.4633122 	 0.42629364
0.4941684 	 0.47987783
0.49218714 	 0.47604382
0.48053974 	 0.45028254
0.4681911 	 0.6552764
0.47467685 	 0.482018
0.4825738 	 0.48893175
0.5059547 	 0.39874092
0.47899097 	 0.44505453
0.49309486 	 0.5364445
0.4795383 	 0.3696361
0.51579136 	 0.42282048
0.49447092 	 0.49198076
0.51188266 	 0.5124429
0.5287385 	 0.50016695
0.5423311 	 0.5586336
0.5577733 	 0.52500635
0.5340538 	 0.55688024
0.5740466 	 0.56398034
0.5356623 	 0.53396505
0.53185505 	 0.5367191
0.53382534 	 0.50224316
0.5255857 	 0.48545626
0.5051678 	 0.4573373
0.5266286 	 0.5473626
0.5070099 	 0.44857717
0.53036886 	 0.48255855
0.5223623 	 0.45051774
0.48462424 	 0.43297762
0.46384388 	 0.41606438
0.49140885 	 0.4327117
0.46779868 	 0.41421056
0.49665484 	 0.45103294
0.50065625 	 0.5406211
0.51970106 	 0.48497906
0.5746089 	 0.5477744
0.54686034 	 0.54480636
0.5326863 	 0.5697544
0.55034804 	 0.6187059
0.5263839 	 0.60150015
0.53002286 	 0.6035752
0.48906663 	 0.63307124
0.4766713 	 0.66277987
0.51339555 	 0.7496945
0.4940068 	 0.70628244
0.65595865 	 0.7236581
0.64825326 	 0.7156995
0.6373603 	 0.68503296
0.6340795 	 0.68025815
0.5697917 	 0.6396409
0.5521342 	 0.61295635
0.52159 	 0.5318272
0.5139877 	 0.48000565
0.4808584 	 0.46981445
0.4503035 	 0.4340549
0.45230842 	 0.4656813
0.44384342 	 0.45901638
0.43192527 	 0.49830753
0.45832086 	 0.46606824
0.48520574 	 0.44576022
0.46585196 	 0.49346814
0.471842 	 0.523138
0.51130444 	 0.5056379
0.5006891 	 0.45142406
0.524603 	 0.42624643
0.51039124 	 0.41603526
0.4879639 	 0.44771716
0.48843405 	 0.44520125
0.49093634 	 0.4467924
Summary
0.2693973  -  0.65595865 ,  0.33891276  -  0.897826
accuracy:  79.9
equal predictions:  0
TensorFlow version: 1.13.1
Found 939 images belonging to 1 classes.
argN = 3136
argN = 3136
0.32592723 	 0.73025286
0.33630985 	 0.620719
0.41723385 	 0.60826045
0.43845066 	 0.5733223
0.4452095 	 0.6896286
0.50434345 	 0.63117474
0.58413124 	 0.7918939
0.617959 	 0.6007858
0.617468 	 0.6625992
0.5561092 	 0.7480045
0.49316376 	 0.699728
0.47516093 	 0.75820106
0.5174171 	 0.76362616
0.5169651 	 0.6652004
0.43329087 	 0.65079814
0.40435642 	 0.6878112
0.4858884 	 0.70251906
0.5396231 	 0.7108779
0.5016349 	 0.6205838
0.4489691 	 0.61011255
0.3273119 	 0.47784105
0.28910103 	 0.71530193
0.39824104 	 0.5681744
0.4352229 	 0.5913444
0.43501052 	 0.64377266
0.46307397 	 0.6866915
0.48904818 	 0.6170896
0.53200865 	 0.58942604
0.54729563 	 0.8848365
0.54504704 	 0.8077018
0.53594255 	 0.5313783
0.56016403 	 0.8238646
0.5407915 	 0.8148994
0.50959855 	 0.9545841
0.54071194 	 0.6504897
0.56792367 	 0.73243946
0.51174164 	 0.6717022
0.2792164 	 0.5711368
0.24929781 	 0.67551666
0.2382268 	 0.7047235
0.19810304 	 0.7554642
0.1873467 	 0.695266
0.26774865 	 0.5173816
0.33881202 	 0.5232676
0.44762474 	 0.5895592
0.43576315 	 0.6031563
0.47135103 	 0.4878304
0.5068124 	 0.6249399
0.5498066 	 0.58278185
0.5239868 	 0.6877654
0.48320717 	 0.70356363
0.51962054 	 0.7625936
0.51378596 	 0.78741914
0.5058216 	 0.68013763
0.51159406 	 0.6731236
0.4683779 	 0.8738088
0.4618635 	 0.705007
0.44287026 	 0.7886958
0.45605987 	 0.7870727
0.27525464 	 0.530096
0.5047294 	 0.68258625
0.46656877 	 0.6694935
0.45417872 	 0.8077236
0.5309043 	 0.6949472
0.50742805 	 0.77228457
0.3130519 	 0.47419283
0.4155537 	 0.6617164
0.535185 	 0.67893744
0.4884735 	 0.6208466
0.5016908 	 0.6635826
0.45523813 	 0.6453763
0.41110763 	 0.703057
0.37681243 	 0.5716373
0.53173393 	 0.53270924
0.5309945 	 0.58165026
0.47896463 	 0.5909686
0.52155447 	 0.81041276
0.5704404 	 0.73246634
0.4882866 	 0.66135126
0.39241996 	 0.6695447
0.32180065 	 0.80464834
0.32090384 	 0.48953402
0.2956479 	 0.5973747
0.3085015 	 0.46192223
0.49351326 	 0.71214145
0.5239861 	 0.62835896
0.4422217 	 0.7685278
0.48532203 	 0.7812578
0.47814012 	 0.7205482
0.38085842 	 0.7836959
0.26499012 	 0.50906336
0.25776118 	 0.5164211
0.24864703 	 0.89313823
0.25723562 	 0.5153006
0.24237628 	 0.546042
0.22143963 	 0.4792177
0.22883758 	 0.42825735
0.21387312 	 0.74521357
0.23174848 	 0.868049
0.20780261 	 0.6326018
0.20237334 	 0.68375564
0.21478799 	 0.76951545
0.22728628 	 0.8821797
0.23695922 	 0.67051643
0.25940356 	 0.7049818
0.26236612 	 0.44392556
0.28943765 	 0.536471
0.30730632 	 0.7317511
0.3257094 	 0.60703355
0.38498425 	 0.7381117
0.38804835 	 0.7085825
0.39520463 	 0.7061284
0.46522734 	 0.6995554
0.45572916 	 0.63738203
0.46228668 	 0.6641479
0.46912274 	 0.6186146
0.4937227 	 0.61290014
0.5047917 	 0.6692454
0.510372 	 0.7175953
0.51301914 	 0.59963584
0.49516955 	 0.6441494
0.51579773 	 0.6921124
0.51888984 	 0.62807184
0.50156283 	 0.64636487
0.5338497 	 0.602759
0.5245042 	 0.6747956
0.51047033 	 0.66701186
0.47250336 	 0.6420754
0.48651966 	 0.7009643
0.49276417 	 0.7130868
0.49509934 	 0.6136812
0.48720345 	 0.71789646
0.4556408 	 0.57580984
0.45057508 	 0.5541562
0.45955908 	 0.554784
0.4666123 	 0.57490915
0.4413943 	 0.7460298
0.4552266 	 0.6598429
0.44930103 	 0.6399952
0.4518746 	 0.74960595
0.4455482 	 0.79424834
0.45272002 	 0.7859089
0.43295032 	 0.55601835
0.46938306 	 0.64041233
0.45509768 	 0.51299524
0.4456999 	 0.65309376
0.47961628 	 0.785719
0.47416696 	 0.6340414
0.47504744 	 0.59399134
0.475982 	 0.662322
0.50282544 	 0.6443256
0.4881019 	 0.5959282
0.488256 	 0.6208703
0.5042513 	 0.724721
0.45302227 	 0.6716158
0.46416828 	 0.80267936
0.48481762 	 0.6837527
0.48003405 	 0.50898826
0.47050014 	 0.80354863
0.47181335 	 0.63376063
0.46858355 	 0.6417447
0.47809166 	 0.57237417
0.46050632 	 0.65727293
0.4581599 	 0.79846126
0.4528221 	 0.72255087
0.43840936 	 0.7349143
0.42953727 	 0.5990977
0.42529926 	 0.6114818
0.42421585 	 0.7047295
0.41447252 	 0.6689454
0.3985912 	 0.67178756
0.38247162 	 0.46603698
0.3934365 	 0.68375444
0.38920364 	 0.7984207
0.36120912 	 0.79931295
0.35433865 	 0.58390033
0.34542653 	 0.73713344
0.3619071 	 0.61124784
0.34970275 	 0.7252356
0.3542085 	 0.60670733
0.3394892 	 0.81227696
0.35860786 	 0.6735163
0.3396704 	 0.5454896
0.3403344 	 0.6148705
0.34713405 	 0.78582764
0.35012665 	 0.6064739
0.34319955 	 0.59576595
0.33303264 	 0.6611227
0.3329893 	 0.59173757
0.3352803 	 0.68625057
0.3500308 	 0.7274139
0.34626195 	 0.6355343
0.35755527 	 0.6568715
0.36031714 	 0.638105
0.3622408 	 0.7740909
0.3548228 	 0.5627382
0.34129134 	 0.7766926
0.3449129 	 0.5274334
0.34354094 	 0.59120077
0.5037979 	 0.44532982
0.518693 	 0.5617022
0.5079523 	 0.5605915
0.49586394 	 0.50165516
0.49108428 	 0.52270746
0.4671645 	 0.4768032
0.49057072 	 0.6127174
0.5123903 	 0.5541491
0.55657226 	 0.5459375
0.5685787 	 0.53040785
0.56661886 	 0.5801587
0.53388023 	 0.53278315
0.5583914 	 0.55564284
0.5553497 	 0.5458342
0.567936 	 0.50113755
0.5944198 	 0.5721978
0.5749311 	 0.524052
0.60901165 	 0.6832194
0.5839909 	 0.5511351
0.58005995 	 0.48478064
0.5749178 	 0.5142924
0.58162314 	 0.54323584
0.5567345 	 0.49771476
0.5776442 	 0.52376217
0.5676069 	 0.48451635
0.568641 	 0.4520077
0.60698456 	 0.56231135
0.6183047 	 0.53794056
0.58776325 	 0.5169841
0.5718214 	 0.4773941
0.54609144 	 0.5187819
0.5348947 	 0.5039989
0.5140472 	 0.49408028
0.49060598 	 0.53396654
0.53491646 	 0.4626865
0.5451217 	 0.5014744
0.53048474 	 0.49215224
0.5111843 	 0.5757775
0.58257514 	 0.5634669
0.5923681 	 0.57660466
0.597219 	 0.5445482
0.55949235 	 0.4752867
0.55488366 	 0.52700573
0.5638866 	 0.5153234
0.5596915 	 0.5691567
0.5629981 	 0.54983777
0.5973345 	 0.5538148
0.6363334 	 0.57073927
0.6251819 	 0.6012124
0.6107316 	 0.64359206
0.61916345 	 0.5829313
0.61796457 	 0.5834405
0.59828466 	 0.5564916
0.60176873 	 0.6347745
0.60632473 	 0.5304387
0.57516485 	 0.5880687
0.5880674 	 0.5104292
0.58551717 	 0.556798
0.5811095 	 0.537795
0.57005674 	 0.49244723
0.5682719 	 0.58716935
0.61846894 	 0.61037195
0.5813083 	 0.50128
0.57930297 	 0.5863463
0.5772781 	 0.59352267
0.60900664 	 0.6564937
0.61570543 	 0.63108444
0.63984865 	 0.6707558
0.6393979 	 0.6486691
0.6199297 	 0.64601386
0.63191944 	 0.58489966
0.5877964 	 0.6054556
0.55169207 	 0.51685876
0.56487626 	 0.5418209
0.54145175 	 0.48216367
0.57057726 	 0.48925728
0.5593986 	 0.62166053
0.5688164 	 0.4953273
0.56992114 	 0.5292578
0.54775643 	 0.48361176
0.5532683 	 0.5887843
0.5856233 	 0.5785327
0.6065713 	 0.6178421
0.5953188 	 0.65725005
0.50294983 	 0.7109514
0.47068545 	 0.7927128
0.47844955 	 0.87118536
0.46132198 	 0.8520775
0.4678439 	 0.8411109
0.4582416 	 0.8250162
0.455261 	 0.9347581
0.4920021 	 0.9241097
0.53408116 	 0.8145387
0.5211346 	 0.7347802
0.54458785 	 0.55664235
0.5549318 	 0.5791124
0.5947489 	 0.5899121
0.5648016 	 0.5059868
0.5536814 	 0.5344635
0.5131685 	 0.49042296
0.5185438 	 0.4918388
0.5030414 	 0.54428995
0.5258078 	 0.62849116
0.5218192 	 0.49141178
0.5173834 	 0.51084554
0.53275794 	 0.5461974
0.51573354 	 0.4916704
0.5307172 	 0.4846289
0.52163357 	 0.49766964
0.5253667 	 0.48783547
0.5362802 	 0.4568771
0.53850377 	 0.48384842
0.49787968 	 0.53937674
0.55272764 	 0.60623586
Summary
0.1873467  -  0.63984865 ,  0.42825735  -  0.9545841
accuracy:  77.3
equal predictions:  0
TensorFlow version: 1.13.1
Found 939 images belonging to 1 classes.
argN = 3136
argN = 3136
0.38634273 	 0.5998589
0.37720355 	 0.6517507
0.46686345 	 0.66484874
0.5852378 	 0.66484123
0.57821536 	 0.572905
0.5158936 	 0.71439946
0.5352369 	 0.82060766
0.4799545 	 0.9142046
0.52169 	 0.84591144
0.54493505 	 1.0001259
0.52354944 	 0.8439932
0.34648916 	 0.65992326
0.35253912 	 0.5235299
0.38001704 	 0.68094975
0.4829399 	 0.8840869
0.48142427 	 0.8019821
0.35834938 	 0.558094
0.2868428 	 0.48010063
0.31012198 	 0.61381865
0.3816927 	 0.4955882
0.3144747 	 0.650513
0.29768 	 0.6896109
0.3994001 	 0.75307435
0.4063559 	 0.9724157
0.43122622 	 0.9663242
0.35612905 	 1.0346471
0.35543662 	 0.8964513
0.34598356 	 0.95307845
0.3447732 	 0.9687136
0.35171643 	 1.1555626
0.38538235 	 1.0121773
0.4464304 	 1.0789387
0.38614643 	 0.5400076
0.34607506 	 0.53322333
0.36697608 	 0.58708465
0.42628944 	 0.70156604
0.5574919 	 0.6656225
0.5718371 	 0.7008074
0.47457558 	 0.61376554
0.5400827 	 0.65065247
0.5507384 	 0.68830985
0.52351844 	 0.8065025
0.46640342 	 0.8211422
0.44360712 	 0.77803695
0.40944695 	 0.8117574
0.41492975 	 0.8469474
0.4319516 	 1.0784953
0.39483815 	 0.7739358
0.37927836 	 0.5888604
0.33572188 	 0.54772407
0.3337964 	 0.49987942
0.2768146 	 0.49043727
0.26744315 	 0.5427345
0.28183892 	 0.44781333
0.42607072 	 0.64589626
0.3643814 	 0.6778427
0.32577133 	 0.6759427
0.3439603 	 0.76441836
0.40358278 	 0.8043023
0.40376565 	 0.8173186
0.43038505 	 0.71569616
0.36869845 	 1.0008023
0.38315845 	 1.0597268
0.4047329 	 0.9956578
0.41630286 	 0.9392954
0.4890573 	 0.74103874
0.3788496 	 0.53007865
0.41354516 	 0.5916152
0.40973818 	 0.5604147
0.45923012 	 0.5442221
0.43985778 	 0.47747123
0.4551655 	 0.5843453
0.48068082 	 0.58176094
0.4952963 	 0.60488755
0.52692586 	 0.65286493
0.57382536 	 0.58824486
0.53186536 	 0.63321
0.48182142 	 0.825929
0.4109607 	 0.8695179
0.43397164 	 1.017977
0.29715106 	 1.1703492
0.44682342 	 0.8411951
0.32203266 	 0.68946946
0.34334415 	 0.8675143
0.394121 	 0.7725874
0.38352144 	 0.70764834
0.30564588 	 0.39963302
0.40711045 	 0.90345806
0.38806638 	 0.9847133
0.35478404 	 1.0594536
0.34125477 	 0.9222046
0.35054886 	 1.0423621
0.37006083 	 0.94669
0.28763732 	 0.84899735
0.29325265 	 1.0620364
0.33143798 	 0.59078604
0.34290028 	 0.59212285
0.33868182 	 0.45808345
0.33176026 	 0.6836418
0.31729674 	 0.60877955
0.3292863 	 0.52617335
0.3224325 	 0.6227904
0.32730678 	 0.58061135
0.32805535 	 0.6406621
0.3356089 	 0.49767494
0.3366982 	 0.51057774
0.33613408 	 0.53913295
0.3366073 	 0.61426425
0.33619255 	 0.66088575
0.34652743 	 0.6609001
0.33903772 	 0.64605266
0.3546287 	 0.63797635
0.34374854 	 0.5963561
0.3509811 	 0.6882403
0.36396867 	 0.6241809
0.3788127 	 0.7369701
0.39291674 	 0.6977029
0.39636812 	 0.69591343
0.39768413 	 0.77670026
0.41602534 	 0.6754506
0.4085428 	 0.7816969
0.4006893 	 0.68859124
0.40299872 	 0.6630384
0.40022188 	 0.7907322
0.3841425 	 0.6643201
0.39525825 	 0.723379
0.38238084 	 0.7815086
0.37060735 	 0.78164107
0.37755856 	 0.70983946
0.3872248 	 0.6611561
0.39590308 	 0.69909465
0.3757631 	 0.80669546
0.37251452 	 0.9140157
0.36122188 	 0.76189315
0.351103 	 0.68171775
0.35104442 	 0.838778
0.34541893 	 0.69899356
0.33514863 	 0.74734706
0.37006515 	 0.8125542
0.35171625 	 0.66379607
0.37035316 	 0.6912208
0.3780454 	 0.7490116
0.37572977 	 0.86043334
0.36861366 	 0.72728884
0.34485096 	 0.97526026
0.35824347 	 0.6601499
0.36916065 	 0.65044147
0.3694147 	 0.6878572
0.35787228 	 0.8157373
0.35985935 	 0.95200986
0.35967672 	 0.74919814
0.35087067 	 0.74491966
0.35772464 	 0.81804854
0.33804768 	 0.6615573
0.3403133 	 0.693569
0.34780943 	 0.82414556
0.34154752 	 0.7702896
0.3542175 	 0.7028656
0.3454585 	 0.95963264
0.3357099 	 0.697128
0.32501927 	 0.74698913
0.3367048 	 0.8394507
0.34752506 	 0.7006852
0.3392811 	 0.7806148
0.36243904 	 0.67143077
0.3693007 	 0.6841393
0.36540812 	 0.9021127
0.37205154 	 0.778102
0.39076966 	 0.74013186
0.3792059 	 0.77944803
0.3778273 	 0.8147607
0.35330692 	 0.69108
0.3209896 	 0.6313525
0.3057001 	 0.6823931
0.3129914 	 0.7443413
0.29587775 	 0.6797595
0.30062956 	 0.5789422
0.29561785 	 0.7448486
0.28744963 	 0.88453287
0.2894948 	 0.76597536
0.29425097 	 0.77548087
0.29560897 	 0.81039035
0.28925025 	 0.7560895
0.26838985 	 0.845358
0.27004462 	 0.6916189
0.26055425 	 0.7263564
0.27265555 	 0.7186236
0.25875133 	 0.8884012
0.5558275 	 0.54033965
0.5444393 	 0.596657
0.534182 	 0.59201485
0.53073585 	 0.48942423
0.5267062 	 0.594609
0.49834096 	 0.5545999
0.5060629 	 0.6251401
0.5018789 	 0.49730527
0.52295315 	 0.54669034
0.509723 	 0.54017925
0.5020594 	 0.5603758
0.511268 	 0.6440963
0.49878913 	 0.6017943
0.5250888 	 0.683235
0.49613136 	 0.56310916
0.5256171 	 0.51219267
0.51292336 	 0.58582485
0.49239224 	 0.50008833
0.47373536 	 0.51112795
0.4708668 	 0.6099849
0.48260048 	 0.50500214
0.4829973 	 0.5692974
0.47642842 	 0.5963435
0.45337036 	 0.5302947
0.47678566 	 0.5699813
0.4879201 	 0.55675405
0.5161835 	 0.5490236
0.53858894 	 0.50617
0.54886883 	 0.54736024
0.53110456 	 0.5498945
0.52846944 	 0.51827973
0.5247549 	 0.67599064
0.5421454 	 0.5095767
0.5165079 	 0.5456477
0.49558654 	 0.55824566
0.52575034 	 0.5617783
0.48558855 	 0.5660289
0.5170259 	 0.48944366
0.551509 	 0.5584623
0.43138698 	 0.48132667
0.45801437 	 0.512755
0.4423462 	 0.5456526
0.438219 	 0.62723625
0.45284545 	 0.5003099
0.47273877 	 0.47212294
0.46679044 	 0.65604573
0.47318816 	 0.45154923
0.50470597 	 0.6177965
0.5169307 	 0.53680634
0.5289039 	 0.4573823
0.5371971 	 0.5159912
0.5155733 	 0.58354753
0.5055197 	 0.40969554
0.5129833 	 0.5414031
0.48833925 	 0.6205834
0.48546517 	 0.6182187
0.49809974 	 0.6109769
0.48490182 	 0.5054147
0.48101458 	 0.5542257
0.48098856 	 0.5625545
0.50649524 	 0.58957016
0.48381275 	 0.49703628
0.4984029 	 0.54821956
0.50121486 	 0.55688846
0.47949746 	 0.5470516
0.48975402 	 0.6340704
0.52971184 	 0.61914176
0.5068077 	 0.55941945
0.5419682 	 0.60971713
0.50415045 	 0.5345502
0.52285665 	 0.532443
0.51707184 	 0.50228614
0.50331575 	 0.50876826
0.50093746 	 0.49666324
0.47989094 	 0.5248273
0.47493443 	 0.5132607
0.46847996 	 0.52737945
0.4867872 	 0.54634625
0.48135358 	 0.5699125
0.47944432 	 0.61912304
0.47637698 	 0.4904475
0.47974366 	 0.5635804
0.46866015 	 0.5152915
0.4691822 	 0.48694444
0.48525423 	 0.4959311
0.49280018 	 0.56945753
0.48587415 	 0.64695656
0.4957848 	 0.6120538
0.50447553 	 0.53624433
0.5211929 	 0.58171475
0.5972281 	 0.5963086
0.5762471 	 0.68246806
0.4719601 	 0.5980596
0.42393568 	 0.7489029
0.46120617 	 0.8000507
0.50176346 	 0.7594749
0.5213229 	 0.83142906
0.5350065 	 0.589005
0.5417421 	 0.71250105
0.54249245 	 0.7705884
0.5554868 	 0.74426955
0.5512043 	 0.72512233
0.5210849 	 0.7311829
0.522302 	 0.62025124
0.50201076 	 0.6015852
0.4906494 	 0.54951483
0.47082832 	 0.55480736
0.4714985 	 0.61836517
0.46885824 	 0.7558657
0.44579402 	 0.57502395
0.44725907 	 0.4889988
0.4449338 	 0.5239117
0.42963013 	 0.62706304
0.44692463 	 0.48059466
0.43120715 	 0.54133695
0.52791023 	 0.54950887
0.5211389 	 0.5108062
0.52002895 	 0.46738684
0.5038208 	 0.6069327
0.52631587 	 0.54841304
0.52861804 	 0.5175478
0.5330805 	 0.50827074
0.50719106 	 0.6001634
0.5221428 	 0.5287354
0.50472766 	 0.5561413
Summary
0.25875133  -  0.5972281 ,  0.39963302  -  1.1703492
accuracy:  93.0
equal predictions:  0
TensorFlow version: 1.13.1
Found 939 images belonging to 1 classes.
argN = 3136
argN = 3136
0.25071707 	 0.63151747
0.29697752 	 0.50093657
0.29180342 	 0.6044103
0.2597889 	 0.352337
0.27092355 	 0.5138815
0.2853456 	 0.57026434
0.31974855 	 0.4569171
0.35063392 	 0.4219437
0.39335653 	 0.4089714
0.36708295 	 0.54761297
0.42193496 	 0.6466716
0.39766967 	 0.47269344
0.40661156 	 0.5760899
0.42266876 	 0.4086291
0.30620307 	 0.6421113
0.2610737 	 0.7429218
0.28396085 	 0.5974802
0.27574053 	 0.42114908
0.26147914 	 0.7018149
0.25764272 	 0.8818178
0.2744338 	 0.50302947
0.31431103 	 0.34790802
0.29408595 	 0.38041946
0.2750195 	 0.29037553
0.29498193 	 0.4582204
0.3473554 	 0.46393982
0.36786044 	 0.39541578
0.40450272 	 0.7654215
0.35043344 	 0.4261118
0.18965438 	 0.46561834
0.25687712 	 0.3684969
0.268195 	 0.35408136
0.26408166 	 0.42867708
0.27889115 	 0.36529303
0.24796443 	 0.42677677
0.26904324 	 0.49521816
0.31108493 	 0.63369393
0.30621707 	 0.6743952
0.29332688 	 0.6207228
0.3069078 	 0.39027774
0.30192724 	 0.63517135
0.29131716 	 0.4626635
0.29375368 	 0.6943507
0.19837324 	 0.41038632
0.28720486 	 0.7760582
0.29070365 	 0.6075791
0.40057862 	 0.4159244
0.4295301 	 0.43286145
0.32981876 	 0.4646731
0.3424361 	 0.3407524
0.332015 	 0.44506922
0.3472706 	 0.7015675
0.3415574 	 0.4211509
0.3251266 	 0.6127712
0.26548862 	 0.47332898
0.23803039 	 0.35214117
0.2888616 	 0.65446573
0.28150058 	 0.6140141
0.26285484 	 0.6065354
0.3047218 	 0.8033611
0.28428474 	 0.40640107
0.2911355 	 0.8689291
0.3026681 	 0.8641139
0.29890406 	 0.7671568
0.24942264 	 0.6796958
0.3300446 	 0.72916144
0.31678596 	 0.5403305
0.32037628 	 0.49339277
0.3181029 	 0.41755995
0.31262714 	 0.6641946
0.36761704 	 0.8549289
0.40131423 	 0.49044612
0.39685428 	 0.63584024
0.3507536 	 0.42687932
0.27994734 	 0.4535927
0.2872156 	 0.70027727
0.26920286 	 0.67001843
0.25740382 	 0.48685113
0.27027875 	 0.5455116
0.28583056 	 0.4468197
0.26547286 	 0.6952048
0.29000115 	 0.7981426
0.31901526 	 0.42334887
0.30814323 	 0.35147938
0.25960204 	 0.34955278
0.28983006 	 0.65430796
0.30897552 	 0.51831377
0.29737106 	 0.47862038
0.36444756 	 0.45737845
0.54424596 	 0.5670213
0.38557553 	 0.405512
0.29417458 	 0.58357084
0.34890324 	 0.40813887
0.37718016 	 0.8653136
0.24079165 	 0.327301
0.2488658 	 0.63486475
0.3147981 	 0.6357065
0.3172744 	 0.4389887
0.3151094 	 0.5847574
0.36017254 	 0.40467432
0.4090266 	 0.6184342
0.44227013 	 0.5345453
0.41966254 	 0.5726134
0.40587643 	 0.4811822
0.43202057 	 0.51970357
0.42724842 	 0.5781813
0.47690788 	 0.5411094
0.24284685 	 0.42184782
0.24207419 	 0.38067943
0.24177536 	 0.42517215
0.23743525 	 0.8984538
0.25618002 	 0.82286775
0.22560728 	 0.56849915
0.22032344 	 0.6105795
0.2279689 	 0.35802397
0.23896931 	 0.48283845
0.21746351 	 0.66073793
0.22643174 	 0.7481739
0.23001732 	 0.42853528
0.22323407 	 0.42187944
0.24348839 	 0.3793989
0.23127447 	 0.5268793
0.27909064 	 0.42882884
0.28934485 	 0.62633246
0.29230273 	 0.6164835
0.30109292 	 0.5428314
0.30826867 	 0.7843053
0.29942492 	 0.38672337
0.31414905 	 0.54329216
0.32354245 	 0.5289045
0.31049195 	 0.4484073
0.3147345 	 0.3967098
0.33328554 	 0.35910287
0.30732942 	 0.47426885
0.30478293 	 0.49254966
0.3198572 	 0.5449864
0.33518437 	 0.7837221
0.32850617 	 0.36094752
0.33687925 	 0.46901497
0.3326175 	 0.37587556
0.32535037 	 0.3588959
0.34198442 	 0.45500448
0.3455056 	 0.44244432
0.35926464 	 0.5123064
0.39542678 	 0.40166926
0.38202322 	 0.91359746
0.3748612 	 0.58676606
0.3935939 	 0.35979408
0.384694 	 0.553167
0.41353172 	 0.3580168
0.39126045 	 0.37847757
0.38892764 	 0.5293088
0.3976458 	 0.5135365
0.40862328 	 0.5565669
0.44594166 	 0.7366944
0.44747218 	 0.5482543
0.44883165 	 0.68092114
0.45795098 	 0.56236374
0.45195666 	 0.60828304
0.4411847 	 0.6400391
0.42925045 	 0.78597254
0.44681755 	 0.5709403
0.47150898 	 0.72801095
0.44148976 	 0.49235594
0.4553166 	 0.5378357
0.46021286 	 0.45888865
0.44776857 	 0.5688622
0.44691512 	 0.57082045
0.41587743 	 0.4560108
0.44666225 	 0.5663995
0.43926093 	 0.5539673
0.43114275 	 0.49081373
0.46970993 	 0.6607008
0.47527483 	 0.6151674
0.4695061 	 0.67621124
0.42741966 	 0.4467256
0.42076063 	 0.67055
0.4336958 	 0.5549783
0.427003 	 0.48596194
0.42558384 	 0.7673536
0.42924717 	 0.59348214
0.41094407 	 0.57823616
0.41532072 	 0.562508
0.39542764 	 0.41839936
0.40405202 	 0.6164764
0.41534907 	 0.77578783
0.42351666 	 0.4326932
0.41787267 	 0.76280844
0.43833867 	 0.48118538
0.4408195 	 0.64186436
0.42153212 	 0.5943914
0.4526636 	 0.46803042
0.4415387 	 0.5052733
0.44507304 	 0.46857682
0.45690024 	 0.6038698
0.44121212 	 0.7606704
0.46350917 	 0.6588257
0.4894682 	 0.6039934
0.45333707 	 0.5304416
0.49034023 	 0.5231565
0.4943134 	 0.6589094
0.48953295 	 0.6381695
0.48783934 	 0.53481513
0.49037117 	 0.5257476
0.51144 	 0.70465463
0.483269 	 0.5507729
0.51222193 	 0.6432302
0.52133375 	 0.68487465
0.5228855 	 0.65850323
0.5553958 	 0.6605594
0.5485294 	 0.5683835
0.54961294 	 0.53145945
0.41968286 	 0.60707206
0.38718092 	 0.66900903
0.3476832 	 0.49106792
0.34461537 	 0.72044396
0.3422265 	 0.4939868
0.3439782 	 0.422626
0.3868206 	 0.7385976
0.40547025 	 0.7076349
0.38870165 	 0.7069559
0.397357 	 0.60148406
0.37185425 	 0.60175556
0.3909124 	 0.7606512
0.39425862 	 0.5835807
0.37482688 	 0.6595766
0.37689894 	 0.6115341
0.38256425 	 0.69836164
0.39475906 	 0.63599515
0.41229525 	 0.6278543
0.4142073 	 0.6326565
0.42545268 	 0.53174347
0.42205596 	 0.67315644
0.42713705 	 0.66350853
0.40646398 	 0.8380492
0.44472885 	 0.6111169
0.4441876 	 0.7024269
0.42807662 	 0.53613234
0.42252576 	 0.6989656
0.42380235 	 0.76265395
0.42551997 	 0.7146969
0.5047038 	 0.64668345
0.4550212 	 0.6998284
0.47478205 	 0.69939977
0.47207898 	 0.62364286
0.46508488 	 0.6855161
0.48090428 	 0.57199204
0.52709025 	 0.6072416
0.5059874 	 0.6588968
0.38209048 	 0.65099996
0.45382696 	 0.55066013
0.41864866 	 0.56873274
0.40140817 	 0.5844734
0.3763465 	 0.6326086
0.3956543 	 0.5248067
0.37957925 	 0.5353232
0.3598081 	 0.6910224
0.35543272 	 0.7122795
0.38305065 	 0.74258864
0.4153411 	 0.51419586
0.4217523 	 0.691901
0.43653563 	 0.7475043
0.44986355 	 0.75303423
0.4608043 	 0.7137808
0.46326447 	 0.5717426
0.4808133 	 0.7098464
0.44401717 	 0.6348341
0.41927484 	 0.5675519
0.433385 	 0.7299128
0.3986182 	 0.6145622
0.40347445 	 0.5141707
0.41549835 	 0.5333335
0.41125005 	 0.7108366
0.48445404 	 0.5721234
0.46682227 	 0.6305068
0.46308723 	 0.64763635
0.48783982 	 0.62061703
0.41465405 	 0.45220995
0.3935197 	 0.6906501
0.40198606 	 0.6366662
0.4096044 	 0.72277725
0.42464694 	 0.6899969
0.389176 	 0.63988155
0.43769202 	 0.6409264
0.35254133 	 0.58334523
0.31555167 	 0.6484764
0.31156698 	 0.45129535
0.29365277 	 0.56342334
0.30571377 	 0.69587004
0.28838232 	 0.71499324
0.2664516 	 0.50957316
0.25606745 	 0.58225405
0.22471118 	 0.70020103
0.21843135 	 0.50750905
0.21799861 	 0.61440045
0.19737631 	 0.74674875
0.19318177 	 0.77787304
0.20310561 	 0.58058363
0.21588787 	 0.62263757
0.41515973 	 0.671747
0.4435579 	 0.73203486
0.43933213 	 0.4992981
0.4676492 	 0.63776183
0.4681454 	 0.60342246
0.49188718 	 0.66180253
0.45977446 	 0.58278203
0.46963567 	 0.68168914
0.43289152 	 0.48282513
0.41449913 	 0.642504
0.41143665 	 0.7223335
0.4343212 	 0.64077824
0.40860516 	 0.6560471
0.42739078 	 0.61630774
Summary
0.18965438  -  0.5553958 ,  0.29037553  -  0.91359746
accuracy:  97.8
equal predictions:  0
