TensorFlow version: 1.13.1
Found 939 images belonging to 1 classes.
argN = 196
argN = 196
0.3039232 	 2.3483796
0.32559344 	 2.019986
0.59010994 	 2.6578012
0.72547776 	 2.1766214
0.5952016 	 1.8328649
0.20492625 	 2.234877
0.13969316 	 3.894553
0.078375176 	 2.2831566
0.062463637 	 3.4826112
0.047060683 	 2.3313904
0.122181654 	 1.8966486
0.27266887 	 1.2885982
0.036961757 	 2.7426305
0.10448639 	 2.1804738
0.19395973 	 2.4495652
0.1476708 	 1.8764277
0.162292 	 1.6048845
0.26145628 	 2.3433158
0.29676715 	 3.0896795
0.23859143 	 1.8778174
0.18478803 	 3.865881
0.22871387 	 4.8631024
0.39611566 	 1.8275619
0.36050978 	 2.2782118
0.45841137 	 2.7326038
0.22608145 	 2.7749119
0.11919346 	 2.2807004
0.007158749 	 5.2510114
0.03108965 	 2.6509943
0.05220668 	 2.3003826
0.03026502 	 3.0950158
0.015534272 	 2.9657001
0.055783194 	 2.4663477
0.09705669 	 2.3123817
0.12080884 	 2.3907375
0.52165294 	 1.6712768
0.5967441 	 1.2359849
0.5572909 	 1.9990573
0.5661762 	 2.2585871
0.5484414 	 2.1254578
0.4581011 	 1.4131337
0.39795563 	 1.7703379
0.2613263 	 2.1257617
0.07541293 	 2.6546288
0.62810963 	 2.7923758
0.5271914 	 2.33458
0.5082196 	 2.0615838
0.7046716 	 1.9770806
0.029651217 	 3.1978595
0.1785934 	 2.0136397
0.113627814 	 2.6332097
0.015587608 	 4.3862243
0.082068495 	 1.9791563
0.1355639 	 2.2575924
0.13330826 	 1.767783
0.08349627 	 1.9688096
0.18473677 	 2.6252089
0.09064299 	 2.6980646
0.036365587 	 3.0516768
-9.5367386e-07 	 2.2642999
-9.5367386e-07 	 2.1513596
0.02066321 	 2.070775
0.06884325 	 1.9438863
0.025840178 	 3.1984038
0.33671817 	 2.018107
0.3670469 	 1.6140732
0.18199255 	 1.6648002
0.12964015 	 2.2647705
0.04108307 	 2.3647127
0.06275585 	 2.3814044
0.1791292 	 2.4330604
0.15660624 	 2.2550917
0.21379937 	 5.2020965
0.07053633 	 2.011373
0.03200007 	 1.5917106
0.19730139 	 2.396476
0.23079227 	 1.8904971
0.2184884 	 2.2146235
0.032512974 	 2.711994
0.026761808 	 3.0798244
0.1357779 	 1.8247244
0.032266524 	 2.2205055
0.13747238 	 2.6297107
0.030904837 	 4.385487
0.014559666 	 2.5304961
0.10753516 	 3.0847704
0.116313316 	 2.323766
0.031100903 	 3.8691418
0.031088542 	 2.849417
0.004656111 	 2.0195246
0.010255472 	 2.4640126
0.0065704794 	 2.5653083
0.031090634 	 2.785011
0.0102414405 	 3.1793106
0.050582886 	 2.6345346
0.015426097 	 1.6818043
0.01560014 	 2.2141814
0.020529471 	 1.8879802
0.019998958 	 1.5020452
0.014412774 	 1.6946862
0.010620165 	 1.0290372
0.010072663 	 2.4443173
-9.5367386e-07 	 1.8402625
0.008367761 	 1.2970037
0.0025303164 	 2.3306704
0.010255472 	 1.4060085
0.00511408 	 1.410646
0.0051158173 	 2.2990696
0.0051143193 	 2.0899215
0.015423434 	 1.3581305
0.021811726 	 1.8619441
0.025459256 	 1.6390603
0.021711092 	 1.5589846
0.020618485 	 1.529183
0.025747702 	 1.1906554
0.047077928 	 1.5864912
0.049950846 	 1.9097581
0.041778695 	 1.4524262
0.058749594 	 2.4784968
0.04229285 	 2.79753
0.031053804 	 1.6013659
0.030958937 	 2.2941668
0.031085838 	 1.0487806
0.030833773 	 2.705238
0.035560746 	 1.2719915
0.025696512 	 1.4434112
0.02061015 	 1.5265598
0.026736401 	 1.2886184
0.010255472 	 1.0840997
0.010255472 	 1.9497876
0.00511408 	 1.5863867
0.010255472 	 1.9002548
0.01073975 	 1.1416832
0.00041153553 	 1.7680987
0.010257338 	 1.5905968
0.015423373 	 1.6960957
0.015423434 	 1.4502116
0.01563592 	 1.1759709
0.0010029337 	 2.9584064
0.011212208 	 1.7208058
0.023088368 	 2.986464
0.007861981 	 1.7021532
0.011467392 	 1.8304328
0.00056491356 	 2.2382662
0.0051143793 	 2.4113474
0.0051141395 	 1.8085017
0.010268901 	 1.9632047
0.005114799 	 1.6110845
0.0047630076 	 2.6454177
0.010651069 	 2.9793742
0.0051280987 	 1.2296838
0.005185735 	 1.5811772
0.010569323 	 1.5380901
0.017121986 	 2.0149934
0.011380213 	 1.7714149
0.012403744 	 2.5397913
0.006108305 	 2.1946735
0.018261826 	 2.880166
0.010256977 	 2.021622
0.031009536 	 2.037757
0.025710518 	 1.0513204
0.031804565 	 1.6975209
0.025920859 	 1.4975873
0.04167162 	 1.8415972
0.028649021 	 2.3863719
0.018914659 	 2.644111
0.031056263 	 1.3444211
0.030260291 	 1.5129901
0.025837976 	 1.2117906
0.018779758 	 1.7262068
0.015390264 	 1.5619234
0.020714263 	 1.6174259
0.020627856 	 1.3663099
0.0052863965 	 1.1974201
0.024795784 	 1.6440443
0.014949285 	 2.3517873
0.026507711 	 1.3268559
0.010024017 	 1.063956
0.02928099 	 1.0371468
0.032420617 	 1.7408687
0.044477053 	 0.94108725
0.05591593 	 2.075505
0.04354942 	 1.6387466
0.052722454 	 2.0934114
0.039590262 	 2.3041945
0.045945473 	 1.5522608
0.03188684 	 1.4716262
0.0323106 	 1.1619493
0.019942164 	 1.5100754
0.025912661 	 1.2727529
0.0047182115 	 1.5199795
0.011557593 	 2.2671494
0.015458724 	 1.910349
0.014872874 	 0.7534803
0.011202202 	 2.2275906
0.020551557 	 1.7320045
0.03672546 	 2.104015
0.036367133 	 1.5133284
0.030691417 	 1.4713427
0.025328666 	 1.0100687
0.047880467 	 1.2372628
0.17339723 	 1.508436
0.1594281 	 2.6827981
0.11173694 	 1.576811
0.08477926 	 2.331153
0.036090437 	 4.5717044
0.020618243 	 1.0929564
0.036492743 	 2.1002007
0.020618547 	 5.2779193
0.010247101 	 1.8096169
0.04165267 	 3.6676736
0.025839506 	 3.3080986
0.031098196 	 1.6657594
0.01755822 	 2.3143857
0.025643187 	 1.9131683
0.00511408 	 1.5959947
0.0035418337 	 1.9406604
0.020617938 	 1.5293351
0.016833106 	 2.20541
0.022610266 	 1.0839542
0.020626213 	 2.3877318
0.005521852 	 3.332177
0.010255472 	 2.187068
0.036366574 	 1.308167
0.02977746 	 2.9755104
0.03097068 	 1.9438908
0.030251628 	 3.8917718
0.0576644 	 2.283397
0.2408486 	 1.6394911
0.53422165 	 1.7549119
0.12668847 	 1.0460689
0.057745103 	 2.4342582
0.05236689 	 2.9753878
0.04167162 	 3.3409638
0.05446604 	 3.0838914
0.06333418 	 2.92402
0.04200388 	 3.4795508
0.39679012 	 2.072845
0.1856644 	 1.8756196
0.09622067 	 2.7131407
0.047138408 	 3.0804212
0.100179836 	 2.2356806
0.13643949 	 2.8320005
0.12697572 	 2.2968829
0.095878564 	 2.0989954
0.08769817 	 1.6945401
0.07366692 	 2.233831
0.07899803 	 1.5705469
0.057760574 	 1.4079038
0.036333814 	 1.3299266
0.041613333 	 1.7368478
0.025832593 	 2.175413
0.03500479 	 1.1197277
0.04165907 	 2.8365896
0.036351122 	 2.5155587
0.031089835 	 2.0152993
0.020626213 	 2.4839675
0.033905588 	 4.179406
0.04185545 	 2.2335827
0.04805875 	 2.3259137
0.047688335 	 2.366914
0.04698884 	 2.233291
0.05567511 	 2.4355123
0.050097913 	 4.561713
0.060185965 	 1.6524187
0.11621068 	 2.4347208
0.15557306 	 1.1422303
0.22385234 	 1.5164707
0.14229856 	 1.9839478
0.11501032 	 2.0819232
0.07411031 	 2.8800406
0.08493414 	 1.5774819
0.032234453 	 2.6402311
0.029445061 	 2.372278
0.021330215 	 1.119288
0.057275016 	 2.2341065
0.015435116 	 2.4425106
0.026855053 	 3.2130337
0.031090388 	 2.5007846
0.022183584 	 1.627352
0.017004605 	 2.1491199
0.041703187 	 3.0738194
0.08852455 	 1.886522
0.12644035 	 0.9244879
0.13689466 	 2.6056166
0.14973588 	 3.8984969
0.24032432 	 1.380651
0.20064667 	 2.1899877
0.24336134 	 1.925334
0.21397108 	 1.6484498
0.20072228 	 1.6992066
0.23913555 	 1.4588673
0.20320246 	 1.6481359
0.19485976 	 1.981361
0.17555176 	 2.8289587
0.08445323 	 2.8708165
0.07296389 	 2.0075142
0.06946671 	 1.8947393
0.041364256 	 1.7465743
0.041652914 	 2.0592403
0.057733674 	 3.0902076
0.054589663 	 1.4562645
0.07725007 	 2.8799546
0.096764065 	 2.6494052
0.110176854 	 2.3091278
0.08633794 	 2.9647381
0.08856656 	 2.15103
0.09619554 	 2.9755163
0.06926004 	 1.2039323
0.07835867 	 1.9172128
0.08505211 	 4.179644
0.09868615 	 1.4937915
0.11436397 	 1.134019
Summary
-9.5367386e-07  -  0.72547776 ,  0.7534803  -  5.2779193
accuracy:  100.0
equal predictions:  0
TensorFlow version: 1.13.1
Found 939 images belonging to 1 classes.
argN = 196
argN = 196
0.1813921 	 2.5152733
0.1650106 	 2.8838003
0.24438694 	 2.0189877
0.51358896 	 1.6680505
0.35809958 	 1.559769
0.15645373 	 3.3374093
0.12945376 	 2.06305
0.06377244 	 3.868728
0.10247745 	 2.1648986
0.12851411 	 1.1534915
0.15939216 	 1.5048693
0.17394224 	 2.4503098
0.27388582 	 1.8669187
0.19661833 	 2.3221648
0.19952725 	 2.1403298
0.38584736 	 1.8614762
0.40766898 	 3.0246444
0.39069885 	 2.312853
0.5068516 	 2.6630387
0.22726832 	 2.1419873
0.1371709 	 2.6383681
0.19489518 	 2.312728
0.22719988 	 2.0860884
0.08533192 	 2.8050556
0.04683723 	 3.1064649
0.045182463 	 2.3427882
0.019233974 	 3.9098306
0.012038883 	 2.8739598
0.006977586 	 2.3294163
2.1457695e-06 	 3.2877517
0.011587802 	 1.1169338
0.031120947 	 3.858896
0.115372956 	 3.219615
0.2869195 	 2.2715943
0.20678473 	 2.4034634
0.11631299 	 2.6804645
0.09377232 	 1.8759506
0.12222759 	 2.7296183
0.15958554 	 2.0627828
0.3666929 	 2.180017
0.4425388 	 1.9597374
0.25109112 	 2.2297277
0.31509992 	 2.2360559
0.15991504 	 2.6363962
0.23179822 	 2.234542
0.36314523 	 2.0735734
0.44577307 	 1.878125
0.37666324 	 1.4917139
0.24711448 	 2.1042633
0.036328252 	 2.0651999
0.019277724 	 1.6950089
0.030297644 	 1.9082497
0.15348804 	 1.8634545
0.14134127 	 3.5413487
0.12606266 	 4.1794376
0.11445252 	 2.6471019
0.08009501 	 2.0108082
0.14169998 	 2.060296
0.107815824 	 2.2177413
0.11823951 	 2.4853928
0.2598185 	 2.3736453
0.3406411 	 2.2829
0.035942387 	 2.9275014
0.085121684 	 2.3232462
0.0965245 	 1.8353412
8.9407007e-07 	 3.0713696
-9.5367386e-07 	 2.4245472
0.13806911 	 2.1448753
0.035742715 	 2.1299574
0.17832914 	 2.223541
0.58207226 	 1.6957295
0.3505751 	 2.0050616
0.051192738 	 1.7325808
0.13143265 	 1.9233552
0.15592311 	 2.9838147
0.16008942 	 1.736224
0.3666352 	 2.00551
0.35652563 	 2.1438713
0.28946903 	 2.2410421
0.084985785 	 2.444024
0.043309815 	 2.374573
0.06534425 	 2.2335467
0.088415734 	 1.8453608
0.030493343 	 3.8422098
0.047268316 	 2.1711824
0.07396788 	 2.4283326
0.07958332 	 2.4303143
0.04697691 	 2.4133668
0.02046772 	 2.6095252
0.015423434 	 2.2924347
0.018071843 	 1.5109174
-9.5367386e-07 	 3.179405
0.00511408 	 2.5206072
0.010668118 	 3.3278522
0.036120594 	 2.501148
0.042078603 	 2.532283
0.015423434 	 2.3596811
0.02439553 	 3.5707476
0.027728654 	 3.4771132
0.06307297 	 3.3316064
0.023703283 	 1.4921741
0.03982457 	 1.1241906
0.025839323 	 2.0353749
0.01652595 	 2.0560343
0.02582923 	 2.0999324
0.020618243 	 2.0922365
0.015423434 	 2.0713005
0.02770549 	 1.2319525
0.00014991692 	 2.1296206
0.00402317 	 1.8015027
0.0062804935 	 1.4122101
0.010255472 	 1.7627192
0.031031977 	 2.8147311
0.010254268 	 2.4411225
0.020446183 	 1.1736748
0.02583333 	 1.1218084
0.03638994 	 1.1274672
0.031036772 	 0.8895296
0.036682546 	 1.4835106
0.049291655 	 2.29455
0.046326354 	 1.3753355
0.06860134 	 0.66890013
0.04557871 	 2.187324
0.030429007 	 2.5790787
0.03225021 	 1.7082653
0.024555929 	 1.3310553
0.024555195 	 0.9598041
0.02584232 	 1.6588808
0.02621109 	 1.9481379
0.02735142 	 1.2536812
0.013079877 	 3.2865758
0.020627612 	 2.329717
0.020151053 	 2.971102
0.01914332 	 1.4396846
0.009630232 	 1.1617819
0.015423434 	 1.9798846
0.020618182 	 2.704232
0.020620007 	 1.1084436
0.03571498 	 2.1993449
0.015423494 	 1.8256758
0.028664662 	 1.0301648
0.028397938 	 2.0345576
0.016240211 	 3.0517714
0.036363486 	 1.7618084
0.025996713 	 0.8712033
0.045579087 	 1.3266964
0.031089466 	 1.4064691
0.028039332 	 1.886482
0.030745076 	 1.9571842
0.0205762 	 2.3261817
0.020618485 	 1.263153
0.014979779 	 1.1403832
0.010255472 	 1.9384841
0.014933495 	 1.4781753
0.0078404145 	 1.1172726
0.009837939 	 1.455993
-9.5367386e-07 	 2.180848
0.0009380209 	 1.9200268
0.005114978 	 3.22256
0.009117316 	 1.3345413
0.00511408 	 1.521292
0.031340916 	 2.1585526
0.028758882 	 1.1259283
0.052367456 	 1.0574123
0.063178614 	 1.305586
0.04167162 	 2.9608657
0.06861309 	 1.2597592
0.068628535 	 1.2990928
0.05529286 	 1.5404979
0.058261026 	 1.3235419
0.07409677 	 1.808209
0.036996827 	 1.9841406
0.042025886 	 1.7977731
0.015423373 	 1.4876435
0.025849476 	 1.2778286
0.021760982 	 2.2343397
0.036063123 	 0.8512346
0.034361545 	 1.6860173
0.009696975 	 1.0968077
-9.5367386e-07 	 1.3337148
0.0051153377 	 1.843604
0.011771732 	 1.3225446
0.022232277 	 1.1183358
0.0053470978 	 1.5054531
0.0057167187 	 1.7811043
0.009592921 	 1.6133968
0.010447528 	 1.4281441
0.00309708 	 1.7137856
0.006176133 	 1.3636183
0.01867354 	 1.0755602
0.028683124 	 1.9369181
0.009026974 	 1.1913563
0.0103426725 	 2.1368275
0.18853568 	 1.5466714
0.2137748 	 1.7534308
0.28328806 	 1.9215527
0.1755173 	 1.3703368
0.22785923 	 1.6010355
0.14406903 	 1.9474678
0.05913886 	 2.69334
0.06857511 	 1.4278438
0.01542192 	 1.2499553
0.010256917 	 2.099933
0.031032408 	 1.2884587
0.05232946 	 2.7719207
0.031135643 	 1.6671891
0.014628251 	 2.3397381
0.02069905 	 2.0003064
0.010255472 	 1.8888488
0.019676786 	 2.9209857
0.0154087255 	 1.7798455
0.028689627 	 2.3305845
0.030746613 	 1.8233275
0.015447829 	 1.7276443
0.020618182 	 3.0901945
0.02320982 	 1.0100296
0.015452308 	 3.1973372
0.015423313 	 1.183606
0.029519524 	 2.0870495
0.023469914 	 1.7755522
0.068456374 	 1.1504126
0.2307175 	 2.9501524
0.106619455 	 3.4811883
0.09989565 	 4.159964
0.068740964 	 2.2814972
0.07884104 	 3.1986988
0.06935759 	 1.7483755
0.07352219 	 1.3901519
0.08499948 	 2.1161277
0.02856162 	 1.7510911
0.02596582 	 1.1268069
0.05305024 	 2.879442
0.061396718 	 2.2042203
0.14615771 	 1.9814843
0.119057216 	 2.7932866
0.17200513 	 1.3466419
0.10727867 	 1.6014614
0.09110305 	 1.8441201
0.05860289 	 1.8474041
0.07065287 	 2.1193209
0.051852304 	 3.4863229
0.071821615 	 1.7731292
0.05775489 	 2.7112107
0.05775874 	 0.8481792
0.063445315 	 2.0074508
0.036368802 	 1.6818066
0.047004707 	 3.198401
0.041633777 	 1.3487304
0.020615444 	 4.580685
0.015435843 	 1.2970954
0.04144856 	 1.6109761
0.036366574 	 2.2691834
0.058104794 	 2.6326997
0.05775565 	 2.9755104
0.05964216 	 2.9071357
0.121231854 	 2.5227234
0.23026012 	 2.1870835
0.24271205 	 1.6104655
0.31851378 	 1.8019879
0.27788717 	 0.89643115
0.25487137 	 1.3889123
0.28067404 	 2.0304847
0.18973039 	 1.7676936
0.15856533 	 1.2960048
0.0963772 	 1.3565925
0.09571805 	 2.637423
0.079200976 	 1.1597085
0.06995963 	 1.281523
0.057787474 	 2.7863388
0.02533863 	 2.2026765
0.020444054 	 2.5460227
0.021350797 	 3.654217
0.015456424 	 3.354905
0.036468077 	 1.8175145
0.12976162 	 1.5359795
0.18297368 	 2.541185
0.24669339 	 1.6890128
0.2412437 	 2.4921885
0.21024585 	 2.383442
0.3524044 	 1.406437
0.34242418 	 1.5696654
0.39464524 	 2.3855846
0.34671244 	 2.292973
0.30434388 	 2.2660725
0.29716927 	 1.8823036
0.28784302 	 2.3128428
0.30138245 	 1.4692355
0.2856989 	 1.6908444
0.32819158 	 1.2306676
0.34849948 	 1.765016
0.3342122 	 0.90371245
0.36157864 	 1.4293902
0.31211784 	 1.6131281
0.312627 	 1.343615
0.28387898 	 1.8988901
0.31673777 	 2.2697692
0.21925823 	 1.276616
0.19133742 	 2.5929239
0.10763685 	 2.2842832
0.09650126 	 1.0489662
0.036469374 	 1.8199799
0.0420022 	 1.7308611
0.057526257 	 3.1981337
0.072877534 	 1.71041
0.09630218 	 1.9939942
0.14162472 	 3.1716611
0.114221305 	 1.791467
0.11026949 	 3.0655851
0.13798015 	 1.9723856
0.09053864 	 2.8404932
0.07013672 	 3.8480942
0.07935325 	 2.4937184
0.04874166 	 2.4186318
Summary
-9.5367386e-07  -  0.58207226 ,  0.66890013  -  4.580685
accuracy:  100.0
equal predictions:  0
TensorFlow version: 1.13.1
Found 939 images belonging to 1 classes.
argN = 196
argN = 196
0.4664019 	 0.571166
0.49479094 	 0.56051403
0.5648579 	 0.7676903
0.58819646 	 0.832094
0.18609545 	 0.5446111
0.19104928 	 0.45404235
0.14157026 	 0.6863604
0.084624015 	 1.3845371
0.06321144 	 0.68720025
0.12740567 	 1.8796998
0.2062627 	 0.6170021
0.17603143 	 0.74061126
0.37609372 	 0.93036276
0.2528142 	 0.77617747
0.22666821 	 0.7506924
0.19771837 	 0.8449884
0.25803387 	 0.57587427
0.38286883 	 0.6092692
0.2985999 	 1.0407308
0.21877201 	 0.64880776
0.2931347 	 0.79624003
0.2402392 	 1.0880398
0.0051148585 	 0.7697018
0.015411267 	 0.7297539
0.2710282 	 0.6698407
0.25109947 	 0.89657825
0.338069 	 0.35063893
0.44485846 	 1.1375628
0.30992272 	 0.7643055
0.3982707 	 0.6786935
0.2933212 	 0.59635174
0.56180215 	 0.6706148
0.46017063 	 0.5643742
0.47324172 	 0.7636898
0.4868492 	 0.47120377
0.37424603 	 0.7120532
0.16227925 	 1.1520917
0.14141549 	 0.5772832
0.1352449 	 1.1156172
0.06881196 	 0.98098505
0.046867028 	 0.5947512
0.049879543 	 0.69414985
0.07863887 	 1.271134
0.095911495 	 1.1592976
0.19788995 	 0.50338435
0.15368362 	 0.612548
0.21683621 	 1.031073
0.37157995 	 0.8450892
0.3082693 	 0.7643655
0.4368964 	 0.4951134
0.29771748 	 0.57944125
0.27723804 	 0.9059721
0.21642028 	 0.51881534
0.30965182 	 0.8289401
0.29971212 	 0.65310556
0.2637457 	 0.79156315
0.15244217 	 1.1485143
0.056966856 	 0.39520428
0.041654345 	 0.5418705
0.00511408 	 0.21033566
0.0209535 	 2.5032067
0.057321534 	 1.5388391
0.07281151 	 1.2183561
0.18846242 	 0.8621129
0.47296536 	 0.9409487
0.4025732 	 1.0197455
0.54748446 	 0.99134743
0.41895473 	 1.230484
0.56588215 	 0.9031586
0.43593422 	 0.5454126
0.39527702 	 0.51169014
0.3226499 	 0.66086984
0.2036556 	 0.7060146
0.17125297 	 0.67970115
0.13657819 	 0.7091889
0.15040725 	 0.8298465
0.02296888 	 1.1647911
0.0172261 	 1.6776958
0.2718276 	 0.8750278
0.16412552 	 0.96326435
0.17404863 	 0.59516233
0.39106354 	 0.7725736
0.23137219 	 0.8523735
0.24422523 	 0.81711334
0.21401773 	 0.5469715
0.17508008 	 0.78244287
0.24143551 	 0.6397968
0.12677826 	 1.0119612
0.14123644 	 0.5953275
0.10750437 	 1.1728125
0.100243025 	 1.1515716
0.11271031 	 0.7114175
0.12518874 	 1.6963915
0.08257997 	 1.9331839
0.040273618 	 1.039238
0.10271125 	 1.2227354
0.14065099 	 0.47395554
0.15151417 	 0.43314674
0.10075017 	 1.4006293
0.108954065 	 2.1832643
0.06754202 	 1.6941553
0.10326519 	 1.375853
0.11794424 	 2.144518
0.07047429 	 1.3866671
0.12497819 	 1.6446387
0.14827172 	 0.8911074
0.13684729 	 0.80546826
0.16829906 	 1.1083412
0.24797322 	 0.48163053
0.20995845 	 0.97598076
0.18767484 	 0.95264786
0.2057801 	 1.006035
0.19590493 	 0.6354805
0.26996094 	 0.9985331
0.21085799 	 0.71175593
0.25349897 	 0.89896214
0.2811814 	 0.9868798
0.2810231 	 0.69703823
0.23708032 	 0.44133732
0.21374667 	 0.6020644
0.23095505 	 0.5357395
0.31061497 	 0.5958432
0.1728661 	 0.63975656
0.213856 	 0.8440036
0.14888759 	 0.59305036
0.23770443 	 0.7600242
0.18987906 	 0.51322156
0.21188289 	 0.7655404
0.1850297 	 0.53532636
0.21276453 	 0.7931064
0.1704772 	 0.7507142
0.19808488 	 0.6425423
0.16039999 	 0.9831379
0.19751842 	 0.59214395
0.1782032 	 0.7115162
0.14004044 	 0.70177954
0.200521 	 0.701552
0.15152042 	 0.6132957
0.21014847 	 0.54943377
0.19134349 	 0.6965666
0.17845295 	 0.8379252
0.18429075 	 0.6490279
0.13119382 	 0.919106
0.17274092 	 1.2216523
0.23387717 	 0.78349936
0.20587069 	 1.0638072
0.19632888 	 0.8361055
0.18116897 	 1.0657563
0.16482587 	 0.9619953
0.18220286 	 1.0588206
0.17249335 	 0.57082933
0.20154697 	 1.1015928
0.22653206 	 0.7690755
0.22177319 	 0.5003903
0.20578428 	 1.3540698
0.25622192 	 0.9735199
0.23713721 	 1.2047219
0.20888579 	 0.9264414
0.22991207 	 1.1101447
0.2250993 	 1.001553
0.2253002 	 1.1825616
0.23071967 	 0.5537418
0.21519874 	 1.219996
0.2511876 	 1.1041353
0.25574988 	 1.0083772
0.16992454 	 1.2071763
0.1563119 	 0.8966972
0.107337 	 0.6904744
0.09039914 	 0.81257635
0.06384944 	 1.5034056
0.16096114 	 0.7874582
0.13155101 	 0.6987866
0.09736944 	 1.5099881
0.123254046 	 0.987157
0.107138604 	 0.6034522
0.149609 	 1.0390459
0.102148645 	 0.9109699
0.08043873 	 1.0676649
0.07768513 	 1.0234398
0.09694931 	 0.9943109
0.121363945 	 1.28487
0.10434037 	 0.9534596
0.12898448 	 0.6915207
0.10734934 	 1.16735
0.10438225 	 0.7431069
0.14544053 	 0.47415394
0.11144552 	 0.8203326
0.11960013 	 1.4875524
0.081907466 	 1.3791897
0.06574208 	 1.7990497
0.06250158 	 1.5557171
0.030582696 	 1.9253238
0.03627856 	 2.1201935
0.036081847 	 2.2776918
0.026579509 	 1.2269256
0.17431879 	 0.8966184
0.18786463 	 0.5068124
0.17180552 	 1.3215822
0.17249314 	 1.7333027
0.14752588 	 0.8394336
0.18967304 	 1.3230196
0.21960318 	 1.283459
0.2074917 	 1.1392285
0.22200878 	 1.7848134
0.22114602 	 1.5668995
0.11333016 	 1.2350163
0.13366368 	 2.0897644
0.09662021 	 1.5838474
0.08950322 	 0.7227309
0.09975286 	 0.45388657
0.08670592 	 1.220789
0.113483585 	 0.57922775
0.10336327 	 0.33968487
0.08843892 	 1.3419718
0.10019736 	 1.994507
0.1041427 	 1.7116907
0.08409004 	 1.2141753
0.09985422 	 2.1466668
0.08409859 	 1.0197874
0.08267559 	 1.3039469
0.1208155 	 1.1395642
0.112982355 	 0.65604895
0.13460629 	 2.198071
0.1740502 	 1.7705375
0.14979064 	 0.48886904
0.1486628 	 1.2516849
0.15912475 	 0.2834488
0.1061355 	 0.7547023
0.13106544 	 2.0503044
0.3492128 	 0.6897005
0.104739785 	 1.1226858
0.07485506 	 1.8415217
0.1242572 	 1.6350288
0.14446564 	 1.2159119
0.12785763 	 1.1760211
0.11895618 	 1.0940299
0.09512855 	 1.7304497
0.090920836 	 1.5126014
0.10596392 	 1.6976435
0.16252753 	 1.7256094
0.14766991 	 0.9603842
0.21442026 	 1.7788981
0.058937095 	 1.0369602
0.06852244 	 0.703584
0.056507982 	 1.4376893
0.04836161 	 1.516707
0.05830336 	 1.6629725
0.06317703 	 2.2823677
0.04139153 	 0.94209075
0.064021125 	 0.5849104
0.08255013 	 0.93142587
0.109727494 	 1.3282037
0.09203072 	 1.6473858
0.1208194 	 0.88138413
0.16741185 	 1.2459874
0.17528595 	 0.74178636
0.16446173 	 1.0987496
0.13582441 	 1.5771334
0.1251226 	 0.7119459
0.107678935 	 1.3375994
0.22049256 	 1.1926656
0.26537198 	 1.1026248
0.24309126 	 1.685622
0.2808581 	 1.3820908
0.3326805 	 0.75123835
0.30514768 	 0.9004373
0.23925397 	 1.6146168
0.17659998 	 1.5996504
0.1798769 	 0.9398005
0.10489931 	 0.31095615
0.05989773 	 1.7206435
0.057756912 	 1.8390069
0.08935298 	 1.9965818
0.06939528 	 0.9332147
0.102309994 	 0.977853
0.10987351 	 1.9748951
0.12478073 	 1.2698461
0.09745833 	 1.2847224
0.11571049 	 1.0984094
0.1220407 	 1.0841155
0.18307002 	 1.5424085
0.2491006 	 1.1181254
0.27532795 	 0.68878114
0.25531206 	 0.75241536
0.3229757 	 0.35473815
0.38529676 	 1.3650218
0.28374574 	 0.46177408
0.3278156 	 1.0661551
0.29822952 	 0.71490955
0.3075524 	 0.91782904
0.30733258 	 0.7471519
0.31992483 	 0.65970784
0.29026294 	 1.1367278
0.2856881 	 0.6614961
0.235992 	 0.5533638
0.11620318 	 0.91498077
0.124840155 	 0.5357143
0.06381889 	 0.40262133
0.06856559 	 1.4540299
0.16552243 	 0.9121546
0.18067913 	 1.3176765
0.18089388 	 1.417999
0.18174382 	 1.4895661
0.20901603 	 1.6118069
0.17428544 	 0.44780755
0.08626562 	 1.4757926
0.08093807 	 0.88886625
0.07888161 	 0.8463386
0.10183004 	 0.47997898
0.11311469 	 1.088369
0.11885582 	 0.71195924
0.063002825 	 2.1386068
0.09627771 	 0.98879737
Summary
0.00511408  -  0.58819646 ,  0.21033566  -  2.5032067
accuracy:  99.7
equal predictions:  0
TensorFlow version: 1.13.1
Found 939 images belonging to 1 classes.
argN = 196
argN = 196
0.6523513 	 1.7850102
0.71142226 	 1.9517591
0.34933746 	 2.011567
0.15241747 	 2.4457319
0.11453452 	 3.7163951
0.15426229 	 2.4625628
0.12960832 	 2.9045205
0.16934747 	 1.2399116
0.1518597 	 1.8222138
0.1924487 	 2.1674442
0.16252184 	 2.546987
0.15952331 	 2.1249964
0.214878 	 1.3241992
0.2212708 	 1.6121104
0.17026764 	 2.1877186
0.1932478 	 2.011885
0.23482193 	 1.8227574
0.16088553 	 2.6754785
0.23231067 	 2.0260887
0.36776426 	 2.246065
0.22995625 	 2.3161974
0.09668724 	 1.6746656
0.040148526 	 2.5201197
0.015325863 	 2.8104243
0.19105266 	 1.4661882
0.2265429 	 3.1866248
0.20275289 	 1.8629843
0.09936748 	 2.1125677
0.25904098 	 2.3730311
0.5095206 	 2.1803594
0.4754872 	 1.8012865
0.4111674 	 1.1865121
0.47571132 	 1.5803994
0.57361525 	 1.593934
0.5158294 	 2.180833
0.6093564 	 1.8881346
0.39825544 	 2.8830492
0.2723578 	 3.1190145
0.29670924 	 1.7556498
0.19927193 	 2.2186344
0.040309858 	 3.2597046
0.065575324 	 2.0987666
0.08365503 	 2.7904575
0.07155638 	 2.4069717
0.081769936 	 1.612394
0.111078836 	 1.797671
0.10062229 	 1.3983196
0.27780336 	 2.0958416
0.12482186 	 3.3336535
0.093197905 	 2.1586947
0.0887766 	 3.121691
0.12924178 	 3.6075306
0.12542088 	 2.4748108
0.20909448 	 2.1331382
0.2847321 	 3.5041542
0.046044204 	 1.9676367
0.09931626 	 1.7442147
0.1187452 	 2.0472353
0.007450671 	 1.6825075
0.00511408 	 2.7382908
0.020316064 	 2.4464123
0.010249631 	 2.3326457
-9.5367386e-07 	 5.2122607
0.0038902634 	 2.9620016
0.031003326 	 2.3875215
0.16074082 	 2.8612232
0.34753105 	 1.2220291
0.3447786 	 2.0340955
0.1316222 	 3.095914
0.060525954 	 2.2639387
0.1762485 	 2.1983604
0.1722724 	 1.1731297
0.29952583 	 1.751147
0.36337906 	 1.8667383
0.29428416 	 1.7349123
0.3704918 	 1.7357019
0.29690462 	 1.4052149
0.22199889 	 2.0982056
0.1875792 	 2.9633937
0.08308737 	 1.7719982
0.109911434 	 1.8897233
-9.5367386e-07 	 1.4502909
0.0440002 	 2.9647102
0.0938571 	 1.6971316
0.031277448 	 2.4336438
0.07885529 	 2.4432952
0.010255773 	 2.7192738
0.021007247 	 2.5886714
0.020799825 	 3.0799255
0.011166398 	 2.7776976
0.0051116236 	 2.7263978
0.011114745 	 2.4420521
0.010028291 	 2.4172637
0.015423434 	 3.179471
0.033152383 	 2.5975866
0.039326623 	 2.7942238
0.01573758 	 1.5097452
0.016498923 	 1.5995055
0.011041338 	 2.508237
0.020590315 	 2.4425716
0.011557111 	 1.172406
0.021218793 	 3.3794029
0.020308157 	 1.0741502
0.013719545 	 1.770416
0.010251799 	 0.99958515
-9.5367386e-07 	 2.2193816
-9.5367386e-07 	 1.9087284
0.005084664 	 2.1387186
0.0051193517 	 1.2952396
0.00798334 	 2.3696032
0.00511408 	 0.90466523
0.005428778 	 2.36253
0.00511408 	 1.5626944
0.023415852 	 1.8815396
0.019879172 	 1.3306649
0.025837427 	 1.6105058
0.03110004 	 2.0178413
0.031376958 	 1.9617523
0.03176888 	 0.9715772
0.08020854 	 1.5461658
0.030117523 	 1.5718672
0.036340307 	 1.2557327
0.020655299 	 2.983771
0.022136476 	 2.0183723
0.020512132 	 2.3206944
0.015684357 	 1.5774986
0.014527008 	 2.2278693
-9.5367386e-07 	 2.1740024
0.031082947 	 1.1630205
0.008765979 	 1.1341513
0.023043351 	 1.4253833
0.014283557 	 2.679643
0.030847544 	 1.8044188
0.03303785 	 1.3853775
0.030788656 	 3.0891964
0.034550145 	 1.8661298
0.016748974 	 3.1771715
0.01815718 	 1.5223153
0.012384614 	 1.3585576
0.005113301 	 1.141425
0.011611078 	 1.3495685
0.006830543 	 1.5969744
0.010340023 	 1.2683715
0.0045850324 	 1.657434
-9.5367386e-07 	 3.4352663
-9.5367386e-07 	 1.5675712
0.009950388 	 2.2056057
-9.5367386e-07 	 1.9473537
0.00511408 	 1.2183946
0.006741307 	 1.1677359
0.010980471 	 1.2275571
0.010255953 	 3.009065
0.020617817 	 2.7715566
0.030999575 	 2.0852592
0.010255472 	 2.2642362
0.01869947 	 1.6917181
0.010255531 	 2.5032153
0.012350095 	 1.2428684
0.023478579 	 2.2814448
0.015092263 	 1.1889642
0.020618243 	 2.018581
0.010255472 	 1.2565179
0.015423373 	 1.0799348
0.020973952 	 1.375801
0.025858529 	 2.8076656
0.025751617 	 1.8458211
0.01732695 	 1.4569818
0.006312943 	 1.0717754
0.030754112 	 1.4612087
0.020752113 	 2.0195646
0.025394142 	 1.8125309
0.01604613 	 2.8961754
0.030642126 	 1.5675652
0.018826526 	 1.9198979
0.020527707 	 1.4561226
0.035672233 	 2.1387966
0.021958733 	 1.8744628
0.026309913 	 2.3770034
0.031038187 	 1.8686135
0.029694257 	 1.1633011
0.024444636 	 0.99329114
0.015855538 	 1.1805427
0.060016077 	 1.6556755
0.04317401 	 1.2738231
0.05984451 	 1.8225033
0.08345364 	 1.495934
0.048131235 	 2.0713463
0.034750566 	 2.649321
0.02579455 	 2.9619486
0.016603215 	 1.7224205
0.04544821 	 1.4959364
0.036320526 	 0.87301654
0.03734418 	 1.5035067
0.05292322 	 2.1012459
0.02061873 	 1.2671849
0.03477334 	 2.4462745
0.020550644 	 2.579691
0.03044566 	 2.0589087
0.02066905 	 2.5631018
0.05131991 	 1.5586665
0.029531067 	 1.5775459
0.04455894 	 1.5800925
0.02578238 	 1.3518392
0.018738156 	 0.79870284
0.039786797 	 1.5883982
0.041339345 	 1.7660092
0.034298997 	 0.98346245
0.13625559 	 3.197737
0.17135413 	 2.2385697
0.079595834 	 3.887357
0.124589175 	 3.073665
0.04306019 	 2.3980412
0.030495556 	 2.5057237
0.0120315235 	 2.8071592
0.015993921 	 1.437202
0.036366142 	 4.2242527
0.046059247 	 4.1323676
0.031086575 	 3.0808532
0.025513735 	 4.1794376
0.031095799 	 2.7849784
0.041646577 	 2.8861032
0.015337787 	 3.078007
0.020618243 	 1.9773045
0.0064497716 	 1.2620168
0.010014685 	 2.5028985
0.025866786 	 1.8787607
0.010295879 	 0.69333553
0.026309362 	 3.9226727
0.036411144 	 2.6703537
0.043479502 	 2.0999942
0.015423434 	 13.651002
0.44001362 	 2.0578837
0.3012951 	 2.2556057
0.23282549 	 1.8580391
0.09074043 	 2.181183
0.072314866 	 3.8902252
0.052362684 	 3.008408
0.053423963 	 1.6655334
0.031766664 	 3.1197715
0.081703834 	 0.87226146
0.107472844 	 3.0458643
0.06012406 	 2.6337085
0.05318236 	 3.3179464
0.12481739 	 4.1794453
0.105161615 	 3.2759209
0.1217812 	 2.9755023
0.07434226 	 2.408044
0.09579604 	 1.6175238
0.12481206 	 2.156406
0.04417287 	 3.8917718
0.04701839 	 1.3135738
0.020616477 	 0.8678206
0.027821682 	 2.5737855
0.031034805 	 2.7052612
0.031089405 	 2.9216561
0.025811676 	 3.53501
0.031002281 	 2.7931972
0.03544149 	 2.1476724
0.0356571 	 2.7415888
0.028723547 	 1.456762
0.032737747 	 2.5028877
0.031188956 	 2.5648775
0.12872379 	 2.2977426
0.17236099 	 0.98432946
0.18905364 	 1.7111105
0.2210043 	 1.7859896
0.19882005 	 1.3198266
0.24108334 	 1.8123436
0.14822382 	 1.5657893
0.04574841 	 3.4876616
0.043741997 	 2.4591784
0.045558687 	 2.1433034
0.025840178 	 1.6180687
0.015422707 	 2.9599004
0.020618 	 3.153462
0.00511408 	 2.5773284
0.016511165 	 1.4085068
0.026462542 	 2.6345205
0.01624948 	 4.307628
0.05126244 	 3.668638
0.015165121 	 3.3150566
0.03107139 	 1.0705603
0.052323304 	 3.4849067
0.070515476 	 2.4228988
0.10746468 	 2.663532
0.14293614 	 3.859996
0.22764741 	 2.7400322
0.25276116 	 2.3359132
0.23987094 	 2.1629283
0.15654281 	 0.8495418
0.16546258 	 1.7199264
0.22319882 	 1.1924988
0.14082548 	 1.7476529
0.1624687 	 2.2123592
0.12564908 	 2.9330978
0.18657745 	 2.6212907
0.14948939 	 3.066662
0.1432157 	 1.7210553
0.14077051 	 2.977269
0.08981988 	 2.5101783
0.090653494 	 2.7129836
0.07995993 	 3.04781
0.0597277 	 1.6673293
0.047099736 	 2.282688
0.061735153 	 2.4985554
0.08383598 	 1.9956334
0.09224496 	 1.9375755
0.10427785 	 2.6088555
0.14044005 	 2.0949078
0.07966367 	 1.9741279
0.08586896 	 2.5306466
0.1051256 	 1.8764312
0.06605264 	 2.7046695
Summary
-9.5367386e-07  -  0.71142226 ,  0.69333553  -  13.651002
accuracy:  100.0
equal predictions:  0
