TensorFlow version: 1.13.1
Found 939 images belonging to 1 classes.
argN = 49
argN = 49
0.3049569 	 0.49340457
0.34096545 	 0.53999513
0.26979527 	 0.17411467
0.40927085 	 0.4818163
0.15410109 	 0.7215259
0.16786449 	 0.38362214
0.17600697 	 0.65839756
0.20378274 	 0.95337874
0.15572572 	 1.1755781
0.104046725 	 0.53389955
0.25972676 	 0.64667434
0.30248877 	 0.9753399
0.23068596 	 0.7224248
0.30502975 	 0.5940378
0.2126448 	 0.5717779
0.2951563 	 0.3401405
0.26962957 	 0.49815646
0.21933818 	 0.3739449
0.2196389 	 0.50170636
0.1452405 	 0.45142078
0.20447941 	 0.6551636
0.26141766 	 0.29620305
0.20414132 	 0.42898497
0.17852764 	 0.9196939
0.09571884 	 0.6464008
0.13509119 	 0.31026804
0.25395244 	 0.53573805
0.31881988 	 0.40932775
0.3540738 	 0.57605326
0.29590917 	 0.5142415
0.49828053 	 0.6480622
0.58254147 	 0.56031007
0.42082798 	 0.5027606
0.301468 	 0.5895132
0.3003105 	 0.4424347
0.20704094 	 0.5336942
0.14924951 	 0.3187615
0.13527657 	 0.41383758
0.2583189 	 0.8272887
0.17767245 	 0.22628726
0.0862972 	 0.74164444
0.12913021 	 0.76885945
0.10601886 	 1.0064301
0.0749626 	 0.7293887
0.21233946 	 0.46635896
0.24791364 	 0.76561767
0.31829685 	 0.91297066
0.23386331 	 0.4762006
0.43517417 	 0.24536195
0.3899567 	 0.33141804
0.16322789 	 0.43798512
0.039765958 	 0.24675861
0.076627985 	 0.35055023
0.090331554 	 0.6108861
0.09824397 	 0.3009411
0.12594129 	 0.7424151
0.1736397 	 0.29924
0.15644927 	 0.65900195
0.2984399 	 0.3989038
0.15471862 	 0.60202783
0.25054353 	 0.3659458
0.43840215 	 0.38323775
0.3899052 	 1.1202093
0.35223958 	 0.38436043
0.19646212 	 0.31515467
0.36651835 	 0.7545789
0.2170151 	 0.2598785
0.049561817 	 0.7498883
0.06762096 	 0.9257946
0.10396306 	 0.5495653
0.13620915 	 0.5571238
0.15520404 	 0.8153097
0.25928643 	 0.7369126
0.29243287 	 0.4789111
0.24206325 	 0.295098
0.0612386 	 1.9418913
0.10620596 	 1.3502718
0.16151363 	 0.53551805
0.083907545 	 0.8805252
0.08283014 	 0.47762027
0.0852733 	 0.71244353
0.30229652 	 0.2991599
0.24257264 	 0.4242286
0.21163553 	 0.38518488
0.25597867 	 0.4136234
0.28302756 	 0.48019803
0.24381913 	 0.45356745
0.26209092 	 0.46072605
0.25028452 	 0.44994813
0.26991472 	 0.2964659
0.3071221 	 0.31094378
0.23664925 	 0.25378403
0.22895785 	 0.29958865
0.13178599 	 0.41792977
0.23542652 	 0.49977162
0.16011299 	 0.64659446
0.18180709 	 0.39875156
0.12828736 	 0.45792165
0.1349853 	 0.5129487
0.21499231 	 0.8546535
0.23297055 	 0.4357296
0.19755256 	 0.3391475
0.17929292 	 0.7795469
0.22927356 	 0.91594875
0.23866415 	 0.8760761
0.20735 	 0.7325483
0.26751357 	 0.1790415
0.22789411 	 0.1475942
0.25417882 	 0.60719913
0.19733144 	 0.79989856
0.18373707 	 0.30000725
0.17868042 	 0.5613816
0.19902027 	 0.84868187
0.1542191 	 0.47528997
0.1686752 	 0.31062335
0.17079441 	 0.7846646
0.16506712 	 0.47572917
0.11316295 	 1.1196553
0.067297935 	 1.0226468
0.095445685 	 0.8385985
0.0853558 	 0.6923263
0.08400816 	 1.5781304
0.03437802 	 1.0461162
0.106244475 	 1.0298736
0.08517146 	 0.4612593
0.074316256 	 0.3494466
0.1292312 	 1.0231225
0.06130172 	 1.3497307
0.086699165 	 0.31001592
0.11185725 	 1.2069165
0.07807101 	 0.85652715
0.09238276 	 1.1397737
0.13886403 	 1.1033261
0.099368 	 0.8735741
0.1491718 	 0.58162403
0.15269247 	 0.475827
0.1507804 	 0.55595106
0.12861979 	 0.36804345
0.11705635 	 0.3709982
0.09751892 	 0.55441505
0.077898964 	 0.5353934
0.12100034 	 1.0948224
0.11194438 	 0.85493565
0.113585144 	 0.95549816
0.09852275 	 0.53120655
0.09721079 	 0.13859746
0.08097245 	 0.4476571
0.11892436 	 0.43198594
0.079197496 	 0.5939412
0.11190511 	 0.45268995
0.07539493 	 0.65036005
0.10944344 	 0.7037149
0.123964876 	 0.8330175
0.12486771 	 0.56413436
0.11502196 	 0.85272187
0.07965135 	 0.4087569
0.15073791 	 0.5163177
0.13060077 	 0.5434474
0.113712154 	 0.6609115
0.14471029 	 1.0342261
0.14403489 	 0.24350253
0.08704699 	 0.9266254
0.11668205 	 0.46324512
0.09806137 	 0.5105616
0.116171785 	 0.60289466
0.076245874 	 0.28038004
0.14829268 	 0.3265971
0.16237439 	 0.23414502
0.13181938 	 0.35554567
0.041761667 	 0.88351583
0.13072689 	 1.224396
0.096184775 	 0.9937485
0.08716053 	 0.8004835
0.09079877 	 0.95746374
0.032436628 	 0.6603665
0.057253934 	 0.8468068
0.05107154 	 0.5384743
0.036678158 	 0.687173
0.041678205 	 0.4134424
0.050441325 	 0.837606
0.05969062 	 0.7004496
0.049716346 	 0.47014955
0.066404246 	 0.5169451
0.058930647 	 0.24702603
0.053710464 	 0.20297922
0.059206463 	 0.6193496
0.07892546 	 0.34456506
0.05070722 	 0.72605747
0.05886648 	 0.7711026
0.18497132 	 0.8541617
0.231609 	 0.7677315
0.20418154 	 0.87535596
0.21081051 	 0.4079872
0.23373078 	 0.6986587
0.18882763 	 1.2998786
0.280516 	 0.55169237
0.17814215 	 1.3888205
0.12433489 	 0.7396364
0.09800234 	 0.8561468
0.09149264 	 1.4919115
0.101726174 	 1.6962565
0.11286137 	 1.2436795
0.10433858 	 0.7920026
0.14818296 	 1.1374105
0.19985089 	 0.61197245
0.10504098 	 0.77219516
0.11168395 	 1.0967122
0.13695781 	 0.8263634
0.11692536 	 0.7533349
0.08354565 	 0.6595475
0.09975714 	 0.37815154
0.07584886 	 1.4875063
0.15624417 	 0.5285964
0.06449656 	 0.8908315
0.08733822 	 0.65043825
0.09424116 	 1.0388111
0.07941075 	 0.6898061
0.074184 	 0.47047266
0.04353821 	 1.842753
0.090664 	 0.73348373
0.19217996 	 0.8884192
0.092063 	 0.7659318
0.07278618 	 0.66186506
0.08057757 	 1.8423316
0.27792242 	 1.3797114
0.09869089 	 1.0376552
0.18701378 	 1.0865885
0.13075875 	 0.7480278
0.2551485 	 0.9083297
0.19456118 	 0.755536
0.2521825 	 0.4633873
0.18055825 	 1.0361717
0.20870805 	 0.55748314
0.1271971 	 0.57721335
0.1883277 	 0.68322366
0.22525099 	 0.7560942
0.25172642 	 0.5092875
0.22918877 	 0.6164835
0.23878917 	 0.5504936
0.32972625 	 0.33128357
0.28885514 	 0.5723744
0.26138297 	 0.7214126
0.16717729 	 0.6294193
0.12544568 	 0.46243018
0.22544603 	 0.66755366
0.14996791 	 0.69716316
0.07282811 	 0.98294723
0.040186435 	 1.0271356
0.024980325 	 0.62363654
0.095111504 	 0.8608822
0.15699384 	 1.119175
0.07848709 	 0.85164547
0.142213 	 0.8927642
0.1910735 	 0.5962385
0.13111056 	 0.6396397
0.21723476 	 1.0039296
0.17179419 	 0.9231211
0.14542799 	 0.62541807
0.3663738 	 1.2622437
0.1950804 	 1.1628071
0.2163491 	 0.90193516
0.27718958 	 0.5125612
0.3889229 	 1.1717004
0.2133127 	 0.61733073
0.14736708 	 0.9004389
0.18722586 	 0.9052017
0.18311411 	 0.798783
0.19030349 	 0.69293153
0.2792736 	 0.91330385
0.2743374 	 0.7436928
0.22328965 	 0.4793701
0.29368237 	 0.678
0.38815635 	 0.7272259
0.25190267 	 0.6688675
0.1871394 	 0.79740244
0.11092499 	 0.5049714
0.2243153 	 0.73393476
0.19927463 	 0.6151684
0.16346481 	 0.6677375
0.3108143 	 0.34343338
0.27207023 	 0.81965065
0.20107248 	 0.49665874
0.18074897 	 0.41650316
0.35494357 	 0.5090322
0.3612662 	 0.6567929
0.46691898 	 0.2534455
0.44427553 	 0.4933336
0.6282193 	 0.36654413
0.43935803 	 0.23068018
0.46298572 	 0.36522627
0.2816675 	 0.27581906
0.4189491 	 0.7684468
0.35620734 	 0.6877232
0.23388244 	 0.7640231
0.2040957 	 1.070217
0.35169023 	 0.7604056
0.27473453 	 0.69605726
0.18968782 	 0.6454371
0.16963509 	 0.6936041
0.25178835 	 0.7884482
0.2612812 	 0.491871
0.22493887 	 0.376786
0.22711998 	 0.50459284
0.41235268 	 0.42045528
0.24852826 	 0.47595036
0.29873586 	 0.5822006
0.27977967 	 0.4957892
0.20455094 	 0.5734339
0.2632179 	 0.5861671
0.21067981 	 1.0252703
0.33383253 	 0.65953
0.20735793 	 0.668885
0.2956716 	 0.4889323
Summary
0.024980325  -  0.6282193 ,  0.13859746  -  1.9418913
accuracy:  95.8
equal predictions:  0
TensorFlow version: 1.13.1
Found 939 images belonging to 1 classes.
argN = 49
argN = 49
0.34318435 	 0.5602787
0.3570928 	 0.7926847
0.15959994 	 0.6631197
0.27096692 	 0.3954135
0.052696757 	 1.2427207
0.025433147 	 0.46555254
0.24420613 	 0.49651656
0.08756759 	 0.73354393
0.31800166 	 0.35236293
0.54294884 	 0.7134761
0.56304336 	 0.4029532
0.58663535 	 1.1695647
0.44218653 	 1.371928
0.29468113 	 0.79291075
0.31146687 	 0.36123592
0.23413393 	 0.53133845
0.30327365 	 0.5081149
0.1905641 	 0.47601599
0.1691817 	 0.5413698
0.1240727 	 1.074382
0.06308624 	 0.50352985
0.010108187 	 0.40252942
0.010619743 	 1.2528142
0.046221476 	 1.0808226
0.33843547 	 0.9908975
0.22503069 	 0.9424974
0.3607199 	 0.7665061
0.3507376 	 0.7717763
0.19987193 	 0.4812989
0.24527396 	 0.24182707
0.4608402 	 0.8454278
0.5414057 	 0.7475034
0.2677256 	 0.9656541
0.18280572 	 0.2521036
0.35145634 	 0.89180595
0.4306742 	 0.95595795
0.33161268 	 0.40280947
0.24293469 	 0.73834735
0.27541023 	 0.43245116
0.22237381 	 0.61020166
0.13922966 	 0.77151066
0.145307 	 0.36112103
0.12128387 	 0.6455641
0.36799884 	 0.93051934
0.11799474 	 0.8428266
0.1579485 	 0.2238818
0.23981132 	 0.7088802
0.13772038 	 0.4682188
0.030941907 	 1.0588825
0.083701305 	 1.3041888
0.08870841 	 1.0309031
0.104694515 	 1.2820135
0.2667747 	 1.1816345
0.22825666 	 0.66073596
0.40346792 	 1.097914
0.35233563 	 1.2431368
0.36977342 	 0.7072712
0.28678784 	 0.517619
0.29452443 	 0.37368506
0.44819453 	 0.498742
0.14325964 	 1.0827824
0.013923449 	 1.0647657
0.010763307 	 1.150656
0.12879795 	 0.71931946
0.192125 	 0.6328745
0.3115683 	 0.6701509
0.20858102 	 0.5823884
0.22423452 	 0.5386541
0.23861793 	 1.2470906
0.21056643 	 0.9153014
0.35048938 	 0.61813796
0.2647119 	 0.49553558
0.232861 	 0.6253829
0.21391106 	 0.5042337
0.23455669 	 0.32261682
0.17589055 	 0.49088523
0.02837433 	 1.048169
0.05087127 	 1.0372983
0.020823864 	 1.1912119
0.0039465716 	 0.678893
0.24655426 	 0.9982767
0.22224256 	 0.8543513
0.21548654 	 1.1735725
0.15293364 	 0.33912104
0.14143272 	 0.9987661
0.17043373 	 1.3781136
0.14856426 	 0.54922014
0.05398258 	 0.86710525
0.34687018 	 0.988899
0.2764371 	 1.1804473
0.21782458 	 0.9697558
0.111391276 	 0.5354469
0.17199698 	 1.4408575
0.08252184 	 1.1368573
0.070800774 	 0.2724373
0.04877627 	 1.0131885
0.18834044 	 1.3134124
0.16743249 	 0.73395437
0.2041593 	 1.28166
0.16002373 	 1.1768064
0.15628487 	 0.40852156
0.13781622 	 0.9797347
0.08676046 	 0.6885898
0.026797256 	 1.3232521
0.030303173 	 1.0146363
0.019097572 	 0.80334365
0.041862164 	 0.71186364
0.01237695 	 1.2362525
0.038026188 	 0.81786644
0.053659335 	 0.79118115
0.05602227 	 0.835421
0.03344534 	 0.82958305
0.098085366 	 0.8380062
0.07389883 	 1.2477866
0.086910576 	 1.4464607
0.11881594 	 0.47505432
0.16770199 	 0.51970136
0.2824403 	 0.8842184
0.36970544 	 0.711742
0.3504749 	 0.84112144
0.30965695 	 0.97569054
0.40601417 	 1.1028455
0.27645203 	 0.9566667
0.37364107 	 0.8742392
0.34718847 	 0.8999842
0.2716145 	 0.92123276
0.22204146 	 0.726808
0.31681257 	 0.52279544
0.26740968 	 0.68112385
0.3478859 	 0.30563173
0.18001768 	 0.78189087
0.2767588 	 1.2256187
0.2126375 	 0.69249886
0.24231894 	 0.88592774
0.15619943 	 0.931249
0.24288955 	 1.3411412
0.37704825 	 0.95123154
0.30193368 	 1.0651623
0.19349773 	 0.87980694
0.25922233 	 1.0148704
0.2574265 	 1.1296555
0.22259465 	 0.96909964
0.18547374 	 0.99853796
0.16378261 	 1.1623112
0.2174515 	 1.1481459
0.21677668 	 1.126488
0.19472875 	 0.37023708
0.22749354 	 1.663089
0.14412521 	 0.53865236
0.14513057 	 0.76567125
0.17782168 	 0.6615997
0.12537311 	 0.8037915
0.11980202 	 1.2125456
0.12782878 	 1.077963
0.15787862 	 0.3921602
0.11260631 	 1.5504164
0.14349444 	 1.0537261
0.09415523 	 0.8818325
0.08266847 	 1.1383053
0.11144971 	 0.9997255
0.06889829 	 0.9298388
0.088695444 	 0.12707628
0.08217293 	 0.9690649
0.0979554 	 1.3366742
0.05870604 	 0.4116117
0.087838665 	 1.2624023
0.19972083 	 0.75849307
0.20607246 	 0.88444614
0.21566068 	 0.7234074
0.13369428 	 1.0124259
0.23283753 	 1.2142293
0.17500304 	 1.3179504
0.15991631 	 0.47673255
0.12152231 	 1.0690469
0.13991676 	 1.1024741
0.1186762 	 0.5437725
0.18597254 	 0.5789213
0.10973102 	 0.8825964
0.15807806 	 0.70095927
0.16306902 	 0.96421045
0.09329055 	 1.0274503
0.087417506 	 1.0209563
0.054054175 	 1.4178249
0.1046781 	 1.1386766
0.10550076 	 1.4063942
0.086341515 	 0.49660683
0.109816894 	 1.0059574
0.07386289 	 0.9088937
0.084598914 	 1.08701
0.07415871 	 0.5911066
0.05207544 	 0.9113496
0.12066714 	 0.8542023
0.105301864 	 1.2345543
0.09555533 	 1.1015499
0.10478863 	 0.38715202
0.08415805 	 1.3598025
0.11532245 	 1.1592476
0.10154024 	 0.8905115
0.11780422 	 1.4125581
0.08665932 	 1.1409321
0.057946313 	 1.1020818
0.11961572 	 0.97026825
0.1174466 	 0.7558869
0.019600924 	 1.2001073
0.19992208 	 0.4393976
0.25278512 	 0.95523787
0.36363712 	 0.40256053
0.1995987 	 0.4807458
0.27340615 	 0.41258076
0.26347446 	 0.34621483
0.42516127 	 0.44961843
0.5809442 	 0.61369044
0.33798414 	 0.6067514
0.3708368 	 0.85712826
0.3301926 	 0.4645307
0.12274891 	 0.7548819
0.096728146 	 0.9782429
0.16029553 	 1.0606666
0.13930556 	 0.4940119
0.098821945 	 1.0492095
0.19169697 	 0.9914991
0.13754405 	 0.7827308
0.18344395 	 1.1243051
0.07295409 	 0.7347192
0.16147797 	 0.7666241
0.21299292 	 0.317263
0.23271942 	 0.52117175
0.3528711 	 0.31807178
0.3757301 	 0.6414647
0.38781124 	 0.6218619
0.18155397 	 0.32404998
0.5051462 	 0.6083594
0.3821953 	 0.9098497
0.23583941 	 0.56312835
0.2660713 	 0.7938386
0.37204134 	 0.68165106
0.4329267 	 0.38238397
0.45596677 	 0.7177105
0.37131286 	 0.4658397
0.47228312 	 0.47901216
0.6424018 	 0.32447106
0.5542761 	 0.56796104
0.21817163 	 0.54559594
0.3135103 	 0.9198286
0.17525493 	 0.8267538
0.19228637 	 1.1418383
0.19188818 	 0.93330914
0.18818769 	 0.46508324
0.07607324 	 0.961341
0.19604161 	 0.45732975
0.25390303 	 0.5993909
0.38358608 	 0.1784893
0.24882238 	 0.63807565
0.3170777 	 0.6723021
0.42279828 	 0.34527466
0.3458734 	 0.5225032
0.27133837 	 1.0720017
0.1991063 	 0.59430015
0.35522455 	 0.68837225
0.27644402 	 0.950608
0.22322206 	 0.5492528
0.21067129 	 0.74742866
0.2609211 	 1.2568431
0.36497787 	 0.40276435
0.40789184 	 0.61423475
0.4119662 	 0.67027545
0.47153553 	 0.66693753
0.32390156 	 0.4418869
0.3659904 	 0.541842
0.25667346 	 0.2551922
0.3387938 	 0.6115761
0.51285845 	 0.5839537
0.39344972 	 1.403792
0.22934851 	 0.24216858
0.2295523 	 0.5138269
0.35430858 	 0.6312552
0.26538348 	 0.20057957
0.32413942 	 1.0418882
0.35911644 	 1.0805436
0.37361872 	 0.4035536
0.20753255 	 0.51047766
0.27023032 	 0.66698366
0.34340766 	 0.48945865
0.34271166 	 0.3798342
0.44250873 	 0.22762854
0.37613237 	 0.33186135
0.35199597 	 0.44731668
0.284358 	 0.48985517
0.23432024 	 0.5104911
0.21598959 	 0.38943115
0.261057 	 0.5906877
0.21870102 	 0.5260804
0.25112966 	 0.60288835
0.16650401 	 0.4844195
0.33418274 	 0.4314992
0.2802727 	 0.4216092
0.19486974 	 0.59959143
0.26083353 	 0.6797386
0.42167598 	 0.50139004
0.3752574 	 0.54432863
0.3615396 	 0.57581246
0.3159264 	 0.5713491
0.49293795 	 0.7508945
0.46947724 	 0.69712317
0.46052378 	 0.55309856
0.30144608 	 0.51156056
0.31066263 	 0.34747478
0.48293102 	 0.32353023
0.3157854 	 0.4466261
0.37764493 	 0.526369
0.32216913 	 0.5038307
0.32300764 	 0.68706805
0.31204098 	 0.6929337
Summary
0.0039465716  -  0.6424018 ,  0.12707628  -  1.663089
accuracy:  95.8
equal predictions:  0
TensorFlow version: 1.13.1
Found 939 images belonging to 1 classes.
argN = 49
argN = 49
0.6656124 	 0.8652756
0.6862733 	 0.97793204
0.5790446 	 0.9833777
0.4456049 	 1.2793448
0.43061948 	 0.795482
0.3178532 	 0.8837247
0.3497501 	 1.6736006
0.20006645 	 0.46966553
0.14912309 	 1.7907511
0.09006078 	 1.7793053
0.09544365 	 1.5378867
0.25024778 	 1.2517363
0.19577233 	 0.5977302
0.040135372 	 1.3658973
0.15775852 	 0.940209
0.19108693 	 1.2835
0.47936395 	 1.005068
0.78298223 	 0.8368834
0.2518273 	 1.2476128
0.52633435 	 1.0742562
0.311934 	 0.8551138
0.35255322 	 1.3229431
0.44521266 	 0.9349816
0.2584471 	 0.87594944
0.08017877 	 0.95100224
0.07644859 	 0.704331
0.023652136 	 0.8543496
0.073667176 	 1.3878747
0.14011168 	 1.0423673
0.26451448 	 0.9348093
0.5041691 	 0.5950892
0.5132205 	 0.45557302
0.6852548 	 0.6160264
0.3793821 	 0.8425305
0.5814575 	 1.0365983
0.5033564 	 0.78502387
0.8395086 	 1.2972053
0.7509339 	 1.4452218
0.7358752 	 1.4293857
0.62608117 	 0.9181589
0.8326437 	 1.6382002
0.5310208 	 1.3362437
0.33530757 	 0.5723
0.2720166 	 1.1995012
0.017075844 	 1.3228784
0.0071533457 	 1.3991275
0.058638856 	 1.5769542
0.049454782 	 1.1385608
0.30665419 	 0.64094836
0.5159381 	 0.5262621
0.9050906 	 1.1039189
0.34988737 	 1.1797009
0.27075702 	 1.1359953
0.41532576 	 0.8273157
0.2533635 	 1.0310361
0.22600964 	 0.8754933
0.23800693 	 1.7581027
0.28897348 	 0.6676544
0.2416767 	 0.54667157
0.11849386 	 1.3118855
0.15186942 	 0.8483034
0.00997495 	 1.476707
0.023965519 	 1.4446754
0.17361048 	 0.72793996
0.37803662 	 0.9373635
0.30474654 	 0.5397894
0.27867737 	 0.61652875
0.29774854 	 1.0849628
0.5143966 	 0.756574
0.47190544 	 0.895077
0.26685682 	 0.6100577
0.16037732 	 2.551661
0.48392966 	 1.8774184
0.40110296 	 0.65014863
0.31386787 	 0.76377594
0.37592053 	 1.467927
0.1835765 	 0.6871915
0.09166646 	 0.6270778
0.10170202 	 0.7500564
0.19725782 	 0.87419033
0.1144171 	 1.1149129
0.17334823 	 1.4448589
0.0091374675 	 1.2819495
0.17407644 	 0.79137367
0.44064206 	 0.9313204
0.49123156 	 1.1993862
0.20245078 	 0.316221
0.1744485 	 1.2257525
0.25546533 	 1.6584654
0.14790726 	 1.2154655
0.095854424 	 0.8279876
0.05079727 	 0.6404828
0.26602924 	 1.1133009
0.07624536 	 1.4187425
0.07697316 	 0.9374568
0.05374688 	 0.8993629
0.098878205 	 1.4524443
0.07518844 	 2.2347162
0.039421048 	 1.5909634
0.13865641 	 1.2588748
0.34007248 	 1.8172871
0.17945608 	 1.5061285
0.11053561 	 0.62347364
0.11260871 	 1.0213135
0.086264774 	 0.9557736
0.07341339 	 1.5020716
0.029416885 	 1.0198292
0.047243822 	 1.4392133
0.1039085 	 1.2297393
0.06791067 	 0.80829525
0.0699696 	 1.1850126
0.07963701 	 0.5248411
0.05458192 	 0.6830079
0.12102355 	 0.98547137
0.113630615 	 1.0787694
0.151784 	 0.7785478
0.3640227 	 0.99083453
0.25138193 	 0.6214504
0.38715422 	 0.8922483
0.31598788 	 1.3048261
0.25369912 	 0.7732952
0.30200067 	 0.7880486
0.24877927 	 0.7704615
0.28006467 	 0.89780104
0.17579703 	 1.2493831
0.20716426 	 1.2266188
0.19950439 	 2.0850837
0.070554875 	 1.5164466
0.086977735 	 1.886771
0.072005756 	 0.6310599
0.0820542 	 1.0314163
0.06202557 	 1.5972234
0.08198646 	 0.20155345
0.064179815 	 1.1963875
0.0507397 	 1.3999774
0.02599347 	 1.4953774
0.03294711 	 0.7921358
0.017706305 	 0.8703645
0.018036643 	 0.9067305
0.03189748 	 1.1524854
0.03405013 	 0.4969877
0.060252815 	 1.1602174
0.04082245 	 0.6383814
0.031733807 	 0.9312584
0.066197574 	 1.5136436
0.036804795 	 1.6006354
0.113253996 	 0.7361539
0.06575004 	 0.77611625
0.062626645 	 0.5372147
0.075029224 	 1.6481111
0.09884188 	 0.9450219
0.041770615 	 1.1521951
0.058331158 	 1.653798
0.04610581 	 0.932195
0.09421581 	 0.6790601
0.10859515 	 1.218587
0.1289324 	 0.7719232
0.07710758 	 1.110865
0.07707732 	 1.2883923
0.17040716 	 1.1614012
0.10292079 	 0.89115053
0.10948134 	 0.77507305
0.13160928 	 1.0437808
0.13559188 	 1.2322787
0.12161028 	 0.9441105
0.098877214 	 1.002417
0.100341536 	 0.8226758
0.110753186 	 1.1902804
0.10278094 	 0.85565066
0.06478135 	 1.1154603
0.06129614 	 0.97421014
0.060730956 	 0.8301664
0.02219821 	 1.2715312
0.05975282 	 0.9996556
0.04094049 	 0.42286915
0.07519147 	 0.6634863
0.038787782 	 1.2098042
0.059607487 	 1.0719328
0.065841645 	 1.5578142
0.05180158 	 1.0192912
0.05506151 	 1.0185258
0.08116158 	 0.97786
0.040549923 	 0.8106873
0.08192079 	 0.86428463
0.0879534 	 1.4123577
0.052397102 	 0.50877225
0.075956054 	 0.9439028
0.07335111 	 0.67669517
0.10017259 	 0.5935408
0.0689921 	 0.50785506
0.13149118 	 1.070649
0.074373655 	 0.69223946
0.04966022 	 1.7823478
0.052181058 	 1.0847809
0.07494217 	 1.0665325
0.052048564 	 1.2880669
0.07786629 	 0.7071652
0.046286587 	 0.80288446
0.038566105 	 0.93963164
0.03351924 	 0.592372
0.025085628 	 1.1291807
0.024043912 	 0.5638387
0.018630484 	 0.83254945
0.029731898 	 0.889557
0.026957612 	 1.2320799
0.42570817 	 0.6196111
0.30869433 	 1.4552865
0.3904287 	 1.0994773
0.17842132 	 1.0275123
0.13004512 	 1.0723684
0.20597813 	 0.9261819
0.17229491 	 1.1999577
0.07576103 	 0.7265994
0.11044241 	 1.1184365
0.09826941 	 1.6064382
0.12488756 	 1.2332541
0.100884065 	 0.7620143
0.19850889 	 1.3079487
0.15160073 	 0.8896033
0.12562901 	 0.85966605
0.18938516 	 0.9415493
0.1781472 	 0.78431976
0.07589998 	 1.2084577
0.11631479 	 0.6740747
0.16961488 	 0.44353744
0.16391027 	 1.157255
0.1766581 	 1.5979995
0.14959459 	 1.8013334
0.16607991 	 1.5763556
0.09229719 	 1.5190183
0.14490001 	 0.9431411
0.2878935 	 0.5358884
0.43065485 	 0.60126895
0.5513674 	 0.47137126
0.3946706 	 0.7314296
0.17997208 	 1.0580286
0.13937505 	 0.892868
0.21831205 	 0.7463702
0.26502937 	 0.61501765
0.23394419 	 1.1603317
0.40396023 	 0.8697297
0.30594435 	 0.914318
0.14624189 	 0.6114418
0.058496084 	 1.0246598
0.23533534 	 1.0638056
0.20876688 	 1.4211445
0.05924226 	 0.9256642
0.058665086 	 0.87185705
0.025660736 	 1.6341407
0.2267657 	 0.97553766
0.27039224 	 1.1814386
0.1297777 	 1.5878999
0.17817691 	 0.688821
0.2262022 	 1.2265692
0.19812463 	 0.9880072
0.2526948 	 0.81838775
0.19676642 	 0.88412935
0.16633111 	 2.0334709
0.16059951 	 1.0566685
0.13925199 	 0.88135135
0.21565357 	 1.2009509
0.12470544 	 1.7522324
0.14865582 	 0.5585893
0.34430346 	 0.8058197
0.49862444 	 0.6898585
0.43242857 	 0.6406201
0.52102935 	 0.6691729
0.43985242 	 0.48820716
0.3380119 	 0.9233421
0.29612207 	 0.80228144
0.36393437 	 0.4933545
0.40860498 	 1.0843505
0.28208578 	 0.76828307
0.35562357 	 1.1418527
0.40198213 	 1.7095397
0.3363917 	 1.0580422
0.38362598 	 0.91730577
0.36514488 	 0.6885668
0.30839068 	 1.054916
0.44575807 	 1.5445956
0.30127046 	 2.7475152
0.23820865 	 0.88043296
0.20566171 	 0.82451606
0.24714737 	 0.4052852
0.32462344 	 0.7252349
0.18790217 	 0.54153234
0.27602133 	 0.83850706
0.25554708 	 0.6266583
0.32683268 	 0.34057206
0.30532035 	 0.27772066
0.46512103 	 0.29015228
0.3707626 	 0.38514405
0.35816473 	 0.30231813
0.47311744 	 0.28765973
0.30783716 	 0.2881114
0.39187005 	 0.6914017
0.2816343 	 0.68201476
0.29294437 	 0.45962673
0.22546874 	 0.7641541
0.3699974 	 1.9900169
0.26168337 	 1.5136935
0.19841097 	 1.1016002
0.34046817 	 0.9064248
0.1793869 	 0.8986864
0.20564993 	 1.2159177
0.15656826 	 0.85907793
0.30273935 	 0.4458024
0.25644743 	 0.51134
0.30678466 	 0.8298617
0.30270302 	 0.4527847
0.22062016 	 0.96088797
0.31649464 	 0.61201984
0.35450312 	 1.566749
Summary
0.0071533457  -  0.9050906 ,  0.20155345  -  2.7475152
accuracy:  97.4
equal predictions:  0
TensorFlow version: 1.13.1
Found 939 images belonging to 1 classes.
argN = 49
argN = 49
0.26446602 	 1.0595931
0.32481626 	 0.729266
0.3524689 	 0.66423154
0.15707627 	 0.49038675
0.20427328 	 0.9895598
0.11569731 	 0.8593307
0.16550928 	 0.45788625
0.119237036 	 0.6498712
0.16609378 	 0.57895494
0.23532024 	 0.42937058
0.25873512 	 0.74928665
0.2773958 	 1.0101846
0.21193041 	 0.76724
0.11994232 	 0.42537057
0.17616321 	 0.3726454
0.069779575 	 0.53166515
0.19874059 	 0.46230847
0.19612007 	 0.56378317
0.16820428 	 0.9702192
0.39948043 	 1.2763474
0.39679047 	 1.2108389
0.14072385 	 0.6219981
0.5783488 	 0.7457502
0.27578592 	 1.3999833
0.26996735 	 0.6645104
0.3221442 	 0.8008187
0.33651853 	 0.5261109
0.20078436 	 1.1181223
0.14842908 	 1.0496488
0.29378662 	 0.48982278
0.060512215 	 0.41469237
0.129023 	 0.59314877
0.13250862 	 0.42307395
0.12439253 	 0.54407877
0.18526174 	 0.613637
0.39153883 	 0.7432517
0.42484576 	 0.9633704
0.26213583 	 0.88768923
0.3998865 	 0.83458835
0.47001642 	 0.53349525
0.2662697 	 0.75149924
0.9882459 	 0.64990485
0.5718003 	 0.5953257
0.29556242 	 0.7422729
0.40463716 	 0.69430953
0.4262835 	 0.63684464
0.2847226 	 0.6464213
0.25907928 	 0.6106643
0.18575813 	 0.6211846
0.13489056 	 0.7568912
0.20083171 	 0.5743775
0.20569092 	 0.34422526
0.22278917 	 0.6328459
0.14730084 	 0.37301856
0.25173184 	 0.8578136
0.2710185 	 1.6619697
0.2752424 	 1.1820955
0.21557888 	 2.3623168
0.27690274 	 0.68453515
0.15181383 	 0.8649582
0.22515625 	 0.6844328
0.33699447 	 1.3141797
0.30983698 	 0.55477613
0.19731344 	 0.45899308
0.32485914 	 0.8188447
0.17800604 	 1.0298024
0.14544728 	 0.86750364
0.18068284 	 0.40123776
0.15093398 	 0.4805428
0.11998614 	 0.49263433
0.101853795 	 0.32458946
0.08046296 	 0.5496432
0.16201049 	 1.0139246
0.28381738 	 0.44776753
0.175944 	 0.88520765
0.20529644 	 0.5492414
0.26637194 	 0.6607738
0.27933484 	 1.2786782
0.19002955 	 0.94748724
0.14566445 	 1.2606075
0.37070683 	 0.7916951
0.4519077 	 0.6599326
0.47107738 	 0.5948452
0.23774034 	 0.5679912
0.15998764 	 0.35382736
0.1643923 	 0.86419326
0.4328326 	 0.56386596
0.54944336 	 0.5585932
0.2868512 	 0.911466
0.28198755 	 1.0000322
0.1295307 	 0.65612316
0.32765263 	 0.56914026
0.15485758 	 0.69098836
0.18196973 	 0.5447112
0.060180265 	 0.6434567
0.12889728 	 1.0007472
0.06905232 	 2.1606202
0.091689065 	 0.8360622
0.03595178 	 1.4436225
0.19781375 	 1.2352728
0.2394004 	 0.95995104
0.16300687 	 0.92584485
0.14643286 	 0.47137815
0.15917018 	 0.61025333
0.06894523 	 0.81921107
0.14332485 	 0.8494169
0.16600582 	 1.1929208
0.14771165 	 0.6040689
0.13682269 	 0.7707709
0.067050345 	 0.6161197
0.11935658 	 1.2583706
0.082711 	 0.83139443
0.08640584 	 1.1851463
0.1017558 	 0.7822655
0.08512395 	 0.64857996
0.0897282 	 2.080953
0.038576264 	 1.2334728
0.025557391 	 0.93780386
0.033855893 	 1.2159758
0.028391745 	 1.0363522
0.03499794 	 0.7329998
0.021284427 	 1.4756837
0.076696716 	 1.4809787
0.06568002 	 0.5681256
0.11180192 	 1.526758
0.095107704 	 1.3391525
0.1214476 	 0.5135589
0.09945075 	 1.0561347
0.059053246 	 1.1283604
0.2080226 	 1.2407707
0.15206294 	 0.89265406
0.12527825 	 1.0861964
0.17393081 	 0.85679513
0.122242875 	 0.8291682
0.16735174 	 0.7672306
0.1318865 	 0.6759958
0.19267988 	 0.72802824
0.19242126 	 1.3219877
0.25429243 	 0.62509584
0.15992296 	 1.0419567
0.12726648 	 0.8236984
0.07909679 	 0.6465098
0.083409384 	 1.0511743
0.12928587 	 1.0492616
0.07848967 	 0.5157017
0.15437162 	 0.83535063
0.11537121 	 0.69764453
0.12237106 	 0.71581143
0.12183263 	 0.78622127
0.092607476 	 1.2636963
0.15627797 	 0.76723534
0.16173151 	 0.5913925
0.16336073 	 0.6138006
0.19460498 	 0.48349217
0.1397787 	 0.85367084
0.12977234 	 0.78641754
0.13250175 	 0.86332583
0.18137889 	 0.86186916
0.15968777 	 0.75005686
0.11648856 	 0.5871421
0.110028066 	 0.95775044
0.09923516 	 0.51042086
0.09085759 	 0.757374
0.082714885 	 0.4619907
0.091395065 	 1.0216565
0.06597394 	 0.9565772
0.057895593 	 0.6769989
0.08442301 	 0.6714527
0.091452144 	 0.49270633
0.10197709 	 1.2458377
0.18086116 	 0.5101812
0.18019545 	 0.4540338
0.23145859 	 0.4996234
0.2049193 	 0.49034685
0.20066574 	 0.7874169
0.31714603 	 0.92919993
0.18069206 	 1.0303258
0.24899584 	 0.81730795
0.21963689 	 0.6891963
0.15139753 	 0.82968605
0.24192803 	 0.6983441
0.11925967 	 0.5323943
0.18604577 	 0.42111638
0.23330362 	 0.6500717
0.1609801 	 0.6035731
0.11686694 	 0.36845958
0.1305325 	 0.8473057
0.098098055 	 0.7664491
0.09585987 	 0.7930898
0.09939058 	 0.4894074
0.04837037 	 0.5341715
0.04244458 	 0.664698
0.106136434 	 0.44425192
0.09847217 	 0.45486656
0.12338317 	 0.31703106
0.09108574 	 0.4141108
0.060160518 	 0.44834533
0.10009129 	 0.5009449
0.23226653 	 0.4258988
0.41967967 	 0.69728214
0.40481994 	 0.667747
0.39799377 	 0.60225266
0.47745827 	 0.73253185
0.33758357 	 0.54909587
0.37808725 	 0.70334876
0.41582033 	 0.6713084
0.44815964 	 0.6549223
0.3378884 	 0.5860452
0.3255705 	 0.6576077
0.38915578 	 0.44830474
0.49613625 	 0.5215378
0.44184723 	 0.5713084
0.31669948 	 0.31424722
0.31497064 	 0.584868
0.31335005 	 0.6267154
0.3878852 	 0.4780704
0.365152 	 0.62433827
0.30047628 	 0.8727764
0.35781422 	 0.6334862
0.39754635 	 0.39826563
0.33529505 	 0.67670923
0.33891416 	 1.1567044
0.41699415 	 0.44807526
0.37284425 	 0.49172089
0.36232352 	 0.44476977
0.40364838 	 0.41857445
0.4794705 	 0.44865027
0.62130374 	 0.5796967
0.61686784 	 0.41892028
0.708114 	 0.6414485
0.3801036 	 0.2611121
0.40948108 	 0.46514037
0.43110138 	 0.5635978
0.36698487 	 0.29909545
0.24172041 	 0.75469047
0.25817576 	 0.61422044
0.28665495 	 0.97647095
0.24779046 	 0.74854034
0.47263342 	 0.7949022
0.29108962 	 0.8547095
0.34113303 	 0.80088615
0.2602446 	 0.50610495
0.3023707 	 0.9649511
0.2691325 	 1.0105591
0.34615803 	 0.51545155
0.35203302 	 0.88951916
0.29396448 	 0.46929234
0.36596298 	 0.4218789
0.32911325 	 0.84116095
0.400009 	 0.87309986
0.35438 	 1.1516942
0.21957654 	 0.6907103
0.35920745 	 0.7498996
0.23935519 	 0.6160102
0.17913575 	 0.74358976
0.3542238 	 0.69658667
0.44689128 	 0.46578318
0.4303219 	 0.37568656
0.46525845 	 0.6477972
0.18988778 	 0.5466237
0.2806604 	 1.037446
0.2386444 	 0.57549775
0.52636695 	 0.37843528
0.24214815 	 0.73794174
0.36035764 	 0.99082285
0.33313394 	 0.81324315
0.3870243 	 0.82238007
0.44002342 	 0.87494683
0.28338698 	 1.3699309
0.27352524 	 0.85727865
0.26450616 	 1.0951904
0.23053022 	 1.223572
0.15940559 	 0.7401818
0.24765003 	 0.7565393
0.15877846 	 0.53446066
0.29114705 	 0.53457195
0.19081458 	 0.49504632
0.2433412 	 0.6425934
0.18233524 	 0.42036223
0.286096 	 0.6309148
0.21716596 	 0.473138
0.4764075 	 0.4853687
0.28473154 	 0.546098
0.42403442 	 0.35481483
0.5336404 	 0.5261239
0.32901734 	 0.50404346
0.28631544 	 0.49505043
0.33518055 	 0.47616124
0.36792022 	 0.46862146
0.20954324 	 0.60509866
0.5087566 	 0.4818799
0.3678868 	 0.5811445
0.48044267 	 0.6336152
0.5435175 	 0.6859751
0.3442403 	 0.48260897
0.43503574 	 0.76630133
0.44862637 	 0.73709416
0.33502263 	 0.59612966
0.37996387 	 0.6201175
0.2845585 	 0.54835373
0.2981957 	 0.6762645
0.43481502 	 0.67817
0.37113366 	 0.7075008
0.27363354 	 0.4464655
0.19526428 	 0.34455967
0.34502447 	 0.38599578
0.41441214 	 0.493623
0.3369661 	 0.34077495
0.43505877 	 0.5473116
0.36944115 	 0.78481245
0.20925716 	 0.92839843
0.30980343 	 0.95460856
0.18818107 	 0.38599455
Summary
0.021284427  -  0.9882459 ,  0.2611121  -  2.3623168
accuracy:  95.8
equal predictions:  0
