TensorFlow version: 1.13.1
Found 939 images belonging to 1 classes.
argN = 196
argN = 196
0.57760066 	 0.5250234
0.48420957 	 0.731456
0.39190006 	 0.6198984
0.3029133 	 0.58970344
0.26636252 	 0.81749433
0.31131616 	 0.41571456
0.27480656 	 0.44340464
0.26984882 	 0.69765806
0.37046385 	 0.68316346
0.41378763 	 0.61481965
0.47201627 	 0.74023056
0.4152225 	 0.83674634
0.5238229 	 0.64349514
0.3912495 	 0.6879803
0.37790233 	 0.7856401
0.52687013 	 0.6122023
0.5056937 	 0.8131941
0.4660441 	 0.59982413
0.5092229 	 1.1086954
0.38875055 	 0.5802318
0.5132445 	 0.7928797
0.49661136 	 0.6354613
0.51444656 	 0.8777249
0.46178147 	 0.6842993
0.38560236 	 0.48865178
0.4797617 	 0.7045809
0.35149157 	 0.51797104
0.46013823 	 0.65156597
0.28897697 	 0.687301
0.1607978 	 0.52960217
0.23007134 	 0.6845533
0.24669217 	 0.46732062
0.32938698 	 0.61405617
0.38712963 	 0.6308707
0.4978379 	 0.62376446
0.42429858 	 0.6758273
0.3245972 	 0.6044345
0.30339232 	 0.5612187
0.37460303 	 0.60011965
0.37920052 	 0.7612149
0.38706926 	 0.57787025
0.29852247 	 0.6072582
0.33365327 	 0.4745272
0.36734307 	 0.63513285
0.5226003 	 0.7190103
0.56090814 	 0.7380154
0.5926853 	 1.1798747
0.2833217 	 0.6504771
0.2440837 	 0.78830504
0.43644294 	 0.7140475
0.40348953 	 0.6834843
0.44292724 	 0.5699618
0.37754527 	 0.61427283
0.30193594 	 0.54026663
0.23907794 	 0.577839
0.324507 	 0.6274999
0.23910345 	 0.867834
0.3671541 	 0.67020345
0.36054465 	 0.938764
0.32374698 	 0.6601374
0.29772052 	 0.81427145
0.24480264 	 0.66369873
0.24684826 	 0.6058046
0.28202984 	 0.3430627
0.1738708 	 0.35226664
0.45518336 	 1.0029483
0.32587874 	 0.53184855
0.2855769 	 0.5705293
0.33865103 	 0.5528781
0.43587983 	 0.56468177
0.43933398 	 0.469611
0.37658656 	 0.7076081
0.2282246 	 0.8565232
0.25490135 	 0.61184573
0.3104466 	 0.6092325
0.49507165 	 0.79216594
0.2924249 	 0.59035784
0.2980676 	 0.68464303
0.6515528 	 1.0715251
0.4256446 	 0.61388314
0.18443604 	 0.49528575
0.17278336 	 0.54929173
0.3642147 	 0.53477484
0.34373325 	 0.57426286
0.35766405 	 0.765507
0.45062914 	 0.55186963
0.52292645 	 0.57096666
0.521712 	 0.7635718
0.5572199 	 0.8156255
0.5690374 	 0.76378936
0.6391381 	 0.87574655
0.6560021 	 0.9920683
0.6740223 	 0.78328824
0.7914836 	 0.62807167
0.6909351 	 0.8289382
0.6605286 	 0.98435307
0.6604521 	 0.6438387
0.65377396 	 0.47226593
0.6613233 	 0.51310396
0.6477587 	 0.66548216
0.56454456 	 0.5439555
0.53616 	 0.6983046
0.53880095 	 0.69357777
0.50643927 	 1.0240215
0.5098802 	 0.6702173
0.48498487 	 0.7787781
0.49708647 	 0.60127157
0.37660652 	 0.4261056
0.36341405 	 0.83746564
0.38168022 	 0.6388779
0.29798082 	 0.6631482
0.27143884 	 0.7392078
0.3560643 	 0.49156144
0.3917653 	 0.68390065
0.4546155 	 0.7150397
0.3787314 	 0.88127637
0.3966669 	 0.5278971
0.33317825 	 0.6343208
0.46359614 	 0.71871406
0.44927096 	 0.8717374
0.4593227 	 0.81745964
0.45111632 	 0.64664966
0.43594766 	 0.6544171
0.39871755 	 0.74321693
0.46972415 	 0.7005045
0.45158002 	 0.5179435
0.4837916 	 0.5623198
0.43307045 	 0.59957343
0.3627492 	 0.7458774
0.34020883 	 0.5746447
0.36867803 	 0.57451797
0.34698537 	 0.6659404
0.32671723 	 0.8191271
0.27804166 	 0.657374
0.30014035 	 0.7933529
0.28007162 	 0.6086564
0.32837746 	 0.661756
0.36598945 	 0.60418516
0.38131955 	 0.72312593
0.40495363 	 0.5702719
0.4185124 	 0.60261196
0.41401088 	 0.5122015
0.42659867 	 0.7832088
0.45762086 	 0.7129107
0.41756955 	 0.69599164
0.40478188 	 0.5680787
0.47703147 	 0.6839827
0.4510419 	 0.477627
0.4607153 	 0.6714051
0.41163042 	 0.68717456
0.44569618 	 0.61402303
0.38559902 	 0.63079095
0.3542103 	 0.69140714
0.35866892 	 0.51801133
0.47610924 	 0.5598244
0.49374261 	 0.70472264
0.39870557 	 0.8500351
0.36184856 	 0.572236
0.34399956 	 0.69713277
0.36207232 	 0.6150225
0.4165113 	 0.5469404
0.2756789 	 0.6808013
0.2920838 	 0.5068782
0.33050603 	 0.63094664
0.3128328 	 0.7244061
0.25808564 	 0.7058185
0.35153714 	 0.64055616
0.40452468 	 0.6045665
0.36564857 	 0.6052989
0.39611122 	 0.5828382
0.4114757 	 0.5628671
0.35019788 	 0.53901595
0.3843226 	 0.88128644
0.30737853 	 0.5938732
0.34994403 	 0.58040833
0.34887224 	 0.6798326
0.35073218 	 0.8258872
0.3582078 	 0.62761277
0.33002186 	 0.6747018
0.2508105 	 0.6541789
0.30381408 	 0.4544386
0.24897589 	 0.48233154
0.20762388 	 0.711628
0.19609644 	 0.70345
0.25499526 	 0.7897086
0.16443369 	 0.99956423
0.14654252 	 0.6284034
0.199549 	 0.65203434
0.17715442 	 0.55822
0.26398727 	 0.61191034
0.24210721 	 0.5929285
0.29080117 	 0.7556427
0.27408093 	 0.5755518
0.30430394 	 0.6036085
0.27009827 	 0.70943314
0.28306726 	 0.7568123
0.27504423 	 0.46249565
0.25740182 	 0.61194384
0.20621602 	 0.74292225
0.23304714 	 0.649994
0.25378278 	 0.64477223
0.18635014 	 0.8521989
0.16163301 	 0.4672786
0.16152526 	 0.57062906
0.13858013 	 0.68944556
0.14555408 	 0.9453479
0.39881942 	 0.779658
0.43437493 	 1.0440465
0.4054994 	 0.8395225
0.49773866 	 0.78525037
0.4661579 	 0.66413134
0.43845037 	 0.95237887
0.3626124 	 0.8805677
0.39550608 	 0.92733955
0.37530893 	 0.7558798
0.43554273 	 0.6588346
0.55956817 	 0.6471333
0.60563457 	 1.1241372
0.5760946 	 0.67286
0.46177873 	 0.66164833
0.5477221 	 1.0111407
0.39217132 	 0.7426207
0.43217692 	 0.9344569
0.38188875 	 0.8931529
0.43935654 	 0.8088775
0.4161964 	 0.8931653
0.4859819 	 0.7817454
0.50709116 	 0.949284
0.4340286 	 0.69303954
0.5462965 	 0.9024231
0.42278662 	 0.5818326
0.48348048 	 0.85995513
0.5846996 	 0.7963382
0.53910893 	 0.7802699
0.59939766 	 0.7085104
0.44437975 	 0.70912385
0.45712674 	 0.7329779
0.47700796 	 0.9693724
0.5582838 	 0.94168913
0.707869 	 0.762323
0.53367347 	 0.6732138
0.5257476 	 1.0143906
0.56593233 	 0.7243741
0.48381257 	 0.831282
0.423125 	 0.8196674
0.37753484 	 0.7532126
0.38741973 	 0.8091554
0.35844576 	 0.7645669
0.43144083 	 0.88001686
0.3326702 	 0.89735365
0.35383594 	 0.82966
0.37759152 	 0.9822038
0.4009359 	 0.69278413
0.488937 	 0.996602
0.40642846 	 0.8372705
0.40579647 	 0.84582925
0.52849835 	 0.5463718
0.46859634 	 0.5094464
0.49539402 	 0.7808866
0.5090701 	 0.79619604
0.46338287 	 0.75149393
0.48224503 	 0.9307638
0.4662493 	 0.7689455
0.46499595 	 0.95457035
0.5445403 	 0.72648925
0.6596788 	 0.8071547
0.6175216 	 0.85143304
0.49990615 	 0.5765078
0.54173166 	 0.8695563
0.5164493 	 0.86839926
0.47280782 	 0.84150475
0.47474822 	 0.6657375
0.41285497 	 0.72579986
0.4498357 	 1.0656252
0.43114954 	 0.93075395
0.3998375 	 1.0386475
0.40678525 	 0.9242396
0.33876386 	 0.93150014
0.42018068 	 0.857281
0.43263984 	 0.56935364
0.39958912 	 0.8649013
0.53828806 	 0.64262414
0.5228158 	 0.968047
0.33015403 	 0.6852864
0.29409283 	 0.7367185
0.3311954 	 0.95181686
0.33674455 	 0.8699786
0.33670714 	 0.92526823
0.525114 	 0.93767846
0.48787516 	 0.82776636
0.38325498 	 0.55661994
0.43202966 	 0.6428643
0.42960358 	 0.73389685
0.3886635 	 0.7340988
0.39267334 	 0.72864103
0.43450066 	 0.7197579
0.4693181 	 0.63444376
0.40669385 	 0.7595759
0.42056927 	 0.72836244
0.4499004 	 0.75031936
0.54370993 	 0.7303423
0.604993 	 0.79608315
0.61971074 	 0.5668294
0.5255865 	 0.79839313
0.42680424 	 0.8072063
0.41389915 	 0.8046358
0.4994611 	 0.7715861
0.49117553 	 1.0493135
0.42499515 	 0.80988705
0.46162134 	 0.75580883
0.39598793 	 0.6398228
0.4060122 	 0.6058078
0.49895072 	 0.7804048
Summary
0.13858013  -  0.7914836 ,  0.3430627  -  1.1798747
accuracy:  97.8
equal predictions:  0
TensorFlow version: 1.13.1
Found 939 images belonging to 1 classes.
argN = 196
argN = 196
0.5067963 	 0.8707988
0.6036132 	 0.927893
0.6121482 	 0.98123944
0.438864 	 0.76324296
0.3289539 	 0.9978338
0.1711386 	 1.5515101
0.16676468 	 1.3933915
0.20041241 	 0.95854735
0.19654752 	 1.2204942
0.24516824 	 1.1960444
0.05958028 	 1.2870451
0.23277329 	 1.1689781
0.2604938 	 1.2057997
0.31954637 	 0.93033373
0.25191027 	 1.0592769
0.41759253 	 0.8729492
0.52554494 	 1.0204884
0.33514538 	 1.2906401
0.2925595 	 0.7283514
0.5289692 	 1.0312593
0.44294629 	 0.9417882
0.3366352 	 0.8017098
0.40603012 	 0.83310443
0.35987642 	 0.98393047
0.2945086 	 1.2763609
0.12793255 	 0.8190013
0.015416655 	 0.8178455
0.07817787 	 0.91790456
0.073269844 	 1.4901671
0.26193336 	 1.4429746
0.5231056 	 1.2135063
0.6745303 	 0.92420685
0.5687409 	 0.8432725
0.49037954 	 0.7922512
0.39019698 	 0.86153036
0.5029681 	 0.55764335
0.507685 	 0.89668524
0.51562864 	 0.9168952
0.37135345 	 1.1223303
0.5110401 	 0.7307101
0.6594417 	 0.7668443
0.39228293 	 0.6588564
0.34892005 	 1.0563635
0.27846065 	 1.0002991
0.1694589 	 1.5021174
0.19521573 	 1.0250417
0.1140824 	 1.4864278
0.17608806 	 1.3997295
0.19364898 	 1.252452
0.15917759 	 1.2927668
0.29957932 	 1.002016
0.21475415 	 0.75458914
0.27827403 	 0.6518052
0.25734067 	 1.6165617
0.293952 	 0.91259617
0.50631744 	 1.1571734
0.37443036 	 0.52324
0.41909692 	 1.183367
0.39009812 	 1.0517913
0.2138289 	 1.0611668
0.2801755 	 1.198914
0.11214719 	 1.2757161
0.037700135 	 1.6396812
0.005114739 	 1.4492315
0.024007585 	 2.2379785
0.021055337 	 1.4702047
0.020609237 	 1.3783566
0.050061315 	 1.053241
0.034586858 	 2.230139
0.14337707 	 1.5678408
0.3949712 	 0.63430166
0.40966332 	 1.3758619
0.26967615 	 1.2151915
0.31840312 	 0.8897658
0.460683 	 1.1262187
0.3667275 	 0.74310005
0.29609603 	 1.650543
0.24708395 	 0.5728625
0.4496443 	 1.203223
0.61386937 	 0.7403385
0.5573058 	 1.0026543
0.22437751 	 1.5309259
0.16420172 	 1.2081532
0.026137423 	 1.5045462
0.19490632 	 1.1028365
0.29494622 	 0.98838794
0.25897518 	 1.2257962
0.41551018 	 0.8524249
0.27310613 	 0.8244395
0.4288444 	 1.003969
0.250913 	 1.3268472
0.33125117 	 1.1331798
0.3074861 	 1.2686955
0.25482577 	 1.1308303
0.28547508 	 0.97427076
0.45080996 	 1.0035305
0.32335234 	 0.9807366
0.31429407 	 0.8931104
0.23810269 	 0.8763559
0.22772285 	 0.9355045
0.1303416 	 1.267998
0.115673415 	 1.0815513
0.13483025 	 0.7939239
0.1167211 	 1.2742008
0.104593396 	 1.313669
0.15795995 	 1.138085
0.16396119 	 0.8509776
0.08436393 	 0.5580382
0.3232623 	 0.91936904
0.29069185 	 1.0486072
0.2532655 	 1.1796631
0.2387371 	 0.8130782
0.23864183 	 0.8675393
0.28374645 	 1.3126736
0.3092173 	 0.6644064
0.19456096 	 0.68458146
0.26133513 	 0.7557567
0.20234767 	 0.5775289
0.2685987 	 0.9718909
0.17263849 	 0.8966325
0.26169854 	 0.610215
0.19816656 	 0.66911495
0.260819 	 0.7011575
0.23550926 	 0.7701786
0.22047509 	 0.6282497
0.25595596 	 0.8979789
0.29476675 	 0.4099213
0.33976835 	 0.83113873
0.36250344 	 0.81708634
0.34105447 	 1.0756929
0.32962257 	 0.87411445
0.26066396 	 1.322515
0.23652126 	 1.0554658
0.26609915 	 0.99993163
0.22613561 	 1.317693
0.2323567 	 1.0408796
0.1895306 	 0.74192053
0.19483282 	 1.189226
0.20509402 	 1.1485647
0.24641606 	 1.2089729
0.24547859 	 0.88215375
0.22947103 	 0.91713977
0.24777664 	 1.0295173
0.22771215 	 1.0511949
0.24676135 	 0.99150634
0.21568272 	 1.1424918
0.30322805 	 1.120079
0.34350067 	 1.0615187
0.30263042 	 1.159507
0.1985325 	 1.309341
0.32229507 	 0.9924022
0.28712758 	 1.1577463
0.26604104 	 1.4584911
0.24920405 	 0.8984386
0.28224948 	 0.717704
0.30477872 	 1.120529
0.24111687 	 0.9313645
0.2696031 	 1.2303553
0.262905 	 0.81546193
0.25171155 	 0.5772888
0.27684394 	 1.2042867
0.20821284 	 1.0038377
0.15870091 	 1.3335776
0.14219218 	 1.3927463
0.13422175 	 0.74296534
0.09423952 	 2.046898
0.09029835 	 1.3525952
0.116550505 	 0.9295994
0.15306298 	 0.9298811
0.1133823 	 0.8513671
0.14084145 	 1.1387203
0.13114536 	 0.52733564
0.12740113 	 1.0313919
0.16907421 	 1.0137944
0.15552054 	 0.9866819
0.1307701 	 1.3075898
0.13509692 	 1.1520077
0.14667566 	 0.980129
0.16227062 	 0.76520944
0.19970925 	 1.1959449
0.17092133 	 0.8326092
0.15729201 	 0.9574092
0.14591402 	 1.04315
0.14880328 	 0.87724596
0.15456834 	 1.0664693
0.16530737 	 0.9868634
0.15091762 	 0.9809925
0.09067072 	 1.2990125
0.15753305 	 1.1183273
0.10091842 	 1.1808786
0.14534512 	 1.0390198
0.12528777 	 1.3129658
0.114850715 	 1.1951072
0.08482273 	 1.4083288
0.08177375 	 0.6833236
0.07239189 	 1.1102633
0.052882686 	 1.4765841
0.052612003 	 0.7932118
0.38391164 	 0.68039984
0.34981996 	 0.9299539
0.37208077 	 0.6057898
0.41719025 	 0.7390092
0.41209596 	 0.92603713
0.332824 	 0.7758207
0.2658364 	 0.9452451
0.29940915 	 0.83392215
0.2553463 	 1.3738958
0.21297884 	 1.251632
0.1365182 	 0.71148694
0.202982 	 1.0385121
0.24950647 	 1.1739306
0.22625527 	 1.2929475
0.13644686 	 0.77637154
0.15312035 	 1.3035644
0.12673691 	 0.99100477
0.13684168 	 1.3800348
0.15939622 	 0.92846614
0.16334423 	 1.3451853
0.25009912 	 1.32855
0.3077225 	 1.2215896
0.38820592 	 0.92992204
0.6115811 	 0.9865298
0.4815464 	 0.71414876
0.3711416 	 1.1992007
0.4202608 	 1.1426709
0.45105708 	 0.5933759
0.40700656 	 1.0008324
0.40761852 	 0.7657618
0.3807287 	 0.41300514
0.30617723 	 0.92032284
0.64040905 	 0.81973624
0.5922804 	 0.61196333
0.42354578 	 0.85961366
0.34383008 	 1.340925
0.21570401 	 0.7481298
0.21012281 	 0.56737965
0.28925824 	 0.72835565
0.3791972 	 1.240839
0.27925706 	 0.9435268
0.3431965 	 1.0315467
0.3172382 	 1.1464967
0.30405873 	 0.8285199
0.27299798 	 0.7261151
0.28016153 	 1.2568783
0.25653565 	 0.5573312
0.31144392 	 0.5276415
0.29093757 	 1.0806812
0.32413965 	 1.2477762
0.36365205 	 1.1063296
0.32028687 	 1.2945926
0.30215475 	 0.6808832
0.367818 	 1.0639161
0.31446442 	 0.67839485
0.32429066 	 0.6899849
0.25569776 	 1.496359
0.27302688 	 0.5895446
0.3725308 	 1.0587087
0.43703535 	 0.5898716
0.40888536 	 0.8574162
0.41770202 	 0.64953905
0.3443534 	 0.47750112
0.35708326 	 0.6916754
0.33907253 	 0.68822134
0.2853395 	 1.5512626
0.24452257 	 0.47994274
0.23131067 	 0.69217265
0.17970303 	 1.1528986
0.17849785 	 1.1705723
0.14923339 	 0.66172206
0.18348096 	 0.910066
0.20463102 	 0.66074264
0.18451029 	 0.56384563
0.20026071 	 1.05531
0.19343668 	 0.94078976
0.35609832 	 0.8165575
0.40505084 	 0.7038981
0.39089364 	 1.0607979
0.42992878 	 0.8218274
0.39952627 	 0.8124982
0.37776804 	 0.645031
0.40269488 	 0.73154294
0.4035021 	 0.8502916
0.392131 	 0.86427194
0.27888927 	 0.7907781
0.3263304 	 0.93741965
0.38204122 	 0.8146519
0.42986664 	 0.65127796
0.376655 	 0.91661644
0.36216956 	 0.6718624
0.397902 	 0.5910663
0.3156278 	 0.63638
0.41258273 	 1.002895
0.35240415 	 0.9257164
0.338013 	 0.9205733
0.35175928 	 1.0020348
0.30623925 	 0.7271296
0.31211135 	 1.2088614
0.25228438 	 1.3093696
0.23988199 	 1.0385299
0.29689482 	 0.8076318
0.29579657 	 0.7379957
0.2697956 	 0.6046062
0.29613563 	 1.0357518
0.27597097 	 0.95283145
0.25359482 	 0.62204206
0.33049455 	 1.2851505
0.2538759 	 0.60884905
0.24204206 	 0.59276384
0.25227618 	 1.2626733
0.2653981 	 1.281902
0.294435 	 0.8729443
0.25463828 	 1.0463151
0.45975718 	 0.9632336
Summary
0.005114739  -  0.6745303 ,  0.4099213  -  2.2379785
accuracy:  100.0
equal predictions:  0
TensorFlow version: 1.13.1
Found 939 images belonging to 1 classes.
argN = 196
argN = 196
0.4425709 	 0.5304357
0.6178721 	 0.6230897
0.36648205 	 0.5812006
0.26749972 	 0.73764557
0.24288985 	 0.6571223
0.26778877 	 0.6441802
0.39990658 	 0.5058166
0.4232312 	 0.6856848
0.41264442 	 0.8557428
0.3514643 	 0.74235195
0.37825638 	 0.52444035
0.3714677 	 0.57498497
0.4933143 	 0.7091315
0.31938607 	 0.5517465
0.30984503 	 0.48555195
0.34936035 	 0.50803393
0.26622662 	 0.5780551
0.34612072 	 0.6200391
0.5873846 	 0.6380468
0.42423964 	 0.65965176
0.36734143 	 0.4923579
0.42282838 	 0.41319585
0.42654982 	 0.61536014
0.45419705 	 0.48506504
0.48430997 	 0.5864648
0.6232277 	 0.7618174
0.3350532 	 0.6449552
0.3983117 	 0.67403203
0.5790103 	 0.55092645
0.55620706 	 0.62764037
0.41541335 	 0.80064493
0.3889769 	 0.75695264
0.42344502 	 0.7725224
0.465218 	 0.8354867
0.40118736 	 0.58856183
0.3581655 	 0.64467627
0.30861464 	 0.5354463
0.43074766 	 0.6534909
0.4823183 	 0.51432365
0.38945085 	 0.4414172
0.41490456 	 0.76789904
0.3787973 	 0.5923024
0.3429861 	 0.48404747
0.40624243 	 0.5987553
0.32970354 	 0.7337465
0.4057498 	 0.6246746
0.425977 	 0.7514365
0.53302413 	 0.6187577
0.43627706 	 0.5477443
0.41001433 	 0.52388793
0.5382465 	 0.54411924
0.4159397 	 0.60176027
0.4438453 	 0.6120495
0.42229825 	 0.68091655
0.31812716 	 0.65976715
0.20046078 	 0.7067163
0.49989024 	 0.60310185
0.472217 	 0.50103915
0.52699995 	 0.5793687
0.64904 	 0.6693851
0.41812262 	 0.46196365
0.45632607 	 0.5359719
0.45490807 	 0.64415735
0.44437072 	 0.7220761
0.21671806 	 0.67832214
0.31944087 	 0.5556002
0.41955373 	 0.59550095
0.26639256 	 0.5182353
0.41395524 	 0.5032633
0.42267475 	 0.61728257
0.35300478 	 0.57555693
0.6124905 	 0.58697915
0.26777014 	 0.55706567
0.32991874 	 0.915655
0.3731515 	 0.7105075
0.3710078 	 0.57883954
0.35683915 	 0.8248984
0.20691623 	 0.6237333
0.20614871 	 0.50621676
0.35851657 	 0.69045156
0.26396468 	 0.5916555
0.30229086 	 0.692514
0.2701613 	 0.8278939
0.1918382 	 0.8600142
0.25054216 	 0.47352725
0.22531527 	 0.5062118
0.26421028 	 0.7862606
0.2770993 	 0.6930913
0.25015765 	 0.37444076
0.22223967 	 1.1998231
0.1854754 	 0.87369543
0.19786322 	 0.770493
0.1995081 	 0.61676115
0.22320522 	 0.87366945
0.20864643 	 0.574327
0.23724572 	 0.5057492
0.25077313 	 1.0669
0.22589016 	 0.5796361
0.23639078 	 0.5180692
0.20892957 	 0.6319305
0.26301953 	 0.77209437
0.26046562 	 0.7142423
0.31914246 	 0.6458148
0.2946652 	 0.8898086
0.32932302 	 0.81447357
0.36211082 	 0.6843092
0.35293826 	 0.607702
0.36628532 	 0.5534063
0.36573267 	 0.6440995
0.3920426 	 0.58781266
0.38863492 	 0.6456711
0.41966915 	 0.5828701
0.3773228 	 0.6742118
0.4274853 	 0.57230407
0.44354266 	 0.6359773
0.40680277 	 0.61502606
0.3729294 	 0.6898773
0.32798222 	 0.7662726
0.45992985 	 0.72637004
0.36472788 	 0.7206847
0.32443404 	 0.5670626
0.39512464 	 0.5744379
0.31393623 	 0.58874214
0.42772314 	 0.57353085
0.41123432 	 0.6951723
0.36490908 	 0.6953649
0.37980857 	 0.55296654
0.35187402 	 0.59058917
0.38051522 	 0.63639694
0.34047547 	 0.7912703
0.33736542 	 0.70009375
0.34712842 	 0.58490056
0.27544233 	 0.76347727
0.23010765 	 0.6319484
0.29947534 	 0.6263494
0.30537084 	 0.4411694
0.2782028 	 0.6220511
0.20624709 	 0.7054968
0.2920859 	 0.69149405
0.30742636 	 0.5517133
0.30866057 	 0.6121348
0.3273559 	 0.62305754
0.292661 	 0.60627216
0.31619975 	 0.6143848
0.23689547 	 0.6819793
0.36689696 	 0.5559605
0.25557733 	 0.6970638
0.32815796 	 0.7356473
0.42023984 	 0.68883264
0.33782965 	 1.0110154
0.38514054 	 0.54069537
0.3637858 	 0.5019191
0.36096138 	 0.61845964
0.36885574 	 0.45703372
0.3683232 	 0.5484894
0.28960326 	 0.49059722
0.3258846 	 0.49941888
0.34594068 	 0.6440804
0.2890147 	 0.7397207
0.29700842 	 0.5779274
0.2611689 	 0.45572644
0.27040192 	 0.62071115
0.3099136 	 0.5542767
0.25982538 	 0.68576294
0.31087366 	 0.8398993
0.2804218 	 0.7301898
0.23844655 	 0.7930143
0.23371452 	 0.58747476
0.22993705 	 0.65134907
0.22583413 	 0.6490601
0.2678489 	 0.6925445
0.2273822 	 0.5040403
0.23223436 	 0.48113418
0.24212885 	 0.5712851
0.26453257 	 0.65869325
0.23298056 	 0.8139916
0.23240158 	 0.5311811
0.22953506 	 0.56616265
0.1939748 	 0.5507032
0.25944296 	 0.7096436
0.19190623 	 0.7741674
0.22374006 	 0.53838766
0.21976075 	 0.7487394
0.22951992 	 0.49520552
0.30673656 	 0.47738162
0.55159456 	 0.86473715
0.52028424 	 0.7295251
0.49753848 	 0.82145125
0.5750877 	 0.86752367
0.4194277 	 0.7001423
0.40473282 	 0.7312586
0.47231755 	 0.7972805
0.5485836 	 1.0019245
0.48821396 	 0.86919445
0.6660368 	 0.71662104
0.59270597 	 1.0113839
0.57762617 	 0.93004286
0.71357626 	 0.94747204
0.6294413 	 0.6468175
0.5557332 	 0.60710967
0.6583443 	 0.6673127
0.56674975 	 0.5399956
0.5776402 	 0.6175834
0.5983612 	 0.6349448
0.58510274 	 0.58550364
0.5594357 	 0.77851486
0.6039228 	 0.6265216
0.5154955 	 0.87403506
0.6083713 	 0.91050905
0.6268861 	 0.81547254
0.6910081 	 0.7819236
0.57260853 	 0.73553103
0.6301677 	 0.94231445
0.6917815 	 0.7423051
0.59221834 	 0.70450956
0.57191366 	 0.6867846
0.54498315 	 0.77952844
0.52950877 	 0.5926555
0.53114027 	 0.5444538
0.5826074 	 0.8133902
0.6567591 	 0.61777085
0.70280164 	 0.4995118
0.8043577 	 0.60550654
0.7496249 	 0.67849094
0.59260625 	 0.8315202
0.6250129 	 0.55124986
0.6551122 	 0.8295299
0.5580776 	 0.792306
0.65342057 	 0.8586381
0.90085036 	 0.712524
0.8533091 	 0.7545714
0.7635783 	 0.67888033
0.6731021 	 0.9080839
0.6625509 	 0.88544375
0.69324255 	 0.7752039
0.7768158 	 0.7290105
0.8114478 	 0.6517334
0.7041813 	 0.788387
0.80060375 	 0.77527404
0.8403899 	 0.6056565
0.8293317 	 0.7192939
0.8036557 	 0.7196717
0.76105684 	 0.71067977
0.91609156 	 0.5621165
0.71080667 	 0.7212108
0.7008506 	 0.7093001
0.82103705 	 0.67896754
0.7816237 	 0.8452507
0.7813665 	 0.725748
0.68168217 	 0.8958943
0.59946877 	 0.6888289
0.56394815 	 0.75879675
0.5457554 	 0.7094192
0.608362 	 0.8124474
0.5956432 	 0.77358466
0.6896464 	 0.6389798
0.60203826 	 0.5445096
0.5424353 	 0.7207536
0.42933324 	 0.93673927
0.61038005 	 0.8170324
0.6598959 	 0.8017806
0.69295144 	 0.7662204
0.7018944 	 0.73485667
0.65567434 	 0.74905175
0.6738552 	 0.71962655
0.6121525 	 0.6612925
0.6716812 	 0.8827255
0.61035645 	 0.8522146
0.50775766 	 0.978027
0.53356475 	 0.8811098
0.4154411 	 1.0422205
0.520904 	 0.50141
0.53983915 	 0.81702846
0.44542965 	 0.9051059
0.50451946 	 0.8450027
0.45192212 	 0.96932286
0.42951554 	 0.83534515
0.39177674 	 0.8613054
0.34524047 	 1.0338818
0.2873933 	 0.92646396
0.35823798 	 0.8736746
0.2998134 	 0.6894389
0.24908163 	 0.7353368
0.28514725 	 0.9008345
0.3123938 	 0.93274444
0.34395686 	 1.1247176
0.30440164 	 0.96249765
0.36519486 	 1.0863239
0.3144849 	 0.90824383
0.35355365 	 1.041859
0.3619867 	 0.63573104
0.2742779 	 0.8205045
0.3347771 	 1.0917706
0.27496842 	 0.6256015
0.2857429 	 1.049064
0.41164517 	 1.0558748
0.50195503 	 0.85937643
0.6463221 	 0.8623688
0.55769897 	 0.6183493
0.61624515 	 0.8641432
0.70857567 	 0.7188815
0.8254789 	 0.8790801
0.64730066 	 0.7511376
0.54947776 	 0.7729485
0.5928358 	 0.8437994
0.70812297 	 0.95266765
0.6753522 	 0.7618364
0.6398692 	 0.95864016
0.585884 	 0.8625654
0.66121423 	 0.85226387
0.55943835 	 0.78726614
0.6739664 	 0.7239897
0.56172115 	 0.6629371
Summary
0.1854754  -  0.91609156 ,  0.37444076  -  1.1998231
accuracy:  92.0
equal predictions:  0
TensorFlow version: 1.13.1
Found 939 images belonging to 1 classes.
argN = 196
argN = 196
0.39213735 	 0.641892
0.6157694 	 0.66741854
0.48675483 	 0.63284045
0.3127945 	 0.6693764
0.34670427 	 0.8472572
0.36388308 	 0.6345232
0.42948642 	 0.58920574
0.33729059 	 0.6904916
0.44487485 	 0.564085
0.4261976 	 0.76848125
0.35893697 	 0.7719829
0.23907483 	 0.5468019
0.19635382 	 0.50595397
0.34405008 	 0.56600326
0.2731268 	 0.66486394
0.3754868 	 0.56522447
0.3574682 	 0.6770989
0.31475186 	 0.6738076
0.4555776 	 0.6352609
0.33574373 	 0.60469174
0.33661684 	 0.47877294
0.4594717 	 0.505875
0.27922523 	 0.58560234
0.30158597 	 0.55404145
0.49881104 	 0.7396674
0.46138978 	 0.4928994
0.45162216 	 0.7417822
0.47368118 	 0.5194894
0.37050563 	 0.76038414
0.43264663 	 0.61946243
0.46091023 	 0.6530352
0.50817204 	 0.7092249
0.37116277 	 0.68043774
0.4303859 	 0.6185863
0.47010216 	 0.5770628
0.4367321 	 0.6302887
0.47989017 	 0.44916934
0.4836216 	 0.6558544
0.44015357 	 0.57122517
0.33063808 	 0.6466434
0.35932228 	 0.66096914
0.4931349 	 0.52627575
0.34446168 	 0.7569277
0.32420626 	 0.60548174
0.4454972 	 0.7859507
0.45884168 	 0.64875305
0.5854723 	 0.59255546
0.43046317 	 0.8167658
0.3908686 	 0.7061612
0.34947008 	 0.70722234
0.26684505 	 0.7642883
0.26641342 	 0.74167055
0.38308746 	 0.65593964
0.26365575 	 0.6368797
0.36756662 	 0.5936397
0.3665456 	 0.6287148
0.39290872 	 0.59857094
0.4435094 	 0.7295288
0.5041848 	 0.67476004
0.5174218 	 0.6215511
0.26784527 	 0.47826597
0.3224876 	 0.66932607
0.2183664 	 0.5779561
0.41515875 	 0.6263331
0.35507372 	 0.6121572
0.32690617 	 0.6819775
0.39752835 	 0.76048565
0.29399455 	 0.5167577
0.33463448 	 0.7084731
0.43848696 	 0.7412293
0.43122476 	 0.68599176
0.37823448 	 0.54051995
0.46106306 	 0.7134304
0.35177946 	 0.65064126
0.5270674 	 0.48883668
0.35024932 	 0.61061627
0.4309727 	 0.8081828
0.33711705 	 0.7093848
0.45493186 	 0.5835723
0.34234998 	 0.60937566
0.4076075 	 0.804334
0.49478996 	 0.39467248
0.40808132 	 0.56071264
0.42816862 	 0.7208922
0.40632412 	 0.53172296
0.37321323 	 0.6776715
0.2517162 	 0.6177412
0.27059823 	 0.7886462
0.23539038 	 0.8134585
0.26880652 	 0.85981065
0.23157106 	 0.45979258
0.27502674 	 0.78003377
0.49772435 	 0.60731137
0.34530655 	 0.6853597
0.36645177 	 0.6274741
0.34027383 	 0.6772983
0.33102807 	 0.6137451
0.39633995 	 0.650564
0.46622336 	 0.66069233
0.4302715 	 0.7054042
0.44216642 	 0.7446549
0.3530019 	 0.4746329
0.40837538 	 0.7446609
0.4020936 	 0.8494419
0.27368394 	 0.6190262
0.40054917 	 0.78991324
0.5156483 	 0.71070814
0.49694195 	 0.80900204
0.44777843 	 0.7269281
0.33318275 	 0.7329947
0.27604175 	 0.63953483
0.36138013 	 0.7220084
0.36587137 	 0.68316156
0.38798958 	 0.835727
0.35146242 	 0.45660022
0.3436971 	 0.5725608
0.37048465 	 0.5426762
0.4511048 	 0.77280194
0.42088372 	 0.5107327
0.37784842 	 0.59909856
0.3634804 	 0.80921835
0.42433012 	 0.41706198
0.4253857 	 0.698542
0.50449353 	 0.6371794
0.5204892 	 0.7233995
0.45095825 	 0.64749706
0.45384622 	 0.505696
0.4125322 	 0.7330565
0.45222974 	 0.5628389
0.44969103 	 0.6203939
0.42130947 	 0.7305205
0.39630193 	 0.6383669
0.4241694 	 0.5318814
0.28915578 	 0.6220951
0.41803986 	 0.71741915
0.43463725 	 0.56642157
0.49371722 	 0.73184943
0.40103692 	 0.7982344
0.43894395 	 0.67655516
0.35423654 	 0.55581695
0.4089015 	 0.60421276
0.42190388 	 0.69980246
0.3499553 	 0.56956035
0.2869071 	 0.6301042
0.3248367 	 0.700996
0.32544082 	 0.68939066
0.3224983 	 0.714525
0.35965538 	 0.7380194
0.38017902 	 0.83489203
0.29555297 	 0.6621231
0.40649074 	 0.51009303
0.3010197 	 0.567342
0.32350767 	 0.7013095
0.34642965 	 0.5218007
0.34295705 	 0.65426826
0.44889367 	 0.5395879
0.4916363 	 0.6271619
0.33674085 	 0.6985776
0.39173663 	 0.53880936
0.41228536 	 0.5844013
0.4468816 	 0.5374535
0.50595814 	 0.6463397
0.53652054 	 0.67237234
0.45590752 	 0.5772222
0.46305427 	 0.8256357
0.52989894 	 0.7500738
0.47539264 	 0.4931343
0.45950642 	 0.5749214
0.5052603 	 0.6630019
0.48850983 	 0.6557031
0.47282353 	 0.6345636
0.35996458 	 0.5645699
0.4205146 	 0.70968956
0.39994693 	 0.5516939
0.48710528 	 0.7704771
0.4387207 	 0.7266406
0.38227776 	 0.74669075
0.38652894 	 0.67572916
0.3659543 	 0.67083955
0.35898468 	 0.87429494
0.3228913 	 0.62457734
0.3100559 	 0.667747
0.40317923 	 0.6729736
0.34729946 	 0.58430505
0.336714 	 0.65146226
0.30195642 	 0.5274471
0.33244678 	 0.51779294
0.34960443 	 0.8287353
0.38985375 	 0.68397725
0.34511387 	 0.5343504
0.38624203 	 0.66864836
0.24198778 	 0.55493784
0.29299814 	 0.62894595
0.26939848 	 0.8374153
0.21763103 	 0.984382
0.2528011 	 0.735174
0.21129127 	 0.6472371
0.25768715 	 0.65266484
0.3074707 	 0.6904972
0.25388858 	 0.70887643
0.22930369 	 0.6125423
0.36800313 	 0.79348
0.28931928 	 0.787252
0.25116277 	 0.59703904
0.31953767 	 0.48143798
0.23758295 	 0.6039729
0.27628756 	 0.64235836
0.4214898 	 0.60195863
0.44327316 	 0.5455955
0.32946205 	 0.41131094
0.38749963 	 0.5961504
0.50067055 	 0.68108827
0.44213563 	 0.7328703
0.5392599 	 0.6834182
0.51550364 	 0.8721917
0.4688813 	 0.64297646
0.426944 	 0.60894275
0.5646695 	 0.6723675
0.51046675 	 0.52371603
0.4409199 	 0.6498737
0.55321836 	 0.4886928
0.4296629 	 0.6341841
0.5455939 	 0.7124041
0.5984781 	 0.4216347
0.53551173 	 0.63439566
0.62706375 	 0.6569351
0.49201596 	 0.5610435
0.5102177 	 0.60066515
0.44843173 	 0.6548381
0.6807839 	 0.5791405
0.63711715 	 0.59090227
0.5865152 	 0.5776196
0.43961722 	 0.47169536
0.5715501 	 0.6637506
0.41350532 	 0.5496939
0.38367558 	 0.4601421
0.42707372 	 0.5919496
0.51230097 	 0.6346045
0.5924398 	 0.55275714
0.4074863 	 0.684982
0.52393603 	 0.5961729
0.6953845 	 0.71066236
0.52282727 	 0.39251924
0.4713265 	 0.65642375
0.50827765 	 0.5579651
0.4665012 	 0.6385298
0.48334593 	 0.52130824
0.47937462 	 0.5087837
0.48105702 	 0.5439943
0.5137964 	 0.53343946
0.50591254 	 0.67018455
0.5589114 	 0.6413304
0.53206545 	 0.48741847
0.5785324 	 0.645072
0.69683576 	 0.7189009
0.67695785 	 0.7460136
0.7361102 	 0.64220315
0.68312025 	 0.6235814
0.6164614 	 0.53684086
0.50235885 	 0.58444446
0.5717412 	 0.7181408
0.5107826 	 0.56087387
0.5669815 	 0.6515119
0.48816034 	 0.6210688
0.5337124 	 0.6403043
0.46599376 	 0.67512035
0.46070167 	 0.8167473
0.49127382 	 0.6701158
0.5103271 	 0.7431494
0.56892514 	 0.81688964
0.5864097 	 0.66048855
0.52890223 	 0.8079077
0.65820646 	 0.7550703
0.61913526 	 0.6341237
0.6441862 	 0.7157317
0.53072876 	 0.55167115
0.59603715 	 0.5776508
0.5483933 	 0.6367105
0.55147725 	 0.64333
0.5199297 	 0.79752153
0.47245958 	 0.57804924
0.47956562 	 0.53540903
0.41848505 	 0.6237967
0.48466974 	 0.60924304
0.40072265 	 0.784294
0.49055788 	 0.62523884
0.36752513 	 0.7309146
0.3434216 	 0.7436135
0.33761266 	 0.6143198
0.36164784 	 0.6829108
0.46865815 	 0.6903319
0.4262383 	 0.54427576
0.37034714 	 0.66960734
0.40590578 	 0.65470636
0.43421674 	 0.69791716
0.3953193 	 0.7016995
0.5226451 	 0.6799442
0.494753 	 0.67756563
0.46554267 	 0.61985254
0.44717067 	 0.663626
0.50809634 	 0.5573993
0.6080575 	 0.7672221
0.49601567 	 0.6345842
0.50445914 	 0.70702493
0.4765828 	 0.6258812
0.48200747 	 0.5025658
0.4962643 	 0.6173741
0.40339547 	 0.5689846
0.36994186 	 0.69070065
0.40645728 	 0.5906778
0.4192141 	 0.676613
0.4502951 	 0.5801617
0.45479113 	 0.6122909
Summary
0.19635382  -  0.7361102 ,  0.39251924  -  0.984382
accuracy:  94.9
equal predictions:  0
