TensorFlow version: 1.13.1
Found 939 images belonging to 1 classes.
argN = 49
argN = 49
0.55702764 	 2.2652917
0.5675827 	 3.5830212
0.6770022 	 2.6910853
0.6297397 	 2.978159
0.084240265 	 4.7479734
0.18684125 	 2.6158648
0.3053651 	 3.82533
0.30688465 	 2.9443016
0.18982415 	 3.1390765
0.064259514 	 2.6377153
0.33870733 	 2.3066523
0.27155796 	 3.4800248
0.28689694 	 2.7885234
0.5623241 	 2.2019944
0.6599873 	 2.0251863
0.64847416 	 1.5616589
0.29175913 	 1.7633107
0.1263364 	 1.9852597
0.10771478 	 3.2565105
0.015962185 	 3.449695
0.0009989958 	 2.0791042
0.0197991 	 1.7374657
0.13561203 	 2.924384
0.27467474 	 0.5779633
0.1610007 	 3.170248
0.28605166 	 1.1148236
0.71072036 	 3.1454988
0.3219504 	 1.528552
0.06810239 	 2.4178295
0.47517014 	 1.1686506
0.3788719 	 3.874969
0.15291435 	 3.8201895
0.31179965 	 3.949268
0.5641515 	 1.9330796
0.39696118 	 3.6069813
0.339366 	 6.1719785
0.44058686 	 3.7389867
0.36983365 	 1.0098011
0.18391 	 2.4123566
0.26029378 	 3.025731
0.1616094 	 2.5091863
0.2105323 	 2.9006324
0.16283871 	 3.1027696
0.12867449 	 2.9268048
0.0147955 	 2.9196467
0.034376353 	 7.115887
0.047485244 	 2.5140245
0.110820174 	 4.385391
1.83584e-05 	 3.1765828
5.0664075e-06 	 1.3943366
3.993591e-05 	 2.2764425
0.23859136 	 3.1055105
0.24369028 	 2.2204087
0.2750498 	 1.1415803
0.22230808 	 2.9274814
0.12991527 	 2.7362316
0.1481133 	 1.5956928
0.2599626 	 3.3011353
0.2309567 	 2.636096
0.08645972 	 3.5754833
0.019197335 	 1.975045
0.12369752 	 2.3007627
0.02131268 	 4.973999
0.011930783 	 1.9094555
0.0014499204 	 2.7014303
7.2899136e-05 	 3.1557453
0.00016607234 	 2.6444657
0.012259582 	 2.2614582
0.03421326 	 2.588354
0.090047345 	 2.2586231
0.13811776 	 2.1384382
0.10461987 	 2.302739
0.14214697 	 3.3100522
0.302552 	 1.6171868
0.2411752 	 3.7912445
0.20225959 	 1.0500494
0.18777955 	 2.491412
0.21149176 	 1.9411602
0.18971887 	 3.1056716
0.11711974 	 3.6165786
0.06622846 	 2.4072125
0.060806137 	 6.066223
0.0003352131 	 4.2801533
0.12977614 	 2.0142186
0.057854544 	 2.9573746
0.1055809 	 2.672448
0.28288597 	 2.168582
0.27541345 	 1.3154318
0.33446625 	 1.8460379
0.08692553 	 2.530902
0.013692715 	 8.957772
0.015770216 	 1.5988752
3.0875683e-05 	 1.5296873
0.00018020108 	 2.1018035
0.004167048 	 9.620918
1.0073236e-05 	 2.7540808
2.2411597e-05 	 3.510932
1.4305125e-06 	 5.887749
0.00012821781 	 1.1814694
0.08432729 	 2.4728556
0.020943824 	 2.4889026
0.053806823 	 2.469544
0.043705694 	 2.737566
0.047350995 	 0.9640726
0.03035288 	 3.4666464
0.031213738 	 2.2624807
0.048320573 	 12.650682
0.00018365878 	 1.5762377
0.00022926574 	 1.1585113
0.0036115816 	 2.9413831
0.0005607985 	 1.3297317
0.00014365751 	 2.0716083
4.2915435e-06 	 2.337568
4.0591585e-05 	 1.648703
4.0591585e-05 	 2.0367694
2.3245839e-06 	 1.9639649
0.020154519 	 1.6475954
-3.576278e-07 	 2.2850554
0.01817891 	 0.7415575
0.017524555 	 1.9853382
-9.5367386e-07 	 3.6922436
0.013632834 	 1.5159956
1.0728842e-06 	 2.691059
-7.152555e-07 	 1.3426872
9.561042e-05 	 1.5223148
0.0013708924 	 2.3763533
0.017734637 	 2.2634668
0.00047534078 	 2.3349555
0.00095138495 	 1.5105289
0.020987405 	 3.1821089
0.020862022 	 1.4938265
0.0033651523 	 1.7903374
0.02587223 	 2.4437969
0.00019081267 	 1.4170576
0.021180255 	 3.6021492
0.046357695 	 2.0350282
0.015120098 	 1.0141888
0.020938588 	 2.614132
3.4332865e-05 	 2.3789446
0.032782275 	 1.9285502
0.0029749973 	 0.96828604
6.1513885e-05 	 2.1612906
0.00064334105 	 0.9618317
0.00084578985 	 3.4242177
0.01009193 	 1.9589454
0.0034254382 	 2.0848627
0.0 	 2.0927622
0.019713258 	 1.9090493
2.6226078e-06 	 1.5249616
0.020849425 	 1.764678
0.016028868 	 1.8402956
0.0011359942 	 1.6206183
0.00014306138 	 1.6684014
5.2452224e-06 	 2.311611
0.0016591597 	 1.6254908
0.001038196 	 3.5224524
0.022495715 	 1.8066127
4.172334e-06 	 3.8150587
0.00023546607 	 0.95585716
0.02089647 	 2.0935826
3.8743096e-06 	 3.8308382
0.017959267 	 2.7313254
0.0022591222 	 2.4888487
-2.3841855e-07 	 3.8673675
0.0016753991 	 2.357781
0.020579362 	 3.8565786
0.020596277 	 2.5110774
0.041668512 	 2.1985936
0.022756355 	 4.086907
0.019947575 	 3.8851323
0.0051252833 	 1.439228
0.035642337 	 1.1431086
0.03235585 	 2.7805264
1.1921e-05 	 2.740435
0.00017692223 	 2.6577978
0.00048082703 	 3.8051033
5.424037e-06 	 2.0733454
2.3186476e-05 	 2.7828515
0.026345162 	 2.3092422
0.004203619 	 2.3844643
0.0076099974 	 1.3714637
0.011431639 	 1.3721482
0.020982048 	 1.3973386
0.00025096704 	 0.76947135
0.00011057273 	 3.0019252
0.0003082035 	 2.5563285
4.172412e-05 	 1.6841071
0.00012046824 	 1.5703732
7.003791e-05 	 1.7430978
0.0004469559 	 2.7754502
0.0021202376 	 2.9904652
0.009700586 	 1.242768
0.018001383 	 1.3156327
0.00054726074 	 1.6494623
0.008738801 	 1.6567845
0.00064674066 	 2.2004228
0.0026164278 	 3.2155106
0.00020494177 	 1.5891373
0.0010245921 	 3.1944668
0.0070458334 	 2.0458968
0.0010370624 	 1.4835542
0.0007481393 	 1.3191036
0.00046341427 	 1.1746055
0.12323686 	 1.6051631
0.098837666 	 2.9151165
0.047843013 	 2.4530966
0.041649126 	 1.6953611
0.017811025 	 1.6332006
-9.5367386e-07 	 2.9212134
0.021918766 	 2.955046
0.020383708 	 4.8499894
0.07309182 	 1.452937
0.013547521 	 2.5242734
0.025272546 	 2.8597395
1.7285362e-06 	 4.319629
4.8875927e-06 	 3.95313
0.00025317297 	 3.0620377
0.020590194 	 0.99402726
1.0967315e-05 	 1.8675431
0.018899413 	 2.0743122
-9.5367386e-07 	 1.592016
0.019853393 	 0.887211
2.4378596e-05 	 1.845037
0.020545656 	 1.4074464
0.024932414 	 3.7161036
7.212188e-06 	 3.7558987
0.0019023024 	 2.4063663
0.117751785 	 1.3800575
0.020633576 	 5.053447
1.001363e-05 	 3.0050755
0.020618303 	 3.8904147
0.037746124 	 3.890826
0.0013689825 	 2.0106096
0.018097032 	 3.599983
0.2737249 	 2.6041126
0.05150546 	 3.991696
0.0153506175 	 6.618101
0.043366022 	 1.0088434
0.0053763413 	 1.9037299
0.06487052 	 1.4227586
0.0025543384 	 5.788727
0.06990006 	 1.6120707
0.059548903 	 2.3921015
0.030996932 	 1.4649458
0.08789092 	 1.9652063
0.0022894703 	 4.2163835
0.020636132 	 1.3312482
0.041603453 	 2.9846692
0.05389696 	 1.6553191
0.060137983 	 3.195139
2.6822127e-06 	 1.8293898
0.032322235 	 2.089708
0.00028077728 	 3.3756168
5.6028525e-06 	 1.7854451
0.0037207596 	 4.459719
0.02044375 	 3.8973331
0.021099653 	 4.000562
0.011502301 	 1.5318366
0.03372001 	 3.0660596
0.0056705014 	 2.082324
0.07292761 	 1.432503
0.020705866 	 1.8040715
0.034718417 	 1.937849
0.040399596 	 2.7191517
0.034784388 	 1.8993101
0.025012653 	 1.9316111
0.07065882 	 1.7599734
0.039774332 	 3.1547217
0.070679545 	 2.4672265
0.08457945 	 3.2511127
0.08714031 	 1.718667
0.1139502 	 2.7668035
0.13159159 	 3.3316448
0.074507274 	 0.9619853
0.09381828 	 5.023859
0.1331024 	 3.1113255
0.020019451 	 1.9372197
0.00025317297 	 1.9152675
0.00045524468 	 2.4969325
0.00087066635 	 3.6834004
0.011119869 	 2.2741835
0.0053858096 	 1.2341233
0.00433986 	 3.2600043
0.0014002585 	 3.5828583
0.009064927 	 2.8541808
0.00074909366 	 2.2850971
0.043012526 	 2.651169
0.111101754 	 3.1896462
0.044083357 	 2.6291745
0.08529336 	 1.95714
0.071122766 	 2.249594
0.13620177 	 1.273786
0.14553629 	 1.1221102
0.18473046 	 1.6085887
0.18565486 	 1.8533498
0.08273599 	 2.2072093
0.13466589 	 2.1558442
0.16839428 	 2.9670858
0.15553802 	 2.3821142
0.12217485 	 3.7733297
0.00013781544 	 3.0363426
0.05917206 	 3.062319
0.09260872 	 3.5881624
0.020708907 	 1.8129278
0.026810847 	 3.4643393
0.09284977 	 3.7881987
0.13197437 	 1.5878701
0.06571885 	 1.5894092
0.015351465 	 3.5812042
0.07713192 	 1.0580515
0.017243685 	 3.553629
0.013897823 	 1.944007
0.051581398 	 2.4425085
Summary
-9.5367386e-07  -  0.71072036 ,  0.5779633  -  12.650682
accuracy:  100.0
equal predictions:  0
TensorFlow version: 1.13.1
Found 939 images belonging to 1 classes.
argN = 49
argN = 49
0.33815065 	 3.4274633
0.2902795 	 1.9156847
0.6112054 	 2.906925
0.49471077 	 1.320393
0.31118143 	 2.1590257
0.34079513 	 0.69978374
0.33117655 	 1.5749991
0.316556 	 1.7290329
0.1471246 	 1.4282192
0.08044164 	 5.3166437
0.067333385 	 3.2797348
0.1745649 	 2.546561
0.041162133 	 1.7123091
0.088536985 	 2.1340907
0.07895984 	 2.671715
0.07245667 	 3.0831196
0.033289175 	 1.3405244
0.12711798 	 2.2042549
0.12547041 	 2.1278176
0.15039714 	 1.8105894
0.21349406 	 2.2382963
0.402327 	 5.7493715
0.8255343 	 4.260106
0.58572054 	 3.5520973
0.29528314 	 2.4583068
0.45614848 	 2.0487714
0.28360066 	 1.4948008
0.36610413 	 0.76443464
0.3153098 	 2.5090244
0.035881963 	 4.4785147
0.0013618201 	 1.9147735
0.03899494 	 1.4853463
0.09464633 	 3.4444478
0.13237955 	 2.450443
0.20833007 	 1.0925294
0.09924392 	 3.3889961
0.068559915 	 9.843438
0.041467134 	 0.5516737
0.34153646 	 2.4081826
0.3607182 	 2.6422691
0.14422937 	 2.6646898
0.010471922 	 3.595367
0.13681729 	 2.4925594
0.20045435 	 1.5471624
0.10776384 	 0.6089788
0.06601055 	 2.813236
0.0005071257 	 2.614793
7.444897e-05 	 1.9426192
0.01363664 	 2.1901495
0.2770413 	 2.0548904
0.15958805 	 2.1461258
0.09586577 	 5.050707
0.36871335 	 1.925695
0.23229834 	 1.3439795
0.079701886 	 1.368927
0.034420274 	 2.5971744
0.0005565642 	 3.410185
1.4782061e-05 	 1.2950835
0.041374505 	 2.0455325
0.08319534 	 2.1861446
0.08701161 	 2.4573398
0.051324993 	 1.334612
0.15597299 	 1.2553693
0.24787247 	 1.1373633
0.23827498 	 1.9222317
0.02597989 	 10.285035
0.26716876 	 1.7410185
0.054970954 	 2.7499466
0.13416381 	 2.083444
0.18571909 	 3.6509843
0.2547137 	 1.8112147
0.13976568 	 0.9411615
0.28614396 	 2.328523
0.22141887 	 2.39344
0.12219142 	 0.76744306
0.15595022 	 1.9545332
0.11299022 	 3.2232199
0.00060194964 	 5.5551333
0.020619703 	 2.066077
0.021439457 	 2.7955732
0.0006298021 	 5.3229647
0.019339766 	 1.7768525
0.06664276 	 3.1397
0.014527431 	 1.7620163
0.00024226261 	 2.752568
0.0008815239 	 1.988374
0.02073039 	 3.1738155
0.04168728 	 1.4356647
0.00010103497 	 1.6617887
0.020569628 	 1.7477936
1.615299e-05 	 3.329895
6.4373226e-06 	 6.4874225
0.020858493 	 1.3478296
0.028032713 	 6.704781
0.026893932 	 3.1724248
0.020622928 	 1.1029853
1.1920929e-07 	 4.038977
9.48951e-05 	 2.4460428
0.018726738 	 2.1510358
0.016663032 	 1.7121608
0.018375894 	 7.054955
0.029543284 	 2.5954099
0.03354987 	 1.8477316
0.00010431357 	 1.5034281
0.0011054425 	 3.0430307
0.007336882 	 1.0583345
0.0018124903 	 2.2911463
0.0008325465 	 1.6025045
8.7920715e-05 	 1.7799367
2.2590415e-05 	 1.4773805
-5.960463e-07 	 1.8131009
1.4901173e-06 	 2.3152359
0.00049985026 	 1.6567948
-9.5367386e-07 	 1.875585
0.00013179456 	 2.3127184
5.960466e-07 	 2.2841263
0.019979255 	 0.9300785
2.8610639e-05 	 1.0934739
-2.3841855e-07 	 1.0728507
0.01816416 	 3.5855725
0.020662783 	 2.06235
0.03100345 	 2.4693854
0.0010549028 	 1.7278986
0.0007223115 	 1.0591185
0.011631158 	 2.4489267
0.00036025574 	 1.7732848
0.016784554 	 2.1323335
5.3228363e-05 	 0.7747788
0.00145386 	 1.4546562
0.009375697 	 0.8533494
2.5033983e-06 	 1.5103227
2.0802237e-05 	 1.8079672
0.0008648797 	 2.3424428
0.04302603 	 2.0632963
0.000109917004 	 8.921401
0.00032686567 	 2.029016
1.3709077e-06 	 2.0323412
0.0028187984 	 2.6365395
3.0339224e-05 	 2.839055
0.00085348537 	 1.2116673
0.004323936 	 2.3896744
0.0034418858 	 2.3101234
0.00014926116 	 2.3350108
0.034790866 	 1.1571093
0.023862716 	 1.6200676
0.00014324022 	 2.2122495
0.000394601 	 2.675482
0.0023771145 	 1.3668985
5.149974e-05 	 1.486718
4.768373e-07 	 1.4492247
0.0035020567 	 1.0140245
0.020565003 	 1.669698
0.020616965 	 1.9321059
5.9604645e-08 	 2.93643
3.6955564e-05 	 2.1921222
0.00040390302 	 2.3339045
0.0112453 	 2.3743021
-4.7683704e-07 	 2.4817991
2.0861648e-06 	 1.7141503
-9.5367386e-07 	 3.329414
0.020505197 	 2.1897585
6.318292e-05 	 2.09783
0.020114196 	 2.4780982
0.02746169 	 2.7504194
0.0652707 	 1.047397
0.03202407 	 1.5023499
0.020777673 	 1.9944247
0.024913898 	 2.5520244
0.041044567 	 2.677687
0.020901704 	 2.1934938
0.024339646 	 2.1662836
0.025316866 	 3.8546884
0.041592143 	 2.290237
0.0011378442 	 1.6176372
0.0014638881 	 1.8099056
0.0031090379 	 3.0712256
9.930627e-05 	 2.264666
0.010139256 	 1.7765855
5.1260126e-06 	 4.5137396
5.4122484e-05 	 1.0497426
0.0051062913 	 2.1539166
2.0146574e-05 	 1.7307329
0.0003525044 	 3.0945141
7.808239e-06 	 0.7574477
1.1920936e-06 	 1.8245156
0.020621954 	 1.4340158
0.00023391598 	 1.210143
0.00012458146 	 2.7083178
0.00011194379 	 2.4806168
3.606146e-05 	 1.2513617
0.0014581578 	 1.9549516
3.4570753e-06 	 0.83735865
8.893409e-05 	 1.4670007
2.747812e-05 	 2.7374969
3.3259945e-05 	 2.1044426
0.003709273 	 2.9714777
0.0006473371 	 2.020451
9.143771e-05 	 1.5052791
0.00086309 	 1.1981448
2.1457903e-05 	 3.8338957
2.449781e-05 	 2.767362
0.078181155 	 3.1639853
0.14439815 	 1.3773743
0.21444684 	 1.4444162
0.13065225 	 1.8624322
0.11714232 	 1.2844638
0.034640107 	 2.2700715
0.0005195298 	 1.5820694
0.079033114 	 2.4233434
0.06051171 	 1.4438412
-7.152555e-07 	 2.074665
2.563003e-06 	 6.997915
0.00043914423 	 1.2913254
2.9802328e-07 	 1.6854953
0.011463111 	 2.3352165
1.0669289e-05 	 2.1583803
6.252723e-05 	 2.7439818
0.020481834 	 2.773061
0.0 	 1.9118718
0.000107294116 	 2.6372538
0.021009319 	 2.880424
0.031138163 	 2.7839658
0.010588779 	 2.2012234
-7.152555e-07 	 3.2082438
6.556513e-07 	 10.206172
2.4915053e-05 	 2.5801172
-9.5367386e-07 	 1.6420696
-9.5367386e-07 	 1.4077168
-9.5367386e-07 	 1.8753633
-8.344647e-07 	 0.97814476
-9.5367386e-07 	 5.570508
-9.5367386e-07 	 4.216816
5.6447192e-05 	 3.0311913
5.072484e-05 	 0.5963012
0.0121867545 	 3.1275573
1.1920936e-06 	 2.2940392
1.6451017e-05 	 2.0642366
-9.5367386e-07 	 1.3059821
0.010009206 	 1.9704121
-8.344647e-07 	 3.1286132
0.016440086 	 1.5411534
6.556513e-07 	 7.8629565
9.238763e-06 	 2.5993655
-9.5367386e-07 	 1.6490563
0.00012952928 	 3.8846421
0.011204613 	 2.2931294
5.3644326e-06 	 1.8142751
0.18359132 	 2.046627
0.050700136 	 1.8726182
0.0037293748 	 2.4604235
0.019980775 	 3.1193922
0.033842266 	 2.6792943
2.384186e-07 	 11.9647875
0.003736913 	 1.679943
-9.5367386e-07 	 2.6188672
0.0004315115 	 2.6327379
0.02100457 	 1.4469173
1.1205736e-05 	 2.9774387
0.0049519157 	 1.597188
0.022012351 	 2.1119487
0.0010186852 	 3.5505142
0.004950598 	 1.532055
0.024901066 	 2.9125838
0.101224795 	 2.620351
0.12305854 	 1.3623183
0.044336103 	 2.5789685
0.07062946 	 1.8698099
0.10159592 	 3.0454257
0.14124544 	 1.9268
0.10149821 	 2.1670797
0.07570406 	 2.6121569
0.02032014 	 2.662532
8.9407007e-07 	 2.7730172
0.008625286 	 9.093967
0.018020196 	 2.2139807
1.7881409e-06 	 3.1750257
-3.576278e-07 	 1.168952
-1.1920928e-07 	 7.352241
0.05418448 	 2.6454537
0.15527345 	 1.5806026
0.14695598 	 2.995016
0.043629795 	 3.1060243
0.1289996 	 3.08097
0.11978314 	 1.1115118
0.2698791 	 2.404623
0.1414661 	 1.0085092
0.1268315 	 1.7826873
0.1292843 	 1.7941265
0.14008754 	 2.2760375
0.035753217 	 2.8100162
0.10564132 	 1.0571717
0.04932597 	 0.93393123
0.24538861 	 1.2056592
0.10977113 	 0.93159896
0.12679435 	 1.9458247
0.085144006 	 2.6777797
0.099284396 	 2.6899266
0.06320052 	 3.4170632
8.9407007e-07 	 3.2655158
3.8982198e-05 	 3.8061535
-8.344647e-07 	 1.8151929
0.0020699452 	 2.2902958
0.08699868 	 2.0688734
0.02392535 	 1.0691911
0.05204869 	 3.5724843
0.031160362 	 2.0280194
0.035142146 	 1.8847096
0.019065313 	 1.3211669
0.017144663 	 1.8584499
0.0010325874 	 1.8020247
4.220098e-05 	 3.1711268
0.037468553 	 4.1923785
0.02656843 	 1.2335469
Summary
-9.5367386e-07  -  0.8255343 ,  0.5516737  -  11.9647875
accuracy:  100.0
equal predictions:  0
TensorFlow version: 1.13.1
Found 939 images belonging to 1 classes.
argN = 49
argN = 49
0.5563211 	 3.8922741
0.41770792 	 2.606251
0.37531587 	 6.8877177
0.26974142 	 1.980341
0.5451968 	 3.884845
0.31782702 	 2.2739987
0.14881545 	 2.7300854
0.18156026 	 3.7924206
0.08353696 	 1.7440367
0.16173846 	 2.642923
0.17225718 	 3.1679242
0.16522771 	 1.3385364
0.11949843 	 1.9105524
0.033321466 	 3.6310952
0.15835366 	 1.226434
0.45099035 	 2.1652005
0.78831655 	 0.7287569
0.27062324 	 3.9437494
0.4613355 	 2.9666154
0.43406254 	 1.8637215
0.2720247 	 1.6817431
0.16738634 	 2.101226
0.11507699 	 2.3634176
0.062357116 	 3.229771
0.3990063 	 2.3127098
0.25367808 	 3.8447728
0.038024392 	 2.163123
0.041988652 	 4.03779
0.12064246 	 2.0015213
0.00013221185 	 2.6637955
0.0010188642 	 3.499653
0.2630307 	 1.877326
0.19451968 	 2.9548068
0.5167713 	 3.342497
0.63146186 	 4.4692416
0.04527457 	 8.047736
0.053292625 	 3.291837
0.178553 	 3.888713
0.55917126 	 2.0065668
0.17786533 	 2.3202636
0.007927946 	 2.933726
0.026785195 	 2.309355
6.0200873e-06 	 1.9380937
0.21097177 	 1.7288344
0.05860409 	 1.5680063
0.37645304 	 3.6095393
0.20736644 	 1.5601205
0.21383148 	 1.2262398
0.16083618 	 2.6141865
0.16451828 	 2.70571
0.3866066 	 2.0785103
0.18424661 	 1.5550082
0.0717545 	 1.7469178
0.17001313 	 1.4509768
0.0006800221 	 1.9296542
0.0022446653 	 2.2043245
6.175232e-05 	 3.1264713
2.0742631e-05 	 5.610322
0.041601464 	 6.144459
0.045679964 	 1.943913
0.14407158 	 2.552557
0.14858605 	 2.7566228
0.15929906 	 2.6426375
0.08190526 	 5.779542
0.27042428 	 2.526702
0.16197637 	 1.1304317
0.113461085 	 3.0692902
0.14417966 	 3.5209718
0.27569044 	 2.757392
0.10098765 	 1.6628271
0.046871085 	 2.5535026
0.16271561 	 2.3448958
3.5762793e-07 	 1.4776331
0.07051778 	 4.1729984
0.32294178 	 2.4351575
0.18318942 	 2.308351
0.13246806 	 2.5305433
0.085563295 	 1.9812427
0.09170585 	 3.8616269
0.017195417 	 3.288694
0.035496514 	 10.654681
0.00031136352 	 3.0282488
0.0010293057 	 1.3470627
0.017943732 	 2.731504
0.04039246 	 2.6887026
9.209342e-05 	 2.4821599
0.00035608193 	 1.5642275
1.4305125e-06 	 2.8684688
0.019781226 	 2.396309
0.0004017564 	 2.1416092
0.021170028 	 3.7977498
0.00127516 	 2.8335927
0.0037527676 	 3.7298913
0.0106466105 	 3.0107954
0.019724142 	 3.1352153
0.023894582 	 1.3781123
0.020326223 	 0.96806616
0.0019087519 	 3.2286944
0.0006579537 	 2.7551916
0.0102967825 	 2.6521704
8.309232e-05 	 2.2869883
0.00014634011 	 1.8409836
0.0002893032 	 3.3330486
5.36442e-07 	 2.7765317
4.3511486e-06 	 1.6286405
0.0066124788 	 1.2001808
0.016879661 	 2.9139538
0.031066408 	 3.8359346
1.4245612e-05 	 3.1668825
-9.5367386e-07 	 2.0907013
0.0017477637 	 1.5920389
-9.5367386e-07 	 1.817125
6.509039e-05 	 2.9663515
1.0550078e-05 	 6.821763
0.0030134378 	 2.5053878
0.007764664 	 0.49281177
-9.5367386e-07 	 2.1093836
0.01321552 	 3.712511
0.035618372 	 2.8405585
0.04824901 	 2.1984878
0.0069753053 	 2.0987034
0.015746662 	 2.0137804
0.033047955 	 2.9651992
0.04138196 	 1.2889072
0.040667057 	 3.0082474
0.041086297 	 1.5262313
0.042335566 	 3.136289
0.0004025912 	 1.8117607
0.01720439 	 1.2567185
0.04753606 	 1.9298706
0.02404379 	 2.059451
0.0112892445 	 1.7968999
0.00247839 	 0.64194775
0.0075770253 	 2.1978161
0.0008960207 	 2.326573
0.0058406354 	 2.1690383
0.020574313 	 2.1929686
7.212188e-06 	 2.4478793
8.0588725e-05 	 1.3819076
0.00016404544 	 4.7073317
0.0029844427 	 2.727152
2.9802328e-07 	 1.6957223
2.264979e-06 	 2.527839
0.00012046824 	 1.2722448
0.011455273 	 1.4204458
0.001244962 	 3.8612387
0.013822096 	 2.4551475
0.00071336434 	 1.0162711
0.00014872465 	 3.0677042
0.00024852264 	 3.5922732
2.3245839e-06 	 2.3152437
3.5762793e-07 	 3.1067886
0.0024881894 	 3.5185218
1.1086526e-05 	 3.8609188
0.02072126 	 1.5395906
0.020607715 	 1.3813195
0.025870027 	 1.6776929
0.020566646 	 2.423642
0.020428907 	 1.0890663
0.020757165 	 1.0347981
0.017222643 	 1.6762546
3.111411e-05 	 0.7618726
9.710068e-05 	 2.5492141
3.075647e-05 	 2.0532699
0.00019963588 	 1.2792857
0.007168354 	 3.2288344
0.0070971567 	 2.2098575
0.0013082833 	 2.7281604
4.649173e-06 	 2.5016038
0.014997205 	 1.319841
1.8239187e-05 	 1.8535599
0.000921853 	 2.763156
7.760826e-05 	 2.4055712
0.00021811719 	 1.3495511
0.000533425 	 1.7243121
2.193475e-05 	 1.6005409
0.0027800663 	 2.5388126
0.0065701194 	 2.4231422
6.675943e-05 	 5.186263
0.020285347 	 1.5826466
0.000112718735 	 1.9160479
9.698146e-05 	 2.7812927
0.005477921 	 1.8475561
0.00011593776 	 0.94256914
0.0026023244 	 2.7039435
0.00059401745 	 2.7288065
8.2078965e-05 	 2.2239468
3.9697483e-05 	 1.685611
0.00018055877 	 1.205061
0.033257503 	 1.9255645
0.00019528388 	 2.468348
7.641607e-05 	 5.290756
0.00016935113 	 0.9730712
0.029615115 	 1.7012606
0.11519697 	 2.0794907
0.11628359 	 2.6814442
0.001103533 	 3.1311133
0.04261008 	 5.5107317
-9.5367386e-07 	 11.318505
0.020574009 	 1.0748205
1.5080089e-05 	 2.0825446
-9.5367386e-07 	 1.9378862
0.0009056257 	 4.77987
0.01901252 	 2.2999969
0.001621368 	 2.05258
0.023071043 	 2.4596777
0.041190453 	 1.2201289
0.02081662 	 2.010604
1.8537216e-05 	 3.835965
0.0026007108 	 2.3927236
0.00084501435 	 3.1558838
0.016393067 	 1.900799
0.017806415 	 3.8815615
0.015036352 	 3.2714303
-9.5367386e-07 	 2.7923496
-9.5367386e-07 	 2.7192595
-5.960463e-07 	 3.0111282
-9.5367386e-07 	 1.6361121
-9.5367386e-07 	 10.5699415
8.440374e-05 	 6.334485
0.023962833 	 1.9405806
-9.5367386e-07 	 3.8833468
0.028695209 	 1.8693498
0.286491 	 2.548079
0.1260872 	 2.6289604
0.00029007826 	 2.3563263
0.0011359346 	 2.7941165
0.020618182 	 2.0998595
-9.5367386e-07 	 1.3023565
3.0398414e-06 	 1.8289365
0.04169275 	 2.9172018
0.00019367425 	 3.818812
0.020617086 	 2.2523785
0.021188717 	 3.5834997
0.075566426 	 1.3331877
0.055270687 	 5.186359
0.040787123 	 2.6222587
0.028557204 	 2.5086865
0.04628721 	 1.7249267
0.024525326 	 1.1883444
3.6836347e-05 	 3.8920345
0.0015876372 	 1.7262496
0.019972567 	 1.5690743
0.055197053 	 1.726663
0.0020130258 	 1.2948302
-9.5367386e-07 	 6.664537
0.00018860688 	 3.7093012
-9.5367386e-07 	 1.0259523
0.04242331 	 2.4590125
0.0026794178 	 3.7209468
-8.344647e-07 	 0.9984262
0.02372379 	 3.1258056
0.041410163 	 2.0836878
0.028017081 	 1.711695
0.058065314 	 2.5705411
2.3007658e-05 	 1.8822722
0.0072714966 	 2.7876382
0.0017647212 	 4.9020367
0.025036367 	 1.5395511
0.044798464 	 1.8712415
0.07477824 	 2.416066
0.04585798 	 2.7612467
0.1090664 	 1.4923775
0.103760645 	 1.0027848
0.2003602 	 1.6709015
0.011800199 	 1.8516124
0.13317287 	 2.7196493
0.08526544 	 1.5232128
0.065733366 	 1.929715
0.011549513 	 4.257543
0.0060194936 	 1.5682548
4.2737443e-05 	 1.7295812
0.00033050275 	 3.1419287
6.2944484e-05 	 3.6719682
2.8014222e-06 	 2.5354974
5.960466e-07 	 8.944434
3.3438766e-05 	 3.8227756
2.6226387e-05 	 1.3970441
0.15229939 	 3.7069023
0.12538514 	 0.86331016
0.09866279 	 1.741799
0.264961 	 2.3926585
0.20006281 	 1.663979
0.15645993 	 0.86998856
0.12793748 	 1.8214189
0.100160465 	 1.2802676
0.06553077 	 1.3962388
0.070223674 	 2.0189857
0.084033825 	 2.3160336
0.10242648 	 1.8679645
0.05638078 	 1.4312127
0.118679956 	 1.5463009
0.13592948 	 1.2328006
0.078946814 	 2.383601
0.10284125 	 3.5277188
0.04724551 	 1.6589782
0.066141784 	 1.8237369
1.1920929e-07 	 1.7212563
-7.152555e-07 	 1.9411634
0.044670124 	 2.9232647
0.022394525 	 1.6572536
0.043952867 	 2.0938737
0.06974813 	 1.5556737
0.020835975 	 2.2544582
0.024208225 	 1.6430508
0.06229108 	 2.255907
0.01786982 	 3.3609858
0.027673686 	 2.0807033
0.061788414 	 2.9294508
0.0013768014 	 1.5490135
0.039099623 	 5.641771
0.07279452 	 1.635142
0.026311932 	 3.7733297
Summary
-9.5367386e-07  -  0.78831655 ,  0.49281177  -  11.318505
accuracy:  99.7
equal predictions:  0
TensorFlow version: 1.13.1
Found 939 images belonging to 1 classes.
argN = 49
argN = 49
0.34115273 	 1.9687681
0.13799137 	 3.574649
0.16427295 	 3.790223
0.17025225 	 2.2710073
0.31878453 	 3.3867412
0.32191128 	 5.68559
0.07813262 	 2.7613258
0.10551857 	 1.8773782
0.1710511 	 2.0282302
0.1750411 	 2.7384448
0.06377778 	 3.8536282
0.21989582 	 2.3577204
0.20154762 	 1.4667389
0.3111073 	 1.227496
0.3045915 	 2.9153388
0.66657203 	 3.171782
0.40213344 	 4.146796
0.8451802 	 1.988394
0.51057726 	 1.1070323
0.5508254 	 3.160256
0.2309043 	 1.6396723
0.2571535 	 3.311838
0.03827951 	 3.881764
0.024250666 	 2.1421676
0.035387147 	 1.9965559
0.08787862 	 2.5897408
0.18979403 	 2.274115
0.042619158 	 4.908748
0.32996714 	 1.5901173
0.34408817 	 1.5197035
0.37145907 	 1.537532
0.3281271 	 1.957939
0.12124396 	 2.1670036
0.3982913 	 3.0396605
0.45482326 	 8.771967
0.3300388 	 3.0650663
0.2206553 	 2.221423
0.13881855 	 1.8285149
0.1266006 	 2.6181479
0.33999944 	 1.1129346
0.21592426 	 2.0867217
0.3321561 	 1.1398197
0.47902456 	 1.2016299
0.48581854 	 6.1524086
0.45626003 	 3.0081859
0.37152144 	 4.099772
0.10013695 	 2.2963028
0.30530125 	 3.346449
0.20040658 	 3.105713
0.024409942 	 3.6640017
0.04551982 	 3.5774307
0.074374355 	 3.2623188
0.054860443 	 2.1831176
0.25962383 	 2.4841313
0.20972414 	 3.1785016
0.20511934 	 2.3312652
0.3384541 	 3.2840867
0.26697645 	 1.6832674
0.25018263 	 2.103062
0.4695699 	 1.5926831
0.46395952 	 0.92949283
0.46399876 	 2.168776
0.4458375 	 1.6396364
0.058979962 	 2.055325
0.10699292 	 1.8425773
0.060484037 	 1.8008536
0.06359655 	 1.5396181
0.00010049848 	 3.108542
0.03211073 	 1.9428
0.16871203 	 1.4435021
0.008094799 	 2.3358264
0.27291644 	 1.3980652
0.27205896 	 2.192497
0.06585641 	 4.736034
0.0989442 	 1.4621354
0.11967114 	 3.306173
0.04280167 	 2.4032423
0.052644107 	 3.8199122
0.21652034 	 3.402138
0.13895641 	 1.7530203
0.1143339 	 1.491804
0.20022686 	 2.7633297
0.33918315 	 1.4995708
0.14739455 	 2.7848594
0.17568427 	 1.2131367
0.113902435 	 2.9833283
0.19101544 	 2.1203892
0.14249629 	 0.64227027
0.06009589 	 1.5007151
0.08359969 	 2.318186
0.092719555 	 2.4253638
0.00041463625 	 3.2750158
0.009814284 	 2.4816885
0.0039797835 	 3.8006437
0.0001960589 	 2.3410642
0.0075357663 	 2.7442245
0.0031681124 	 1.7924922
0.073508136 	 2.5383108
0.040763594 	 2.6720977
0.013102584 	 2.9224315
0.0037194435 	 1.5619493
0.018914841 	 1.8169925
0.0021625878 	 2.2627592
0.0001366828 	 1.9529588
0.0024246739 	 2.6796541
0.0009707154 	 1.6334949
1.7821947e-05 	 2.033714
1.47224555e-05 	 1.3821839
0.0002235424 	 2.760842
0.0128303785 	 1.5110924
0.0011944749 	 0.7877249
4.4703584e-06 	 2.0009503
0.0027804847 	 2.1014366
-9.5367386e-07 	 2.3383634
0.020615565 	 2.3888307
0.019033175 	 3.0901997
0.020193687 	 3.4656544
0.020686211 	 1.7188189
0.017358972 	 1.2000438
-1.1920928e-07 	 3.8827474
0.019847373 	 3.46283
0.016403489 	 2.3701158
0.0006826465 	 2.0285976
1.1920936e-06 	 3.4554195
0.028599707 	 2.4000683
0.0024733709 	 2.272753
0.06211049 	 1.8212878
0.00028673944 	 4.756869
0.040838905 	 2.5060058
0.0032875875 	 3.185134
0.018407889 	 1.6990758
2.563003e-06 	 1.6441683
0.021246618 	 2.5620072
0.0045467108 	 1.5162293
0.0015268652 	 0.8967013
0.0013711909 	 1.4773088
0.041072823 	 1.7371651
9.048395e-05 	 2.9433677
0.0010633756 	 2.2802684
0.015766583 	 2.0249903
0.005654916 	 2.541745
0.019681284 	 2.5597522
0.005043029 	 3.003546
7.1289694e-05 	 1.3366609
-2.3841855e-07 	 7.433146
7.158774e-05 	 3.7715802
7.331398e-06 	 2.6171196
0.00029186692 	 1.6218209
0.03863016 	 3.2437897
1.9371697e-05 	 1.2377812
0.020080991 	 2.7693784
3.3200336e-05 	 1.2935832
0.031835333 	 2.3953943
0.014568919 	 1.6466856
0.0002955635 	 3.0681834
0.00041517292 	 1.556598
0.0008395261 	 3.7709072
0.016496742 	 1.9677643
0.043308012 	 2.4870358
0.020713411 	 1.3618321
0.02064252 	 1.0189016
0.02202009 	 3.8410127
0.021723883 	 1.7020898
0.03968254 	 2.0590398
0.04101581 	 2.610871
0.00029776953 	 2.6077225
0.0044619897 	 3.1629887
5.090366e-05 	 2.1785238
2.4080566e-05 	 2.1215878
0.0016771903 	 1.8270102
0.032962017 	 1.5746372
0.0022541638 	 1.747487
1.6868256e-05 	 1.4020871
9.102043e-05 	 2.9098604
3.7611237e-05 	 1.1710086
0.00042501182 	 1.4819807
1.7166285e-05 	 3.8317947
1.2516983e-06 	 2.2878044
0.0016198157 	 1.9258667
6.2944484e-05 	 4.3745937
0.00012881393 	 2.1837535
0.0004315115 	 0.63453865
3.176978e-05 	 1.7888954
0.0005482746 	 1.1815866
6.7353476e-06 	 2.2431748
2.6464813e-05 	 2.5138137
0.0016460846 	 1.5798241
0.025561795 	 4.1431994
0.0034319574 	 2.5354657
0.012903978 	 1.2899555
0.016860323 	 1.6920378
0.0022867222 	 2.4582238
0.00021787871 	 3.1447527
0.00019266077 	 3.843681
0.006977466 	 1.4998544
0.014977359 	 1.5385842
0.008344861 	 1.9025502
0.00036753016 	 2.70556
0.0032869896 	 2.2419488
0.11216279 	 1.7430344
0.111173026 	 2.452231
0.07319789 	 2.302442
0.09149336 	 1.5339034
0.047233637 	 2.6913588
0.011940616 	 3.7132242
0.0008050463 	 2.6296554
0.020617817 	 3.8702047
0.029929575 	 3.1272092
0.034473516 	 3.2176158
0.020618547 	 3.052576
2.3603718e-05 	 3.2618878
0.0115148425 	 3.7287369
4.2915435e-06 	 3.77475
2.2351991e-05 	 1.0387461
5.7220623e-06 	 2.5046713
0.01056101 	 3.8956048
0.023866074 	 3.8873513
0.0013496443 	 3.7109816
0.023445811 	 1.4300174
0.029948674 	 1.5137514
0.03399426 	 1.2666646
1.1205736e-05 	 2.7647264
3.6538313e-05 	 6.5479007
0.19461338 	 2.0405116
0.46173787 	 1.751428
0.1311164 	 2.394042
1.549722e-06 	 3.0750318
0.014892173 	 3.847714
1.3411135e-05 	 6.124761
0.12465757 	 2.6869993
0.18716505 	 3.7983108
0.12569247 	 2.9374382
0.045861974 	 6.242613
0.040294655 	 1.6140316
0.020622807 	 2.769773
0.0041999677 	 1.82973
0.00036496622 	 2.5060058
0.023585066 	 1.029114
0.03806662 	 2.1263614
0.02018359 	 8.873457
0.035855148 	 3.1429183
1.5616539e-05 	 2.2393672
0.054321475 	 1.780626
0.01635229 	 1.9854676
0.00913873 	 3.0738955
0.00035548568 	 2.3307366
0.0038190002 	 2.7686172
0.00013161571 	 2.7078242
0.0004977034 	 2.0678859
-9.5367386e-07 	 9.431549
4.5300556e-05 	 2.710281
0.028332511 	 1.9298481
0.064252146 	 3.3059096
0.13094877 	 2.3520303
0.17961586 	 3.1788065
0.08815935 	 2.15225
0.041425634 	 2.7394018
0.16882817 	 1.1554888
0.106908746 	 3.1343384
0.05960793 	 2.264801
0.11675788 	 2.2672725
0.085656665 	 3.5499454
0.08784478 	 1.3154869
0.09420527 	 1.3465843
0.006435674 	 2.3113565
0.029480482 	 1.6317612
0.027117506 	 0.9593362
0.057587814 	 5.898858
0.012567302 	 1.7628529
0.019296257 	 2.1544695
0.0070260847 	 3.1712248
0.05749507 	 2.771307
0.0043907454 	 2.3337379
0.00014872465 	 3.1102555
0.009749338 	 1.8953234
0.03149991 	 2.2629867
0.078126505 	 2.428674
0.10577455 	 1.6270044
0.08698223 	 1.970844
0.09304547 	 1.0487124
0.12879212 	 3.888157
0.17745996 	 2.5855412
0.14884776 	 1.5349311
0.17844583 	 2.1041636
0.27319518 	 1.6435797
0.33748552 	 1.2500924
0.22744565 	 1.6637893
0.2306738 	 2.072807
0.07722502 	 1.38696
0.10302782 	 1.7001191
0.08658619 	 2.0692608
0.04988036 	 1.3153139
0.17461522 	 1.5610315
0.11866392 	 1.9040184
0.0529241 	 2.312569
0.06867667 	 2.3928626
0.09307576 	 1.435492
0.03769122 	 3.195302
0.0020213276 	 3.2885692
0.002681151 	 1.9110994
0.06571573 	 2.175301
0.09001154 	 2.07129
0.07474265 	 1.7426465
0.068780296 	 2.568616
0.08561706 	 2.1550567
0.079722606 	 1.4973712
0.024422709 	 2.8483834
0.028932007 	 3.2766879
0.059476156 	 3.3210113
0.107913084 	 1.9654577
0.08264794 	 1.4764476
0.0044778557 	 5.5822678
0.049389154 	 3.4487684
Summary
-9.5367386e-07  -  0.8451802 ,  0.63453865  -  9.431549
accuracy:  100.0
equal predictions:  0
