TensorFlow version: 1.13.1
Found 939 images belonging to 1 classes.
argN = 196
argN = 196
0.12079499 	 2.8586817
0.28973553 	 3.4853966
0.15960163 	 2.6218903
0.45018718 	 2.6174486
0.119428575 	 3.7184043
0.07074985 	 3.0716372
0.08723948 	 2.475605
0.14263658 	 2.2981448
0.11753248 	 3.0702941
0.13147677 	 2.5795534
0.0583776 	 3.147846
0.16829596 	 2.6990325
0.18385641 	 1.9193903
0.14022285 	 2.4460976
0.17946036 	 2.6368275
0.16595642 	 2.937589
0.20834409 	 3.4863405
0.24021177 	 2.2320924
0.20811756 	 3.3442066
0.17066686 	 2.8315907
0.14625312 	 2.2941432
0.010133536 	 3.7474928
0.014747772 	 3.485811
0.025846113 	 2.793123
0.094097406 	 3.3213415
0.2854034 	 2.6569316
0.20998985 	 2.0236306
0.053479105 	 2.555345
0.15666509 	 3.1198807
0.2944449 	 2.7551503
0.35314596 	 3.2603116
0.3070943 	 3.5027478
0.44018143 	 3.1435468
0.24621774 	 2.3108337
0.22645028 	 4.275393
0.32428622 	 2.9922967
0.23659834 	 3.3508532
0.11693306 	 2.1574206
0.27998233 	 2.1978676
0.16419695 	 2.9752722
0.11379837 	 1.9047408
0.051227495 	 5.290602
0.033354003 	 2.2206872
0.047718905 	 2.5083044
0.056992788 	 2.974866
0.02147283 	 3.7385907
0.043058947 	 2.955946
0.031098688 	 2.3002887
0.07517476 	 2.2371848
0.0698548 	 2.348338
0.087902635 	 2.6739738
0.10691816 	 2.4607034
0.16593066 	 3.2994025
0.18446872 	 2.4776464
0.1446742 	 5.2779193
0.06061746 	 3.712284
0.09631032 	 2.4432342
0.12074663 	 5.27681
0.055057295 	 2.6390388
0.07091185 	 1.8463385
0.114596285 	 3.66829
0.03635638 	 2.5111537
2.6226078e-06 	 4.161948
-9.5367386e-07 	 2.9693983
0.010255472 	 3.4053361
0.020457134 	 1.8091154
0.13060924 	 3.869396
0.20686147 	 2.4797478
0.2973903 	 2.3352578
0.15515985 	 2.790467
0.16631822 	 2.697063
0.26729092 	 2.7650094
0.21415499 	 2.0553372
0.21384086 	 2.8088555
0.18564202 	 4.163913
0.052330274 	 2.6404743
0.05752651 	 2.9137857
-9.5367386e-07 	 1.5035908
0.05382085 	 3.9259796
0.063177794 	 3.057654
-9.5367386e-07 	 3.3599849
0.010255472 	 3.5102775
0.031083502 	 2.503654
0.010246439 	 3.3610356
0.019394763 	 3.0815206
0.020548454 	 4.154089
0.015418955 	 4.565991
0.02583859 	 3.4208965
0.027524794 	 2.3378193
0.03928391 	 2.947542
0.030978795 	 2.7955177
0.029833034 	 4.1732225
0.010252822 	 5.277767
0.0261611 	 1.7974818
0.046999335 	 1.9971662
0.010273417 	 3.0676107
0.011992373 	 2.0506654
0.018095149 	 2.7144115
0.02080305 	 2.7211463
0.0051142597 	 1.7032642
0.015423434 	 1.3303677
0.015237742 	 2.4417088
0.022350334 	 2.284823
0.0037290158 	 2.9885921
0.00511408 	 1.5918965
0.010266251 	 2.7034717
0.00511408 	 1.1441253
0.025495024 	 2.4642296
0.034134127 	 2.19003
0.020618243 	 1.9831597
0.034921773 	 2.8878171
0.021269815 	 2.6692574
0.05784488 	 2.0480778
0.06147588 	 1.6335647
0.028217793 	 3.297039
0.030629588 	 2.9576533
0.020599198 	 1.2052472
0.030960228 	 3.099199
0.03835755 	 2.0401957
0.025343765 	 1.5661315
0.0102566155 	 3.8913133
0.010853867 	 1.5998509
0.0071505844 	 2.2495136
0.016682243 	 1.4397206
0.016524253 	 1.5893196
0.010255472 	 2.517373
0.0052260584 	 1.6033617
0.016434694 	 2.0583024
0.026535193 	 2.190393
0.020618608 	 1.5756152
0.025721097 	 1.5754783
0.024118096 	 2.6681578
0.025835652 	 2.8741107
0.031248236 	 1.558805
0.017681915 	 1.9152055
0.020618243 	 1.6657491
0.020620251 	 3.8835669
0.012503506 	 1.8256507
0.02546916 	 2.1295748
0.031217428 	 3.0363626
0.010255472 	 2.866531
0.010287629 	 5.770288
0.013059888 	 2.2743497
0.010255472 	 2.246841
0.0063912827 	 1.2192527
0.016952164 	 2.9906907
0.010080912 	 2.5693824
0.00511396 	 1.4764761
0.014196435 	 2.3170629
0.0048042717 	 1.874391
0.010255472 	 1.7654921
0.010247101 	 2.1915622
0.01843618 	 1.3873562
0.015423434 	 1.5168219
0.005562129 	 3.198655
0.036366574 	 3.0808713
0.03819529 	 2.629143
0.031102378 	 2.8742006
0.036366574 	 2.7783966
0.04221693 	 1.6409423
0.03633913 	 2.3261473
0.021649085 	 3.1004784
0.036366574 	 1.8435647
0.039993547 	 3.0314484
0.020618243 	 1.6154052
0.020613253 	 1.5649962
0.025840178 	 1.8768333
0.015423434 	 1.7416507
0.02061946 	 1.4304678
0.014263485 	 2.544863
0.020618668 	 2.1862395
0.020618243 	 1.7483927
0.010243428 	 1.9822897
0.020618243 	 1.9150841
0.0021423383 	 2.4409568
0.010255171 	 1.9648618
0.019052919 	 2.5788405
0.04166696 	 1.5001782
0.03589673 	 1.2120064
0.041297104 	 2.6400506
0.052378513 	 1.7009153
0.015374405 	 1.6415284
0.02602106 	 1.5338954
0.034918007 	 3.3383005
0.02577498 	 2.0293238
0.0194965 	 1.7155275
0.02052509 	 1.2255521
0.0237067 	 2.9682796
0.025834613 	 2.5057282
0.020151842 	 1.8446875
0.01542186 	 2.3812194
0.020618426 	 2.7932322
0.015424342 	 2.091194
0.013067256 	 1.792121
0.14400494 	 2.9883733
0.17585665 	 2.4352427
0.16636151 	 2.0380628
0.17501184 	 1.6405789
0.08470257 	 1.9428338
0.12482192 	 2.568872
0.124493584 	 2.6024845
0.08178798 	 2.3877318
0.06860517 	 2.7932525
0.045280248 	 3.701513
0.021892142 	 3.829649
0.05351476 	 2.7104342
0.020616721 	 2.570471
0.041674975 	 2.7931921
0.06797415 	 4.1794376
0.053964272 	 1.9107867
0.07711402 	 2.7929654
0.028646322 	 1.8840281
0.04169598 	 2.5056303
0.04579084 	 2.97566
0.03313809 	 2.9735615
0.02586703 	 2.7931309
0.026045041 	 1.8091583
0.045830403 	 3.4863229
0.036366574 	 1.9459032
0.02062664 	 3.48397
0.036370162 	 1.1697539
0.020618243 	 3.1986492
0.04210757 	 3.4627616
0.031089528 	 2.3290296
0.020556364 	 7.9134774
0.06847584 	 1.9101429
0.37903523 	 2.6266625
0.4716429 	 2.0316846
0.12325681 	 1.5808028
0.12683035 	 2.3280916
0.08523734 	 3.668638
0.07130729 	 4.1794376
0.082589485 	 3.3453763
0.09446636 	 2.974693
0.102689385 	 1.0129219
0.3705394 	 2.2563875
0.1365059 	 2.1870632
0.04108785 	 2.9778614
0.031088665 	 3.3446324
0.031089528 	 4.3834124
0.11316829 	 4.1794376
0.13018307 	 2.8801956
0.16657561 	 4.181246
0.12479424 	 4.4379163
0.13158615 	 3.6645205
0.090403646 	 3.0701964
0.07410883 	 2.1870117
0.05775767 	 3.1986432
0.052095592 	 2.3305006
0.020582769 	 3.1986492
0.019843725 	 3.3341198
0.020618243 	 3.080839
0.035852306 	 2.8804274
0.039748468 	 2.5673351
0.057513252 	 3.8908405
0.04168181 	 3.6685984
0.047002334 	 1.8354207
0.046605457 	 3.668638
0.051036038 	 3.1987133
0.057561673 	 2.6390338
0.13643135 	 2.3901992
0.12604561 	 1.5396212
0.13632636 	 1.8865429
0.15114999 	 1.9501367
0.14946799 	 1.6082624
0.121721886 	 2.362404
0.095442995 	 2.4684627
0.13639194 	 1.8754256
0.09067066 	 2.816058
0.09069663 	 2.879891
0.10171944 	 1.9722884
0.036156066 	 2.5006378
0.025883667 	 3.891769
0.03630872 	 3.486327
0.036415037 	 2.7931921
0.07608706 	 2.5058327
0.055554442 	 3.0249894
0.045332696 	 2.5169203
0.049692355 	 4.1794376
0.047005206 	 3.797407
0.080190584 	 2.641123
0.13825135 	 3.0090601
0.123471916 	 2.943102
0.12450627 	 3.0404768
0.12106439 	 3.5124338
0.12578143 	 3.8917718
0.21661709 	 1.8180574
0.26189798 	 2.223423
0.3053739 	 1.9554548
0.19876675 	 2.4193664
0.21095388 	 1.9573847
0.17731227 	 1.4926962
0.2132947 	 1.3427459
0.18457244 	 1.847101
0.114371315 	 2.5627391
0.13735735 	 2.8588772
0.17748778 	 1.9362065
0.074042015 	 3.2003093
0.045099154 	 2.4487343
0.05775773 	 2.6385942
0.046625692 	 2.2520616
0.05780118 	 2.265614
0.031089528 	 4.58407
0.041200515 	 1.9211977
0.068771414 	 2.2354944
0.09132649 	 2.4827273
0.15262088 	 2.9758003
0.124079786 	 3.819078
0.12598734 	 3.155695
0.112882525 	 2.7888403
0.079819635 	 3.3326795
0.10016007 	 1.5704107
0.093957804 	 2.9157557
Summary
-9.5367386e-07  -  0.4716429 ,  1.0129219  -  7.9134774
accuracy:  100.0
equal predictions:  0
TensorFlow version: 1.13.1
Found 939 images belonging to 1 classes.
argN = 196
argN = 196
0.59803164 	 1.5897006
0.62480456 	 1.4690523
0.53305876 	 1.3885417
0.4467543 	 1.999254
0.3322902 	 1.369272
0.0699409 	 1.6455278
0.05124349 	 1.8678209
0.13297828 	 1.9112142
0.03315904 	 1.9010471
0.01596061 	 2.73577
0.16126728 	 1.8889529
0.25528267 	 2.3269293
0.22222961 	 1.8040115
0.44923267 	 1.7440963
0.4861366 	 1.4783322
0.28962356 	 1.640859
0.63286537 	 1.7632122
0.5846063 	 2.0020595
0.3700452 	 1.5640175
0.20435941 	 1.5038351
0.042340603 	 2.1457329
0.052584235 	 2.6302698
0.047769673 	 2.4484143
0.07674273 	 1.6093411
0.17216931 	 1.7900033
0.21985267 	 1.4770727
0.15574577 	 1.3577335
0.32210323 	 2.258553
0.5819111 	 1.8706523
0.42847252 	 1.6902443
0.3950933 	 2.1894355
0.30873004 	 2.441745
0.2997875 	 2.8642957
0.37083635 	 2.056571
0.49916768 	 1.2227502
0.45599347 	 1.8921746
0.38769442 	 1.2911943
0.6534475 	 1.926401
0.48119375 	 1.8373709
0.5756181 	 1.361184
0.50207555 	 1.7420104
0.2929362 	 1.5546572
0.28021485 	 1.5306559
0.09640634 	 1.9237506
0.12602392 	 2.2045746
0.09576842 	 1.9932319
0.15233049 	 1.3252572
0.2318603 	 1.2633203
0.2657325 	 1.8687497
0.39367786 	 1.58788
0.35593206 	 1.9085411
0.34588078 	 1.3339837
0.28759918 	 2.5399501
0.18242452 	 1.7002758
0.2369621 	 1.4252738
0.21753715 	 1.4726446
0.032342307 	 1.617995
0.025803724 	 2.1359653
0.0048617697 	 2.6164944
0.0194494 	 2.1859338
0.020681098 	 2.8642957
0.85677785 	 1.4147732
0.85292566 	 2.1422157
0.61697096 	 2.0543475
0.559042 	 2.3093984
0.4302263 	 1.9039627
0.40035817 	 1.7556416
0.4330177 	 1.5705612
0.43108717 	 1.8090055
0.32167017 	 2.2507386
0.35357437 	 1.366611
0.40108535 	 1.946028
0.3487053 	 2.099031
0.35565004 	 1.2279782
0.4536668 	 1.7040871
0.46494234 	 2.0458438
0.29956782 	 1.4239534
0.28216165 	 1.5278094
0.1854365 	 1.7110761
0.20465083 	 1.7840725
0.07383145 	 2.7371213
0.05118866 	 2.570379
0.049267672 	 1.9331135
0.013147576 	 2.4187136
0.2602095 	 0.9853578
0.09764963 	 2.1947756
0.15117487 	 1.9774513
0.29413763 	 1.1355612
0.09669079 	 1.8394877
0.1711625 	 1.9574118
0.3004779 	 1.518764
0.34487948 	 1.1189209
0.3941469 	 1.6085519
0.31939557 	 1.6553594
0.31050974 	 1.7925837
0.14351831 	 1.8094997
0.066163376 	 1.4001771
0.118119165 	 1.8437245
0.09685934 	 1.8179098
0.063154556 	 2.01839
0.08945342 	 2.4904816
0.036265146 	 1.7533448
0.10760313 	 1.7816849
0.12197888 	 1.515978
0.099227 	 1.6604773
0.11676189 	 1.7749788
0.09425085 	 1.7851015
0.09283636 	 2.102249
0.065800965 	 1.5201674
0.06865145 	 2.0424297
0.063859224 	 1.8365881
0.06911064 	 2.7627017
0.08270958 	 1.945426
0.08926851 	 1.9118237
0.073360085 	 2.453175
0.06899127 	 1.4582433
0.11372177 	 1.7348198
0.10825303 	 2.3412004
0.21494702 	 1.4647866
0.2005234 	 1.564754
0.19224823 	 1.5101421
0.15429504 	 1.3900084
0.17853276 	 1.5239006
0.179617 	 1.8199394
0.16665383 	 1.1851436
0.17188522 	 1.7144816
0.22047049 	 1.7921218
0.18606457 	 1.6890663
0.17068984 	 1.5076741
0.22166242 	 1.4868511
0.10917715 	 1.785233
0.14926916 	 1.2426904
0.14242281 	 1.6168991
0.10873196 	 1.745635
0.16929176 	 1.4232271
0.14192046 	 1.0994699
0.16607682 	 0.92413324
0.15416235 	 1.5620977
0.12970658 	 1.1694083
0.09862905 	 1.3106484
0.1165773 	 1.7662117
0.08628836 	 1.7505778
0.15218292 	 1.7355913
0.08555174 	 1.7834644
0.08493018 	 1.6462637
0.07863648 	 1.16072
0.07192703 	 1.749292
0.107285574 	 1.3593327
0.062102374 	 2.0161166
0.047004957 	 2.372195
0.069395855 	 2.2372797
0.0741071 	 2.2801197
0.06257391 	 1.3253577
0.08208616 	 1.6381824
0.053491116 	 1.2152051
0.0762231 	 1.3280345
0.095676795 	 1.8415717
0.09366058 	 1.3968077
0.08520852 	 2.019926
0.06889312 	 1.5501922
0.062006798 	 1.7633301
0.07355805 	 2.1419883
0.09766691 	 1.7758735
0.091146395 	 1.4283427
0.079483025 	 1.7487235
0.11103388 	 1.9444431
0.08030509 	 1.2173426
0.110197216 	 1.6239802
0.11868499 	 1.7955528
0.07574669 	 1.7284218
0.11796792 	 1.2585064
0.09568827 	 1.2483908
0.106362335 	 1.5588793
0.09407115 	 1.524544
0.1563278 	 1.2248583
0.09253705 	 1.7301077
0.07952846 	 1.6702309
0.10229666 	 2.2149832
0.06313017 	 1.0390483
0.0892895 	 1.4331867
0.06675038 	 2.187376
0.07877158 	 1.3895608
0.05293642 	 1.5562079
0.03635687 	 2.568872
0.03913018 	 1.9546965
0.06658797 	 1.903898
0.05146894 	 2.7138286
0.046341836 	 2.3283486
0.02589731 	 1.9354018
0.041281264 	 1.8402344
0.03643463 	 2.0458908
0.027523568 	 1.5259259
0.23488781 	 0.82770663
0.17956692 	 1.0449216
0.14560303 	 1.7584993
0.10815547 	 1.8606877
0.1695365 	 1.2848314
0.10201306 	 2.0510287
0.122054234 	 2.4543314
0.107145175 	 1.781688
0.19167662 	 2.1808739
0.15768042 	 0.86271286
0.14179125 	 2.2044222
0.10221275 	 2.0784903
0.09012398 	 0.54921436
0.07962011 	 1.8122158
0.13605644 	 0.84007895
0.085157245 	 0.93551344
0.08142575 	 1.4491848
0.12466412 	 1.301204
0.122069255 	 0.5882734
0.12202548 	 0.22083816
0.11708315 	 1.7586557
0.1471083 	 2.3804948
0.08216238 	 0.80115473
0.110358745 	 1.6081892
0.07664883 	 0.74417907
0.10571565 	 1.7722338
0.11081751 	 1.6041621
0.18409039 	 0.9870047
0.17084588 	 1.8678077
0.18918204 	 1.5586082
0.19532341 	 1.6503086
0.14833644 	 2.09208
0.1651972 	 1.6744719
0.27197126 	 1.0554484
0.25192767 	 1.2214891
0.23170218 	 0.72792923
0.25502902 	 0.8970278
0.16732757 	 1.1249807
0.1243924 	 0.42799067
0.092672214 	 0.5269672
0.093111545 	 0.8669536
0.083360404 	 1.4908625
0.11632236 	 1.2542685
0.16034709 	 1.6061574
0.10071253 	 0.30026236
0.08362905 	 1.6651411
0.07891953 	 1.6866716
0.11280859 	 1.0426412
0.09965928 	 1.567448
0.17795733 	 0.4984531
0.16209552 	 0.8587263
0.17178959 	 1.0540072
0.16940762 	 0.75403017
0.21608494 	 0.9065297
0.18716843 	 0.83807784
0.20290518 	 1.2022824
0.22843124 	 1.2381201
0.17588629 	 1.819861
0.19038734 	 0.75748724
0.17884769 	 1.267044
0.2698674 	 1.15448
0.32956797 	 1.0307623
0.37948063 	 1.0149399
0.22694235 	 0.7812602
0.24048813 	 1.0726906
0.19728468 	 1.0962186
0.22262354 	 1.5260035
0.24249637 	 1.3276423
0.20453776 	 0.90013605
0.12096032 	 1.6644355
0.14281711 	 1.1905975
0.10761096 	 1.3013161
0.07387624 	 1.4258183
0.0873053 	 0.62415045
0.11838208 	 0.94870603
0.14223444 	 1.1030574
0.12529196 	 1.5769359
0.1265063 	 1.0194992
0.14027216 	 1.8453634
0.16933279 	 1.0499691
0.15565147 	 1.1708626
0.1915894 	 0.94184107
0.16097452 	 1.1452847
0.17548029 	 1.3170434
0.1708492 	 1.8460386
0.20247172 	 0.51223534
0.15645422 	 0.55199534
0.22142564 	 1.1190083
0.26744705 	 0.9001793
0.18767232 	 1.4307457
0.3009332 	 0.8252431
0.31244773 	 1.5632484
0.32843706 	 0.7987108
0.43656728 	 0.43459684
0.42170742 	 0.7105388
0.33036733 	 0.90599245
0.3417583 	 0.8927913
0.3917106 	 1.4750881
0.32867134 	 0.97378373
0.2951028 	 1.1098316
0.34339824 	 0.44482797
0.28202873 	 1.5951285
0.27966222 	 1.3978933
0.18436529 	 0.612429
0.09530025 	 1.6678132
0.2084653 	 0.65552
0.1536996 	 1.4368578
0.150266 	 1.2910645
0.15663867 	 1.1427276
0.13659875 	 0.91508824
0.16066411 	 1.4208941
0.15778029 	 0.59445393
0.13808464 	 1.0838635
0.20922114 	 1.3846804
0.18833202 	 0.92878085
0.0968401 	 0.8244703
0.073475935 	 1.5143732
0.13704866 	 0.81107175
0.032531817 	 1.1212687
0.05775773 	 1.2772909
0.08451524 	 1.6527321
Summary
0.0048617697  -  0.85677785 ,  0.22083816  -  2.8642957
accuracy:  99.7
equal predictions:  0
TensorFlow version: 1.13.1
Found 939 images belonging to 1 classes.
argN = 196
argN = 196
0.13379103 	 3.37599
0.36401987 	 2.610884
0.29761198 	 3.7061403
0.23451737 	 2.6698225
0.17470933 	 2.5932004
0.104281284 	 3.1981907
0.07942552 	 3.668638
0.0323082 	 3.227646
0.046942487 	 2.6701014
0.10682551 	 2.391515
0.093631975 	 2.24876
0.117244184 	 2.204539
0.119994536 	 1.9790782
0.087080605 	 2.720795
0.07323175 	 2.359196
0.13703963 	 2.6215236
0.1702805 	 3.891763
0.16321652 	 4.179262
0.30512106 	 3.0794926
0.2278882 	 2.1291177
0.28051543 	 2.9126856
0.28847575 	 3.330308
0.087672144 	 2.6541736
0.05769269 	 2.3692527
0.010255472 	 3.476982
0.068628214 	 3.3400197
0.10463211 	 2.441031
0.12404854 	 2.6071913
0.015779663 	 4.216626
0.016750066 	 2.7208302
0.010291784 	 2.5696673
0.0051169554 	 4.1743455
-9.5367386e-07 	 3.5108502
0.16502754 	 2.4448311
0.28431374 	 2.6616287
0.29475316 	 3.053754
0.29838398 	 2.1173444
0.32120523 	 2.3816516
0.37175068 	 2.3912303
0.28214806 	 5.9954605
0.27033547 	 2.358573
0.3332552 	 1.6620874
0.108950675 	 2.637397
0.14831161 	 2.9053545
0.19042541 	 2.8668966
0.13898395 	 2.644851
0.15229842 	 2.3534849
0.17316516 	 2.814733
0.13591412 	 4.580522
0.18449603 	 2.8804028
0.053078897 	 2.4504557
0.015423434 	 3.891763
0.025829904 	 3.6680448
0.064972155 	 2.1001375
0.09035353 	 1.8986349
0.09627692 	 3.4854121
0.058560546 	 2.8383837
0.19172665 	 3.0802615
0.14366391 	 2.772179
0.1989767 	 3.1281953
0.09755223 	 2.6954734
0.08486159 	 2.6347423
0.041739605 	 3.3026686
0.04679232 	 2.8926466
0.06857268 	 2.1882193
0.041749798 	 3.0467007
0.04167162 	 2.9753842
0.016644668 	 3.110741
-9.5367386e-07 	 2.6334677
-1.1920928e-07 	 7.4799886
0.09419846 	 2.8057158
0.04523179 	 2.1214774
0.386654 	 2.8096638
0.12827665 	 3.2510605
0.042033594 	 2.5255606
0.14791155 	 2.9737794
0.14651968 	 2.9176834
0.10763048 	 2.505525
0.17067485 	 3.3346667
0.2204239 	 3.8975477
0.35847238 	 2.3882434
0.1777704 	 2.8434145
0.20892376 	 3.498003
0.2221106 	 3.6101253
0.058624126 	 2.5675814
0.07589734 	 2.104845
0.1246419 	 1.8646593
0.059408095 	 2.289839
0.036021415 	 3.0765505
0.014578717 	 2.3818824
0.020618973 	 3.0818975
0.031157594 	 2.897521
0.031089528 	 2.581039
0.010408078 	 2.814592
0.010255472 	 2.3834703
0.030511165 	 3.4947147
0.017492589 	 2.7208438
0.005132712 	 3.5758855
0.0051234257 	 2.7425582
0.010255472 	 2.2047439
0.020616053 	 1.8059219
0.005309526 	 2.7148721
0.015423434 	 2.2562132
0.010255472 	 3.0806105
0.00511408 	 1.9626993
-9.5367386e-07 	 1.1374464
2.2053744e-06 	 2.3419752
-9.5367386e-07 	 2.5045874
-2.3841855e-07 	 2.245355
-9.5367386e-07 	 1.5700619
0.010255351 	 2.793307
0.00511408 	 1.4989353
0.010255592 	 2.039968
0.00511408 	 2.8862453
0.015423434 	 2.7131562
0.020618243 	 3.6714737
0.010255472 	 2.7931921
0.010255472 	 1.136092
0.026061436 	 1.4851445
0.015423434 	 1.6916498
0.010255472 	 1.7146276
0.03143779 	 1.3900068
0.04167162 	 1.5603292
0.039885607 	 1.3828124
0.025877673 	 1.361164
0.029021405 	 1.8935709
0.025838222 	 2.6368375
0.030723194 	 1.8957844
0.050435744 	 3.2212641
0.036376406 	 3.6674914
0.041636758 	 1.7027812
0.010255472 	 3.5898066
0.010255472 	 2.3842325
0.026487269 	 2.106723
0.0049629374 	 1.6033338
0.020618243 	 2.6128688
0.00511408 	 2.2610698
0.015421618 	 1.4936813
0.00511408 	 2.886104
0.008442836 	 3.1639373
1.0728893e-05 	 1.9231664
0.00511408 	 2.1486328
0.015423434 	 1.2645732
0.020508422 	 1.4723343
0.025113314 	 2.1409209
0.020618243 	 1.7533231
0.020590559 	 2.13876
0.020618243 	 2.4448826
0.03600331 	 1.4768409
0.00511408 	 2.9738588
0.004172674 	 1.7973548
0.010248486 	 1.7004138
-9.5367386e-07 	 4.1402297
0.003764195 	 2.5969737
2.1457903e-05 	 2.4448004
0.0052721356 	 2.3165467
0.010255773 	 2.0966835
0.00511408 	 3.2202847
-9.5367386e-07 	 2.973748
0.015423373 	 2.4448895
0.015423434 	 2.9752967
0.041953344 	 2.3234518
0.036366574 	 1.9722143
0.025840178 	 1.2586093
0.030998899 	 2.730218
0.02577027 	 2.6390464
0.015423434 	 1.2339838
0.025754062 	 2.201484
0.00511408 	 5.2779193
0.015424766 	 1.9461637
0.015423434 	 2.334618
0.015738366 	 2.6181862
0.010255472 	 1.9963027
0.0111305965 	 1.9445777
0.01534511 	 2.7931688
0.00511402 	 1.9324982
0.015423434 	 1.5111694
0.00511408 	 2.5700426
0.003337463 	 1.9904597
0.015550497 	 1.3432375
0.032382447 	 1.6617781
0.030834943 	 2.1054082
0.015423434 	 1.3076969
0.0153945 	 5.277522
0.016404336 	 2.4053526
0.021921141 	 1.9235718
0.00511408 	 2.3910487
0.012127869 	 1.3136991
0.010255351 	 2.0652256
0.013699664 	 1.5362313
0.010255472 	 2.8801448
0.013687216 	 1.6969573
0.016921246 	 2.3409212
0.005109107 	 1.9734993
0.00511408 	 1.992812
0.025596404 	 1.8909532
0.00511408 	 2.5055134
0.0052448125 	 1.9354554
0.009435744 	 2.3008342
0.010089823 	 1.551345
0.0048251743 	 1.0360907
0.015028123 	 2.0149868
0.10310936 	 2.3732045
0.06318706 	 3.8586729
0.025839811 	 4.583656
0.015423434 	 1.3584145
0.04190082 	 1.5169251
0.04749918 	 3.1986754
0.036366574 	 3.8917718
0.05236689 	 1.94737
0.059628807 	 2.8956642
0.036058675 	 2.6363988
0.02053884 	 2.0200107
0.015423737 	 1.1689929
0.025840178 	 2.2825792
0.021417413 	 4.502392
0.04153175 	 2.6390498
0.015423434 	 1.9821485
0.025840178 	 2.44774
0.020618243 	 2.4885674
-9.5367386e-07 	 2.475561
0.020556424 	 4.1794376
0.040601008 	 2.2480953
0.26218528 	 2.1447103
0.14769389 	 2.7832823
0.0628607 	 2.4887877
0.025840178 	 3.8917718
0.05177214 	 1.884389
0.04166876 	 3.9231248
0.05256922 	 3.1989734
0.079484314 	 3.332177
0.06862739 	 3.9459515
0.031076798 	 2.9144778
0.044900637 	 4.1866593
0.015426642 	 2.1000926
0.2518579 	 1.9180751
0.057732094 	 2.7125597
0.09054837 	 2.5351121
0.08633041 	 2.1676984
0.052367393 	 2.059124
0.06698782 	 3.6756108
0.06317836 	 2.1862655
0.079616554 	 2.1774168
0.047999088 	 2.3336647
0.057757985 	 0.9441401
0.052366953 	 1.5521902
0.023577131 	 2.1900852
0.02044375 	 2.9721296
0.031089528 	 3.3852935
0.010248004 	 3.6681497
0.025840178 	 2.0793786
0.015423434 	 2.5814872
0.01858828 	 4.58487
0.025840057 	 1.9641519
0.046534896 	 2.2821703
0.02445441 	 2.633019
0.015413325 	 1.6509465
0.035985947 	 2.0168357
0.025848558 	 2.5700526
0.023817727 	 2.7931786
0.052361175 	 2.9744492
0.11932024 	 2.4101677
0.11186365 	 2.0573332
0.12721902 	 1.98197
0.17061815 	 1.0683262
0.14347938 	 1.7829176
0.14006656 	 2.3281498
0.061523166 	 1.9747057
0.052369468 	 1.4942445
0.01577494 	 4.579209
0.068340026 	 3.3321903
0.021167228 	 2.4277408
0.010255472 	 1.7778177
0.016781282 	 2.8806598
0.00511408 	 2.5036132
0.025821647 	 3.4863229
0.018804174 	 2.5684092
0.015244218 	 3.6380503
0.015429064 	 1.5169284
0.010255472 	 2.8801956
0.0324128 	 1.2256259
0.020618243 	 2.282372
0.025840178 	 3.0654445
0.037695244 	 1.5175176
0.073955625 	 1.8788149
0.10762908 	 4.1794376
0.1516615 	 1.8049074
0.16208823 	 2.1524367
0.23259607 	 1.5256978
0.16295636 	 1.4866025
0.20392314 	 2.0917108
0.17507242 	 1.3794591
0.1780413 	 1.7149392
0.124066085 	 1.9757622
0.07422117 	 3.668631
0.06324941 	 3.48614
0.04698328 	 1.9823645
0.07373378 	 5.2779193
0.025895596 	 1.5645192
0.05236689 	 3.118722
0.056482565 	 2.7942276
0.07429109 	 3.0671089
0.1269468 	 2.2953827
0.0795655 	 1.1666818
0.051586293 	 2.1423762
0.10762716 	 2.1416721
0.066446036 	 2.6389647
0.08219461 	 4.1794376
0.063119635 	 1.5638992
0.046575483 	 3.0808156
0.058264185 	 3.332202
0.077811204 	 1.9486632
0.06749744 	 1.2979714
Summary
-9.5367386e-07  -  0.386654 ,  0.9441401  -  7.4799886
accuracy:  100.0
equal predictions:  0
TensorFlow version: 1.13.1
Found 939 images belonging to 1 classes.
argN = 196
argN = 196
0.14598155 	 3.5840533
0.3580741 	 2.7712014
0.5416939 	 2.7241056
0.57393336 	 2.5859528
0.5052147 	 2.098477
0.31930354 	 2.848579
0.17244187 	 2.6389363
0.11358107 	 4.5270405
0.09472614 	 1.4721442
0.04825658 	 3.2268121
0.07956002 	 1.42586
0.11042883 	 2.173847
0.16688819 	 2.9670753
0.19799711 	 2.60289
0.18584971 	 2.5672405
0.15142956 	 1.494284
0.09915637 	 2.9612885
0.14800477 	 3.0546248
0.30242586 	 2.4386146
0.22985214 	 4.164204
0.16889423 	 2.9122503
0.2534115 	 3.8634565
0.24158077 	 3.9536083
0.2792283 	 2.6445732
0.16519156 	 3.8076131
0.16510502 	 2.5426357
0.0963161 	 2.309135
0.028375557 	 3.198357
0.025124317 	 2.4536235
0.00511408 	 3.0691504
0.002873791 	 1.9408284
0.0051141996 	 3.208356
0.22426227 	 2.4454086
0.24899799 	 1.6632149
0.10827275 	 3.4728935
0.04244402 	 3.0279531
0.3333694 	 2.3458295
0.28296167 	 2.18464
0.26098642 	 2.6479065
0.24352108 	 2.5627985
0.03089697 	 3.6586716
0.1899314 	 2.8144922
0.26680535 	 2.946326
0.16830844 	 2.399797
0.05794429 	 3.2150905
0.047539245 	 2.5990112
0.08970284 	 3.0296955
0.09536352 	 3.486327
0.050898176 	 2.1059723
0.091582716 	 2.5582786
0.07650823 	 2.37611
0.06404966 	 2.55559
0.027872121 	 2.6393368
0.07961617 	 3.1958332
0.00511408 	 1.7872385
0.009382435 	 3.0805068
-9.5367386e-07 	 3.2400432
-9.5367386e-07 	 2.7931921
-9.5367386e-07 	 2.466918
-9.5367386e-07 	 3.2709088
0.03580925 	 2.6749153
0.07508133 	 2.5047705
0.06922286 	 3.202632
0.10292667 	 2.0677006
0.034802344 	 1.8227537
0.07102242 	 2.4440372
0.16604628 	 2.3222804
0.04068469 	 1.9987252
0.12703127 	 1.1770122
0.18436988 	 2.617233
0.24148317 	 2.5815651
0.23113063 	 2.4525592
0.2215675 	 1.9233552
0.06268052 	 2.2803621
0.11044181 	 2.6869624
0.11615096 	 2.2366796
0.09067575 	 3.5197833
0.055097852 	 1.8595436
0.102416836 	 3.0807533
0.015423434 	 4.179317
0.031087928 	 4.1858363
0.00511408 	 2.933305
0.0051209694 	 1.7675167
0.015407212 	 1.984903
0.050143786 	 2.1698391
0.031044826 	 2.7158124
0.00511408 	 3.73201
0.001994989 	 3.5928903
0.015378097 	 2.2768068
0.036366574 	 3.66602
0.027175382 	 2.8916361
0.025840178 	 13.815511
0.016286798 	 3.153899
0.015394137 	 2.0872152
0.014400135 	 2.285404
0.020366006 	 3.191238
0.00511408 	 1.7628171
0.015423434 	 1.181383
0.00511408 	 3.7211363
0.015356731 	 3.1887233
0.0056829695 	 1.2726566
-9.5367386e-07 	 2.101111
0.005099881 	 2.226909
0.015423434 	 1.9559798
0.010060079 	 1.4338082
0.010255592 	 1.946528
0.010255472 	 1.5433707
0.025840178 	 2.1391509
0.0102561945 	 1.9817173
0.020594878 	 1.9149373
0.02648886 	 3.486541
0.04068922 	 2.5552444
0.010255472 	 2.0308025
0.020548029 	 1.1461405
0.024691368 	 1.3434311
0.024122858 	 1.7306966
0.041671496 	 1.8374279
0.04388959 	 3.0804107
0.04503437 	 1.1776395
0.051817402 	 2.0153673
0.04345261 	 1.9958544
0.06293668 	 0.92422545
0.036366574 	 3.6672955
0.02719633 	 1.2766483
0.031478815 	 1.8679162
0.021673266 	 1.9456738
0.04144073 	 1.9462725
0.046957105 	 1.4714463
0.034999855 	 1.8236136
0.025840119 	 1.9822018
0.03610187 	 1.8538456
0.0316219 	 2.8136055
0.025839934 	 2.769772
0.00511408 	 2.2149231
0.024134338 	 1.8039166
0.01568805 	 2.2918856
0.0051141996 	 1.9840964
0.023695713 	 1.821654
0.0051238453 	 1.9022415
0.015423373 	 2.6388645
0.036366265 	 1.6816175
0.03108221 	 1.9038272
0.015659835 	 1.9642355
0.01014341 	 3.4856572
0.020615991 	 2.1013196
0.010427954 	 1.5504961
0.010255472 	 2.51796
0.025839444 	 1.9811791
0.020617086 	 2.5333426
0.00511408 	 1.966861
0.015423434 	 1.6519659
0.015410178 	 2.4452002
-9.5367386e-07 	 2.0598657
0.0051783654 	 1.6298263
0.0008399437 	 1.5628793
5.960466e-07 	 1.9876376
0.000118799115 	 2.0263598
-9.5367386e-07 	 1.9354303
0.005053452 	 2.5682163
0.0052092816 	 2.5187595
0.025652176 	 2.638444
0.00511408 	 1.5235364
0.01507532 	 1.9081926
0.015423434 	 1.9471499
0.015422284 	 1.9453301
0.020618243 	 2.187206
0.031089528 	 1.4065058
0.036366574 	 1.4507668
0.04700171 	 2.494404
0.04696735 	 1.4075991
0.036326215 	 3.308102
0.03108098 	 1.9217505
0.031089528 	 3.4863229
0.036367007 	 2.880254
0.021922179 	 1.4529707
0.02050404 	 3.1994088
0.020830436 	 1.9357681
0.031094383 	 1.7811794
0.010255472 	 2.1000907
0.017026007 	 2.1421106
0.0051097064 	 2.3946457
0.008304592 	 2.378358
0.019204747 	 0.93613935
0.023328174 	 2.1953464
0.020617817 	 1.3104595
0.005384731 	 2.495803
0.005116596 	 4.1453724
0.010264866 	 2.0374367
0.015144485 	 1.7866946
0.020608446 	 1.8655729
0.010521796 	 1.6058524
0.017050985 	 2.3966076
0.015497406 	 1.9867098
0.018631516 	 2.616584
0.010360439 	 3.197775
0.013778645 	 1.6244154
0.009382736 	 1.9820772
0.025651013 	 1.3399457
0.004881475 	 3.9109583
0.020310286 	 1.1374071
1.4543639e-05 	 2.7906516
0.0051144394 	 1.8290263
0.010101021 	 2.227376
0.009793517 	 1.8747636
0.016378768 	 1.7182499
0.007247121 	 1.2895613
0.0051056324 	 1.1779243
9.447782e-05 	 1.360059
0.14315145 	 1.9015008
0.13714738 	 1.86907
0.23383906 	 2.3854887
0.21119379 	 1.9488306
0.16514966 	 1.5400523
0.13463622 	 2.3854356
0.12194326 	 2.38083
0.07572142 	 1.8055469
0.031089528 	 1.4250498
0.05239189 	 2.5700495
0.045527995 	 3.9017158
0.06859049 	 3.6322007
0.048604175 	 2.8067505
0.051783126 	 2.879129
0.051892232 	 2.3334131
0.069309995 	 2.594882
0.05150772 	 3.1113322
0.04674073 	 2.991488
0.020125084 	 4.595947
0.052048437 	 2.5806272
0.04167038 	 4.1794376
0.022145435 	 2.9822176
0.031070035 	 1.5368017
0.03296017 	 3.8452494
0.031087559 	 2.8769596
0.020618243 	 5.2791815
0.034516703 	 1.5393313
0.052353766 	 1.7795936
0.053426605 	 1.4931943
0.037200276 	 2.4665494
0.04700502 	 3.2053185
0.19604494 	 2.2923818
0.3723818 	 2.3495147
0.26284724 	 2.1670463
0.12484873 	 2.6296825
0.116983175 	 2.507942
0.05239214 	 1.516883
0.07959532 	 2.3998868
0.07945295 	 1.8297727
0.07663519 	 2.937543
0.1692343 	 2.4101539
0.13482091 	 3.1986446
0.13156113 	 4.5012684
0.17082022 	 2.1735115
0.10807352 	 2.8782287
0.12482206 	 3.1971958
0.089042075 	 2.1859212
0.10197009 	 2.5538328
0.10199385 	 1.8379326
0.1170599 	 2.9563563
0.06336295 	 2.3339531
0.079591125 	 3.629845
0.063195 	 2.649284
0.072046176 	 3.668638
0.08456434 	 2.639043
0.051337417 	 2.4506676
0.051816646 	 1.7828943
0.020619946 	 1.3829148
0.010255472 	 1.176116
0.017470632 	 2.9703114
0.057471458 	 2.697455
0.019823661 	 2.3471293
0.04255746 	 2.7409642
0.17382117 	 2.7128074
0.16013217 	 1.9912771
0.17897464 	 1.9980057
0.20452015 	 2.2666485
0.1300794 	 2.5693536
0.120414115 	 0.767931
0.07829395 	 3.1987674
0.062108334 	 3.6719332
0.04682149 	 2.3682663
0.020618243 	 1.534636
0.027080026 	 3.332177
0.020618485 	 2.346175
0.020618243 	 4.1794376
0.020790514 	 4.58487
0.031089528 	 2.9703207
0.028422406 	 2.350865
0.049356967 	 3.1411424
0.07177089 	 1.2575874
0.20114346 	 1.9223384
0.2413151 	 2.4449205
0.24214184 	 2.6431487
0.23678459 	 2.3051171
0.22400132 	 1.952506
0.19433877 	 1.9745615
0.17739646 	 2.0387292
0.15947494 	 2.0382707
0.14439815 	 1.8122615
0.17485082 	 2.793085
0.16725394 	 3.3805914
0.1852177 	 3.060944
0.09369809 	 1.1627824
0.124794304 	 2.8059042
0.069053665 	 2.792294
0.06848983 	 3.714136
0.041703314 	 2.5593815
0.052470658 	 1.6524425
0.11137549 	 2.6636493
0.1292919 	 2.958031
0.1435166 	 1.9230294
0.12411224 	 3.0794473
0.12001672 	 3.0807118
0.09575642 	 3.6394517
Summary
-9.5367386e-07  -  0.57393336 ,  0.767931  -  13.815511
accuracy:  100.0
equal predictions:  0
