TensorFlow version: 1.13.1
Found 939 images belonging to 1 classes.
argN = 784
argN = 784
0.33701968 	 2.3852985
0.3444291 	 2.1529913
0.34218565 	 3.0008056
0.5871346 	 2.3224413
0.41388023 	 2.1189427
0.24474493 	 1.7623249
0.21714345 	 2.8836458
0.09918415 	 2.9021924
0.10061537 	 1.4832468
0.072421364 	 1.8473641
0.21431214 	 1.7810159
0.12687887 	 1.8791095
0.12454462 	 2.179063
0.14662133 	 2.4177473
0.15983574 	 2.618097
0.17036107 	 1.7912928
0.26568934 	 2.0224774
0.21395808 	 2.1489997
0.3304691 	 2.021366
0.1725685 	 2.2993193
0.32126442 	 1.6821141
0.47249076 	 1.849335
0.136306 	 2.0918763
0.10461735 	 1.6833421
0.10608984 	 2.7189276
0.04977661 	 1.8484156
0.068000816 	 2.5543869
0.02651634 	 2.5307882
0.03284861 	 2.429552
0.20088708 	 2.4132743
0.53253156 	 1.726723
0.44623712 	 1.8854156
0.35248706 	 1.677296
0.27432385 	 1.9796122
0.21586908 	 1.9776989
0.39839977 	 2.4568627
0.3853934 	 2.6783645
0.42761636 	 2.2915578
0.42980024 	 1.942413
0.6229809 	 2.602614
0.7007604 	 2.8984637
0.28267646 	 2.0646546
0.29794177 	 2.163479
0.31410465 	 2.2097533
0.2960554 	 1.95234
0.20426765 	 2.2088113
0.16310334 	 2.8544562
0.13758214 	 2.7802687
0.041658446 	 2.9181092
0.04194427 	 3.3149745
0.056614384 	 3.1009603
0.07823627 	 2.490568
0.080174506 	 1.9882051
0.09707331 	 2.6205869
0.058413997 	 2.120429
0.08925842 	 2.4023614
0.091540776 	 2.0490377
0.11712845 	 2.4545202
0.28241572 	 2.4338117
0.17655455 	 2.0213466
0.07149524 	 1.9522141
0.01409983 	 2.3873775
0.0038329412 	 3.6105132
0.006986169 	 3.5801451
0.010168399 	 2.3245206
0.05322102 	 2.4698863
0.05689095 	 2.556063
0.36789703 	 1.5177152
0.34426352 	 1.8134865
0.31837445 	 2.3309898
0.20128603 	 2.0082383
0.22354469 	 2.493582
0.1888933 	 2.0435612
0.25963843 	 1.9777665
0.22901091 	 1.5537912
0.35388002 	 1.9693937
0.31185475 	 2.100881
0.12291827 	 2.2241526
0.059463315 	 3.0294797
0.059074994 	 2.591034
0.19091485 	 1.6880754
0.23318079 	 1.3866326
0.1586671 	 1.8734014
0.13703246 	 1.9219081
0.0914639 	 2.1423469
0.12673861 	 2.0315444
0.11130633 	 2.7913628
0.10676867 	 2.0443983
0.06387219 	 2.2339869
0.057076275 	 2.3956232
0.05701393 	 2.093045
0.040342562 	 2.0702596
0.035107575 	 2.7038321
0.046962477 	 2.3323903
0.033708047 	 2.3740017
0.020025045 	 2.6489973
0.048357293 	 2.667761
0.07312786 	 2.2939658
0.061362367 	 2.1657674
0.057938162 	 2.2198331
0.07492502 	 1.4220067
0.06829471 	 2.1282306
0.061681077 	 1.477302
0.060045697 	 2.1477985
0.05504659 	 0.6560384
0.06570567 	 1.0060102
0.059667528 	 1.3464583
0.052598495 	 1.334799
0.045809746 	 1.1901016
0.044336915 	 1.2258205
0.05857717 	 1.7090944
0.022894233 	 1.9396253
0.061717845 	 1.2067008
0.06057256 	 1.8411719
0.055977263 	 1.3032194
0.05319732 	 1.7168692
0.053101715 	 1.8353822
0.046312682 	 1.7279674
0.07134192 	 2.3820128
0.06535189 	 1.6073906
0.048261773 	 1.377125
0.04960873 	 1.0020541
0.04957065 	 1.3550544
0.048540853 	 1.805803
0.044192124 	 1.3715574
0.052365195 	 2.544179
0.03243835 	 1.4516488
0.04167162 	 1.5684496
0.026842868 	 1.1696782
0.02583859 	 2.0866795
0.041540015 	 1.5669924
0.034748778 	 1.4410686
0.03504467 	 2.2195148
0.035087757 	 1.8569056
0.03764245 	 1.0463254
0.019965392 	 1.2807258
0.037682 	 1.0438316
0.029750012 	 2.1999073
0.033880245 	 1.6430827
0.043263447 	 1.7545004
0.04287639 	 2.0010824
0.04159289 	 1.399498
0.021921203 	 2.6950295
0.04031259 	 1.7614777
0.028457975 	 1.7877424
0.03162522 	 1.3798597
0.034124013 	 1.4725512
0.02453571 	 2.1999762
0.031081717 	 1.3071104
0.034630667 	 1.8248028
0.033535633 	 1.7573173
0.030956663 	 1.8961868
0.02433653 	 2.2366467
0.033912864 	 1.6593488
0.019317038 	 2.2505128
0.02198085 	 1.411605
0.01880642 	 1.9897414
0.018817171 	 1.314236
0.020120582 	 1.8361967
0.02322513 	 1.4262323
0.023861373 	 1.421878
0.0206138 	 1.6925688
0.019316249 	 1.1470528
0.02584385 	 0.98092717
0.021234075 	 1.3283409
0.026755318 	 0.8976253
0.025832778 	 1.1338669
0.01154487 	 1.2870946
0.008967673 	 1.5923036
0.016650243 	 2.018966
0.022827761 	 1.2566203
0.023230987 	 1.9040529
0.021216845 	 2.1542854
0.024324317 	 1.4827515
0.020618243 	 1.1879007
0.029200101 	 1.4966372
0.05047035 	 1.7098556
0.046851847 	 1.2142138
0.06628011 	 1.5067666
0.075992905 	 1.1364728
0.073648445 	 1.3643548
0.09518362 	 1.4196527
0.090824164 	 1.5219963
0.09636328 	 1.5352235
0.07590326 	 1.6959596
0.107525006 	 1.1047446
0.08314929 	 1.9871006
0.09314753 	 1.1854851
0.09604265 	 1.4819075
0.082164586 	 1.2938081
0.072747014 	 1.76426
0.081933856 	 1.9632463
0.066614404 	 0.87832004
0.07594757 	 1.1775177
0.06940927 	 1.6582977
0.08183469 	 1.3159533
0.066449605 	 1.7100513
0.055631757 	 1.5207112
0.050837904 	 1.0488466
0.064370245 	 1.1329138
0.06566602 	 1.0891206
0.30485052 	 1.3669323
0.32639268 	 1.260766
0.35289857 	 1.7111424
0.3756551 	 1.5811417
0.1511929 	 1.9680977
0.17474106 	 2.207549
0.166041 	 1.2138803
0.1864746 	 1.7481914
0.2018278 	 2.3919184
0.21508639 	 2.0476954
0.21100143 	 2.5229352
0.23257305 	 1.7452946
0.1746143 	 1.9379098
0.18481147 	 2.1535864
0.19542934 	 2.049164
0.18946439 	 2.2196283
0.11313659 	 2.2033892
0.13209054 	 2.3480453
0.10412841 	 3.0791557
0.12281711 	 2.187738
0.14789358 	 2.2821577
0.14541268 	 2.212796
0.11455531 	 1.8419161
0.1448524 	 2.060912
0.1944764 	 2.1863685
0.32080534 	 1.616858
0.40942746 	 1.7755733
0.2463723 	 2.3340454
0.21001074 	 2.2091575
0.16307633 	 2.6751869
0.2921413 	 1.6710001
0.36715797 	 1.6874241
0.37683517 	 0.88988435
0.5743255 	 1.4203694
0.31355643 	 1.942223
0.18323395 	 2.2684429
0.19132638 	 3.1090944
0.21868752 	 2.7925634
0.19484976 	 2.5534956
0.21544957 	 2.1571014
0.17662686 	 1.4827864
0.16424696 	 1.4155797
0.18897747 	 2.4844944
0.1795369 	 2.1270473
0.1795685 	 1.1822913
0.14515035 	 2.2929122
0.121920705 	 2.675417
0.12121752 	 2.8554306
0.10054643 	 2.9702091
0.09327492 	 2.859445
0.093691476 	 1.2047923
0.09210274 	 3.0839133
0.08231595 	 2.4133794
0.08598685 	 2.002248
0.08635074 	 2.4622846
0.09474389 	 2.881136
0.08573823 	 2.6575732
0.114015125 	 1.8769209
0.13653138 	 2.1345346
0.15691239 	 2.4115102
0.1965827 	 2.073417
0.2956986 	 1.0486176
0.31825596 	 1.2890208
0.3057586 	 1.4491069
0.3245071 	 1.3189801
0.31767696 	 1.005807
0.3236174 	 1.422474
0.24935617 	 1.2974491
0.23203686 	 1.2740303
0.21635042 	 1.5207655
0.21688353 	 1.5115952
0.13279523 	 1.474318
0.09206673 	 2.5981624
0.07176782 	 2.119361
0.07944611 	 1.6678252
0.07840676 	 2.5591657
0.09971618 	 2.4956064
0.09137573 	 2.6754827
0.075713255 	 3.1455183
0.08413938 	 2.0117512
0.067266636 	 2.505506
0.09751025 	 3.108678
0.10050352 	 1.2757858
0.15505049 	 1.2793275
0.20793109 	 2.1736195
0.20823133 	 2.2451348
0.29243588 	 2.1165369
0.37147108 	 1.615954
0.4309492 	 1.7182944
0.4282932 	 1.1182281
0.4427819 	 1.0265428
0.39453688 	 1.1552151
0.31285775 	 1.2812922
0.29150382 	 1.3860409
0.18560728 	 2.5443347
0.20220296 	 2.305935
0.13644974 	 2.0255613
0.1165193 	 2.6753356
0.11237472 	 1.4235779
0.10736082 	 2.6411958
0.123362 	 1.7455021
0.13721588 	 1.6876769
0.15272531 	 2.2946699
0.22021201 	 2.0978057
0.2612599 	 1.9472969
0.25692582 	 1.7178164
0.25944805 	 1.8877983
0.22048216 	 2.468111
0.20921344 	 2.1875408
0.18013515 	 2.3579183
0.16797341 	 1.8977284
0.15129338 	 1.6517936
Summary
0.0038329412  -  0.7007604 ,  0.6560384  -  3.6105132
accuracy:  100.0
equal predictions:  0
TensorFlow version: 1.13.1
Found 939 images belonging to 1 classes.
argN = 784
argN = 784
0.2732798 	 2.025325
0.1880871 	 2.1806464
0.23526798 	 2.0784266
0.20777428 	 2.6181862
0.16342649 	 2.7205098
0.101453684 	 2.2626767
0.06845376 	 1.8872639
0.05315753 	 1.8092762
0.045703925 	 2.8064368
0.061827913 	 2.5461366
0.06581975 	 2.540781
0.07699582 	 1.8969247
0.037163775 	 1.9613967
0.07665198 	 2.0253122
0.14149266 	 1.6733558
0.12519684 	 1.6845686
0.09347935 	 2.0292645
0.11667803 	 1.7183934
0.109942436 	 1.8821101
0.12945126 	 1.8598455
0.22169158 	 1.9449582
0.27274936 	 2.6304426
0.47230187 	 1.4819838
0.37931556 	 1.4105582
0.27137652 	 2.1978645
0.13949084 	 1.764882
0.12545642 	 1.6478739
0.027130429 	 2.5500827
0.025747886 	 2.1605542
0.061823476 	 1.840626
0.14553566 	 2.2939382
0.7067449 	 1.5979428
0.42968526 	 1.9841372
0.17988096 	 1.4849364
0.18195651 	 1.6062162
0.38330457 	 1.9510269
0.29968452 	 2.0214415
0.33760613 	 2.2274208
0.5556054 	 1.9988083
0.17814621 	 2.367431
0.16933794 	 2.3282115
0.15558782 	 1.7938243
0.1033285 	 2.6124063
0.09749172 	 2.1540244
0.059110027 	 2.3843775
0.04316611 	 2.0003328
0.039220802 	 1.741108
0.026634475 	 2.2791715
0.097699635 	 1.8356233
0.087599985 	 2.0207393
0.06111415 	 1.7344421
0.053234097 	 2.887094
0.08682274 	 1.7540361
0.087325014 	 2.0609212
0.084881835 	 2.080908
0.024292558 	 2.0021687
0.02334544 	 2.1221852
0.024510603 	 1.6451519
0.03362415 	 2.4070663
0.017688103 	 2.2473388
0.022995656 	 2.0536711
0.0128361145 	 1.4205551
0.007470848 	 2.0584836
0.012835149 	 2.1612751
0.0128361145 	 3.0287378
0.0865901 	 1.6941391
0.49169964 	 1.5806944
0.24428816 	 1.8420737
0.19706835 	 1.7460606
0.093030624 	 1.7422186
0.123208605 	 2.0531387
0.17391855 	 2.5516083
0.06717719 	 1.7440002
0.046991277 	 1.3541564
0.2741514 	 1.7099452
0.2379754 	 1.3052524
0.13542923 	 2.6671507
0.13472597 	 2.7462428
0.09473675 	 2.6134608
0.07410517 	 2.0921106
0.007681231 	 1.9260536
0.07179798 	 1.7601085
0.072338894 	 2.6042786
0.09777016 	 2.0888822
0.0983772 	 1.3955835
0.08564004 	 2.462226
0.07822666 	 1.807477
0.03504331 	 2.306647
0.03814829 	 1.8797295
0.027126938 	 2.5490754
0.03229509 	 1.8216182
0.04566942 	 1.8023872
0.016725214 	 1.7954499
0.01671964 	 2.5226054
0.016735943 	 1.7507447
0.020609055 	 2.093686
0.07479333 	 1.6905203
0.0745573 	 2.053958
0.054151256 	 2.1867828
0.04870993 	 2.0050209
0.03839019 	 1.2986455
0.049639046 	 0.76899177
0.036302913 	 1.1926072
0.04568246 	 1.9471018
0.044323456 	 1.0352666
0.05020934 	 1.3721755
0.038129713 	 1.2866648
0.027954008 	 1.5091716
0.02191901 	 1.2072692
0.030381018 	 0.8353597
0.026099185 	 1.127709
0.017343022 	 0.87528473
0.024189172 	 1.088934
0.017844519 	 1.0878094
0.02306037 	 0.9578121
0.027936049 	 1.3637987
0.036852103 	 1.6638812
0.04472547 	 1.8439852
0.040677175 	 1.0683717
0.03118828 	 0.8760584
0.028190019 	 1.6667339
0.032547273 	 1.4422348
0.031094383 	 0.94188434
0.017516488 	 1.0532174
0.026687734 	 1.1804043
0.02583969 	 1.077918
0.023225803 	 1.212393
0.021567287 	 1.6952851
0.021606999 	 0.92083675
0.0128361145 	 1.0755234
0.0128361145 	 1.2633505
0.01671964 	 1.0836874
0.018014248 	 1.0695355
0.012541167 	 1.7518928
0.017957143 	 0.88459975
0.019315945 	 0.9591472
0.015423434 	 1.5013537
0.019317038 	 1.1499131
0.015432696 	 1.6206663
0.01930768 	 1.1791354
0.021921203 	 1.226935
0.021917304 	 1.4125968
0.010255472 	 1.1034459
0.010736015 	 1.1844547
0.006409339 	 1.0878896
0.01154276 	 1.2100834
0.013505833 	 1.3068943
0.012462163 	 0.8823544
0.015423434 	 1.6746306
0.016713336 	 0.8836288
0.015238166 	 1.7390231
0.007251684 	 0.979436
0.01671964 	 1.7535454
0.005287775 	 1.176587
0.0128361145 	 1.5706248
0.012918167 	 1.0817717
0.011549875 	 1.2814901
0.01154499 	 1.0589361
0.0153193865 	 1.8856952
0.024523187 	 1.106161
0.01793821 	 0.851392
0.016719397 	 0.9296695
0.017872917 	 1.2764611
0.02451201 	 0.83384776
0.03178014 	 1.188078
0.024381299 	 0.84352046
0.030917808 	 0.8307138
0.042523935 	 1.5036715
0.051725816 	 0.82424694
0.07216635 	 0.71447754
0.08108407 	 1.3895783
0.060964696 	 0.90561277
0.056145836 	 1.3068565
0.046937987 	 0.91681606
0.051655266 	 1.308536
0.03918578 	 0.8561791
0.046027917 	 1.1689996
0.036466468 	 1.3436856
0.02581137 	 1.1230925
0.02594233 	 1.1145885
0.030184727 	 0.837178
0.034822464 	 0.826464
0.014417973 	 1.1014054
0.01867603 	 1.0949214
0.028310437 	 1.5157318
0.308676 	 1.5421551
0.24456406 	 1.3749613
0.24889958 	 1.2313316
0.24323803 	 1.5423374
0.17606027 	 2.0250115
0.14673585 	 2.2376952
0.1321515 	 1.179693
0.14590754 	 2.5067635
0.11781616 	 1.5593873
0.12882717 	 2.043874
0.113375895 	 1.5512885
0.10572916 	 2.160714
0.13357097 	 2.4533947
0.11612124 	 1.9547353
0.12344197 	 1.8563229
0.11920561 	 2.3624952
0.08993086 	 1.9095167
0.099181585 	 1.2260092
0.07961662 	 2.880202
0.10584829 	 1.7147429
0.07002829 	 0.9050848
0.08332315 	 3.07196
0.095008396 	 2.3927457
0.09390339 	 1.381521
0.09856136 	 2.2827709
0.09174335 	 2.0224855
0.114676766 	 2.0401406
0.398157 	 1.7876081
0.4204186 	 1.8685849
0.40468994 	 1.7400312
0.31539887 	 1.1287142
0.28334653 	 1.5884548
0.19515559 	 1.8816539
0.14487734 	 2.1373136
0.13933106 	 1.4274517
0.1924615 	 2.0086043
0.16310228 	 2.244734
0.1807489 	 2.0706205
0.18892361 	 1.6969632
0.1858981 	 2.5745988
0.17137557 	 1.2487589
0.15323833 	 2.020416
0.12776937 	 1.6957766
0.09502859 	 1.7519709
0.11336875 	 2.333664
0.11028407 	 1.1982038
0.11332723 	 0.99536574
0.10621007 	 1.5646235
0.09520814 	 2.2813601
0.107652314 	 1.8045915
0.075481765 	 1.9458945
0.070857145 	 1.987345
0.0853227 	 2.7132146
0.082364686 	 1.4803582
0.065126605 	 1.65374
0.08232015 	 1.827274
0.10004208 	 2.29261
0.11300558 	 1.8016917
0.13314101 	 1.2270344
0.12613487 	 2.250603
0.17129429 	 1.3465825
0.14509943 	 1.7606894
0.15573065 	 2.0610707
0.1604417 	 1.8958551
0.23649928 	 2.3220513
0.25283486 	 1.6208405
0.30673963 	 1.2681761
0.32053888 	 1.4279382
0.30886236 	 1.288265
0.3078559 	 1.098186
0.31225306 	 1.4826772
0.3013723 	 1.5473834
0.15410951 	 1.6076578
0.1048723 	 1.4553485
0.0893451 	 0.9210496
0.09784411 	 2.5107014
0.05443161 	 2.161183
0.057741567 	 1.8352847
0.06448105 	 1.8092952
0.057753377 	 2.051013
0.061826456 	 2.1612115
0.055058744 	 2.0229928
0.07136336 	 2.062842
0.070476145 	 2.1719213
0.058622546 	 2.1600287
0.06862701 	 1.4539059
0.071484804 	 2.1817634
0.072932996 	 1.9732614
0.08136459 	 1.7345471
0.08910046 	 1.9925365
0.09256497 	 2.0686898
0.12100647 	 1.5793571
0.13199103 	 2.076163
0.15417251 	 1.9640112
0.18622318 	 0.75446886
0.19996992 	 1.510034
0.2654528 	 1.8792305
0.27038506 	 1.6720821
0.3191997 	 1.1602216
0.41200796 	 1.1475732
0.35965675 	 1.2681878
0.34808022 	 1.5179523
0.33122295 	 1.4887466
0.37238243 	 1.3668144
0.34633273 	 1.058
0.3560071 	 1.2621477
0.19155158 	 1.5542423
0.18198782 	 1.370213
0.17540535 	 2.057892
0.1423804 	 2.5268705
0.10472192 	 2.6037798
0.09871911 	 1.6451643
0.100147754 	 2.8628805
0.1074747 	 2.17197
0.08849622 	 2.3873322
0.09941895 	 1.9215192
0.092293724 	 1.7937691
0.101963624 	 1.5052724
0.114727505 	 2.514322
0.1244007 	 1.8595206
0.13269918 	 1.3749635
0.18203981 	 2.1435242
0.18209222 	 2.4300401
0.20436753 	 2.2552493
0.15443318 	 2.259732
0.11110262 	 2.1315923
0.09295991 	 1.43887
0.101479016 	 2.1053808
Summary
0.005287775  -  0.7067449 ,  0.71447754  -  3.07196
accuracy:  100.0
equal predictions:  0
TensorFlow version: 1.13.1
Found 939 images belonging to 1 classes.
argN = 784
argN = 784
0.25121856 	 1.7846185
0.42644408 	 2.1304045
0.59507257 	 1.8716167
0.56972647 	 2.2467394
0.5087861 	 1.7996093
0.41522357 	 2.0685945
0.28192458 	 1.718016
0.23113468 	 2.2530494
0.20583642 	 1.8193088
0.10546519 	 2.3733778
0.10185439 	 2.0842655
0.077061035 	 1.9452842
0.077813014 	 1.8916931
0.1011781 	 1.7298222
0.14045899 	 1.6503086
0.10844068 	 1.4124544
0.18054746 	 1.7443798
0.11418576 	 2.2304313
0.11272826 	 1.864305
0.12321784 	 2.0694926
0.41790333 	 2.2340474
0.20023952 	 2.7035162
0.074650995 	 2.1573644
0.033690292 	 2.0118675
0.030929796 	 1.9481906
0.03885024 	 1.9920523
0.02718169 	 2.6375256
0.016520798 	 3.0171227
0.029782064 	 2.494865
0.027046956 	 1.3060666
0.04480819 	 2.9726512
0.1059516 	 2.346791
0.21459709 	 1.9661936
0.4241022 	 1.6492589
0.5174538 	 1.8970824
0.5290479 	 1.8681548
0.67613035 	 1.8738753
0.19722 	 1.9600108
0.19457965 	 2.034715
0.38350606 	 2.0401564
0.1872825 	 2.4481673
0.5251823 	 2.102996
0.6177058 	 2.1582685
0.18091194 	 1.6621085
0.12632442 	 2.290728
0.03474927 	 2.5644965
0.09366863 	 2.2729387
0.056051966 	 2.9560113
0.047218326 	 3.7738774
0.03901558 	 1.9548906
0.0629893 	 2.746608
0.053859532 	 3.1374955
0.06603698 	 1.5065434
0.060819693 	 2.094667
0.1299936 	 1.6510371
0.090647295 	 1.9727148
0.08609943 	 1.9308796
0.07669253 	 3.197874
0.07340697 	 2.3831234
0.06572152 	 2.4274523
0.10026997 	 2.0723898
0.2341301 	 2.4886146
0.25101665 	 2.4092822
0.24144515 	 2.0136
0.17396095 	 2.19462
0.054843254 	 2.6052365
0.007457697 	 2.0951667
0.006387924 	 2.1889846
0.0025532627 	 2.7319508
0.0128361145 	 1.7833594
0.023225803 	 1.8849957
0.06126864 	 2.165227
0.09967094 	 2.8577342
0.07159729 	 2.3039718
0.083344534 	 1.7413273
0.37854704 	 1.7279465
0.3355408 	 2.1631954
0.37290707 	 1.9258615
0.3205301 	 1.1879092
0.17254668 	 1.7981917
0.16757527 	 1.5927265
0.20048204 	 1.8925277
0.19500752 	 1.671932
0.16969278 	 1.8065783
0.17240673 	 2.2324748
0.23280488 	 2.0426016
0.2829754 	 2.3532667
0.31540295 	 1.7111448
0.1951248 	 2.5719557
0.13591139 	 2.538552
0.031089528 	 2.0745912
0.04970482 	 1.9073497
0.0004118933 	 1.6278291
0.08948771 	 2.141449
0.11683183 	 2.03555
0.033263665 	 2.7133052
0.042859778 	 2.255037
0.023235502 	 2.1857116
0.014128968 	 2.3675683
0.011512551 	 2.4789836
0.010141544 	 2.1852775
0.049495116 	 1.3902668
0.039573707 	 1.4363344
0.017212335 	 1.5341098
0.02146132 	 1.4230177
0.019898688 	 1.4645035
0.028787406 	 1.0197248
0.021921203 	 0.79679865
0.01822492 	 1.4619199
0.018020561 	 1.0889786
0.029221458 	 1.53795
0.018844018 	 1.4036502
0.033005014 	 2.0607092
0.04270282 	 1.2295495
0.033712424 	 0.9924204
0.02190524 	 0.81143093
0.03240615 	 1.3317322
0.025637988 	 2.2583966
0.031099671 	 1.6789
0.029831253 	 0.7484383
0.036382586 	 1.0421836
0.028780106 	 1.5161272
0.029467344 	 1.0352643
0.03270979 	 1.3349292
0.0323082 	 1.3996285
0.04316443 	 0.85576385
0.03890942 	 1.4539397
0.030179812 	 1.337896
0.027836451 	 1.7651027
0.025369136 	 0.8917273
0.03048468 	 1.3650308
0.02191706 	 1.1511937
0.023201095 	 1.1064069
0.025840178 	 1.3947929
0.025590168 	 1.1369619
0.021685692 	 1.5948609
0.016674243 	 1.036374
0.01812319 	 1.5041376
0.021921203 	 1.2972125
0.016713094 	 1.0289217
0.012988029 	 1.2593881
0.016719578 	 1.7075402
0.016328905 	 1.309002
0.015238166 	 1.3402234
0.016390825 	 1.1600423
0.01154487 	 1.3570064
0.01284348 	 1.0275602
0.012836175 	 1.2081918
0.015423373 	 1.5055149
0.015423434 	 1.3713335
0.0063968617 	 1.0389391
0.012823014 	 1.0451155
0.01334623 	 1.0724747
0.015423434 	 1.4896193
0.008967673 	 1.3403363
0.0140447 	 1.3256648
0.0152914245 	 1.4771628
0.0107179405 	 1.3252661
0.0076814713 	 1.1706657
0.0076808706 	 1.4212238
0.0076814713 	 1.6041645
0.007931971 	 0.91171145
0.018017465 	 1.0493633
0.0128361145 	 1.7477806
0.010255472 	 1.2319989
0.010255472 	 1.0102168
0.008967673 	 1.7461864
0.011544931 	 1.8796763
0.01152443 	 1.4232986
0.0076006884 	 1.5204364
0.0076814713 	 1.6593639
0.007694926 	 1.0049988
0.012830741 	 1.0732138
0.011813649 	 1.0772779
0.0128361145 	 0.9711343
0.011535825 	 2.2032597
0.020618243 	 0.93334675
0.028364396 	 1.3893172
0.029860117 	 0.96463656
0.038885873 	 1.2818923
0.025706666 	 1.836786
0.03012944 	 1.1141189
0.025821157 	 1.6926504
0.036520563 	 1.1300396
0.04113971 	 1.0338186
0.057262518 	 1.158591
0.057576135 	 1.8260819
0.037529692 	 1.7647402
0.040991347 	 1.4813108
0.044330496 	 0.966312
0.0240132 	 1.2878326
0.03974146 	 1.2707546
0.030743908 	 1.0990269
0.04167889 	 1.7038025
0.033717357 	 1.3797214
0.034407567 	 1.9603045
0.031205067 	 1.31878
0.033672355 	 1.5974389
0.031039478 	 1.1404715
0.018663215 	 1.4995166
0.04023347 	 1.1943413
0.023251913 	 1.492016
0.021968178 	 1.3322644
0.318866 	 1.0295995
0.22829852 	 1.6437678
0.27141392 	 1.5268106
0.2896571 	 1.3385465
0.22964004 	 1.5693752
0.19194667 	 2.029201
0.110561766 	 1.8231622
0.11200757 	 1.6294826
0.15430923 	 2.6035316
0.14112476 	 2.2716196
0.16575196 	 1.4407526
0.17187276 	 2.116109
0.1728883 	 1.926942
0.16304328 	 1.8414228
0.15559492 	 1.9043853
0.1376998 	 1.8123585
0.13398142 	 2.656011
0.09191637 	 1.9769351
0.10478738 	 1.9280919
0.07858419 	 1.3402002
0.12252628 	 2.0287354
0.11294885 	 2.1424687
0.129986 	 1.0184013
0.14343837 	 2.0638914
0.124874726 	 1.7744746
0.13211544 	 2.2361145
0.12482286 	 1.3125337
0.1262334 	 1.142507
0.10949232 	 2.2740364
0.3533335 	 1.6809374
0.21363036 	 1.9210254
0.1528249 	 2.5053039
0.1468066 	 1.0608573
0.17571191 	 1.1813958
0.1518905 	 1.8323128
0.17063265 	 1.9010847
0.18635732 	 1.5049077
0.18655606 	 1.7829903
0.17518006 	 1.6135602
0.19306038 	 0.93489295
0.38625178 	 1.5754734
0.16980982 	 2.1905773
0.1502834 	 2.9362493
0.19769272 	 2.5565584
0.17935553 	 1.91814
0.17010908 	 1.8131989
0.16798384 	 1.9639204
0.14150791 	 1.820194
0.117572494 	 2.0503588
0.12478133 	 1.7014543
0.11183432 	 2.4597175
0.12029559 	 1.3612089
0.07584159 	 1.176992
0.106205165 	 2.0776165
0.106096 	 1.2951862
0.13715681 	 1.6202881
0.1564612 	 1.9096197
0.16383535 	 1.1296793
0.19574086 	 1.8689638
0.19670068 	 1.9133779
0.264024 	 1.6473802
0.28539166 	 1.083955
0.28130543 	 1.4749743
0.32765594 	 1.1898333
0.34741133 	 1.0623801
0.115667194 	 1.1984717
0.10516168 	 2.2241547
0.09440105 	 2.517512
0.06570574 	 2.215441
0.07132675 	 1.8532718
0.061822716 	 1.1986067
0.08977971 	 2.7218695
0.15406995 	 2.3600447
0.22915219 	 2.0202007
0.26448402 	 1.8977149
0.28777483 	 1.476205
0.33875498 	 1.6468945
0.3316215 	 1.5183296
0.3255552 	 1.3980209
0.30574948 	 1.4953864
0.35799676 	 0.9742717
0.3261208 	 1.4219257
0.27876204 	 1.2264785
0.19524457 	 0.96751034
0.22272386 	 1.2812303
0.21235825 	 1.2875233
0.20882872 	 1.480479
0.20682746 	 1.4677999
0.23045966 	 1.6851921
0.1828629 	 1.6961766
0.11963842 	 1.2452887
0.10472509 	 1.8788968
0.11231256 	 1.5189867
0.113671154 	 2.4953678
0.08721178 	 1.7750723
0.12160375 	 1.3564254
0.1286486 	 1.6727378
0.1423213 	 1.134353
0.20678164 	 2.0465777
0.2061969 	 1.860083
0.19438387 	 1.9545462
0.2433757 	 1.8905938
0.18683177 	 0.84537035
0.17860346 	 1.6714185
0.17975946 	 2.0505435
0.16521083 	 2.0012734
0.16744305 	 1.4976864
0.15250535 	 2.4520516
0.15169361 	 1.3587205
0.14381683 	 1.6780752
Summary
0.0004118933  -  0.67613035 ,  0.7484383  -  3.7738774
accuracy:  100.0
equal predictions:  0
TensorFlow version: 1.13.1
Found 939 images belonging to 1 classes.
argN = 784
argN = 784
0.28722203 	 2.0748312
0.40426844 	 1.7434125
0.20419477 	 2.1473188
0.14179319 	 2.0296288
0.15125954 	 1.2941486
0.13116731 	 2.3148472
0.12976766 	 1.8281202
0.1156502 	 1.3240504
0.21218963 	 1.9448073
0.3043037 	 1.8074912
0.33846265 	 1.4154824
0.25203204 	 2.8563116
0.21305466 	 2.0078325
0.25564805 	 2.3185916
0.30289248 	 1.8676311
0.27489153 	 1.6369193
0.45623633 	 1.8233474
0.074103445 	 2.9463735
0.12636527 	 1.9699035
0.15249181 	 1.7851439
0.14084105 	 1.8215533
0.031448245 	 2.1003666
0.07229808 	 1.9630613
0.11180712 	 1.9142984
0.20865671 	 1.7559993
0.2576826 	 1.9295775
0.64682704 	 1.2535504
0.6056418 	 1.2135675
0.43668747 	 1.1993167
0.49071327 	 1.5338912
0.5306033 	 1.2845196
0.61144423 	 1.3825942
0.48088154 	 1.6197526
0.50258386 	 2.2430518
0.71300006 	 1.7394395
0.6754049 	 1.3634335
0.29012 	 1.9404122
0.15386978 	 2.4125528
0.11744097 	 1.9209896
0.06292392 	 2.1419342
0.056994367 	 1.6364815
0.18602294 	 1.4705687
0.16943721 	 1.4836527
0.095271595 	 2.5258334
0.13942684 	 1.6917285
0.07778795 	 1.3913273
0.11056756 	 1.5522512
0.24235836 	 1.9223775
0.084449925 	 2.3494053
0.05237003 	 1.7828497
0.044315916 	 1.4946955
0.014128968 	 2.8126652
0.004780555 	 1.7568495
0.0038328215 	 1.8116852
0.0025532627 	 2.068685
0.6170766 	 1.283697
0.5817701 	 1.3656046
0.46014428 	 1.2427988
0.48314938 	 1.2601801
0.53695667 	 1.4234263
0.39746022 	 2.0138621
0.34331247 	 2.778667
0.36252066 	 1.3977191
0.34650922 	 1.714566
0.15427008 	 1.4545954
0.07389254 	 2.1974137
0.04978513 	 2.0299323
0.11318478 	 1.9615229
0.1943411 	 1.5456593
0.09114666 	 1.4518313
0.08243355 	 1.9941728
0.0336411 	 2.3832138
0.059675246 	 1.9171512
0.07996096 	 1.5834208
0.060481884 	 1.3659309
0.042141452 	 2.4370308
0.055059373 	 2.1785686
0.02970046 	 2.163555
0.0115457745 	 1.995127
0.014128908 	 2.061185
0.014115245 	 2.3469505
0.015541053 	 2.0854344
0.02191962 	 2.1692004
0.044628613 	 1.6539818
0.05400353 	 1.7263799
0.070886575 	 1.3968275
0.08061542 	 1.2159237
0.058790874 	 1.5241083
0.08765015 	 1.1688327
0.07337811 	 0.80786383
0.084475674 	 1.4599138
0.06481487 	 1.146127
0.06693741 	 1.1504126
0.07387072 	 1.3337282
0.05231175 	 1.1485116
0.08541267 	 1.4573181
0.068992294 	 1.345334
0.069488116 	 0.7896955
0.05923587 	 0.7000528
0.062174235 	 0.8067792
0.054416128 	 1.6246985
0.03617065 	 1.7396398
0.06902384 	 1.7089657
0.05702024 	 0.8599384
0.050124984 	 1.6262408
0.053972702 	 1.3342212
0.048713937 	 1.2606711
0.06773972 	 1.0323225
0.05749368 	 1.3190967
0.07244533 	 1.0617642
0.040144928 	 0.7445634
0.037458774 	 0.92415893
0.04421779 	 1.1622746
0.0593685 	 1.0413653
0.051978618 	 1.0947841
0.051835794 	 1.4793451
0.04566181 	 1.0737971
0.034617957 	 1.6017432
0.031167064 	 1.3294674
0.029777521 	 1.1948283
0.025535196 	 1.6065401
0.028460857 	 1.4945712
0.024532167 	 1.9389356
0.025806477 	 1.2860223
0.028467357 	 0.8265756
0.02717434 	 1.1829578
0.036722552 	 1.2667652
0.029774634 	 1.0060207
0.024511276 	 1.4002284
0.021921203 	 1.4386036
0.021769509 	 1.8718151
0.023063542 	 1.2660714
0.020794287 	 1.0401915
0.019317038 	 1.9547651
0.01326094 	 1.5970503
0.020618243 	 1.9370034
0.016665941 	 0.8438604
0.015573865 	 1.0410599
0.018542496 	 1.0868237
0.02062743 	 1.378513
0.022244405 	 2.9025888
0.025786906 	 1.4293703
0.023362951 	 1.1495472
0.021920593 	 1.84722
0.022663249 	 1.0362526
0.017523706 	 1.368718
0.014128968 	 1.9294047
0.015169962 	 1.0421668
0.014128908 	 1.3396721
0.011549935 	 1.0600376
0.011544267 	 1.1093394
0.010289556 	 1.9370878
0.011955696 	 1.2620883
0.0076919827 	 1.2639176
0.014221525 	 1.881988
0.015345594 	 0.776586
0.015416352 	 1.7950242
0.029063622 	 2.4072855
0.020800617 	 1.0843409
0.029715257 	 1.8922002
0.01154499 	 1.0744513
0.014143053 	 1.7634684
0.027145188 	 1.3016385
0.02330017 	 1.6392761
0.016498256 	 1.000337
0.01802226 	 0.80807513
0.015423494 	 1.8085886
0.018380933 	 1.0723273
0.021922544 	 1.4832562
0.022198087 	 1.211136
0.025893576 	 0.9442821
0.028093463 	 0.9875341
0.03369683 	 1.047496
0.03829611 	 1.0761107
0.0402555 	 1.5743246
0.03546403 	 1.048027
0.04377824 	 1.6478404
0.04285729 	 1.4172047
0.056043897 	 1.4533036
0.054090478 	 1.0149342
0.057093315 	 0.98677367
0.060506262 	 0.9932387
0.06441245 	 1.4926955
0.07485474 	 1.7267873
0.087019935 	 0.8930108
0.08608514 	 1.1858276
0.07023947 	 1.3979565
0.055048477 	 1.747433
0.06651349 	 1.7823861
0.070510104 	 1.1768864
0.06004329 	 1.2145543
0.06796923 	 0.94184536
0.07532591 	 1.2304162
0.06306364 	 0.98256916
0.06759265 	 1.3096372
0.07580244 	 1.3863332
0.076057285 	 1.0242348
0.05946907 	 0.9224697
0.057760067 	 1.7737237
0.03977489 	 1.2910047
0.04033642 	 1.3982269
0.030019244 	 1.1631969
0.03237389 	 0.8204344
0.023226291 	 1.2487799
0.04619557 	 0.95430607
0.044593588 	 1.1042837
0.059459772 	 1.4334333
0.3499272 	 1.1339753
0.37058938 	 1.3006005
0.39219072 	 1.6137158
0.32166573 	 1.376328
0.286582 	 1.7520286
0.29793912 	 1.7491953
0.23473215 	 1.8686262
0.21514574 	 1.0823892
0.18563376 	 1.0424811
0.17641367 	 1.9262279
0.20138328 	 1.8281195
0.16448681 	 1.2879287
0.17965281 	 2.1591153
0.17517062 	 1.8842874
0.17076655 	 2.1981452
0.13499178 	 2.4068704
0.1393288 	 2.22169
0.17261249 	 1.4437258
0.14942999 	 1.6054661
0.15204586 	 1.0815395
0.1558249 	 2.261748
0.13660893 	 1.493293
0.11117376 	 1.5817167
0.09187108 	 1.8355021
0.1277634 	 2.5440848
0.11896564 	 1.839709
0.10504363 	 2.5900497
0.12706612 	 2.325927
0.110638395 	 1.7139405
0.121947095 	 2.3872128
0.16184251 	 2.134199
0.3322882 	 1.7450187
0.37123024 	 1.5375664
0.18582611 	 1.67319
0.1770706 	 2.4972641
0.17820548 	 1.411068
0.161626 	 2.2600217
0.18367562 	 1.9987432
0.21548158 	 1.6141553
0.480743 	 1.4142722
0.20752016 	 2.3469107
0.2029395 	 3.0710433
0.22383086 	 1.9368814
0.23261638 	 1.1270754
0.21703102 	 2.144513
0.19792758 	 1.9099202
0.17463836 	 2.270737
0.17490363 	 1.511294
0.11782454 	 2.2982743
0.11233651 	 2.1707947
0.14275922 	 1.5830213
0.13966067 	 1.4747409
0.12712413 	 2.091194
0.1310011 	 1.6073701
0.123186156 	 2.5953748
0.12105423 	 2.5055304
0.10330894 	 2.9249992
0.09154405 	 2.8584645
0.09756518 	 1.3774335
0.14045556 	 2.2806065
0.14686368 	 1.395926
0.16784601 	 2.2441537
0.19328149 	 1.6628256
0.18274553 	 1.6242952
0.24708265 	 1.8598605
0.23933597 	 1.5304171
0.16768973 	 2.0594847
0.14548169 	 2.3610597
0.1417758 	 1.08252
0.10056989 	 2.4684865
0.061831273 	 1.474924
0.08047924 	 1.5946956
0.07557504 	 2.5308151
0.09756078 	 2.4422262
0.11742777 	 1.671506
0.16149472 	 1.2255069
0.29248717 	 1.8908181
0.28583762 	 1.9764718
0.31596875 	 1.8073916
0.35795182 	 1.3247894
0.42516738 	 1.6777844
0.4799464 	 1.1969128
0.44747713 	 1.0752494
0.4690768 	 1.3310295
0.47569272 	 1.2149855
0.4385122 	 1.0264039
0.4033484 	 1.0482532
0.41659954 	 1.2366781
0.40046063 	 1.3497384
0.35861313 	 1.1984394
0.36278263 	 1.2784921
0.338936 	 1.3909539
0.32957077 	 1.3929472
0.29232043 	 0.8146207
0.27055395 	 1.7563099
0.28243056 	 1.7124171
0.16013482 	 2.3603332
0.15081961 	 2.4993975
0.14616235 	 0.9022022
0.17052746 	 2.1317823
0.21462981 	 2.0426104
0.21061845 	 2.174014
0.17447384 	 1.4506207
0.14695674 	 2.0020962
0.12916636 	 2.4037166
0.12166318 	 1.6285458
Summary
0.0025532627  -  0.71300006 ,  0.7000528  -  3.0710433
accuracy:  100.0
equal predictions:  0
