TensorFlow version: 1.13.1
Found 939 images belonging to 1 classes.
argN = 49
argN = 49
0.98735774 	 0.98845845
1.0054277 	 1.1003526
1.1172777 	 1.3533763
0.52267325 	 0.4647824
0.28600398 	 0.53310955
0.22949831 	 0.72764117
0.4059852 	 1.2319403
0.21559575 	 1.5268792
0.24354252 	 1.5716012
0.15637289 	 2.2957
0.07499087 	 2.4539597
0.1045562 	 1.9770153
0.35807598 	 1.6292194
0.3800702 	 1.4966908
0.30326542 	 0.7061369
0.30441928 	 0.5527616
0.5231226 	 0.76863784
0.62002695 	 1.527841
0.6134401 	 1.6110069
0.4819958 	 1.8452811
0.5026147 	 1.1319207
0.59022987 	 0.8633318
0.5188592 	 0.63461834
0.692943 	 0.7780425
0.41782385 	 0.72897
0.48755804 	 1.2849191
0.37185094 	 1.4192634
0.5557379 	 0.796746
0.35782385 	 0.96357006
0.017738398 	 0.6680355
0.02970224 	 0.6947584
0.095925994 	 1.2186589
0.18641786 	 1.2463464
0.19262336 	 0.96854067
0.3700756 	 0.8531016
0.8600504 	 1.1853786
0.821722 	 0.5666653
0.5426707 	 1.00641
1.1196504 	 1.777678
1.2506843 	 1.1687828
0.91780514 	 1.3084724
0.46295398 	 0.6432961
0.66040885 	 0.7756313
0.35707456 	 0.38125217
0.3238471 	 0.53333694
0.11872345 	 2.2401214
0.08392543 	 1.2346749
0.007660449 	 2.6770928
0.2704332 	 0.9479916
0.32377326 	 1.4605544
0.18995063 	 0.89044034
0.50710136 	 1.4657314
0.5523533 	 0.8026447
0.42905417 	 0.5313422
0.5183578 	 0.5736798
0.4128838 	 0.85185695
0.18851243 	 0.9140898
0.03439486 	 1.9975879
0.04895471 	 1.4133446
0.0068495674 	 1.122477
0.04414733 	 0.80372655
0.041295987 	 2.2656724
0.008579294 	 2.2377114
0.075087115 	 2.6334279
0.14911798 	 0.9331262
0.142087 	 0.72533613
0.30962625 	 0.8280925
0.35283443 	 0.734483
0.5725914 	 0.7033737
0.5561114 	 1.4707242
0.39557302 	 2.3365421
0.57424587 	 1.0677238
0.6417814 	 1.5312375
0.7462233 	 1.5851113
0.41025767 	 1.342536
0.5300174 	 0.9121643
0.2670188 	 0.5332908
0.19747457 	 0.37465072
0.21442898 	 0.5352792
0.08483337 	 1.8701768
0.0032776606 	 1.1255722
0.006159341 	 2.610369
0.119727306 	 1.5760704
0.2894566 	 1.285732
0.4274737 	 0.4909864
0.3733813 	 0.5358845
0.22403286 	 1.9346956
0.112596236 	 1.5843617
0.09690222 	 1.1526214
0.16934231 	 0.6760047
0.059129756 	 1.9599794
0.049117222 	 1.0684961
0.036654104 	 1.4720671
0.12627004 	 2.4237127
0.05632913 	 1.6212192
0.031132014 	 2.42839
0.27871314 	 1.6014472
0.15238392 	 0.81399536
0.26933706 	 1.3099058
0.14625527 	 1.8817493
0.0747871 	 1.00359
0.06765808 	 1.0135009
0.11287438 	 1.3590893
0.056429338 	 1.0107162
0.13098274 	 0.7061277
0.15202962 	 0.69348174
0.118644185 	 0.9341383
0.22816072 	 1.8156811
0.26226112 	 1.8633242
0.17801216 	 0.71565825
0.17640705 	 1.5257797
0.20196433 	 0.9691009
0.21586923 	 1.5112042
0.21024798 	 0.9699731
0.21083163 	 1.5047706
0.22400355 	 0.98446316
0.2518871 	 1.052372
0.16817698 	 0.77783895
0.23907839 	 1.4433241
0.19311063 	 1.3560236
0.11135263 	 1.024568
0.10148251 	 0.6596324
0.11299843 	 0.8913674
0.1298007 	 1.3644572
0.0749856 	 1.3226482
0.08517529 	 0.9129016
0.035366584 	 1.662831
0.0841292 	 1.5296218
0.11036799 	 1.9542837
0.12681967 	 0.97898084
0.101008356 	 0.69799346
0.08421647 	 2.077301
0.11277823 	 1.5522248
0.113127574 	 0.9336979
0.03225729 	 1.0081427
0.09550201 	 1.1743858
0.0910439 	 1.1194379
0.03824836 	 0.52310884
0.06029574 	 1.9232858
0.036021538 	 1.94108
0.008630276 	 1.163317
0.054406185 	 1.6282833
0.04504684 	 0.6216966
0.0043726657 	 1.455112
0.008442535 	 0.71976
0.05116595 	 2.3382688
0.04399223 	 2.0382862
0.07949115 	 1.0113361
0.09351809 	 1.7768328
0.019531874 	 0.67311484
0.0065734196 	 1.920905
0.050491538 	 1.8280101
0.070890285 	 2.2155294
0.040531795 	 1.1929718
0.02815918 	 0.4442366
0.062230308 	 1.1618115
0.028528254 	 2.056268
0.046124786 	 0.9434992
0.040925894 	 3.17421
0.13934456 	 1.7021506
0.18633348 	 2.4970708
0.16847321 	 2.1369176
0.17191643 	 1.8016176
0.14891623 	 1.5734768
0.079538524 	 1.1927013
0.06238281 	 1.007983
0.16254169 	 1.4661016
0.11267189 	 0.89506185
0.06704805 	 0.9570269
0.06867897 	 1.110822
0.09725736 	 0.5711098
0.12388519 	 1.0358143
0.06374341 	 1.0013402
0.07285029 	 1.5147448
0.08969984 	 1.0847095
0.05659893 	 1.5463113
0.0269112 	 1.3669556
0.053391144 	 1.1452496
0.02889495 	 1.1833011
0.04506168 	 0.41692686
0.029972443 	 1.5472755
0.0654154 	 0.8966474
0.0227666 	 1.0085698
0.059449587 	 2.3098629
0.0795888 	 1.5937164
0.07070066 	 0.6898335
0.09714733 	 0.7613859
0.058162976 	 2.2233741
0.10579873 	 1.7722896
0.10494128 	 1.5630105
0.03463659 	 2.1215575
0.015763313 	 2.0452552
0.00393963 	 0.43368596
0.009594545 	 2.3916388
0.024558006 	 1.1787415
0.005459642 	 1.4463432
0.020004673 	 1.1656501
0.043894883 	 0.48780826
0.010597816 	 0.5947852
0.04497888 	 0.9863067
0.042867552 	 1.6690799
0.029636849 	 1.5203273
0.018313728 	 0.65703064
0.012345147 	 1.7237276
0.53842694 	 0.54189813
0.344279 	 0.70446086
0.5099964 	 0.73572606
0.3829397 	 0.81758994
0.34876055 	 0.7951548
0.22763394 	 0.71168816
0.21076739 	 1.2353227
0.16549015 	 0.98961806
0.19813997 	 0.8849799
0.3727612 	 1.1606125
0.34150055 	 1.0074501
0.31233385 	 1.3311728
0.28309217 	 1.4006857
0.17562956 	 0.6568437
0.22318727 	 1.0578433
0.1944454 	 1.251653
0.18265101 	 0.8123781
0.21376845 	 0.7175999
0.102647446 	 1.2081722
0.1658577 	 1.4727168
0.15282156 	 1.9248755
0.112191536 	 0.80575734
0.11534098 	 1.5042068
0.20524624 	 1.1673075
0.10530154 	 1.7010845
0.09970999 	 1.334195
0.14223018 	 0.85613066
0.14232323 	 0.5863426
0.23338574 	 0.96540475
0.24317524 	 0.8268609
0.26856792 	 1.3853968
0.27523926 	 1.1955342
0.32500648 	 0.6901349
0.40947747 	 0.9064748
0.24198915 	 1.5007325
0.89461625 	 0.80192375
0.25903016 	 0.35104814
0.3272312 	 1.7068126
0.045891054 	 1.3247479
0.2108794 	 0.8591186
0.30255362 	 1.1087902
0.5540686 	 0.7872555
0.10472966 	 1.8838878
0.119394794 	 0.41655505
0.12983674 	 1.6381257
0.16320628 	 0.93882954
0.11932669 	 0.6398653
0.12712812 	 0.8183661
0.20816864 	 0.62038976
0.22008945 	 1.32574
0.24023443 	 0.763348
0.18158914 	 1.2418535
0.18748653 	 0.88370144
0.1906155 	 0.8779035
0.2829921 	 1.3059269
0.27448148 	 1.0591387
0.35652545 	 1.2358929
0.33355576 	 0.7310724
0.26956797 	 0.71070325
0.31405324 	 0.6681085
0.17343876 	 0.42558748
0.19258152 	 0.8175003
0.13673767 	 0.8254905
0.28335905 	 1.1425236
0.1434169 	 0.76250213
0.19167496 	 1.2353138
0.20685612 	 1.0736514
0.08701252 	 1.6963291
0.122684956 	 1.6133031
0.32557023 	 1.5656759
0.17779063 	 0.8687406
0.15806696 	 1.2827994
0.2680377 	 0.7787873
0.1926259 	 0.8718044
0.30243602 	 0.84604466
0.3723698 	 0.41143236
0.5391151 	 0.64185035
0.5451363 	 0.5617377
0.41474798 	 0.3340601
0.7691115 	 0.6500018
0.73890215 	 0.45702487
0.6510519 	 0.33878008
0.45172113 	 0.33943468
0.62150437 	 0.4359095
0.37326977 	 0.2825373
0.47682798 	 0.3337984
0.5133649 	 0.23099688
0.4875225 	 0.41241348
0.3435269 	 0.25361001
0.41353732 	 0.7512099
0.39566508 	 0.49962613
0.32852513 	 0.92878896
0.24199605 	 0.6108132
0.30910784 	 0.5342527
0.15607513 	 0.56499505
0.16385816 	 0.9824601
0.28718048 	 0.9873987
0.45906156 	 1.7014347
0.2968686 	 1.210479
0.3018995 	 0.9826206
0.2879171 	 0.4944127
0.36476204 	 0.64766896
0.33755285 	 0.7048274
0.2666743 	 0.35482442
0.2951675 	 0.7991639
0.1589284 	 1.0765914
0.3236356 	 1.2459365
0.26116794 	 1.0137239
0.2557809 	 1.486525
Summary
0.0032776606  -  1.2506843 ,  0.23099688  -  3.17421
accuracy:  95.2
equal predictions:  0
TensorFlow version: 1.13.1
Found 939 images belonging to 1 classes.
argN = 49
argN = 49
0.94812405 	 2.116284
0.6115283 	 1.0378237
0.53123516 	 0.80532104
0.6172465 	 0.6142353
0.77496725 	 1.5090474
0.2819374 	 1.1021271
0.27179655 	 1.618428
0.22977301 	 1.3014731
0.15340431 	 1.609536
0.087862484 	 1.1519637
0.098316565 	 1.1286951
0.07413567 	 1.7392908
0.3358725 	 1.9466708
0.37337297 	 1.3119774
0.3602968 	 1.5632261
0.3094062 	 1.2929893
0.31965846 	 1.1208494
0.253812 	 1.7556208
0.18352537 	 0.9152819
0.3733076 	 0.4549587
0.40871528 	 0.8066073
0.5487469 	 0.7266581
0.2929744 	 0.7046488
0.34685165 	 1.0255598
0.5649381 	 1.3812371
0.40388274 	 0.5517393
0.11224748 	 1.2611185
0.11054266 	 1.2464486
0.04322106 	 0.77931285
0.08073877 	 1.2888505
0.06256344 	 0.8658507
0.34538138 	 1.9854016
0.44193828 	 0.7762819
0.485717 	 0.833503
0.7892412 	 1.1213486
0.7422057 	 1.208503
0.25696135 	 1.6880302
0.6667348 	 1.4630678
1.0723197 	 0.73953456
0.92135406 	 0.8580336
0.7253429 	 0.7910995
0.64117616 	 0.98998946
0.424056 	 0.56124467
0.37453187 	 0.6740949
0.4232264 	 0.48170888
0.117627606 	 1.426423
0.11147263 	 1.8676842
0.035001706 	 1.7629193
0.018304866 	 1.7920681
0.18477319 	 0.78307277
0.2358404 	 1.0389718
0.34529248 	 1.4085497
0.29796532 	 1.2194622
0.30995256 	 1.5159861
0.15093009 	 1.0817705
0.54266393 	 1.0350914
0.18842247 	 0.7864917
0.44337586 	 0.7047394
0.5394586 	 0.4836102
0.42644882 	 0.7677811
0.32864302 	 1.2568953
0.0563874 	 1.1870209
0.016595094 	 1.4207698
0.13384329 	 1.0893053
0.24350671 	 0.63456976
0.12527879 	 1.7644514
0.5585388 	 1.068872
0.5364292 	 0.64508677
0.50298095 	 1.9689573
0.43482563 	 0.7283481
0.30099964 	 1.0836185
0.33239374 	 1.2464216
0.23127116 	 1.6074213
0.42772004 	 2.078049
0.39816818 	 1.7595241
0.20169893 	 0.9404998
0.3880307 	 0.8746069
0.34796077 	 0.8742585
0.6072193 	 1.8972553
0.31378466 	 1.2860894
0.23752187 	 1.2993195
0.26212996 	 1.5419232
0.4300272 	 1.552838
0.08718927 	 1.3921888
0.24408652 	 1.3609501
0.20022933 	 1.2266814
0.3023273 	 2.403956
0.21188194 	 1.1172715
0.07943572 	 1.7371708
0.052710705 	 1.9360329
0.08902494 	 1.498748
0.064982906 	 1.0069499
0.058491662 	 1.7291048
0.059826788 	 1.8807887
0.00726105 	 2.5659745
0.08626367 	 1.1374677
0.11134397 	 1.3528912
0.019652896 	 1.1045911
0.1400218 	 1.1367178
0.24258024 	 1.4471775
0.2312744 	 2.2644079
0.19844325 	 1.6095641
0.15698652 	 0.79427433
0.119050235 	 1.3231102
0.16604733 	 0.9264572
0.20216306 	 1.877046
0.13008355 	 1.2636108
0.09364389 	 2.1722016
0.0986101 	 0.9537001
0.040578287 	 1.1352005
0.06758748 	 2.2138197
0.07385692 	 2.0893724
0.035719983 	 1.9617438
0.047870148 	 1.8824673
0.04681281 	 2.2104607
0.05469196 	 2.284003
0.06232489 	 0.43129697
0.023795387 	 2.6633449
0.084814616 	 0.5186581
0.10469796 	 0.8382253
0.15038508 	 1.656215
0.072981596 	 1.2681702
0.14025603 	 1.2343134
0.09062622 	 0.96458745
0.11357539 	 0.40968522
0.10991156 	 1.2387636
0.09197047 	 1.1280752
0.07427728 	 1.3269958
0.031242702 	 1.3147677
0.022461394 	 1.0862577
0.023118682 	 0.4474621
0.06811036 	 0.96109134
0.04886658 	 1.5173434
0.057938606 	 1.5895095
0.029944375 	 2.0240934
0.07670109 	 1.82879
0.06360918 	 2.5970633
0.063871555 	 1.1814762
0.033506233 	 0.73000383
0.052941196 	 1.6005226
0.06714284 	 1.377402
0.051353227 	 1.7260212
0.036889274 	 1.8091342
0.043780297 	 0.42740998
0.044955064 	 1.0674102
0.029864475 	 1.2539623
0.051283207 	 1.1608617
0.033612005 	 1.5219594
0.0107410755 	 0.56295353
0.013383923 	 2.2303808
0.012163947 	 1.3503407
0.023827007 	 1.6021943
0.01513559 	 0.55730265
0.034375366 	 1.0457829
0.01162157 	 1.6889966
0.06392651 	 0.745137
0.02648837 	 1.7678996
0.01015732 	 1.5735785
0.018371947 	 1.3784488
0.0048376922 	 1.3207633
0.010282329 	 1.465551
0.017809872 	 1.5527979
0.005214015 	 1.1834075
0.014874447 	 1.2622676
0.05896517 	 1.5879737
0.029668162 	 1.4870813
0.07332244 	 0.9799669
0.053665873 	 1.7608596
0.108691424 	 1.331587
0.08641995 	 0.5162796
0.13064145 	 1.4932084
0.10897932 	 0.5534332
0.12474541 	 0.683891
0.080219775 	 1.300428
0.062833026 	 1.1111476
0.18276657 	 1.1507764
0.15430701 	 1.485345
0.14912198 	 0.95272493
0.14456178 	 1.1872121
0.116559215 	 0.98754495
0.09348655 	 1.3446553
0.09600512 	 1.0216179
0.06641998 	 1.0485423
0.08738531 	 0.92409825
0.061184358 	 0.870125
0.058065694 	 1.4158626
0.044903506 	 1.2634611
0.033954855 	 1.4531902
0.06409116 	 1.6937655
0.03278936 	 0.9811795
0.04002202 	 1.4854348
0.035865963 	 1.685549
0.0365775 	 0.85672057
0.042443644 	 0.91149294
0.05150483 	 0.8162587
0.029422225 	 1.3352805
0.028868692 	 0.9096007
0.018149775 	 1.0035381
0.03928304 	 1.553715
0.29688025 	 0.8240228
0.28201836 	 0.9597442
0.20795354 	 0.5544554
0.2860342 	 0.7259801
0.24563539 	 0.86803627
0.23934892 	 0.92452157
0.3629209 	 0.7241459
0.14234543 	 1.4231541
0.17266625 	 1.1556427
0.19581002 	 1.4444004
0.1003101 	 1.1842748
0.090753414 	 1.6835709
0.076137036 	 2.1642718
0.15306409 	 1.6677477
0.08621104 	 1.5356287
0.08379962 	 1.8890045
0.06202037 	 3.1666393
0.03526958 	 2.0249112
0.02555097 	 1.5047902
0.020238511 	 0.998616
0.03277242 	 1.9061625
0.019752469 	 1.9481972
0.046408392 	 1.4200792
0.03752214 	 2.6478004
0.013107113 	 0.890532
0.01606006 	 0.8617575
0.013454421 	 0.8571371
0.02053659 	 2.2404892
0.11274614 	 2.1719213
0.054516457 	 1.6060039
0.01827421 	 1.6720316
0.26016745 	 1.2256768
0.24354625 	 1.119208
0.11011876 	 1.1268319
0.13140649 	 0.97711617
0.121752724 	 1.4414417
0.1033511 	 2.109967
0.15275142 	 2.0219514
0.3294285 	 1.2781277
0.17845652 	 1.0304973
0.19922028 	 2.1787777
0.08076804 	 1.6403347
0.15424156 	 0.78565776
0.15585025 	 1.3829519
0.09837378 	 2.0260272
0.10818774 	 1.6357164
0.16642657 	 1.2425694
0.17475916 	 0.89793724
0.10775448 	 2.0960748
0.124696255 	 1.7515595
0.110089876 	 1.2914066
0.055485386 	 1.6761163
0.065118335 	 1.4552407
0.009811816 	 2.4195406
0.04261008 	 3.0683208
0.023982491 	 1.0222327
0.022111857 	 1.4090782
0.118090995 	 1.3162608
0.11909562 	 1.8798553
0.1322 	 0.7303986
0.12787814 	 0.7510981
0.17676648 	 1.3237537
0.25464258 	 1.4530339
0.2901275 	 1.059445
0.33482224 	 1.2010764
0.3287866 	 0.6821284
0.480231 	 0.4645091
0.30715445 	 0.9288249
0.2866802 	 0.79085153
0.30724552 	 0.8679278
0.27589518 	 1.5569247
0.14204344 	 1.0258828
0.23505858 	 0.82010436
0.14243339 	 2.4547985
0.097581014 	 0.953646
0.10993139 	 0.6574826
0.121598296 	 0.86284846
0.187143 	 0.88675666
0.16637419 	 0.6740071
0.405308 	 1.5045996
0.41434675 	 0.96858966
0.49428847 	 0.936182
0.2883194 	 0.63070303
0.27472448 	 0.5218749
0.3986627 	 0.43703952
0.2807555 	 0.4793288
0.25464904 	 0.64530903
0.31001472 	 0.6352332
0.32156387 	 0.59302926
0.29043195 	 0.76790786
0.18526001 	 1.4857332
0.103965245 	 1.0720953
0.33650517 	 0.9390252
0.27290297 	 1.1040862
0.22671472 	 1.6240518
0.2911028 	 1.8644351
0.19678922 	 1.2114912
0.21728253 	 1.1512077
0.25998932 	 1.1044918
0.21530378 	 0.9413025
0.26996875 	 1.0616984
0.21247819 	 1.3425862
0.3311968 	 0.51407284
0.33878243 	 0.8716773
0.2519338 	 1.2214046
0.3380148 	 0.8303842
0.35026285 	 0.7889503
0.45031697 	 0.6591621
0.28884855 	 0.76553696
0.2935143 	 0.8593984
0.5116604 	 0.5573947
0.18297382 	 0.6549799
0.14250997 	 1.6748282
0.17102084 	 0.8579532
Summary
0.0048376922  -  1.0723197 ,  0.40968522  -  3.1666393
accuracy:  98.4
equal predictions:  0
TensorFlow version: 1.13.1
Found 939 images belonging to 1 classes.
argN = 49
argN = 49
0.5657612 	 0.6072186
0.35228452 	 0.36320275
0.2689981 	 0.42722666
0.22931321 	 1.0549603
0.073974684 	 1.3128102
0.020108907 	 1.392025
0.06416158 	 1.0723044
0.026701996 	 1.2417681
0.37037805 	 1.0978435
0.39094898 	 1.0675455
0.5994656 	 1.1273146
0.4500722 	 0.80735475
0.32294604 	 0.72647786
0.46675754 	 0.8416465
0.31400985 	 0.8152698
0.09932541 	 1.025545
0.13127136 	 0.37875733
0.03125937 	 1.143109
0.013605161 	 1.1853138
0.0161909 	 1.2010082
0.094484374 	 0.83897316
0.3286493 	 0.79387647
0.47655532 	 0.6966748
0.50662225 	 0.8176184
0.44752273 	 1.0152203
0.38909447 	 1.3964623
0.44831622 	 0.74647456
0.41684267 	 0.5641952
0.25541633 	 0.52718365
0.7549836 	 0.85307556
0.409224 	 0.8352381
0.7345338 	 0.44433597
0.73515797 	 0.8090763
0.59596735 	 0.5146786
0.42704523 	 0.58329546
0.6476054 	 0.96738535
0.5576527 	 0.6302763
0.30735496 	 0.6679183
0.13785659 	 0.7922948
0.5428502 	 0.5190986
0.2977756 	 0.5269513
0.10504012 	 0.44073004
0.23799121 	 0.70169383
0.2126232 	 0.6136951
0.21025799 	 1.2185688
0.09807859 	 0.5000558
0.11846609 	 1.2246836
0.39361423 	 1.4537182
0.25199187 	 1.003935
0.60379416 	 0.8542506
0.73529077 	 0.9055641
0.54535574 	 0.94411665
0.3715829 	 1.210044
0.35568464 	 1.1477201
0.2598131 	 1.2860321
0.34294823 	 0.73468876
0.34001067 	 1.1767036
0.2917586 	 0.77698404
0.31073916 	 1.0996839
0.28475335 	 0.7602512
0.19398159 	 0.63610095
0.012412615 	 1.491676
0.0061999434 	 1.3041601
0.06758735 	 0.93887144
0.34588507 	 0.75101095
0.15952297 	 0.55933017
0.36290547 	 0.8102433
0.50003546 	 0.79522955
0.6277896 	 0.59316397
0.38617274 	 0.6410274
0.18663844 	 0.5970917
0.35627577 	 0.73605925
0.49489263 	 0.74994344
0.33727905 	 0.45185757
0.3281035 	 0.7003144
0.515227 	 0.74501103
0.3648896 	 0.6361488
0.28425583 	 0.5395144
0.26707563 	 0.42909354
0.18866265 	 0.90044504
0.12550332 	 0.49192166
0.27973583 	 0.8958734
0.15408565 	 1.3078935
0.14129837 	 1.0095136
0.010781865 	 1.4585687
0.21232723 	 1.6308699
0.35462308 	 1.1660525
0.29629394 	 0.8606821
0.357156 	 1.2492191
0.40808383 	 1.1189753
0.40216452 	 1.2891076
0.41552407 	 0.8207703
0.4562574 	 1.1894746
0.11472068 	 0.7523239
0.28275856 	 1.0062655
0.11639501 	 0.976083
0.09100897 	 1.1024368
0.19310795 	 1.1981957
0.093557686 	 0.85850334
0.037915923 	 1.4571157
0.080917254 	 1.0404243
0.063293606 	 1.4242778
0.018882163 	 1.8336086
0.013085493 	 0.42494455
0.34252912 	 0.79791886
0.21174853 	 0.8594561
0.21720351 	 0.7624025
0.3026543 	 1.0737131
0.25872454 	 0.93153554
0.120005764 	 1.1134793
0.075890146 	 0.71551025
0.13373005 	 0.71196705
0.08760279 	 0.6814232
0.14916489 	 0.7542456
0.14279154 	 0.7650275
0.22084008 	 0.8499517
0.19522515 	 1.229058
0.22638315 	 1.0325247
0.20861287 	 0.55894643
0.18718582 	 0.9599522
0.42321846 	 0.89605856
0.40460715 	 0.897691
0.40805596 	 0.5953434
0.24809505 	 0.8589586
0.19381313 	 0.7600476
0.21274374 	 0.78351617
0.25060463 	 0.89373755
0.3252719 	 1.0110377
0.2973905 	 0.9819535
0.1962063 	 0.8454671
0.2511781 	 0.78030777
0.17946891 	 1.7819277
0.1738628 	 0.87192416
0.2011224 	 1.1271819
0.19753586 	 1.1707693
0.2648427 	 0.97598
0.21694009 	 0.68809795
0.3215637 	 0.86431026
0.3923784 	 0.9152645
0.42034474 	 1.0493912
0.19706109 	 0.8912886
0.19094083 	 0.576651
0.22529848 	 0.4512877
0.13696821 	 0.9832268
0.12515882 	 0.74239564
0.14910476 	 0.7570768
0.17380308 	 0.56586134
0.17971687 	 0.9365042
0.10680083 	 1.3098781
0.12514213 	 1.8017007
0.13076745 	 1.1339462
0.13152313 	 1.1746547
0.15793572 	 1.0169882
0.053824622 	 1.091676
0.11543115 	 0.42165962
0.16860668 	 1.343803
0.07348857 	 0.71275204
0.11631151 	 0.33874354
0.091221616 	 1.2185402
0.09575721 	 1.0571303
0.12055363 	 1.1051418
0.10616447 	 0.50573
0.08653134 	 1.0510143
0.12563753 	 0.4306334
0.12450695 	 0.899275
0.12507173 	 0.986409
0.09322873 	 0.8987434
0.08245329 	 1.3146752
0.034638196 	 1.287388
0.056784518 	 0.7399396
0.08726589 	 0.929417
0.08047982 	 1.182517
0.08045456 	 1.1925441
0.091408454 	 0.9698989
0.10781569 	 0.566975
0.0383246 	 1.1549376
0.05863854 	 0.847611
0.07063746 	 0.87344426
0.1416809 	 1.0867159
0.0646089 	 0.70975137
0.048944883 	 0.19065705
0.037945453 	 1.0860275
0.018775629 	 1.9155188
0.049405746 	 1.167362
0.06893935 	 0.3935916
0.013098476 	 1.8312899
0.018280098 	 1.3064148
0.019871268 	 1.121969
0.01766238 	 0.73226565
0.036170896 	 1.0899252
0.019979803 	 1.2255743
0.022356734 	 1.1252944
0.26957095 	 0.4640312
0.23979017 	 0.5772609
0.44144714 	 0.5684183
0.37437913 	 0.72878605
0.618995 	 0.46046692
0.44340745 	 0.7051612
0.3089095 	 0.86002487
0.39152113 	 0.40920192
0.4547932 	 0.86991644
0.27548298 	 0.49579546
0.32976338 	 0.7193722
0.269835 	 0.69839394
0.3535328 	 0.95683414
0.2841566 	 0.6945514
0.47532487 	 0.6850313
0.34148285 	 0.39447394
0.28773317 	 0.51658463
0.20598875 	 0.5450263
0.1935501 	 0.70751953
0.19643384 	 0.44274777
0.13390994 	 0.48771626
0.16605367 	 0.7977048
0.56265795 	 0.54188216
0.33359787 	 0.64407295
0.5025065 	 0.5006043
0.46913663 	 0.9283262
0.372179 	 0.8262415
0.34122097 	 0.720697
0.2636045 	 0.6955327
0.3087613 	 1.152906
0.43866664 	 0.8488544
0.4912717 	 0.7228282
0.7175198 	 0.54748946
0.500339 	 0.87847024
0.43134716 	 0.5005529
0.54594797 	 1.4128069
0.47804993 	 1.0185983
0.4996212 	 1.0738758
0.5871136 	 0.76780176
0.4722988 	 0.75803035
0.42724705 	 0.41001567
0.64237595 	 0.5409644
0.5352467 	 0.5705357
0.5020322 	 0.9094312
0.41954485 	 0.6490052
0.26446748 	 0.8317047
0.2346451 	 1.0289434
0.34212154 	 0.584674
0.369937 	 0.87560403
0.44699582 	 0.66047424
0.29458508 	 1.0366322
0.40514094 	 0.77799046
0.4552295 	 1.1273673
0.4725814 	 1.4906032
0.39201596 	 0.5312624
0.48010245 	 0.6142829
0.25001806 	 1.4467977
0.34686783 	 0.9033779
0.45735198 	 1.1119545
0.42162508 	 1.5375947
0.45245948 	 0.92632324
0.6114796 	 1.131425
0.53884614 	 0.49208954
0.44434914 	 0.993531
0.3286119 	 0.4612213
0.2892514 	 0.92349774
0.28701672 	 1.0377026
0.2735023 	 0.33014932
0.29027474 	 0.53331673
0.16160107 	 0.62175405
0.24859658 	 0.65226024
0.3242099 	 0.4993236
0.27932042 	 0.500873
0.27714375 	 0.66344154
0.19832768 	 0.47952154
0.2941706 	 0.62766916
0.20624782 	 0.6137747
0.14674951 	 0.7217694
0.21670562 	 0.78599036
0.19640388 	 0.90468204
0.27839142 	 0.44465837
0.17539306 	 0.8941735
0.09152804 	 0.739562
0.11371389 	 0.89142317
0.18325493 	 0.49562246
0.23204212 	 0.6612905
0.29434353 	 0.5810239
0.3994239 	 0.9705335
0.25218958 	 0.38969505
0.27648568 	 0.19656138
0.2590877 	 0.24615087
0.31869912 	 0.10160931
0.22645992 	 0.25539201
0.32141128 	 0.31431445
0.16453318 	 0.42773667
0.09142478 	 0.3043252
0.09335828 	 0.31408057
0.17586966 	 0.40994474
0.20221253 	 0.5231618
0.21419501 	 0.36476803
0.073629454 	 0.43875268
0.13527425 	 0.7181536
0.18040782 	 0.43616763
0.17347464 	 0.6234396
0.20838849 	 0.8106313
0.29454532 	 1.0246038
0.27599022 	 0.95686424
0.1839168 	 0.8491651
0.24697568 	 0.8452203
0.26303846 	 0.2781805
0.311528 	 1.0812654
0.14525174 	 0.84623635
0.12303043 	 0.4947579
0.12695561 	 0.65186185
0.17153221 	 1.3270204
0.1978062 	 0.53175193
0.20955963 	 0.970758
0.2300573 	 0.5941669
0.30171025 	 0.5732069
0.22076048 	 0.73690873
0.2628057 	 0.9700187
Summary
0.0061999434  -  0.7549836 ,  0.10160931  -  1.9155188
accuracy:  95.2
equal predictions:  0
TensorFlow version: 1.13.1
Found 939 images belonging to 1 classes.
argN = 49
argN = 49
0.7063519 	 0.86961335
0.67116064 	 0.4690067
0.4524203 	 0.55531853
0.4152398 	 0.8229348
0.38374943 	 0.43509725
0.46030778 	 0.69029105
0.1649744 	 0.4518423
0.2350741 	 0.95335335
0.3026626 	 1.7662078
0.06867923 	 1.1033938
0.06012045 	 1.9891548
0.23640075 	 1.5589291
0.3341477 	 0.8263665
0.1285617 	 0.6235921
0.06711555 	 1.0188519
0.21565135 	 0.8636894
0.3476469 	 0.832212
0.2738377 	 0.511976
0.28947762 	 1.108395
0.32747984 	 1.2453973
0.25642172 	 0.8052913
0.24140707 	 0.5792794
0.10229765 	 0.7850453
0.6475235 	 1.083517
0.4395295 	 0.6966564
0.37223053 	 0.7584216
0.22706455 	 1.8208973
0.0021951431 	 1.4246253
0.031794045 	 0.7220402
0.43478215 	 1.1155722
0.47918528 	 1.1778644
0.49449477 	 0.65265095
0.48738936 	 1.0609348
0.43862855 	 1.1068484
0.44899806 	 0.22375989
0.76016617 	 1.0765314
0.6442325 	 1.3461175
0.4573823 	 0.6597889
0.47304714 	 0.87307745
0.54325885 	 0.7033503
0.34335482 	 0.4685931
0.19716997 	 1.5249215
0.65324783 	 0.76053244
0.2219325 	 1.1793059
0.12162381 	 0.6865113
0.17414269 	 1.2197772
0.057581183 	 1.650857
0.013451944 	 1.7397164
0.040553708 	 2.1180224
0.13429299 	 1.070051
0.07118151 	 1.083237
0.022296393 	 0.9930659
0.408577 	 0.6323582
0.17233281 	 1.1912221
0.32568324 	 0.5672041
0.2398135 	 0.67384773
0.2933642 	 1.1615945
0.4403424 	 0.5577258
0.3786017 	 0.5974692
0.080431566 	 0.6776826
0.0023103799 	 0.683538
0.006848367 	 2.4694834
0.03404384 	 1.6571482
0.10816629 	 0.92944664
0.22933389 	 0.9692316
0.45120504 	 0.36239973
0.41028768 	 0.6570387
0.31632814 	 0.7176482
0.4091797 	 0.776159
0.26336446 	 0.7238137
0.22919364 	 0.32312012
0.56003004 	 0.7843862
0.12755436 	 1.2325686
0.097316094 	 1.115967
0.06797587 	 1.4371594
0.07790231 	 1.2725786
0.114305295 	 1.591031
0.13338475 	 0.38485008
0.25455302 	 0.8688135
0.10632488 	 1.2615387
0.18903507 	 0.7228303
0.22033563 	 0.83590806
0.30655187 	 0.9032398
0.14653769 	 1.4967557
0.0684274 	 0.5701398
0.12431754 	 1.098413
0.25550643 	 1.3297548
0.19003193 	 1.457791
0.09931257 	 1.3098373
0.094305865 	 1.022025
0.068384 	 1.3053782
0.04419879 	 0.4738079
0.031004125 	 0.9714071
0.12547871 	 1.6362085
0.10678511 	 0.93630606
0.024270391 	 1.3307514
0.054725137 	 0.7399458
0.03248219 	 1.4673481
0.036992557 	 0.53119725
0.04131245 	 0.96222645
0.044063114 	 0.90929806
0.027900008 	 0.7089968
0.035334967 	 1.4852058
0.032403562 	 1.3361611
0.030168017 	 1.2490203
0.10835805 	 0.8433544
0.17561726 	 1.10318
0.16429318 	 0.84143907
0.1710651 	 0.93323386
0.13629828 	 0.58380485
0.16500077 	 0.6005391
0.22608383 	 0.8644278
0.23713495 	 0.58767706
0.19032736 	 0.95409656
0.2252442 	 0.83343166
0.25673372 	 0.7401932
0.17001235 	 0.26327705
0.14096546 	 1.0327317
0.25821018 	 1.0707244
0.33538008 	 0.979152
0.29453707 	 1.1278071
0.3075456 	 0.2731565
0.27278733 	 1.1104913
0.21636456 	 0.7260546
0.26135302 	 0.8046078
0.2613268 	 0.8435693
0.38183862 	 0.9037442
0.34987816 	 0.69900435
0.34630308 	 0.88841516
0.2088459 	 1.0518982
0.27295983 	 1.3728454
0.19986501 	 0.9188108
0.2669042 	 0.8794872
0.12020142 	 0.9549727
0.15590556 	 1.607986
0.14555104 	 0.6456127
0.12788174 	 0.86573535
0.108900495 	 1.4626552
0.16680601 	 1.0551232
0.17008767 	 1.1515713
0.17153971 	 0.9960751
0.10406617 	 0.7672582
0.08501324 	 0.8667477
0.09115685 	 0.9266829
0.08908814 	 0.92779136
0.047363557 	 0.9151945
0.051434927 	 0.93673396
0.10339109 	 0.95715356
0.08049662 	 0.08408374
0.13500871 	 0.5418301
0.14301817 	 2.0020204
0.14323777 	 2.3301415
0.13093981 	 1.5808372
0.10561495 	 2.0289211
0.06899127 	 2.1258273
0.14155954 	 1.667653
0.24000815 	 1.3149296
0.10265379 	 0.5067596
0.15906382 	 1.0106226
0.17602076 	 0.88932836
0.08063939 	 1.1885756
0.10571585 	 0.20697282
0.0610736 	 1.2920167
0.05890441 	 1.3255998
0.056386705 	 2.1016428
0.06621235 	 1.2267681
0.123164244 	 0.3707304
0.082088746 	 0.52036166
0.15083362 	 1.1746044
0.10566199 	 0.88853574
0.17198333 	 0.6331231
0.22837618 	 1.121189
0.21439663 	 0.69794804
0.22569996 	 0.18342197
0.21413572 	 0.9383134
0.26601312 	 1.235772
0.17434299 	 1.4837072
0.20116949 	 1.3191439
0.19161569 	 0.764963
0.19325575 	 0.73658985
0.20769519 	 0.31910244
0.15749446 	 0.3853538
0.16714008 	 0.594993
0.14047132 	 0.61808556
0.15050438 	 0.7956878
0.20605642 	 1.0816989
0.18017511 	 1.2415366
0.12966457 	 0.44307595
0.1215005 	 1.1013008
0.11394893 	 0.62255603
0.08385465 	 1.3184785
0.13942713 	 1.0458195
0.10307031 	 0.93132484
0.06853725 	 0.99329597
0.099394664 	 1.3870641
0.06551111 	 1.0987647
0.028717168 	 0.7373746
0.014273158 	 0.69335127
0.013296638 	 0.65351397
0.01302589 	 0.96501917
0.010574202 	 1.4398811
0.24797688 	 1.4855855
0.4774622 	 1.1328341
0.22741184 	 0.99497694
0.19336452 	 0.93135464
0.09631833 	 1.1403439
0.063979 	 0.6500874
0.12417493 	 0.7512728
0.11882219 	 1.3706319
0.26411378 	 1.2349885
0.19246764 	 0.7403639
0.123663664 	 0.96463764
0.1130314 	 1.249618
0.1289145 	 0.57091266
0.12233933 	 1.0415204
0.09088774 	 1.3954984
0.045593247 	 1.0315633
0.026797133 	 1.4410613
0.10682478 	 0.6800414
0.0713062 	 1.1799597
0.083936974 	 1.3285009
0.07695462 	 1.427209
0.094054386 	 1.2541243
0.11327475 	 0.8692118
0.38498837 	 0.689217
0.21616869 	 0.49410227
0.17338963 	 0.84808457
0.13446078 	 1.1772182
0.1290154 	 1.4020059
0.13554874 	 0.8991747
0.0537321 	 0.67625153
0.16345885 	 1.0456619
0.1736231 	 1.0776983
0.26840842 	 0.75750035
0.33303297 	 0.8632426
0.3194256 	 0.89672714
0.17631918 	 1.0955044
0.099072 	 1.2692765
0.06849729 	 1.8133656
0.114755444 	 1.0893599
0.07000259 	 0.9274998
0.1783897 	 0.9338133
0.23135394 	 0.8828945
0.27727902 	 0.9995599
0.15119117 	 0.13609475
0.11037505 	 0.8828622
0.17029217 	 0.6377544
0.10902685 	 1.1748176
0.08201557 	 1.0811495
0.06828023 	 1.3093027
0.114854924 	 1.1916981
0.0625083 	 2.0467706
0.03510739 	 0.6430298
0.07032886 	 1.3022157
0.100577205 	 1.2623354
0.12573498 	 1.1475579
0.12043139 	 0.8146013
0.22547948 	 1.1066093
0.33484924 	 1.083029
0.21411358 	 1.2690905
0.20847154 	 0.6115508
0.3601216 	 0.90032333
0.27610955 	 1.2403575
0.21908808 	 0.92615134
0.2344004 	 0.90689784
0.14236411 	 0.9918032
0.17284004 	 1.1872417
0.13442054 	 1.225368
0.07555608 	 1.1521578
0.13978535 	 1.1100192
0.20519084 	 0.90476865
0.21757731 	 0.8978241
0.14567639 	 1.3855122
0.29495344 	 1.0214976
0.23807259 	 1.689078
0.15902334 	 2.049971
0.19981253 	 0.81722856
0.24556765 	 1.3734407
0.20230374 	 1.3781255
0.1694574 	 1.3395592
0.21740083 	 1.6792595
0.22340316 	 0.5569962
0.15895641 	 0.66752625
0.22823067 	 0.8744794
0.3462894 	 0.8083058
0.3860663 	 0.78404284
0.2657342 	 0.5877118
0.33156717 	 0.6282172
0.4773499 	 0.6014296
0.42852485 	 0.38842562
0.4986213 	 0.45800874
0.37602967 	 0.37206754
0.37581864 	 0.49325922
0.19448052 	 0.50369483
0.20150796 	 0.7097
0.28516105 	 0.82563895
0.20555131 	 0.70462364
0.2539805 	 0.6054854
0.4350772 	 0.67267406
0.30856788 	 0.9613783
0.31623563 	 0.9674423
0.1952729 	 1.2635614
0.2956868 	 0.7912866
0.29562098 	 1.0281147
0.19153158 	 1.148129
0.18750918 	 0.90006304
0.1300348 	 1.1746756
0.23620401 	 1.0481989
0.20653093 	 0.47858134
0.37237644 	 0.9794698
0.43472785 	 1.0263408
0.22131787 	 0.830552
0.25878614 	 0.8042526
Summary
0.0021951431  -  0.76016617 ,  0.08408374  -  2.4694834
accuracy:  97.1
equal predictions:  0
