TensorFlow version: 1.13.1
Found 939 images belonging to 1 classes.
argN = 784
argN = 784
0.8135693 	 1.1507795
1.1949456 	 1.627204
1.2064375 	 1.3793505
0.5776831 	 1.8858587
0.24471211 	 1.6978236
0.18289997 	 1.7264144
0.14231677 	 2.0297198
0.113841124 	 2.540843
0.14227746 	 2.3173091
0.14845854 	 2.3910604
0.13716276 	 1.8455652
0.09648058 	 1.923354
0.2863879 	 0.99708134
0.27525502 	 1.5035015
0.49026948 	 1.2191608
0.7635187 	 1.2959758
0.6205476 	 0.82643515
0.64238274 	 0.873737
0.37283093 	 1.237717
0.3032709 	 2.048586
0.29915655 	 2.1979997
0.339081 	 1.6534052
0.13629098 	 2.7993805
0.08231485 	 1.9712471
0.10890807 	 1.6565255
0.15725385 	 2.1041107
0.58282846 	 1.3983682
0.54980236 	 0.596722
0.6621861 	 0.74872833
0.6252378 	 0.6586306
0.53620625 	 0.56275177
0.4308335 	 0.49239272
0.62116486 	 0.7095784
1.0503169 	 1.3008634
1.1544307 	 1.6280534
0.90999556 	 1.3888072
0.8141436 	 1.7901025
1.0402582 	 1.3200604
0.39508367 	 1.5042806
0.58031887 	 1.4509553
0.58913475 	 1.1609651
0.20927185 	 2.4410589
0.07654394 	 2.601781
0.08182065 	 2.5101268
0.061068278 	 3.1402109
0.051037606 	 1.9288701
0.2896216 	 1.3223218
0.37538266 	 1.4312081
0.58961296 	 0.92866826
0.5290374 	 0.9096177
0.4327003 	 1.1375803
0.2992257 	 0.9644689
0.25338116 	 1.0462885
0.26310468 	 1.0668889
0.1654931 	 1.1822314
0.16837475 	 1.3355124
0.12359588 	 2.1454751
0.0038293512 	 1.8297033
0.00511408 	 3.2303963
0.08097762 	 2.3456864
0.08869935 	 2.7457619
0.22224376 	 1.7912946
0.6308615 	 0.5512059
0.57512057 	 0.44256255
0.55625474 	 0.59371585
0.58373463 	 0.64064634
0.54736274 	 0.67685723
0.36821157 	 1.7577275
0.7657128 	 1.3796309
0.7295241 	 1.3053871
0.77675366 	 1.298917
0.7623086 	 1.357465
0.67603916 	 1.0891074
0.5599763 	 1.569571
0.4474278 	 1.5026093
0.17930867 	 1.2630901
0.5166583 	 1.2050128
0.6042521 	 1.0854803
0.22064461 	 1.4430737
0.031089466 	 1.9488231
0.04434607 	 2.6702063
0.14482072 	 1.6515111
0.043062802 	 2.3856778
0.5997469 	 0.835108
0.5364286 	 0.85044044
0.59468013 	 0.8380918
0.5851813 	 0.7543388
0.57649976 	 0.8031017
0.55710816 	 0.78760606
0.6516563 	 0.8135339
0.6284343 	 0.9281197
0.63748735 	 0.7219237
0.6487875 	 0.8048176
0.6264796 	 0.8249932
0.5849247 	 0.8263277
0.58609504 	 0.96456337
0.5175383 	 0.8905856
0.5684469 	 0.8310004
0.52617455 	 0.6467663
0.5346809 	 1.128643
0.4433792 	 0.78708726
0.40275168 	 1.0443428
0.42451015 	 0.8773913
0.38990715 	 1.0155174
0.28246078 	 0.65674746
0.28525972 	 0.7493521
0.22920848 	 1.2104052
0.22492029 	 0.9225877
0.23854052 	 1.1981643
0.20487496 	 1.2980702
0.18921806 	 1.623225
0.18303744 	 1.3798043
0.1493985 	 1.1051697
0.13546473 	 1.4110587
0.113709554 	 1.0680928
0.12744297 	 1.1269715
0.10820521 	 1.0722278
0.1115478 	 1.4226987
0.09747135 	 0.94633013
0.10066336 	 1.4532328
0.09236616 	 1.445947
0.10348502 	 1.1178404
0.09207967 	 1.1107941
0.06933868 	 0.8992785
0.08524682 	 1.0982192
0.060426794 	 0.99240094
0.07131299 	 1.7890027
0.060395136 	 1.5134321
0.052345976 	 1.5302382
0.05308506 	 1.0409316
0.045705672 	 1.5698937
0.0550908 	 1.498297
0.04816157 	 1.5522242
0.06077567 	 1.4267534
0.053711787 	 1.5381199
0.050555237 	 1.0209885
0.040946946 	 0.9390726
0.04162725 	 1.3631833
0.035029486 	 0.98804677
0.035044424 	 1.0098134
0.0336792 	 1.4478972
0.031091925 	 1.1316211
0.032571167 	 1.4458671
0.030147685 	 0.8509513
0.036369048 	 1.9152516
0.028461346 	 1.0865295
0.021914562 	 1.6990745
0.03372241 	 1.2637874
0.028459385 	 1.6144964
0.023046952 	 1.0809131
0.019317161 	 1.5204064
0.024652023 	 1.6997117
0.023378266 	 1.0697684
0.025842503 	 1.6571392
0.0284443 	 1.7727772
0.032582186 	 1.139062
0.048527215 	 1.0277528
0.05326094 	 1.0856637
0.067256115 	 0.95946676
0.05504287 	 0.9811381
0.06804592 	 1.396359
0.065926634 	 1.3883615
0.070696175 	 1.4145343
0.09075635 	 1.3842641
0.090641096 	 1.1340866
0.09600702 	 0.9809488
0.098261125 	 1.2914138
0.12059935 	 1.1011881
0.11216059 	 1.0069011
0.12055847 	 1.1373931
0.11282327 	 1.1300263
0.11565181 	 1.6078306
0.12046319 	 0.9259765
0.119490504 	 1.4382886
0.12078355 	 1.5587591
0.12544331 	 0.63503087
0.13338216 	 0.8748762
0.15540956 	 1.2165538
0.17490989 	 0.9464103
0.17662281 	 0.7552186
0.15297185 	 1.1200588
0.17159575 	 1.0254657
0.1535287 	 0.65384847
0.15127799 	 0.969958
0.14703201 	 1.0618277
0.14841712 	 1.2389781
0.12110065 	 0.98296285
0.11211285 	 1.2105423
0.12164077 	 1.2582093
0.1091602 	 1.2049
0.044094257 	 1.202629
0.040147595 	 1.3424894
0.03240689 	 1.2942476
0.4402701 	 0.63026255
0.41699967 	 0.94726866
0.4256735 	 0.82216316
0.42818254 	 0.59957385
0.39983934 	 1.0867178
0.355661 	 0.7515659
0.357475 	 0.74037015
0.36532977 	 0.6124854
0.35439208 	 0.7155029
0.3202624 	 1.2002692
0.3281914 	 1.0514721
0.3256655 	 0.65511805
0.29653412 	 0.98504555
0.306545 	 0.5218475
0.289001 	 1.5049208
0.30024827 	 0.8584668
0.22840479 	 0.69317555
0.23539597 	 0.90961283
0.21849729 	 1.1087898
0.21003544 	 0.5941701
0.21039325 	 1.0111158
0.21038641 	 0.660121
0.20450859 	 1.2261755
0.19531499 	 0.9219837
0.16298027 	 0.7035392
0.20791824 	 1.1547235
0.20460755 	 0.98491424
0.2832948 	 1.1628671
0.2899634 	 0.82330334
0.32589766 	 0.917627
0.3935635 	 0.89126474
0.39082614 	 0.7101131
0.2533371 	 1.0126374
0.23414455 	 0.48537713
0.2751438 	 1.0216382
0.3988942 	 1.0957099
0.4681909 	 1.3020586
0.32038105 	 0.7284386
0.2883921 	 1.0809143
0.29943183 	 1.8407496
0.30207533 	 0.4133239
0.26198804 	 0.9063667
0.22151081 	 1.0554556
0.20761575 	 1.701482
0.22984134 	 1.2799262
0.21661265 	 0.8259662
0.22023207 	 1.7298982
0.19978705 	 1.1570511
0.25306812 	 0.69680893
0.25933132 	 1.6689193
0.2841178 	 0.52654797
0.24273993 	 0.67852205
0.20429748 	 1.0728248
0.20626387 	 1.3328326
0.19522631 	 0.54425275
0.19668029 	 1.1643444
0.19000238 	 0.85669404
0.1635261 	 1.2431383
0.17266059 	 0.93104184
0.15676443 	 0.90429
0.18423128 	 1.0631511
0.21837167 	 0.7837404
0.19978422 	 0.6490466
0.26553917 	 1.016946
0.27281818 	 1.0226854
0.29097527 	 0.5527846
0.29937103 	 0.73249626
0.3003311 	 0.7818925
0.3266169 	 0.5558629
0.33279514 	 0.71824163
0.3320971 	 0.6701643
0.28154317 	 0.6275727
0.20764574 	 0.87803286
0.18858008 	 1.4262632
0.17676464 	 1.1771854
0.18956396 	 0.83372194
0.19044618 	 0.657832
0.19360848 	 0.9126553
0.18054532 	 1.0627085
0.18988958 	 1.0014573
0.17109743 	 0.56355405
0.18430695 	 0.761649
0.20381957 	 0.7688739
0.3928017 	 1.0483928
0.3958721 	 0.5798108
0.4838144 	 0.69637954
0.47730157 	 0.701259
0.5273597 	 0.7001265
0.49343768 	 0.6480166
0.43186072 	 0.68617433
0.4060047 	 0.62223303
0.44674218 	 0.8055148
0.46407992 	 0.63818973
0.5120704 	 0.6283257
0.5187188 	 0.6865288
0.44789243 	 0.6157053
0.47533676 	 0.6846864
0.50104487 	 0.77052075
0.40260056 	 0.56813866
0.3775623 	 0.66895014
0.34888762 	 0.6906813
0.3988004 	 1.0143063
0.3631322 	 0.66219234
0.2646402 	 1.1288157
0.26659828 	 1.4148606
0.22371039 	 0.91550595
0.22872137 	 0.6079194
0.19617547 	 1.0943108
0.21292928 	 0.5484413
0.17576164 	 1.0316627
0.14684567 	 0.5117989
0.18817388 	 0.8535769
0.23614891 	 0.88033724
0.26323837 	 0.84039754
0.2750943 	 1.0708312
0.27304325 	 1.2832347
0.30841762 	 0.88613117
0.30741802 	 0.9188033
0.25733057 	 0.87852937
0.27806464 	 0.99747545
Summary
0.0038293512  -  1.2064375 ,  0.4133239  -  3.2303963
accuracy:  99.4
equal predictions:  0
TensorFlow version: 1.13.1
Found 939 images belonging to 1 classes.
argN = 784
argN = 784
0.29324767 	 1.3572943
0.30504555 	 1.3888714
0.3074642 	 1.6535207
0.2728788 	 1.6495247
0.49817273 	 1.5498061
0.55969775 	 1.5313375
0.51029336 	 1.2766327
0.450095 	 1.326406
0.36914685 	 2.0376554
0.18139161 	 2.227265
0.17966364 	 1.7423496
0.17404614 	 1.8964112
0.08995095 	 1.6439823
0.12051819 	 0.79017156
0.07583928 	 1.4284123
0.08102965 	 1.8237793
0.17434923 	 1.4737695
0.23101664 	 1.6623796
0.19598968 	 1.5643115
0.1987224 	 1.3746468
0.24079779 	 1.4330494
0.24107036 	 1.421934
0.25232342 	 1.6505749
0.27963242 	 1.375234
0.29609916 	 1.8865508
0.29245058 	 1.6312791
0.34363943 	 1.0666146
0.30172992 	 2.0689242
0.2882387 	 1.0865767
0.23366189 	 1.4697301
0.42173666 	 1.774861
0.4250465 	 1.4535415
0.20765881 	 1.5805842
0.13496989 	 1.9061825
0.12489553 	 1.1897784
0.13228974 	 1.021393
0.07819547 	 2.039425
0.078259856 	 1.7566341
0.09619167 	 1.8151834
0.12370629 	 0.86650634
0.11556543 	 2.2578375
0.25098562 	 1.7649972
0.6292389 	 1.5351359
0.5205907 	 1.4100999
0.16760486 	 1.7480143
0.14926079 	 1.0983711
0.58204424 	 1.4860587
0.19820848 	 1.4081148
0.3137225 	 1.003604
0.5102922 	 1.0676574
0.50737536 	 1.4834617
0.42402476 	 1.5198305
0.36407948 	 1.0867581
0.21733083 	 1.2395742
0.08054436 	 2.1042392
0.06153914 	 1.8516929
0.098125674 	 2.1341689
0.086544074 	 1.5235562
0.053953137 	 1.7902557
0.083655484 	 1.7599456
0.09523147 	 1.679573
0.1978609 	 1.6132513
0.19514762 	 1.4584647
0.22914521 	 0.9672406
0.18882369 	 2.3176327
0.13225272 	 2.3480713
0.10027234 	 1.576395
0.11188598 	 2.4592078
0.107797965 	 1.6374787
0.20350143 	 1.204154
0.20888409 	 1.114776
0.11053667 	 1.3387209
0.24124393 	 1.3773745
0.1808051 	 1.6449369
0.08934171 	 1.9984485
0.0977233 	 1.4913245
0.14447011 	 1.3300048
0.10890295 	 1.5707561
0.019318316 	 1.6037521
0.0128361145 	 2.1651218
0.021920899 	 1.6912528
0.20869152 	 1.4017614
0.51582026 	 1.1351954
0.46038815 	 1.3571973
0.53308517 	 0.9903485
0.17136744 	 1.117486
0.3223284 	 2.5198293
0.40263632 	 1.582432
0.5855467 	 1.0686287
0.2711237 	 1.2963912
0.2500205 	 1.5727577
0.22310352 	 1.686474
0.19069701 	 1.4661357
0.12953226 	 1.8731662
0.07705621 	 1.7870818
0.0076814713 	 1.3030868
0.1862458 	 1.8810574
0.14674005 	 0.899469
0.14189477 	 1.232989
0.117076516 	 1.8898243
0.16098306 	 1.5501953
0.16987763 	 2.2523756
0.093560696 	 1.9384427
0.051735234 	 1.3418841
0.089607 	 1.9787966
0.095949486 	 1.8776413
0.08989506 	 1.443724
0.046972346 	 1.7221882
0.051070787 	 1.78253
0.057202496 	 1.7251967
0.043964513 	 1.7483971
0.081531346 	 1.7475663
0.10470385 	 0.87548214
0.0847439 	 0.84596837
0.08133161 	 1.3254157
0.06842861 	 1.5248898
0.0977908 	 1.0567875
0.06568492 	 0.99272704
0.08055941 	 1.3582492
0.07894687 	 1.3427112
0.05120152 	 0.80084336
0.061803885 	 0.7337296
0.04557846 	 1.2393472
0.03757295 	 0.7586454
0.04260398 	 0.8250943
0.054285668 	 1.2657149
0.05075789 	 1.3372777
0.07667985 	 1.1007121
0.05925712 	 0.80803096
0.062406156 	 1.3546729
0.08631936 	 1.4261378
0.081083104 	 1.1063108
0.083751336 	 1.2658889
0.096818894 	 0.9359186
0.095778726 	 0.39956075
0.108847655 	 1.0148517
0.096894406 	 0.95007855
0.11210699 	 0.9833192
0.10994044 	 0.9400497
0.10249555 	 1.0892608
0.08341301 	 0.8571876
0.09006326 	 1.029411
0.07823645 	 0.8914957
0.082915746 	 1.6355549
0.074088104 	 1.2296782
0.083768964 	 0.9022244
0.06754202 	 1.1180681
0.06694461 	 1.174568
0.063169725 	 0.8933799
0.071004055 	 1.0082239
0.052973308 	 0.6847673
0.07078222 	 0.94736516
0.06342976 	 1.0032521
0.06576042 	 1.0663947
0.064619265 	 1.4914281
0.06278447 	 1.1081908
0.06611084 	 1.7443289
0.049290404 	 1.255435
0.06419971 	 0.8713389
0.050977454 	 0.80595326
0.051772643 	 1.3824049
0.04566936 	 1.0399448
0.04705856 	 0.80262935
0.062137827 	 0.9345096
0.06706539 	 1.3704395
0.041397244 	 1.1694759
0.05667923 	 1.0029452
0.040378183 	 1.587222
0.053709395 	 1.3303821
0.04034914 	 1.1929703
0.04568265 	 1.5095468
0.05100505 	 0.5320322
0.04433461 	 1.2993087
0.04300263 	 1.3420784
0.036326338 	 0.6350952
0.05495156 	 1.4180276
0.037601665 	 0.6462026
0.043295998 	 1.69124
0.044382025 	 1.5753636
0.051020794 	 1.679846
0.039094355 	 0.6865365
0.043003004 	 0.7978576
0.0553328 	 1.6457691
0.056734867 	 0.9804725
0.08238934 	 1.2913289
0.07274086 	 0.9187255
0.09409459 	 1.2497389
0.08315894 	 1.1711403
0.118872866 	 1.0108899
0.119710915 	 1.0125376
0.10275861 	 1.1427538
0.10002989 	 1.3819498
0.12655284 	 0.85935473
0.09912577 	 0.984288
0.09838187 	 0.93608326
0.08730563 	 0.89841044
0.09760941 	 0.5742906
0.08004361 	 0.9911014
0.09481938 	 1.5619856
0.10979667 	 1.059362
0.06740696 	 0.9670722
0.090698525 	 1.0051966
0.0914961 	 0.57034117
0.087454066 	 1.1588082
0.091180615 	 1.2072716
0.11476507 	 0.6707169
0.10215472 	 1.3215016
0.083365716 	 0.9766161
0.106179446 	 0.92479503
0.10752269 	 1.3656758
0.5775801 	 1.0882993
0.54282814 	 1.0902268
0.51803654 	 0.9103941
0.43337554 	 1.4527152
0.2802857 	 1.0160353
0.2754447 	 1.0103202
0.27883223 	 1.2126067
0.3027662 	 1.0248387
0.31258672 	 1.5223227
0.28240663 	 1.3059953
0.2781725 	 1.394509
0.2800882 	 1.6341496
0.28531095 	 1.0368545
0.25953436 	 1.6623074
0.2692826 	 1.1647153
0.26201546 	 1.758445
0.26081255 	 1.2278786
0.21572989 	 1.4829886
0.19367272 	 1.079136
0.19060369 	 1.4278502
0.6643256 	 1.1059767
0.46888912 	 1.0823284
0.3364182 	 1.1872516
0.3291583 	 1.0983042
0.29614964 	 1.3913285
0.28224385 	 1.0297565
0.3188684 	 0.99953604
0.32637668 	 1.2779248
0.42054075 	 1.1721764
0.47150975 	 1.3067211
0.3701153 	 1.6447461
0.3324992 	 2.017068
0.3674521 	 1.7843313
0.35566133 	 1.6743969
0.34677997 	 0.9905467
0.30902892 	 1.1606022
0.29310328 	 0.89928174
0.2508807 	 1.7721851
0.250952 	 1.4926829
0.22124113 	 0.8386452
0.21079521 	 2.1424153
0.17764077 	 1.1285515
0.19331107 	 1.0655742
0.20117073 	 1.1659056
0.18743382 	 1.2317897
0.19515067 	 1.8261895
0.17753412 	 1.2882445
0.21071625 	 1.1169646
0.22117539 	 1.8274589
0.27584034 	 1.1677284
0.2715168 	 1.555238
0.30770174 	 1.7740595
0.31932798 	 1.1602148
0.3616096 	 1.2793181
0.3961408 	 1.2512679
0.38620606 	 1.4871285
0.39779255 	 1.1137695
0.2808926 	 1.1962817
0.23130172 	 1.768586
0.23270905 	 0.9889209
0.2370566 	 1.7178509
0.23563878 	 1.4046557
0.19030674 	 0.90860516
0.22079772 	 1.5346348
0.19816546 	 1.8908702
0.239382 	 1.8007948
0.22982432 	 1.0574579
0.241123 	 1.6795152
0.22264723 	 1.5762184
0.21861774 	 1.7666999
0.21317725 	 1.5527264
0.23002078 	 1.4121301
0.253865 	 1.7906982
0.3151799 	 1.2934273
0.33098814 	 1.0819772
0.3672332 	 1.2462891
0.31292132 	 1.1975758
0.37938395 	 0.8992769
0.3704725 	 1.1117886
0.33491322 	 0.88126963
0.33402988 	 0.86609614
0.30568084 	 1.1888553
0.29474026 	 0.87129
0.31492245 	 1.3479464
0.30643147 	 1.2566525
0.29918733 	 1.3528055
0.262455 	 1.4378364
0.29443154 	 1.2038516
0.28661793 	 1.8509322
0.30721286 	 1.0380232
0.45563224 	 1.2894846
0.5212739 	 1.1416621
0.49015534 	 1.3680677
0.5287868 	 1.1958779
0.5128716 	 0.9174657
0.5166536 	 1.1718358
0.4722445 	 1.2300962
0.48070878 	 1.0218186
0.44425622 	 1.5566938
0.42374045 	 1.0080522
0.4261631 	 1.420929
0.3545924 	 1.0413041
0.339429 	 1.4719139
Summary
0.0076814713  -  0.6643256 ,  0.39956075  -  2.5198293
accuracy:  100.0
equal predictions:  0
TensorFlow version: 1.13.1
Found 939 images belonging to 1 classes.
argN = 784
argN = 784
0.24312021 	 2.1796587
0.28067043 	 2.0751095
0.5728863 	 1.8341211
0.41507983 	 2.1082792
0.20876923 	 3.110214
0.097691424 	 1.975118
0.08289431 	 2.6480925
0.086937815 	 1.7222536
0.124578714 	 2.3769097
0.21713322 	 1.751664
0.107218154 	 2.3472865
0.104957104 	 2.2951722
0.26329327 	 1.4352336
0.36089364 	 1.6913502
0.28157648 	 1.3110052
0.20797886 	 2.3704078
0.16408359 	 2.2327425
0.09771607 	 1.9263899
0.11640586 	 1.8605475
0.083225854 	 1.5170166
0.06796815 	 2.0569873
0.036366638 	 2.6251264
0.033731785 	 2.9435737
0.07474535 	 1.9636531
0.19013631 	 2.021091
0.23029141 	 2.2331367
0.4936691 	 1.7873112
0.18950719 	 1.7537682
0.32305983 	 1.6215274
0.31770718 	 2.1288047
0.3436622 	 1.995582
0.36165923 	 1.8868021
0.3424696 	 2.033725
0.19823182 	 2.388363
0.5498554 	 1.7950292
0.52528894 	 1.8435991
0.19975722 	 2.5764987
0.20188366 	 2.090139
0.1654374 	 2.164533
0.06420511 	 2.1801221
0.06338791 	 2.186752
0.13091317 	 2.11295
0.08775751 	 2.2015524
0.07602345 	 1.841185
0.09101451 	 2.20831
0.1509229 	 2.5847974
0.09632253 	 2.0009313
0.05235609 	 2.2358205
0.03688983 	 2.1999493
0.020618243 	 1.4269147
0.013021723 	 2.1051366
0.012506161 	 2.1944509
0.006755349 	 1.9178556
0.008967673 	 1.7140312
0.016719155 	 3.9184768
0.066135675 	 1.8465157
0.3894887 	 1.8064945
0.2749307 	 2.3339384
0.16427486 	 2.0158644
0.20043229 	 1.3909923
0.23063222 	 1.8635232
0.20733167 	 2.0700848
0.17819628 	 2.2150657
0.1450507 	 1.9442978
0.25500804 	 2.7735593
0.107980415 	 1.9376118
0.062744364 	 1.4597275
0.22855797 	 1.4189155
0.37337852 	 1.6540005
0.37377557 	 1.6391953
0.2643327 	 2.236461
0.055058744 	 2.1401808
0.06690605 	 2.2025254
0.067869656 	 2.0191267
0.08933199 	 1.9127493
0.2156663 	 1.6496165
0.24015303 	 1.329112
0.10416969 	 2.215331
0.018017102 	 2.0055773
0.10907597 	 2.0518262
0.11493055 	 1.9681447
0.080705814 	 2.2666645
0.07269157 	 1.9502355
0.039431587 	 2.4720447
0.029759958 	 2.8268583
0.027286919 	 2.3384585
0.017577937 	 1.9004043
0.023312861 	 2.490147
0.032402765 	 2.232707
0.012700039 	 2.930872
0.03240732 	 2.1385703
0.031621467 	 2.5551262
0.06889331 	 2.323416
0.050926086 	 2.2786608
0.045047212 	 1.3471645
0.04224323 	 1.3833064
0.044323143 	 1.6685483
0.050555423 	 1.6340076
0.03196739 	 1.192184
0.037503764 	 1.0936933
0.049422156 	 1.4976699
0.029781083 	 1.0135207
0.019997802 	 1.7002739
0.025602827 	 1.7082307
0.014122197 	 1.8366746
0.028395118 	 0.88936365
0.028591733 	 1.3933403
0.024146184 	 1.2136608
0.008954442 	 1.0227673
0.021912673 	 1.5322771
0.02063747 	 2.7257233
0.034241755 	 1.091764
0.032578494 	 1.1101409
0.037652414 	 0.9482587
0.038065564 	 1.5121591
0.04229633 	 1.853712
0.044334732 	 1.1463612
0.03977799 	 2.0385098
0.035045657 	 1.410734
0.03781112 	 1.0271264
0.040344115 	 2.3126485
0.03240621 	 1.1449517
0.03158431 	 1.2134458
0.041416936 	 1.2906587
0.038343426 	 2.006807
0.018104374 	 1.342701
0.021921203 	 2.0016086
0.021907678 	 1.0534419
0.028153725 	 0.79203814
0.023233185 	 1.5252374
0.025650464 	 1.2912043
0.023191152 	 1.4262917
0.024532167 	 1.3188248
0.026520686 	 1.5444412
0.033632472 	 1.6764015
0.025547853 	 1.1782563
0.021921141 	 1.477655
0.018017465 	 1.2995576
0.020618243 	 1.0875455
0.020618243 	 1.2292086
0.016394218 	 2.0971906
0.022538632 	 1.4999957
0.015430517 	 1.2423755
0.01671964 	 1.4062254
0.0205647 	 1.6604271
0.024314301 	 1.3268299
0.023225803 	 1.5939999
0.0153995855 	 1.3020118
0.025840178 	 1.9290227
0.01801334 	 1.942717
0.0167297 	 0.9716933
0.017836813 	 1.1351388
0.015423737 	 1.5746055
0.019867375 	 1.8535713
0.020572184 	 1.3892418
0.017982328 	 1.9387281
0.014863981 	 1.805201
0.0102556525 	 2.2690675
0.022624288 	 0.94732094
0.024532106 	 2.1985211
0.020607412 	 1.4917091
0.028444974 	 1.8851634
0.023219762 	 1.843703
0.028492317 	 1.0689938
0.050818402 	 1.4409233
0.037655447 	 1.0987829
0.049328037 	 1.7980214
0.045788594 	 0.9196948
0.049362853 	 1.3495481
0.052430835 	 1.5588169
0.053405855 	 0.90685475
0.045615893 	 1.8987305
0.063021675 	 1.287223
0.05353941 	 1.1016574
0.04659934 	 1.3235114
0.06250507 	 0.9529571
0.05575559 	 1.6117758
0.056260146 	 0.87359977
0.045177847 	 2.0040772
0.061835334 	 1.8673055
0.06818897 	 1.6094023
0.0540219 	 1.7419865
0.05717245 	 1.8121008
0.05444313 	 1.2219306
0.06005456 	 1.367041
0.040266667 	 1.2500541
0.053870354 	 1.555585
0.037606306 	 1.9912186
0.035035163 	 1.5360183
0.059143163 	 1.6547742
0.037637934 	 0.8021436
0.05828971 	 1.8353587
0.041874778 	 1.2068964
0.056813475 	 1.3140606
0.042743318 	 1.2779559
0.04567042 	 1.0726995
0.28763503 	 1.3421565
0.29990622 	 1.0993948
0.32824543 	 1.4819376
0.3428193 	 1.6002018
0.28916734 	 1.5637743
0.19175965 	 2.2008028
0.17815846 	 2.5884278
0.16309541 	 1.6536331
0.16072787 	 2.4177806
0.15694028 	 2.5029094
0.15006597 	 1.5220231
0.15934078 	 1.6469891
0.1666139 	 2.5207682
0.16958041 	 1.6343488
0.14563894 	 2.0288432
0.15612097 	 1.7472789
0.16160527 	 1.1012948
0.16275215 	 2.7965565
0.13334149 	 1.2392104
0.09041878 	 3.1078868
0.12050299 	 2.2695029
0.12842838 	 2.7523017
0.103483036 	 0.95022625
0.104918905 	 2.3659394
0.118865214 	 2.6899214
0.13352798 	 2.423336
0.13601832 	 2.5258372
0.122083664 	 1.3424264
0.15848626 	 2.0839303
0.38989142 	 1.6690822
0.4093168 	 1.88496
0.19213149 	 2.0119593
0.18282682 	 2.8577292
0.15332358 	 2.196881
0.18411204 	 2.087289
0.21576281 	 2.2237685
0.16560705 	 2.2019355
0.20440876 	 1.6068908
0.24119827 	 1.0408806
0.39012232 	 0.747179
0.4952695 	 1.3916464
0.18298556 	 3.1045864
0.23903395 	 2.0305917
0.22388753 	 1.867763
0.23814647 	 2.2092526
0.19826408 	 1.9274011
0.16731241 	 1.1491749
0.12270012 	 1.8941647
0.12922902 	 2.3072762
0.13378865 	 1.3269145
0.12551731 	 2.2209272
0.13892867 	 1.9249192
0.14775565 	 1.0393292
0.0921247 	 2.0651064
0.10043702 	 1.6928549
0.12426692 	 2.000116
0.18298727 	 1.1377314
0.19482687 	 1.2969964
0.19967955 	 1.8232201
0.1958752 	 2.049236
0.2498047 	 1.6528071
0.30785468 	 1.6737009
0.2927539 	 1.2438743
0.30939776 	 1.7162542
0.30040434 	 1.4554144
0.3285296 	 1.345407
0.3256404 	 1.2205336
0.20252274 	 1.5831165
0.14140718 	 0.8858683
0.117032155 	 1.2907717
0.10432409 	 1.2711097
0.08306567 	 2.902429
0.08654733 	 2.0018203
0.062057152 	 2.294755
0.06699732 	 2.0025
0.06585508 	 1.5146797
0.07136189 	 2.7130375
0.08838409 	 2.585785
0.08309372 	 1.4028938
0.07835055 	 2.6479611
0.09068704 	 2.2241337
0.1078453 	 1.7412432
0.1165844 	 0.9800857
0.12368646 	 1.9813719
0.15918101 	 2.3654633
0.23716034 	 2.5604115
0.21817274 	 1.8704376
0.27295983 	 1.3421816
0.25878978 	 1.8862787
0.31658953 	 1.8688189
0.3424393 	 1.520987
0.34462672 	 1.4858364
0.32681566 	 1.4593674
0.34955564 	 1.6182457
0.28242716 	 1.2902114
0.19550407 	 1.4439503
0.18463367 	 1.6869773
0.18649924 	 1.737058
0.19958575 	 1.9815322
0.18711151 	 1.7229427
0.16875182 	 2.4529934
0.16642241 	 2.2489858
0.13368733 	 2.0438132
0.12337164 	 2.772566
0.12453442 	 2.2196038
0.12784605 	 2.449029
0.15721521 	 1.7747418
0.17458065 	 1.6961652
0.2631104 	 2.029445
0.24048927 	 2.5245302
0.20221142 	 1.0148647
0.17455609 	 2.0125394
0.1783099 	 2.24557
0.17747931 	 1.8839779
0.16007628 	 1.6343867
0.12077232 	 1.5952642
0.14117953 	 1.3639181
Summary
0.006755349  -  0.5728863 ,  0.747179  -  3.9184768
accuracy:  100.0
equal predictions:  0
TensorFlow version: 1.13.1
Found 939 images belonging to 1 classes.
argN = 784
argN = 784
0.33851823 	 2.270704
0.5659907 	 2.1773615
0.4427314 	 2.444522
0.44053647 	 1.8427
0.3616499 	 2.4622881
0.16640797 	 2.6106699
0.09959363 	 2.8760328
0.10085229 	 2.2912312
0.05632459 	 2.5311184
0.056709066 	 1.4748083
0.08096696 	 1.691907
0.055606365 	 2.5997047
0.19223443 	 1.8754827
0.2334093 	 2.050576
0.16310257 	 2.09322
0.20501229 	 3.2079651
0.26940644 	 2.0711246
0.14446783 	 2.0468762
0.14213495 	 1.9867598
0.15779361 	 2.1972928
0.09576232 	 2.2792623
0.04566674 	 3.3996122
0.04986482 	 2.1220071
0.13312119 	 2.9606345
0.16505109 	 2.563871
0.5632287 	 1.6758746
0.5544359 	 1.4692479
0.5066329 	 2.1394546
0.43419182 	 2.003419
0.23977973 	 1.8698202
0.26068592 	 2.4282393
0.2824385 	 2.2277842
0.5194504 	 1.6914244
0.34881648 	 2.085552
0.5607876 	 2.3153718
0.6703084 	 2.440671
0.69901216 	 1.4441208
0.6400968 	 2.1645746
0.3639052 	 1.918546
0.29787642 	 2.2881844
0.42479697 	 2.0090628
0.32694864 	 2.1542845
0.2221185 	 2.930985
0.16845079 	 1.8694352
0.049926974 	 3.2596362
0.0618924 	 2.1198003
0.09202595 	 3.1379173
0.06220601 	 1.9004924
0.157538 	 1.8774145
0.14158283 	 2.3627198
0.10550274 	 2.0489988
0.087446585 	 1.9556166
0.10816928 	 1.841288
0.09398989 	 2.335038
0.08514946 	 2.752341
0.014123164 	 2.275426
0.020615017 	 3.0986269
0.0058644973 	 2.274639
0.0051312144 	 3.0021317
0.017974196 	 2.1077394
0.029762354 	 2.4736207
0.079605006 	 2.6161158
0.11872352 	 1.6375235
0.56720763 	 1.8075882
0.45445597 	 2.1483936
0.40341485 	 1.6851404
0.43836233 	 1.7083387
0.35659373 	 1.3189942
0.33206436 	 2.5056136
0.22800814 	 1.9532685
0.33549127 	 1.9650764
0.23531225 	 2.0808206
0.2608168 	 2.8800342
0.0700024 	 2.8888245
0.11238693 	 1.7083058
0.18255521 	 2.6851442
0.16912319 	 1.9475322
0.12894556 	 2.2531366
0.07820887 	 2.1710854
0.09222758 	 2.154232
0.05610139 	 2.5599527
0.06242462 	 2.1331
0.078198425 	 1.8882669
0.062116835 	 2.3146615
0.04942566 	 2.1623724
0.029125353 	 2.6463268
0.030023176 	 2.6088984
0.07643996 	 2.068246
0.06448798 	 2.2615747
0.02035895 	 2.5359693
0.016013363 	 2.5800867
0.017105797 	 2.760272
0.011537092 	 2.618945
0.049070895 	 1.8192772
0.07267061 	 2.252685
0.056745593 	 2.2044644
0.053120196 	 1.3937498
0.04837994 	 0.9072773
0.06072842 	 2.010417
0.04166323 	 1.4199733
0.036406506 	 1.7833793
0.041473284 	 1.4796678
0.049600214 	 0.81889117
0.037036348 	 1.5951552
0.029563114 	 1.2234191
0.03494455 	 1.9187843
0.03769017 	 1.6893406
0.037680887 	 1.4419792
0.040970355 	 1.3109338
0.038275674 	 1.2863048
0.054212417 	 1.1955004
0.05077488 	 1.7603996
0.044676106 	 0.80328286
0.05638191 	 1.1228462
0.04825971 	 1.6588358
0.063178554 	 1.4440557
0.067536466 	 1.3602201
0.05891225 	 1.492175
0.0669167 	 1.3423817
0.07048414 	 1.2739133
0.06872404 	 1.5232428
0.056041438 	 1.892205
0.052905876 	 1.866161
0.056322005 	 1.2529438
0.05226866 	 1.2291129
0.049185965 	 1.1850896
0.047004957 	 1.6957779
0.047020577 	 1.2218859
0.040342502 	 1.797685
0.028125891 	 1.1568655
0.010248366 	 1.4947219
0.021917913 	 2.0292494
0.025885992 	 1.120766
0.030778205 	 2.337384
0.024412753 	 1.4614029
0.03115741 	 1.355445
0.025849538 	 2.4268157
0.027105808 	 1.7515337
0.03629642 	 1.6545393
0.025840178 	 1.6980503
0.031089466 	 1.8801627
0.025839383 	 2.1577547
0.02583859 	 1.1340096
0.026090497 	 1.3509132
0.023225803 	 1.0198812
0.019316249 	 1.3709003
0.014134106 	 2.3093317
0.01741865 	 2.3336284
0.017643938 	 1.6972185
0.01542059 	 0.8708512
0.01633987 	 1.8653003
0.019104134 	 1.0256065
0.01671964 	 1.1200403
0.021342637 	 1.40503
0.007543213 	 1.091659
0.024377938 	 0.8953627
0.02230133 	 1.2485504
0.027218133 	 2.0048866
0.026931405 	 1.6668242
0.032992877 	 1.1736901
0.031082148 	 2.154566
0.035151653 	 1.356388
0.041085307 	 1.0509293
0.0351611 	 1.2430795
0.043002322 	 2.1805165
0.037690543 	 1.4588624
0.043215834 	 1.5343451
0.039015207 	 1.3844552
0.043211415 	 1.1841125
0.039333567 	 1.2429811
0.041893736 	 1.348323
0.052370723 	 1.5070785
0.04564328 	 1.6531848
0.06723603 	 1.8095717
0.07166331 	 0.84408164
0.07539962 	 1.3916544
0.06575475 	 1.5940403
0.05103723 	 1.9324487
0.06597731 	 1.3909448
0.052914046 	 1.4406358
0.053683482 	 1.1638926
0.06242684 	 1.3582077
0.057359092 	 1.3190227
0.0584485 	 1.9139735
0.05138165 	 1.4641385
0.046044454 	 1.5393528
0.050369237 	 1.3356252
0.04155244 	 1.418207
0.045692008 	 1.5665697
0.040994946 	 1.1832482
0.049491733 	 0.97525424
0.042677753 	 1.4483504
0.02636658 	 1.6432027
0.04043578 	 1.5016394
0.03489443 	 1.0779656
0.03366243 	 1.1404349
0.03289783 	 1.0225152
0.45053354 	 1.2248652
0.4866244 	 1.0431828
0.48092532 	 1.4548191
0.37217346 	 1.15847
0.42126033 	 1.4264516
0.37011755 	 1.245143
0.4192452 	 1.5532511
0.28562623 	 2.0195763
0.26861736 	 1.2975124
0.25907534 	 2.0176082
0.29045466 	 1.9927193
0.2503479 	 2.268053
0.22189708 	 2.3463469
0.20674309 	 2.382914
0.24164186 	 2.4508379
0.26109523 	 2.4951344
0.26966912 	 1.7104634
0.26732907 	 2.0550277
0.25209862 	 1.9079633
0.24053657 	 1.9933141
0.22960539 	 2.0588684
0.23676737 	 2.4311666
0.19747217 	 2.1940732
0.15571457 	 2.0768833
0.1727983 	 2.1193004
0.1885415 	 2.015884
0.18348125 	 1.7811455
0.16220494 	 2.7317383
0.18346249 	 2.857374
0.18894945 	 1.2417479
0.18762788 	 2.5212753
0.20800468 	 2.0928981
0.20303486 	 2.6648934
0.17099042 	 1.6853747
0.48015642 	 1.7989712
0.5112352 	 1.5873057
0.55635977 	 1.6744688
0.39532357 	 1.6706527
0.37078488 	 1.9943091
0.3049346 	 1.8502829
0.2732147 	 2.1004534
0.24672009 	 1.6468208
0.25550312 	 2.0868607
0.229894 	 1.8229275
0.5172105 	 1.5584818
0.40964678 	 1.5681484
0.3022504 	 2.1739454
0.26279292 	 2.3519
0.25973535 	 1.8225018
0.23789321 	 2.360452
0.24115305 	 2.2342596
0.21052678 	 2.5384781
0.21730365 	 2.335219
0.21238722 	 2.0470188
0.22975208 	 1.704534
0.20150533 	 1.9464462
0.190696 	 1.4657657
0.178526 	 3.271977
0.15990281 	 2.9239814
0.17826395 	 1.3999398
0.17226553 	 2.2981882
0.16327316 	 3.0241907
0.14842963 	 2.0655487
0.17204358 	 2.3424942
0.18160637 	 1.8322335
0.22655763 	 1.4494247
0.2332413 	 1.9174967
0.25458992 	 2.175702
0.2625256 	 2.049392
0.35479102 	 1.628937
0.3766524 	 1.4388734
0.41610983 	 1.1137599
0.4065928 	 1.401236
0.39659727 	 1.4481305
0.3731233 	 1.4769751
0.30918092 	 1.2335674
0.2919092 	 1.2407025
0.2318794 	 1.7007253
0.1794685 	 1.3128006
0.17586319 	 2.3687527
0.11409443 	 1.9646453
0.113333635 	 2.875074
0.13830762 	 1.9533043
0.17518923 	 1.1388824
0.16223158 	 1.9079785
0.15396044 	 2.0946743
0.15147625 	 2.5277636
0.16396005 	 1.2881225
0.20408167 	 1.9184526
0.22026059 	 2.245518
0.24918027 	 2.156899
0.24103889 	 2.2119198
0.3336085 	 1.1174998
0.31589454 	 1.7510798
0.3306487 	 1.2707924
0.3768325 	 1.0596911
0.32565576 	 1.2406943
0.31364617 	 1.4567773
0.3332962 	 1.2002835
0.29367852 	 1.7255521
0.2444549 	 2.4699082
0.22905813 	 1.2251121
0.21574195 	 1.7724822
0.20257361 	 1.7115896
0.19042736 	 1.892663
0.18508255 	 2.4679217
0.206985 	 1.9181705
0.24311504 	 1.4269596
0.22602981 	 2.0399005
0.2523278 	 1.9866598
0.2448768 	 2.1547275
0.37120882 	 1.5811223
0.35076123 	 1.9750308
0.36572134 	 1.6897216
0.32933643 	 1.9469343
0.25484967 	 1.8878487
Summary
0.0051312144  -  0.69901216 ,  0.80328286  -  3.3996122
accuracy:  100.0
equal predictions:  0
