TensorFlow version: 1.13.1
Found 939 images belonging to 1 classes.
argN = 784
argN = 784
0.46332422 	 0.6429685
0.5962649 	 0.66977245
0.5623464 	 0.64479834
0.46868366 	 0.45781615
0.4557334 	 0.6376955
0.4726248 	 0.70818603
0.42217904 	 0.61953264
0.52515894 	 0.6481882
0.4761816 	 0.5597228
0.47362316 	 0.63868374
0.4180116 	 0.56961554
0.4039663 	 0.66293573
0.44595945 	 0.75853395
0.38493222 	 0.7714103
0.37689582 	 0.8457688
0.37091193 	 1.0767934
0.3595341 	 0.7767704
0.35109988 	 0.68236417
0.33892363 	 0.6568214
0.42842346 	 0.7140635
0.49983823 	 0.8309053
0.60678256 	 0.5613247
0.5613237 	 0.7512828
0.5087258 	 0.64896804
0.4880304 	 0.506611
0.40119037 	 0.51353174
0.4307282 	 0.53068656
0.48298812 	 0.7466734
0.46468875 	 0.6160899
0.44055963 	 0.7654556
0.5697948 	 0.83223236
0.60111344 	 0.61204535
0.5021494 	 0.5578379
0.60600203 	 0.74599046
0.514402 	 0.5651934
0.50190485 	 0.74061537
0.38608837 	 0.7583438
0.39688042 	 0.8600287
0.42853025 	 0.6665332
0.51948076 	 0.6875935
0.41883376 	 0.67849964
0.45530194 	 0.775115
0.53134406 	 0.6478592
0.49480894 	 0.59154385
0.42501366 	 0.41592404
0.3289706 	 0.67447126
0.259026 	 0.40657058
0.26139614 	 0.7394088
0.25579983 	 0.9921948
0.21236084 	 0.35273775
0.21559952 	 0.88137305
0.29728857 	 0.66486776
0.38867512 	 0.838516
0.4486395 	 0.78814787
0.64585966 	 0.68554854
0.45265552 	 0.552547
0.45091692 	 0.7195629
0.44947332 	 0.6081292
0.46920037 	 0.77421445
0.47507045 	 0.7908575
0.42542586 	 0.7573493
0.440813 	 0.6974711
0.4695352 	 0.7516815
0.50602317 	 0.78718466
0.5197697 	 0.65941083
0.5211571 	 0.6262042
0.47500622 	 0.5112686
0.48244113 	 0.5220757
0.51270956 	 0.57985276
0.4860077 	 0.72063327
0.4268154 	 0.5271587
0.2890642 	 0.7952666
0.39082402 	 0.8911075
0.531952 	 0.62341374
0.41648445 	 0.6968113
0.37377775 	 0.66708094
0.4104848 	 0.69763535
0.46078277 	 0.649785
0.46181345 	 0.69221324
0.5290805 	 0.753752
0.56312877 	 0.57837796
0.5564994 	 0.6758374
0.52767855 	 0.6986363
0.55448323 	 0.61138225
0.550544 	 0.6460816
0.47726545 	 0.6779698
0.43774465 	 0.73869604
0.39219204 	 0.95773906
0.28085724 	 0.60523784
0.21840578 	 0.9058842
0.63089937 	 0.65367836
0.6003343 	 0.61045295
0.5816042 	 0.7031881
0.576308 	 0.56138533
0.617682 	 0.668959
0.6265459 	 0.67849964
0.6052742 	 0.5977505
0.5841791 	 0.71236724
0.58304554 	 0.69070923
0.6404693 	 0.70088273
0.58747464 	 0.5919664
0.56575304 	 0.6322328
0.5816161 	 0.72967243
0.58520204 	 0.5987885
0.56675476 	 0.5835421
0.59878623 	 0.62541294
0.5522307 	 0.6988763
0.56389904 	 0.6053186
0.57881516 	 0.56385547
0.56392866 	 0.67052525
0.47191787 	 0.43497854
0.5200851 	 0.8014038
0.52033174 	 0.6156623
0.51282364 	 0.7339387
0.50303614 	 0.72161055
0.47949564 	 0.6633874
0.5014676 	 0.5036917
0.48352474 	 0.6204863
0.47350258 	 0.6695299
0.49326986 	 0.5034113
0.42798665 	 0.65345126
0.48637095 	 0.6876755
0.46674082 	 0.6020128
0.48132193 	 0.52370924
0.46225035 	 0.62168103
0.44365838 	 0.6550047
0.41624123 	 0.7200017
0.4622903 	 0.6415308
0.44293413 	 0.75007224
0.4191396 	 0.58277273
0.40148938 	 0.61168426
0.37084982 	 0.6856886
0.38089794 	 0.61831194
0.37773535 	 0.46790364
0.36923826 	 0.38029268
0.38171682 	 0.6027427
0.38092968 	 0.70005953
0.40971306 	 0.6294127
0.36125335 	 0.556632
0.38796973 	 0.5033757
0.40450236 	 0.4096722
0.38459963 	 0.69096243
0.38200977 	 0.6134632
0.37529054 	 0.3547599
0.36199433 	 0.91410345
0.37360728 	 0.6270002
0.36203045 	 0.6905602
0.35284597 	 0.5579859
0.34619123 	 0.8955293
0.3802967 	 1.0489856
0.34659687 	 0.76671016
0.35461444 	 0.73766375
0.35197115 	 0.5534848
0.3301469 	 0.61102545
0.31363377 	 0.52350307
0.29821032 	 0.61667544
0.30537552 	 0.7354523
0.3071572 	 0.5971016
0.2908934 	 0.5540999
0.2808683 	 0.292182
0.29230273 	 0.4454825
0.2828506 	 0.5574795
0.2954664 	 0.6345775
0.2609027 	 0.5586556
0.2408301 	 0.62285995
0.24222067 	 0.84248894
0.24937078 	 0.6063198
0.23412926 	 0.5418035
0.23921104 	 0.5427351
0.22150151 	 0.35622242
0.24417882 	 0.81762177
0.23504418 	 0.53748626
0.23936452 	 0.90148515
0.24878645 	 0.26482093
0.24664442 	 0.5515685
0.2442158 	 0.5515419
0.24828328 	 0.72001207
0.24974088 	 0.44035277
0.2690977 	 0.73458016
0.2513042 	 0.6215907
0.24059488 	 1.0162973
0.22878408 	 0.6212674
0.19869281 	 0.53459334
0.21928318 	 0.56408614
0.18015485 	 0.46384102
0.18961021 	 0.6669684
0.18973573 	 0.562822
0.1774546 	 0.80440086
0.13934003 	 0.6790116
0.14253607 	 0.55977744
0.13978548 	 0.3647682
0.12529702 	 0.65929854
0.12900156 	 0.35004553
0.1024033 	 0.5222455
0.115196235 	 0.52941
0.103014015 	 0.70293266
0.10656057 	 0.47536704
0.6066747 	 0.64659446
0.6263553 	 0.6301677
0.54302806 	 0.6883542
0.6646868 	 0.64345545
0.61604893 	 0.70691824
0.5743738 	 0.6061277
0.5493311 	 0.6801729
0.57784486 	 0.6765983
0.5562894 	 0.68535477
0.6121045 	 0.66108894
0.59825236 	 0.67682403
0.60035634 	 0.6112208
0.61604106 	 0.6072986
0.5616974 	 0.61003596
0.5800199 	 0.6980578
0.5750623 	 0.63417906
0.58880156 	 0.7284459
0.5582594 	 0.59480995
0.6938928 	 0.69570476
0.66076446 	 0.6534269
0.66991526 	 0.68832403
0.67108136 	 0.67437285
0.68083787 	 0.6924354
0.6929873 	 0.6259273
0.6360333 	 0.5862299
0.67576206 	 0.6636841
0.6608622 	 0.6002212
0.6673271 	 0.6994858
0.648279 	 0.636834
0.6944344 	 0.69845843
0.66720325 	 0.6340416
0.71627235 	 0.710878
0.6671889 	 0.64593244
0.621529 	 0.68641084
0.7355448 	 0.7124608
0.6500782 	 0.6368753
0.64153737 	 0.7203368
0.62471 	 0.64225334
0.634361 	 0.64131117
0.61996025 	 0.71772075
0.53108877 	 0.60974115
0.6447799 	 0.578793
0.5793309 	 0.68614733
0.63724786 	 0.6840538
0.55876195 	 0.6646808
0.59463626 	 0.62338716
0.64652866 	 0.66993064
0.63662624 	 0.6503051
0.6368872 	 0.6276799
0.6457797 	 0.6657048
0.63159454 	 0.6103362
0.6742036 	 0.61864305
0.6253472 	 0.7269663
0.6162414 	 0.6188562
0.6549824 	 0.6651378
0.69475436 	 0.605199
0.67305094 	 0.590414
0.65372443 	 0.6649534
0.6844192 	 0.6625748
0.69853646 	 0.68192357
0.6132497 	 0.6741401
0.6706006 	 0.76419234
0.63526547 	 0.6565835
0.58582795 	 0.67134374
0.51950014 	 0.72512174
0.5560196 	 0.6289475
0.49411878 	 0.5415031
0.59483546 	 0.6738299
0.7601307 	 0.64666396
0.73400503 	 0.7341152
0.7747013 	 0.65028715
0.712276 	 0.66088104
0.70242596 	 0.6284871
0.64718175 	 0.7184695
0.63282204 	 0.63422865
0.65146226 	 0.634291
0.6112724 	 0.6106765
0.64269733 	 0.6863855
0.60666347 	 0.6283204
0.64026296 	 0.6122234
0.54754984 	 0.63468415
0.5346617 	 0.6627564
0.5243448 	 0.63088685
0.52439886 	 0.6474857
0.58112115 	 0.7000833
0.59876716 	 0.68312335
0.6032942 	 0.62507236
0.6621989 	 0.6587792
0.68534577 	 0.57597476
0.6455845 	 0.672366
0.6687463 	 0.6607834
0.6774152 	 0.69020385
0.6492357 	 0.6162106
0.6331132 	 0.6896937
0.62163734 	 0.6641755
0.59488785 	 0.7237435
0.58401096 	 0.63160294
0.596154 	 0.64091116
0.61093706 	 0.6342855
0.61628634 	 0.6571357
0.6228812 	 0.64329076
0.57018083 	 0.6859252
0.6315504 	 0.6720153
0.6108685 	 0.67290884
0.69238096 	 0.6959474
0.7204763 	 0.66554826
0.7159642 	 0.6895628
0.71889603 	 0.6588059
0.73283976 	 0.6636758
0.70248926 	 0.60877746
0.7535648 	 0.63903546
0.7016847 	 0.6522323
0.78343934 	 0.6270374
0.6871602 	 0.6744323
0.7160465 	 0.61843437
0.7118939 	 0.6949204
Summary
0.1024033  -  0.78343934 ,  0.26482093  -  1.0767934
accuracy:  83.7
equal predictions:  0
TensorFlow version: 1.13.1
Found 939 images belonging to 1 classes.
argN = 784
argN = 784
0.48557422 	 0.715903
0.48750407 	 0.57572335
0.58117753 	 0.6022514
0.5887504 	 0.7341153
0.49120584 	 0.53265053
0.49170092 	 0.63725466
0.45184156 	 0.6638402
0.45677376 	 0.6823854
0.43596822 	 0.55370665
0.42571995 	 0.7732195
0.4889817 	 0.7071815
0.47236025 	 0.70440066
0.490612 	 0.52127105
0.46656013 	 0.59775406
0.500315 	 0.71289796
0.5104483 	 0.68145216
0.41456202 	 0.7231487
0.489358 	 0.6289163
0.4192162 	 0.7344727
0.44914505 	 0.7976556
0.5438282 	 0.6868569
0.4715256 	 0.54171944
0.47575256 	 0.5974883
0.539919 	 0.7414101
0.38353074 	 0.6954163
0.36528587 	 0.5176148
0.3662298 	 0.7619198
0.32754543 	 0.726693
0.31268793 	 0.47358394
0.43169716 	 0.42992163
0.59066963 	 0.7303433
0.6447569 	 0.62356496
0.66281706 	 0.7836186
0.5319295 	 0.7685747
0.40899187 	 0.6977297
0.47406527 	 0.6159359
0.47878468 	 0.86202425
0.5268784 	 0.7234735
0.42948443 	 0.5707958
0.5157584 	 0.60189945
0.4290605 	 0.6589636
0.5117555 	 0.4800017
0.52312654 	 0.73747754
0.51233125 	 0.68790203
0.55767417 	 0.64071953
0.60798126 	 0.6511169
0.39911434 	 0.7862986
0.4130546 	 0.8107105
0.49637035 	 0.7387543
0.40473658 	 0.70594573
0.4417562 	 0.67048436
0.4765006 	 0.6932218
0.45670947 	 0.48478228
0.48741856 	 0.70389616
0.55603856 	 0.65703917
0.6067616 	 0.7289034
0.5829473 	 0.6552505
0.5334547 	 0.7805435
0.51303905 	 0.5865067
0.42732316 	 0.5747206
0.4301606 	 0.8736059
0.36619145 	 0.59413254
0.30945086 	 1.1176859
0.28367016 	 0.6628261
0.34956926 	 0.6950051
0.32843888 	 0.4686851
0.4886296 	 0.67469573
0.42710516 	 0.54489696
0.438783 	 0.6414766
0.52082634 	 0.75451106
0.26279035 	 0.47323215
0.57634556 	 0.63901085
0.5035883 	 0.6366131
0.5168038 	 0.6896255
0.5207339 	 0.61016256
0.5440085 	 0.6975545
0.5287467 	 0.56491077
0.5100674 	 0.766819
0.5384866 	 0.6937284
0.5024679 	 0.6236143
0.52663094 	 0.6935018
0.56369615 	 0.7062201
0.60894066 	 0.64205354
0.4863471 	 0.58177406
0.48873174 	 0.69607437
0.38679594 	 0.8850524
0.33917612 	 0.96608
0.37766856 	 0.42398486
0.36594528 	 0.78596133
0.38949978 	 0.6681946
0.29174957 	 0.71458626
0.22696172 	 0.6263101
0.24867347 	 0.62272143
0.58907866 	 0.6623465
0.6011112 	 0.5810241
0.6244996 	 0.64483285
0.65293604 	 0.66320527
0.6208188 	 0.72194374
0.60644335 	 0.6069196
0.5960807 	 0.61989087
0.6246424 	 0.6164051
0.5902034 	 0.6524564
0.5846693 	 0.6128969
0.5807196 	 0.68957
0.6185704 	 0.63905454
0.5599047 	 0.6023629
0.5846663 	 0.670732
0.5439744 	 0.54019415
0.5353084 	 0.69947344
0.53237236 	 0.5577664
0.55637574 	 0.57728624
0.54508734 	 0.4742387
0.5668969 	 0.59500146
0.51735896 	 0.8274241
0.49372357 	 0.66551405
0.52292806 	 0.62417334
0.4754798 	 0.6620816
0.4903807 	 0.6857099
0.49031842 	 0.6780782
0.5032544 	 0.47840244
0.46397108 	 0.6589445
0.44834477 	 0.71784735
0.4698029 	 0.59228903
0.41857716 	 0.6742656
0.44568083 	 0.6336522
0.45885366 	 0.67062926
0.40637225 	 0.7667538
0.40488303 	 0.61908257
0.36171684 	 0.3902846
0.369464 	 0.564733
0.34729248 	 0.6279619
0.37768003 	 0.62743014
0.38578308 	 0.696228
0.3854814 	 0.7045724
0.4280235 	 0.6548004
0.4000725 	 0.65237767
0.34992662 	 0.43215784
0.3991534 	 0.74704355
0.37040618 	 0.60106343
0.37487578 	 0.361876
0.36772174 	 0.55721796
0.37418336 	 0.54769015
0.37554267 	 0.5979029
0.3668863 	 0.49086905
0.38500747 	 0.75862634
0.39394614 	 0.6221713
0.3743665 	 0.5457959
0.4073632 	 0.49044213
0.3901999 	 0.5623967
0.35679638 	 0.46710685
0.38793582 	 0.58539
0.36232352 	 0.54534113
0.3698786 	 0.29996493
0.35755903 	 0.3110332
0.3277179 	 0.6810807
0.33116287 	 0.55258054
0.26724023 	 0.62783253
0.2836028 	 0.57834256
0.2764687 	 0.5765853
0.30324 	 1.0255325
0.28765005 	 0.6310495
0.2884096 	 0.3794505
0.27714163 	 0.7102062
0.28338185 	 0.55246127
0.30272514 	 0.9974
0.25500312 	 0.68629175
0.27023533 	 0.6516011
0.24867615 	 0.88659424
0.24896625 	 0.481805
0.24214572 	 0.31499726
0.25885782 	 0.67414385
0.23847651 	 0.38588127
0.24362625 	 0.31563672
0.24104989 	 0.6758202
0.24421488 	 0.8528328
0.2718108 	 0.9729935
0.22330329 	 0.6547447
0.259364 	 0.3824497
0.24812423 	 0.49054173
0.23073852 	 0.50565326
0.25175172 	 0.3032282
0.2565585 	 0.55215704
0.24666357 	 0.62938476
0.22054169 	 0.32159543
0.25928327 	 0.34941733
0.24559364 	 0.6821598
0.21076047 	 0.39414078
0.22954421 	 0.63125944
0.19223978 	 0.3558701
0.20581211 	 0.29188117
0.15543345 	 0.7286674
0.18012401 	 0.7705121
0.18347302 	 0.5732857
0.14683379 	 0.30674392
0.15263657 	 0.4848029
0.15716094 	 0.83391076
0.1257942 	 0.3046146
0.12316876 	 0.43912166
0.11481301 	 0.6470317
0.10932315 	 0.40791532
0.6928161 	 0.64468646
0.6339942 	 0.64677334
0.54803157 	 0.62520486
0.60414875 	 0.63970184
0.5467835 	 0.6321804
0.5415152 	 0.62214863
0.5825758 	 0.7201761
0.6147132 	 0.683408
0.5936317 	 0.6789125
0.63486856 	 0.6506126
0.60945386 	 0.61999834
0.53259206 	 0.57774234
0.53596234 	 0.724539
0.6127361 	 0.7263228
0.5832773 	 0.66277385
0.6522936 	 0.64271253
0.6361413 	 0.6109195
0.655727 	 0.6388036
0.6349009 	 0.6887471
0.644527 	 0.5891246
0.6136197 	 0.6672316
0.62046957 	 0.628884
0.630217 	 0.73983115
0.59735984 	 0.702255
0.7064506 	 0.66141003
0.7615731 	 0.6589059
0.6525415 	 0.6242702
0.62631994 	 0.6382755
0.5838884 	 0.7386128
0.6406755 	 0.6933938
0.6617514 	 0.68306834
0.5851522 	 0.6609787
0.61087006 	 0.6502217
0.6504344 	 0.668884
0.652414 	 0.65203273
0.6480481 	 0.678501
0.6141098 	 0.6008023
0.60120195 	 0.64368826
0.6514593 	 0.70321447
0.68882865 	 0.69537675
0.65557355 	 0.60730726
0.6963538 	 0.60176516
0.67036855 	 0.60102296
0.6462834 	 0.65346247
0.649306 	 0.68555397
0.6327938 	 0.7303193
0.6018929 	 0.69866794
0.6443068 	 0.65253836
0.6218664 	 0.6137667
0.6485284 	 0.6270961
0.703112 	 0.62751305
0.6591928 	 0.67208165
0.6169171 	 0.702307
0.6103631 	 0.7211127
0.59660596 	 0.6272191
0.59864086 	 0.6495429
0.5875484 	 0.6175606
0.5737175 	 0.63274944
0.57333624 	 0.6879574
0.7011406 	 0.65849185
0.7570877 	 0.6715897
0.7371529 	 0.70881516
0.7082412 	 0.74199975
0.70165706 	 0.6414493
0.72828066 	 0.6628077
0.6818768 	 0.62390673
0.6692979 	 0.64914984
0.7006368 	 0.6541129
0.66349477 	 0.7670219
0.66785026 	 0.59690577
0.59363824 	 0.6640768
0.6201692 	 0.6959499
0.58156985 	 0.66822726
0.6107225 	 0.6864964
0.5522647 	 0.71489006
0.49370864 	 0.64561844
0.47843283 	 0.64356637
0.51895595 	 0.6116457
0.521558 	 0.70733863
0.5744447 	 0.57518125
0.53045416 	 0.58517724
0.612774 	 0.64618444
0.5564714 	 0.6330948
0.5999053 	 0.6238278
0.6036424 	 0.587691
0.61821645 	 0.6853983
0.595827 	 0.6527075
0.64723027 	 0.64209837
0.65872 	 0.70047325
0.6390428 	 0.60626286
0.6504127 	 0.6803956
0.68459094 	 0.6222395
0.6362486 	 0.61072546
0.6231425 	 0.6240177
0.6051397 	 0.63654405
0.6036357 	 0.6766827
0.67633736 	 0.7019191
0.5633622 	 0.7242572
0.6288223 	 0.668543
0.6512345 	 0.62044454
0.7324149 	 0.6850643
0.6764718 	 0.71466607
0.7315354 	 0.6604984
0.7113525 	 0.6939463
0.7417707 	 0.59708667
0.67447317 	 0.6563008
0.7385569 	 0.6469772
0.73701024 	 0.6670107
0.7206558 	 0.6482465
0.823253 	 0.6776246
0.7371258 	 0.6266697
0.65537333 	 0.67022043
0.7247196 	 0.7538546
Summary
0.10932315  -  0.823253 ,  0.29188117  -  1.1176859
accuracy:  83.4
equal predictions:  0
TensorFlow version: 1.13.1
Found 939 images belonging to 1 classes.
argN = 784
argN = 784
0.47064498 	 0.5621471
0.47862077 	 0.6921395
0.5732946 	 0.80732614
0.54677474 	 0.7155122
0.49690813 	 0.70342827
0.526407 	 0.7274688
0.46244076 	 0.7300683
0.45916203 	 0.7045975
0.4792797 	 0.6999017
0.497772 	 0.64939135
0.4739588 	 0.7652413
0.47386822 	 0.7769376
0.51604915 	 0.61668074
0.45094872 	 0.6515123
0.51847875 	 0.64748776
0.4400425 	 0.52944314
0.47961763 	 0.71257615
0.5054853 	 0.75236607
0.4982877 	 0.7021695
0.4782605 	 0.7098933
0.47519544 	 0.7084726
0.5175614 	 0.7131438
0.5117655 	 0.7418418
0.45565274 	 0.7554931
0.41419882 	 0.75451374
0.37637603 	 0.38176605
0.35715258 	 0.72544533
0.33552378 	 0.8742895
0.3332226 	 0.5718146
0.3193329 	 1.0436777
0.35366222 	 0.49116474
0.3551471 	 0.43143174
0.40434134 	 0.7166499
0.5585181 	 0.40939704
0.587042 	 0.72175676
0.5352116 	 0.76150334
0.4436192 	 0.7549174
0.46161312 	 0.822122
0.38543496 	 0.71225494
0.43466976 	 0.6122123
0.5594005 	 0.6100375
0.5898815 	 0.59038293
0.46349534 	 0.63488114
0.53950804 	 0.6619115
0.52757925 	 0.60243887
0.50548136 	 0.71649754
0.50638825 	 0.5161613
0.49068716 	 0.75846726
0.4612231 	 0.5240548
0.39152315 	 0.61236006
0.41610917 	 0.9437571
0.42899695 	 0.8070251
0.43937883 	 0.6257905
0.47756338 	 0.6782316
0.61473566 	 0.6392488
0.4722273 	 0.6272405
0.5740135 	 0.64706516
0.5555699 	 0.633349
0.5150613 	 0.61632013
0.42309633 	 0.65258986
0.47427624 	 0.71377486
0.32383475 	 0.4994458
0.28118518 	 0.9106692
0.25650105 	 0.5653656
0.2804228 	 0.47604612
0.3704527 	 0.6910714
0.4896472 	 0.49551922
0.43937096 	 0.5274237
0.45906976 	 0.65007555
0.45948547 	 0.87686986
0.4702521 	 0.481155
0.4824054 	 0.75167733
0.45486432 	 0.61610156
0.46243376 	 0.7582025
0.44635707 	 0.7743477
0.5763082 	 0.6633779
0.58413297 	 0.7333132
0.5612707 	 0.5295166
0.4919979 	 0.57518667
0.4615106 	 0.70535463
0.4730386 	 0.7287985
0.45094347 	 0.5966984
0.40615088 	 0.825374
0.38946414 	 0.64282984
0.15814564 	 0.508714
0.13307877 	 0.8992765
0.18497354 	 0.6618431
0.3046618 	 0.7661785
0.41734478 	 0.8893185
0.44873437 	 0.6861859
0.53533196 	 0.70011353
0.59611493 	 0.6600079
0.49019542 	 0.7761462
0.4499645 	 0.59585553
0.37635553 	 0.8011157
0.37282488 	 0.56901604
0.3471771 	 0.6845231
0.36021236 	 0.8322411
0.33241296 	 0.8466883
0.22523487 	 0.698454
0.27643114 	 0.745747
0.19750296 	 0.7422389
0.6470974 	 0.63845944
0.6542795 	 0.6541043
0.5548469 	 0.6082547
0.6315654 	 0.602896
0.63863385 	 0.6049598
0.63857627 	 0.6349234
0.6221524 	 0.7425681
0.605303 	 0.63705516
0.5668196 	 0.65789086
0.53485805 	 0.587469
0.5938891 	 0.62364423
0.6507865 	 0.6546163
0.59585637 	 0.6608971
0.57256925 	 0.5705218
0.54072505 	 0.57846934
0.5607502 	 0.6526844
0.47292882 	 0.6037233
0.57769996 	 0.6735615
0.5492871 	 0.6281171
0.5575305 	 0.6565984
0.5380212 	 0.6439238
0.51378727 	 0.6056946
0.48064324 	 0.56264275
0.48739624 	 0.5517527
0.5005023 	 0.66385293
0.50255406 	 0.6957132
0.4870326 	 0.62162787
0.46815932 	 0.51386195
0.4320753 	 0.59613246
0.4222924 	 0.6798495
0.45336136 	 0.66213083
0.42776757 	 0.51868844
0.42104936 	 0.7601427
0.40819788 	 0.50454307
0.40109432 	 0.52411866
0.43776295 	 0.5270692
0.4313101 	 0.86002815
0.39157853 	 0.7170625
0.39882973 	 0.47264707
0.35591936 	 0.6689698
0.3618393 	 0.7154755
0.34024936 	 0.62349975
0.37857002 	 0.7193859
0.40056908 	 0.71694565
0.37584025 	 0.67113286
0.38261318 	 0.49800578
0.37794694 	 0.4746232
0.39358914 	 0.91442287
0.3816219 	 0.62909865
0.3533514 	 0.45393255
0.380937 	 0.68101287
0.35687798 	 0.4720378
0.37480417 	 0.7146368
0.37289965 	 0.47496656
0.3932229 	 0.36385527
0.3838453 	 0.3773879
0.39618865 	 0.45281902
0.38759264 	 0.6129704
0.32280743 	 0.33721417
0.36000884 	 0.51915085
0.3710173 	 0.81348956
0.33475885 	 0.70176476
0.37761423 	 0.673593
0.34382695 	 0.6597617
0.3342113 	 0.5378926
0.34587017 	 0.5969848
0.28653672 	 0.72860175
0.2963441 	 0.4093231
0.29588345 	 0.6074729
0.29042438 	 0.54863995
0.27996483 	 0.42689523
0.29488924 	 0.36822537
0.29367453 	 0.4156394
0.28007248 	 0.86683106
0.28478235 	 0.3734894
0.28962365 	 0.6496908
0.26294154 	 0.6745082
0.26200718 	 0.7462368
0.26385665 	 0.6547236
0.24411611 	 0.52423495
0.2499798 	 0.77155954
0.25882137 	 0.611562
0.23060182 	 0.80015653
0.23067486 	 0.37647486
0.26540694 	 0.62456375
0.27175865 	 0.4606945
0.23296988 	 0.58678365
0.2379481 	 0.42968583
0.22015816 	 0.44223246
0.23813702 	 0.73473907
0.22645828 	 0.53683025
0.18995474 	 0.6520147
0.15450072 	 0.44364557
0.13931434 	 0.24949378
0.098370165 	 0.4993784
0.11033864 	 0.29845136
0.09119224 	 0.17204718
0.10653067 	 0.646696
0.66367394 	 0.6342052
0.5686046 	 0.6615409
0.65315425 	 0.6430583
0.5816368 	 0.6490717
0.57293874 	 0.648367
0.5755532 	 0.61981916
0.611841 	 0.7485668
0.5727146 	 0.6878862
0.60353243 	 0.70425093
0.6282334 	 0.7146444
0.6371202 	 0.63321686
0.6124124 	 0.6501566
0.59362334 	 0.684999
0.5823602 	 0.63884324
0.5796646 	 0.7348416
0.57502735 	 0.6703231
0.53748226 	 0.66977197
0.56003827 	 0.63091755
0.570435 	 0.7426447
0.60522985 	 0.6832272
0.6225751 	 0.6307168
0.6708463 	 0.6423567
0.6770116 	 0.6625583
0.5920263 	 0.6189463
0.6487318 	 0.7174602
0.65960157 	 0.6645056
0.6282374 	 0.610463
0.6263185 	 0.64676535
0.6433054 	 0.6494697
0.6820808 	 0.6535592
0.7086649 	 0.6320778
0.65617 	 0.65796417
0.6683975 	 0.6709498
0.6645941 	 0.64086986
0.66526675 	 0.7293385
0.70890534 	 0.583888
0.6533869 	 0.61805135
0.691475 	 0.6720529
0.64594084 	 0.6674146
0.67655915 	 0.66516334
0.63947326 	 0.7005639
0.64171535 	 0.6449424
0.62903273 	 0.6403279
0.5453294 	 0.63540965
0.5859035 	 0.58932084
0.5887208 	 0.6234744
0.61005133 	 0.76906806
0.6322016 	 0.6601125
0.6331475 	 0.6910022
0.5940518 	 0.6599272
0.65652347 	 0.6586589
0.592582 	 0.6288554
0.60085243 	 0.74824136
0.6641989 	 0.7010335
0.595103 	 0.6636897
0.68446326 	 0.5873364
0.6909516 	 0.7106893
0.68386126 	 0.6380845
0.69062054 	 0.6240253
0.65865976 	 0.6733332
0.657788 	 0.62908864
0.6433577 	 0.6596181
0.6021687 	 0.6527304
0.6578288 	 0.6728627
0.630686 	 0.6916081
0.6167138 	 0.68514705
0.6169809 	 0.6634242
0.5909139 	 0.68730974
0.58204913 	 0.6049766
0.5777169 	 0.6698561
0.5799339 	 0.6681125
0.5549142 	 0.6793331
0.6799435 	 0.61799574
0.7134305 	 0.65353376
0.71996945 	 0.6715607
0.7107444 	 0.7298417
0.6579226 	 0.6295767
0.72192323 	 0.600103
0.6847873 	 0.68374264
0.69309866 	 0.69050187
0.6277331 	 0.6408307
0.6722736 	 0.6733468
0.67735535 	 0.674812
0.60557973 	 0.61201984
0.62460047 	 0.654884
0.60169476 	 0.6647294
0.60566294 	 0.6274913
0.57564384 	 0.70039964
0.46385828 	 0.7071003
0.5009577 	 0.6332428
0.5182347 	 0.6625763
0.5668264 	 0.6530398
0.55827004 	 0.64886844
0.5371301 	 0.6395676
0.56871766 	 0.6773429
0.57057893 	 0.66503954
0.5809768 	 0.6650414
0.63496774 	 0.57949775
0.6684125 	 0.68905586
0.6381373 	 0.6369794
0.6656123 	 0.67521405
0.6199181 	 0.64059746
0.628657 	 0.6819132
0.6853954 	 0.7072151
0.61599845 	 0.65517706
0.60629576 	 0.6444049
0.5727618 	 0.6978956
0.59476244 	 0.6577928
0.61166316 	 0.68884003
0.67072624 	 0.60409606
0.7410236 	 0.6558289
0.7152922 	 0.6348129
0.7536599 	 0.67749476
Summary
0.09119224  -  0.7536599 ,  0.17204718  -  1.0436777
accuracy:  86.9
equal predictions:  0
TensorFlow version: 1.13.1
Found 939 images belonging to 1 classes.
argN = 784
argN = 784
0.4886642 	 0.6819101
0.6271271 	 0.7223488
0.50268185 	 0.70549464
0.49136406 	 0.7620015
0.4557538 	 0.78281367
0.430424 	 0.64298606
0.44320205 	 0.8155061
0.44499493 	 0.64400685
0.46320146 	 0.80010563
0.49389508 	 0.68158907
0.4684434 	 0.76092976
0.47179213 	 0.82113934
0.3689254 	 0.6339998
0.45591128 	 0.6733207
0.48219782 	 0.7149163
0.53386354 	 0.6119622
0.42906424 	 0.51525956
0.49739966 	 0.61744964
0.5449821 	 0.77444834
0.5437233 	 0.5425925
0.53837407 	 0.53642434
0.4514322 	 0.7140774
0.47738448 	 0.6918842
0.41202155 	 0.5100255
0.4125805 	 0.54996276
0.3955151 	 0.8772223
0.36990267 	 0.666128
0.37804854 	 0.7368264
0.3293638 	 0.34678724
0.32645398 	 0.8269339
0.32937738 	 0.7663017
0.3712438 	 0.7197764
0.38968316 	 0.9204159
0.51351887 	 0.63910174
0.5526156 	 0.5744397
0.44696835 	 0.71766055
0.4479236 	 0.6165798
0.542156 	 0.8096517
0.43989348 	 0.5530315
0.38340145 	 0.6624243
0.31503695 	 0.55081075
0.61038333 	 0.6894345
0.62272465 	 0.6837162
0.63388723 	 0.64285535
0.5679043 	 0.4418057
0.5126405 	 0.62663776
0.48870724 	 0.4130181
0.4513532 	 0.61894274
0.40906355 	 0.7802269
0.38419342 	 0.7401183
0.44732842 	 0.7165857
0.37362573 	 0.89889944
0.39962104 	 1.002763
0.42222023 	 0.6542451
0.4523015 	 0.7066823
0.40728903 	 0.46249735
0.5914412 	 0.64371204
0.57323337 	 0.6617178
0.511572 	 0.72757614
0.5343316 	 0.6951655
0.5871552 	 0.6904926
0.4793757 	 0.6821492
0.46643248 	 0.487049
0.51517516 	 0.57909477
0.50241476 	 0.7470559
0.5013115 	 0.65268636
0.44160813 	 0.5978576
0.34045854 	 0.855259
0.3135137 	 0.6511604
0.3249616 	 0.7573649
0.3082611 	 0.66618836
0.29944453 	 0.47826463
0.2508625 	 0.842499
0.2798535 	 0.7997729
0.4940201 	 0.6237918
0.50848496 	 0.66893435
0.6036718 	 0.66042477
0.50588465 	 0.6037257
0.44944108 	 0.6695999
0.4465527 	 0.621031
0.4993849 	 0.6854002
0.4922205 	 0.7313412
0.5009643 	 0.5389432
0.40835422 	 0.6467211
0.5285206 	 0.61401683
0.3502825 	 0.90278924
0.291696 	 0.6527274
0.17012562 	 0.55984503
0.4755729 	 0.60106504
0.37508792 	 0.71650267
0.37050545 	 0.48948374
0.60911006 	 0.6029049
0.5846957 	 0.55459714
0.51802117 	 0.5351426
0.5199289 	 0.6391293
0.3110039 	 0.6824096
0.29657742 	 0.75833493
0.25585166 	 0.88857675
0.24506459 	 0.7050532
0.2378294 	 0.8052641
0.14716403 	 0.33934614
0.11681602 	 1.1683131
0.5826866 	 0.6915043
0.596396 	 0.5901387
0.6788998 	 0.6344865
0.5613778 	 0.5740178
0.59553194 	 0.65512973
0.6559302 	 0.65687406
0.587699 	 0.60804015
0.56110364 	 0.676414
0.59683394 	 0.6502745
0.67686605 	 0.6189908
0.5786641 	 0.6599003
0.6030679 	 0.60458744
0.60408294 	 0.6610521
0.54966354 	 0.61953473
0.5072144 	 0.50544006
0.5366859 	 0.57733756
0.5536569 	 0.60205895
0.54276913 	 0.5765755
0.5591942 	 0.49942115
0.60093623 	 0.75032806
0.4980372 	 0.5426389
0.54377586 	 0.5304805
0.5389336 	 0.6436138
0.51234776 	 0.6402555
0.49502814 	 0.69032604
0.48597494 	 0.6245876
0.48411188 	 0.7239211
0.4855622 	 0.67949444
0.4704717 	 0.6274028
0.4799539 	 0.45271477
0.49280056 	 0.53888845
0.50529873 	 0.5188245
0.45482722 	 0.6942826
0.47687888 	 0.6923823
0.41482368 	 0.6414233
0.40410772 	 0.73890626
0.38666284 	 0.5721408
0.40468684 	 0.5901694
0.42258826 	 0.6327849
0.43665895 	 0.5014073
0.38936463 	 0.68284863
0.36180916 	 0.6871813
0.39549953 	 0.39289325
0.37893918 	 0.8144149
0.3787171 	 0.4295586
0.36985815 	 0.68234104
0.377938 	 0.6124897
0.37706536 	 0.93666613
0.38317603 	 0.4943554
0.38522834 	 0.70014286
0.3727771 	 0.78190494
0.40453854 	 0.47017446
0.373982 	 0.53594154
0.3384245 	 0.5163683
0.34943882 	 0.8628753
0.37015733 	 0.63448626
0.37391883 	 0.5300581
0.40005773 	 0.5967131
0.39518455 	 0.7719716
0.33925703 	 0.66519487
0.36591613 	 0.59843266
0.34269285 	 0.8471658
0.3347083 	 0.5673665
0.31869632 	 0.69284433
0.33558166 	 0.6290302
0.3057315 	 0.7454732
0.30029407 	 0.715112
0.25544694 	 0.6810057
0.27751744 	 0.77789277
0.27490738 	 0.775219
0.26076862 	 0.62335426
0.27476513 	 0.42464265
0.256893 	 0.6702612
0.30238393 	 0.6239066
0.30462885 	 0.5873576
0.25606623 	 0.5853536
0.23003833 	 0.5589556
0.22604617 	 0.80929905
0.22885722 	 0.38263792
0.22275461 	 0.60362494
0.25466904 	 0.44563717
0.22097048 	 0.71337956
0.23956558 	 1.0311309
0.2510597 	 0.31096438
0.2584089 	 0.60325646
0.26105884 	 0.5966287
0.24611945 	 0.3736543
0.23262097 	 0.65533954
0.25194845 	 0.56588507
0.2367447 	 0.746254
0.2121446 	 0.7349765
0.23485358 	 0.41342312
0.18443905 	 0.71268046
0.14844637 	 0.41210487
0.10196105 	 0.44611195
0.101320826 	 0.49261558
0.09705951 	 0.6996078
0.60318685 	 0.5828175
0.5697956 	 0.5710173
0.58246374 	 0.6598037
0.57211095 	 0.6301654
0.57474923 	 0.68233174
0.54500574 	 0.71362203
0.59551555 	 0.68835753
0.61358225 	 0.59692466
0.5791962 	 0.71302855
0.53678596 	 0.5853652
0.5806007 	 0.6406047
0.51769644 	 0.6190262
0.6044157 	 0.613354
0.6465612 	 0.60234654
0.6513358 	 0.7101159
0.69668096 	 0.60184634
0.63961685 	 0.6539784
0.6678728 	 0.64278305
0.6946723 	 0.66635233
0.6278513 	 0.6491004
0.6422001 	 0.592606
0.60981977 	 0.62276995
0.61588395 	 0.6646437
0.6155046 	 0.6346583
0.63968694 	 0.7304053
0.65755624 	 0.622549
0.6509524 	 0.6575786
0.7235025 	 0.6232939
0.67232585 	 0.60206354
0.65660334 	 0.7033768
0.65922976 	 0.6777445
0.677425 	 0.68241143
0.63032603 	 0.6173799
0.63863856 	 0.6408503
0.608974 	 0.60986495
0.6099041 	 0.6190302
0.5846235 	 0.65520024
0.6493752 	 0.6500332
0.6520465 	 0.6723289
0.6129743 	 0.6423841
0.63638175 	 0.7094925
0.6930648 	 0.6258796
0.6522861 	 0.67650145
0.63417715 	 0.6889756
0.59929806 	 0.6122644
0.55241424 	 0.7042652
0.6270804 	 0.71928495
0.64702195 	 0.7655509
0.6587276 	 0.6793023
0.6533039 	 0.6697005
0.70048153 	 0.69499075
0.6562318 	 0.66727716
0.6334835 	 0.68807113
0.670364 	 0.6972934
0.6669849 	 0.65602624
0.6592048 	 0.6879333
0.6795704 	 0.65284836
0.6921431 	 0.66776866
0.6671594 	 0.63241106
0.62329787 	 0.6819106
0.6135502 	 0.6590812
0.56846255 	 0.6609996
0.53029 	 0.75409806
0.5573347 	 0.66780376
0.53317964 	 0.63698435
0.5809533 	 0.6867077
0.62420565 	 0.7298127
0.6205405 	 0.640483
0.657766 	 0.70654154
0.61060053 	 0.680389
0.62178713 	 0.6683848
0.71262026 	 0.59806716
0.70621276 	 0.6454687
0.7635082 	 0.64542747
0.71902925 	 0.67905146
0.71580553 	 0.6416079
0.7114928 	 0.6876521
0.652534 	 0.70920706
0.64711183 	 0.6367396
0.626206 	 0.6451454
0.6677647 	 0.61175734
0.61963874 	 0.69579667
0.6406117 	 0.6529212
0.6731472 	 0.6412152
0.62026787 	 0.647854
0.6144141 	 0.6735476
0.58728087 	 0.7387126
0.64563364 	 0.5836817
0.52487415 	 0.6574407
0.4709023 	 0.6377738
0.48776692 	 0.6036848
0.48042002 	 0.6400141
0.49046832 	 0.67116624
0.5756767 	 0.65955627
0.64697206 	 0.65840966
0.69986206 	 0.6492136
0.6737736 	 0.70535475
0.68475664 	 0.7057457
0.66564846 	 0.6832201
0.5951469 	 0.72406805
0.6183353 	 0.72099346
0.6127002 	 0.6991317
0.6204066 	 0.6312016
0.6181886 	 0.6150816
0.7208228 	 0.6397262
0.754943 	 0.6284591
0.7160514 	 0.672147
0.80510664 	 0.70578563
0.81143254 	 0.61879265
0.719969 	 0.6667751
0.72069234 	 0.6367042
0.6992603 	 0.61507255
0.6884129 	 0.6788372
0.6923113 	 0.6717769
Summary
0.09705951  -  0.81143254 ,  0.31096438  -  1.1683131
accuracy:  83.1
equal predictions:  0
