TensorFlow version: 1.13.1
Found 939 images belonging to 1 classes.
argN = 3136
argN = 3136
0.28459305 	 2.4190876
0.3031009 	 1.8593633
0.26968068 	 1.8596048
0.06559231 	 2.1472285
0.05493059 	 2.092884
0.04821123 	 2.192696
0.01447766 	 2.1900723
0.11430102 	 1.2791921
0.17388989 	 1.5566322
0.24687068 	 1.3016951
0.13925473 	 1.6373234
0.14693776 	 2.091234
0.3423426 	 1.8282293
0.36645824 	 1.9361655
0.4033423 	 1.6693213
0.2906579 	 1.6947216
0.36577478 	 1.8095605
0.060211476 	 2.0251024
0.05258731 	 1.5332128
0.049345132 	 2.333702
0.03085615 	 1.703182
0.030613793 	 2.186766
0.012855374 	 2.4106863
0.012769523 	 1.8444009
0.015072718 	 2.0272515
0.029373918 	 2.188922
0.034175944 	 1.8585632
0.43055445 	 2.086695
0.46602595 	 1.6581097
0.4174765 	 2.9704962
0.38613257 	 2.7987049
0.3016037 	 1.6544509
0.30023 	 1.8559381
0.3560798 	 1.6779795
0.17347676 	 2.0455797
0.4769027 	 2.1583118
0.06520377 	 1.8696343
0.061231628 	 2.1326725
0.0490744 	 1.8990004
0.059678726 	 2.3507624
0.08198529 	 2.1131337
0.18002431 	 1.6320391
0.13883965 	 2.1698616
0.13788436 	 1.7221612
0.09804106 	 2.2398224
0.012134505 	 2.211765
0.1655723 	 1.3348434
0.121702164 	 1.9915273
0.117757685 	 1.5756791
0.10281364 	 1.9787945
0.14928445 	 1.7838255
0.12790619 	 1.6020701
0.08888526 	 1.5694453
0.13904333 	 2.1581647
0.12949549 	 2.3201773
0.06233878 	 1.7656436
0.02193936 	 1.8676199
0.035260934 	 1.893297
0.02771266 	 2.2491
0.023458136 	 1.9067589
0.011669813 	 1.9871154
0.0069032214 	 1.7535262
0.008928281 	 1.650852
0.0077273017 	 2.441987
0.011728671 	 2.5913808
0.01031497 	 2.219301
0.051085968 	 1.9516306
0.057750408 	 2.050916
0.048280723 	 2.0943189
0.086823456 	 1.8471297
0.09253418 	 2.2082784
0.08167525 	 2.3218226
0.06629731 	 2.285902
0.05316608 	 2.567656
0.03877632 	 2.5521383
0.033023868 	 2.208745
0.030980086 	 1.9493148
0.057532694 	 2.170557
0.08454203 	 1.6702135
0.12648553 	 2.2212305
0.1636382 	 1.9894311
0.15691811 	 1.7395402
0.12135782 	 2.2342846
0.026117722 	 2.0202596
0.022623131 	 1.8275975
0.030789763 	 1.93298
0.123463824 	 1.6969417
0.091075756 	 1.5255774
0.091104545 	 1.8491085
0.20195355 	 1.3077593
0.1012583 	 2.0877645
0.055388175 	 1.953058
0.017401548 	 1.9785345
0.013871774 	 1.876958
0.011363635 	 2.6625738
0.010861459 	 1.6950068
0.012509601 	 2.0615482
0.020475812 	 2.1559787
0.02198536 	 2.7535808
0.03149868 	 1.8662823
0.08294204 	 1.5971303
0.111589916 	 0.6561712
0.11663577 	 0.992683
0.10747888 	 0.83307445
0.11002487 	 0.7815977
0.11116383 	 0.64936125
0.09642577 	 1.4049165
0.111395076 	 1.1504388
0.10678896 	 1.35815
0.09359199 	 1.366449
0.10174096 	 1.1177963
0.086485 	 0.8138443
0.0666174 	 0.83180857
0.062667824 	 0.8997237
0.062122352 	 0.84107786
0.051189724 	 0.7360113
0.045168057 	 1.1008538
0.040493127 	 0.65613395
0.031986713 	 1.1544117
0.029969495 	 0.66195416
0.028934954 	 1.3179932
0.032427453 	 1.0462368
0.035427287 	 1.0322988
0.025512878 	 1.0777596
0.032005053 	 0.98048204
0.027316995 	 2.7960439
0.028925197 	 2.0822303
0.028607251 	 1.5984603
0.022811845 	 0.9062273
0.021646831 	 1.4310027
0.019745296 	 0.94880533
0.02407914 	 1.4896171
0.027722096 	 0.9572161
0.022034531 	 1.1029714
0.023070922 	 1.2490348
0.028589219 	 1.035333
0.025764093 	 0.78405195
0.021461625 	 1.3452786
0.01713484 	 0.7887445
0.01593269 	 0.99261415
0.017335076 	 0.7409248
0.020277197 	 1.0443119
0.012543642 	 0.5858992
0.019392818 	 1.2177503
0.016136078 	 0.8709896
0.016501468 	 1.0958481
0.017531348 	 1.0290425
0.014040529 	 0.79546076
0.011866786 	 1.2460533
0.01213185 	 0.8419028
0.010593538 	 1.3441374
0.010956426 	 0.83837456
0.014116696 	 0.65004313
0.012520827 	 1.0682656
0.013744018 	 1.5048476
0.01267867 	 1.3518236
0.01273457 	 1.2264208
0.009902951 	 1.3514751
0.010824884 	 0.7455558
0.010895142 	 0.9408398
0.013421014 	 1.1403482
0.010748125 	 0.6760959
0.010569382 	 1.1621509
0.017762424 	 1.1713543
0.017018428 	 0.4266402
0.016487349 	 0.8645267
0.016365075 	 0.56819546
0.020161513 	 0.66448194
0.019518139 	 1.2391183
0.017286802 	 0.8861631
0.014863376 	 0.7446786
0.01851584 	 2.6176126
0.018735848 	 1.2637029
0.022697575 	 1.2894925
0.020280542 	 1.0762028
0.020279143 	 1.4065008
0.025999648 	 1.2534446
0.023058906 	 0.95726424
0.020287111 	 0.8620293
0.039763726 	 0.7270502
0.037015628 	 1.2623754
0.05312736 	 1.7756578
0.045087058 	 0.55203587
0.048964098 	 1.3577602
0.05528354 	 0.91488856
0.057126444 	 0.918718
0.06595643 	 1.0120193
0.053988177 	 0.88403815
0.061564814 	 0.5385019
0.07371581 	 1.147801
0.076087125 	 0.836005
0.08504562 	 0.93731195
0.07301718 	 0.81012636
0.069464795 	 1.2565018
0.089775994 	 0.89479125
0.06916301 	 0.9619722
0.06634189 	 1.3928915
0.06656548 	 1.5394539
0.055855487 	 1.1492137
0.04109189 	 1.850526
0.027450295 	 1.1987339
0.028047241 	 1.3027562
0.0246037 	 1.2071352
0.02548145 	 2.0584557
0.017251266 	 0.9733617
0.010844165 	 1.3316569
0.2574302 	 1.0487067
0.26625392 	 1.083065
0.25860605 	 1.0357695
0.22398506 	 1.7329493
0.16704787 	 1.2237779
0.1497453 	 1.481407
0.12972225 	 1.5363575
0.13400759 	 1.3805398
0.12497002 	 1.3336767
0.15779766 	 1.6473775
0.17421705 	 1.5683815
0.16963099 	 1.3223484
0.17098689 	 1.2207665
0.17437904 	 1.5889822
0.14279965 	 1.4964678
0.13676152 	 1.3982289
0.14461668 	 1.2278814
0.14398016 	 1.5061684
0.16416556 	 1.7262995
0.16007131 	 1.3991835
0.16197033 	 1.4579937
0.15256964 	 1.4313568
0.1484306 	 1.8873265
0.15883735 	 1.5978557
0.15190938 	 1.3132671
0.14662403 	 1.3640889
0.15474777 	 1.0360843
0.16315912 	 1.4157343
0.14318873 	 1.634061
0.17664686 	 1.3924156
0.21955137 	 1.2026798
0.23370261 	 1.7810594
0.23866309 	 1.2966005
0.21249115 	 1.3923377
0.19517349 	 1.631705
0.17761599 	 1.6774708
0.14928979 	 0.9572925
0.15133844 	 1.601042
0.1483959 	 1.3168937
0.13445067 	 1.8555449
0.22269027 	 1.355931
0.15589762 	 1.6310812
0.16585861 	 2.057948
0.16008991 	 1.6369989
0.12974261 	 1.729724
0.13005354 	 1.3237593
0.121341534 	 1.4368805
0.092067316 	 2.4505496
0.084029354 	 1.5214096
0.08142995 	 1.2670873
0.08336222 	 2.0024135
0.11967275 	 1.1516105
0.12446064 	 1.7544907
0.12888893 	 1.2807182
0.13808429 	 1.535164
0.13460621 	 1.5056989
0.14389639 	 1.3330673
0.14724179 	 1.3989913
0.1522338 	 1.313205
0.13654484 	 1.5904793
0.18302764 	 1.4383662
0.19332705 	 1.1974919
0.20093022 	 1.4516262
0.21362327 	 1.143875
0.22262585 	 1.1261975
0.24452005 	 1.035903
0.25277528 	 1.1638887
0.25799686 	 0.9631321
0.25676584 	 1.2392
0.1369922 	 1.0511143
0.13410532 	 1.6283923
0.10817778 	 1.1517587
0.0967791 	 1.7624
0.096567035 	 1.3659106
0.10069612 	 1.4128137
0.09838687 	 1.6255704
0.09089805 	 1.638318
0.10677994 	 0.8528764
0.10790877 	 1.9020554
0.117607966 	 1.7777144
0.113527514 	 1.4624223
0.12163727 	 1.2115105
0.14094426 	 1.5603886
0.19846891 	 1.9086541
0.26346067 	 1.2977912
0.28097153 	 1.2745719
0.33907887 	 0.9731848
0.39820457 	 0.9277933
0.4183943 	 0.96970004
0.43741903 	 0.95261383
0.45859352 	 0.74119115
0.4597335 	 0.8571549
0.43423736 	 0.90148973
0.21989232 	 1.2474997
0.11767903 	 1.8486973
0.11372772 	 1.8113672
0.119012505 	 0.92882913
0.115862 	 2.02869
0.1181623 	 1.2259475
0.115424395 	 1.6270131
0.120451294 	 1.3693339
0.1138305 	 1.4170965
0.110728815 	 1.6734449
0.11894738 	 1.6809357
0.11424202 	 0.85119176
0.11947956 	 1.5041138
0.09288823 	 0.96217376
Summary
0.0069032214  -  0.4769027 ,  0.4266402  -  2.9704962
accuracy:  100.0
equal predictions:  0
TensorFlow version: 1.13.1
Found 939 images belonging to 1 classes.
argN = 3136
argN = 3136
0.258024 	 2.168277
0.27523932 	 1.9712142
0.23877358 	 1.5167545
0.03455681 	 1.1570958
0.02988855 	 1.8022364
0.022153601 	 1.65499
0.018471882 	 2.3600953
0.016954528 	 1.6721342
0.01430871 	 1.9429461
0.0101063205 	 1.593511
0.011844228 	 1.9217705
0.27323058 	 1.362273
0.27061865 	 1.364421
0.19343227 	 1.7105142
0.23748499 	 2.0193548
0.33427605 	 1.8948555
0.36758313 	 2.0015936
0.32756767 	 1.825444
0.27593148 	 2.1790268
0.32820794 	 1.4982991
0.36570776 	 1.4886695
0.11974854 	 1.7699617
0.10042549 	 1.6442275
0.035515167 	 2.351976
0.03146288 	 1.6441205
0.027962405 	 2.6476514
0.014469133 	 1.9267198
0.3145653 	 2.1508913
0.3500737 	 1.9649765
0.43809542 	 1.7113807
0.47897935 	 1.5817126
0.45359173 	 1.787995
0.41080222 	 1.9462671
0.36347774 	 1.9042388
0.3437872 	 2.3642325
0.2907915 	 2.3788269
0.47327656 	 1.4990468
0.49071696 	 1.8467529
0.11840113 	 1.9031521
0.12488398 	 1.7438825
0.09146194 	 1.8666377
0.029255213 	 2.3488607
0.025161723 	 1.9798682
0.017917214 	 1.5673535
0.1961614 	 1.5309341
0.10413628 	 2.0107005
0.11589693 	 2.3155916
0.11459742 	 1.3436322
0.11070757 	 1.5972248
0.10586612 	 2.0864584
0.102240406 	 1.9268532
0.08184594 	 2.0124965
0.08203802 	 1.6289237
0.030340958 	 2.420593
0.021977013 	 2.02763
0.032444507 	 2.308448
0.03080679 	 2.315097
0.007896344 	 1.9980801
0.008399557 	 2.486795
0.09531552 	 2.3520284
0.09346724 	 1.9976221
0.08022242 	 2.034472
0.070352525 	 1.3429326
0.049408942 	 2.0683718
0.05720369 	 1.9592549
0.049181458 	 2.1977136
0.050653733 	 2.4231536
0.060685035 	 2.2002249
0.09549539 	 1.6732516
0.118106894 	 1.3125335
0.09578679 	 1.9102693
0.10385064 	 2.8144476
0.12689903 	 2.0495183
0.06070144 	 2.069391
0.02497672 	 2.1425774
0.020569688 	 2.102254
0.016913487 	 1.4690295
0.054457795 	 2.5473092
0.20976552 	 1.4954611
0.22719067 	 1.358601
0.13355605 	 1.6856673
0.07316248 	 2.213638
0.066842966 	 2.3052905
0.08694204 	 2.218883
0.023868516 	 2.4789104
0.017752232 	 1.8210826
0.009370763 	 1.748874
0.012862257 	 2.403754
0.023832012 	 2.0968761
0.0631449 	 1.5615097
0.06865809 	 1.7838287
0.013795324 	 2.2292657
0.09896967 	 0.9152812
0.08358349 	 0.8135845
0.08463913 	 0.63997626
0.0848383 	 0.6234026
0.08579297 	 1.0309339
0.08409088 	 1.0860051
0.08568595 	 1.1408756
0.08242572 	 0.8161298
0.082752116 	 0.87854475
0.07943843 	 0.8938806
0.08572381 	 1.4369208
0.0900461 	 1.0666338
0.09043235 	 1.0235419
0.09402649 	 0.8981407
0.0803704 	 0.8648467
0.07780728 	 0.8272072
0.07323078 	 1.4649503
0.07715323 	 0.96702063
0.074455194 	 0.7193059
0.0742249 	 1.3561978
0.06163581 	 2.017879
0.061344814 	 1.3458248
0.052673258 	 1.0828744
0.04349631 	 1.1144346
0.051048394 	 0.93742603
0.04503418 	 1.286733
0.036219843 	 0.82368296
0.03162842 	 1.3471586
0.026357401 	 1.2453768
0.022161523 	 0.7078296
0.016942767 	 0.9216093
0.021845963 	 1.2663283
0.02064252 	 1.1389692
0.025383137 	 1.0519315
0.021767437 	 1.3434687
0.025470078 	 0.7954581
0.025399094 	 0.906169
0.022478828 	 1.2830701
0.016359078 	 0.9957833
0.01749629 	 1.3227938
0.01511919 	 2.803279
0.014607264 	 0.9603727
0.016601276 	 1.9832078
0.013491576 	 1.3503444
0.018747326 	 0.93506205
0.016121056 	 0.49479154
0.015200886 	 0.7063088
0.012661224 	 1.104418
0.010549082 	 1.2856147
0.012781235 	 0.79312944
0.013054453 	 0.77078277
0.011980971 	 1.330738
0.014912984 	 0.9121537
0.0121625 	 0.92329603
0.013388333 	 0.8581706
0.012060239 	 0.97402287
0.0111132385 	 0.9878274
0.014127275 	 1.4673222
0.012340319 	 0.8391618
0.012084672 	 0.5228186
0.009541949 	 1.0829053
0.010878451 	 1.9434745
0.012505557 	 1.1407763
0.008898453 	 0.84741503
0.013276705 	 1.1145763
0.015134803 	 0.9578211
0.019249711 	 0.47797272
0.020049855 	 1.3380482
0.013424337 	 0.6081408
0.013790913 	 0.9670305
0.010664443 	 1.106075
0.013534954 	 1.5205239
0.019152677 	 1.3497282
0.015421497 	 0.65993756
0.018576197 	 1.1221348
0.018219821 	 0.83526504
0.01772032 	 0.72810847
0.024143314 	 0.46423635
0.021937592 	 0.8539967
0.022608804 	 0.6292472
0.022652213 	 1.127854
0.03403095 	 1.1454799
0.038028415 	 1.1345841
0.058046237 	 0.5187629
0.05725387 	 1.3816097
0.07245616 	 0.8927217
0.07602095 	 0.8127334
0.06328014 	 0.76300174
0.061375044 	 1.1146963
0.07246866 	 0.62476146
0.06336035 	 1.3276075
0.07307136 	 1.3167903
0.07085638 	 1.3667293
0.06857836 	 1.2809044
0.07591188 	 0.453172
0.07459012 	 1.2532068
0.07028033 	 1.4272788
0.062431913 	 1.1138928
0.07419081 	 0.97813797
0.047373556 	 0.6438519
0.062033813 	 0.84831387
0.059465088 	 1.2254429
0.05860087 	 0.7624895
0.05754444 	 1.058692
0.053638894 	 0.7890503
0.040261332 	 0.74605405
0.037462734 	 1.1950114
0.039003868 	 0.9932759
0.020909252 	 0.94910336
0.012500789 	 1.3763181
0.0153921405 	 0.8704364
0.18576488 	 1.6726441
0.14483567 	 0.93554014
0.12064233 	 0.9494017
0.13154937 	 1.3848948
0.12471827 	 1.1692708
0.13895819 	 1.6551462
0.13995461 	 1.5666773
0.15719596 	 1.3579961
0.15848298 	 1.2400687
0.1490795 	 1.205024
0.16702843 	 1.5440031
0.16427864 	 1.06651
0.16282573 	 1.1665134
0.15742874 	 1.2665737
0.1532734 	 1.4519706
0.14893678 	 1.1950691
0.15710689 	 1.5910616
0.14702131 	 0.8539627
0.15036942 	 1.6912173
0.15128478 	 1.3097059
0.19835733 	 1.6446325
0.2349366 	 1.5665506
0.19283497 	 1.8072976
0.1889015 	 1.6334311
0.14823605 	 1.1476973
0.15307972 	 1.7380469
0.14055796 	 1.6281891
0.19125825 	 0.85187316
0.24523808 	 1.2089083
0.2712011 	 1.4815832
0.16976136 	 1.394823
0.15649764 	 1.7212186
0.1748149 	 1.2425839
0.17460053 	 1.2725178
0.14674371 	 1.9923902
0.14100328 	 1.6964451
0.13914827 	 1.0739167
0.13633087 	 1.5767051
0.118384965 	 1.0028378
0.12280996 	 1.4128022
0.10520916 	 1.4246064
0.102462925 	 1.3659071
0.114030294 	 1.5355529
0.10606306 	 1.7141076
0.10806468 	 1.6662391
0.1085998 	 1.508802
0.11183845 	 1.1718267
0.0883473 	 2.0010931
0.082556345 	 1.6439922
0.07731459 	 1.1509749
0.083921544 	 1.8139138
0.08892884 	 1.8063058
0.1333692 	 1.0102643
0.15221915 	 1.6891205
0.14659269 	 1.2881813
0.15840198 	 1.2362722
0.14008988 	 1.4000108
0.14454842 	 1.2222086
0.21374726 	 1.4968363
0.21494494 	 0.79394263
0.2070792 	 1.3876283
0.22179188 	 1.25851
0.23672447 	 1.1125627
0.24199119 	 1.3226175
0.21553186 	 1.0038155
0.17458633 	 1.3576487
0.1596935 	 1.2344832
0.15956093 	 1.4477093
0.15106583 	 1.7126784
0.13852865 	 0.88667476
0.14179407 	 1.695364
0.11670831 	 1.8857396
0.099985234 	 1.4098684
0.10469253 	 0.98412913
0.094954 	 1.7926439
0.09527514 	 1.3415066
0.12545994 	 2.0917025
0.1519506 	 1.409463
0.172418 	 0.70095056
0.20286328 	 1.5382541
0.23231165 	 1.1475691
0.2685004 	 1.3534222
0.31423703 	 1.1368107
0.303691 	 0.8497975
0.33455688 	 0.8871041
0.3590258 	 0.99631107
0.4603106 	 0.8905805
0.4629841 	 0.92995554
0.45590547 	 0.9561491
0.41308108 	 0.8537835
0.3544496 	 0.7834448
0.2875389 	 0.993506
0.1894314 	 0.8039263
0.14027435 	 1.3707364
0.1330821 	 1.7630111
0.1184889 	 0.930011
0.11744506 	 1.0229002
0.11714895 	 1.2857251
0.1128996 	 1.8417829
0.113418885 	 1.0441273
0.11267355 	 1.5359676
0.09840739 	 0.93347013
0.0958028 	 1.9235274
0.112528 	 1.5050932
0.103491634 	 2.0324063
0.111412466 	 1.6624296
0.09142426 	 1.3130395
0.09820313 	 1.1723965
0.099468924 	 1.280964
0.09423395 	 1.3939879
Summary
0.007896344  -  0.49071696 ,  0.453172  -  2.8144476
accuracy:  100.0
equal predictions:  0
TensorFlow version: 1.13.1
Found 939 images belonging to 1 classes.
argN = 3136
argN = 3136
0.4101768 	 2.1127288
0.39533588 	 2.393012
0.475752 	 2.1726878
0.4218519 	 1.8291299
0.76121604 	 2.0082843
0.6369098 	 2.004949
0.47329396 	 2.0353189
0.33838764 	 2.4098313
0.29574433 	 2.2578654
0.25605252 	 2.3155837
0.13617021 	 2.2452466
0.0285607 	 2.532203
0.026918976 	 2.930547
0.023803322 	 2.7379804
0.043473218 	 2.0256605
0.028500903 	 1.8978446
0.07401589 	 2.0611365
0.2597729 	 1.3382566
0.18071748 	 1.833036
0.15047473 	 1.5780376
0.16715896 	 1.9904431
0.41326526 	 2.0122762
0.3499985 	 1.6541538
0.4278879 	 1.761756
0.42483243 	 1.7745773
0.31645146 	 2.2193787
0.1220512 	 1.9893701
0.03966685 	 2.090333
0.40326586 	 2.321734
0.567352 	 2.2626407
0.53450656 	 2.1775966
0.5788344 	 1.996533
0.64299524 	 2.6473148
0.64622754 	 1.9273057
0.4677792 	 2.5928147
0.45058912 	 2.3056247
0.431211 	 2.1299915
0.60025203 	 1.9626806
0.6621338 	 2.1366842
0.6841296 	 2.138962
0.18763098 	 2.0727725
0.15684015 	 2.0313437
0.081196874 	 2.1194048
0.039005727 	 2.5235648
0.04187708 	 2.81975
0.04144775 	 2.3513641
0.039374113 	 2.7586927
0.027316444 	 1.7624108
0.024587022 	 2.553121
0.15373346 	 1.8324383
0.19423193 	 1.4961134
0.17179185 	 1.8993727
0.19899364 	 2.2462423
0.11506275 	 2.261068
0.024465587 	 1.5794348
0.019285927 	 1.8962814
0.018721515 	 2.8347337
0.018124223 	 2.106578
0.014899009 	 2.1849902
0.017453406 	 2.245065
0.04164726 	 2.5690167
0.050938502 	 2.3511496
0.08500701 	 1.9198028
0.15325375 	 2.6159046
0.12211996 	 2.2769933
0.120155305 	 2.3811808
0.08399026 	 2.2374349
0.071205325 	 2.227852
0.049358405 	 2.193892
0.11558476 	 1.9525853
0.10545148 	 1.5561095
0.15125239 	 1.6508744
0.1561492 	 1.9545033
0.13113353 	 2.005115
0.22803718 	 1.1131516
0.2847821 	 1.350904
0.12263145 	 1.7648185
0.10874292 	 2.387342
0.14606197 	 2.0873766
0.15606913 	 2.0412986
0.15419997 	 1.636232
0.15265962 	 1.8124166
0.1509459 	 1.6571426
0.09969267 	 2.1665604
0.086215526 	 2.1446462
0.055281647 	 2.3363645
0.043095723 	 2.444818
0.042538736 	 2.241109
0.02903834 	 2.750453
0.019296622 	 2.358174
0.019343048 	 2.3085651
0.11238313 	 2.0875351
0.1622362 	 1.0021986
0.15980609 	 0.7654125
0.15803206 	 1.2407622
0.16588739 	 1.8797724
0.15367389 	 1.0273782
0.16201057 	 1.4198927
0.14379646 	 1.3261613
0.16927412 	 1.6131538
0.16933991 	 1.185495
0.16590604 	 1.4324827
0.15330863 	 1.0708086
0.14795397 	 1.3282343
0.14270456 	 0.94055533
0.13898313 	 1.4282291
0.1374976 	 0.85802007
0.15096726 	 0.70829153
0.14347015 	 0.8950595
0.13711087 	 0.98701674
0.14406407 	 0.7430539
0.1339066 	 0.9524274
0.12280255 	 0.7694106
0.14257245 	 1.6750971
0.09959166 	 0.8513621
0.0976792 	 1.4159678
0.08682618 	 1.6664045
0.07474072 	 2.757779
0.07808345 	 1.0359195
0.057374936 	 1.0206487
0.063181154 	 1.1107193
0.050204642 	 1.3632913
0.051110934 	 0.6622602
0.036452685 	 0.61117864
0.047646765 	 0.9608615
0.04003933 	 0.92184794
0.041206602 	 1.1739088
0.037797254 	 1.4849987
0.03994063 	 1.6815941
0.03924938 	 1.3282126
0.04067221 	 1.6622517
0.034944054 	 0.7475566
0.030985866 	 0.90819967
0.029519586 	 1.2063017
0.02541389 	 0.70815736
0.033366144 	 1.5731298
0.026763523 	 2.7137089
0.024667723 	 0.9187831
0.023959415 	 1.082711
0.019755023 	 1.1497121
0.022573503 	 1.704484
0.015229208 	 1.3775638
0.01875589 	 1.0476028
0.017929897 	 0.92983806
0.019955298 	 2.1140637
0.019167988 	 1.0717701
0.023990672 	 1.3747469
0.018161854 	 2.0977414
0.023568528 	 1.6388632
0.020128306 	 1.3082988
0.023132896 	 0.99042267
0.017570293 	 1.3710254
0.022518514 	 1.2983226
0.018025415 	 1.084179
0.023279062 	 1.0792066
0.018473884 	 1.6704209
0.020104831 	 1.0951166
0.020774448 	 1.0267025
0.022299806 	 1.4790013
0.029266875 	 1.449679
0.029734783 	 0.94649065
0.031513322 	 1.4837676
0.027176669 	 1.134828
0.027138451 	 1.7623416
0.02647668 	 1.931162
0.02912652 	 1.3532946
0.03581561 	 0.88511956
0.036166325 	 0.8160505
0.042903017 	 0.75873214
0.036138516 	 1.4501264
0.041892618 	 1.3869374
0.03377722 	 2.346023
0.031253096 	 1.0383099
0.03660254 	 1.1062537
0.045734186 	 1.0193216
0.06017533 	 0.75465494
0.062389534 	 0.8279902
0.09310651 	 1.1105146
0.09993932 	 1.5519195
0.100137934 	 0.7411734
0.10434427 	 1.5361764
0.04323886 	 1.0345783
0.031517196 	 1.3375874
0.03220312 	 0.7992284
0.024093306 	 1.2591863
0.025918962 	 1.4423536
0.028403519 	 1.5183275
0.023444591 	 0.84846896
0.028201913 	 1.4226624
0.022892464 	 1.4389371
0.02467591 	 0.86174005
0.3190081 	 1.1596823
0.3279627 	 1.2263438
0.32952628 	 0.88499725
0.32665443 	 1.3978332
0.32996026 	 0.9896044
0.3098052 	 1.4378949
0.28286374 	 1.4225222
0.2636269 	 1.294949
0.20765565 	 1.5635142
0.19058299 	 1.2918139
0.17840566 	 1.7175006
0.16935481 	 0.83477414
0.19104154 	 1.0664392
0.22677909 	 1.4592304
0.21297367 	 1.5389005
0.20162287 	 1.4083204
0.2127885 	 1.302802
0.2136956 	 1.0319858
0.23126756 	 1.5853987
0.2164795 	 1.0753
0.22863042 	 1.323111
0.22078916 	 1.2206154
0.20708264 	 1.0626483
0.21565446 	 1.5850909
0.20197637 	 1.5294279
0.20251507 	 1.3358932
0.20033798 	 1.4272739
0.22778557 	 1.586331
0.24389109 	 1.4859581
0.30522442 	 1.578178
0.28796878 	 1.4369645
0.28059497 	 1.2264729
0.24459428 	 1.6601617
0.21800609 	 1.7364031
0.19590776 	 1.7213669
0.2024188 	 1.6552967
0.19090483 	 2.0465417
0.3283619 	 1.3703055
0.26131967 	 1.5517054
0.21504353 	 1.4572543
0.19295137 	 1.4775454
0.19237769 	 1.3112863
0.17512809 	 1.3265808
0.16542326 	 1.3378744
0.16163279 	 1.073857
0.17006047 	 1.5329378
0.16735314 	 1.403702
0.16640425 	 0.9018726
0.1599819 	 1.9597213
0.15938637 	 1.8215317
0.1528476 	 2.103713
0.15096454 	 0.90371275
0.15202622 	 1.363882
0.14842203 	 1.2311417
0.13442259 	 1.9256316
0.12011007 	 1.3064328
0.13164993 	 1.4070743
0.160232 	 1.5233943
0.1778612 	 1.6172384
0.1893879 	 1.054357
0.17496547 	 1.2721959
0.19566113 	 1.6840508
0.1976026 	 1.5619621
0.23200491 	 1.561932
0.31345925 	 0.92331463
0.32890734 	 1.3680263
0.30757138 	 1.1983589
0.26056647 	 1.3692019
0.13715503 	 1.5810739
0.1489949 	 1.8426405
0.13841069 	 1.5637171
0.13748236 	 1.3285402
0.13949366 	 1.3169795
0.1233086 	 1.242931
0.13812132 	 1.5261844
0.1564253 	 1.5995318
0.1463916 	 1.4399825
0.153449 	 1.5162646
0.17902854 	 0.9253503
0.19068836 	 0.94263065
0.22397679 	 1.6760854
0.23111825 	 1.4422928
0.2615492 	 1.4819667
0.24161576 	 1.5016785
0.27681154 	 1.0626756
0.30686164 	 1.007019
0.35482502 	 0.8775533
0.39092907 	 0.9612129
0.39615798 	 0.84216
0.4108459 	 0.829994
0.4369037 	 0.742827
0.44794288 	 0.82797503
0.47412312 	 0.74855834
0.47611502 	 0.8008638
0.430967 	 0.86322016
0.38009933 	 0.9625885
0.36136046 	 0.8087547
0.30466822 	 1.1237321
0.28595018 	 1.1601436
0.24413773 	 1.174598
0.23533133 	 1.4566057
0.19586004 	 1.541919
0.16700836 	 1.3850725
0.16169116 	 1.630911
0.1664952 	 1.4522173
0.15195823 	 1.265849
0.15664814 	 1.7525036
0.15958288 	 0.9210556
0.14042304 	 1.1776968
0.13838044 	 1.499293
0.16629183 	 1.773341
0.16088672 	 1.9743433
0.15875764 	 1.4775414
0.16410165 	 1.6903396
0.15450977 	 1.5392733
0.14442997 	 1.9041364
0.15928543 	 1.6083943
0.15566777 	 1.4201908
0.14437501 	 1.7793372
0.13472931 	 1.7802382
0.1397114 	 1.6999707
0.1458512 	 2.0929928
Summary
0.014899009  -  0.76121604 ,  0.61117864  -  2.930547
accuracy:  100.0
equal predictions:  0
TensorFlow version: 1.13.1
Found 939 images belonging to 1 classes.
argN = 3136
argN = 3136
0.2773502 	 2.5009227
0.41556147 	 2.1048632
0.5126553 	 2.3223357
0.44230333 	 1.7823889
0.32202098 	 1.7202313
0.16852252 	 1.757422
0.07174214 	 1.7935377
0.04187024 	 2.6085963
0.028443685 	 2.0710635
0.022430062 	 1.7533273
0.016368287 	 2.1895473
0.017308757 	 1.4576068
0.04328517 	 2.2743394
0.32156584 	 1.2521307
0.179672 	 1.5252585
0.11290381 	 2.1824946
0.18022907 	 2.032395
0.31342563 	 2.0358875
0.33884558 	 1.3962345
0.3427711 	 2.1715035
0.4235445 	 1.6762406
0.22589226 	 1.9307382
0.1706902 	 1.9687567
0.09236067 	 2.0663664
0.09233753 	 1.4415059
0.10468684 	 1.4456402
0.021765245 	 2.29979
0.020236382 	 2.7750955
0.026311565 	 2.0784142
0.02659224 	 1.0215297
0.032482434 	 2.0821126
0.047089737 	 2.3208928
0.06333488 	 2.3103433
0.09776332 	 2.1647832
0.15772544 	 2.3244932
0.20359905 	 2.2542872
0.46543235 	 2.427584
0.5068805 	 2.2759283
0.47392374 	 2.328176
0.41342205 	 2.4821587
0.38424015 	 2.1329944
0.36866874 	 1.9803452
0.36454317 	 1.4546312
0.38643044 	 1.6705856
0.48031422 	 2.3991487
0.16184069 	 2.0266538
0.13226707 	 1.9656266
0.13029788 	 1.8854139
0.14260276 	 2.4119642
0.1352621 	 2.3231091
0.038509548 	 2.1364732
0.03447833 	 1.6334866
0.03945403 	 2.4963803
0.019662378 	 2.5087693
0.024027366 	 1.9462191
0.022387454 	 2.6772022
0.023215126 	 1.964712
0.15049697 	 1.6227478
0.12505776 	 1.8076448
0.12065174 	 2.1791327
0.111377016 	 1.745749
0.1010834 	 1.6983017
0.1392498 	 1.8523444
0.14217164 	 2.1301286
0.16295902 	 2.5204656
0.14337493 	 1.7849925
0.10345243 	 2.0878353
0.03793276 	 1.7311007
0.014957332 	 1.8811907
0.010970708 	 2.2664478
0.016460506 	 2.6195085
0.028591918 	 2.0794015
0.087562904 	 2.1640809
0.060291052 	 2.9672167
0.04324577 	 1.5652734
0.04194806 	 1.9016473
0.05697102 	 1.9795022
0.15640745 	 1.5467694
0.15303561 	 1.9817001
0.11155266 	 2.1222754
0.14572321 	 2.5381877
0.14233443 	 2.5461533
0.038289297 	 1.968192
0.12974024 	 1.6083205
0.039778426 	 1.5743376
0.06681626 	 1.9404868
0.2308784 	 1.1983666
0.19953758 	 1.4180082
0.112777166 	 1.9841567
0.110034585 	 1.8263794
0.12023254 	 1.8531353
0.10616937 	 1.8385739
0.11293157 	 1.8355116
0.10924722 	 1.7983824
0.11549899 	 1.8713604
0.01841135 	 2.434155
0.017994525 	 2.108703
0.02434905 	 1.6815714
0.0454615 	 1.8995578
0.052417204 	 1.885637
0.059933927 	 1.2394755
0.03529928 	 2.308577
0.09868457 	 1.1626903
0.123800665 	 0.82555974
0.11471086 	 1.4209684
0.11344472 	 0.78848517
0.10722566 	 1.0960792
0.11027002 	 1.143989
0.10554268 	 1.3172011
0.10165313 	 0.8240638
0.101690866 	 0.8972495
0.09958468 	 1.1503006
0.102429315 	 1.1524307
0.103824124 	 1.0125535
0.10392471 	 1.253382
0.091919824 	 1.2994679
0.089653485 	 1.185089
0.08486964 	 0.9283948
0.08775348 	 1.3396473
0.08629116 	 0.9628843
0.0657825 	 0.51458025
0.06828961 	 1.1912773
0.053951565 	 1.0041313
0.05301856 	 0.78431326
0.05080028 	 0.96599793
0.048104092 	 1.044243
0.0375011 	 1.5966945
0.027890509 	 1.036607
0.032250457 	 1.349383
0.026583854 	 1.3805076
0.026908996 	 1.8863848
0.02373142 	 1.4729809
0.023411823 	 1.2835125
0.030230679 	 1.0716147
0.02411596 	 1.4217759
0.031007322 	 1.1749592
0.028112957 	 0.83960956
0.017882321 	 1.2917429
0.017025765 	 1.2233362
0.017656859 	 0.90925866
0.019406553 	 1.0664024
0.019669976 	 0.61526245
0.021365289 	 1.4403285
0.021495728 	 0.93118066
0.018369824 	 0.949232
0.01677625 	 0.9675337
0.02177286 	 2.1886234
0.014440711 	 1.9561093
0.012267547 	 1.5470339
0.010729689 	 1.1238126
0.018181823 	 1.0527735
0.015403277 	 1.2699717
0.014384413 	 0.56483305
0.019711072 	 1.649515
0.020773351 	 0.97335
0.016218826 	 1.3512809
0.0128923245 	 1.6745301
0.014681961 	 1.5951781
0.013261302 	 1.3976296
0.010242404 	 0.83694124
0.0115210535 	 1.215904
0.014076194 	 1.0737759
0.014230594 	 1.1912096
0.014412653 	 0.62366533
0.018988281 	 1.1680564
0.022471452 	 1.2219862
0.021493291 	 1.2364699
0.021962754 	 1.0876615
0.022084985 	 0.70121557
0.023319937 	 1.4231806
0.023526968 	 0.94845426
0.02656647 	 1.1957209
0.025745133 	 0.72363514
0.028137356 	 0.9690234
0.0275251 	 1.3886685
0.028431175 	 1.134536
0.031676035 	 1.7296572
0.038677186 	 0.5953365
0.04064533 	 1.732927
0.041165736 	 1.4527152
0.08075208 	 0.60755354
0.08140312 	 1.3061777
0.08576284 	 0.93703973
0.08666159 	 1.1478148
0.08985783 	 1.0400743
0.09031759 	 1.0347118
0.08644835 	 1.0764487
0.09598655 	 0.8269101
0.0833733 	 1.1374995
0.059364386 	 0.70909697
0.053037666 	 0.8251086
0.056965027 	 0.92114633
0.035126403 	 0.74433124
0.038155165 	 1.4270582
0.017879106 	 1.5068192
0.021121508 	 0.55234796
0.28062552 	 1.140757
0.27117202 	 1.1726966
0.27755487 	 1.1873024
0.22232185 	 1.4781001
0.21222316 	 1.5039529
0.18193871 	 1.656702
0.16355887 	 1.007269
0.1331487 	 1.2845756
0.1503697 	 1.656325
0.1802998 	 1.7314622
0.17610243 	 1.7201763
0.17232522 	 1.7921125
0.17114913 	 1.5390869
0.18537645 	 1.770095
0.17217894 	 1.1298616
0.18296508 	 1.5505979
0.16618125 	 1.239026
0.17916222 	 1.578855
0.17980233 	 1.1625384
0.17347279 	 1.287159
0.17356354 	 1.7303945
0.1747615 	 1.4834388
0.16179465 	 1.2258805
0.19152075 	 1.1136508
0.18092038 	 1.3755568
0.1748577 	 1.7254598
0.16105251 	 1.9936261
0.16096863 	 1.253359
0.16664088 	 1.7636044
0.18042481 	 1.755137
0.16924481 	 1.0404496
0.1672273 	 1.6232504
0.22641192 	 1.6169697
0.1946406 	 1.5994347
0.19265856 	 1.6753256
0.16960627 	 1.1944441
0.17147462 	 1.6570501
0.17229718 	 1.1392311
0.15980469 	 1.8142663
0.14593141 	 1.4774176
0.1528374 	 1.0817274
0.30182004 	 1.297984
0.30723062 	 0.6641532
0.20868595 	 1.4792072
0.1753871 	 2.547287
0.20088126 	 1.9531567
0.18554464 	 1.4725884
0.17735234 	 1.7813885
0.15677042 	 1.4829952
0.16182163 	 1.2871691
0.14777936 	 1.5175375
0.12283045 	 1.7295388
0.13978493 	 1.3963625
0.13764924 	 1.0695037
0.10946691 	 1.8885348
0.11097893 	 1.8475504
0.090971164 	 1.7104967
0.08023411 	 1.8333935
0.09344459 	 0.80424714
0.11418382 	 1.9094723
0.10957405 	 2.027459
0.115236565 	 1.6414151
0.12846512 	 1.2853194
0.14694287 	 1.3132405
0.16258924 	 0.92810136
0.16100742 	 0.84764594
0.15092726 	 1.359826
0.14924377 	 1.7122513
0.16053267 	 1.7278126
0.18248738 	 1.6258515
0.26999497 	 1.3316473
0.23967117 	 1.1092592
0.17079645 	 0.90028125
0.15127376 	 1.0047017
0.14591816 	 1.7520266
0.11293724 	 1.6578556
0.13433342 	 1.4863039
0.114128634 	 1.794328
0.122662656 	 1.7032455
0.11193931 	 1.1272916
0.12068126 	 1.7109346
0.11550715 	 1.443865
0.124415815 	 1.5373043
0.1225223 	 1.9559516
0.16459881 	 1.5976442
0.18337312 	 1.7238997
0.20453192 	 1.714883
0.22014396 	 1.5838138
0.234512 	 1.1308502
0.32649985 	 0.95929545
0.35602498 	 0.993426
0.36486283 	 0.99071413
0.36274466 	 0.89159167
0.41028777 	 0.8229903
0.4413638 	 0.9484741
0.41199085 	 0.8040605
0.41026413 	 0.8705299
0.44335377 	 0.95343643
0.45679775 	 0.7936749
0.39847684 	 1.0243248
0.34242225 	 0.7772431
0.17512517 	 1.7361118
0.12964381 	 1.4479316
0.12913564 	 1.4225852
0.13230605 	 1.2003525
0.115210615 	 1.5596862
0.11875674 	 1.2756113
0.13333932 	 1.232626
0.12810367 	 1.5090032
0.14047839 	 1.8274062
0.13156481 	 1.6004417
0.12971765 	 1.7816013
0.13782203 	 1.8782194
0.11940037 	 1.9337571
0.13744776 	 1.581494
0.12843245 	 1.4646991
0.11409509 	 1.325241
Summary
0.010242404  -  0.5126553 ,  0.51458025  -  2.9672167
accuracy:  100.0
equal predictions:  0
