TensorFlow version: 1.13.1
Found 939 images belonging to 1 classes.
argN = 196
argN = 196
0.13997078 	 2.8193872
0.4276884 	 1.9749268
0.2937076 	 3.50857
0.21041268 	 2.6118426
0.064737156 	 3.3089526
0.08994587 	 2.606315
0.076846674 	 2.2849042
0.10860259 	 2.335264
0.11265681 	 2.8431013
0.0829978 	 2.60673
0.14454855 	 1.5531982
0.29401308 	 1.3121312
0.09647389 	 2.438097
0.15972756 	 2.6773348
0.15882827 	 2.6668906
0.16326472 	 1.9346589
0.12878662 	 2.6443744
0.14214237 	 2.7891467
0.14236316 	 4.5136256
0.16369128 	 2.573412
0.19591428 	 2.9738286
0.22565947 	 2.5404942
0.16722618 	 3.3829327
0.114928946 	 2.1714349
0.069449775 	 2.7113066
0.03631657 	 3.09864
0.010251919 	 3.5534124
0.0051141996 	 3.6667962
0.005492784 	 3.158999
0.013717792 	 1.7960997
0.0259534 	 2.5698667
0.05070559 	 2.8461351
0.08963282 	 3.287185
0.23110855 	 1.9587206
0.16463009 	 2.1007762
0.11271298 	 2.7446947
0.16070303 	 2.7248528
0.24359211 	 2.9877841
0.3038678 	 2.2824624
0.28158233 	 3.4884455
0.34199432 	 2.4907277
0.28921643 	 2.310985
0.17900166 	 2.2276375
0.18213291 	 1.1336993
0.36955553 	 2.474946
0.2113721 	 2.4418314
0.26792535 	 2.1944077
0.18412565 	 2.102433
0.12486244 	 2.7214208
0.12746951 	 2.8809893
0.04803805 	 2.9721599
0.0311702 	 2.103142
0.04762051 	 3.0874808
0.11472603 	 1.7954742
0.10723222 	 2.0992727
0.09421071 	 2.4402194
0.15042478 	 3.029666
0.043542318 	 3.6679327
0.09673517 	 2.1354318
0.052456398 	 2.3159242
0.06819089 	 2.3874495
0.14376459 	 2.260089
0.053029057 	 2.4929848
0.043904535 	 3.027931
0.046973847 	 2.402048
0.057567988 	 3.6290586
0.02941179 	 2.8544986
-8.344647e-07 	 1.8986655
1.2516983e-06 	 3.7935
-9.5367386e-07 	 2.3901913
0.0002171633 	 3.4903088
0.0051073697 	 4.1755977
0.010430363 	 2.550715
0.009687467 	 1.6327728
0.021916939 	 2.1742551
0.05155403 	 2.9510913
0.045552135 	 2.5250037
0.048433866 	 2.373095
0.14599252 	 2.514638
0.16662863 	 2.355876
0.26545343 	 4.157066
0.19657908 	 2.2753952
0.19399491 	 2.692993
0.20461442 	 2.3878253
0.26196808 	 2.3806772
0.052638453 	 2.8367462
0.07371107 	 2.3309383
0.104201905 	 2.0103383
0.15390773 	 1.8288351
0.06042369 	 2.4383373
0.034413304 	 2.5576854
0.06317665 	 2.8178513
0.05236953 	 2.2142513
0.014925509 	 2.8785796
0.010264324 	 2.3405137
-9.5367386e-07 	 3.3314714
0.020607168 	 4.178807
0.023489319 	 2.5742617
0.00511408 	 2.653509
0.025833268 	 1.9269773
0.020618243 	 2.754092
0.015436388 	 2.3169065
0.010069472 	 1.4619839
0.0033595904 	 1.2901205
0.004465821 	 1.2160536
0.0051139 	 2.5554194
0.02063315 	 3.613286
0.010255472 	 1.1307588
0.015431061 	 2.3296723
0.025854858 	 2.627709
0.020570053 	 1.8626076
0.03223722 	 3.2929807
0.02580923 	 1.9669001
0.03004842 	 1.622841
0.034701075 	 1.753216
0.032904726 	 2.2737808
0.031089466 	 1.7565402
0.062613636 	 2.0205364
0.04699065 	 2.0532641
0.021726137 	 1.2618954
0.031120578 	 1.8400618
0.020618243 	 1.4591063
0.018686414 	 3.043881
0.03634111 	 2.327698
0.020618243 	 1.9812245
0.02047283 	 1.9403536
0.010255472 	 2.696796
0.019386742 	 2.5705295
0.011771491 	 1.8183596
0.009266863 	 2.3335657
0.022323392 	 2.5339518
0.008439589 	 1.2545059
0.012539417 	 2.0245302
0.015857354 	 2.7277427
0.012243833 	 1.8932958
0.010255472 	 2.8526206
0.010275284 	 2.0577087
0.01700418 	 1.8399965
0.010255472 	 1.4720297
0.010171831 	 1.9804019
0.020439917 	 2.758672
0.020206155 	 1.7745551
0.012745979 	 1.9063601
0.015423737 	 2.8788435
0.009897714 	 2.567991
0.00511408 	 1.4934719
0.00511408 	 1.9059275
-8.344647e-07 	 1.9391718
0.0050832266 	 2.1020207
3.218656e-06 	 2.0097718
0.005305032 	 2.198507
0.002390916 	 1.7146667
-9.5367386e-07 	 2.608234
-9.5367386e-07 	 2.372425
0.0063936226 	 1.3262942
-9.5367386e-07 	 1.55919
0.010255592 	 2.2742078
0.020371297 	 3.0814168
0.036304146 	 2.421274
0.025840178 	 2.6321402
0.031089589 	 1.8602204
0.025840178 	 1.2922001
0.03109008 	 1.6504269
0.03580406 	 2.7207706
0.020619156 	 1.4143274
0.020615261 	 1.5913168
0.015423434 	 1.8486261
0.010255472 	 1.5314597
0.010255472 	 2.5057368
0.010255472 	 3.1986141
0.015423737 	 1.9788332
0.011135539 	 1.9089017
0.0016828026 	 2.2282016
0.0074764933 	 2.4457572
0.0007587569 	 1.3467395
0.021956723 	 1.6529818
0.048831094 	 1.3280534
0.024146978 	 2.0686162
0.0156235695 	 1.2871447
0.038446803 	 3.033458
0.024524348 	 2.1826253
0.015368655 	 1.2934551
0.0398487 	 1.6576416
0.02587015 	 2.5675766
0.005744894 	 4.403252
0.015404851 	 1.8774534
0.005254999 	 2.5467093
0.008042403 	 2.387149
0.019388625 	 1.9893317
0.020557094 	 1.6204726
0.025479615 	 1.4053154
0.010255712 	 2.34413
0.0102556525 	 2.8611243
0.012634604 	 2.7926881
0.01905626 	 2.9701302
0.019497048 	 2.1485658
0.020446124 	 1.965336
0.015280349 	 2.3872542
0.02096738 	 2.0387635
0.013889785 	 2.0721986
0.027299475 	 2.5415344
0.022021858 	 1.7261428
0.039775573 	 1.9996392
0.03260559 	 2.2014468
0.026594933 	 2.3366845
0.13405986 	 2.073806
0.058526102 	 1.8204638
0.09632994 	 2.7059329
0.0796183 	 2.5651417
0.063184015 	 2.300036
0.031434406 	 2.4758174
0.060076583 	 4.567402
0.047004957 	 3.4863229
0.04729656 	 2.2812307
0.05239365 	 3.6452322
0.036299944 	 2.8751364
0.0629283 	 4.177516
0.057757795 	 3.486364
0.0362416 	 3.8609555
0.073567025 	 3.0798569
0.049079344 	 2.9941173
0.020616783 	 1.8717407
0.022121241 	 3.8892748
0.015385966 	 1.3222128
0.03745079 	 2.4448862
0.036363486 	 2.0116506
0.028719315 	 1.305086
0.03098814 	 1.4175425
0.02545791 	 9.81904
0.06735474 	 3.081774
0.08900806 	 2.2333102
0.05411124 	 3.665645
0.035937693 	 2.2561688
0.02935219 	 4.5849457
0.046985153 	 1.6939983
0.35593477 	 2.388789
0.04163763 	 2.8040216
0.094886035 	 4.5865006
0.124811046 	 2.6390872
0.06798869 	 1.8419672
0.077751614 	 2.2668128
0.07685465 	 2.1171577
0.0664912 	 3.4864185
0.07412758 	 3.2060626
0.06862701 	 2.8737984
0.041769434 	 2.5557535
0.036846846 	 2.3906078
0.050407473 	 2.880202
0.028342506 	 3.3321652
0.025855653 	 2.1369994
0.020863788 	 1.1882023
0.022441277 	 3.4862354
0.026099918 	 2.8757641
0.02583969 	 3.8917396
0.031324435 	 5.1872544
0.036422454 	 3.66847
0.03097025 	 2.2216928
0.027680183 	 1.8900535
0.046955794 	 2.3231616
0.11096608 	 2.5078762
0.12932032 	 2.2334955
0.12929279 	 2.227654
0.1382547 	 1.934423
0.14302312 	 1.9394085
0.124910995 	 1.620531
0.063180774 	 1.6142756
0.051232513 	 3.4892418
0.036364783 	 4.5847006
0.026803562 	 2.1870766
0.031105759 	 2.3809035
0.02061812 	 1.3384475
0.015772518 	 3.1374228
0.020279447 	 2.7932076
0.02599035 	 4.0833774
0.010255472 	 4.1575537
0.020618243 	 2.6261482
0.052718498 	 2.5700269
0.032683615 	 3.1985893
0.045968004 	 1.7392199
0.06863626 	 2.0592685
0.06955891 	 1.7527767
0.12455117 	 2.5061927
0.14245614 	 2.9620442
0.22735557 	 3.1173856
0.23513964 	 2.058222
0.26217312 	 2.991767
0.23286921 	 1.9779139
0.29209498 	 2.5462112
0.21693757 	 1.7571213
0.15327598 	 2.4302547
0.16277152 	 1.9212314
0.17196272 	 2.4965134
0.15405068 	 2.4168816
0.12006591 	 2.0407338
0.09034936 	 3.2108421
0.14053856 	 3.4863229
0.077086076 	 3.0805976
0.081469916 	 3.4812174
0.07104878 	 2.5603497
0.061647158 	 3.8236945
0.051745277 	 2.675867
0.041671682 	 2.393933
0.025840178 	 4.155833
0.015423434 	 1.7518293
0.033338167 	 3.3755715
0.06615975 	 2.7664206
0.08496197 	 2.5698915
0.10775123 	 2.8452404
0.089257956 	 2.539018
0.07892069 	 3.6119096
0.06872564 	 2.6069732
0.0719141 	 1.8301874
0.085376315 	 1.5651654
Summary
-9.5367386e-07  -  0.4276884 ,  1.1307588  -  9.81904
accuracy:  100.0
equal predictions:  0
TensorFlow version: 1.13.1
Found 939 images belonging to 1 classes.
argN = 196
argN = 196
0.1360272 	 2.431084
0.27718243 	 3.3456857
0.3379809 	 2.9655833
0.43818456 	 2.5939195
0.59030956 	 2.9750783
0.57802683 	 2.8630872
0.17320591 	 2.5182416
0.22494328 	 2.706561
0.14799772 	 3.4832554
0.1274771 	 2.9594564
0.10518413 	 3.6680448
0.09692829 	 2.6702745
0.1100258 	 3.113371
0.12883802 	 1.37049
0.14855002 	 1.8863915
0.13116561 	 1.8523166
0.09416198 	 2.3794258
0.14851993 	 2.242363
0.16241112 	 3.4264798
0.14415894 	 1.3613491
0.11376231 	 2.9502935
0.15913257 	 2.8117206
0.15085274 	 2.5216396
0.19039643 	 3.890724
0.19942153 	 2.283576
0.16778377 	 3.878064
0.2818594 	 3.6766348
0.18803136 	 3.7778385
0.04860499 	 1.9152399
0.107567154 	 2.3953903
0.07723874 	 2.8655624
0.059068166 	 2.6383681
0.028984038 	 2.3343885
0.027096683 	 4.268218
0.024837516 	 2.0123253
0.010614984 	 4.2928777
0.010316053 	 3.5106745
0.21809846 	 2.5501788
0.23739731 	 1.9857081
0.1986012 	 5.27611
0.20609026 	 3.0368295
0.14761347 	 2.367357
0.058100626 	 2.5362463
0.21028799 	 2.8143253
0.37522766 	 2.362875
0.25286663 	 2.6336653
0.1497667 	 2.438301
0.22583652 	 3.186586
0.3642781 	 2.123151
0.21295111 	 2.9335861
0.21765444 	 2.8432589
0.1371307 	 3.8611255
0.03829351 	 3.3818183
0.035277914 	 4.110403
0.053224668 	 2.1565852
0.103448465 	 2.0532558
0.062224533 	 2.1495407
0.08378575 	 2.491805
0.097660534 	 1.6677146
0.1613682 	 2.7828505
0.08645589 	 4.179418
0.0520642 	 2.3754027
0.07389523 	 3.074531
0.14460228 	 3.549512
0.039425947 	 3.2954614
0.11323257 	 2.3384306
0.015416231 	 3.486183
0.100806735 	 2.8363516
0.26997218 	 3.224887
0.037483033 	 1.9688061
0.051020104 	 2.8102827
0.064642414 	 2.7279215
0.08568057 	 3.1985762
0.20114718 	 2.8792784
0.2299294 	 3.0609987
0.120956145 	 1.2558913
0.2721052 	 2.2034686
0.21351236 	 2.021382
0.1997407 	 1.9237057
0.21788402 	 3.2578003
0.1641376 	 3.7290668
0.09622501 	 1.2001073
0.054952126 	 2.692955
-9.5367386e-07 	 1.4954864
0.017635385 	 2.5539324
0.06863588 	 3.0829816
0.07410627 	 2.582671
0.045463495 	 5.318722
0.01542416 	 5.220156
0.037127215 	 3.2232318
0.028993303 	 2.718757
0.010253665 	 2.8410292
0.01036604 	 4.1771274
0.020599501 	 3.7813365
0.018600242 	 1.8992759
0.010255472 	 2.8748205
-7.152555e-07 	 3.0859048
0.010289014 	 3.8666325
0.03736342 	 2.8914676
0.0066846013 	 4.955012
0.02451879 	 3.065346
0.024978003 	 2.0936227
0.01541157 	 1.6580155
0.01115561 	 1.693689
0.020615747 	 2.05756
0.018178787 	 2.2624373
0.016721215 	 3.1788666
0.009906202 	 3.8767223
0.015102489 	 1.8841329
0.019371914 	 3.2981806
0.0051141996 	 1.1194535
3.1471747e-05 	 2.4154272
-9.5367386e-07 	 2.543491
-9.5367386e-07 	 2.226874
0.010255472 	 2.308697
-9.5367386e-07 	 2.6351695
-9.5367386e-07 	 1.5090781
0.0051055728 	 1.7556347
0.0051134806 	 2.7938573
0.009453916 	 1.667533
0.010255472 	 2.0043933
0.00511408 	 3.046081
0.015241373 	 1.6345731
0.005114499 	 1.1601998
0.030969635 	 1.5090363
0.010239272 	 1.9980906
0.01278685 	 2.3889275
0.05127235 	 1.6297424
0.03068226 	 1.5250049
0.025828985 	 1.4604206
0.025587415 	 1.2093586
0.02381962 	 1.8085482
0.06002095 	 2.0407524
0.04694199 	 2.132035
0.04427704 	 3.1618521
0.025840178 	 1.7721128
0.0372794 	 3.5815103
0.025585642 	 3.1977806
0.04164695 	 2.092918
0.030681338 	 1.8761673
0.031101948 	 2.0652351
0.015423434 	 1.8306781
0.020251345 	 2.239346
0.0264817 	 2.4109986
0.015422768 	 2.099951
0.009801342 	 3.8917572
-4.7683704e-07 	 2.127426
0.030639114 	 1.4546531
0.016952407 	 1.9145159
0.031143883 	 1.6474874
0.020660654 	 1.5338161
0.03058792 	 2.4868946
0.015151566 	 2.373749
0.032545734 	 1.3728626
0.015423434 	 2.902378
0.005927692 	 1.7338985
0.0051378044 	 2.4602203
0.010369955 	 1.6393808
0.0035712037 	 4.0306673
-9.5367386e-07 	 2.0836844
0.010255472 	 2.0361006
0.0047130613 	 4.2263646
0.005129357 	 3.0814142
0.011792057 	 1.7430439
0.010255231 	 2.4468136
0.010272875 	 2.108179
0.017624343 	 2.4432836
0.010255472 	 2.1334
0.03621533 	 2.8648417
0.020618243 	 1.7569435
0.015423434 	 2.099822
0.052365385 	 2.441152
0.054744907 	 2.5055346
0.020752296 	 2.7931716
0.025515996 	 2.7931025
0.02062104 	 1.081364
0.030833466 	 3.0771232
0.020618243 	 1.6857256
0.015423434 	 2.0625126
0.015368171 	 2.3899624
0.010255472 	 2.0748096
0.020656029 	 1.9736499
0.01544456 	 1.8125045
0.014422993 	 2.0199955
0.010343998 	 2.0655859
0.019066041 	 1.8081777
0.019252628 	 2.0841827
0.0076496378 	 2.3934689
0.014791145 	 1.9393761
0.009990362 	 2.058122
0.015356308 	 2.7532105
0.010245294 	 1.2004313
0.026367132 	 1.8256989
0.025935112 	 2.0123217
0.016780553 	 3.7317486
0.009745667 	 2.2697017
0.01200112 	 2.0555074
0.005880146 	 1.2873421
0.014966226 	 1.5043106
0.027447172 	 1.79513
0.025479248 	 2.6833012
0.02282581 	 2.032525
0.010277572 	 2.2151778
0.023655249 	 1.542845
0.04645959 	 1.3648963
0.023651404 	 1.3951213
0.01999014 	 2.7144222
0.022598376 	 1.9244021
0.11526319 	 1.9401296
0.075692944 	 2.192802
0.04167162 	 2.6390455
0.010255472 	 1.6632526
0.03628375 	 3.667963
0.015423434 	 4.146732
0.04333235 	 2.569833
0.029226061 	 2.9791691
0.010237406 	 3.6880991
0.029398717 	 3.332177
0.06322484 	 2.1896021
0.021345073 	 2.142612
0.03319798 	 3.0801344
0.025512878 	 2.5076478
0.019326944 	 2.362709
0.035232596 	 3.332177
0.02148373 	 2.936649
0.01812064 	 2.8700583
0.027992072 	 1.9565371
0.020302013 	 5.26648
0.025838649 	 5.2779193
0.020618303 	 3.3253663
0.062320955 	 2.5685568
0.031087743 	 3.332177
0.022240505 	 2.5656016
0.041385066 	 1.9414737
0.0603593 	 2.9660473
0.052899152 	 2.5475917
0.046250626 	 1.3862886
0.066960864 	 3.8279297
0.05775773 	 2.5704584
0.07270964 	 3.3729832
0.057329927 	 4.178554
0.107377544 	 4.1790676
0.11288305 	 2.5035324
0.11905977 	 3.8917718
0.090111785 	 2.9754229
0.10196382 	 1.3462478
0.07270279 	 2.4101214
0.05764887 	 2.3877318
0.05236689 	 1.4692725
0.04156617 	 5.2779193
0.03592577 	 2.1750345
0.02249224 	 2.8800757
0.039669827 	 3.200264
0.015128872 	 4.5839067
0.0054282383 	 1.1421201
0.057241436 	 2.7867692
0.055023223 	 3.6685889
0.037227187 	 2.232357
0.020618243 	 2.3876936
0.044484966 	 2.9741783
0.06271346 	 3.0811298
0.13249107 	 3.001496
0.17751768 	 1.9662058
0.19468507 	 1.9454315
0.19721477 	 2.2439222
0.21701473 	 1.1969746
0.14154156 	 1.7161305
0.16005829 	 2.2677357
0.10272122 	 3.133264
0.09197504 	 1.6405033
0.079380095 	 1.9067689
0.015423434 	 1.9869779
0.01025764 	 3.0804431
0.010255472 	 2.7883363
0.015577135 	 2.5111315
0.020615505 	 3.668638
0.047005333 	 3.6743293
0.04167162 	 2.5700495
0.039647378 	 1.5203494
0.07369926 	 2.7999694
0.15897506 	 3.5605524
0.16606443 	 4.582554
0.19882798 	 1.8291882
0.30547535 	 2.6407425
0.26538986 	 2.233081
0.21844782 	 1.4263172
0.26758444 	 2.1155703
0.2517826 	 2.1185212
0.23738734 	 1.9449058
0.18872368 	 1.8797896
0.18050876 	 0.9870386
0.1829585 	 1.5501467
0.22333294 	 1.4465337
0.13008626 	 2.0477567
0.13064158 	 2.0139198
0.16980812 	 2.7323372
0.13306774 	 2.9703996
0.15550739 	 2.1908615
0.0626057 	 5.2779193
0.04073336 	 2.2303936
0.040068302 	 2.5946217
0.061363697 	 1.6926144
0.11069732 	 3.081035
0.11121679 	 2.0992012
0.11677188 	 1.7626702
0.05245213 	 2.4357193
0.10207253 	 2.4213545
0.084829085 	 2.7929869
0.10157382 	 1.4997201
0.09589706 	 2.567065
0.07944075 	 4.238807
0.11144238 	 1.7812222
0.0822911 	 3.8785279
Summary
-9.5367386e-07  -  0.59030956 ,  0.9870386  -  5.318722
accuracy:  100.0
equal predictions:  0
TensorFlow version: 1.13.1
Found 939 images belonging to 1 classes.
argN = 196
argN = 196
0.1165122 	 2.9791572
0.0690918 	 3.049404
0.3735483 	 2.7438085
0.24152498 	 2.7920032
0.058375265 	 2.9267414
0.07189142 	 3.8873687
0.068531886 	 1.497292
0.046946548 	 2.8800418
0.1552969 	 2.5406046
0.121316366 	 2.5862377
0.14618717 	 2.3074498
0.09079192 	 1.9113932
0.2093249 	 2.4705968
0.27121547 	 2.9751964
0.26821947 	 2.5621517
0.21241899 	 2.1077933
0.12401899 	 2.8929691
0.016166367 	 2.5089414
0.009894945 	 2.792828
0.01025499 	 3.1986463
0.107664466 	 1.8975526
0.19478312 	 2.205676
0.27097613 	 2.4630883
0.21753396 	 1.7138518
0.10438549 	 2.8875015
0.0660359 	 2.4386857
0.046573173 	 2.647797
0.06201333 	 2.9156005
0.2605866 	 2.8192754
0.2526864 	 4.452489
0.18797144 	 2.2216768
0.238951 	 2.7317722
0.04833834 	 2.3567667
0.18167885 	 2.3295443
0.14743856 	 2.7100122
0.052921526 	 2.4274092
0.03774241 	 6.726024
0.01540358 	 4.357982
0.041672118 	 2.5587738
0.04872276 	 2.162174
0.055626653 	 3.2786381
0.056060348 	 1.7664491
0.14237064 	 3.3327763
0.096063316 	 3.557351
0.051608946 	 2.4938555
0.031089896 	 2.515324
0.036101807 	 3.0808687
0.047067683 	 1.9684839
0.0308516 	 2.797177
-9.5367386e-07 	 2.7170088
-9.5367386e-07 	 2.9406576
-9.5367386e-07 	 2.9775875
1.3709077e-06 	 3.812773
-9.5367386e-07 	 3.332177
0.11231423 	 3.0339012
0.038866848 	 1.7103084
0.14773354 	 2.7704701
0.2142998 	 1.748517
0.15968637 	 2.9427934
0.22678702 	 2.104012
0.16905147 	 2.4395561
0.17387103 	 1.6182765
0.055412743 	 2.325891
0.16539662 	 2.337913
0.36033115 	 2.7700744
0.045658316 	 2.0133817
0.13519871 	 3.4330356
0.18605387 	 2.941197
0.18505208 	 2.471159
0.16973029 	 2.7323399
0.113073714 	 2.8660147
0.032054905 	 2.5917802
-9.5367386e-07 	 2.2315955
0.0686648 	 2.6824782
0.03842828 	 2.7741685
0.034934673 	 1.8115002
0.041670315 	 2.2727072
0.031128695 	 2.558967
0.030208686 	 3.153208
0.025840178 	 3.1993592
0.015423434 	 2.7912693
0.00511408 	 2.700454
-9.5367386e-07 	 2.7120452
0.00511408 	 2.8729746
0.031899884 	 2.3098292
0.036366083 	 2.1958234
0.00774382 	 2.9541924
-9.5367386e-07 	 3.3535554
0.015263584 	 3.0776691
0.02582923 	 3.1872468
0.010224098 	 2.08652
0.028543588 	 2.6354687
0.0104252435 	 1.9339697
0.02061812 	 1.685528
0.010255472 	 2.063151
0.015423434 	 1.0252246
0.00511402 	 2.2001603
0.0001511688 	 2.1175091
0.00511408 	 1.5043664
0.010255472 	 1.8968791
0.00511408 	 2.7022843
0.015423434 	 2.638947
0.016457174 	 1.5674134
0.03150145 	 1.5192206
0.023355203 	 2.3298469
0.025840363 	 1.7207105
0.037833218 	 2.9558911
0.031850286 	 1.7372115
0.03635366 	 2.4838998
0.042221718 	 3.286485
0.046926245 	 1.5559245
0.027782705 	 2.3581948
0.04666891 	 0.85106623
0.015471557 	 2.8822315
0.031089528 	 1.2889128
0.020367283 	 2.7885718
0.025896942 	 1.3093576
0.03385053 	 1.6318946
0.016947556 	 1.7816973
0.025230367 	 1.1843687
0.033815507 	 1.7249606
-9.5367386e-07 	 1.5993952
0.015423737 	 2.5616882
0.00511408 	 1.4065548
0.020618243 	 2.2677255
0.015423434 	 1.2691611
0.032968607 	 1.2743442
0.017515881 	 1.8321278
0.015422707 	 1.3314192
0.012024103 	 2.138324
0.016190354 	 2.6399188
0.010290279 	 1.7285252
0.013235573 	 1.3795451
0.010250715 	 3.36792
0.016724791 	 1.7104617
0.030904653 	 1.4460344
0.015477066 	 2.149278
0.025945816 	 1.5411593
0.018420214 	 1.4492785
0.0317399 	 3.5673237
0.021461077 	 2.203215
0.020664487 	 1.708389
0.015817933 	 2.3318205
0.030557623 	 1.2745464
0.00511408 	 1.4153447
0.020147402 	 2.0561254
0.00883483 	 1.7119174
-9.5367386e-07 	 1.6376373
3.1531355e-05 	 2.7888305
0.010245294 	 2.1353092
-9.5367386e-07 	 1.2785658
0.01026619 	 1.1681848
0.01024397 	 1.2658954
0.010250654 	 1.6278752
-9.5367386e-07 	 2.4499595
0.010020465 	 1.7749591
0.026590465 	 2.7891853
0.010255472 	 2.0187776
0.017518913 	 2.5148966
0.020625545 	 1.183482
0.020618243 	 1.37087
0.020618243 	 3.0514233
0.020618243 	 1.7091168
0.041661803 	 1.9113078
0.020617938 	 2.7532861
0.027862255 	 3.204982
0.020455066 	 1.6814942
0.020618243 	 1.7555912
0.015424039 	 2.0117295
0.020360105 	 1.284898
0.012469104 	 1.3413002
0.00511408 	 2.085384
0.015423434 	 1.1803536
0.015421376 	 2.4052126
0.015391051 	 1.6945132
0.015425068 	 1.811876
0.00511408 	 1.5732088
0.00511408 	 1.3088617
0.014616881 	 1.275405
0.010251196 	 2.849624
0.010257941 	 1.1715825
0.010262999 	 2.0699549
0.021214046 	 1.4749013
0.036469437 	 1.201186
0.010254629 	 1.400632
0.015426945 	 1.2624217
0.015635315 	 1.6145318
0.017064506 	 1.754084
0.012669072 	 1.1127673
0.010316114 	 1.745495
0.005118573 	 1.4557333
0.01025499 	 1.8749808
0.031097336 	 0.8851435
0.00031476206 	 2.7921646
0.011873783 	 1.7578682
0.011726079 	 1.3869402
0.008153688 	 1.2466004
0.01720051 	 1.8441472
0.006608939 	 1.2275486
0.0050410517 	 1.4236336
0.08510805 	 4.344224
0.1147158 	 2.2109926
0.13299891 	 2.6313133
0.08005245 	 2.3048508
0.010268479 	 2.1000872
0.014101462 	 9.759498
0.036865275 	 3.1977618
0.046988964 	 3.1688805
0.020413455 	 2.8336089
0.025770148 	 1.982088
0.020540424 	 3.0303297
0.0047185705 	 1.2468582
0.031086452 	 4.1794257
0.020999335 	 2.6717503
-9.5367386e-07 	 2.880202
0.025422877 	 3.668638
0.025787333 	 2.282269
0.015511632 	 2.6624382
0.030153582 	 1.9873993
0.015423434 	 0.7674406
0.016724063 	 3.47894
0.03633697 	 12.334482
0.026320929 	 4.1794257
0.051311817 	 2.5055683
0.39422628 	 2.482386
0.19246945 	 2.3956578
0.06861143 	 2.3686419
0.04731631 	 4.58487
0.036363177 	 2.5625358
0.026422272 	 3.486325
0.045827467 	 3.1984155
0.050580062 	 4.58487
0.02766903 	 1.6705698
0.18950957 	 2.0207167
0.12870412 	 2.3899086
0.019319652 	 3.2868516
0.10414501 	 1.8989244
0.12064972 	 4.583697
0.06861041 	 1.96771
0.06596407 	 2.4462175
0.07410762 	 2.3699493
0.0631663 	 2.2387028
0.06877059 	 3.0808961
0.05236683 	 2.3877246
0.052366953 	 1.0019066
0.010255472 	 3.654724
0.027932677 	 2.4804275
0.015423434 	 2.713164
0.015423434 	 2.7571645
0.020431401 	 3.481322
0.036388643 	 2.4448917
0.022351066 	 2.639043
0.025825744 	 2.3894837
0.023467474 	 1.5836005
0.045103893 	 2.3303156
0.025841463 	 2.058322
0.026150638 	 3.1986463
0.02107719 	 2.5054564
0.036366574 	 3.1934102
0.13568555 	 2.6390805
0.16604811 	 1.9487544
0.12314651 	 1.4198216
0.17166595 	 1.726912
0.16392389 	 2.0561023
0.13593426 	 1.7933207
0.17230314 	 1.9675548
0.16223417 	 2.4047332
0.13904758 	 2.4094193
0.13902223 	 2.1393957
0.093119465 	 1.8303041
0.079248786 	 2.3291476
0.12303245 	 1.588009
0.03800594 	 3.5180814
0.03903101 	 2.738185
0.01030955 	 2.0001407
0.010255472 	 3.8917718
0.015425734 	 4.22632
0.010255472 	 2.8346128
0.031088112 	 1.4049666
0.027714988 	 2.6499383
0.020618243 	 2.4985118
0.025840178 	 2.8933501
0.047269817 	 2.902276
0.063177794 	 1.134567
0.08516705 	 3.2954452
0.1345164 	 4.130386
0.09941725 	 4.2129793
0.15466587 	 1.9376682
0.1727981 	 1.9444718
0.097988 	 1.8664114
0.18145871 	 2.8291073
0.15949564 	 2.7089558
0.13571462 	 2.0493412
0.19134304 	 2.3287432
0.10874505 	 2.5222118
0.1301568 	 2.2481906
0.0945187 	 1.9351438
0.106380366 	 1.5807779
0.06317652 	 1.1126539
0.06995522 	 2.2954302
0.036346365 	 2.1478853
0.056185935 	 3.332177
0.024969509 	 2.3706868
0.020649884 	 1.8404777
0.020619398 	 2.44776
0.025668932 	 1.4798337
0.036366574 	 2.128873
0.08953001 	 4.5748973
0.08509832 	 3.3826308
0.061401978 	 3.6797223
0.023200363 	 2.27036
0.030990168 	 3.3548331
0.0469964 	 2.007253
Summary
-9.5367386e-07  -  0.39422628 ,  0.7674406  -  12.334482
accuracy:  100.0
equal predictions:  0
TensorFlow version: 1.13.1
Found 939 images belonging to 1 classes.
argN = 196
argN = 196
0.11723219 	 2.8808458
0.11575519 	 4.5846014
0.13606961 	 2.321876
0.13235858 	 2.3284116
0.32384744 	 2.5350025
0.059593316 	 2.8808851
0.046369683 	 2.341711
0.08924506 	 2.384144
0.10569736 	 2.276359
0.15592493 	 1.5857918
0.15743314 	 1.9910287
0.13868886 	 4.5847764
0.2765094 	 2.3036013
0.18073882 	 3.3491256
0.25180537 	 2.096234
0.22600411 	 2.3668194
0.2597839 	 3.4806905
0.3068062 	 2.6281009
0.010255472 	 3.6627722
0.085149325 	 2.9726489
0.11247477 	 3.0204432
0.0787679 	 2.69495
0.055909626 	 2.0025425
0.018312575 	 4.196244
0.0054520904 	 2.7713146
0.07965283 	 4.176762
0.17544925 	 2.541057
0.21125282 	 3.4681482
0.2748267 	 2.1192415
0.07770033 	 3.7503967
0.24695186 	 2.3031712
0.23905295 	 2.2082486
0.20087273 	 1.6052557
0.1537338 	 2.5604901
0.15406278 	 2.8639164
0.28221935 	 4.019336
0.3145302 	 2.954324
0.025840057 	 2.880629
0.12261549 	 2.275075
0.16752149 	 3.1256766
0.074064866 	 1.6210561
0.01546163 	 2.2721138
0.05112674 	 3.0967906
0.045243826 	 2.9170585
0.042963807 	 2.3754098
0.07633883 	 1.7881143
0.1238603 	 2.3688834
0.09606352 	 5.277312
0.08467364 	 2.6233678
0.07586821 	 2.3047104
0.0686768 	 3.0947826
0.07952007 	 2.683952
0.07319391 	 3.468565
0.11942139 	 2.9200413
0.10194006 	 3.1839375
0.015423434 	 2.6950083
0.025840178 	 2.314556
-9.5367386e-07 	 3.3159773
-9.5367386e-07 	 2.695635
-9.5367386e-07 	 3.2707126
0.004503122 	 2.5237975
-9.5367386e-07 	 2.5157018
0.010255472 	 2.6508346
0.40261367 	 2.3544977
0.31596786 	 2.0840666
0.09513261 	 3.5088646
0.06779598 	 2.0274115
0.114060424 	 3.3927357
0.15197466 	 2.8839996
0.09657682 	 2.635615
0.28805918 	 2.333664
0.27778172 	 3.2056994
0.134757 	 2.1739345
0.16398744 	 2.4441073
0.025865318 	 2.5659008
0.021114994 	 3.2821767
0.07315549 	 1.8996379
0.0455119 	 2.2350864
0.064308904 	 3.176086
0.10725459 	 2.3188238
0.041247163 	 2.6001422
0.041727487 	 3.16715
0.032356713 	 4.7081966
0.008777043 	 3.0084333
0.042695854 	 2.7609317
0.005114559 	 1.6089458
0.00511408 	 2.0585694
0.00511408 	 2.8384793
0.008712285 	 3.2585535
0.010261795 	 2.0894504
0.0051141996 	 2.3675632
0.020618243 	 3.0149136
0.005837938 	 3.139488
0.011862021 	 4.744768
0.012221629 	 2.115457
0.010255472 	 2.1227567
0.020612037 	 1.874593
0.0051169554 	 2.7128103
0.015423434 	 2.003364
0.010245415 	 2.1456897
0.00511408 	 1.5664592
0.01025511 	 3.0744731
0.0051063513 	 2.0192196
-9.5367386e-07 	 2.2283883
-9.5367386e-07 	 1.3449055
-9.5367386e-07 	 1.2706313
-9.5367386e-07 	 2.508117
-9.5367386e-07 	 2.1626008
0.010102527 	 1.5104371
0.009988436 	 1.6925527
0.00511408 	 1.5876893
0.0154922 	 1.9790622
0.015973631 	 1.3576288
0.028410204 	 2.0876718
0.020618243 	 2.282185
0.017226463 	 1.63734
0.02047502 	 2.6623466
0.020517122 	 1.9240849
0.005574656 	 1.4551994
0.007395366 	 1.4545543
0.01572541 	 2.005935
0.011469622 	 2.6542628
0.0051141395 	 1.9787844
0.010254388 	 2.7929986
0.00511408 	 2.0596254
0.0056648063 	 2.3356187
0.020472527 	 1.6580598
0.00511408 	 1.8997715
0.0027609996 	 1.7566693
0.018730685 	 1.4984823
0.0147618065 	 1.6672854
0.010255472 	 1.792544
0.010275886 	 1.3152463
0.007690061 	 1.320549
0.005144275 	 2.8645446
0.009368657 	 1.9372702
3.2723485e-05 	 1.952464
0.010255472 	 1.4716407
0.0033661092 	 5.2660413
0.00511408 	 1.9819812
-9.5367386e-07 	 2.7841916
-9.5367386e-07 	 1.230585
4.2320193e-05 	 2.326903
-9.5367386e-07 	 2.0530338
0.005004989 	 1.6944791
-7.152555e-07 	 2.1651769
0.005189869 	 2.07544
0.00511396 	 2.2878573
0.00511408 	 3.1985557
0.015383969 	 1.3294857
0.00511408 	 3.1985178
0.0028360132 	 1.5163246
0.025838528 	 1.3872442
0.015423434 	 2.3458054
0.020618243 	 1.9464045
0.00511408 	 1.4413353
0.010574262 	 3.0337365
0.015421799 	 1.9822685
0.00511408 	 3.9437432
0.010255472 	 1.8131908
0.0109118335 	 2.5061445
0.013426149 	 1.3680665
0.0030093128 	 0.9242863
0.03633944 	 1.3815756
0.013548125 	 4.0130916
0.013442097 	 1.8774449
0.010252461 	 2.2762256
0.015454971 	 2.975348
0.020253232 	 1.7027144
0.021195598 	 1.0407964
0.020622076 	 2.7452338
0.010650466 	 1.5880165
0.024934003 	 2.1424818
0.00451845 	 1.6494548
0.016143348 	 1.4520363
0.015806608 	 2.3412445
0.0007219536 	 1.8893739
0.010251979 	 1.7132083
0.025815286 	 1.6946284
0.010214584 	 1.5641255
0.009832402 	 1.9422042
0.008937001 	 0.86868936
0.010921776 	 2.03083
0.11909099 	 2.4462512
0.11710272 	 1.6329021
0.17775139 	 2.5173304
0.15018606 	 2.2353501
0.13204177 	 1.598338
0.15135467 	 1.9691503
0.13834518 	 1.1284307
0.07410716 	 2.701775
0.08040934 	 3.298697
0.11294878 	 2.694794
0.047004957 	 1.4805107
0.028573396 	 11.793101
0.020617878 	 1.1713141
0.010255472 	 1.3257633
0.00511408 	 2.2335827
0.03108381 	 3.8917718
0.025840178 	 1.558279
0.036094207 	 4.4755936
0.02039569 	 2.5028346
0.020646658 	 2.4950838
0.036366574 	 2.2852054
0.025840057 	 2.8807259
0.010257941 	 3.015559
0.00474546 	 4.1420507
0.015153805 	 2.0409365
0.015381971 	 1.6404101
0.025841707 	 1.5864152
0.015370228 	 2.6764534
0.010255472 	 5.069618
0.002135529 	 2.3336651
0.015423434 	 3.4863229
0.023453377 	 4.584794
0.010255472 	 1.231943
0.031087497 	 2.5701609
0.023395106 	 2.2337313
0.025840607 	 1.4009339
0.015377007 	 1.877263
0.04313113 	 2.4069214
0.10731782 	 2.058844
0.2513315 	 1.8789679
0.44513732 	 1.9762081
0.3119151 	 2.3825324
0.16157807 	 2.5048995
0.11138734 	 1.2776469
0.08019704 	 2.4183981
0.06442078 	 2.1614878
0.05661691 	 3.259219
0.041671745 	 3.043602
0.014674824 	 2.7388384
0.007498232 	 2.275207
0.06002247 	 2.8322656
0.062057406 	 2.7315514
0.07407937 	 0.7752505
0.11269243 	 1.9820495
0.085168995 	 2.4602768
0.044051778 	 2.5925996
0.02583608 	 3.4414647
0.10044572 	 2.3282654
0.090057775 	 2.6942143
0.10193881 	 4.179406
0.11300504 	 3.0889504
0.09072809 	 2.4958558
0.052353702 	 2.4215283
0.041671496 	 2.0081391
0.05092276 	 1.4052618
0.031089528 	 3.0321565
0.020618364 	 1.4535244
0.010135522 	 3.6592524
0.010255472 	 2.712592
0.018272875 	 1.0273479
0.010942928 	 2.307521
0.030664744 	 2.9728248
0.013018402 	 2.0354133
0.011686638 	 2.2485018
0.017646061 	 2.8789709
0.017460683 	 1.7494175
0.031140747 	 3.4727244
0.03636645 	 2.7183611
0.020634428 	 2.636253
0.036366574 	 1.26458
0.041656706 	 1.5403488
0.085136674 	 2.68848
0.094602294 	 1.2484697
0.12516509 	 1.9102745
0.088542655 	 2.7716453
0.0875359 	 0.6342656
0.072308585 	 3.0668247
0.02095685 	 3.6713684
0.0051149186 	 2.0579126
0.020617452 	 2.7110913
0.015637252 	 3.7906294
0.012353656 	 2.1863446
0.015423434 	 3.6686263
0.010255531 	 3.7571027
0.028066734 	 0.9716331
0.057761017 	 3.235774
0.06862809 	 3.0685797
0.07548575 	 3.233883
0.069248475 	 2.4376652
0.13334157 	 1.8232411
0.09780184 	 2.5353718
0.1361235 	 1.5717908
0.06515014 	 2.1968524
0.10731901 	 1.5153257
0.08727668 	 1.3824111
0.096955545 	 1.4761171
0.118786745 	 2.0012698
0.09183815 	 1.5656593
0.0919442 	 0.72561073
0.08849199 	 1.810224
0.083704546 	 3.063996
0.10890003 	 3.3323941
0.05775773 	 1.1456752
0.04233364 	 2.1220846
0.03175516 	 1.8023456
0.031021893 	 3.2761023
0.0055814288 	 2.4446044
0.025087643 	 2.3201125
0.026659023 	 3.6629417
0.021477945 	 2.6390214
0.02580562 	 2.9786427
0.05775748 	 1.8774765
0.06483452 	 2.6916938
0.051092304 	 1.8617853
0.10442102 	 2.1375046
0.06420835 	 2.6520867
0.09543958 	 3.0518608
0.06791571 	 1.0633324
0.090864964 	 2.8900132
0.060383044 	 3.668631
Summary
-9.5367386e-07  -  0.44513732 ,  0.6342656  -  11.793101
accuracy:  100.0
equal predictions:  0
