TensorFlow version: 1.13.1
Found 939 images belonging to 1 classes.
argN = 49
argN = 49
0.6714648 	 2.2426746
0.45801646 	 2.427291
0.5720294 	 3.884187
0.8150456 	 2.733461
0.389887 	 1.6044518
0.19210716 	 1.5350215
0.13187289 	 1.45589
0.1413515 	 3.487369
0.21423984 	 2.5033386
0.20720583 	 2.1250315
0.22474088 	 2.7357159
0.27219957 	 3.2958217
0.09362668 	 3.0582616
0.21143271 	 2.667294
0.10583789 	 2.399548
0.137354 	 1.7312529
0.038581222 	 3.1998985
0.2556148 	 2.419383
0.19207141 	 1.7768923
0.2639497 	 1.2078801
0.3931381 	 1.0597918
0.2917037 	 3.0816011
0.58218336 	 3.0504823
0.40357447 	 3.1734865
0.44615033 	 1.1328213
0.7002784 	 1.6646074
0.4862465 	 2.4999259
0.47579718 	 1.6727245
0.33328596 	 1.6493717
0.29164776 	 1.7939606
0.18161958 	 1.7973138
0.31572485 	 1.2610663
0.61063296 	 2.3436766
0.08494614 	 3.171424
0.16146956 	 1.6455067
0.08491967 	 2.2357013
0.100123905 	 2.7686248
0.19762453 	 2.1760645
0.3746513 	 2.0716932
0.36062005 	 0.58789164
0.15780583 	 4.181714
0.2589646 	 2.5194418
0.31354257 	 1.5680672
0.66099083 	 2.4765797
0.74028105 	 3.231025
0.1057126 	 0.57390726
0.41090885 	 0.9478617
0.13886677 	 1.7973778
0.22418903 	 1.9528185
0.5451389 	 1.3966663
0.48508006 	 3.1059391
0.12813063 	 2.2335393
0.21865912 	 1.6870335
0.048179768 	 3.7800038
0.040129352 	 2.1259053
0.00022574827 	 1.1132995
0.24755277 	 2.3486867
0.35634294 	 0.9965337
0.27823028 	 1.8155583
0.28003517 	 2.2345963
0.22578453 	 2.275895
0.12592527 	 2.7401228
0.1749189 	 2.3484857
0.17238308 	 4.397531
0.33290383 	 1.0076548
0.32756463 	 1.648923
0.107920125 	 1.6519768
0.01648438 	 2.39788
0.041608423 	 4.5187073
0.047211766 	 1.839838
0.041824684 	 1.9026477
0.28925487 	 2.2276995
0.093547806 	 6.50887
0.057148784 	 4.0951514
0.12442095 	 2.8607388
0.07750194 	 2.1390266
0.0754936 	 6.87086
0.25915143 	 1.2533431
0.18185513 	 1.8527259
0.16426994 	 0.6609704
0.18182825 	 1.8232673
0.23397198 	 3.0818455
0.1130587 	 2.2939262
0.09237642 	 2.400483
0.048142992 	 3.1868153
0.03428814 	 2.4986212
0.026879238 	 1.5907203
0.006542461 	 3.3782241
0.0007767117 	 1.4097122
0.009107392 	 1.2637311
0.016385311 	 2.9726734
0.0003211418 	 2.7643602
0.010617212 	 3.4825103
2.5153477e-05 	 5.6767616
2.7358907e-05 	 5.962822
0.023471072 	 2.0979643
0.0076368446 	 3.7991383
0.064470686 	 3.2324378
0.09027088 	 2.4273813
0.064165324 	 2.568623
0.027785523 	 2.549933
0.01672558 	 2.6262324
0.04655469 	 1.0059476
0.04830825 	 1.3339363
0.022867277 	 2.0288858
0.010577274 	 1.9257743
0.00034177184 	 1.5437151
0.00018884534 	 1.6174192
0.0006390467 	 1.9716991
0.004727434 	 1.6819767
0.0072040744 	 1.1573781
0.00035971912 	 0.5442399
0.0041663293 	 2.387937
0.015119917 	 0.7873755
0.0001390077 	 2.875814
-8.344647e-07 	 3.281139
8.833798e-05 	 1.3962084
0.00383701 	 0.5064205
0.052719 	 3.7661693
0.0018015032 	 3.6144848
0.012510024 	 1.7622846
0.019654172 	 2.3092573
0.0011609973 	 1.8881724
0.019657515 	 2.4742892
0.027200248 	 2.4876962
0.027909692 	 1.4741975
0.034178533 	 2.4201612
0.002484425 	 1.8684528
0.0047367765 	 1.9352838
0.019639097 	 2.4787498
0.026660308 	 2.3722262
0.00013590783 	 4.518522
0.0012588076 	 1.3205785
0.008997204 	 2.336904
0.00085688574 	 2.0855749
0.00038446425 	 2.025731
0.015781358 	 1.8728784
0.0053216303 	 0.55508447
0.016062725 	 1.9261281
0.0017742151 	 2.911996
0.006352892 	 1.8172302
0.0016033383 	 1.283574
0.0018227609 	 2.1686513
0.0012520638 	 1.3383216
1.8954457e-05 	 5.729489
0.00030546085 	 3.5312276
0.0001257141 	 1.7315525
1.0311656e-05 	 2.6460915
0.00029317863 	 1.4424784
0.014605993 	 2.0645232
2.1517508e-05 	 2.7875247
0.012947331 	 2.6874545
7.337601e-05 	 0.82152814
0.00018598378 	 2.4779277
3.3319553e-05 	 6.868966
0.020479705 	 3.7561026
0.027542256 	 1.8144785
0.02279099 	 1.3195829
0.04188746 	 2.9500248
0.0047077313 	 1.7779771
0.019218054 	 1.5437293
0.04578872 	 1.0571959
0.035880107 	 2.014328
0.0001385904 	 1.8730328
0.018002354 	 1.8165737
0.0055041118 	 2.6333508
0.00029067448 	 2.4829614
0.00019510504 	 1.7518599
0.021815868 	 2.6419938
0.019528167 	 1.6444473
0.0033551052 	 2.7050982
0.0026864102 	 2.6436641
0.021087782 	 1.4865096
0.0006343946 	 1.7801462
0.00065658183 	 2.1470942
0.00013185416 	 1.5044266
0.0028393008 	 3.6903243
0.0055114236 	 1.8396325
9.6266136e-05 	 1.5958033
0.00020273594 	 1.090389
0.018013885 	 2.1370518
0.0002863221 	 1.9602858
0.0011213747 	 1.2641615
2.6464813e-05 	 2.2336657
0.00026897233 	 2.9314475
0.000248463 	 1.6399789
0.0003655625 	 1.5593933
0.0013300678 	 2.3437872
0.0029672256 	 3.0992706
0.0043888297 	 1.8642827
0.0030227045 	 2.526513
0.002623121 	 2.4378774
0.0007379989 	 3.1155777
0.0006819308 	 2.1462064
0.0027864021 	 3.2428231
0.0026693773 	 2.034571
0.0039481875 	 1.1161469
0.003399302 	 2.0248978
0.0021079928 	 1.2298667
0.11229303 	 1.5633637
0.14695813 	 1.3323491
0.07113953 	 2.3111534
0.0053433827 	 1.8617504
0.00064023957 	 1.8049151
0.02713992 	 2.8085077
0.0016119352 	 2.3497927
0.018027721 	 3.5166435
5.36442e-07 	 2.2416224
0.009981753 	 3.9386067
1.0609683e-05 	 5.6294107
0.011674517 	 2.0515883
0.027201168 	 2.904918
0.0024647664 	 3.3587022
0.020046208 	 1.4083554
0.011060443 	 2.7954485
2.3246082e-05 	 1.7305005
7.808513e-05 	 3.6328835
0.00017155688 	 1.0967944
0.020463584 	 2.1664615
-7.152555e-07 	 1.2847147
1.7881409e-06 	 1.5521029
1.114613e-05 	 1.6845037
0.01494868 	 3.8571455
-2.3841855e-07 	 4.981292
-8.344647e-07 	 4.016692
0.00017865108 	 2.4668512
-7.152555e-07 	 1.6056879
0.50601226 	 1.8400508
0.2817536 	 2.2170658
0.018899778 	 2.050659
0.017109556 	 2.1020217
0.020619094 	 2.235598
0.0024783302 	 3.7368858
-9.5367386e-07 	 1.4317073
5.203621e-05 	 6.034189
0.03361675 	 3.4172976
0.030056529 	 2.8896916
0.083807334 	 2.4096138
0.058449764 	 2.7586193
0.10905609 	 3.2272553
0.0363298 	 2.5378723
0.052015223 	 3.7505236
0.040355038 	 1.6254678
0.021994865 	 1.4947883
0.04133189 	 1.7407314
0.03697796 	 2.1130946
0.023194568 	 2.9519799
0.01936608 	 3.3726478
0.000101094585 	 7.9704747
0.0035837656 	 2.998405
0.03146522 	 1.8011138
0.0237067 	 3.8749719
0.03218502 	 2.5503643
0.010234094 	 2.0817924
0.0026476234 	 4.0724716
0.02809193 	 2.4358084
0.031074462 	 2.8000154
0.032042596 	 1.959081
0.030019062 	 1.8081417
0.017480457 	 1.7811843
0.04266214 	 2.6406975
0.10262374 	 2.3724434
0.086800896 	 3.2072594
0.12873538 	 1.1158302
0.15197106 	 2.7088053
0.10459816 	 3.1806433
0.047199957 	 2.1646655
0.1259682 	 2.9165826
0.0970494 	 2.6022754
0.14573266 	 2.6122983
0.009790869 	 3.2059097
0.05894462 	 5.953207
0.01139848 	 1.7792287
0.0029453456 	 2.9144173
0.013333544 	 3.8150804
2.563003e-06 	 3.8199747
0.0025992766 	 3.1061242
0.001160878 	 3.322582
0.05966215 	 2.5780685
0.10760008 	 2.3707058
0.15109508 	 2.5744517
0.18722658 	 0.93771344
0.14874317 	 1.239333
0.30979174 	 1.6385472
0.2821795 	 1.6306865
0.3446248 	 1.0729399
0.18720064 	 1.5385706
0.21439987 	 1.4492656
0.11335186 	 1.2462927
0.10059698 	 1.7601926
0.12928154 	 1.9619193
0.13443582 	 1.8127137
0.10508547 	 0.97125816
0.12592223 	 1.3005484
0.16643508 	 1.066977
0.338103 	 1.1097314
0.24329558 	 1.1385678
0.2373782 	 1.2587404
0.20345424 	 1.7207814
0.1425068 	 2.1804943
0.15158257 	 1.3029808
0.120614484 	 2.928268
0.15243128 	 2.641424
0.071229964 	 1.9739566
0.07442951 	 2.0607972
0.09513753 	 3.3755593
0.093253456 	 2.1837811
0.06676503 	 2.8192065
0.061542183 	 2.3373568
0.0036834285 	 3.388334
0.022415616 	 2.346581
0.069502234 	 1.798611
0.01513559 	 1.6615771
Summary
-9.5367386e-07  -  0.8150456 ,  0.5064205  -  7.9704747
accuracy:  100.0
equal predictions:  0
TensorFlow version: 1.13.1
Found 939 images belonging to 1 classes.
argN = 49
argN = 49
0.45859295 	 4.601401
0.32581493 	 2.2957401
0.29383475 	 1.9298251
0.2513047 	 5.7411704
0.16727099 	 3.6697671
0.10392153 	 3.7473185
0.2556128 	 3.669068
0.19924393 	 3.3738859
0.18035206 	 1.1391263
0.112934306 	 2.737354
0.09078585 	 2.0572648
0.06710184 	 3.0824003
0.16363911 	 2.0403562
0.0713126 	 3.428062
0.75350463 	 3.0648568
0.4948889 	 2.2519426
0.348289 	 2.9126484
0.5235879 	 1.7824084
0.6840384 	 1.7793957
0.20942278 	 1.2729958
0.3643608 	 0.7803828
0.10013543 	 2.090429
0.22124001 	 3.757552
0.08686396 	 2.5020883
0.040743418 	 3.5130394
0.041169897 	 2.2737908
0.035501704 	 1.7389193
0.30818006 	 1.1687262
0.6176978 	 3.2949033
0.11944953 	 6.923885
0.15892237 	 4.7061505
0.12737203 	 2.1060932
0.366018 	 1.1148093
0.460178 	 0.9415591
0.4480419 	 2.7510736
0.3813775 	 3.032238
0.25708097 	 1.9503696
0.17520122 	 1.4284952
0.16132703 	 2.740394
0.15433747 	 0.57968926
0.040091567 	 2.4272854
0.09422498 	 3.4086363
0.0026204917 	 2.1773746
0.15658338 	 2.709491
0.21033294 	 1.7094616
0.09536352 	 3.6767807
0.27739605 	 1.2494062
0.15842572 	 1.3308773
0.057677474 	 1.8861384
0.023169374 	 3.7913713
0.0016368905 	 1.9897331
0.037705828 	 1.2183058
0.15968853 	 1.4711423
0.07888367 	 2.250689
0.09255745 	 2.3233197
0.24731833 	 1.3771152
0.13811296 	 2.5372007
0.14286427 	 2.2392738
0.120176 	 3.323917
0.14498283 	 2.154726
0.21633585 	 2.6645272
0.18591475 	 1.2181462
0.24955069 	 1.8570914
0.20148827 	 2.8421369
0.23655696 	 2.9227183
0.3606768 	 2.3307202
0.19559409 	 1.6408271
0.19918996 	 2.8940916
0.18136667 	 1.1852778
0.1188283 	 2.7298048
0.042058274 	 5.5385046
0.18001747 	 2.3385513
0.0053639966 	 4.206485
0.26107818 	 1.6318184
0.07042786 	 2.1157336
0.13018028 	 2.3174126
0.021331556 	 8.153805
0.047029946 	 6.5065928
0.01655128 	 1.9632167
0.00039972903 	 1.9022503
0.0007783819 	 1.556836
7.8979276e-05 	 2.6992283
0.04110729 	 3.4538822
0.006116161 	 2.3072126
0.0028288404 	 2.2473168
0.0009269837 	 2.8627834
0.037109587 	 2.5032759
0.036517162 	 2.4489758
0.009361017 	 2.181969
0.024150336 	 3.7918627
0.005515559 	 1.6213896
0.049457163 	 8.938512
0.0017194621 	 3.698307
0.0019636943 	 1.2946862
0.002266052 	 2.2931142
0.0017995924 	 1.6471633
0.015131656 	 2.9455001
0.00047939585 	 1.7331846
0.00084519334 	 1.3135548
6.3302134e-05 	 2.6783488
0.00051595166 	 1.7647705
4.8877002e-05 	 2.0154397
2.3246082e-05 	 3.0753467
0.00011170534 	 1.2999079
0.00042149366 	 2.7599783
5.006803e-06 	 1.9620308
1.0073236e-05 	 2.1977835
0.0008490709 	 1.3901365
4.172326e-07 	 1.0294368
0.015023464 	 2.4565852
0.018683437 	 1.5057945
1.4841667e-05 	 1.3033963
0.0035707252 	 2.8588948
1.4484033e-05 	 2.9556286
6.7353476e-06 	 2.2583563
0.024386978 	 1.8463241
0.04336951 	 2.390513
0.0017295526 	 0.90853965
0.003590166 	 2.4225252
0.016490562 	 2.2216911
0.016402943 	 1.8859136
0.0004829142 	 0.66271394
0.0007076382 	 2.182696
0.00016887422 	 2.0338576
0.00030492424 	 2.552958
0.0017735583 	 1.5348525
0.061891068 	 1.7650776
0.0101797795 	 4.191535
0.0017991745 	 1.5186119
0.020900244 	 3.5765183
0.0016229202 	 3.0557747
3.480972e-05 	 2.109499
0.00080719375 	 1.36115
0.027382111 	 1.291587
0.018399753 	 2.112705
0.006047078 	 2.2003632
0.00024089139 	 2.780639
5.6029934e-05 	 2.1749537
0.0018452732 	 0.97875667
0.018910285 	 1.7762971
0.03608877 	 2.7832775
0.022549422 	 1.912481
0.0071546664 	 1.3208798
2.9802766e-05 	 3.0855343
0.001305896 	 3.7743032
0.0034085722 	 2.5004597
0.0001659531 	 2.9712136
8.5953594e-05 	 1.3668265
0.0042981356 	 0.9797687
0.012915208 	 1.4215299
0.0028086968 	 3.7101605
0.0069623403 	 1.3536841
0.0049058534 	 2.531006
6.3898224e-05 	 2.8184192
0.014509711 	 2.0825737
6.777278e-05 	 3.7217965
0.021428557 	 2.4354727
9.423938e-05 	 1.946979
0.002368272 	 2.9273446
0.01750557 	 2.3093288
0.00033741922 	 2.7972922
0.030505449 	 3.041829
0.06906414 	 1.1212093
0.022915822 	 2.1528163
0.020993248 	 3.340984
0.021189023 	 1.280518
0.020862328 	 0.7560297
0.020864213 	 3.4295564
0.043821957 	 2.259171
0.021865275 	 1.678405
0.020711403 	 2.5781643
0.00052137853 	 0.774167
0.0005290119 	 1.1796921
0.008366018 	 1.936699
0.030908957 	 2.9559517
0.040587414 	 2.477775
0.0094879735 	 2.2114239
3.8982198e-05 	 2.6064012
0.019147087 	 2.2327926
0.0003104692 	 3.2761908
0.0030897856 	 1.4857292
0.00043866716 	 1.7533114
0.006107106 	 4.195025
0.0060519353 	 0.61148506
0.0027522733 	 1.7534161
0.020559406 	 2.632931
0.00024101062 	 1.8890077
0.027390748 	 2.7172408
0.00018091647 	 3.112966
0.00035810922 	 2.6111243
9.3643284e-05 	 2.0507514
0.0085823005 	 2.000068
0.003175228 	 1.8034906
0.0019109017 	 2.8154345
0.022470964 	 3.4647603
0.0037811268 	 1.970948
0.00046735 	 2.1133747
0.0014204334 	 1.5202295
0.00046961603 	 2.711504
0.0011463177 	 1.2603312
0.002459329 	 1.6586837
0.005063397 	 1.4028603
0.0010431483 	 2.3762531
0.00077366945 	 4.3829064
0.0005238236 	 0.8952162
0.0011439307 	 2.3568032
0.14476374 	 2.778013
0.03561967 	 2.007254
0.047039192 	 2.4653246
0.034065053 	 1.70351
0.0010193415 	 1.6518481
0.020163702 	 0.9809084
0.0003731947 	 2.858397
0.00084805675 	 3.652119
0.021456752 	 5.332948
1.6987467e-05 	 1.8045626
0.026281888 	 2.8354635
0.010217053 	 1.8616334
0.00080242153 	 2.9602904
0.011937178 	 2.255448
0.0015915177 	 2.5018773
0.015941352 	 1.8401608
0.0054936833 	 3.8246772
3.5762793e-07 	 1.8396853
-7.152555e-07 	 2.9628606
4.768383e-06 	 3.000238
9.357973e-06 	 1.0549419
-4.7683704e-07 	 6.519122
0.008981326 	 6.8770256
0.00063469284 	 2.0653262
0.027241286 	 3.2495627
0.00034862873 	 2.748631
0.00011003623 	 5.961826
0.07666215 	 2.094911
0.17483398 	 1.7839501
0.025665263 	 1.6931938
0.020591471 	 2.7496204
0.023709813 	 3.8837638
0.0042955615 	 2.1896842
0.001478453 	 4.3526063
0.0017237014 	 4.3739505
3.5465393e-05 	 1.7971774
0.010108427 	 5.2953215
0.020603517 	 2.0011904
0.045708418 	 0.9418594
0.15574716 	 3.8542721
0.04003418 	 1.2180732
0.014651416 	 1.9741077
0.028765323 	 2.5977788
2.4855446e-05 	 1.8527175
0.03923853 	 1.9589843
0.008632741 	 2.0696049
0.0043386626 	 1.22457
0.0015327154 	 4.394306
4.3511486e-06 	 0.920827
0.0001763857 	 4.2220154
0.0032126 	 1.7919226
0.06896272 	 2.2806497
0.01972396 	 5.354416
1.2040211e-05 	 6.7518506
0.027874144 	 2.0061147
0.07853751 	 1.530771
0.03626187 	 1.9449357
0.01922176 	 1.9545825
0.07034069 	 1.8296587
0.06161337 	 3.2943456
0.12965731 	 2.0063279
0.13804242 	 1.3414434
0.09706398 	 1.975815
0.08913975 	 1.7137632
0.085424684 	 3.6961818
0.12060729 	 2.8193052
0.087631546 	 1.680217
0.13372113 	 2.336433
0.094995424 	 1.3006644
0.11438101 	 2.2667904
0.021470942 	 1.7979181
0.019516498 	 1.378605
0.021710971 	 1.9909327
0.00075923407 	 2.1665173
0.00068556913 	 3.0379703
0.025235258 	 2.07885
0.0041426877 	 2.9047186
0.000102644466 	 2.1550946
0.0005873378 	 4.6181126
0.009729416 	 1.660491
0.0022193962 	 1.2951503
0.17204088 	 1.490316
0.17377762 	 2.8504484
0.17713045 	 3.326753
0.15752348 	 3.0869439
0.09699318 	 1.3163363
0.09290575 	 2.4044738
0.13067642 	 1.6929983
0.09752667 	 1.2229067
0.22155507 	 1.9257363
0.11103521 	 1.8441861
0.095020525 	 2.0782194
0.1079599 	 3.8865898
0.0053841914 	 3.4224954
0.00049078587 	 2.8608096
0.05448215 	 2.1876168
0.08823298 	 3.3049169
0.009134761 	 1.8262894
0.086579435 	 1.5445116
0.02230645 	 1.5117009
0.07579048 	 2.526394
0.06767919 	 1.4981607
0.023587324 	 2.6146343
0.050153125 	 3.0553622
0.027383827 	 3.693292
0.019066649 	 1.9389828
0.0036094282 	 2.763089
Summary
-7.152555e-07  -  0.75350463 ,  0.57968926  -  8.938512
accuracy:  100.0
equal predictions:  0
TensorFlow version: 1.13.1
Found 939 images belonging to 1 classes.
argN = 49
argN = 49
0.54528886 	 3.938313
0.30674157 	 2.068131
0.31343788 	 2.5829425
0.3022153 	 0.8039042
0.35342956 	 1.6899283
0.12910369 	 3.610145
0.15610725 	 2.1789045
0.25219128 	 3.5760007
0.270687 	 2.824683
0.05065499 	 2.1077797
0.0744848 	 3.6409323
0.12732105 	 1.9218593
0.13270278 	 1.0564798
0.2972653 	 3.2019138
0.28740776 	 2.2740977
0.8562643 	 0.74777836
0.68620294 	 2.4388843
0.3355698 	 3.0487876
0.44791502 	 2.5002768
0.25859654 	 2.1128657
0.16421753 	 2.1283748
0.0013075671 	 2.2053316
0.021312863 	 1.5499263
0.15083556 	 2.756929
0.29169434 	 1.4784435
0.38785008 	 1.7559369
0.14756276 	 2.7524886
0.1497964 	 1.9905204
0.41664836 	 2.7944956
0.40510055 	 6.9034395
0.3912472 	 2.5225067
0.12797359 	 1.4098696
0.12086978 	 3.6465044
0.44038537 	 2.4354985
0.5660234 	 2.1063097
0.4712458 	 6.267783
0.2238847 	 4.0369287
0.012350095 	 4.0806646
0.076905504 	 2.084427
0.15667854 	 2.4240732
0.1755583 	 3.237268
0.15194157 	 2.5322254
0.21431841 	 2.6346467
0.072612345 	 2.4836676
0.025512755 	 2.056157
0.03945236 	 4.6381288
0.00030730915 	 2.917214
0.00085438025 	 2.3479137
9.441822e-05 	 1.9540775
0.029828489 	 2.3736477
0.14539675 	 1.1770518
0.32395333 	 2.3474197
0.27703327 	 2.8292475
0.23422253 	 1.9817442
0.24934371 	 1.9033496
0.17381315 	 2.4108722
0.3854034 	 1.4328179
0.36331528 	 1.7239544
0.1044676 	 1.4511404
0.082229815 	 2.2578323
0.13563202 	 1.9137487
0.04045862 	 1.5001098
0.0059159403 	 1.678565
0.03397681 	 3.31157
0.00047098758 	 2.88054
0.00048011143 	 1.2390753
0.08593846 	 2.074639
0.07896661 	 1.3671682
0.3378548 	 1.0719285
0.05935686 	 1.3293413
0.15546526 	 3.107343
0.35081938 	 3.8384676
0.4216429 	 1.6647013
0.30729237 	 1.0227627
0.26655322 	 4.85069
0.16793393 	 1.0785421
0.16784291 	 2.6031122
0.20284735 	 0.9282042
0.021105131 	 3.9295886
0.021062398 	 2.5877109
2.4974657e-05 	 1.3576205
0.06247334 	 3.6095505
0.2322121 	 2.2055376
0.2423393 	 1.2864716
0.072867535 	 2.1941023
0.07019637 	 1.3765173
0.12317415 	 1.9081211
0.14313233 	 2.3841524
0.07445597 	 2.2221088
0.014813285 	 1.8133037
0.0011889847 	 2.3198524
0.04046408 	 2.3476605
0.018271357 	 2.9114885
0.028040865 	 1.6183249
0.00027952524 	 1.6385156
0.00013078115 	 4.8860435
0.0007384761 	 3.1031945
0.027505128 	 2.5769763
0.0056764954 	 3.5192358
0.001079307 	 2.601767
0.0007110381 	 3.5592322
0.00063546817 	 1.0627406
0.001961007 	 2.631469
0.045262534 	 1.7374309
0.013880598 	 2.894513
0.0327141 	 3.5879297
0.017771224 	 1.6245449
0.0023881677 	 2.0254438
0.021707559 	 0.8886492
0.001680892 	 1.6929226
0.0034589318 	 1.9667298
7.003791e-05 	 2.2192132
0.007439922 	 1.7486242
0.00025072857 	 2.6206632
0.00025412688 	 1.7075313
0.0003786804 	 1.6307888
0.0077045965 	 1.3635631
0.0014588741 	 2.390824
0.000119931734 	 1.830639
0.004295861 	 2.0887754
0.024835989 	 3.0753195
9.686224e-05 	 2.2894702
0.0044514523 	 4.058663
0.0013756077 	 2.9247773
0.015060676 	 0.82247615
0.0012303408 	 0.96727663
0.0009696415 	 6.286213
0.00012845626 	 2.5234146
0.020028329 	 3.8070252
0.020762824 	 1.9773682
0.024710672 	 1.8504994
0.0042448603 	 1.3963987
0.021288324 	 3.449977
0.009012841 	 2.1428874
7.325679e-05 	 1.9008437
0.009039846 	 2.2876387
0.00773463 	 1.5138521
0.00031822023 	 3.2797713
0.0012067682 	 2.3292487
0.0160408 	 1.7115976
0.043250315 	 2.3788
0.024708718 	 4.718184
0.046066426 	 3.2115562
0.0004777261 	 0.97928834
0.007575884 	 2.390899
0.00041886995 	 2.84645
0.0053818547 	 2.667538
0.040546447 	 1.726661
0.05315219 	 1.7238927
0.021443842 	 1.8213397
0.0026230614 	 2.3749855
0.008576228 	 2.7712138
0.019373676 	 1.8904356
0.01799574 	 1.7475733
0.00019868201 	 1.6959283
0.00048553807 	 1.5770907
0.00019134922 	 0.97757
0.00010645956 	 2.093231
0.0018544096 	 3.693366
0.022454018 	 1.8902551
0.00013417906 	 3.7643962
0.009455601 	 1.3644588
8.1900136e-05 	 4.6604414
0.0008680415 	 2.1487477
0.01747615 	 3.0949063
0.018759534 	 2.8578131
0.02377091 	 2.4212625
0.0390431 	 2.4478393
0.0303683 	 2.8152266
0.022099487 	 3.5318487
0.01833443 	 3.7415743
0.019351799 	 1.1987771
0.023068909 	 2.8691628
0.013918252 	 1.90919
0.0006637391 	 2.1374657
0.0027732525 	 3.5544436
0.0025055776 	 2.972422
0.0014908096 	 2.601432
0.00035560492 	 1.4516461
0.0041262885 	 4.9530687
0.00078088726 	 2.6052864
0.007088753 	 1.3987792
0.0005412374 	 1.3243675
0.0018953154 	 1.4039937
0.00058292446 	 1.647203
0.00026640864 	 4.2887077
0.0034025915 	 2.223921
0.00040944852 	 2.410411
0.00018568571 	 1.8533095
7.5700766e-05 	 0.9026885
0.0013164598 	 1.5861251
0.002587026 	 3.205389
0.00018801072 	 2.1712499
0.003884938 	 1.0712326
0.009630533 	 1.4032834
0.0004458229 	 2.399691
0.00063260534 	 1.569289
0.0012240149 	 2.4030137
0.0008877879 	 2.438013
0.001303449 	 1.2240957
0.078593925 	 1.6882498
0.12946618 	 1.9887315
0.1256991 	 1.6559112
0.08657183 	 3.201571
0.11589292 	 1.4852535
0.13217925 	 2.2589717
0.01478685 	 2.6371448
0.064539604 	 2.5824337
0.05797 	 1.7456691
0.005769473 	 2.3971524
0.019695327 	 1.1426822
5.7758567e-05 	 1.6135703
0.020592019 	 3.8135667
0.0014572623 	 2.6791017
0.0074195657 	 3.3775778
0.019152373 	 2.6347249
0.00393215 	 1.7867188
0.0006918916 	 2.3933167
0.049698744 	 1.2036728
0.0035725199 	 1.9145426
0.00011891834 	 3.724649
0.003948427 	 3.148579
0.0003061763 	 3.0318215
8.195975e-05 	 6.9312415
0.0054031885 	 3.889039
-3.576278e-07 	 4.5395937
0.0103575485 	 1.5128644
0.021339288 	 1.6833296
0.017033342 	 1.1694826
0.03148503 	 1.5996917
0.014574786 	 1.2726659
0.005022062 	 3.5563066
0.0007576832 	 2.8066015
0.00066952466 	 2.0033796
0.024711773 	 3.0535784
0.007949034 	 2.8284454
0.00017030498 	 2.5339262
0.008719019 	 2.2641227
0.070224375 	 1.2115057
0.25313807 	 1.5966748
0.26273835 	 2.3665326
0.070873775 	 1.8581736
0.013549031 	 2.7294192
0.08156763 	 3.8028162
0.0011734692 	 6.9055786
0.010011373 	 5.14168
0.058043964 	 1.4953362
0.05196782 	 2.314375
0.034669295 	 1.3812232
0.10487316 	 2.0440507
0.0054792995 	 2.4831011
0.026052566 	 3.2597325
0.030253226 	 2.5870311
0.0021293168 	 3.8884742
0.0051352284 	 1.7257493
0.0022717272 	 1.617705
0.00043353895 	 3.152551
4.452566e-05 	 2.5788248
0.009210555 	 1.453479
0.02972895 	 1.5695212
0.00038231767 	 6.1057115
0.0020756791 	 3.062383
9.030511e-05 	 2.6462452
0.013733866 	 3.9387753
1.6391412e-05 	 1.0903124
0.00047277656 	 2.6847754
0.03693918 	 1.6457503
0.02407505 	 1.740001
0.06580619 	 1.3749744
0.0507397 	 1.8713
0.123835064 	 2.3673432
0.16159658 	 2.3055596
0.15599535 	 3.1191764
0.093420185 	 1.0423933
0.13666278 	 1.3419033
0.07308579 	 1.9418089
0.04552575 	 1.029368
0.12855466 	 3.242103
0.020611914 	 2.3425474
0.019281127 	 2.8083456
0.0044228346 	 2.9726036
0.007589457 	 2.4858603
0.019956332 	 2.4901414
8.60132e-05 	 2.4063838
0.00022831185 	 1.072469
0.009678258 	 3.1199725
0.0002680184 	 5.055754
0.023201218 	 2.0170543
0.1518246 	 1.8188611
0.090903796 	 0.9861049
0.18332745 	 3.3519897
0.1527367 	 3.0818026
0.14217356 	 2.068926
0.13610826 	 0.78847486
0.095016465 	 1.5073721
0.053551544 	 1.4518622
0.107580096 	 2.146592
0.06343001 	 2.6844313
0.00972773 	 3.1827512
0.00015981283 	 2.2214487
0.032388356 	 2.471948
0.02096391 	 1.6786944
0.028359797 	 2.9733365
0.096774966 	 1.9536574
0.087192394 	 1.9452622
0.0816054 	 1.8106397
0.094673194 	 2.0426292
0.030936928 	 2.0896132
0.09039751 	 2.1625419
0.071370915 	 1.3511906
0.0077530104 	 1.6181493
0.022503944 	 3.755896
0.10309654 	 1.9413977
Summary
-3.576278e-07  -  0.8562643 ,  0.74777836  -  6.9312415
accuracy:  99.7
equal predictions:  0
TensorFlow version: 1.13.1
Found 939 images belonging to 1 classes.
argN = 49
argN = 49
0.50519115 	 3.6415257
0.25792018 	 1.6728201
0.45721564 	 3.0104892
0.7098963 	 2.4267218
0.632872 	 1.3950809
0.6626878 	 3.4427185
0.11785465 	 2.6973443
0.25701824 	 2.7248483
0.034746062 	 1.740434
0.10388212 	 1.5681424
0.13577238 	 2.3106155
0.2926349 	 2.0242717
0.23329324 	 2.2680128
0.66552484 	 2.9234776
0.56562144 	 1.5817299
0.2877834 	 2.0970435
0.44551238 	 1.861317
0.0392805 	 3.3184466
0.040544212 	 4.3958373
0.0067203646 	 1.7142373
0.0155921485 	 3.1561244
0.013780155 	 1.8359644
0.0011638617 	 1.9823022
0.0017390463 	 3.2852023
0.01981369 	 1.7264911
0.18067342 	 2.3015275
0.16935538 	 1.0470748
0.26206467 	 3.043077
0.37017158 	 1.5652261
0.45574948 	 1.6261449
0.043309007 	 6.7517996
0.05939924 	 1.9975488
0.06568282 	 2.4605546
0.33406284 	 4.2495837
0.31758133 	 3.9018455
0.5513856 	 1.539684
0.43740702 	 2.964403
0.38394076 	 5.395732
0.40857214 	 4.889309
0.19128582 	 2.8260772
0.21909341 	 0.813854
0.13270156 	 2.6757233
0.038705748 	 2.6907716
0.0019822682 	 3.29606
0.04528293 	 1.9506253
0.058899797 	 3.392796
0.006270357 	 2.5716295
0.110926986 	 1.4416934
0.34124193 	 3.5014167
0.19802952 	 1.6792883
0.24163328 	 2.9819882
0.30510813 	 2.6870859
0.23241234 	 1.695928
0.2596685 	 1.3001126
0.15709594 	 2.5330348
0.33094335 	 1.862522
0.3518224 	 1.4079496
0.057651397 	 1.9509528
0.044826515 	 1.8765752
0.050880678 	 1.8052602
0.012886529 	 1.5857254
0.0007770696 	 3.1954417
0.00034701885 	 2.9203973
0.00024768797 	 2.987303
0.00015188417 	 4.267176
0.0006074962 	 2.3235686
0.040894724 	 2.3233635
0.040289752 	 1.6293416
0.01796042 	 2.4541268
0.11914222 	 2.5523427
0.21795659 	 1.0828665
0.3036422 	 1.9700744
0.2159426 	 2.789391
0.06602863 	 2.0380957
0.06393592 	 2.8937223
0.32370883 	 4.647306
0.27421275 	 1.9508945
0.1090438 	 2.5787847
0.105349086 	 1.921459
0.16463514 	 3.0921276
0.27716812 	 2.4607272
0.2822038 	 2.1118443
0.12525778 	 2.6964753
0.06633297 	 2.7580469
0.044743113 	 2.2908542
0.10661515 	 2.0127904
0.0022828986 	 3.5315616
0.27673686 	 2.504454
0.12877618 	 1.9358122
0.049098253 	 1.9341928
0.041133996 	 2.9773815
0.12324832 	 0.66450626
0.07470611 	 2.5825875
0.080776505 	 3.808408
0.011983384 	 7.502097
0.011018919 	 1.9797041
0.037054595 	 1.4777125
0.021385444 	 2.9651334
0.0028155108 	 2.4514248
0.020791547 	 1.2216284
0.00071676425 	 1.9643091
0.022541314 	 2.0670588
0.020615505 	 3.042456
0.014623412 	 1.0797639
0.0051176143 	 2.6402428
0.0028919033 	 2.897306
0.0022997458 	 2.4446945
0.0072352337 	 2.4907348
0.00014729392 	 2.9906964
3.0398414e-06 	 1.9431317
4.655231e-05 	 1.7603863
3.4511686e-05 	 2.2825227
0.00034046007 	 2.0393012
-7.152555e-07 	 1.7474145
-8.344647e-07 	 2.354039
0.02076605 	 2.151649
0.01102814 	 3.248893
0.015492745 	 3.0698254
8.8576424e-05 	 2.209996
0.011893627 	 2.0826406
0.0009910605 	 0.7543346
5.7341313e-05 	 1.564601
0.001717432 	 1.6899704
0.0048610508 	 3.1821706
0.023592817 	 1.7886486
0.03179054 	 1.8845656
0.001152643 	 6.3878603
0.00027415933 	 1.7120528
3.582303e-05 	 1.501044
0.00055793585 	 1.4955736
0.0054521505 	 1.3660728
0.008993113 	 0.74567056
0.0112612145 	 1.6560117
0.012302907 	 1.842878
0.0015358792 	 2.739426
0.005675357 	 0.98650616
0.0025003792 	 2.0225751
0.0009965496 	 1.0680228
0.0002489996 	 3.1181977
0.0054059452 	 1.2935739
0.0018977638 	 2.054349
0.0060954117 	 2.3573966
0.00047528115 	 1.4912062
3.0577652e-05 	 1.3978274
0.00015999166 	 2.7743807
7.39721e-05 	 2.2671907
1.0788499e-05 	 1.3787218
0.0014976744 	 1.3347616
2.1696325e-05 	 2.1159778
0.02130994 	 2.531042
0.0031300844 	 2.3322692
0.019874005 	 3.2862809
3.5166802e-06 	 2.6775932
0.00033121827 	 0.94390386
0.00043819012 	 3.591064
1.8835246e-05 	 2.0050497
0.0019663223 	 2.4409008
0.02020804 	 2.4213405
0.0077363118 	 2.1322346
0.021004753 	 1.4598764
0.017168857 	 2.0070794
0.021532876 	 2.4022357
0.040294904 	 0.9645646
0.04039519 	 1.5756168
0.00022503285 	 2.3357074
0.006373347 	 2.0890121
0.000331576 	 2.314192
0.0010456543 	 2.3343678
0.0012351747 	 1.2829487
0.0012684758 	 1.1380111
0.0003259117 	 2.2418838
0.0065235025 	 1.03586
0.00017310688 	 1.174822
0.00033252998 	 0.83970153
4.6671525e-05 	 2.2329817
0.03544569 	 1.4688566
0.00045822628 	 5.306268
0.0005654503 	 1.9440095
0.0010860497 	 2.9099348
0.00016803961 	 2.6944199
0.00036073275 	 0.5061911
0.00012201815 	 0.96556926
0.0007001824 	 2.1308577
0.0037924347 	 1.1010376
0.0014029446 	 1.3206979
0.00095192186 	 2.2672272
0.0021632449 	 1.8994726
0.0006951721 	 1.1942527
0.008121358 	 1.9315888
0.0023861362 	 1.4308803
0.0008670869 	 3.1406918
0.16078871 	 1.2813768
0.12620167 	 1.9078283
0.09162243 	 2.8069212
0.041926615 	 4.4281116
0.08429201 	 1.223322
-9.5367386e-07 	 10.107901
0.00032799854 	 2.867876
0.02041242 	 3.7999241
0.015041314 	 2.390101
0.0010262628 	 4.1374516
8.9407007e-07 	 2.0974417
0.04126592 	 1.4726768
0.014637868 	 2.5154555
0.012551187 	 2.8314896
0.017767522 	 3.708975
0.020576686 	 2.1851912
0.006943014 	 3.1381936
6.6161374e-06 	 2.4983516
-4.7683704e-07 	 3.1849425
-9.5367386e-07 	 1.5179113
0.011071713 	 0.9440386
0.001152643 	 2.3681543
1.9669726e-05 	 0.74153745
0.00017107997 	 3.3076475
0.0004638913 	 2.7506657
0.1203846 	 2.166123
0.09427148 	 2.0734525
0.110925585 	 1.124925
0.0019721154 	 3.082394
-9.5367386e-07 	 1.6452099
0.007988267 	 3.834844
0.00027588836 	 2.6426578
7.52835e-05 	 2.0728614
0.0008151873 	 3.4760702
0.045156334 	 2.6865695
0.007500034 	 3.1359637
9.304718e-05 	 3.2960117
0.0017884263 	 2.092107
0.039565027 	 2.1712337
0.062957495 	 1.6255344
0.047476806 	 1.4499491
7.7486067e-07 	 2.3113854
0.027068635 	 0.95007193
0.04520086 	 1.6741908
0.023753515 	 2.5609539
0.03610267 	 2.2617958
0.036610886 	 1.7188977
0.00020166284 	 3.8861365
0.00596085 	 1.5839598
0.0008129801 	 2.0280461
0.0247967 	 3.2360318
0.0002574656 	 2.8074286
0.020955876 	 2.4610057
0.00070048065 	 4.758771
0.100885846 	 1.4585267
0.04183904 	 2.5191073
0.07698552 	 2.4674845
0.04599053 	 3.1331546
0.15663399 	 1.2255144
0.023032922 	 1.6473147
0.01993347 	 3.0149074
0.0846933 	 1.5727195
0.027651014 	 1.8942145
0.16874096 	 1.8498473
0.109690115 	 3.4975421
0.022639714 	 1.929541
0.0004275163 	 1.4233053
0.0033716115 	 2.7181652
0.027562842 	 0.8186743
0.02749802 	 3.323093
0.020674344 	 6.2830806
0.0005216767 	 2.2921193
0.0008374978 	 2.7095706
0.00039424322 	 1.1595746
0.09594942 	 1.2702056
0.110136196 	 2.3612764
0.20865937 	 1.793091
0.19676533 	 2.882171
0.16292366 	 1.0401493
0.30725145 	 2.1784155
0.25785005 	 2.2227614
0.15516415 	 0.72640085
0.21987517 	 1.4853389
0.2043456 	 1.6049064
0.19846977 	 2.491214
0.06420244 	 1.3154653
0.07010353 	 2.045806
0.053432576 	 1.6535968
0.10214336 	 1.8067192
0.10007489 	 1.5132178
0.10569008 	 1.6613957
0.045920387 	 1.1443805
0.11061703 	 0.8731806
0.19314171 	 0.98562676
0.045956206 	 1.7883278
0.028276345 	 2.081799
0.15890709 	 3.13037
0.03200327 	 2.5256016
0.11774897 	 2.758612
0.078702964 	 1.3071816
0.00032722342 	 1.6578315
0.00020523985 	 1.831409
0.0034698774 	 3.0615358
0.0013232041 	 3.4083645
0.042272765 	 2.7591376
0.021209478 	 1.9197313
0.08643938 	 1.5265423
0.026927304 	 1.1094683
0.041100956 	 1.8678538
0.083484545 	 1.7639041
0.03823672 	 3.334175
0.044469513 	 1.8941706
0.06255462 	 2.56248
0.07249954 	 0.89024216
0.015555945 	 1.6179746
0.02778252 	 4.51961
0.04331878 	 1.5047874
0.08023728 	 1.7084999
0.0012748616 	 3.255932
0.022108506 	 3.2140207
0.041054998 	 3.141912
0.05174113 	 1.0602776
Summary
-9.5367386e-07  -  0.7098963 ,  0.5061911  -  10.107901
accuracy:  100.0
equal predictions:  0
