TensorFlow version: 1.13.1
Found 939 images belonging to 1 classes.
argN = 196
argN = 196
0.16108543 	 2.7931786
0.39293838 	 2.8792286
0.3835972 	 2.6675963
0.25050396 	 2.8659601
0.11299283 	 3.4645488
0.12308557 	 1.5810142
0.096092254 	 2.7150748
0.06863173 	 3.1987703
0.15492167 	 1.4417725
0.17005552 	 1.9442298
0.1453066 	 1.8481606
0.29715875 	 1.3244482
0.10191221 	 2.2233503
0.16528705 	 3.4947834
0.17306183 	 2.570682
0.20277289 	 2.9239347
0.14297141 	 2.910968
0.23155813 	 2.5054696
0.26640072 	 4.179453
0.2501637 	 3.1991313
0.15984805 	 2.3811524
0.067486666 	 2.33482
0.010255472 	 3.64602
0.11332756 	 2.333538
0.15410547 	 2.880202
0.08956039 	 2.8440351
0.042575683 	 3.6480389
0.04169517 	 2.6349018
0.01958749 	 3.8917718
0.005115757 	 3.1433563
0.015388145 	 1.7889953
0.020618243 	 2.7131498
0.050495237 	 2.9754684
0.18546678 	 2.713032
0.22785519 	 1.755359
0.2049831 	 8.434482
0.3200653 	 2.1757488
0.3104943 	 2.1590633
0.11564203 	 3.572272
0.080657035 	 2.588742
0.38258547 	 2.5291271
0.29439947 	 2.383055
0.33737218 	 2.4448895
0.24075001 	 3.0040975
0.42712945 	 2.064488
0.13657066 	 2.3464832
0.12851283 	 2.2991245
0.09633001 	 1.7831633
0.025841402 	 5.2779193
0.025735592 	 3.798098
0.02575229 	 3.8918097
0.05587584 	 2.3296962
0.094533116 	 2.0539556
0.07412976 	 3.1986492
0.09631032 	 2.367122
0.047004957 	 2.880202
0.047004957 	 3.115938
0.009496638 	 1.6950234
0.00511408 	 3.47854
0.022300782 	 2.9755104
0.00511408 	 3.1927378
-9.5367386e-07 	 2.912041
0.0051127616 	 4.1753454
0.00511408 	 3.12196
-7.152555e-07 	 2.5921679
0.010321956 	 2.9522195
0.05236689 	 2.3860335
0.41318128 	 2.4966023
0.29763606 	 2.563799
0.18455517 	 3.0841868
0.17641652 	 2.3488433
0.4707662 	 2.858501
0.39776078 	 3.0819468
0.28975695 	 2.8799908
0.15859433 	 2.8802595
0.17774563 	 3.4873242
0.13438755 	 2.977584
0.070001185 	 2.5054593
0.05711515 	 2.5167942
0.1505556 	 2.021544
0.020618426 	 5.262918
0.057534337 	 2.6033506
0.0356655 	 2.721973
0.06862719 	 3.7218678
0.015423434 	 3.2911432
0.009571917 	 4.58487
0.020185111 	 3.320749
0.01025511 	 2.7126477
0.00511408 	 3.8915906
0.029630156 	 2.9421253
0.025992798 	 2.546313
0.020523267 	 1.9822303
0.016346656 	 2.1426682
0.02554553 	 1.7516139
0.014691518 	 1.718788
-9.5367386e-07 	 2.558638
0.010255472 	 2.4384677
0.010255472 	 2.5027559
0.00511408 	 2.5254571
0.028153725 	 1.4727867
0.030676728 	 1.1689605
0.015423434 	 1.7212746
0.025840178 	 1.3527789
0.015422768 	 1.8086482
0.026201729 	 1.4608747
0.039888524 	 1.4703915
0.010649261 	 1.4066133
0.020991301 	 1.7791135
0.025719509 	 2.384102
0.04168635 	 1.9076536
0.029184943 	 1.7809405
0.026226081 	 3.1855404
0.025842013 	 2.7891738
0.009458549 	 2.793157
0.015423434 	 2.9755104
0.010255472 	 1.6192529
0.026393568 	 2.580432
0.019226197 	 1.9459354
0.009117497 	 2.8454218
0.00518939 	 1.8691756
0.0051135407 	 1.9616183
0.010159607 	 2.4455929
0.009400606 	 1.3470879
0.021405173 	 2.6073506
0.028150598 	 1.4139612
0.025876267 	 2.9333856
0.041595314 	 1.8206334
0.033450022 	 1.913975
0.020649761 	 1.5421382
0.028507648 	 1.8382554
0.015444318 	 1.881781
0.031086022 	 1.982178
0.015423192 	 2.7696798
0.015423131 	 2.6098478
0.020618243 	 1.5169096
0.020618243 	 2.2799373
0.015423434 	 2.0687954
0.015422405 	 1.5568371
0.003636527 	 2.9820824
0.00511408 	 2.141261
0.005122767 	 2.2378688
-9.5367386e-07 	 1.3493606
0.0054266206 	 3.7890415
0.010255472 	 1.8281403
2.4318992e-05 	 2.441578
0.00511408 	 2.3875709
0.009935218 	 2.5055032
0.010256134 	 2.0168023
0.0051136003 	 1.6667693
0.015423434 	 1.6944762
0.015423434 	 1.9822637
0.020618243 	 2.7131498
0.025840178 	 2.444581
0.020566707 	 2.7131498
0.02066552 	 3.4863462
0.025840178 	 1.7704104
0.046771273 	 1.9443623
0.035651665 	 3.1974175
0.020618243 	 1.4459476
0.010255472 	 2.042829
0.00511408 	 1.6945927
0.01760851 	 1.3829737
0.010255472 	 1.8242123
0.015423434 	 1.7977328
0.010250293 	 1.945902
0.015310187 	 2.7913315
0.015416957 	 2.5700557
0.020618243 	 1.4064614
0.010255351 	 3.3354602
0.045745105 	 1.0631533
0.020533973 	 1.3425128
0.020811327 	 1.6464959
0.06861034 	 1.4938754
0.046635434 	 1.7501905
0.060811967 	 1.5769197
0.043135677 	 2.7928078
0.03118619 	 1.5642765
0.042179566 	 1.8028246
0.03220632 	 2.4572592
0.02055971 	 1.8438997
0.030604206 	 1.7621357
0.010255531 	 1.2650939
0.020618243 	 1.870356
0.020618243 	 1.614049
0.019034268 	 1.361393
0.010373809 	 2.880199
0.015423434 	 1.8769034
0.03415886 	 1.5204705
0.021297397 	 3.10171
0.0363552 	 2.0221174
0.03137247 	 2.0663564
0.03636466 	 2.5166552
0.015423797 	 1.5596261
0.04125126 	 1.325919
0.024964925 	 2.2108037
0.013390629 	 1.3832649
0.13642508 	 1.9549841
0.14223842 	 2.8486252
0.101956494 	 3.6681077
0.14231649 	 2.523608
0.175847 	 2.1372685
0.1780841 	 2.495683
0.09634753 	 2.6354163
0.124651425 	 2.5700512
0.052709762 	 2.7233481
0.045059185 	 4.1794376
0.04173886 	 3.172617
0.031109203 	 2.6023204
0.020618243 	 2.5055134
0.025409242 	 4.1794376
0.057757605 	 4.58487
0.051278878 	 13.815511
0.041472852 	 3.8421266
0.041697223 	 2.9755082
0.06168716 	 2.334274
0.04167162 	 3.080852
0.065053634 	 3.198633
0.031126665 	 3.08097
0.018573038 	 2.083805
0.046575233 	 2.975507
0.02595383 	 3.0832586
0.031089528 	 2.5684636
0.031089528 	 5.2779193
0.025755225 	 2.5700557
0.036366574 	 2.0957167
0.031089466 	 2.8796945
0.04700502 	 2.1247773
0.030544594 	 3.8865054
0.07960862 	 3.4844925
0.23712641 	 1.9581345
0.35009536 	 2.1233475
0.10278682 	 1.6183684
0.10755673 	 2.9459267
0.046783578 	 2.9754124
0.035899818 	 3.8917718
0.05236055 	 1.3916414
0.06810998 	 3.1667056
0.0740958 	 3.8836942
0.06855308 	 1.8736963
0.04167162 	 2.2823725
0.107196726 	 0.91946393
0.37225753 	 2.1745358
0.139235 	 2.270663
0.10194158 	 4.58487
0.11967544 	 2.3338504
0.12981421 	 2.9245417
0.16007942 	 3.9003685
0.08512265 	 1.9088156
0.05573347 	 3.3918283
0.05236689 	 2.6398995
0.07410691 	 2.7915764
0.068627514 	 1.1202848
0.047004957 	 2.7276707
0.015318721 	 1.3091793
0.020618243 	 3.332177
0.010255472 	 3.0808687
0.031089528 	 4.1794376
0.036656763 	 4.58487
0.020618243 	 2.1870701
0.04163831 	 4.1517982
0.031088604 	 2.834891
0.047939245 	 2.5005062
0.07961611 	 3.0808687
0.124832384 	 2.505512
0.13163722 	 2.135027
0.16667087 	 1.9076107
0.18971562 	 1.9298382
0.17821045 	 2.0391078
0.14312415 	 1.726043
0.107806 	 0.80066216
0.07961643 	 1.9495196
0.021592015 	 2.9148374
0.015425553 	 1.4775754
0.015608495 	 3.913477
0.027370166 	 4.1478934
0.0035906448 	 3.324546
0.020618485 	 2.7173598
0.03726548 	 1.540438
0.046362378 	 1.8766333
0.046817116 	 1.1501684
0.06921162 	 2.2534668
0.08026776 	 4.1794376
0.11889374 	 3.2705731
0.1782485 	 2.1000526
0.17786418 	 1.3594396
0.19606075 	 2.50565
0.18713976 	 2.306872
0.14967102 	 2.4998055
0.19520116 	 1.721538
0.15410797 	 2.5066874
0.1602017 	 2.2454538
0.12445942 	 0.95947826
0.10196435 	 2.874208
0.13812439 	 2.1988623
0.15404414 	 3.198652
0.08423949 	 2.880202
0.046270978 	 2.0195317
0.041778382 	 3.6768608
0.031089528 	 2.142612
0.042609766 	 2.4703557
0.03638166 	 2.9643996
0.04167156 	 3.1986492
0.06317201 	 1.6145409
0.09828526 	 2.4265654
0.09618235 	 2.5068643
0.11905816 	 2.5700333
0.12463178 	 1.9002532
0.11322483 	 3.1891747
0.074170135 	 3.8917718
0.1016431 	 2.2813864
0.07804079 	 4.596904
0.08548863 	 1.9909514
0.068574786 	 1.5871782
Summary
-9.5367386e-07  -  0.4707662 ,  0.80066216  -  13.815511
accuracy:  100.0
equal predictions:  0
TensorFlow version: 1.13.1
Found 939 images belonging to 1 classes.
argN = 196
argN = 196
0.14113101 	 2.7498162
0.16262458 	 2.491368
0.2041868 	 2.6937983
0.2577601 	 2.9901392
0.13715476 	 2.3438263
0.3788403 	 2.7922132
0.3185164 	 3.0785208
0.1777158 	 2.3874555
0.14828922 	 2.5302086
0.10615539 	 3.2884
0.058905043 	 2.4474025
0.05248096 	 3.3309178
0.07249589 	 2.568606
0.06874633 	 3.1954038
0.080101855 	 1.7172668
0.104827024 	 2.3791196
0.05068747 	 3.0000188
0.1368151 	 2.926669
0.084941275 	 2.871806
0.1545179 	 2.6961765
0.15303013 	 2.6386693
0.21520716 	 2.6288273
0.16033198 	 4.58487
0.26339877 	 2.7558281
0.14700957 	 3.136669
0.37259158 	 2.7064986
0.3014151 	 2.7133753
0.21513584 	 2.9917514
0.09038296 	 2.386993
0.08487126 	 2.966046
0.14214237 	 2.3736472
0.020618243 	 2.9509535
0.009765048 	 3.8910916
0.02059646 	 3.0690386
0.0058928565 	 3.1228693
0.010255472 	 3.8902075
0.016042678 	 2.0128891
0.010255472 	 3.4900644
0.27180892 	 1.5714849
0.26911774 	 3.4610763
0.2969484 	 2.374983
0.2062186 	 2.0239584
0.09101393 	 3.02212
0.08035444 	 2.2901556
0.28456017 	 3.3389287
0.16471294 	 2.6368465
0.10825775 	 2.8322222
0.39499837 	 2.880032
0.24476115 	 2.1680036
0.28706038 	 1.3495747
0.26055953 	 2.9756448
0.15859558 	 2.4416635
0.22155805 	 2.389008
0.19755219 	 2.8258379
0.14285885 	 2.3654766
0.054898225 	 2.177321
0.07445231 	 2.7912188
0.07231871 	 1.8852667
0.10181255 	 2.0283837
0.14884111 	 2.2786562
0.08515673 	 4.1794376
0.035958823 	 4.1522303
0.0761674 	 2.3610818
0.11540827 	 4.4063888
0.072013505 	 2.974965
0.041694675 	 2.2200437
0.07959893 	 3.63531
0.24707761 	 3.3225853
0.28055868 	 2.7931921
0.19486693 	 3.9966168
0.19026831 	 3.332177
0.19033183 	 2.4069114
0.030857502 	 2.5425327
0.025840178 	 3.0400045
0.046511415 	 2.0666192
0.02583394 	 3.065516
-9.5367386e-07 	 3.487835
-9.5367386e-07 	 3.042602
0.020618243 	 3.0758271
0.010255472 	 1.8117111
0.041844264 	 3.4330707
0.04170207 	 2.0952854
0.2586048 	 2.8274364
0.31183678 	 1.9341685
0.033589505 	 2.3878927
0.06326802 	 2.4985843
0.049374122 	 2.4461162
0.083699815 	 3.1628377
0.14395607 	 2.521388
0.118681304 	 2.3876371
0.2092645 	 2.6999092
0.23692818 	 2.446539
0.21686323 	 2.4484854
0.17202601 	 2.1205502
0.20838651 	 3.4863229
0.10756802 	 1.4718102
0.046847913 	 2.8801818
0.057779204 	 2.3805788
-9.5367386e-07 	 1.6088612
-9.5367386e-07 	 2.6426158
0.083707266 	 2.3334439
0.066105746 	 3.3845582
0.11518808 	 2.168241
0.05775773 	 3.4476233
0.005119891 	 3.638608
0.05775969 	 2.2861624
0.036368616 	 2.7101126
0.010255472 	 2.569844
0.05768922 	 2.208847
0.036366574 	 2.225566
0.014014598 	 2.4222128
0.00511408 	 3.8917718
0.00966574 	 3.6710358
0.005103236 	 2.9753785
-9.5367386e-07 	 3.0821457
0.02961972 	 3.335445
0.010255472 	 4.1794376
0.0051570963 	 4.5847473
0.028823907 	 2.0620794
0.020618243 	 2.0464036
0.010255472 	 1.9106011
0.010255472 	 2.1468973
0.00511408 	 3.4863229
0.0029822907 	 1.8043587
-9.5367386e-07 	 1.2527549
0.0010639722 	 2.142612
-9.5367386e-07 	 1.51691
0.010255472 	 1.8443534
0.00511408 	 2.7931716
0.010255472 	 1.2695825
0.015424463 	 1.6945904
0.02061149 	 1.6671964
0.031560443 	 3.4863229
0.010255472 	 2.0965283
0.030851047 	 1.1926981
0.030341327 	 1.7756697
0.025840178 	 2.3318832
0.036434386 	 1.6675618
0.020619763 	 2.4716232
0.020618243 	 2.639043
0.025057819 	 2.2881215
0.03331623 	 2.0190406
0.025846172 	 1.210303
0.020618243 	 1.2005173
0.025711374 	 1.1757344
0.02583975 	 1.6742516
0.0105632385 	 1.9586322
-9.5367386e-07 	 1.7225482
0.00511402 	 3.0807974
0.010255472 	 2.0610232
0.010255472 	 1.3996556
-9.5367386e-07 	 2.1164765
0.00511408 	 1.9487611
0.02058642 	 1.4525281
0.00511408 	 1.4274696
0.010255472 	 2.1426115
0.0102536045 	 2.0369084
0.015423434 	 1.3714806
0.012489805 	 1.4167398
0.010255472 	 1.9925624
0.010436928 	 1.7114509
0.00511408 	 1.5360988
0.00511408 	 5.277604
0.004981687 	 1.8249532
0.008924493 	 2.4015756
2.5033983e-06 	 1.6744471
-9.5367386e-07 	 1.8584011
0.018641962 	 2.1829114
0.010255472 	 2.7104404
0.02061812 	 1.2627677
0.015423434 	 1.4315144
0.015342931 	 1.2962828
0.020618243 	 1.3462696
0.015717538 	 1.4581603
0.015423555 	 3.4799144
0.020355847 	 1.5151756
0.015423434 	 1.6120588
0.020630594 	 3.332177
0.015423434 	 1.881231
0.015423434 	 2.1432836
0.015423494 	 1.5676413
0.015423373 	 2.1309655
0.010282209 	 1.9787889
0.0051143193 	 3.2948453
0.00011057273 	 1.9107227
0.029346542 	 1.3854073
0.015285131 	 2.663561
0.02061806 	 1.404584
0.015423373 	 2.1846554
0.031084731 	 1.4015168
0.025840178 	 1.9822628
0.020618547 	 1.4710153
0.020618243 	 4.1794376
0.020977788 	 1.9166684
0.010255472 	 1.6774325
0.020108236 	 1.3827289
0.005350933 	 4.551075
0.006558 	 1.9883448
0.01594983 	 1.5909394
0.016426453 	 1.8094946
0.025562406 	 2.178376
0.015417563 	 2.1774783
0.02062104 	 1.7497277
0.023299683 	 1.9275146
0.02097097 	 2.0538101
0.011864132 	 2.5689504
0.033011667 	 1.7464898
0.17823958 	 1.9478762
0.1519397 	 1.3656619
0.010255472 	 1.4714628
0.020618243 	 1.3663629
0.015423434 	 2.879701
0.015423494 	 2.972621
0.018705605 	 13.815511
0.031089528 	 1.5683612
0.036366574 	 3.1986492
0.031019742 	 3.1987572
0.024304101 	 2.2675164
0.041807592 	 3.2910135
0.031089282 	 2.4311945
0.010255472 	 1.2707529
0.015423434 	 3.668638
0.010255472 	 2.7931921
0.019104924 	 2.4318366
0.010255472 	 13.815511
-9.5367386e-07 	 2.5055134
0.01715958 	 3.481016
0.031089528 	 1.840513
0.020618243 	 3.0808687
0.03335265 	 2.448195
0.047004644 	 1.6088077
0.020618182 	 1.948585
0.12482192 	 2.2824724
0.38025266 	 2.7122822
0.45738304 	 2.1425357
0.20348024 	 2.4415848
0.07294454 	 2.3310125
0.07410691 	 2.2821155
0.047004957 	 3.8723333
0.031089528 	 1.876053
0.031089528 	 5.066777
0.031089528 	 2.950542
0.020631386 	 2.7851725
0.047005147 	 1.6915541
0.05236915 	 2.8831758
0.06862905 	 2.1849859
0.090505235 	 3.8917718
0.09630973 	 1.2313784
0.07960545 	 2.5766907
0.09626287 	 2.6339169
0.05752992 	 2.1000118
0.046963975 	 3.1986945
0.024928808 	 2.3763359
0.047004957 	 2.4653268
0.05205484 	 1.7222849
0.031089528 	 2.6392634
0.025840178 	 2.0999572
0.010255472 	 3.668638
0.016240392 	 4.784366
0.020603457 	 2.9756074
0.015423434 	 3.0809429
0.010778551 	 2.565813
0.036306247 	 2.880199
0.041671805 	 2.4448895
0.021249905 	 1.806902
0.044191375 	 3.668638
0.03636645 	 3.668638
0.027758008 	 2.639043
0.08773845 	 2.7931726
0.17758858 	 1.2494543
0.13519919 	 1.882833
0.09274199 	 2.5691402
0.0796152 	 1.9106953
0.031089528 	 2.5055134
0.010325328 	 2.4448895
0.031089528 	 3.8917718
0.031089466 	 2.4450395
0.010255472 	 2.7931972
0.017792944 	 2.3395278
0.025840178 	 3.3275316
0.063177794 	 3.0805871
0.07410691 	 3.3321736
0.2107253 	 3.3752108
0.19435333 	 1.96215
0.19047856 	 2.438342
0.24094757 	 2.8793306
0.25945315 	 2.2700849
0.22767076 	 1.7740595
0.21129252 	 1.785444
0.13282755 	 2.5449321
0.14246191 	 1.429932
0.17662935 	 1.7433846
0.16529056 	 1.7827394
0.1257112 	 2.003004
0.11332756 	 1.8769108
0.16593179 	 2.975298
0.096307896 	 3.668638
0.045914643 	 4.58487
0.025840178 	 2.3141088
0.015423737 	 2.3858774
0.033166926 	 2.1865213
0.03167093 	 1.6405004
0.056406256 	 2.0916123
0.052338064 	 2.0878065
0.09632062 	 3.1954474
0.129873 	 2.1427207
0.06262842 	 2.9624338
0.0722285 	 2.558398
0.11903466 	 1.602305
0.04140762 	 1.9066044
0.04750418 	 2.9755104
0.036361445 	 3.332177
0.049909055 	 3.8917718
Summary
-9.5367386e-07  -  0.45738304 ,  1.1757344  -  13.815511
accuracy:  100.0
equal predictions:  0
TensorFlow version: 1.13.1
Found 939 images belonging to 1 classes.
argN = 196
argN = 196
0.108049475 	 4.179387
0.08515147 	 3.3320453
0.5017987 	 2.390832
0.5536029 	 2.791765
0.6174028 	 2.6849318
0.41956496 	 2.2811296
0.24029575 	 2.6425128
0.11905641 	 3.667174
0.08504257 	 2.7855144
0.057750218 	 2.465559
0.07952665 	 3.079096
0.09240787 	 2.308767
0.15121877 	 2.2253048
0.122331254 	 2.0440917
0.19369702 	 2.4447892
0.11702264 	 1.6108645
0.17473014 	 3.6686194
0.12480335 	 2.2323797
0.24806167 	 2.5055099
0.25517282 	 3.1006544
0.2843394 	 2.0200107
0.2097481 	 3.667272
0.13617663 	 3.3120196
0.015423252 	 2.4551275
0.025803909 	 2.4357975
0.010255472 	 3.6477048
0.010255472 	 3.3322403
0.2340495 	 2.8908136
0.13291442 	 2.976538
0.16919583 	 3.209123
0.3574647 	 2.3866374
0.34390387 	 3.6686218
0.28597328 	 3.1002347
0.25722003 	 2.8048832
0.2292821 	 2.5540726
0.020591592 	 3.3208876
0.2192851 	 2.2357926
0.15807562 	 2.7074857
0.09150956 	 3.6686497
0.14129803 	 2.9754462
0.12606536 	 2.8050408
0.020618243 	 2.2346778
0.046670906 	 3.250759
0.031086575 	 2.1870692
0.04149385 	 3.1939595
0.073709786 	 2.2614136
0.060720883 	 2.5224376
0.09686525 	 2.5004053
0.09057825 	 2.9713554
0.08556758 	 2.6213293
0.068621896 	 2.5050259
0.07135651 	 1.8542672
0.13044809 	 3.4420755
0.020618243 	 2.2980232
0.05234811 	 2.393269
-9.5367386e-07 	 3.8918068
-9.5367386e-07 	 2.7931921
-9.5367386e-07 	 13.425608
0.12751976 	 3.0810182
0.09606233 	 2.652953
0.23499261 	 2.8871474
0.1190503 	 3.485377
0.17219055 	 2.4423933
0.19182037 	 3.060668
0.071032085 	 1.8458068
0.25648102 	 2.7555196
0.21319672 	 3.3356543
0.23476878 	 2.439967
0.19561228 	 2.216288
0.22904614 	 2.7818027
0.18503737 	 2.7843797
0.047006644 	 2.6080437
0.0359435 	 3.2971277
0.023974555 	 2.7536726
0.047018014 	 2.4961357
0.041677274 	 13.815511
0.010253966 	 1.484664
0.02816531 	 3.1059258
0.015423434 	 3.1973197
0.014685106 	 2.632354
0.010255472 	 2.233569
0.015746783 	 3.0922654
0.030820066 	 3.0809052
0.010255472 	 2.2922142
0.010255472 	 1.9457505
0.010236443 	 2.7678747
0.00511408 	 3.0228937
0.01025493 	 1.8486371
0.025824398 	 2.7119274
0.015423434 	 2.503058
0.00511408 	 1.1014345
0.010255472 	 1.982117
-9.5367386e-07 	 1.4061768
0.005105093 	 1.986642
-9.5367386e-07 	 2.7750945
-9.5367386e-07 	 1.6145434
0.00511408 	 1.7190597
0.00511408 	 2.0226161
0.005108628 	 2.0163903
0.01542295 	 2.33244
0.013113454 	 2.391472
0.010255531 	 2.0848417
0.036324978 	 2.3304229
0.010644201 	 1.8170002
0.026703281 	 2.5299685
0.046995338 	 2.0995936
0.027033484 	 1.6942157
0.02584024 	 1.4003527
0.02930014 	 1.6334667
0.024682691 	 3.079936
0.031055894 	 1.945902
0.029513264 	 1.9463522
0.031097766 	 1.794579
0.020332487 	 1.8746113
0.0051143793 	 3.080865
0.018382026 	 1.8695326
0.015423434 	 2.1870148
0.025840178 	 2.4404218
0.025840178 	 2.2823427
0.020618243 	 2.388146
0.010255291 	 2.9755104
-5.960463e-07 	 3.168943
0.0018459897 	 3.6666005
-9.5367386e-07 	 2.2823527
0.0063880435 	 1.4905415
0.00511408 	 2.2823725
0.008156452 	 2.4803734
0.010255472 	 1.3779188
0.015481909 	 2.6372073
0.015423434 	 2.8360763
0.00511408 	 2.1848106
0.010255472 	 2.1671505
0.025835346 	 2.7973256
0.010199228 	 2.5055099
0.015423434 	 1.7517626
0.025840119 	 2.5705147
0.0309973 	 1.3962015
0.00511408 	 2.1025066
0.0050969454 	 1.3042282
0.005055609 	 1.8440659
0.00511408 	 2.5737622
0.000158859 	 1.6600276
0.00511384 	 1.6907349
-9.5367386e-07 	 2.3010955
0.00511408 	 2.3397746
0.020618 	 2.3877318
0.0051158173 	 3.1986492
0.010255291 	 1.4024734
0.015423918 	 1.6125157
0.010272454 	 2.0731502
0.025840178 	 2.8102608
0.040111236 	 1.5898668
0.02583871 	 1.2589971
0.025840178 	 2.8803263
0.020618243 	 2.1426659
0.014107749 	 1.9108037
0.031089528 	 2.7933927
0.010255472 	 1.5660254
0.010256315 	 2.5701742
0.010255472 	 2.181866
0.010256134 	 1.8111461
0.025840178 	 2.1767092
0.00511408 	 1.6308299
0.00511408 	 2.2335844
-9.5367386e-07 	 2.176745
0.010163341 	 1.4799869
1.573575e-05 	 1.7156426
0.012102529 	 2.3389997
0.020617817 	 2.7931716
0.015422163 	 3.1986492
0.015422102 	 2.1603622
0.010197663 	 2.5025177
0.015416413 	 2.1361532
0.0055695614 	 2.3334808
0.015423434 	 2.1397223
0.0093111405 	 1.5203246
0.02560839 	 1.9807595
0.015479366 	 1.2000738
0.010003547 	 2.2332819
0.015423434 	 1.7517619
0.015423373 	 2.330801
0.016937857 	 3.332177
0.010254448 	 1.6194859
0.00511408 	 2.61226
0.02061374 	 2.9755082
0.0075139664 	 2.0878344
0.015423615 	 1.3782915
0.025834246 	 1.3862631
0.010233432 	 1.3618587
0.1306191 	 1.909781
0.0796041 	 3.668638
0.06051443 	 1.8462572
0.10241862 	 3.1660879
0.031089528 	 3.668638
0.022910088 	 2.8026075
0.031089528 	 2.880202
0.012405494 	 1.5634599
0.015423434 	 2.5700543
0.015424281 	 4.4798336
0.010255472 	 2.457266
0.0102440305 	 2.9687054
0.02580715 	 3.668638
0.025840178 	 2.1426058
0.04159898 	 4.5848875
0.031089528 	 3.0808687
0.010255411 	 1.5192206
0.027165644 	 4.5758343
0.05303817 	 2.9182293
0.07410678 	 2.8801215
0.079616554 	 1.8435825
0.06857836 	 3.668638
0.07238022 	 4.5923567
0.07106152 	 2.7913141
0.041685663 	 2.50552
0.07410691 	 3.8917718
0.057707973 	 2.6346967
0.06862739 	 3.332177
0.07967826 	 2.9755082
0.2570657 	 1.94914
0.033721797 	 3.3321786
0.1048494 	 5.2776737
0.119058095 	 2.1740606
0.113444656 	 3.486319
0.08515628 	 2.9755116
0.11905574 	 3.0807533
0.06353506 	 1.9716957
0.073951714 	 2.0591917
0.063177794 	 3.0801227
0.04167162 	 4.58487
0.035779472 	 3.5194712
0.03106985 	 1.2375591
0.036366574 	 3.668638
0.031086698 	 1.7362901
0.010255472 	 3.332172
0.010255472 	 3.1986492
0.021203633 	 2.5055134
0.015421497 	 2.9748342
0.025840178 	 3.3734474
0.025900427 	 2.2814062
0.036359034 	 2.5055156
0.031089528 	 2.1002142
0.025837243 	 2.7131498
0.05236689 	 2.5700512
0.025840607 	 4.1793594
0.036366884 	 2.2327876
0.041670687 	 2.7931921
0.06418572 	 1.6946067
0.020617269 	 2.6191454
0.109511934 	 2.7931893
0.118489504 	 2.7042837
0.17530002 	 1.9823056
0.17016871 	 1.364897
0.17103405 	 1.9422143
0.20025627 	 1.8544576
0.18089902 	 2.0344315
0.18330798 	 2.2174823
0.16610335 	 2.2414374
0.12970746 	 1.7528507
0.16834392 	 1.5674083
0.09088069 	 2.5027711
0.05775773 	 1.6714138
0.04367419 	 3.5048025
0.057744283 	 3.8913395
0.04153063 	 4.58487
0.041579157 	 3.8871129
0.020478489 	 2.1477547
0.02780826 	 3.3331187
0.010255472 	 2.5057786
0.015436206 	 3.867835
0.015423434 	 4.1794376
0.053072613 	 2.6346567
0.04700477 	 3.668638
0.03526606 	 3.4863229
0.10196382 	 1.088505
0.1175914 	 2.7993777
0.15070395 	 3.4863229
0.1721281 	 3.2030704
0.23426977 	 2.7931767
0.2808982 	 2.4448793
0.24826266 	 2.0700157
0.19546457 	 1.8316654
0.27198565 	 2.0595381
0.2747722 	 2.1353142
0.20278311 	 1.779459
0.20856456 	 1.9436785
0.14953873 	 2.0198781
0.14823005 	 0.9870882
0.24577981 	 1.5405786
0.17540017 	 1.5035331
0.15807869 	 1.7740536
0.18985693 	 2.1817482
0.14023004 	 1.9352119
0.13060062 	 2.019993
0.1541225 	 2.6381054
0.10190092 	 2.9753563
0.08515673 	 3.4973414
0.09071889 	 2.5700471
0.07935861 	 1.2717218
0.04166758 	 2.6387544
0.05775786 	 3.668638
0.04995379 	 5.2779193
0.050471228 	 2.4657266
0.041168716 	 1.7799345
0.044516686 	 2.258526
0.07423786 	 3.1146657
0.07660849 	 2.8801138
0.12683158 	 2.7883334
0.10761249 	 2.975354
0.08803027 	 1.4601659
0.10017147 	 3.080865
0.07103503 	 3.668638
0.09061179 	 1.3574923
0.09026886 	 1.8289956
Summary
-9.5367386e-07  -  0.6174028 ,  0.9870882  -  13.815511
accuracy:  100.0
equal predictions:  0
TensorFlow version: 1.13.1
Found 939 images belonging to 1 classes.
argN = 196
argN = 196
0.11044254 	 4.7122154
0.058143012 	 3.483166
0.08020421 	 2.734017
0.03636676 	 3.4863229
0.13137595 	 1.723626
0.078636676 	 2.7931025
0.13127095 	 2.6924453
0.16587283 	 2.008729
0.17193541 	 4.1794376
0.15569353 	 2.3366895
0.14719835 	 3.4863229
0.27784908 	 3.8837464
0.24069655 	 2.1881492
0.19742794 	 4.1798034
0.20295586 	 3.9002595
0.07978729 	 2.0821002
0.05236689 	 4.1699505
0.13615648 	 1.8750298
0.09634872 	 3.1745322
0.15302958 	 2.635102
0.29985675 	 2.3491886
0.17453672 	 2.2827294
0.08980736 	 3.4000764
0.0661146 	 3.057735
0.18322507 	 2.8665707
0.2866552 	 2.186065
0.24488015 	 4.1794415
0.25228938 	 1.4655745
0.27496898 	 2.046999
0.21470657 	 2.4355395
0.21814531 	 4.2072015
0.3759655 	 2.6384265
0.21529284 	 3.200011
0.16545387 	 2.5426357
0.025840119 	 4.584502
0.04712904 	 2.7106674
0.03641485 	 3.3191497
0.04675522 	 3.1883433
0.041679636 	 2.2344306
0.08038906 	 2.060442
0.14886823 	 2.8358386
0.124824755 	 3.074468
0.07005744 	 2.7136002
0.06325589 	 2.6220083
0.14820805 	 2.5281467
0.03619395 	 2.1935232
0.040522363 	 2.639043
0.06341941 	 2.9746568
0.009187275 	 3.332177
0.056103345 	 3.0838392
0.079615586 	 2.6334105
-9.5367386e-07 	 3.1438732
-9.5367386e-07 	 4.1825614
-9.5367386e-07 	 2.6672606
0.19800517 	 2.841734
0.3230502 	 2.6004295
0.266369 	 1.7537699
0.172551 	 1.805101
0.08804094 	 2.0243397
0.036200378 	 1.8262491
0.046054065 	 2.7694316
0.06695385 	 2.7047212
0.13608034 	 2.6395588
0.107595034 	 2.5700512
0.26724568 	 3.8917718
0.3556572 	 2.352063
0.1551155 	 2.5644329
0.13339421 	 1.239206
0.04143924 	 2.7058108
0.041714996 	 2.7931757
0.09399106 	 2.209265
0.04169219 	 2.7162368
0.046458464 	 2.798651
0.005129896 	 1.8725752
0.0889035 	 2.8793867
0.07811761 	 2.7099628
0.03665528 	 3.2722392
0.010255472 	 4.1794376
0.025840178 	 3.2854187
0.00511408 	 2.886039
-9.5367386e-07 	 2.7976444
-9.5367386e-07 	 2.2588918
0.00511408 	 3.3328881
0.019229053 	 2.642229
0.010255472 	 2.5783684
0.0035563093 	 2.0591912
-9.5367386e-07 	 3.5062792
0.015423434 	 3.187979
0.015423434 	 3.186358
0.015423434 	 2.2601051
0.010255472 	 3.3329885
0.04517398 	 2.761835
0.010255411 	 12.811746
0.00511408 	 2.5097983
0.026663676 	 1.5627217
0.010255472 	 1.4497443
0.0102556525 	 2.07358
0.010255472 	 3.3321152
0.0154503705 	 1.5607845
0.015441775 	 1.0876693
0.010258362 	 3.0808558
0.02202198 	 2.9013927
0.0051967595 	 1.2180072
0.0051029962 	 2.1271353
0.010255472 	 2.3334317
-9.5367386e-07 	 2.3136141
-9.5367386e-07 	 2.2788222
0.010255472 	 1.640523
0.00511408 	 2.8711858
0.00511408 	 2.9750433
0.015423434 	 2.2375276
0.020618243 	 3.668638
0.015186059 	 1.6062112
0.026019407 	 2.2750633
0.025840178 	 2.0339067
0.04164695 	 1.548148
0.022383004 	 1.5963279
0.06295432 	 1.8856083
0.03110164 	 3.0386283
0.03204629 	 1.9385309
0.036361568 	 2.5863643
0.041648194 	 2.9729438
0.031089466 	 1.6405214
0.0051141395 	 3.4856048
0.033835854 	 1.6553029
0.020618243 	 1.3462863
0.025840178 	 1.7387233
0.010255472 	 1.3395722
0.015425432 	 1.8121935
0.00511408 	 3.6693976
0.025840668 	 2.639028
0.010255472 	 1.4311024
0.00511408 	 2.0980403
0.02061015 	 1.8414477
0.010255411 	 1.8778517
0.020618243 	 1.3611282
0.015423192 	 1.6737254
0.015423434 	 1.4917423
0.024364013 	 1.7330031
0.010255472 	 3.0808585
0.020618243 	 1.7841567
0.020618243 	 2.7115855
0.015301835 	 2.8831184
0.018695705 	 1.832546
0.015423434 	 2.133221
0.03641003 	 1.4789616
0.020618243 	 1.8521886
0.025825744 	 3.4749897
0.030963179 	 2.2335901
0.025796752 	 2.7935426
0.00511408 	 1.785195
0.00511408 	 2.8798282
0.006015716 	 2.281453
-9.5367386e-07 	 2.3774204
0.0050767562 	 1.6846923
-9.5367386e-07 	 3.486097
0.00511408 	 2.3336651
0.010255472 	 2.1425931
0.010255472 	 1.6715177
0.025840178 	 2.6098154
0.00511408 	 3.1986492
-4.7683704e-07 	 2.5699646
0.015423434 	 1.615081
0.015314181 	 2.0591693
0.025840178 	 2.9755104
0.025840178 	 3.0808687
0.031088911 	 2.5041986
0.010255472 	 1.460834
0.052366767 	 2.2311153
0.025840178 	 1.3462881
0.036366574 	 2.7130232
0.015423434 	 2.5706394
0.020618243 	 2.7931921
0.010255472 	 1.1351076
0.015599595 	 2.1026368
0.016387675 	 1.8679514
0.00511408 	 5.2779193
0.010255472 	 2.2766912
0.010255472 	 1.9161025
0.010255472 	 1.753098
0.015423434 	 1.8123636
0.015423434 	 1.8718528
0.0067549893 	 1.945904
0.00511408 	 2.3631682
0.00511408 	 1.8869369
0.01541387 	 1.471083
0.030826582 	 2.0258844
0.02059348 	 3.193698
0.015423434 	 2.974287
0.007366364 	 1.5002583
0.011209556 	 2.4400675
-9.5367386e-07 	 1.7584001
0.016630001 	 2.1790996
0.0144486325 	 2.1029243
0.010255472 	 1.8694124
0.02965011 	 0.97326034
0.0093657095 	 2.7118602
0.00511408 	 1.8283046
0.010256435 	 1.9099082
0.025868498 	 1.9776719
0.020611245 	 2.1866693
0.010108608 	 0.95066273
0.01051529 	 1.9316888
0.009367755 	 1.5667936
0.19880296 	 2.3964078
0.12214609 	 2.3336651
0.12489378 	 1.8729467
0.07668687 	 3.0807753
0.09057825 	 2.5055134
0.079616554 	 2.578161
0.074108064 	 2.5700512
0.05775773 	 1.6671926
0.025683302 	 9.473308
0.015423434 	 1.516735
0.031089282 	 2.513836
0.04167162 	 4.5848756
0.041656706 	 1.9822805
0.030963425 	 3.668582
0.031089528 	 4.1794453
0.05775773 	 2.7552001
0.036366574 	 4.1794376
0.015423434 	 1.9818207
0.03108633 	 3.0808687
0.03332073 	 2.8034089
0.02575718 	 2.7125614
0.0102561945 	 4.1794376
0.031104222 	 2.7409697
0.010256375 	 2.880202
0.025840178 	 2.5055134
0.025840178 	 2.5700512
0.015087059 	 0.8581992
0.015423434 	 5.2779193
0.035804924 	 1.145088
0.031085039 	 4.6395216
0.02586966 	 2.7931921
0.031041998 	 1.6874788
0.020617634 	 2.3336651
0.023596965 	 13.815511
0.17113301 	 2.8886232
0.06928278 	 2.9738274
0.062993556 	 3.8912082
0.086004585 	 2.5127895
0.13004987 	 2.3336651
0.103928536 	 3.198458
0.031162145 	 2.771748
0.036388643 	 3.332172
0.09072776 	 2.8796957
0.10196322 	 2.3871856
0.068973705 	 2.79969
0.05775767 	 2.0592446
0.06292068 	 2.3877318
0.06311455 	 3.8917892
0.063177794 	 1.4203953
0.057933047 	 3.044981
0.047004957 	 2.100052
0.025840178 	 2.6642225
0.04700477 	 2.7131498
0.00511408 	 1.1263242
0.03247117 	 2.7131498
0.035254575 	 1.8407661
0.031629402 	 2.7131498
0.036366574 	 3.418512
0.05775666 	 1.5166893
0.036364414 	 2.2334538
0.1306193 	 2.2321525
0.10415686 	 1.4542537
0.11879406 	 2.1907904
0.113115095 	 1.8393748
0.16015287 	 2.044824
0.11947418 	 2.4701111
0.108702324 	 2.629532
0.07394831 	 1.9097118
0.085160166 	 3.1920354
0.101617694 	 3.0808687
0.057055198 	 3.1913323
0.020618243 	 2.3088152
0.015135772 	 2.329725
0.015486267 	 2.8551943
0.015423434 	 3.0414834
0.00511408 	 2.3877254
0.010255472 	 3.487299
0.0518911 	 3.0825927
0.03927585 	 2.3877318
0.025226027 	 1.4263227
0.036367316 	 2.868365
0.07961565 	 1.9106696
0.06864048 	 2.7931855
0.14231525 	 2.5699997
0.11332743 	 3.0808687
0.14203574 	 3.2187893
0.16429769 	 4.0972977
0.17431866 	 1.7512648
0.20127511 	 2.1426098
0.20112014 	 2.20632
0.18436623 	 2.1426103
0.1901087 	 1.8021234
0.18435268 	 2.2811449
0.23441586 	 1.656647
0.20193289 	 1.8056793
0.10763599 	 1.9823152
0.062575184 	 1.5145485
0.07410601 	 2.6387644
0.05384167 	 2.7864575
0.025866542 	 2.6254277
0.021283332 	 1.9822685
0.031089528 	 3.735908
0.010369473 	 2.3725548
0.025840301 	 3.6669478
0.079607196 	 3.3056853
0.047004644 	 2.3336573
0.05236689 	 2.975312
0.046930056 	 2.23357
0.09020858 	 2.9448192
Summary
-9.5367386e-07  -  0.3759655 ,  0.8581992  -  13.815511
accuracy:  100.0
equal predictions:  0
