TensorFlow version: 1.13.1
Found 939 images belonging to 1 classes.
argN = 3136
argN = 3136
0.25833505 	 1.8246113
0.23771591 	 2.2412744
0.0447433 	 2.0468
0.033315614 	 2.333503
0.024983564 	 1.5325508
0.018388886 	 2.1709845
0.018050602 	 2.155992
0.022072492 	 1.9299811
0.012599715 	 1.8834165
0.035078745 	 2.0316813
0.013354927 	 1.819283
0.2447897 	 1.1985737
0.16014098 	 1.4974387
0.103834964 	 1.7448038
0.27451348 	 1.5869107
0.33349112 	 1.7894083
0.25967878 	 2.0649052
0.32386836 	 1.6362504
0.22341686 	 1.371785
0.31646407 	 1.3847551
0.117389694 	 1.7184871
0.076273985 	 1.4020995
0.08500032 	 1.3898048
0.0506706 	 2.3546402
0.029215444 	 2.0425787
0.033402506 	 2.230126
0.01830256 	 2.4302948
0.016681395 	 2.2419024
0.023422014 	 1.7598006
0.024037745 	 1.0143821
0.027977606 	 1.9752378
0.036324296 	 1.7075412
0.08586936 	 1.726952
0.36226085 	 2.010583
0.5229183 	 1.9823108
0.41181612 	 1.8007263
0.5461576 	 2.0800889
0.6412809 	 1.5449909
0.62744987 	 1.8204888
0.57270324 	 2.2480757
0.394368 	 2.2236319
0.3863272 	 1.6998037
0.19412379 	 1.8404372
0.32609007 	 1.6252558
0.3954696 	 1.6082344
0.41187388 	 2.2619932
0.46717018 	 1.575472
0.4821266 	 1.6918255
0.48982513 	 1.7484311
0.029796926 	 1.8899071
0.054833118 	 2.148944
0.1085408 	 1.7731935
0.11517015 	 1.5690519
0.083861135 	 1.8151296
0.048052806 	 1.8168945
0.020129098 	 2.2403677
0.024076698 	 1.5035949
0.025712414 	 2.2899556
0.015016022 	 2.2736702
0.016899666 	 2.6425714
0.016423484 	 1.9725592
0.19568823 	 1.4779997
0.1607411 	 1.2311144
0.07490138 	 1.9150081
0.0873535 	 1.3089143
0.088368595 	 1.6502655
0.08860928 	 1.7693201
0.11622809 	 1.7599705
0.08051225 	 1.4376323
0.09108705 	 2.3328798
0.023606302 	 2.216288
0.014639985 	 1.8610032
0.0108368145 	 1.4934335
0.012860627 	 1.9888364
0.0074870023 	 2.1694279
0.009659541 	 2.388728
0.012839495 	 1.6359321
0.011557231 	 1.8337802
0.029923003 	 1.9783642
0.049146894 	 1.7360959
0.08108511 	 2.24604
0.07032662 	 2.3372002
0.06323906 	 1.8516496
0.07006895 	 2.1454873
0.050481945 	 2.6676443
0.050272644 	 1.7946016
0.026864972 	 1.1918935
0.02979324 	 1.7073522
0.074170455 	 1.5719798
0.08318783 	 1.2227423
0.09218025 	 1.6814529
0.054877065 	 2.0709727
0.023487182 	 1.6800933
0.024727229 	 1.9974104
0.020441318 	 2.0432534
0.021113168 	 1.7571555
0.11536352 	 1.6071459
0.08268161 	 1.5780569
0.038442776 	 1.7812788
0.12947683 	 1.705301
0.069169976 	 2.2532732
0.06741104 	 1.9853812
0.076671295 	 1.7841328
0.09500486 	 1.7679043
0.017329315 	 2.154886
0.023365818 	 2.422265
0.016431784 	 1.6119487
0.012659232 	 2.1842215
0.012023379 	 2.2275994
0.0066511794 	 1.5845318
0.0136109 	 2.0936677
0.01959533 	 1.627159
0.024380688 	 1.9323537
0.02917727 	 2.1392415
0.07409908 	 0.9491975
0.10305855 	 0.9576285
0.09315061 	 0.7290812
0.09518152 	 0.6325155
0.08476479 	 1.0895413
0.086859144 	 0.49495178
0.09027466 	 1.2565777
0.08229634 	 0.54121834
0.08756011 	 0.6669487
0.08251614 	 0.61594945
0.075605 	 0.77376467
0.089648664 	 0.93868047
0.08330579 	 1.0032333
0.09068482 	 0.85487556
0.075368196 	 0.5780401
0.07647072 	 1.3110096
0.09107164 	 1.6209297
0.055671018 	 0.41286796
0.045267213 	 0.8356977
0.05011076 	 0.93523383
0.053925708 	 0.60681975
0.04941514 	 0.8236582
0.04194477 	 1.1913096
0.03782257 	 0.83666503
0.02794751 	 1.3329859
0.023489624 	 0.5049139
0.0231856 	 1.1542042
0.023900626 	 0.83401686
0.019245518 	 0.9484955
0.02342421 	 0.84973127
0.018196816 	 1.0994998
0.01599713 	 0.7614874
0.01997208 	 1.1312298
0.016426513 	 0.6734422
0.017355574 	 0.91651404
0.023910332 	 1.3518921
0.01911744 	 1.1481289
0.016182661 	 0.9300758
0.012401994 	 1.1083753
0.0141697135 	 0.7744419
0.009568247 	 0.4418122
0.010427231 	 0.73919594
0.015499464 	 0.80730903
0.009310238 	 0.94871265
0.011372979 	 0.6287312
0.009978081 	 0.72231543
0.008947587 	 0.8523905
0.013907916 	 1.4576122
0.011929577 	 1.1546887
0.01556085 	 0.5907245
0.00786931 	 1.1490595
0.0109793255 	 1.0489013
0.009371966 	 1.1629658
0.007064982 	 1.2240181
0.007137137 	 0.9668046
0.008854734 	 0.98379403
0.009262651 	 0.7339798
0.0095311785 	 0.9043321
0.016164064 	 0.6231487
0.017720744 	 0.97540534
0.014595893 	 1.3535265
0.014619178 	 1.4566745
0.012513886 	 1.6975131
0.016767219 	 0.7130114
0.019596547 	 1.0347697
0.02353954 	 0.85933423
0.021218246 	 1.566989
0.031370807 	 0.4602715
0.03250251 	 0.57402843
0.03923097 	 1.5749763
0.038105007 	 1.1306635
0.05235339 	 1.6298314
0.047383305 	 1.2644107
0.06976104 	 0.8871406
0.060870305 	 1.2469047
0.08307888 	 0.66989124
0.070067346 	 1.2612696
0.082226574 	 0.4286846
0.07623076 	 1.2072316
0.06698043 	 1.0566033
0.07699627 	 0.48924288
0.07158334 	 0.8128025
0.054400332 	 0.96381694
0.05334669 	 0.59614134
0.03215554 	 0.6181824
0.021192675 	 0.772251
0.022316383 	 1.0571926
0.014995753 	 0.7851841
0.01698775 	 0.6962587
0.01830772 	 0.42195114
0.020321904 	 0.6000223
0.2311932 	 1.0981599
0.22718386 	 1.3334231
0.23113626 	 1.0895803
0.23482984 	 1.0202782
0.23117495 	 1.1483488
0.1925571 	 1.4478819
0.1847458 	 1.5954702
0.17162046 	 1.4046144
0.16834435 	 1.1543039
0.14445819 	 0.8393347
0.14508413 	 0.88328254
0.12735252 	 1.2964399
0.122892454 	 1.2399235
0.123540975 	 1.0656487
0.13710424 	 1.4099704
0.13772647 	 0.881877
0.1483168 	 1.636802
0.16273203 	 1.4201442
0.14777735 	 1.2018967
0.13590539 	 1.1692626
0.13841248 	 1.4089556
0.1445823 	 1.1413157
0.13585171 	 0.9038375
0.13922198 	 1.137359
0.15120435 	 1.6444803
0.1442837 	 1.1111313
0.14608991 	 1.3716751
0.15987945 	 1.7060193
0.1507851 	 1.290095
0.149609 	 0.89612705
0.1390806 	 1.1680082
0.1728574 	 1.2832819
0.2331905 	 1.2499307
0.2267032 	 1.4857737
0.20770459 	 1.6861663
0.17436966 	 1.5388547
0.16246007 	 1.0298578
0.16031791 	 1.0547813
0.14916994 	 1.5742395
0.15393387 	 1.1842655
0.14082527 	 1.2582834
0.13691024 	 0.90320635
0.24054317 	 1.162661
0.18575418 	 1.2803237
0.14244294 	 1.2912147
0.14517158 	 1.1251867
0.1466063 	 1.2024397
0.10973315 	 1.4072334
0.12342633 	 1.1546613
0.113393985 	 0.921127
0.10602516 	 1.4848658
0.10099642 	 1.3532223
0.10468863 	 0.74319625
0.07868994 	 1.6226423
0.07607806 	 0.6797033
0.13178171 	 0.889246
0.12835804 	 1.2801981
0.14012115 	 0.71417606
0.20175122 	 1.2999969
0.21256746 	 1.1414373
0.234852 	 0.7546405
0.2427761 	 1.0599936
0.25383618 	 1.4416243
0.24181727 	 1.1682471
0.14534464 	 1.1348693
0.14155145 	 0.76564306
0.13154428 	 1.551563
0.12738015 	 0.91858387
0.11564933 	 1.4711796
0.110112436 	 1.3823209
0.08914529 	 1.6443535
0.09481677 	 1.5816758
0.08766252 	 1.2684712
0.084456995 	 1.5074488
0.095074736 	 1.4631053
0.09831617 	 1.8453336
0.117419854 	 1.1064436
0.14463341 	 1.2737836
0.17742878 	 1.605457
0.19074585 	 1.4250358
0.23201905 	 0.95065504
0.27442965 	 1.2033896
0.34521934 	 0.9532219
0.35406667 	 0.8438978
0.36868984 	 0.895727
0.37718147 	 0.7435307
0.45838347 	 0.8694121
0.45171627 	 0.7637611
0.46421796 	 0.7283328
0.44962806 	 0.76757985
0.418599 	 0.8263615
0.37629718 	 0.99218255
0.26871756 	 0.9454717
0.1533884 	 1.6879364
0.10298038 	 0.86428237
0.10025033 	 1.1770582
0.09811285 	 1.6877995
0.10268648 	 0.854104
0.09305561 	 1.0220481
0.094425805 	 1.1134247
0.103535324 	 1.2845126
0.09224261 	 1.2595142
0.099312305 	 1.6688927
0.09669959 	 0.73070604
0.09180137 	 1.2448075
0.08110832 	 1.5277338
0.07289843 	 0.89194894
0.07855479 	 1.4964168
Summary
0.0066511794  -  0.6412809 ,  0.41286796  -  2.6676443
accuracy:  100.0
equal predictions:  0
TensorFlow version: 1.13.1
Found 939 images belonging to 1 classes.
argN = 3136
argN = 3136
0.35194537 	 2.5864055
0.5511181 	 1.9533921
0.48141676 	 1.8532012
0.12979548 	 2.0741868
0.08739318 	 1.9131595
0.08762302 	 2.3061156
0.050584264 	 1.3648098
0.042354908 	 2.0044584
0.019989837 	 2.2131236
0.025490193 	 1.947296
0.018104557 	 1.6111078
0.02411248 	 1.876986
0.13201314 	 1.3968256
0.20198484 	 1.5191811
0.16475314 	 1.8545909
0.15662046 	 1.6984824
0.12478829 	 2.1497586
0.17120756 	 2.013133
0.28517792 	 2.0671403
0.31428722 	 1.5501753
0.3929322 	 1.8256263
0.40029126 	 1.935911
0.3978724 	 1.8013539
0.30221894 	 2.191441
0.23086864 	 1.9906892
0.116503425 	 1.822348
0.067062266 	 1.7198837
0.033723954 	 2.6527176
0.029304989 	 2.1285367
0.2533366 	 2.239312
0.5573057 	 2.210799
0.5368261 	 2.1525126
0.68007034 	 1.9285133
0.7232336 	 1.7753953
0.63651586 	 1.8480141
0.45327884 	 1.610715
0.37420762 	 2.4985
0.38634413 	 1.8229308
0.3857445 	 2.0680735
0.36652187 	 1.970886
0.5607613 	 2.0527556
0.057616856 	 2.022562
0.05160493 	 2.543013
0.12036732 	 2.0770798
0.10836542 	 2.0076404
0.035872757 	 2.312838
0.03636781 	 2.3996727
0.042884227 	 2.222467
0.02390612 	 2.022356
0.13789292 	 1.8823619
0.1306877 	 1.7319291
0.08856903 	 1.7319984
0.11242721 	 2.18505
0.059445098 	 1.8636031
0.030248987 	 2.1105516
0.04052081 	 1.9714962
0.016744126 	 2.2923234
0.030701313 	 2.1295497
0.03726907 	 2.3497646
0.12176996 	 1.9980211
0.07628595 	 2.7276626
0.06624368 	 2.2346542
0.06799265 	 2.5627923
0.030770829 	 2.0987864
0.06920555 	 2.3008947
0.09036228 	 1.6700782
0.10218317 	 2.4253886
0.113816544 	 1.7597163
0.12338742 	 2.173391
0.13517503 	 1.9257792
0.11323884 	 1.925003
0.13891909 	 2.2036002
0.12090933 	 2.3709636
0.038957756 	 2.137069
0.13275036 	 1.6437284
0.09759324 	 1.9128462
0.26973742 	 1.357285
0.2768864 	 1.2531782
0.24335085 	 1.1483649
0.21911953 	 1.3698986
0.07930905 	 2.2700496
0.09311652 	 1.7636788
0.098191954 	 1.9624045
0.09493591 	 1.6329046
0.105329216 	 1.7334177
0.10532504 	 2.1420426
0.058720835 	 2.154079
0.018755646 	 2.217102
0.011004396 	 2.3494072
0.026535865 	 2.3359761
0.027480254 	 2.9159715
0.092370145 	 1.7297187
0.062588 	 1.3309253
0.113093 	 0.64516735
0.11334732 	 0.7674617
0.110590264 	 1.8816143
0.10077034 	 1.34801
0.095095314 	 0.9702104
0.11157958 	 1.3186536
0.109873444 	 0.832516
0.11006599 	 0.7766456
0.104043685 	 1.058587
0.092849046 	 1.1914774
0.097670786 	 0.73314035
0.10196329 	 1.2967912
0.10606512 	 1.1997526
0.08014318 	 0.87226546
0.07104334 	 1.9542959
0.056404047 	 0.85903245
0.052884072 	 1.605845
0.04813705 	 0.6886663
0.03444662 	 1.364664
0.031068007 	 1.0054961
0.026243582 	 1.8541291
0.02879759 	 1.4118383
0.028414803 	 0.72830117
0.025457727 	 1.3758107
0.02551459 	 1.5392755
0.02737917 	 1.1096548
0.035709914 	 1.0395138
0.02979883 	 1.3673923
0.025895413 	 0.92728114
0.03286155 	 1.1600355
0.026461013 	 0.6681188
0.021163452 	 1.2823341
0.021914136 	 0.5944067
0.018913869 	 0.9874403
0.019209791 	 0.79022723
0.02057054 	 1.0105891
0.019473284 	 1.4391255
0.019354109 	 0.8569305
0.020377563 	 2.6394653
0.018215936 	 0.7982259
0.023782752 	 0.7254431
0.021756109 	 0.83551115
0.019270007 	 1.3415369
0.01915122 	 0.8342654
0.019345844 	 0.80626196
0.01638404 	 1.5085518
0.01680789 	 0.9005304
0.013387608 	 1.0984012
0.016963683 	 0.8623491
0.013214856 	 1.8800224
0.017906291 	 0.92174155
0.015431364 	 1.1380725
0.014193715 	 1.3238258
0.015816903 	 1.0420096
0.011746101 	 1.0309038
0.015041919 	 0.9155487
0.014808204 	 0.8521068
0.022098208 	 0.42706713
0.023025054 	 0.99028903
0.027108688 	 0.51957357
0.027471492 	 0.67767525
0.025087094 	 1.1482908
0.021215202 	 1.0396004
0.026668634 	 1.4600412
0.024113944 	 2.736042
0.022289993 	 1.2074887
0.027698688 	 0.9889945
0.028237043 	 1.32717
0.028912436 	 0.67457795
0.026120476 	 1.4135462
0.023591107 	 1.213014
0.02652797 	 0.9054774
0.028010584 	 0.9345358
0.02830308 	 1.1609817
0.03504905 	 0.588883
0.023390224 	 2.1565266
0.0228388 	 0.78891027
0.029807488 	 0.9826123
0.03441306 	 0.8113975
0.040129166 	 1.3949329
0.045670357 	 1.1533118
0.049224783 	 0.7039511
0.07206648 	 0.53502464
0.09167841 	 1.2586743
0.08361952 	 1.0592258
0.09321008 	 0.67581207
0.08674285 	 1.2513007
0.09681955 	 0.9908732
0.092296734 	 1.4356686
0.09622632 	 0.91801697
0.09414351 	 0.9950492
0.07228565 	 0.6120214
0.07875829 	 1.2524445
0.08053053 	 1.0266688
0.07214656 	 0.74285257
0.0629952 	 0.8631783
0.0525657 	 0.7966051
0.053603362 	 1.197258
0.05205679 	 1.0448709
0.031213615 	 1.2479346
0.031354632 	 0.64124465
0.023145888 	 1.3669566
0.021645186 	 1.1591843
0.019939488 	 0.6984607
0.021758545 	 1.325547
0.01735412 	 1.2877395
0.3212751 	 1.1222577
0.3338104 	 1.1142945
0.30479762 	 1.4080361
0.2749711 	 1.4070851
0.21760331 	 1.4660735
0.19645502 	 1.2687712
0.21012236 	 1.4016178
0.2135522 	 1.5542443
0.19087237 	 1.5342616
0.17336887 	 1.3108001
0.17734814 	 0.7931375
0.19470999 	 1.5742124
0.218375 	 1.4459418
0.22184455 	 1.1732676
0.2336021 	 1.650339
0.23946372 	 1.4400474
0.2118487 	 1.4811703
0.19273719 	 1.3896568
0.21143492 	 1.2525533
0.21040702 	 1.3974917
0.21003073 	 1.4086027
0.20480342 	 1.2513504
0.22466595 	 1.1126076
0.20436789 	 1.8695002
0.20167078 	 1.7501026
0.21367803 	 1.510151
0.21258943 	 1.3619769
0.21482147 	 1.5025126
0.21778457 	 1.698202
0.21216576 	 1.2839861
0.20420647 	 1.5629476
0.2175876 	 1.0263603
0.21575725 	 1.5414124
0.29935625 	 1.1509672
0.31853655 	 1.638476
0.32041332 	 1.4673944
0.27192768 	 1.5718974
0.25028184 	 1.5698926
0.25101796 	 1.6087075
0.2215352 	 1.6030962
0.22149251 	 1.1257244
0.20381854 	 1.5611323
0.32166186 	 1.287352
0.21508092 	 1.6500214
0.23532046 	 1.3661842
0.22404404 	 1.568758
0.19215353 	 1.7325861
0.18007164 	 1.2365174
0.16997916 	 1.4515058
0.15245938 	 1.4707564
0.17516756 	 0.96915853
0.17715193 	 1.3201226
0.17407374 	 1.3489803
0.13997257 	 1.81545
0.15279308 	 1.747028
0.14862989 	 1.1229742
0.14036934 	 1.9404022
0.123258024 	 1.6382186
0.121291265 	 1.1718484
0.12179924 	 1.6792976
0.20342283 	 1.4856128
0.20863697 	 0.9434006
0.19781694 	 1.027252
0.20104304 	 1.3208483
0.20194319 	 1.2994015
0.20723663 	 1.1983883
0.20767824 	 1.369126
0.20365588 	 1.2268401
0.19302091 	 1.5385479
0.2470097 	 1.4597529
0.31392825 	 0.99441403
0.30302596 	 1.2002597
0.18775451 	 0.89683473
0.18040974 	 1.6391263
0.1456488 	 1.5385153
0.15237726 	 1.3725529
0.15196967 	 1.1146784
0.15727387 	 1.593986
0.12823145 	 1.6288944
0.15870664 	 1.8373705
0.17840986 	 1.6907766
0.16859879 	 1.9852159
0.22438654 	 1.6576251
0.25197393 	 1.5414449
0.24373181 	 1.4612279
0.26278454 	 1.1311558
0.32701576 	 1.2868508
0.36998275 	 0.86440784
0.4461615 	 0.9078237
0.44967094 	 0.8574648
0.48059294 	 0.88869035
0.46206954 	 0.90576833
0.3736712 	 0.94445866
0.30056724 	 1.0880501
0.27243623 	 1.1431456
0.26510262 	 1.1385807
0.23402983 	 0.8315983
0.17636156 	 1.4110383
0.1717644 	 1.0208619
0.16448912 	 1.3992234
0.17846635 	 1.3430322
0.16099943 	 1.1193631
0.18211181 	 1.5801264
0.16200958 	 0.85589725
0.15124713 	 1.3991067
0.15541881 	 1.8272446
0.17037542 	 1.4831583
0.1631222 	 1.4256257
0.1796115 	 1.5139394
0.16052218 	 1.8166848
0.17512049 	 1.4993201
0.16203973 	 1.6391008
0.16860746 	 1.5091625
0.13750869 	 1.3895553
Summary
0.011004396  -  0.7232336 ,  0.42706713  -  2.9159715
accuracy:  100.0
equal predictions:  0
TensorFlow version: 1.13.1
Found 939 images belonging to 1 classes.
argN = 3136
argN = 3136
0.38274926 	 2.548701
0.3922554 	 2.249603
0.39156088 	 2.2321007
0.444557 	 2.1565697
0.33354694 	 1.7438345
0.58663595 	 2.1259792
0.40708357 	 2.018185
0.36168534 	 1.7260239
0.23363523 	 2.227417
0.17960423 	 2.0194976
0.062807895 	 2.1861482
0.034951523 	 1.9254252
0.02788009 	 2.6289952
0.021520393 	 1.904008
0.04435411 	 2.1059933
0.3422261 	 1.124941
0.3768729 	 1.0553094
0.14637546 	 1.5864265
0.23014134 	 1.6682473
0.3157341 	 1.912485
0.33201104 	 1.6712159
0.38324037 	 1.7166021
0.38026288 	 1.4059933
0.1131767 	 2.16316
0.04857602 	 2.0209138
0.050878983 	 2.3660905
0.18241471 	 2.3753202
0.5800402 	 1.9166644
0.79949766 	 2.4019525
0.6794775 	 2.5758278
0.62017894 	 2.1171095
0.51567334 	 2.8262272
0.43129945 	 2.4050212
0.4458522 	 2.28284
0.05853179 	 2.272203
0.12792061 	 2.198492
0.151098 	 1.8932621
0.14901571 	 1.9450612
0.15441133 	 2.430626
0.14990123 	 2.594044
0.13519292 	 2.4236581
0.038273443 	 2.7376552
0.040864114 	 2.146881
0.18471268 	 1.4447275
0.12713347 	 1.7144436
0.12272276 	 1.5512407
0.13951236 	 1.7626702
0.14950724 	 1.7903718
0.14985795 	 1.6200516
0.14005409 	 1.8023326
0.13433628 	 2.2548711
0.095271796 	 2.049293
0.04185657 	 2.4893205
0.03619432 	 1.9906167
0.032818925 	 2.438571
0.026520504 	 2.0120704
0.01952069 	 2.030739
0.018004538 	 1.7873492
0.01865769 	 2.5306368
0.017877104 	 1.9903266
0.021892874 	 2.6385007
0.06987692 	 2.2786324
0.09148362 	 1.9813447
0.1624574 	 1.8639936
0.14877215 	 2.2170928
0.11958186 	 2.4704509
0.058891136 	 2.5976756
0.06915579 	 2.3461084
0.14553277 	 1.9090095
0.13154985 	 2.0709755
0.13936621 	 2.7567647
0.108162634 	 2.0316868
0.23596513 	 1.1188676
0.11874842 	 1.6112206
0.09850578 	 2.084118
0.12132337 	 1.9455966
0.13768063 	 1.8494502
0.14332287 	 1.6484386
0.09664556 	 2.0400715
0.042174216 	 2.111083
0.016153706 	 2.3594754
0.016547462 	 2.3382478
0.040128857 	 2.1907852
0.07770278 	 1.8593829
0.10218053 	 1.7345232
0.030144367 	 2.1492593
0.1520678 	 0.8370924
0.15030487 	 0.9029729
0.14759177 	 1.0498297
0.15636751 	 1.287245
0.1660467 	 0.6677805
0.15038744 	 1.0661337
0.17292762 	 1.0731443
0.14834355 	 0.79637694
0.14483958 	 0.9825193
0.15770094 	 0.86413246
0.14710581 	 0.8440834
0.15286003 	 1.0937943
0.13996872 	 1.2998917
0.12304965 	 1.1372955
0.13004492 	 0.95857084
0.11796128 	 0.7481213
0.11873956 	 1.0822349
0.114159964 	 0.92942715
0.11114532 	 1.2855301
0.06176394 	 0.7407744
0.057596337 	 2.564264
0.054778337 	 1.2268944
0.05081163 	 0.82418686
0.04734381 	 0.6547931
0.03696522 	 1.215747
0.04045266 	 0.794505
0.035881717 	 2.666792
0.034620486 	 1.67596
0.03599256 	 1.2434385
0.030400373 	 1.4252388
0.03819269 	 0.853272
0.039429355 	 0.8447266
0.037582416 	 1.063569
0.039301146 	 0.75469804
0.039731413 	 1.0409455
0.022500347 	 0.795718
0.028076665 	 2.7907078
0.022898868 	 0.5275659
0.02370377 	 0.9401708
0.02504865 	 0.66287005
0.022927532 	 0.9309635
0.02895882 	 1.4505563
0.019596789 	 1.2763776
0.020446671 	 0.7720056
0.02282148 	 2.1118166
0.02076897 	 0.98249876
0.020633576 	 1.5046262
0.02476841 	 1.0700765
0.016923733 	 1.2776525
0.01567019 	 1.3007163
0.015079979 	 1.1443417
0.017344538 	 0.59973246
0.016201803 	 1.4885129
0.0143524865 	 2.1000843
0.01869765 	 1.5681087
0.018220488 	 1.5878733
0.019109542 	 0.93454975
0.017029887 	 0.57805014
0.018110929 	 1.1202911
0.018502422 	 1.2259374
0.01999306 	 1.1549957
0.0202022 	 0.8312796
0.017452616 	 1.086201
0.02027239 	 1.1147189
0.02536131 	 1.2305431
0.02377323 	 0.57803845
0.0325687 	 0.7494981
0.03334199 	 1.4022026
0.031673145 	 1.2061081
0.027941871 	 0.9886112
0.02489856 	 0.8037409
0.025247054 	 0.6819594
0.03193102 	 1.1744622
0.0290473 	 1.2449301
0.036801394 	 1.2464476
0.031326156 	 0.7577091
0.03858983 	 0.5545987
0.03842512 	 0.92477506
0.036011282 	 0.6995233
0.040266544 	 1.3600758
0.03753161 	 1.2490437
0.06266827 	 0.62240803
0.06766523 	 0.6089012
0.08247375 	 0.8713496
0.08408978 	 0.92676556
0.07985927 	 1.0498933
0.09796828 	 0.51912874
0.1062277 	 0.9043482
0.10761986 	 1.0661952
0.11262305 	 1.157999
0.114833064 	 0.7576272
0.11114138 	 1.3622413
0.12679943 	 0.9645557
0.117114045 	 0.92601293
0.114104785 	 0.77907914
0.11619347 	 0.994197
0.12414747 	 0.75018686
0.124575 	 0.9441671
0.1113038 	 1.3666779
0.10470689 	 1.4457818
0.098525845 	 1.5301288
0.079027504 	 0.8352278
0.045534857 	 1.130024
0.0417186 	 1.9750854
0.02730891 	 1.2829926
0.03345631 	 1.3655007
0.025182016 	 1.4630469
0.028765323 	 1.3536259
0.35492447 	 0.8174371
0.3952209 	 0.99888283
0.3791837 	 0.90718985
0.3508766 	 1.377352
0.20123269 	 1.5851017
0.2620656 	 1.5260826
0.2569044 	 1.088935
0.2736408 	 1.3650135
0.27046934 	 1.0716783
0.27587962 	 1.1533225
0.26433292 	 1.4199933
0.2692549 	 1.1315241
0.27129006 	 1.4207394
0.24320823 	 1.4650819
0.24098428 	 1.4800068
0.24603194 	 1.2703042
0.23865183 	 1.3968168
0.23577006 	 1.5564071
0.23708268 	 0.8919117
0.24037245 	 1.5596366
0.26573637 	 1.0247455
0.2573806 	 1.3724583
0.26599976 	 1.4701791
0.32952833 	 1.3066117
0.31049854 	 1.1933457
0.26955932 	 1.6437519
0.2655456 	 0.9640115
0.2975327 	 0.88007104
0.24259588 	 2.223264
0.25323665 	 1.8443274
0.25300923 	 1.7973939
0.2551505 	 1.3702394
0.25136644 	 1.3042881
0.22953056 	 1.8180853
0.2058474 	 1.2280428
0.2158327 	 1.5549594
0.18684413 	 1.0179223
0.18526605 	 1.5972999
0.18077746 	 1.6838701
0.19150856 	 0.8405858
0.18580493 	 1.8687687
0.18168092 	 1.7156376
0.16822699 	 1.9230111
0.16270348 	 1.2152696
0.1765076 	 1.261529
0.15124914 	 2.2219
0.14188543 	 1.7563426
0.14551291 	 1.3169389
0.14963973 	 1.1764207
0.1534932 	 1.8266916
0.16085115 	 1.300345
0.15599892 	 1.9348108
0.18730932 	 1.1971962
0.1890455 	 1.6318779
0.20094961 	 1.5406414
0.19598092 	 1.2334769
0.2316541 	 1.4242325
0.2410894 	 1.53481
0.22253107 	 1.5768638
0.21260203 	 1.2655481
0.22336812 	 1.2581428
0.21214314 	 1.5535718
0.23897567 	 1.4671372
0.25936964 	 1.3426106
0.27931964 	 1.3511719
0.29851282 	 1.138518
0.26267377 	 1.3574462
0.30378103 	 1.0751867
0.30336028 	 1.0311387
0.297758 	 1.0145121
0.25268728 	 1.3176252
0.23529838 	 1.3913468
0.21903814 	 1.6355686
0.18093202 	 1.7177057
0.15012525 	 1.6994778
0.16029252 	 1.2252227
0.17364438 	 1.7031673
0.16018197 	 1.5148671
0.16315 	 1.3318597
0.16013049 	 1.2045878
0.15738018 	 1.2492316
0.1463017 	 1.1778443
0.16627832 	 0.9190022
0.18427944 	 1.4058352
0.19654012 	 1.4002656
0.21177696 	 0.8610936
0.22761695 	 1.5143881
0.2932161 	 1.3857056
0.3111881 	 1.1259025
0.35162264 	 1.1314112
0.38274384 	 1.0034299
0.37236053 	 0.8049065
0.3795498 	 0.8778609
0.42163554 	 0.85072035
0.42785287 	 0.80379605
0.46954492 	 0.7398345
0.5033644 	 0.69748545
0.5194983 	 0.7566358
0.5094334 	 0.7652521
0.48283112 	 0.8133977
0.43503895 	 0.8293257
0.37528047 	 0.7141206
0.3736369 	 0.793332
0.18460427 	 1.3735772
0.1855437 	 1.9073975
0.17630063 	 1.6537771
0.17161027 	 1.1602896
0.19500498 	 1.3664597
0.1675425 	 0.9887908
0.19155006 	 1.2262806
0.19017747 	 1.6426991
0.17886116 	 1.5259598
0.18382646 	 1.6633561
0.18288822 	 1.6916084
0.17502391 	 1.7635393
0.1658869 	 1.3254256
0.16358323 	 1.3445226
0.16175961 	 1.9083759
0.16187902 	 1.2731016
Summary
0.0143524865  -  0.79949766 ,  0.51912874  -  2.8262272
accuracy:  100.0
equal predictions:  0
TensorFlow version: 1.13.1
Found 939 images belonging to 1 classes.
argN = 3136
argN = 3136
0.34771 	 2.1839387
0.3833468 	 1.8383449
0.34679937 	 2.1054528
0.62128067 	 1.7968255
0.31236693 	 1.9266927
0.2706756 	 1.5505967
0.24852185 	 2.1769636
0.029806629 	 2.7032743
0.023156807 	 2.4122407
0.0687402 	 1.8263175
0.30204526 	 1.2576038
0.23294452 	 1.3392872
0.15967071 	 2.0376325
0.2407902 	 1.9803876
0.30938843 	 1.9911361
0.35072592 	 1.9021397
0.40259656 	 1.7374915
0.40340734 	 1.6885513
0.17844534 	 2.0222666
0.09784016 	 1.7860918
0.06340334 	 2.2257054
0.04079898 	 1.7703379
0.04180455 	 1.8927196
0.039480634 	 2.678453
0.030554857 	 1.9697423
0.03633394 	 2.1124325
0.05648395 	 2.302942
0.072653495 	 2.182557
0.61111534 	 2.2686083
0.68028355 	 2.218449
0.67934865 	 1.8379434
0.57962626 	 2.9428701
0.50526804 	 1.9915456
0.51081413 	 1.9158106
0.5099578 	 2.186327
0.124745816 	 2.0113444
0.14554366 	 1.7792404
0.10853808 	 2.273852
0.034897204 	 2.10563
0.027376782 	 1.6156727
0.023125881 	 2.2819836
0.019044353 	 2.0406182
0.023502255 	 1.6446615
0.10631726 	 1.9192822
0.09871595 	 2.170546
0.083905086 	 1.6461213
0.09909122 	 2.2497308
0.10947177 	 1.6511885
0.12289455 	 1.9466624
0.11138288 	 1.7852745
0.08622553 	 1.5981553
0.112664685 	 2.105077
0.13130467 	 2.2244616
0.083197154 	 2.0650043
0.03179983 	 2.2089105
0.021827625 	 1.5499613
0.016498256 	 1.9157099
0.018297339 	 2.5733118
0.010532879 	 1.7802842
0.018168712 	 2.4055812
0.06784975 	 2.0957685
0.13615102 	 2.243044
0.09549657 	 2.0351746
0.09858419 	 2.100772
0.08561868 	 1.4425253
0.08292825 	 2.0171404
0.07585092 	 2.1488223
0.05459942 	 2.1442127
0.042341474 	 2.269365
0.040909998 	 1.9929148
0.062869266 	 1.8986529
0.08327541 	 1.8594326
0.09551742 	 1.3642468
0.092997 	 1.8521453
0.15275523 	 2.3996537
0.13780315 	 2.4611468
0.048295926 	 1.8991222
0.03367402 	 1.6527689
0.039646756 	 1.6284616
0.068825945 	 2.510526
0.21716574 	 1.2913061
0.24155542 	 1.40299
0.07935293 	 2.2293787
0.102515824 	 1.881098
0.09939822 	 1.5978916
0.057542354 	 2.0868957
0.01968092 	 1.9375957
0.028522061 	 2.0761693
0.01612251 	 2.1032763
0.013152649 	 1.8723503
0.012970095 	 2.618205
0.04405028 	 1.9183109
0.09203654 	 2.0470932
0.09522571 	 1.6231151
0.111308925 	 0.86532164
0.10349857 	 0.6602716
0.09965691 	 0.74975026
0.11222741 	 1.1075608
0.10212151 	 0.62559664
0.10254283 	 1.190574
0.115154505 	 1.4814663
0.10723063 	 1.2632033
0.10016185 	 0.6678953
0.10797444 	 0.6783791
0.09701124 	 0.8625757
0.10422916 	 0.8935138
0.1060296 	 0.8592095
0.11534332 	 1.3478864
0.11247103 	 1.2708939
0.1131209 	 0.9701964
0.10092732 	 0.8438223
0.10029205 	 0.8586138
0.10758076 	 1.0777135
0.085801356 	 1.2766206
0.089413136 	 0.9485212
0.068145394 	 1.3439434
0.06968505 	 0.7056728
0.06788184 	 1.2978978
0.06730476 	 0.80487627
0.060741533 	 1.1095212
0.06966205 	 1.0614753
0.04991751 	 0.93495744
0.054653622 	 0.97692996
0.03354001 	 0.79236364
0.041767508 	 0.8658378
0.028999193 	 1.1302785
0.027975217 	 0.55976534
0.030796893 	 0.97576255
0.024565458 	 0.50429356
0.02843093 	 1.2538729
0.031142345 	 1.2141229
0.026329495 	 1.9972957
0.03082738 	 0.8754149
0.027751021 	 0.6967918
0.02724882 	 1.395675
0.024834521 	 1.1090187
0.027203556 	 1.0425348
0.030261826 	 1.2807298
0.030631186 	 0.6963446
0.026791807 	 1.2098955
0.025222298 	 0.7685549
0.020350432 	 0.64891976
0.019092226 	 0.94216335
0.01971952 	 1.1056651
0.019363405 	 2.0119126
0.017734576 	 1.3977387
0.018430473 	 0.51258516
0.017744405 	 1.0485123
0.014571156 	 0.69252354
0.016406033 	 1.7705301
0.016104823 	 1.3064274
0.013738942 	 0.7366851
0.013574165 	 0.75903636
0.014181019 	 1.151013
0.016086226 	 0.8499192
0.016981082 	 0.6458965
0.015331552 	 1.2718554
0.013585524 	 1.6043545
0.011330297 	 0.9814425
0.01269684 	 0.79704833
0.013022448 	 0.7279772
0.013954577 	 1.1443318
0.014728779 	 0.7849513
0.013371902 	 0.97579604
0.014451778 	 0.8280085
0.011853396 	 1.4298834
0.0149935745 	 1.9411256
0.014241234 	 0.65123576
0.011970535 	 1.0348226
0.014244197 	 1.1167413
0.015390082 	 0.5998059
0.014616941 	 1.3004427
0.022920152 	 1.1101362
0.025799138 	 1.2985711
0.019523365 	 0.6372898
0.019491518 	 0.95298445
0.022074869 	 0.6509404
0.020461394 	 0.86181116
0.023346355 	 1.2925037
0.030847052 	 0.7232364
0.024223797 	 0.7351504
0.032402948 	 0.9192982
0.022960586 	 1.2040086
0.025904404 	 0.6518911
0.050927714 	 1.1196178
0.08878553 	 0.53898317
0.09464574 	 0.9256078
0.08618636 	 0.73757225
0.09413067 	 1.27903
0.08633196 	 0.9554004
0.08370882 	 1.2230604
0.08924049 	 1.05207
0.08390567 	 0.81534797
0.07588635 	 0.74862385
0.05047342 	 1.7833694
0.03872805 	 0.83261
0.0378763 	 1.2968302
0.04388959 	 1.3080113
0.3547537 	 1.0499709
0.25794646 	 1.1603829
0.17516181 	 0.9577167
0.17716588 	 1.312885
0.18110095 	 1.5408946
0.20710413 	 1.3022698
0.20113516 	 1.6647284
0.21672724 	 1.5387961
0.22079103 	 1.2012326
0.23101881 	 1.3116976
0.19526123 	 1.3288975
0.19426812 	 1.4729375
0.20787172 	 1.1378064
0.19327657 	 1.0308293
0.19971937 	 1.1562499
0.19916224 	 1.408438
0.20446625 	 1.3653202
0.20399585 	 1.4903399
0.18941368 	 1.1922594
0.2036857 	 1.52369
0.20117612 	 1.5282786
0.20395514 	 1.3826406
0.24618053 	 1.3723638
0.24559692 	 1.5136209
0.26440266 	 1.5466284
0.27521005 	 1.3530103
0.2348658 	 1.4861915
0.20531912 	 1.6689446
0.2061244 	 1.4870948
0.20744073 	 1.6484002
0.1928438 	 1.4618914
0.19167662 	 1.7041065
0.18402433 	 1.7703439
0.18241571 	 1.900896
0.31797627 	 1.1003478
0.33406484 	 0.6601284
0.31229916 	 1.3913935
0.2722811 	 1.3242315
0.24127413 	 1.3932724
0.20213628 	 1.3650076
0.19146806 	 1.6478772
0.21491154 	 1.1775434
0.19669299 	 1.7324274
0.1765428 	 1.7038463
0.18422182 	 1.0750031
0.18228175 	 1.1603178
0.17117488 	 1.4627056
0.13899778 	 1.3722978
0.1620843 	 1.4012349
0.14189649 	 1.4755521
0.11646184 	 1.7871275
0.11392876 	 1.5021219
0.113928355 	 1.7109003
0.12895796 	 1.7677995
0.13179639 	 1.5421042
0.14426132 	 1.3778127
0.15108135 	 1.236173
0.17839596 	 1.2506499
0.16552095 	 1.2571083
0.16885097 	 1.4889919
0.17316318 	 1.6139414
0.23936224 	 1.1643705
0.2585476 	 0.7859099
0.2562698 	 1.0917366
0.29161233 	 1.2478645
0.28317437 	 1.2655132
0.26917845 	 1.0591902
0.23357108 	 1.2903527
0.17026277 	 1.0509428
0.12517333 	 1.4463377
0.13173376 	 0.98826545
0.13634658 	 1.621389
0.12624334 	 1.4116522
0.12376734 	 1.3745643
0.13367036 	 1.5208746
0.13936463 	 1.3910594
0.13474227 	 1.3732494
0.17307855 	 0.83911896
0.17928293 	 1.5163871
0.20764494 	 1.5531191
0.21500553 	 0.7048523
0.20702942 	 1.3533844
0.23441231 	 1.7899754
0.28353196 	 0.9356863
0.35362726 	 0.8874867
0.37037104 	 0.926459
0.37977058 	 0.9773406
0.37426534 	 0.8429544
0.43993735 	 0.78156096
0.4304647 	 0.8219435
0.4483836 	 0.81008303
0.50505656 	 0.8219881
0.4816182 	 0.8969667
0.3820765 	 0.7845188
0.24042696 	 1.1230778
0.22247022 	 1.3636551
0.18104252 	 1.49864
0.16469397 	 1.7130883
0.15545586 	 1.3814528
0.14888269 	 1.7746722
0.15036492 	 1.4489218
0.14087324 	 1.7990437
0.16317575 	 1.1941613
0.14843136 	 1.087814
0.14782275 	 1.4807616
0.14126095 	 1.4829046
0.15599577 	 1.8909093
0.15756005 	 1.6277034
0.1509712 	 1.3347872
0.15545551 	 1.8573164
0.15015116 	 1.5509712
0.14175698 	 1.953258
0.13217932 	 1.2780938
0.140649 	 1.128004
0.12994133 	 1.6852252
Summary
0.010532879  -  0.68028355 ,  0.50429356  -  2.9428701
accuracy:  100.0
equal predictions:  0
