TensorFlow version: 1.13.1
Found 939 images belonging to 1 classes.
argN = 49
argN = 49
0.65709686 	 3.8925488
0.4997739 	 4.496199
0.59876573 	 3.872299
0.43461663 	 2.0497224
0.30656403 	 1.7980282
0.70201886 	 3.317989
0.44648245 	 1.5035565
0.42906368 	 1.7113622
0.23657751 	 4.677557
0.2213909 	 3.7652707
0.12927867 	 3.1336088
0.062262278 	 3.736278
0.15272802 	 1.223948
0.24869892 	 3.2092483
0.26358867 	 2.4035199
0.33355117 	 3.0594919
0.284254 	 2.4395163
0.46983397 	 1.7610573
0.2677417 	 4.0776386
0.41058663 	 2.930404
0.034668 	 3.5719454
0.03170606 	 2.1667101
0.029341325 	 2.1913092
0.045801446 	 1.8269413
0.087023124 	 2.4914343
0.16708556 	 2.5536664
0.14806125 	 2.8022401
0.1669156 	 2.2299829
0.30665118 	 2.0770242
0.21794012 	 2.8235602
0.37945712 	 1.5423932
0.71338785 	 4.413287
0.4437245 	 1.6070448
0.41409314 	 1.4295133
0.44143137 	 1.7680227
0.13962181 	 2.061773
0.35556608 	 3.8274858
0.14320593 	 3.4730856
0.1758985 	 2.276482
0.4570345 	 2.4464226
0.4447229 	 2.988113
0.4823971 	 1.3292906
0.13518855 	 2.322662
0.2974168 	 3.5520704
0.12982066 	 2.446115
0.106568396 	 0.7160097
0.0062435465 	 3.2595012
0.021887878 	 3.0444677
1.7881554e-05 	 1.3865603
1.4901173e-06 	 1.9317838
0.28945357 	 3.5876603
0.20707282 	 2.116005
0.1432309 	 2.6161633
0.08411078 	 3.5949068
0.21001485 	 2.4112039
0.09218143 	 4.161554
0.31537166 	 0.9082987
0.28413317 	 1.2717746
0.09610728 	 1.4271327
0.0604746 	 1.7362309
0.080772884 	 2.4798992
0.107477225 	 1.9483298
0.057606943 	 1.7582939
0.06023224 	 1.7777855
0.02162052 	 4.153186
0.0032792154 	 2.128478
0.00018306261 	 3.0604084
0.00016660886 	 3.0368743
0.044304326 	 1.8234785
0.097246125 	 2.2098136
0.03265867 	 2.577057
0.2251373 	 1.1348923
0.16600694 	 3.3206897
0.2936782 	 1.8104025
0.10463515 	 5.2036133
0.09293225 	 2.23995
0.12876697 	 5.6730785
0.08371971 	 3.4818335
0.25126743 	 1.0444958
0.16543634 	 2.7044976
0.12940472 	 2.4070709
0.13784988 	 2.407709
0.09381952 	 3.715009
0.16374934 	 1.3440878
0.040136736 	 2.1257613
0.03235856 	 3.0619254
0.19605118 	 2.3981252
0.0845452 	 2.2802508
0.07916349 	 3.874039
0.06721792 	 2.9413009
0.059628997 	 2.067554
0.00014169028 	 1.5772644
0.00063755567 	 2.182749
0.0029131842 	 1.964381
3.576285e-06 	 2.7699583
0.00016738386 	 2.75499
0.00017423955 	 2.7355292
0.0032685113 	 2.9375396
0.001044282 	 1.4997025
7.629424e-06 	 6.1654315
6.7353476e-06 	 6.452038
0.034830242 	 2.3194005
5.87123e-05 	 2.9337485
0.0010408213 	 4.098593
0.00081840856 	 2.6030896
0.07844499 	 3.0650177
0.13762188 	 2.2814896
0.06542946 	 2.3374321
0.086718015 	 2.6525264
0.05959831 	 1.0140966
0.03663154 	 2.0691931
0.05751805 	 0.89673066
0.027819537 	 1.6940995
0.05646768 	 10.185414
0.0013331117 	 1.1259503
0.0044774367 	 2.134393
1.2278632e-05 	 1.549728
0.00044934114 	 2.4631457
0.00044552475 	 0.53894114
0.00015826286 	 2.5497506
0.015102066 	 2.0419304
0.016092889 	 0.72932565
0.0004159481 	 1.1293883
7.277992e-05 	 2.7979543
-1.1920928e-07 	 7.591863
0.011367312 	 2.4502075
0.0010261434 	 0.4969878
0.024000503 	 3.9215288
0.017739005 	 3.095943
0.003488838 	 0.9602764
0.00062300294 	 2.251306
0.012744349 	 2.335493
1.7881395e-07 	 1.9209502
9.1735754e-05 	 2.024249
0.00015355335 	 1.5165014
0.00036389296 	 2.7847698
0.027723629 	 1.478982
0.021710057 	 3.5469434
0.029546354 	 2.1688056
1.8179582e-05 	 2.2876768
0.012679696 	 2.5674875
0.0009167223 	 1.4535431
7.933693e-05 	 3.2320876
0.013189066 	 1.2226992
0.03148675 	 1.1275054
0.002167725 	 0.58162785
0.0077367323 	 2.0512002
0.0043518925 	 1.9422129
0.0008267601 	 2.0686524
6.646139e-05 	 1.6066893
0.01163749 	 1.5406481
0.0039885207 	 2.6866999
1.0728893e-05 	 2.0702982
7.689029e-06 	 2.2676103
0.0012302811 	 3.585035
0.02615174 	 1.7660319
0.025536602 	 2.464419
0.01846004 	 2.5813594
0.000323169 	 0.95713633
0.00042047995 	 3.5518188
2.4080566e-05 	 3.7351487
0.034016646 	 2.7441328
3.7550997e-06 	 3.8277736
0.00014306138 	 1.3105421
0.013124324 	 3.074824
-2.3841855e-07 	 3.590636
0.017324341 	 2.0462656
0.009346216 	 1.8552012
0.020591289 	 0.92586625
0.045538474 	 2.6161191
0.022039283 	 1.5861368
0.004354766 	 1.4122387
0.0095296735 	 1.3732593
0.026811032 	 2.0820246
0.0047683977 	 2.0224395
0.0077827447 	 1.8048205
1.9967756e-05 	 2.2567084
0.01998187 	 1.6821809
0.000454708 	 1.3075297
0.00023946053 	 2.7484887
0.0021380973 	 2.5732384
8.4642175e-05 	 1.2632778
0.020484207 	 1.4578232
0.0001367424 	 1.1425548
0.0002657528 	 1.620224
0.004165252 	 0.7779846
0.00092901214 	 2.370216
6.7117086e-05 	 3.1348891
0.020975962 	 1.4101293
0.00016654925 	 3.147234
0.00011206301 	 1.8986485
0.00030015444 	 2.2369514
0.014158832 	 1.5513169
0.00012493914 	 2.4814541
3.7074777e-05 	 0.87897587
0.0005857872 	 1.0675164
0.0006641566 	 1.5434833
0.00019528388 	 2.8836064
0.008935738 	 1.2690576
0.003929278 	 1.0595843
0.004044834 	 1.7118118
0.003735896 	 2.413337
0.0012930046 	 2.559098
0.00030063142 	 1.1777999
0.013243726 	 1.5373454
0.00060505094 	 2.4957068
0.00027952524 	 2.6635816
0.06325818 	 1.7449656
0.087106295 	 1.6632504
0.12162381 	 1.5906314
0.031099794 	 2.2954977
0.0002726688 	 4.983769
0.0100052925 	 3.3105142
0.034842215 	 1.4177284
-9.5367386e-07 	 4.1063194
-4.7683704e-07 	 3.9006839
0.0018609185 	 2.7853994
0.04116331 	 1.2976488
1.4305125e-06 	 3.1887336
3.2723485e-05 	 7.9269295
4.3511486e-06 	 1.5837966
-8.344647e-07 	 2.784708
-9.5367386e-07 	 3.3966637
-5.960463e-07 	 1.5848048
-5.960463e-07 	 3.782747
0.00027409973 	 2.6229103
0.028411184 	 1.5971671
0.042779338 	 3.1391826
0.015311277 	 3.439854
4.708778e-06 	 2.5782554
3.8266913e-05 	 2.2461314
-9.5367386e-07 	 1.4445215
3.6121066e-05 	 2.1843567
0.02332854 	 2.0784457
0.022071762 	 3.5169787
0.005405406 	 2.7625515
-9.5367386e-07 	 1.2955946
1.1503763e-05 	 6.8263125
0.008572562 	 3.6460383
0.016004095 	 3.8457096
0.22905977 	 2.3296337
0.015686536 	 2.6036139
0.00015361297 	 3.735963
0.15136167 	 3.2378085
-7.152555e-07 	 2.3444495
0.010491016 	 4.7259555
0.041038357 	 2.8022606
0.051487952 	 1.3913463
0.015035566 	 1.4166474
0.04157133 	 3.142928
1.549722e-06 	 2.0711713
0.0027694271 	 1.697375
0.010279499 	 2.3572652
0.00011003623 	 1.9806498
0.00012952928 	 1.9439117
-9.5367386e-07 	 1.0418622
0.00014186912 	 1.8886876
0.00064226746 	 2.8460417
0.044411123 	 2.278252
0.01975782 	 3.7470076
0.020985335 	 2.2653596
0.01684929 	 1.8982669
0.020602422 	 2.463271
0.03504825 	 2.463472
0.09564419 	 1.0768394
0.19779028 	 1.5867633
0.08885829 	 1.4912663
0.15544116 	 1.9651535
0.0945301 	 2.624323
0.108260736 	 2.0600135
0.0102191 	 2.2772338
0.01825867 	 3.8425546
0.023654334 	 1.6863407
0.029046318 	 1.0486975
0.0014372659 	 2.312437
0.015022738 	 3.1237807
0.0033858453 	 3.6081352
0.019579405 	 2.2789216
0.006307305 	 2.1034741
0.0020927617 	 1.8792212
0.06051386 	 2.060808
0.10663418 	 1.6317779
0.10464018 	 1.7735618
0.16227497 	 3.646342
0.15164506 	 3.7716734
0.14621319 	 2.566336
0.1577946 	 2.202293
0.15813279 	 0.8048489
0.15845051 	 1.5318236
0.07720577 	 1.925097
0.12790802 	 1.937489
0.05043963 	 1.1650751
0.1421063 	 1.2247941
0.12020195 	 1.8074229
0.15445808 	 1.7544563
0.07592911 	 2.019522
0.14435704 	 1.2732174
0.12115508 	 2.8046162
0.06354681 	 1.8103938
3.8982198e-05 	 1.5458785
0.0125142485 	 2.9000776
0.043198157 	 3.0092137
0.0051595527 	 2.5665138
0.12776287 	 1.6558219
0.051955514 	 2.2307315
0.03667284 	 1.9558324
0.024548782 	 2.423872
0.051875282 	 2.1229534
0.002568262 	 1.5703709
0.011872878 	 5.032156
0.047282815 	 1.3038063
0.08625178 	 1.5345751
0.00293052 	 3.3357966
Summary
-9.5367386e-07  -  0.71338785 ,  0.4969878  -  10.185414
accuracy:  100.0
equal predictions:  0
TensorFlow version: 1.13.1
Found 939 images belonging to 1 classes.
argN = 49
argN = 49
0.5735165 	 2.2830906
0.5337831 	 3.3414185
0.6146287 	 2.4491427
0.41717017 	 2.1145687
0.19569997 	 1.725348
0.13679801 	 2.7131839
0.34429294 	 3.6384356
0.410228 	 4.6475735
0.19438684 	 1.3090116
0.13090353 	 2.7023404
0.1166911 	 2.2184546
0.032959305 	 3.0935106
0.07846265 	 3.8899276
0.16684383 	 2.162406
0.2323873 	 1.2679803
0.29429242 	 3.0815024
0.58074814 	 3.1961741
0.83766234 	 2.5935385
0.48508894 	 2.2385514
0.7622106 	 1.3935976
0.31115288 	 2.0709794
0.38715792 	 0.80795544
0.28715143 	 1.6136442
0.2121569 	 1.9006754
0.0744211 	 3.4916468
0.6451809 	 2.312885
0.49903965 	 2.3242018
0.047560375 	 4.647561
0.065030485 	 3.5052528
0.15758273 	 1.8358538
0.02133198 	 1.9943892
0.09998174 	 2.766578
0.22011217 	 1.2494141
0.11896806 	 4.292084
0.542716 	 2.6289282
0.70344496 	 3.1010597
0.029377295 	 7.284059
0.03141983 	 2.4867191
0.1009144 	 0.65062356
0.33368948 	 3.465828
0.448931 	 2.781164
0.42682013 	 3.5947375
0.30989274 	 0.9723646
0.24894065 	 1.7883677
0.13692153 	 2.5252516
0.21952249 	 2.5750082
0.060805313 	 3.7626982
0.011400169 	 2.7555225
0.034741003 	 5.9048085
0.053075504 	 2.4675794
0.08234145 	 3.3841906
0.0001367424 	 3.0296535
0.019452559 	 2.6798966
0.3017274 	 1.0895189
0.35816687 	 2.845018
0.30671647 	 2.2493017
0.15050258 	 1.6053011
0.19799319 	 2.3603332
0.16592215 	 4.7097306
0.25944626 	 1.4733382
0.18459596 	 2.188396
0.37092754 	 1.6823758
0.34499535 	 2.0950036
0.1135151 	 1.4445347
0.15664151 	 2.0924284
0.00022264813 	 1.2501215
0.00029031676 	 2.5330124
0.04221836 	 4.769469
0.096675955 	 2.1435318
0.24661314 	 1.5389028
0.04364972 	 3.6145601
0.053491432 	 1.3955398
0.054288562 	 7.1084285
0.28649902 	 1.9948137
0.09062386 	 2.1496751
0.19971144 	 1.8012313
0.35147336 	 2.4428966
0.16189338 	 0.67883754
0.02017982 	 4.6992116
0.021264518 	 2.6883965
0.0038745862 	 4.731391
0.2394531 	 1.3350794
0.15355991 	 2.2712018
0.02411828 	 3.7433352
0.034204748 	 1.6214297
0.011376475 	 2.7987852
0.042484008 	 2.308817
0.05213151 	 1.6472017
0.00034421645 	 1.7177771
0.020691564 	 2.6088927
4.702917e-05 	 5.4864535
0.01745092 	 3.244589
0.036708888 	 1.5373331
0.020311868 	 2.7402391
0.03202358 	 3.0857105
0.009588467 	 5.432742
0.00044188724 	 1.1264703
0.07969356 	 3.1164637
0.03440362 	 6.181678
0.006288291 	 2.285982
0.0033005644 	 4.079889
0.0071421196 	 2.0241494
0.0024396114 	 3.0053978
0.0018376297 	 1.7249789
0.010989992 	 2.8694885
0.0005645557 	 1.8522357
3.8743096e-06 	 1.9020725
1.7404707e-05 	 3.1068258
4.661192e-05 	 2.7497156
0.0022371383 	 1.8135029
1.3113108e-05 	 3.1646543
0.0004477311 	 1.3742027
2.563003e-06 	 1.9453447
0.009772872 	 1.4050916
0.029243061 	 3.801249
9.298368e-06 	 2.494708
0.009569029 	 2.7502143
8.583106e-06 	 2.2926962
0.0011372474 	 1.4984621
2.7180087e-05 	 1.7907815
0.0015141501 	 1.2041299
0.016184539 	 2.4769003
0.0012602399 	 2.7431173
0.02141449 	 2.1335762
0.025290702 	 2.087556
0.039039377 	 2.3067331
0.028136497 	 2.0420678
0.021571063 	 2.533779
0.010439819 	 1.6123874
0.0016388606 	 2.3655381
0.019649249 	 1.7843384
0.010291061 	 1.7763456
0.075717375 	 1.6884639
0.051303912 	 2.4277055
0.027811693 	 4.7044377
0.004603176 	 1.9156572
0.0002657528 	 3.4627805
0.00046907936 	 2.0815864
1.2338238e-05 	 1.6836103
0.008474033 	 2.7938428
0.0015414311 	 2.2114902
0.0022766858 	 1.4548794
0.03304321 	 1.8208716
0.059006583 	 1.8407999
0.036146857 	 1.9079019
0.0016268605 	 2.1253598
0.0011136173 	 2.9163842
0.019428918 	 1.0103977
0.0012233584 	 2.5326185
0.009564817 	 1.967606
5.4956992e-05 	 6.2008057
0.00016869538 	 3.6259105
1.5497328e-05 	 2.533323
0.0017576754 	 1.7412933
0.039121006 	 2.9635184
0.01832933 	 2.167302
0.00019838393 	 1.6513494
0.0042698216 	 1.6618823
1.6331805e-05 	 1.6528794
0.00274026 	 1.0242449
3.2842698e-05 	 3.7031345
0.0009866455 	 2.5609214
0.021494389 	 2.1457028
3.165057e-05 	 3.1751583
0.007962432 	 2.2635643
0.02061952 	 4.3625126
0.029736072 	 3.229051
0.0095850965 	 2.2384558
0.020602483 	 2.497474
0.094062634 	 1.2003253
0.054185048 	 2.8419876
0.032871217 	 3.6678905
0.02234558 	 2.7482204
0.04101339 	 2.8241434
0.020865005 	 5.034827
0.042132314 	 4.844712
0.041727796 	 1.6810257
0.00094732794 	 0.8472639
0.0042646136 	 3.2616313
0.038149405 	 2.7553444
0.006089475 	 2.6501281
0.009668688 	 2.2619874
0.00014920156 	 2.3424823
0.00013447712 	 1.7988541
0.00061554776 	 1.9656215
0.0009068189 	 2.1838324
0.0030751375 	 2.6198163
0.0014008554 	 1.5683392
0.00020088784 	 1.9903301
0.00045178604 	 0.64146286
0.020534886 	 2.6878996
3.0041192e-05 	 1.9577852
0.00012672751 	 1.0791104
0.0034964343 	 3.3079422
0.00020088784 	 2.7524755
0.0014652014 	 1.4764411
0.005390244 	 1.9655359
0.0003500001 	 4.054554
0.0036786424 	 2.517932
0.0017287765 	 1.6499829
0.00050378614 	 1.4639429
0.0072273687 	 2.1809583
0.00044874483 	 2.8184633
0.0004488641 	 1.1224937
0.002108172 	 2.4475644
0.14239553 	 2.544109
0.17511892 	 2.285322
0.2641296 	 1.3367034
0.17939524 	 1.8921434
0.04353927 	 2.441493
0.089094855 	 2.2757878
0.021108542 	 3.221064
0.081303224 	 2.1227956
0.017671298 	 0.9051856
0.0072716167 	 1.751158
0.014750858 	 1.3538041
0.012148502 	 2.487025
0.03769568 	 2.3372371
1.9490908e-05 	 2.0719364
0.0149368225 	 2.4956114
0.019263444 	 3.8737664
0.041688398 	 2.973854
0.014241598 	 2.905826
0.007790314 	 2.1755645
0.0187783 	 3.376923
0.00057099666 	 1.0813572
1.0132795e-06 	 1.5570254
0.00022688102 	 1.170603
0.01998637 	 0.9048148
0.007911484 	 1.582528
0.021001222 	 1.5706348
0.00034487233 	 3.883506
0.22813077 	 1.8573992
0.12898074 	 1.3184618
0.005245651 	 2.2537222
0.021639766 	 2.9907773
0.020618243 	 2.1841357
2.2471204e-05 	 2.0018265
0.041774407 	 3.547734
0.014446032 	 2.408329
0.0027095992 	 3.432185
0.080081575 	 4.4734964
0.12025196 	 3.0097973
0.09342902 	 2.9491472
0.05995051 	 1.6627386
0.008560057 	 2.8957818
0.041433275 	 1.4605174
0.060713727 	 1.8600519
0.0020601498 	 3.0648873
0.024066135 	 1.9432702
0.059523094 	 2.0379202
0.057938162 	 1.9909501
0.020850094 	 3.8413293
0.00014961885 	 3.640385
0.04560672 	 3.7643294
0.020418687 	 2.0411167
0.0 	 8.557844
0.010467345 	 3.2502575
0.029051717 	 2.0054905
0.023527518 	 2.1216428
0.0987147 	 1.3765228
0.055990376 	 1.6719438
0.06974864 	 1.7692174
0.1334867 	 1.9675258
0.09298928 	 2.6451943
0.15026365 	 2.219805
0.22093785 	 2.1826723
0.1810346 	 2.7142198
0.13083851 	 2.801103
0.11425157 	 3.3038845
0.05264668 	 2.031087
0.07486797 	 1.8442384
0.0029832472 	 2.1048338
0.004549286 	 2.554147
0.011739044 	 2.9805372
0.022301268 	 2.9548664
0.026187595 	 1.9566059
0.11120374 	 2.2980185
0.084428914 	 1.3271797
0.16288634 	 2.7588742
0.14042255 	 2.8968308
0.15162821 	 1.2557032
0.33619863 	 2.272515
0.15749292 	 0.80303836
0.1023164 	 2.0992196
0.10860232 	 1.9287467
0.09365685 	 2.0472856
0.09696218 	 1.4260749
0.18243846 	 1.3850582
0.22121042 	 1.5526977
0.10206124 	 2.148463
0.10204494 	 2.7220516
0.13747026 	 2.8071463
0.055010945 	 1.5780498
0.20169076 	 2.4158115
0.12468262 	 1.3164928
0.004579284 	 3.1901934
0.03671946 	 3.1779149
0.015446134 	 2.0280702
0.014976633 	 2.3392713
0.13985452 	 3.4530418
0.04099389 	 2.0711932
0.023614602 	 1.7407141
0.08324567 	 2.4125795
0.1355312 	 1.4480125
0.12330327 	 1.7584879
0.11595804 	 3.2111125
0.071817644 	 2.151364
0.05122417 	 2.0228927
0.09837897 	 1.6660143
0.024080668 	 2.0066392
0.11739204 	 2.2014458
0.085729465 	 1.2627844
Summary
0.0  -  0.83766234 ,  0.64146286  -  8.557844
accuracy:  100.0
equal predictions:  0
TensorFlow version: 1.13.1
Found 939 images belonging to 1 classes.
argN = 49
argN = 49
0.406644 	 1.6652101
0.7453473 	 1.976325
0.38315085 	 0.54572785
0.31937063 	 1.8717229
0.12027811 	 3.7330458
0.09761762 	 2.8667228
0.23172405 	 2.4920738
0.22177759 	 2.234496
0.251534 	 3.1043193
0.19220662 	 1.5982039
0.08062964 	 2.547817
0.2077131 	 2.161414
0.1397922 	 2.0377522
0.18542947 	 1.6919634
0.5284648 	 3.4731028
0.7487774 	 2.8618038
0.7082152 	 2.0363271
0.45496333 	 2.0221856
0.2891293 	 1.8416656
0.1239644 	 2.0835903
0.28441322 	 1.3215594
0.2766989 	 3.8174012
0.011191352 	 1.9654824
0.025179755 	 3.2827356
0.0007056699 	 2.6109262
0.00093098095 	 2.0699954
0.038964886 	 1.8955308
0.35223222 	 0.57063276
0.26790977 	 1.1610417
0.11988776 	 4.31218
0.13806774 	 7.651995
0.063764885 	 3.1901023
0.18789965 	 3.9790792
0.41887978 	 8.792556
0.45754993 	 3.0551825
0.2117466 	 2.1124804
0.33815733 	 5.216019
0.4678399 	 1.2191393
0.21039686 	 1.9674861
0.54881495 	 1.7998437
0.39427552 	 0.9701695
0.21547803 	 2.840037
0.026903545 	 3.5348425
0.11341775 	 2.1715746
0.22339867 	 1.9871249
0.24229737 	 2.18599
0.026993068 	 2.928813
0.0012906174 	 2.4803848
0.0011072922 	 2.1947558
0.13812974 	 1.5662508
0.29514757 	 2.0401828
0.34852743 	 3.323389
0.31507748 	 3.086697
0.24910678 	 2.0252202
0.27821082 	 1.3002622
0.14528508 	 3.250339
0.10816643 	 1.7466296
0.117484875 	 1.6827191
0.00026605092 	 3.1228015
6.3898224e-05 	 4.7514105
0.04057239 	 2.0093534
0.043674003 	 2.4915292
0.06466632 	 1.5847882
0.07868626 	 1.6027117
0.1592379 	 2.2153246
0.2975712 	 4.920787
0.3448846 	 1.7501898
0.27647546 	 3.0959377
0.39329815 	 3.4137168
0.3701236 	 2.9830554
0.2679545 	 1.1110727
0.27027252 	 2.5839574
0.32953638 	 1.0337824
0.14286579 	 1.4747136
0.22336738 	 3.0395846
0.26936844 	 2.7085326
0.08875869 	 2.4571707
0.25092143 	 2.0602245
0.15424775 	 1.9323595
5.1856177e-06 	 1.4432197
0.30816352 	 2.057414
0.273048 	 1.6925235
0.37918493 	 1.8121983
0.086385764 	 2.5264966
0.076128356 	 1.3967236
0.1538412 	 2.0894878
0.031955514 	 4.8864145
0.050324794 	 4.5862026
0.0033447589 	 7.141083
0.0012289085 	 2.7173834
0.04030874 	 3.8204014
0.020747367 	 1.3884492
0.013683893 	 4.494458
0.0018968083 	 2.9435127
0.05207663 	 2.4861445
0.022339545 	 3.558462
0.027648931 	 1.5973488
0.028088005 	 3.881839
0.03250189 	 1.2118255
0.0076638125 	 3.8911617
0.00077575725 	 1.6641141
0.00030063142 	 2.3330512
0.0029659702 	 3.5971425
0.0003172066 	 2.157737
0.020933354 	 1.6772692
0.039354462 	 3.93687
0.00094947574 	 2.8676243
0.0210235 	 1.6211734
0.024516957 	 2.4706285
0.020597858 	 3.1740534
0.060537163 	 2.0414748
0.048034173 	 2.5195477
0.00020208016 	 3.804806
0.029513877 	 3.0804665
8.463895e-06 	 4.0797267
0.004892017 	 2.3342638
0.012561025 	 1.5743057
0.030753436 	 2.9208097
0.054282647 	 1.634551
0.056266643 	 2.085196
0.0009485212 	 4.682761
0.008982468 	 1.804334
0.016713638 	 1.0073031
0.034510966 	 2.5775456
0.01769144 	 0.8321695
0.04845739 	 1.7064195
0.025611449 	 1.8585433
0.008989084 	 2.2301536
0.0026940005 	 1.1036421
0.0063247597 	 2.8271978
0.0054817568 	 2.9163897
0.0075193113 	 2.2968335
0.0029081032 	 1.6663802
5.7222096e-05 	 1.748
1.5676145e-05 	 2.2412884
0.020668382 	 2.4040048
0.00075147965 	 4.2545958
0.002774448 	 3.7739995
0.016959319 	 1.3070081
0.009909151 	 2.4546888
6.914163e-06 	 3.0567994
2.5213083e-05 	 2.1307905
0.020569688 	 3.8197436
0.001035511 	 3.1699698
0.037189387 	 2.8962877
0.020906817 	 1.3833642
0.020765867 	 1.4092344
0.021032205 	 2.3411627
0.046243075 	 1.2217216
0.020562936 	 1.2571465
0.00019051459 	 3.3349931
7.6475684e-05 	 2.2849624
0.0017650794 	 2.7706902
0.016010819 	 2.6201904
0.009672119 	 4.630819
0.0004281722 	 2.4244194
0.027858883 	 2.7008958
0.01583295 	 1.9074376
0.00047182245 	 2.5573716
0.00016130318 	 2.7084503
0.0019496002 	 0.84952325
0.00059026014 	 4.018136
0.00016404544 	 1.8983827
0.045632612 	 2.8218927
0.00061220786 	 2.5759025
0.0004275759 	 1.3681033
0.022936985 	 2.1125188
0.0029029623 	 1.7230603
3.039883e-05 	 2.4867089
0.00011683193 	 3.1629097
0.0008640445 	 2.4970715
0.03681432 	 3.125552
0.008798329 	 3.0937316
0.021036526 	 1.3236948
0.0051134806 	 2.718707
0.0012426345 	 2.6756973
0.008470607 	 1.4056801
0.0024835288 	 3.2225287
0.009084475 	 1.903145
0.008189624 	 2.2745724
0.0007630517 	 4.4121614
0.0035881922 	 1.8093865
0.0027768984 	 1.2924939
0.09546496 	 3.0072858
0.13491163 	 1.4799104
0.1418978 	 2.474164
0.044257663 	 4.7874084
0.06995976 	 3.146176
0.0734232 	 2.4508717
0.02510543 	 1.7301749
-8.344647e-07 	 2.6519566
0.0011669648 	 2.1429024
0.00044588253 	 1.9263645
0.019725174 	 2.2414005
0.019709734 	 2.2808206
0.020697284 	 3.698384
0.007189906 	 3.7213604
0.02077895 	 2.6737664
0.012335613 	 2.503891
0.022885146 	 4.152283
0.0048112194 	 1.6878946
0.022808064 	 3.1039684
0.013121848 	 2.180266
0.0079250615 	 3.1895044
0.0004458229 	 3.6736152
0.020669233 	 1.3822174
0.031576805 	 2.5123122
9.751795e-05 	 3.1165323
0.006831983 	 3.885698
0.00049478136 	 2.508035
0.020762946 	 2.297474
0.0053817346 	 3.8996677
1.08481045e-05 	 3.810035
-9.5367386e-07 	 8.756325
0.019338066 	 3.8738582
0.048664372 	 1.6035832
0.01905535 	 0.918999
0.00026867422 	 5.89318
0.000115878145 	 2.9093058
0.45774227 	 1.8766242
0.07905505 	 2.3214643
0.021210209 	 2.2684147
0.02060072 	 3.6840312
0.020641973 	 3.8765268
0.00046794632 	 2.548182
0.00035864586 	 3.4532077
0.0007371042 	 2.8668077
0.04064471 	 2.3324773
0.011612043 	 3.0911067
0.2280413 	 1.8983839
0.07894294 	 2.2896085
0.028008377 	 3.2616
0.04239688 	 1.0866104
0.042680986 	 2.9930513
0.042570956 	 1.4726781
0.054838847 	 3.809306
0.022009732 	 2.873888
0.020609237 	 2.6643019
0.00027344387 	 1.8635362
0.0010139716 	 2.694709
0.036815062 	 1.0265776
0.0013015989 	 3.091062
0.00071724143 	 1.4031844
0.020175988 	 4.1990156
0.029484656 	 1.8230286
1.3291924e-05 	 2.758704
0.02182659 	 4.9600735
0.00044164874 	 2.4944308
0.03683015 	 3.1105924
0.034381658 	 2.1333053
0.06370815 	 1.3461784
0.050438628 	 2.675545
0.05424747 	 1.9434084
0.008261921 	 2.7623343
0.01015491 	 4.3077607
0.020941814 	 1.9972562
0.05496919 	 1.7613146
0.017767703 	 2.7585113
0.06303767 	 3.145359
0.08433929 	 1.449816
0.031167433 	 2.0508604
0.024570528 	 2.5203092
0.10546585 	 2.2961814
0.13891141 	 2.7476687
0.1034757 	 1.9067208
0.10608208 	 2.750425
0.059700493 	 3.3744287
0.117362745 	 3.623241
0.15435798 	 3.052074
0.0051931646 	 3.560303
0.061002515 	 6.6946154
0.025245037 	 1.6905161
0.0015523556 	 3.7485452
0.027798332 	 5.2716203
0.002513107 	 2.269127
1.0550078e-05 	 3.7355683
0.016085075 	 1.3174582
0.010060381 	 2.7815487
0.010175142 	 1.1845441
0.001569847 	 2.3794413
0.013084768 	 3.3544185
0.0019703235 	 2.945879
0.019268306 	 1.2425089
0.20732932 	 1.6212844
0.14206006 	 0.9776644
0.12590669 	 1.4797431
0.27913815 	 1.7005535
0.29078323 	 1.0891875
0.18139282 	 1.797162
0.03909287 	 1.1771454
0.13370873 	 1.4244819
0.092652984 	 2.0572572
0.16978821 	 1.5767657
0.07773287 	 1.5809505
0.11651615 	 1.2366775
0.0990541 	 0.9258259
0.2718188 	 1.6665174
0.17634428 	 1.8994782
0.08443741 	 2.2993073
0.11576797 	 1.9784496
0.06340258 	 5.651363
0.10838774 	 1.8162515
0.10361763 	 2.3647792
0.039640617 	 1.0583142
0.09433672 	 1.6961259
0.031020356 	 1.6701669
0.054317825 	 3.881125
0.026041187 	 3.0159724
0.06990191 	 0.9630654
0.059885196 	 2.9742332
0.10646623 	 1.3445649
0.039395813 	 1.6977819
0.028036943 	 3.5401933
Summary
-9.5367386e-07  -  0.7487774 ,  0.54572785  -  8.792556
accuracy:  100.0
equal predictions:  0
TensorFlow version: 1.13.1
Found 939 images belonging to 1 classes.
argN = 49
argN = 49
0.42449248 	 2.8948092
0.29625154 	 2.1582148
0.5360648 	 3.7834806
0.12634167 	 3.363607
0.120310314 	 1.4307711
0.13623402 	 3.9921026
0.30409807 	 3.166013
0.28844252 	 2.7038624
0.22681013 	 3.3636637
0.07397482 	 2.4783127
0.19005457 	 2.77607
0.074697115 	 2.1176653
0.047300126 	 1.725674
0.13866681 	 2.165441
0.06246592 	 1.4464538
0.2086054 	 2.4467406
0.3158289 	 2.1765478
0.2297929 	 1.0575703
0.7668651 	 2.1875892
1.0585117 	 0.84055597
0.5255489 	 1.2027292
0.5455289 	 2.4106665
0.4691233 	 2.070006
0.3196765 	 1.382063
0.21272686 	 3.743675
0.115949005 	 2.220613
0.107616335 	 2.6723962
0.0033897925 	 3.5463312
0.20087339 	 2.9067614
0.348445 	 1.7906389
0.43997735 	 0.9716325
0.123854764 	 1.5326322
0.6847546 	 2.3594205
0.52438706 	 3.4650538
0.5643391 	 6.4984846
0.2993667 	 4.81519
0.38820168 	 4.374608
0.17317465 	 2.067775
0.28186217 	 3.2984872
0.120163366 	 1.4618847
0.01975089 	 2.6463854
0.062184256 	 3.4972389
0.06340391 	 2.8281288
0.044090457 	 2.4948664
0.17580876 	 3.320345
0.12743546 	 1.5129703
0.20270331 	 2.4658544
0.2714868 	 3.0316954
0.3918114 	 2.1851604
0.45348743 	 1.5916892
0.36376154 	 1.4785496
0.0011464966 	 1.7378117
0.014398744 	 2.980118
0.0004452266 	 1.7064717
0.03948423 	 1.2905134
0.0005565642 	 3.440116
0.010247643 	 2.184675
0.1730074 	 1.5236125
0.10203557 	 1.9563111
0.110681206 	 2.6538663
0.27090347 	 2.1739087
0.29172516 	 1.0513922
0.111432455 	 2.155055
0.12527446 	 3.1296241
0.06561414 	 2.1351862
0.28905144 	 1.3165417
0.2550668 	 3.3091042
0.1221168 	 2.1321707
0.09991205 	 2.4115965
0.15561052 	 2.9836688
0.30714422 	 2.4925876
0.2632548 	 2.2109456
0.12949352 	 1.604256
0.16382411 	 1.956748
0.06483808 	 2.2341921
0.099693656 	 2.5335515
0.05644901 	 6.192813
0.09064501 	 2.2217774
0.0013540012 	 2.5205412
0.06891106 	 3.9850214
0.050832577 	 3.640828
0.054072484 	 2.4330337
0.13784146 	 0.619683
0.12084496 	 2.0863025
0.08502778 	 1.9663485
0.00015873977 	 3.1571634
0.00086124067 	 1.2872688
2.8253e-05 	 2.8593087
0.0014367286 	 2.2984385
0.0009905236 	 1.7729657
0.0012545107 	 2.2829678
0.06205709 	 2.4535055
0.03134928 	 1.968512
0.014704341 	 2.026838
0.008081399 	 2.3646264
0.019393366 	 2.2995682
0.05586355 	 1.265786
0.02232388 	 1.8995168
0.00036520473 	 1.6259855
0.010505894 	 2.6851895
0.00015295722 	 1.9357157
1.7702736e-05 	 2.647685
9.274913e-05 	 1.240289
4.172334e-06 	 1.6305078
4.410841e-05 	 1.4971983
2.7358907e-05 	 2.0125518
2.7358907e-05 	 1.6434613
0.00013405982 	 2.3890781
0.00013405982 	 1.5675375
0.0007567288 	 1.240856
7.152583e-06 	 1.9276321
0.014605812 	 0.79494125
0.0007395498 	 3.0307307
-8.344647e-07 	 2.6415906
3.4570753e-06 	 2.4269142
0.019964479 	 3.321026
7.5698185e-06 	 1.3840935
4.3512337e-05 	 1.3570143
1.4901173e-06 	 2.2683282
0.0025888188 	 2.3657146
0.000507722 	 1.3490796
0.0019458975 	 1.6718955
0.009427802 	 2.1422884
0.01381569 	 2.3823807
0.00016243586 	 0.7474031
0.019889083 	 0.7023213
0.017666264 	 2.1406345
0.00022741758 	 2.4054596
0.019716725 	 2.7741418
0.0034343498 	 3.1438732
0.00090992113 	 1.457022
0.043943647 	 3.2269623
8.267506e-05 	 2.4120266
0.001747704 	 1.2692784
0.0017207756 	 2.846092
0.0051464317 	 2.3765433
0.041875836 	 1.9352416
0.020127272 	 2.0874248
7.003791e-05 	 2.8969734
5.5493463e-05 	 2.1633334
0.0049413736 	 2.7612731
0.0044528292 	 1.2900616
1.08481045e-05 	 2.0451643
0.0010560364 	 1.3657447
0.010606068 	 2.3886707
0.0076385867 	 0.9111039
9.596394e-06 	 1.5790305
0.019858196 	 1.8801826
0.0011814657 	 1.8689116
0.007271377 	 2.2826045
8.106264e-06 	 3.0475113
1.4901272e-05 	 2.671003
4.7386817e-05 	 1.1003428
2.264979e-06 	 2.444807
1.4305125e-06 	 1.4741342
0.002332246 	 1.5020531
0.000263368 	 2.764737
5.555307e-05 	 2.7867053
3.9399445e-05 	 0.7374899
7.212188e-06 	 1.8507808
2.0861844e-05 	 2.472116
0.01996144 	 2.4006302
0.021606876 	 1.4793799
0.039458994 	 2.6531804
0.034587722 	 2.9803083
0.040763408 	 3.017822
0.020730084 	 2.9926662
0.022993887 	 3.7544286
0.020606013 	 2.4654438
0.033502843 	 1.0014157
0.019257063 	 1.6304884
0.000446777 	 2.4874804
0.00038601458 	 1.2367599
0.004891478 	 3.1664016
0.0074497103 	 2.8421154
0.014220074 	 1.4511155
0.0007640061 	 2.1070142
0.00022437706 	 3.4910948
0.0014006763 	 2.3712828
0.0007669886 	 1.200454
0.0073006162 	 3.6030788
0.008381224 	 1.0626163
0.014479353 	 1.3056201
0.000862911 	 1.4904093
0.00037677234 	 1.670906
0.00022294623 	 1.4939362
0.0041460395 	 2.8658597
3.3379158e-05 	 1.7400078
0.00019856279 	 3.1350193
0.00077384844 	 2.9406316
8.321155e-05 	 1.9305221
0.0003854779 	 1.5947652
0.00048154264 	 1.6186135
0.0015184481 	 2.324879
0.00039239475 	 2.6963656
0.00035727446 	 2.2395844
0.0009642719 	 2.0044408
0.0032714414 	 3.5668466
0.00036770906 	 1.3368056
0.00046758854 	 3.3983579
0.00068884966 	 1.2261755
0.13066556 	 2.8315027
0.11168542 	 1.4828314
0.0025471079 	 1.6079305
0.09002523 	 1.2780632
-9.5367386e-07 	 9.190829
0.0001626743 	 1.5968931
0.029731529 	 2.8169477
0.020268315 	 4.860183
0.0006925477 	 2.6114407
1.1920936e-06 	 1.9903101
0.015411328 	 2.7610147
0.023713596 	 2.783694
0.0116247665 	 1.9561349
1.6331805e-05 	 3.0308197
0.00012386612 	 2.499632
4.822132e-05 	 3.283023
-8.344647e-07 	 2.3665383
-9.5367386e-07 	 1.8542391
3.63589e-06 	 1.5256325
-8.344647e-07 	 8.964275
0.00012064708 	 6.4189224
-4.7683704e-07 	 5.344192
1.2159421e-05 	 2.0850031
0.018330364 	 1.3939737
0.00021281122 	 2.884292
0.24503124 	 2.4188595
0.1591409 	 2.4008965
0.0009640929 	 3.2820752
0.017160853 	 1.9622861
0.00042906665 	 4.1844144
0.00012565448 	 6.788045
0.020601023 	 2.2974858
8.267506e-05 	 2.0578039
0.07715368 	 1.3700181
0.07035162 	 2.0898328
0.055274088 	 5.300959
0.053100333 	 3.1350932
0.0048293667 	 9.755377
0.04181381 	 1.3530536
0.06289256 	 1.5489389
0.018581236 	 2.0029545
0.08844002 	 1.9314169
0.0038025463 	 3.922209
1.4782061e-05 	 3.1910481
0.027440125 	 2.1648586
0.03457489 	 1.4616253
2.586875e-05 	 7.895071
0.03767581 	 2.2772071
1.7285362e-06 	 8.104086
0.00041767737 	 3.6419442
0.017420653 	 1.5567257
0.0023051824 	 5.3838058
8.16587e-06 	 1.1964835
0.03742412 	 2.782182
0.020762093 	 2.165732
0.0078088157 	 1.7390486
0.11645501 	 2.6265478
0.15369765 	 1.5062515
0.056406885 	 2.434767
0.09050152 	 2.0214684
0.066611476 	 3.42415
0.1312617 	 1.1569828
0.10255789 	 1.9263605
0.054142322 	 2.1819038
0.14223857 	 2.6321874
0.06651273 	 0.9311713
0.07465479 	 1.4460324
0.12818633 	 2.172524
0.020588124 	 2.034807
0.020352136 	 2.9243343
0.0018502892 	 1.5177194
0.0002982465 	 1.6539886
0.00586114 	 2.540731
0.00040455893 	 3.553475
9.322601e-05 	 2.3112648
0.00065699936 	 2.9857073
0.0026060892 	 5.56363
0.19285992 	 3.128232
0.1251426 	 2.5609708
0.18382253 	 3.356381
0.22500373 	 1.7888241
0.3445341 	 2.0794845
0.2788152 	 1.5613484
0.15763842 	 1.7550253
0.21443045 	 1.547454
0.22869432 	 1.6109904
0.09021308 	 1.3436468
0.11777149 	 1.8774531
0.08837622 	 2.0681772
0.13644557 	 1.035129
0.21559168 	 1.291257
0.11250025 	 0.8040749
0.08502907 	 1.6958711
0.020989047 	 2.7157972
0.11224001 	 5.135978
1.6689314e-06 	 3.6426632
0.008021012 	 3.7116203
0.043913007 	 2.3974185
0.019771803 	 1.6929721
0.016074052 	 4.0008907
0.08078672 	 3.7031105
0.090180464 	 1.978447
0.07682736 	 2.2816572
0.07687989 	 1.4927726
0.04935991 	 2.5318751
0.0394673 	 2.7556238
0.032444198 	 2.6914546
0.032762628 	 3.7248342
0.0038385657 	 3.4667573
0.012960736 	 1.5459201
0.037992567 	 3.4478145
0.050746914 	 3.1718502
Summary
-9.5367386e-07  -  1.0585117 ,  0.619683  -  9.755377
accuracy:  99.7
equal predictions:  0
