TensorFlow version: 1.13.1
Found 939 images belonging to 1 classes.
argN = 3136
argN = 3136
0.22858502 	 1.0334907
0.21404417 	 0.5907749
0.18683457 	 1.0371764
0.24895035 	 0.7453874
0.22113174 	 0.5337859
0.22951856 	 0.57408124
0.22793843 	 0.6374206
0.16230434 	 0.41152012
0.1783711 	 0.8703988
0.20138839 	 0.6813185
0.114780314 	 0.38187093
0.11823414 	 0.9966075
0.17274836 	 1.3331039
0.16734998 	 1.519661
0.19234012 	 1.13697
0.1875352 	 0.59754336
0.20925723 	 1.0933901
0.22161332 	 1.1278361
0.2346402 	 1.3954384
0.1624785 	 0.91919535
0.18687063 	 0.46257442
0.14114653 	 0.3795328
0.12343422 	 0.6337628
0.1467021 	 0.6383978
0.21713582 	 0.92406386
0.21109182 	 0.5670035
0.20503768 	 0.87587005
0.20084432 	 0.6541066
0.20053047 	 0.85555375
0.25214848 	 0.53998274
0.22605939 	 1.0296772
0.3079746 	 0.82631654
0.2528884 	 0.6065708
0.24468136 	 1.2327789
0.24851626 	 1.0128267
0.24284327 	 1.102145
0.23313512 	 0.94590414
0.3298501 	 0.6583241
0.24240947 	 0.51566094
0.19248462 	 1.050769
0.17106107 	 0.67466927
0.20932615 	 0.8663055
0.20550095 	 0.7232409
0.14388937 	 1.6152787
0.1518173 	 1.6995715
0.16323547 	 0.8269144
0.1526374 	 0.39127383
0.12732105 	 0.84402174
0.11765765 	 1.3314854
0.113319084 	 0.53597414
0.20456336 	 1.2186626
0.15829918 	 0.7538852
0.15935183 	 0.61265117
0.21087131 	 1.0946256
0.20520642 	 0.63369954
0.20588526 	 0.54371595
0.2055172 	 0.51304865
0.17326742 	 0.6549669
0.19199643 	 0.8424387
0.14496051 	 1.1234851
0.111625634 	 0.8462516
0.13504554 	 0.6900581
0.13746499 	 0.44388217
0.12633558 	 0.8459223
0.23241678 	 0.5352658
0.26472867 	 0.54405975
0.27649093 	 1.2054516
0.20536803 	 0.6043132
0.23226292 	 1.132435
0.2955093 	 0.7267677
0.22473542 	 0.67912406
0.20799874 	 0.5444649
0.21079211 	 1.0286412
0.16795698 	 0.9545473
0.15486565 	 1.0500872
0.168553 	 0.9562949
0.20239787 	 0.6865698
0.5249861 	 0.79929227
0.599184 	 0.6423517
0.49432325 	 0.7437237
0.24954197 	 0.51223195
0.30268076 	 0.9084966
0.25121135 	 0.41726306
0.1951445 	 0.84628385
0.21320802 	 0.5835533
0.21970683 	 0.7601159
0.23159292 	 0.39974475
0.19244279 	 1.4140438
0.1440165 	 1.3108531
0.15613484 	 1.1398615
0.11746121 	 0.7928021
0.10661196 	 0.5920351
0.09742719 	 0.44052556
0.081334196 	 1.3081512
0.116818234 	 0.5443641
0.13653685 	 0.55365855
0.16374765 	 0.67054206
0.1968284 	 0.6204207
0.1915245 	 0.6299994
0.22206788 	 0.44765413
0.2306714 	 0.6036027
0.22062142 	 0.3948307
0.22670768 	 0.5280923
0.22927168 	 0.45800298
0.24532935 	 1.159293
0.21192451 	 0.8413795
0.23299779 	 0.74642086
0.23719169 	 0.52003515
0.21718833 	 0.38827148
0.21393482 	 0.91933167
0.22363643 	 0.5647672
0.2096432 	 0.5369171
0.2129885 	 0.5560269
0.21291275 	 0.6506432
0.19440457 	 0.49322546
0.17037047 	 0.5149156
0.19163395 	 0.8191582
0.16830838 	 1.0694968
0.17357397 	 0.8467144
0.14710706 	 0.9801001
0.16802558 	 0.73303515
0.14217755 	 0.41484
0.15289482 	 0.63923115
0.124395564 	 0.5929393
0.1175851 	 0.59172904
0.10245691 	 0.56031734
0.08172841 	 0.35612497
0.09731747 	 0.6825653
0.08355219 	 2.0918865
0.0904948 	 1.308973
0.08321121 	 1.5198367
0.10696453 	 0.49518666
0.093883224 	 0.84674245
0.10748751 	 0.85408926
0.10419502 	 0.69620323
0.10636711 	 1.0600865
0.09700986 	 0.57268465
0.08963986 	 0.5167969
0.09272499 	 0.72853804
0.08856421 	 0.40245393
0.08341392 	 0.82217175
0.090431504 	 0.4432347
0.086065 	 0.67713666
0.089426175 	 0.6172105
0.08284717 	 0.6978733
0.08342914 	 1.0845903
0.08383598 	 1.2455803
0.08283098 	 0.2338048
0.085794084 	 0.72970074
0.0878302 	 1.3782607
0.08762517 	 0.7741167
0.08734537 	 0.6574819
0.07884058 	 0.7598334
0.0856018 	 0.6423927
0.095878825 	 0.42438915
0.09077051 	 0.87918735
0.09869003 	 0.66140115
0.08839412 	 0.7467705
0.09938459 	 1.5901889
0.09264481 	 0.54637486
0.09650218 	 0.62566453
0.10613902 	 0.4151571
0.117623515 	 0.77765304
0.1051301 	 0.29145804
0.090926714 	 0.8880881
0.09368402 	 0.36996263
0.10056442 	 1.1073625
0.0926915 	 0.41131255
0.10479055 	 0.7455032
0.1063325 	 0.49554497
0.12751082 	 0.45522416
0.11662318 	 0.90991634
0.1285503 	 0.69533217
0.14020549 	 0.67023593
0.13677718 	 0.3629401
0.13805166 	 1.2308133
0.17212328 	 0.4186588
0.17418179 	 0.7159137
0.18151067 	 0.30639583
0.20245917 	 0.49688601
0.19641599 	 0.33572558
0.18002325 	 0.9137547
0.19886994 	 0.673647
0.19753993 	 0.93938124
0.19247104 	 0.8608915
0.20680627 	 0.41270062
0.21735439 	 0.4153843
0.20740889 	 1.0671086
0.2042795 	 0.8585211
0.20574532 	 0.67637604
0.19776165 	 0.5318617
0.1860169 	 0.8030609
0.17731191 	 0.5291281
0.176043 	 0.62227577
0.1531476 	 0.42823055
0.16382797 	 0.88683206
0.16596788 	 0.93959975
0.16306537 	 0.97720885
0.1378299 	 0.38992926
0.14505099 	 0.49283823
0.14158139 	 0.87574995
0.4585032 	 0.8196628
0.3606192 	 0.71860176
0.30503413 	 0.9514352
0.29597333 	 0.9189763
0.31854197 	 1.0820664
0.32256216 	 1.0137457
0.32176292 	 0.6983907
0.33592403 	 1.0675783
0.35253048 	 1.0291332
0.338888 	 1.0334882
0.3458619 	 1.0981613
0.3649698 	 0.91173697
0.34740305 	 0.8786255
0.316125 	 0.8851558
0.32774377 	 1.0249823
0.32786968 	 0.96843594
0.34753814 	 1.1723624
0.33844635 	 0.99585855
0.3288941 	 0.853272
0.3468707 	 0.91232926
0.3184346 	 1.0131993
0.30769503 	 1.0515416
0.34624222 	 0.91549927
0.29404363 	 1.1459293
0.33019003 	 1.026927
0.30571288 	 0.68935734
0.31553844 	 1.1329584
0.3123604 	 0.96789813
0.3120124 	 1.112887
0.36085173 	 0.93498695
0.36611527 	 0.96211994
0.35937887 	 1.0578326
0.34772125 	 0.9611652
0.33848688 	 0.93482405
0.32985607 	 1.0673664
0.32995597 	 1.0641308
0.32401413 	 1.0650029
0.29786873 	 1.123631
0.31462148 	 0.7490896
0.3152251 	 0.7676496
0.2752278 	 1.2488072
0.46779755 	 0.86646265
0.30595616 	 1.6653553
0.2646008 	 1.2764444
0.2506277 	 0.89930975
0.2080728 	 1.0214356
0.20498493 	 0.78469765
0.23266888 	 1.02693
0.22410087 	 0.7867032
0.2111365 	 0.85271966
0.20996734 	 1.0963548
0.20365487 	 0.6847914
0.22430517 	 1.1628357
0.21535006 	 0.98580724
0.23872425 	 1.2208722
0.24364352 	 1.2156844
0.24983072 	 1.0355686
0.28351375 	 1.1409537
0.3000483 	 0.9605599
0.3033062 	 0.9565946
0.32391188 	 0.9454568
0.2943972 	 0.8564884
0.27210745 	 0.9993035
0.25739896 	 0.9271128
0.25600547 	 1.2301803
0.25811428 	 0.80111295
0.2343106 	 1.2446492
0.20910396 	 1.0730306
0.2327933 	 0.7009482
0.2205587 	 1.2155968
0.22716935 	 1.1776211
0.22504084 	 1.1324866
0.218367 	 1.0622247
0.21575503 	 1.1431744
0.20886941 	 0.9217967
0.23142147 	 1.1874523
0.23694858 	 1.004039
0.23767471 	 1.4796126
0.25859153 	 0.9905666
0.31890234 	 1.1439257
0.3527604 	 1.0596235
0.35887986 	 0.8309674
0.38136983 	 0.75205445
0.39246082 	 0.85363615
0.37689966 	 0.8135081
0.3434737 	 1.1108304
0.35012808 	 0.97223645
0.31825957 	 1.0969299
0.31086677 	 0.734674
0.2737217 	 1.0535878
0.2691346 	 0.81031585
0.2520224 	 1.261601
0.21893203 	 0.98292285
0.21054296 	 0.9552148
0.2110715 	 1.424302
0.21184245 	 0.8629565
0.22864653 	 0.8065514
0.21917623 	 1.078484
0.22433455 	 1.1714216
0.20875557 	 0.9210486
0.20503044 	 1.1035
0.2278394 	 1.3025253
0.2335354 	 1.1593859
0.2125693 	 1.0594252
0.22558285 	 1.3381493
0.22082002 	 1.1064684
0.22747836 	 0.6765669
0.22249241 	 1.3161491
0.23500572 	 1.1173568
0.22082782 	 0.98193264
0.20741975 	 0.89249223
0.19473344 	 0.8029362
Summary
0.07884058  -  0.599184 ,  0.2338048  -  2.0918865
accuracy:  100.0
equal predictions:  0
TensorFlow version: 1.13.1
Found 939 images belonging to 1 classes.
argN = 3136
argN = 3136
0.45526117 	 0.7986817
0.43978986 	 1.2362168
0.41718736 	 1.0615511
0.22630833 	 1.8663063
0.19742431 	 1.6736082
0.17591529 	 1.5521547
0.16183046 	 1.5137639
0.1738252 	 1.6451703
0.085986204 	 1.5540386
0.14662437 	 0.57876873
0.22244269 	 1.0645066
0.2367901 	 1.1165396
0.32237208 	 0.66677964
0.28604263 	 0.4269336
0.30990118 	 0.61263245
0.24349189 	 0.6683581
0.18043602 	 0.7083547
0.17996973 	 0.8854693
0.19188826 	 1.0195559
0.20429836 	 1.1159394
0.21025945 	 2.0086753
0.24578202 	 2.1465154
0.33351058 	 1.4551148
0.46389204 	 1.072672
0.47044346 	 0.57079387
0.5942439 	 0.6141715
0.5810633 	 0.6179388
0.5489745 	 0.5722713
0.51107335 	 0.565198
0.47813606 	 0.5351704
0.46172464 	 0.5729814
0.4750832 	 0.52366215
0.49509934 	 0.56335276
0.575801 	 0.8964789
0.56202066 	 0.861823
0.5619232 	 0.79879516
0.40115067 	 0.91082484
0.38070148 	 0.9272421
0.3366696 	 0.98487467
0.2796238 	 1.2203431
0.11702264 	 2.1230636
0.10120415 	 1.3543886
0.078845486 	 2.0198956
0.21560174 	 0.5832356
0.2593155 	 1.0511308
0.27065715 	 0.43906507
0.252024 	 0.41670397
0.2672171 	 0.43795365
0.15496948 	 0.7184821
0.1552561 	 0.95210403
0.1795725 	 0.9429386
0.18984938 	 1.2169471
0.17422003 	 1.1925207
0.13029313 	 1.6240231
0.057882838 	 1.5646673
0.057274763 	 2.1422193
0.052818213 	 1.740005
0.062168717 	 1.8673012
0.060216032 	 1.4416442
0.05550952 	 1.8370845
0.076421954 	 1.2475431
0.07775812 	 2.0939996
0.123176046 	 1.50386
0.13452889 	 1.5759116
0.45886207 	 0.9909521
0.49798265 	 0.5759682
0.48083198 	 0.6787212
0.52788883 	 0.6265307
0.5482231 	 0.5874038
0.546281 	 0.5930874
0.5505789 	 0.5538253
0.5493036 	 0.5679344
0.49127403 	 0.74673754
0.39065152 	 0.8680977
0.42246938 	 0.9111552
0.47985798 	 0.8934919
0.47607875 	 0.8063482
0.4422742 	 0.76742357
0.3155381 	 1.0956174
0.16214065 	 1.1571507
0.20683075 	 0.667655
0.23644567 	 0.7390661
0.20937465 	 0.9848453
0.19966355 	 1.23369
0.25125754 	 1.0094594
0.27914935 	 0.87792057
0.36954924 	 0.42754123
0.34541407 	 0.39932758
0.34929106 	 0.34588602
0.38593423 	 0.25855154
0.19595054 	 1.272972
0.20922673 	 1.3965136
0.17280546 	 1.5211067
0.18566297 	 1.1224095
0.15400639 	 1.1492833
0.06130704 	 2.1579883
0.053541232 	 1.9674116
0.06672132 	 1.7514176
0.07502061 	 1.850708
0.13667275 	 1.4493331
0.04670126 	 2.130817
0.38233158 	 0.67633057
0.36736673 	 0.4771888
0.40067703 	 0.5476865
0.38729715 	 0.5622143
0.39182067 	 0.5380347
0.41910136 	 0.39395037
0.38959745 	 0.45734802
0.41593325 	 0.5089458
0.40274546 	 0.65375173
0.373723 	 0.6583595
0.36947858 	 0.5355403
0.34558347 	 0.62180823
0.26790237 	 0.67068845
0.2523482 	 0.6447991
0.23091 	 0.6511129
0.22943766 	 0.72622824
0.20814736 	 0.66970134
0.20166174 	 0.79232585
0.20009674 	 0.8472789
0.1889545 	 0.6833745
0.19102806 	 0.78343904
0.1851266 	 0.740511
0.19326869 	 0.8415244
0.19959718 	 0.82041353
0.20006193 	 0.88820285
0.18624644 	 0.793503
0.18029724 	 0.91326493
0.18149644 	 0.7361717
0.17475164 	 0.96839374
0.18200599 	 1.031105
0.17755882 	 1.0157402
0.17687276 	 0.91563225
0.1729296 	 0.89464355
0.1805037 	 0.8947258
0.17229103 	 0.7344154
0.15277003 	 0.80678266
0.1279379 	 0.91220295
0.0975801 	 0.7419365
0.10169093 	 1.0868043
0.094584346 	 0.93308413
0.100191765 	 0.8784513
0.09308813 	 0.75915366
0.10400843 	 0.8207954
0.100403935 	 0.9402421
0.08902377 	 0.80073833
0.10212118 	 1.1232033
0.08778602 	 0.799705
0.090413235 	 0.79443854
0.092242286 	 1.5356902
0.086127885 	 1.068934
0.08190171 	 0.78287965
0.068537 	 0.7272844
0.055175953 	 1.1729839
0.05512336 	 0.89376795
0.06799367 	 0.7202291
0.060789607 	 0.86399937
0.06251757 	 0.8648041
0.055213682 	 0.8614463
0.05583229 	 0.8247374
0.065726295 	 0.92433333
0.066723615 	 0.86842084
0.06351804 	 0.95018566
0.059860326 	 0.8677327
0.06970135 	 0.8363732
0.06885072 	 0.91292316
0.070895724 	 0.8159104
0.07322668 	 0.9019122
0.08247931 	 1.0080044
0.09900277 	 0.806007
0.07932124 	 0.8610473
0.09400036 	 0.61588734
0.08801035 	 1.1296834
0.13756402 	 0.86322933
0.15237755 	 0.71841383
0.16158299 	 0.81621945
0.14793283 	 0.7992995
0.13103874 	 0.8096719
0.12062699 	 0.84135586
0.1210331 	 0.82529074
0.116526864 	 0.8084167
0.11938143 	 0.68829846
0.107940376 	 0.83824295
0.118217774 	 0.63342535
0.1116431 	 0.8829981
0.1185089 	 0.84291947
0.11380726 	 0.8864574
0.097684324 	 0.9410291
0.08831104 	 0.9393324
0.09241087 	 0.9629549
0.08501765 	 0.72726935
0.07911459 	 0.8223017
0.06968467 	 0.957877
0.05582706 	 0.73650306
0.044698857 	 1.2549284
0.043022294 	 1.022781
0.045351222 	 0.9916125
0.4406763 	 0.63880587
0.3831802 	 0.7027969
0.37084204 	 0.68240464
0.3583463 	 0.759321
0.36600628 	 0.68246675
0.3461363 	 0.79214317
0.32116792 	 0.5822543
0.308526 	 0.7102237
0.2896993 	 0.81983924
0.2956801 	 0.6696696
0.3061459 	 0.72545534
0.3288869 	 0.67508465
0.32930654 	 0.70810807
0.2858711 	 0.9810167
0.27751663 	 0.82098
0.2757435 	 0.7016677
0.2655453 	 0.7744094
0.24880189 	 0.6853489
0.26221666 	 0.6669863
0.25566682 	 0.97818136
0.2719078 	 0.76460683
0.2495187 	 1.0036323
0.26974735 	 0.768101
0.2593657 	 0.70929354
0.26076606 	 0.9481447
0.24337693 	 1.0066555
0.2518793 	 0.69254667
0.3264971 	 0.93053114
0.3366272 	 0.82986563
0.34452012 	 0.6566968
0.27874738 	 0.6959059
0.2730878 	 0.92250043
0.2635494 	 0.69785064
0.27562323 	 0.92748755
0.29821193 	 0.6889654
0.3229444 	 0.70365435
0.42255068 	 0.79420084
0.34362617 	 0.87026733
0.2861457 	 0.8498867
0.23541777 	 0.7379187
0.22376361 	 0.78731865
0.21711996 	 0.8080329
0.23958322 	 0.77124333
0.2605716 	 0.95738983
0.2857253 	 0.99492395
0.27726808 	 0.4693015
0.26591685 	 0.8938076
0.24880403 	 0.82172155
0.2363346 	 0.7866645
0.23064469 	 1.0690223
0.2221927 	 0.9760124
0.23023926 	 0.7657452
0.21156062 	 0.89331675
0.21715418 	 0.7476833
0.21253635 	 0.8705175
0.21261854 	 0.81367874
0.23067306 	 0.70372057
0.28242677 	 0.6085357
0.2806971 	 0.8023922
0.3039786 	 0.6488235
0.30574784 	 0.8622738
0.30229023 	 0.6447696
0.28784016 	 0.83083636
0.31961742 	 0.6554633
0.3363463 	 0.5469476
0.369295 	 0.70414114
0.39605576 	 0.7727143
0.35486138 	 0.6556119
0.2930973 	 0.74575585
0.27314967 	 0.46916133
0.2527627 	 0.9203457
0.24297914 	 0.72273654
0.22841184 	 0.88439876
0.2241486 	 0.6341302
0.21954142 	 0.74812335
0.21361087 	 0.9492469
0.20501594 	 0.6395438
0.24827732 	 0.7002964
0.24569826 	 0.82264465
0.24538137 	 0.48876497
0.26575288 	 0.6863484
0.34088063 	 0.78852534
0.37025046 	 0.7492738
0.400965 	 0.8466713
0.4776966 	 0.82863677
0.48173937 	 0.68810827
0.46685383 	 0.72804254
0.45802447 	 0.62658995
0.4489174 	 0.59718436
0.4733866 	 0.6917442
0.44123325 	 0.57831633
0.4879839 	 0.5779638
0.4971481 	 0.6228504
0.48741013 	 0.5352907
0.48091576 	 0.64165175
0.4846278 	 0.5702903
0.42620236 	 0.72908175
0.3446581 	 0.7003312
0.33098218 	 0.6616695
0.25173575 	 0.74834263
0.19193758 	 0.7282402
0.18006721 	 0.8464566
0.18984418 	 0.72007763
0.18911651 	 0.7675159
0.18388923 	 0.62731516
0.18430595 	 1.1783726
0.18140204 	 0.70763206
0.20855802 	 0.7233143
0.23647444 	 0.7410653
0.23871456 	 0.80573124
0.26240587 	 0.67222476
0.24715813 	 0.7428334
0.24980547 	 0.7194689
0.2326342 	 0.7077524
0.2205755 	 0.7714132
0.24105869 	 0.87189597
Summary
0.043022294  -  0.5942439 ,  0.25855154  -  2.1579883
accuracy:  99.0
equal predictions:  0
TensorFlow version: 1.13.1
Found 939 images belonging to 1 classes.
argN = 3136
argN = 3136
0.83843416 	 1.2235694
0.87586445 	 1.1787257
0.61406267 	 1.5100965
0.42913967 	 1.8787049
0.3016545 	 1.7931505
0.20571655 	 1.9909047
0.08184368 	 1.746405
0.0752092 	 1.9007074
0.0797197 	 2.1117954
0.081821494 	 1.735451
0.0766256 	 1.8838133
0.11044215 	 1.9616128
0.19637704 	 0.95105565
0.37599093 	 1.2206017
0.5649931 	 0.84229046
0.5665938 	 0.79367936
0.57799816 	 0.9545858
0.572649 	 1.037691
0.14776796 	 2.141665
0.12508714 	 1.7880086
0.16657561 	 2.1325593
0.16766274 	 3.2031481
0.16101085 	 1.8295673
1.0217341 	 1.223101
1.2653378 	 1.1046331
1.1813055 	 1.3298932
0.90226156 	 1.7099555
0.73241377 	 1.3427486
0.6669977 	 1.4062889
0.9067523 	 1.458813
0.9224445 	 1.6130264
0.9376562 	 1.1296567
0.22943158 	 1.3811148
0.26919013 	 1.4897999
0.28890654 	 1.2758337
0.115286194 	 2.2863536
0.11799239 	 1.74311
0.07888302 	 1.8000294
0.21121874 	 1.0599669
0.2708493 	 1.375793
0.4213865 	 1.0039028
0.49443847 	 0.88135594
0.24428216 	 1.1304055
0.24812515 	 1.044222
0.24856387 	 1.2777045
0.093298405 	 1.8429432
0.08256534 	 2.2288404
0.0508808 	 2.080339
0.05143455 	 1.8996682
0.05564373 	 1.1758453
0.054184165 	 1.5012555
0.050528027 	 1.9298686
0.102501884 	 1.8234862
0.16495971 	 1.4257687
0.23155168 	 1.8465893
0.57844853 	 1.1835736
0.5830736 	 1.2062839
0.64754754 	 1.1489824
0.6669227 	 1.3030639
0.57191896 	 1.2657639
0.4640714 	 1.202582
0.17094517 	 1.7857898
0.15611115 	 1.5976771
0.17592894 	 1.2835184
0.1993348 	 1.4937252
0.44039518 	 1.3548756
0.3276968 	 1.205152
0.13929282 	 2.0995061
0.1221535 	 1.6816471
0.106282525 	 1.6520166
0.13348405 	 2.141499
0.15805635 	 1.5393131
0.29816976 	 0.91597
0.3209607 	 0.8337664
0.37574884 	 0.7282259
0.30998245 	 0.9082571
0.18703577 	 1.6603558
0.40993792 	 0.9769248
0.46691182 	 0.9038406
0.64556247 	 0.6194289
0.07615826 	 2.290241
0.097169995 	 1.8092296
0.17247508 	 1.2798252
0.14905772 	 1.4159485
0.085104935 	 1.7901832
0.5609702 	 0.68290406
0.6414192 	 0.70702976
0.6092322 	 0.6302526
0.5813724 	 0.6423596
0.6214329 	 0.7012494
0.59115565 	 0.64871746
0.61072075 	 0.7410605
0.61669797 	 0.6614595
0.621646 	 0.6435528
0.57536745 	 0.664375
0.5435505 	 0.695722
0.54779756 	 0.7555058
0.5135045 	 0.7099063
0.49840376 	 0.7542979
0.4318844 	 0.75809205
0.43607572 	 0.85277617
0.4110224 	 0.7106556
0.3976937 	 0.77908057
0.33153737 	 0.94011056
0.2990488 	 0.678693
0.23661776 	 0.6317428
0.2134461 	 0.6220721
0.2118188 	 0.65703225
0.124121286 	 0.585594
0.11187391 	 1.1253943
0.09896105 	 0.7165985
0.104349695 	 0.46654597
0.10387438 	 0.90287757
0.105070904 	 0.6965526
0.10399699 	 0.8305527
0.10956853 	 0.71128654
0.097994514 	 0.92999107
0.09084695 	 1.0526861
0.08814978 	 1.0955653
0.08800508 	 0.6383517
0.09350749 	 1.0771441
0.094281435 	 0.83632
0.08787432 	 0.77900624
0.08578421 	 0.7109297
0.06703951 	 1.0136173
0.06581936 	 1.6445775
0.06502578 	 0.7350809
0.06307151 	 0.61200905
0.057245035 	 0.6954881
0.057555363 	 0.7299342
0.061930384 	 1.1539305
0.05435697 	 1.1967586
0.05976908 	 0.7434467
0.05297532 	 0.8782961
0.046282526 	 0.85249984
0.03900455 	 0.6255072
0.03419124 	 0.99893624
0.038583018 	 0.7368954
0.035983536 	 0.6448781
0.036616143 	 0.7559943
0.031264655 	 0.892076
0.02972895 	 1.1311393
0.030685024 	 1.1351928
0.03356682 	 0.83584577
0.0370961 	 0.5561321
0.04029 	 0.74395376
0.04105208 	 0.65390944
0.040964704 	 0.75602657
0.03949601 	 1.0648775
0.039511945 	 0.6932516
0.03645355 	 0.927918
0.03984777 	 0.6956006
0.05720912 	 0.8071852
0.057259172 	 0.74824375
0.05086619 	 0.85446095
0.054057006 	 0.7453954
0.053682603 	 0.56341416
0.07324893 	 0.67966425
0.08204423 	 0.9744694
0.07153884 	 0.8757767
0.07762148 	 1.4560056
0.070329376 	 0.99709636
0.076131955 	 1.1194932
0.07237638 	 0.82133174
0.08914711 	 0.7623989
0.08345299 	 0.7754714
0.09939197 	 0.6584129
0.09212359 	 1.0449713
0.09686847 	 0.77943635
0.086390644 	 0.9652362
0.09258112 	 0.722856
0.09863958 	 0.8850927
0.10515281 	 0.64463466
0.12159581 	 0.56663185
0.1411192 	 0.91555554
0.16775155 	 0.83052546
0.18222961 	 0.69151425
0.18679757 	 0.9428317
0.17561428 	 0.8089078
0.1752312 	 0.8214342
0.17665958 	 0.54214585
0.17722054 	 0.7068109
0.18779868 	 0.78807926
0.1820614 	 0.85247946
0.15880242 	 0.9072708
0.15301679 	 0.88882434
0.15342732 	 1.0231951
0.119647026 	 0.96158797
0.11580397 	 0.73241305
0.087678716 	 0.8635913
0.066259794 	 0.63637686
0.059073225 	 0.7249559
0.05040603 	 1.1182543
0.049507953 	 0.8108198
0.0496517 	 0.79995227
0.3484274 	 0.6085586
0.33709633 	 0.7561768
0.37564602 	 0.6765446
0.3715657 	 0.83077615
0.35192013 	 0.94040835
0.32399616 	 0.91297406
0.26818565 	 0.56809616
0.24171321 	 0.97849786
0.22838382 	 0.8117715
0.22973754 	 0.90573174
0.22686008 	 0.7206885
0.2302226 	 0.7569797
0.21810268 	 0.4518687
0.24907115 	 0.80244577
0.2606969 	 0.6948496
0.24516885 	 0.7681368
0.24514014 	 0.84255993
0.2258443 	 1.0162528
0.23703107 	 0.6583685
0.22824723 	 0.83038116
0.20596033 	 0.7994971
0.22368906 	 0.7122637
0.21161263 	 1.0140865
0.22796336 	 0.92654544
0.2210591 	 1.143857
0.2103698 	 1.1837243
0.21914113 	 0.9054882
0.22252473 	 0.8379442
0.28199396 	 0.72510743
0.26785073 	 0.8652653
0.26961198 	 0.6087274
0.26082036 	 0.6718512
0.25995886 	 0.9001387
0.2431887 	 0.7139982
0.2415542 	 0.7480654
0.33708313 	 0.62515765
0.2160239 	 0.8289143
0.21168628 	 0.7382703
0.20880154 	 1.0999066
0.21994327 	 0.60319895
0.21034735 	 0.7565281
0.2178414 	 0.88043946
0.20446618 	 0.48970225
0.193525 	 0.9105637
0.20625009 	 0.9825335
0.20600164 	 0.81797206
0.21802358 	 1.0420862
0.19710551 	 0.6256908
0.1846212 	 0.5728852
0.19076835 	 1.0703274
0.18266918 	 0.9246569
0.16019233 	 1.1375873
0.17344323 	 0.91351604
0.20781544 	 1.039282
0.22586282 	 0.76560885
0.21855855 	 0.7343918
0.24442735 	 0.81135106
0.24429806 	 0.39821354
0.2444804 	 0.9363871
0.22923487 	 0.77839595
0.23270002 	 0.9007685
0.23586227 	 0.9227699
0.31042618 	 0.7718612
0.3258514 	 0.79179776
0.3382558 	 0.71017444
0.3478178 	 0.78922915
0.40466645 	 0.65939593
0.40023258 	 0.78391933
0.40793863 	 0.64860207
0.27162474 	 0.729932
0.25120306 	 0.4551533
0.23704028 	 0.5431889
0.19262503 	 0.75960165
0.19082959 	 0.8886372
0.19794254 	 0.8635475
0.1800097 	 0.8363114
0.19259526 	 1.0570312
0.1666201 	 0.74500626
0.1630992 	 0.58134705
0.18198675 	 0.93131346
0.23754251 	 0.72089905
0.3549952 	 0.4985228
0.35616386 	 0.6625879
0.38842845 	 0.78050965
0.41099352 	 0.720851
0.43878004 	 0.66916454
0.45102993 	 0.68296367
0.47060394 	 0.71869606
0.45824057 	 0.63923955
0.4434535 	 0.6636561
0.45819739 	 0.6746502
0.47689673 	 0.65564585
0.48495615 	 0.5967647
0.50962555 	 0.68336433
0.55505514 	 0.5570591
0.5351775 	 0.67209655
0.5570187 	 0.56343275
0.5572055 	 0.626244
0.5237682 	 0.64255804
0.38091677 	 0.70712477
0.31164008 	 0.8521996
0.27679047 	 0.7481584
0.25974548 	 0.7078189
0.21439625 	 0.84817505
0.22218972 	 0.86655796
0.21173526 	 1.0405552
0.18947168 	 0.90017974
0.17954281 	 0.78815675
0.17259826 	 0.49958548
0.17425677 	 0.9144117
0.16317378 	 1.080961
0.1546 	 0.6253332
0.18632062 	 0.8718968
0.1811899 	 0.6671364
0.19859387 	 1.0103855
0.23494293 	 0.81213045
0.21371567 	 0.78904057
0.17788447 	 0.8069153
Summary
0.02972895  -  1.2653378 ,  0.39821354  -  3.2031481
accuracy:  99.4
equal predictions:  0
TensorFlow version: 1.13.1
Found 939 images belonging to 1 classes.
argN = 3136
argN = 3136
0.6856903 	 1.3501835
0.740617 	 1.0096933
0.76945347 	 0.9344255
0.9218214 	 1.2232896
0.53805876 	 0.98417604
0.47056836 	 1.3634474
0.3470525 	 1.5294468
0.28536043 	 1.6922982
0.2607348 	 1.6386094
0.2197401 	 1.9301145
0.13978885 	 1.5898577
0.13025993 	 1.6354542
0.13821939 	 2.1220744
0.1749015 	 1.6090055
0.12725267 	 1.9262643
0.11784345 	 1.1781167
0.14534953 	 0.9054908
0.16733666 	 0.6935614
0.17612539 	 0.5803553
0.15889443 	 0.5721285
0.18053989 	 0.9653553
0.30066097 	 1.1271956
0.41651583 	 0.96625185
0.48015487 	 0.6332418
0.38420603 	 0.5708452
0.47954598 	 0.5669256
0.21837915 	 0.8910235
0.1628082 	 0.9765115
0.21069498 	 1.6356815
0.21640216 	 1.6559153
0.19838066 	 1.2096089
0.14186071 	 2.0028436
0.13607569 	 1.7878015
0.1365514 	 2.0003023
0.13031308 	 1.7741678
0.11837986 	 1.6421075
0.119972564 	 1.8511728
0.112506986 	 2.4517384
0.110715695 	 1.8181955
0.13695131 	 1.6193335
0.1682442 	 2.1785803
0.34856525 	 1.7318792
0.72412694 	 0.90532386
0.81073517 	 0.9838728
0.9183324 	 0.9860758
0.89271796 	 0.8817238
0.9005112 	 0.94372004
0.827395 	 0.87423235
0.5943633 	 1.0372605
0.5097738 	 1.2599176
0.82011575 	 1.0837234
0.7738838 	 1.0793167
0.7681132 	 1.0215808
0.668818 	 0.95406973
0.78872836 	 1.2010332
0.6043719 	 0.9333069
0.4888672 	 1.0350157
0.30179843 	 1.4837829
0.23495543 	 1.6774571
0.13489757 	 1.8735434
0.116405725 	 1.8255512
0.110013895 	 2.085978
0.09167469 	 2.243975
0.09223934 	 2.22352
0.1031987 	 2.1023486
0.22972366 	 0.8226623
0.26812088 	 1.0705845
0.27657118 	 1.2792305
0.3449984 	 0.9198276
0.39240822 	 0.7733601
0.3970478 	 0.6678477
0.37679175 	 0.5513529
0.48716134 	 0.5786067
0.27205762 	 0.7566231
0.15886174 	 1.7371186
0.16452917 	 1.3422177
0.077929184 	 1.4012475
0.066487506 	 2.16467
0.63563526 	 0.85419095
0.7290328 	 0.8857968
0.72433823 	 0.78110826
0.5559057 	 0.94956434
0.45140094 	 1.1829909
0.35401553 	 1.0431792
0.44636786 	 1.046323
0.42133653 	 1.0580305
0.37506276 	 1.178906
0.383282 	 1.1372396
0.35089794 	 1.2772745
0.29489708 	 1.5482785
0.27474198 	 1.7562102
0.13471377 	 1.7730345
0.31398037 	 1.283664
0.21013524 	 1.2242163
0.3696468 	 0.42006472
0.092474155 	 1.7806336
0.08112583 	 1.8017555
0.08219752 	 2.0759478
0.05868392 	 1.9714307
0.07844815 	 1.8851143
0.09874201 	 1.7305186
0.14868625 	 1.0892478
0.43006787 	 0.64006263
0.42319998 	 0.5834433
0.44009036 	 0.56538534
0.46599793 	 0.57033443
0.43034336 	 0.40552336
0.44308877 	 0.5363177
0.44168887 	 0.50153136
0.4666144 	 0.47073576
0.44360915 	 0.42597964
0.44005388 	 0.53426355
0.43202928 	 0.43589604
0.40874326 	 0.5259688
0.39533046 	 0.5064625
0.3919146 	 0.5044191
0.350201 	 0.5847392
0.33009732 	 0.5757536
0.3039724 	 0.6197422
0.29102752 	 0.6798471
0.2542167 	 0.8019366
0.24967791 	 0.67035234
0.21162477 	 0.75748914
0.19567482 	 0.866221
0.17741533 	 0.91034937
0.16834307 	 0.7156441
0.1752226 	 1.0030742
0.1731947 	 1.0461478
0.17618695 	 0.86792594
0.16177131 	 1.2892921
0.15946193 	 1.17598
0.15946053 	 1.0514642
0.14761187 	 0.9471416
0.14908995 	 1.1336247
0.1434253 	 0.9446607
0.14241841 	 1.1109661
0.14437756 	 1.060335
0.13400888 	 0.8077415
0.13600309 	 1.0072658
0.12709847 	 1.0084894
0.10457321 	 1.3440405
0.096988186 	 1.2860351
0.08382542 	 1.2385222
0.09313772 	 1.2914991
0.092553005 	 0.9574681
0.086916685 	 1.3226517
0.08170707 	 0.84306556
0.0791924 	 1.3426398
0.072666824 	 0.9659497
0.06817194 	 1.2332515
0.059075627 	 0.92066324
0.059362933 	 1.053924
0.05359978 	 1.530617
0.06018318 	 1.2618915
0.05969486 	 1.2537621
0.05873847 	 1.1640047
0.052218046 	 1.3574518
0.06004405 	 0.82996243
0.052115437 	 0.7479517
0.062119372 	 1.08202
0.050015822 	 1.3348185
0.06953079 	 0.82827014
0.061336637 	 1.3611263
0.07556719 	 0.6276464
0.090980895 	 1.1346774
0.092078425 	 1.1423962
0.0983186 	 0.95645607
0.10170373 	 1.2838608
0.10600852 	 1.018154
0.11021998 	 1.0755155
0.116742335 	 0.7311596
0.120535135 	 1.2712799
0.117526576 	 0.9466424
0.12344521 	 1.3013834
0.12535533 	 1.0162835
0.13270898 	 0.84238124
0.12646517 	 0.8540905
0.13320597 	 1.071577
0.13748989 	 0.8400059
0.1433702 	 1.2079176
0.13707389 	 1.3928864
0.13627745 	 1.0371414
0.12848769 	 0.9380364
0.1294727 	 0.86995584
0.120758064 	 1.0411097
0.12800923 	 0.9653387
0.1388102 	 0.8450402
0.13414022 	 0.9386282
0.14015056 	 0.85609895
0.14226 	 1.0472785
0.13879965 	 1.1443095
0.13684168 	 0.7409223
0.13706248 	 0.6679128
0.14283389 	 0.7915592
0.14083995 	 0.83145016
0.13457389 	 0.9329167
0.119347245 	 0.76385933
0.1268336 	 0.93656
0.123482704 	 1.0076103
0.12697306 	 0.9769406
0.05335977 	 1.1113248
0.0527452 	 1.0584584
0.052085232 	 0.9831883
0.36848637 	 0.731358
0.36290213 	 0.5997622
0.36905417 	 0.75534457
0.37632808 	 0.776143
0.3675952 	 0.8882575
0.30649504 	 0.6687184
0.30815735 	 0.9319469
0.30393717 	 0.66436124
0.28083396 	 0.76754004
0.29250482 	 0.7491071
0.28165296 	 0.645467
0.29335046 	 1.0039426
0.29593247 	 0.7480422
0.28731504 	 0.78073853
0.28804812 	 0.7033106
0.2975705 	 0.64751744
0.27625048 	 0.8327564
0.2728379 	 0.8209681
0.2427324 	 0.6802508
0.24359705 	 0.92484176
0.23102106 	 0.7834682
0.23257358 	 0.9946672
0.23971124 	 0.9499269
0.25166062 	 1.0182686
0.27935272 	 0.89227617
0.3232288 	 0.84145856
0.36244854 	 0.81274885
0.3640879 	 0.79561764
0.24761552 	 0.7961499
0.2363491 	 1.059888
0.24588895 	 0.84969836
0.22486939 	 0.867757
0.23704685 	 0.8555896
0.23440795 	 0.60116845
0.3112753 	 0.49888808
0.37124303 	 0.70099866
0.40378922 	 0.9358934
0.29769298 	 0.977634
0.26685378 	 0.8372916
0.2539602 	 0.84991294
0.27158508 	 0.89951825
0.24362777 	 0.8504181
0.2599834 	 0.61729956
0.27083406 	 0.97567177
0.2384464 	 0.86296046
0.2204566 	 1.1400896
0.23039827 	 0.751475
0.22776447 	 0.6861058
0.22545223 	 0.7435494
0.2384178 	 0.7394464
0.25944173 	 0.72970927
0.24864642 	 0.6959158
0.22208895 	 0.9443972
0.22607501 	 0.9670662
0.198372 	 1.0517488
0.2047566 	 0.89861715
0.17911266 	 1.1099542
0.17560427 	 0.72934693
0.19065034 	 0.6480716
0.18221888 	 0.95780975
0.18922289 	 0.9315985
0.18391386 	 0.9943162
0.20799647 	 0.84653354
0.21247199 	 0.8748628
0.23524792 	 0.7760857
0.25649172 	 0.6100057
0.26405597 	 0.9147975
0.26852068 	 0.81647015
0.24749245 	 0.90605015
0.30579105 	 0.89222455
0.35381377 	 0.85230553
0.3592998 	 0.66875774
0.40776584 	 0.70509374
0.41949823 	 0.75818557
0.3661232 	 0.8019983
0.24660842 	 0.82391673
0.22607285 	 0.98868895
0.19219694 	 0.82245183
0.20617588 	 1.1124991
0.1850312 	 1.064877
0.21709211 	 0.68992335
0.2674754 	 0.7311984
0.28288794 	 0.59463924
0.35230815 	 0.8464581
0.44049722 	 0.7688912
0.42827892 	 0.7973255
0.44210985 	 0.7815344
0.41561547 	 0.6382572
0.4201794 	 0.6476293
0.46519163 	 0.6816096
0.4823712 	 0.6471032
0.47587228 	 0.5317737
0.49696174 	 0.613198
0.45027208 	 0.6279738
0.36076486 	 0.65655017
0.2293929 	 0.9939752
0.22241305 	 1.0010204
0.21051648 	 0.78651905
0.18102887 	 1.0375898
0.17311937 	 0.84510404
0.17447633 	 1.099419
0.1962921 	 0.9229766
0.19143991 	 0.82079226
0.17636795 	 0.9786715
0.19126518 	 0.9149542
0.19622022 	 0.77904487
0.1769 	 0.9820709
0.1785007 	 1.0230882
0.1728508 	 0.8821271
0.17428572 	 1.0541543
Summary
0.050015822  -  0.9218214 ,  0.40552336  -  2.4517384
accuracy:  99.0
equal predictions:  0
