TensorFlow version: 1.13.1
Found 939 images belonging to 1 classes.
argN = 784
argN = 784
0.25004026 	 0.36063936
0.21877499 	 0.7675567
0.18539812 	 0.33763656
0.25777104 	 1.192177
0.22130716 	 0.74405277
0.2151453 	 1.2925797
0.2141262 	 0.9159082
0.23738636 	 1.3540878
0.3257905 	 0.8213259
0.33055562 	 0.5794392
0.4483386 	 0.7551062
0.46221894 	 0.4285488
0.341195 	 0.43342233
0.29700175 	 0.69157237
0.7035877 	 0.60267884
0.6966064 	 0.6233575
0.2570887 	 0.35610923
0.28043324 	 0.7177007
0.44898376 	 0.63608634
0.50900066 	 0.65023726
0.3324112 	 0.5580524
0.37896 	 0.82166487
0.3172115 	 0.6661171
0.2929517 	 0.6525253
0.18797295 	 1.0324295
0.12898855 	 0.85611624
0.14606701 	 1.2917722
0.20406602 	 1.6746424
0.22155975 	 0.9847366
0.25560233 	 0.7000618
0.19654599 	 1.1509573
0.43850628 	 0.4992981
0.4102556 	 0.4069396
0.35990864 	 0.35208252
0.39365408 	 0.7586342
0.2831534 	 0.7619826
0.1947643 	 0.69311166
0.27640173 	 0.58727145
0.32082948 	 0.6923294
0.21241789 	 0.82830304
0.07438386 	 1.8123728
0.055070832 	 1.5227598
0.15330176 	 1.2102869
0.24048199 	 0.998022
0.3395189 	 0.8988513
0.49650067 	 0.8098581
0.47601494 	 0.6947806
0.557595 	 0.6430676
0.6665061 	 0.785704
0.64642584 	 0.5843686
0.30510455 	 0.6812745
0.22491111 	 0.710807
0.26221842 	 0.567297
0.3860633 	 0.4227728
0.4213112 	 0.68104243
0.25947827 	 0.5860754
0.27513736 	 0.66660106
0.23147166 	 1.01929
0.17625377 	 1.1507965
0.15143983 	 0.68364084
0.22676533 	 1.1703964
0.037067275 	 1.1464006
0.25507402 	 0.81248057
0.26151752 	 0.6760844
0.33037454 	 0.5938046
0.31387895 	 0.6020563
0.26951966 	 0.6127205
0.20423797 	 0.9085658
0.33291572 	 0.8248926
0.31889963 	 0.3298123
0.36280128 	 0.33918265
0.37123853 	 0.45725
0.26932302 	 0.31755382
0.2139902 	 0.6637338
0.20835488 	 0.8981767
0.25329924 	 0.9673397
0.35118192 	 0.75850976
0.38410494 	 0.9448502
0.32465056 	 0.91096294
0.25283155 	 1.0423225
0.2540379 	 1.0511434
0.11952732 	 0.7349332
0.14091805 	 1.6567973
0.12781665 	 1.1345581
0.20010169 	 1.1663773
0.392862 	 0.4005409
0.3848378 	 0.8194768
0.3840598 	 0.9695328
0.3261254 	 0.46831277
0.27756456 	 0.31762695
0.31902862 	 0.7731325
0.2939172 	 0.45633
0.26850984 	 0.44155195
0.27263942 	 0.35474274
0.21925639 	 0.32697394
0.23399661 	 0.35485187
0.19790287 	 0.41811338
0.24127838 	 0.36540827
0.22516857 	 0.5280143
0.21705346 	 0.40662876
0.22722104 	 0.92876136
0.21972154 	 0.6724957
0.24271835 	 0.6104882
0.2313112 	 0.6493171
0.22365686 	 0.8410946
0.26230204 	 0.709374
0.26180324 	 0.51852435
0.28898716 	 0.59663045
0.33703387 	 0.6860794
0.32633603 	 0.6912482
0.3436137 	 0.689438
0.36741185 	 0.835
0.35733798 	 0.62185484
0.34066626 	 0.74714136
0.3396416 	 0.69330215
0.33530757 	 0.75599694
0.33096167 	 0.6986224
0.32803053 	 0.82967293
0.36985832 	 0.6352681
0.33628005 	 0.8192995
0.34260526 	 0.74471956
0.33771208 	 0.7884895
0.2859232 	 0.9264078
0.3011203 	 0.6023905
0.27541602 	 0.7891597
0.2943224 	 0.6243564
0.25232244 	 0.7546003
0.27940303 	 0.513855
0.26956695 	 0.8521515
0.2945723 	 0.8778822
0.27483967 	 0.80047107
0.22470759 	 0.8233045
0.22816013 	 1.0844058
0.26663837 	 0.7950698
0.2497793 	 0.7422441
0.24898644 	 0.6499641
0.2305706 	 0.9118224
0.22422475 	 0.8170719
0.2090839 	 0.8005067
0.231093 	 0.6464176
0.24850334 	 1.068027
0.21706346 	 0.6629738
0.22852217 	 1.1484227
0.20878501 	 1.28194
0.24604246 	 0.4938263
0.26755252 	 1.1650225
0.20550328 	 0.87085605
0.21616536 	 1.2619992
0.18574536 	 0.76140505
0.1782425 	 1.0154221
0.16314958 	 1.382446
0.16657667 	 1.0690465
0.16654392 	 1.078635
0.16396694 	 0.6785264
0.14903563 	 1.1911415
0.13881293 	 1.1148419
0.12804703 	 0.6138563
0.115658164 	 0.99105823
0.14548093 	 1.031523
0.1483029 	 0.78805256
0.16196053 	 0.731943
0.1394694 	 1.2432263
0.1687188 	 0.63408273
0.15864468 	 1.1018302
0.14044774 	 1.3862748
0.13138025 	 0.62993306
0.14672618 	 0.7231097
0.14302698 	 1.217335
0.1277775 	 0.29016814
0.14126343 	 1.2036635
0.13121848 	 0.7149302
0.17701483 	 0.95388144
0.18010475 	 0.61097944
0.18088724 	 0.73694533
0.19065504 	 0.95357764
0.19012852 	 0.66337603
0.18892944 	 0.6877847
0.17877235 	 0.55048037
0.16865242 	 0.9380539
0.16602291 	 0.30266947
0.19482419 	 0.86952716
0.1874597 	 0.6637543
0.18885443 	 0.97902954
0.14648435 	 0.630967
0.1099294 	 0.45765525
0.059111986 	 0.795003
0.41652575 	 0.8605859
0.49982736 	 0.7519671
0.4664496 	 0.7044227
0.4994011 	 0.5774021
0.46988758 	 0.87240237
0.47862884 	 0.7206638
0.4738123 	 0.63411784
0.49748358 	 0.7271825
0.5015796 	 0.9412275
0.45249695 	 0.8990929
0.51336366 	 0.7651139
0.5140613 	 0.760477
0.54218984 	 0.67691094
0.540204 	 0.63766396
0.5829541 	 0.85934055
0.56886464 	 0.7488714
0.55757535 	 0.7614247
0.47898674 	 1.0385199
0.5386786 	 0.73199224
0.5800792 	 0.7911196
0.6548663 	 0.73511344
0.5694828 	 0.6196269
0.62306124 	 0.6121291
0.67946506 	 0.71819234
0.66341746 	 0.75976753
0.659058 	 0.77245384
0.6375842 	 0.65743065
0.67699456 	 0.7552857
0.6117116 	 0.6535677
0.6948234 	 0.83238035
0.6521364 	 0.62358385
0.6406393 	 0.79493886
0.6639453 	 0.7811766
0.6215891 	 0.8171015
0.60467803 	 0.709032
0.6113435 	 0.57124126
0.64722013 	 0.75917596
0.6396737 	 0.7609054
0.63363695 	 0.80094576
0.57535917 	 0.66679287
0.6065218 	 0.71440667
0.642201 	 0.81725705
0.6405823 	 0.6904451
0.7426248 	 0.74236643
0.69959545 	 0.63576776
0.67435986 	 0.70044357
0.6877636 	 0.66632646
0.6605836 	 0.71753335
0.5959133 	 0.7238544
0.56442696 	 0.76230425
0.6139077 	 0.7675127
0.6754611 	 0.73700786
0.7048847 	 0.71936464
0.6343693 	 0.72041357
0.64399123 	 0.5742764
0.66271925 	 0.73807377
0.5717593 	 0.7362206
0.5859876 	 0.65266496
0.60623544 	 0.6409941
0.55713755 	 0.710051
0.5593427 	 0.62708294
0.5772464 	 0.6123362
0.58540016 	 0.73348
0.5882634 	 0.6560058
0.6434787 	 0.7675105
0.6200062 	 0.6572022
0.63483256 	 0.6375999
0.65121645 	 0.71686846
0.6600997 	 0.6969675
0.65050864 	 0.71883696
0.6224555 	 0.60471994
0.6485362 	 0.69187874
0.6509275 	 0.66243774
0.64581966 	 0.7147752
0.59599656 	 0.8118069
0.7289845 	 0.62399125
0.6894097 	 0.63525546
0.6529016 	 0.67628646
0.6826016 	 0.746848
0.67712677 	 0.78058743
0.5975581 	 0.8423631
0.59531534 	 0.6839607
0.54080606 	 0.676679
0.57811546 	 0.6330716
0.54805887 	 0.74782956
0.57716256 	 0.7113749
0.5187286 	 0.6708099
0.4768594 	 0.6653817
0.4110487 	 0.5595739
0.42386502 	 0.7068155
0.37481683 	 0.8567885
0.35352802 	 0.84911966
0.31116807 	 0.78080565
0.3173624 	 1.0926044
0.28925648 	 0.7059862
0.24698827 	 1.2334737
0.2528215 	 0.5798376
0.27882993 	 0.6414493
0.26512858 	 0.9527687
0.30121052 	 0.98233277
0.3475541 	 0.8636341
0.37409922 	 0.7526792
0.41165712 	 0.6267172
0.48325422 	 0.6693126
0.4990112 	 0.6843359
0.5355415 	 0.7912072
0.5389463 	 0.85526854
0.5545058 	 0.58435935
0.55560327 	 0.6550079
0.5416584 	 0.71630406
0.61666304 	 0.6967993
0.60004956 	 0.66868186
0.6672746 	 0.6607436
0.63584846 	 0.664849
0.63799185 	 0.71713364
0.57458425 	 0.6419466
0.5853465 	 0.6282535
0.6229975 	 0.56867516
0.56570244 	 0.6843751
0.5634265 	 0.6986996
0.5834908 	 1.0108755
0.5359566 	 0.65151805
0.57065594 	 0.63657826
0.5665329 	 0.6783488
0.62066877 	 0.63704926
0.6120178 	 0.75611717
0.63544136 	 0.65806234
Summary
0.037067275  -  0.7426248 ,  0.29016814  -  1.8123728
accuracy:  93.9
equal predictions:  0
TensorFlow version: 1.13.1
Found 939 images belonging to 1 classes.
argN = 784
argN = 784
0.44052684 	 0.62249804
0.43164265 	 0.6279948
0.39769068 	 0.7110958
0.45972547 	 0.7891348
0.5181194 	 0.73945796
0.653593 	 0.66183907
0.53441024 	 0.59781736
0.3195188 	 1.0861286
0.19059871 	 1.1248615
0.17840822 	 0.8590436
0.17270663 	 0.8459035
0.19408399 	 1.3537134
0.1870362 	 1.2593007
0.37570825 	 0.9237083
0.34504837 	 0.72706497
0.31160524 	 1.1706743
0.39154044 	 0.7646267
0.3868207 	 0.9271901
0.48438236 	 0.6677742
0.34082633 	 0.91718304
0.32091305 	 0.8473993
0.4385474 	 0.6817678
0.25559187 	 0.623954
0.20498909 	 0.7686782
0.20108902 	 0.6883203
0.177306 	 0.6246253
0.15937455 	 0.71156394
0.16761713 	 0.9464768
0.17504756 	 0.9703575
0.09344303 	 0.816528
0.06626412 	 0.81062645
0.05505622 	 0.9281283
0.08207108 	 1.3239161
0.12482847 	 0.74676883
0.2623438 	 0.5054005
0.23218691 	 0.518595
0.27497524 	 0.29502973
0.26255372 	 0.35873112
0.28314137 	 0.44256514
0.24933162 	 0.34633088
0.39535525 	 0.58748186
0.43077478 	 0.60147196
0.45410195 	 0.76249206
0.43475077 	 0.92521906
0.46842206 	 0.4965379
0.45057264 	 0.6442624
0.419728 	 0.62567
0.50194067 	 0.78227437
0.45571253 	 0.5939376
0.369059 	 0.9157237
0.30747864 	 0.91276276
0.24327771 	 0.9834089
0.12977675 	 1.2985394
0.1264509 	 0.9332385
0.30147558 	 0.918205
0.28182185 	 0.8533257
0.2786847 	 0.7063612
0.30471435 	 0.7417099
0.43046573 	 0.5266152
0.46373203 	 0.45217988
0.46446204 	 0.4402152
0.59008574 	 0.6574824
0.2240788 	 0.7102677
0.16687424 	 0.6606971
0.22845933 	 0.6126111
0.10317042 	 1.5282313
0.06880219 	 0.8020099
0.05817801 	 0.7767139
0.026407644 	 0.7420728
0.057717886 	 0.84748596
0.039157145 	 0.84481066
0.09276474 	 1.4200898
0.32838044 	 0.7490403
0.5463658 	 0.83079916
0.88127434 	 0.37161046
0.264564 	 0.4010152
0.30468437 	 0.48574743
0.46330395 	 0.3680524
0.39453477 	 0.39019224
0.36540914 	 0.6910143
0.34337103 	 0.67857504
0.35553035 	 0.8119483
0.41266713 	 0.7578768
0.38825318 	 0.7805553
0.26882672 	 0.69745886
0.40298265 	 0.55122596
0.39554998 	 0.7221904
0.33458602 	 0.838094
0.28948924 	 0.74649644
0.33568022 	 0.81157005
0.1283545 	 0.85959816
0.28695166 	 0.80800784
0.609547 	 0.53553987
0.2252863 	 0.9512144
0.205242 	 0.8115334
0.1835636 	 0.9926682
0.15986134 	 0.80197144
0.12460079 	 0.7392384
0.13106659 	 1.157079
0.12824169 	 0.9148303
0.048369367 	 0.7515712
0.036366574 	 1.3193377
0.61814636 	 0.6896342
0.58696544 	 0.53954434
0.58822477 	 0.6986096
0.5745252 	 0.53508073
0.58943087 	 0.53211784
0.5631587 	 0.70253223
0.5893146 	 0.74859
0.5905992 	 0.7047804
0.6011314 	 0.52569115
0.6133059 	 0.48305798
0.57234174 	 0.7406646
0.60845727 	 0.56782514
0.65321004 	 0.7706013
0.5569243 	 0.68727374
0.5597178 	 0.59285355
0.49778005 	 0.7721171
0.5067127 	 0.68953586
0.4630253 	 0.56942356
0.47134387 	 0.74408084
0.42833585 	 0.6144108
0.46183443 	 0.6829468
0.38179043 	 0.64093256
0.3363806 	 0.5914057
0.31877142 	 0.6004051
0.2618976 	 0.7287227
0.2725851 	 0.9086266
0.2206345 	 0.65577173
0.24667478 	 0.5567237
0.24695125 	 0.61606336
0.23167212 	 0.57102704
0.23322603 	 0.670657
0.2239172 	 0.56105185
0.2135615 	 0.587608
0.23861422 	 0.6567977
0.22758865 	 0.7275811
0.23327608 	 0.7148178
0.2290893 	 0.5363395
0.21489698 	 0.6022131
0.22441609 	 0.8423072
0.19445185 	 0.8911197
0.19331446 	 0.91515195
0.19505106 	 0.7391752
0.1797621 	 0.9417724
0.17404154 	 0.7095576
0.16852324 	 0.594066
0.17220244 	 0.54100907
0.1700132 	 0.5442362
0.14465167 	 0.8758733
0.16279852 	 0.5383784
0.14128216 	 0.53080344
0.15865096 	 0.54600704
0.13043585 	 0.8554587
0.13691543 	 0.54773355
0.13598569 	 0.7698694
0.14491545 	 0.5460501
0.12826459 	 0.98648125
0.13653718 	 0.53545624
0.12599166 	 0.7695088
0.13039729 	 0.68324304
0.13054289 	 0.50537246
0.12893437 	 0.7913004
0.12567423 	 0.61771226
0.1463965 	 0.84053195
0.12513152 	 0.49122375
0.14546011 	 0.6865755
0.12946652 	 0.6114842
0.13689268 	 0.7781463
0.11847394 	 0.7857485
0.13572896 	 0.51225483
0.12985174 	 0.74706763
0.11659498 	 0.8879734
0.101188056 	 0.94365054
0.084723465 	 0.69220835
0.113558434 	 0.78882766
0.12453719 	 0.825938
0.12039327 	 0.8788388
0.1383992 	 0.50601685
0.13367316 	 0.6810837
0.11958528 	 0.5241402
0.11963735 	 0.663823
0.13048205 	 0.6669566
0.114122085 	 0.66247064
0.0827617 	 0.5653348
0.109469704 	 0.74114776
0.12307189 	 0.7400966
0.15585756 	 0.7017031
0.1443976 	 0.5726259
0.13926432 	 0.6527821
0.1421726 	 0.47661003
0.13914286 	 0.57343024
0.12622893 	 0.7574848
0.11669933 	 0.6038781
0.13174628 	 0.67745167
0.11488722 	 0.89675593
0.11394993 	 0.8124497
0.09492988 	 0.8962658
0.09207372 	 0.6331881
0.07744507 	 0.7895466
0.0678819 	 0.5206955
0.052719563 	 0.4626331
0.031720273 	 0.63261914
0.03133618 	 0.5963236
0.03634284 	 0.76954174
0.041849174 	 0.78578645
0.3304954 	 0.4600928
0.36890987 	 0.61047995
0.28456944 	 0.428812
0.25295827 	 0.6377052
0.30502224 	 0.4842736
0.32753733 	 0.5618299
0.3193352 	 0.4874826
0.30184388 	 0.41433755
0.3130369 	 0.582653
0.304965 	 0.5320299
0.28607538 	 0.6245015
0.30685142 	 0.5689994
0.2715819 	 0.53151906
0.3143792 	 0.6814201
0.3048602 	 0.53374547
0.2825252 	 0.5701755
0.2889317 	 0.5758062
0.2874622 	 0.52612066
0.3244605 	 0.505696
0.31364468 	 0.5412167
0.34768084 	 0.87749034
0.34040335 	 0.6442282
0.31603572 	 0.68559974
0.333799 	 0.53770673
0.31653717 	 0.65408826
0.2932699 	 0.63192767
0.3053172 	 0.5775104
0.27704522 	 0.62437546
0.318501 	 0.5734788
0.22364017 	 0.67696375
0.24131465 	 0.49375132
0.23006451 	 0.5412018
0.26661298 	 0.44569972
0.26101828 	 0.68432313
0.2825955 	 0.59956247
0.26071763 	 0.7578182
0.2204161 	 0.51086444
0.2741591 	 0.7195738
0.28137824 	 0.5582017
0.35652426 	 0.574284
0.35854933 	 0.58948773
0.32961544 	 0.41133448
0.34561917 	 0.51890266
0.3069727 	 0.49828702
0.27946725 	 0.41220832
0.3181733 	 0.48454353
0.24782743 	 0.46633404
0.26363832 	 0.62435406
0.29202235 	 0.4135802
0.28246662 	 0.5792007
0.2911693 	 0.5491027
0.31109104 	 0.66187453
0.331811 	 0.57272816
0.3167628 	 0.49732694
0.28514358 	 0.5602963
0.27874872 	 0.59197134
0.32498989 	 0.5571009
0.29793632 	 0.6449434
0.3053697 	 0.6742141
0.3166049 	 0.5593815
0.34987196 	 0.42118505
0.3483413 	 0.39013615
0.3718417 	 0.60613793
0.3837098 	 0.6348994
0.38217205 	 0.647208
0.34821802 	 0.8014038
0.3398248 	 0.6300869
0.34340665 	 0.53022534
0.46188438 	 0.51803213
0.39053234 	 0.64911747
0.40980086 	 0.591392
0.37706232 	 0.44404998
0.31594482 	 0.51304233
0.29312637 	 0.5941508
0.31439942 	 0.5046636
0.28743717 	 0.6190083
0.28696716 	 0.43434918
0.27853057 	 0.42671436
0.25879464 	 0.5933736
0.24711348 	 0.6134146
0.23147203 	 0.6730182
0.26372737 	 0.54595995
0.2739602 	 0.6936163
0.27381897 	 0.69202983
0.30516264 	 0.58411735
0.37338802 	 0.7304538
0.38754478 	 0.7097666
0.43802115 	 0.61141574
0.52444226 	 0.64138883
0.5226385 	 0.72247195
0.5670351 	 0.6923596
0.48429507 	 0.6453602
0.37733522 	 0.66551983
0.31063417 	 0.45544028
0.32462525 	 0.64231485
0.27842128 	 0.59998244
0.2650654 	 0.60510737
0.25761834 	 0.5755713
0.26373205 	 0.5612351
0.28687337 	 0.77359736
0.3150703 	 0.6575146
0.28950277 	 0.5915622
0.27904966 	 0.64618534
0.2765311 	 0.68366176
0.33110234 	 0.742754
0.2991863 	 0.7128795
0.32831696 	 0.6332404
Summary
0.026407644  -  0.88127434 ,  0.29502973  -  1.5282313
accuracy:  96.2
equal predictions:  0
TensorFlow version: 1.13.1
Found 939 images belonging to 1 classes.
argN = 784
argN = 784
0.29823378 	 1.4621372
0.29247 	 1.3210454
0.5585161 	 1.0770742
0.443988 	 1.0375253
0.436782 	 1.1416382
0.35261545 	 0.84743744
0.39158744 	 1.5562395
0.28389806 	 1.4140731
0.21727246 	 1.5467503
0.24906366 	 1.3077816
0.23484552 	 1.471434
0.29444388 	 1.2550232
0.36883903 	 1.0429459
0.4250392 	 1.1653073
0.31182593 	 0.8995452
0.50380373 	 1.514623
0.41506496 	 1.1384667
0.44780904 	 1.029606
0.38415316 	 1.3393042
0.3952018 	 0.978642
0.36435625 	 1.1906872
0.42966557 	 1.2728585
0.33665755 	 1.1188853
0.29943657 	 1.094525
0.3576729 	 0.6240579
0.1898565 	 1.1704551
0.18549176 	 1.5282832
0.20932901 	 0.8718166
0.23574826 	 1.5302525
0.2489849 	 0.9087838
0.15581326 	 0.9755217
0.12801424 	 1.3956631
0.1733201 	 1.3429705
0.15414281 	 1.3106316
0.16660024 	 1.3171972
0.20499736 	 1.6548709
0.29203066 	 1.141389
0.443247 	 1.0599456
0.5457844 	 1.0783421
0.7355779 	 0.9686988
0.3378015 	 0.9406486
0.39982992 	 1.2970095
0.55562556 	 0.9427391
0.5595622 	 1.0533661
0.42701608 	 1.4901981
0.4560139 	 1.1400553
0.65123934 	 0.9637046
0.62250644 	 0.9258239
0.21453165 	 1.4898887
0.18586996 	 1.2384185
0.35602957 	 1.2509168
0.25026286 	 0.8750695
0.23723371 	 1.1212801
0.232875 	 0.9743941
0.13444911 	 1.1302294
0.12830654 	 1.2990065
0.14464127 	 1.9423709
0.11971898 	 1.2190748
0.366899 	 1.1314282
0.32670808 	 1.4637394
0.26880732 	 1.0732834
0.2846505 	 1.193843
0.27386177 	 1.1080197
0.21151711 	 1.242534
0.12867741 	 1.2710581
0.18409985 	 1.2713883
0.09364959 	 1.2636826
0.073350914 	 0.8385454
0.018017465 	 1.7850944
0.03719681 	 1.5003674
0.032415878 	 2.1218653
0.12823898 	 1.231928
0.5250475 	 1.0676261
0.4951707 	 0.94859445
0.2944244 	 1.0195793
0.2227669 	 1.2111925
0.22992797 	 1.2391807
0.3358553 	 1.1757319
0.3075653 	 1.1482825
0.23032382 	 1.3083874
0.29878294 	 0.92720205
0.5923805 	 0.87318176
0.34129685 	 1.2671
0.16196571 	 1.6613165
0.14939477 	 0.9858499
0.08442619 	 1.8521122
0.24519299 	 1.0185952
0.28966603 	 1.5380943
0.23965587 	 1.1185129
0.20723839 	 1.0360699
0.20344906 	 1.5635557
0.17099339 	 1.004936
0.09489023 	 1.4195904
0.120067656 	 0.9958734
0.15216939 	 1.3706629
0.27534884 	 1.1528555
0.27431256 	 1.2817637
0.29443547 	 0.8234211
0.15657438 	 0.7716439
0.15554276 	 0.88407296
0.13642609 	 1.0892571
0.13726977 	 1.0668625
0.11047596 	 1.2677654
0.1257602 	 0.7328571
0.123036094 	 1.2340195
0.11016374 	 1.0962265
0.12891239 	 0.95990264
0.1408042 	 1.0005838
0.07484536 	 0.8704035
0.12499285 	 1.1865448
0.11280065 	 0.83709705
0.16327982 	 0.8784146
0.13717534 	 1.1119663
0.15243426 	 1.146131
0.17823404 	 0.7501314
0.19394526 	 1.0938164
0.20530061 	 0.92431617
0.17816694 	 1.1531104
0.2266866 	 1.2425698
0.20889981 	 0.8587
0.21581805 	 0.7466962
0.23791681 	 0.928353
0.15028442 	 0.93490374
0.17091022 	 1.4848514
0.16028573 	 0.8803352
0.1522181 	 0.76916313
0.18138947 	 1.319515
0.16032743 	 1.2943423
0.18545365 	 0.99079376
0.17375329 	 0.9806576
0.18925919 	 1.1836345
0.17271571 	 0.9930929
0.16008487 	 0.91849697
0.14043464 	 0.9247334
0.15873353 	 1.2211525
0.16611418 	 1.221234
0.12409753 	 1.3003911
0.14336957 	 1.0908985
0.14059137 	 0.782731
0.15074989 	 0.71629685
0.10761063 	 1.5757468
0.1016784 	 1.0487595
0.09637832 	 0.90109277
0.10308319 	 1.0872083
0.118340746 	 0.75697047
0.101645276 	 1.1084167
0.09916921 	 1.4124062
0.12852544 	 0.92045105
0.12209619 	 1.0988199
0.13017662 	 1.1701448
0.11442565 	 1.3711855
0.13254721 	 1.0876087
0.11570012 	 1.1222538
0.13766819 	 0.9863337
0.13152014 	 1.2661395
0.14119978 	 1.070581
0.14314733 	 1.137248
0.10859581 	 1.036306
0.12885267 	 1.2478999
0.11962768 	 1.5829923
0.11201991 	 0.76740766
0.120298214 	 1.2172052
0.13947077 	 1.4118701
0.14571817 	 1.00243
0.14062211 	 0.660582
0.14295855 	 0.96832985
0.14221342 	 1.055623
0.1485886 	 1.1460799
0.16615134 	 1.0408375
0.16501924 	 1.1440569
0.18264464 	 0.97053665
0.20514861 	 0.97626114
0.18371323 	 0.9122597
0.25233278 	 0.9779262
0.23675264 	 0.8050353
0.260375 	 0.7272051
0.25347468 	 0.8676223
0.24207297 	 0.9777755
0.3137438 	 1.1853105
0.26662326 	 1.0458679
0.27685598 	 0.9981053
0.29952094 	 1.1862184
0.27227405 	 1.1313016
0.2697325 	 1.3721731
0.30127892 	 0.8717085
0.29586348 	 1.0259718
0.29272118 	 1.1097356
0.32073042 	 0.95298773
0.29268444 	 0.85609657
0.29919544 	 1.0902053
0.30510908 	 0.6435038
0.31682965 	 0.6080099
0.31705758 	 0.9304991
0.34646016 	 0.8331474
0.34013832 	 0.8370197
0.3556536 	 0.820446
0.363986 	 0.90344554
0.4777998 	 0.9204454
0.5255471 	 0.7356796
0.50634456 	 0.65220666
0.4986481 	 0.6320239
0.4342255 	 0.9492261
0.24626912 	 0.6982205
0.23412497 	 0.71189004
0.24933667 	 0.9562884
0.25658008 	 0.753086
0.26432478 	 0.821096
0.29961494 	 1.381946
0.30579105 	 0.60917246
0.29283875 	 0.7371632
0.28408778 	 0.91165197
0.2858213 	 0.8595257
0.2555731 	 0.6489235
0.28102332 	 0.636069
0.24584703 	 0.71106815
0.25748062 	 1.359505
0.27381286 	 1.0511264
0.2589012 	 0.6709013
0.2774892 	 0.999934
0.25071722 	 1.29393
0.25414932 	 0.54518604
0.23774314 	 1.3319052
0.28524902 	 1.583577
0.2713139 	 1.1659788
0.27368057 	 1.1866648
0.2741076 	 0.9279046
0.2549971 	 0.97452646
0.36364844 	 0.7948515
0.42329693 	 1.0219092
0.45649728 	 0.7403368
0.34377024 	 0.95072645
0.25990748 	 0.81420285
0.25528112 	 0.8899439
0.2682356 	 0.57846975
0.26467407 	 0.7550315
0.26575762 	 0.5608746
0.3145086 	 1.2507775
0.34671432 	 0.9347213
0.2951611 	 0.9380254
0.4256694 	 0.79744256
0.46621358 	 0.9755462
0.38773078 	 0.74723595
0.3682648 	 1.3439738
0.33422387 	 0.9394834
0.35164288 	 1.2558246
0.30178538 	 0.8681993
0.29292664 	 1.1403756
0.24019904 	 1.4424495
0.24104397 	 0.49049556
0.21818548 	 0.77722555
0.21932541 	 0.7214023
0.21757457 	 0.69032735
0.23114753 	 0.74580586
0.22155358 	 0.6728586
0.25101152 	 1.2186255
0.20915964 	 1.1963104
0.23688406 	 1.3204066
0.24909364 	 0.9005826
0.2452723 	 0.90129226
0.24463934 	 1.5143555
0.28132156 	 0.7433118
0.3770598 	 1.1484718
0.43154675 	 0.852427
0.46320486 	 0.800498
0.44814235 	 0.78082126
0.39577603 	 0.7171477
0.41404623 	 0.7483556
0.39840776 	 0.74841183
0.37626842 	 0.8824875
0.26412037 	 0.8672211
0.24505758 	 1.4767026
0.27190116 	 0.9611471
0.27518982 	 1.1438382
0.25352094 	 0.8167744
0.24208209 	 1.021172
0.19306985 	 0.88304645
0.1585918 	 1.1065675
0.17743035 	 0.47811934
0.18699595 	 0.61898017
0.19965336 	 0.8897072
0.18158649 	 0.4551845
0.1926829 	 1.2063891
0.23869208 	 0.6744449
0.3191701 	 1.0202662
0.30026606 	 0.92428255
0.30324614 	 0.97213185
0.32380226 	 1.150362
0.3505365 	 0.7550738
0.43110302 	 0.70969296
0.36064586 	 0.61948127
0.36824292 	 0.8793719
0.35425878 	 0.7982823
0.37228867 	 0.85283375
0.3305007 	 0.9776925
0.3718742 	 0.6481377
0.26297015 	 1.1137774
0.2709341 	 0.7502046
0.31594098 	 1.0162067
0.2709716 	 0.5058049
0.27576536 	 1.1869859
0.29722726 	 0.5590422
0.32793024 	 1.2329234
0.3275213 	 0.69686615
0.3188497 	 0.82092637
0.35152292 	 0.84875304
0.42919424 	 1.0379128
0.4661182 	 0.88450515
0.46531066 	 0.7779317
0.39239392 	 0.86506456
0.41237286 	 0.8085264
0.37680113 	 0.9682506
0.39453894 	 0.6225787
0.39922822 	 1.0343615
Summary
0.018017465  -  0.7355779 ,  0.4551845  -  2.1218653
accuracy:  100.0
equal predictions:  0
TensorFlow version: 1.13.1
Found 939 images belonging to 1 classes.
argN = 784
argN = 784
0.32066593 	 0.6438328
0.45938995 	 0.7235502
0.38454184 	 0.64968455
0.38419342 	 0.65663487
0.45482796 	 0.6643529
0.4191118 	 0.70772326
0.3103157 	 0.70551455
0.30655998 	 0.67769736
0.2761584 	 0.7890303
0.14922999 	 0.73411334
0.15753576 	 0.48628312
0.31932816 	 0.7604075
0.27342942 	 0.6805253
0.28133285 	 0.6970715
0.3994829 	 0.71332043
0.5234458 	 0.75950164
0.48862526 	 0.8789005
0.42495823 	 0.6980045
0.49913204 	 0.55914253
0.3304083 	 0.58826053
0.283689 	 0.60896057
0.26675758 	 0.7959956
0.2181006 	 0.82554233
0.22141099 	 0.7815139
0.16727409 	 0.61207765
0.1663699 	 0.7643532
0.16760698 	 1.0584154
0.19066715 	 0.96197987
0.17806366 	 1.069876
0.18430388 	 0.6835398
0.28533602 	 0.82769406
0.2405923 	 0.65416163
0.23708758 	 0.82925844
0.24605557 	 0.53641576
0.32428598 	 0.651024
0.31748545 	 0.8595658
0.33392808 	 0.5439323
0.14087632 	 0.5602491
0.19892877 	 0.5211601
0.17428963 	 0.703398
0.37861177 	 0.72976094
0.34899205 	 0.5809127
0.28844172 	 0.6517587
0.2017327 	 0.71762294
0.35376292 	 0.47156122
0.5176531 	 0.8363325
0.48951727 	 0.71373177
0.77243245 	 0.5441151
0.7000234 	 0.68989414
0.31541094 	 0.642431
0.2790782 	 0.897677
0.21770646 	 0.6617507
0.27292898 	 0.63022417
0.24448116 	 0.60622585
0.36156356 	 0.6877775
0.35149023 	 0.60224074
0.37821427 	 0.63460207
0.2818651 	 0.49562734
0.2823248 	 0.7303662
0.27096224 	 0.59801406
0.5075808 	 0.7408021
0.3552016 	 0.6833242
0.36245507 	 0.6023022
0.30448902 	 0.85249496
0.30925906 	 0.60083234
0.2533876 	 0.9609877
0.15547995 	 0.9994852
0.1539865 	 0.95318264
0.099424616 	 0.60914713
0.10926863 	 0.6766616
0.13924453 	 0.75885534
0.415564 	 0.5388361
0.58359593 	 0.87132066
0.36504287 	 0.53012294
0.35547727 	 0.8212293
0.72200805 	 0.51224685
0.6693291 	 0.68383455
0.61323386 	 0.6837141
0.63666004 	 0.54634607
0.567741 	 0.76882076
0.42963818 	 0.75646585
0.38859054 	 0.6464361
0.30307615 	 0.84642655
0.29588535 	 0.57505023
0.18643215 	 0.82921857
0.277089 	 0.6443226
0.36516592 	 0.720851
0.15814243 	 0.78460765
0.19077802 	 0.6548741
0.22304349 	 0.52067274
0.3057192 	 0.4924358
0.21262342 	 0.51620495
0.25750622 	 0.6175385
0.24459785 	 0.52374214
0.24703138 	 0.8442307
0.22835147 	 0.8506581
0.20854129 	 0.8542943
0.22044872 	 0.6281941
0.21604078 	 0.8876402
0.21811195 	 0.7180326
0.21076348 	 0.73556495
0.15831056 	 0.56061393
0.25735912 	 0.6556732
0.24193229 	 1.1416794
0.24954106 	 1.000773
0.21182676 	 0.6859512
0.1964186 	 0.6287605
0.20353563 	 0.7945492
0.21820825 	 0.63014376
0.18362026 	 0.32272494
0.19195671 	 0.881636
0.19023587 	 1.0184976
0.20684469 	 0.8819835
0.19659838 	 1.1505219
0.20213635 	 1.014672
0.21588358 	 0.8176007
0.21775167 	 1.2452627
0.25204295 	 0.6439109
0.26349565 	 0.727828
0.27539814 	 0.69900763
0.29616016 	 0.54549414
0.28874224 	 0.5779076
0.31383353 	 0.69608665
0.3262141 	 0.517518
0.30519497 	 0.68333507
0.29615685 	 0.55880666
0.3281112 	 0.5672581
0.3297106 	 0.6359863
0.3097188 	 0.5577941
0.28978986 	 0.6962733
0.30979538 	 0.5978489
0.27179554 	 0.7217787
0.27892062 	 0.7134405
0.26417115 	 0.59339255
0.2785772 	 0.54315764
0.3162496 	 0.7021437
0.28515714 	 0.5345624
0.28159395 	 0.6164541
0.23524098 	 0.45931184
0.25113004 	 0.52241653
0.267228 	 0.7153546
0.29349735 	 0.5152958
0.29323825 	 0.9388275
0.26102 	 0.7386929
0.24682026 	 0.58274084
0.20387599 	 0.47935364
0.1964231 	 0.75882554
0.19289252 	 0.63734776
0.19662842 	 0.509383
0.20505129 	 0.48026028
0.19784346 	 0.6092436
0.20891671 	 0.36396027
0.2137387 	 0.6333697
0.19981304 	 0.6206474
0.22393726 	 0.5933695
0.22976701 	 0.51484317
0.19242392 	 0.68390507
0.21104647 	 0.4748824
0.20814237 	 0.67292815
0.20315221 	 0.6777341
0.20611443 	 0.53261936
0.22492567 	 0.47508442
0.19536239 	 0.7627318
0.21965523 	 0.44912553
0.22315963 	 0.65669197
0.22502404 	 0.76541096
0.2228697 	 0.39442822
0.23528133 	 0.7585176
0.23843324 	 0.5496836
0.22394763 	 0.70949405
0.20779593 	 0.636631
0.21377613 	 0.8531308
0.2108192 	 0.4819569
0.21231242 	 0.6109684
0.19987652 	 0.6846287
0.20474534 	 0.4810954
0.19839163 	 0.758957
0.208163 	 0.6118008
0.1706335 	 0.6315002
0.16177587 	 0.38259903
0.16310306 	 0.44027954
0.14026941 	 0.6617178
0.16644487 	 0.75677085
0.14477669 	 0.5435074
0.14174071 	 0.77417207
0.14323702 	 0.65376914
0.15778726 	 0.7193004
0.15193734 	 0.6722942
0.1561184 	 0.6901658
0.14731479 	 0.48082224
0.14229168 	 0.59779394
0.15504165 	 0.6009717
0.16089575 	 0.915167
0.12773822 	 0.533542
0.14194705 	 0.6886432
0.14753823 	 0.7475327
0.13297984 	 0.4883303
0.12689058 	 0.6283936
0.112536535 	 0.62794966
0.10047821 	 0.42732847
0.08551914 	 0.6408279
0.09076086 	 0.79505396
0.07686058 	 0.7397722
0.06729844 	 0.72935855
0.06846716 	 0.47841677
0.058941394 	 0.29976046
0.05918572 	 0.46422914
0.46518964 	 0.55169374
0.42164126 	 0.4647379
0.41631904 	 0.5291094
0.46111307 	 0.513139
0.49940515 	 0.53253275
0.48650262 	 0.50608397
0.49914432 	 0.5777668
0.47883165 	 0.5683758
0.44383228 	 0.505263
0.45566928 	 0.5552047
0.47098276 	 0.5387537
0.44276363 	 0.43732247
0.4202264 	 0.46902326
0.43540713 	 0.4480571
0.4294662 	 0.4653959
0.4151657 	 0.47692335
0.44422275 	 0.51403993
0.38406476 	 0.58484083
0.37099943 	 0.4799209
0.33356676 	 0.42984906
0.35678446 	 0.5298578
0.3775338 	 0.39406192
0.39564842 	 0.5936317
0.37447014 	 0.40435722
0.36815473 	 0.5532756
0.4643331 	 0.5846064
0.38216236 	 0.47697145
0.40641055 	 0.45959362
0.41883555 	 0.4805249
0.41614994 	 0.41249043
0.47000927 	 0.6044464
0.4640512 	 0.48785323
0.46205845 	 0.45691136
0.48042485 	 0.48815152
0.528947 	 0.40200067
0.40388587 	 0.5685516
0.41130555 	 0.41144764
0.36798504 	 0.44571286
0.4056466 	 0.48811063
0.41408285 	 0.5259283
0.46971756 	 0.4894286
0.48855665 	 0.54091585
0.4911996 	 0.49131864
0.4908483 	 0.46376863
0.50368655 	 0.523308
0.42334935 	 0.4509548
0.47817916 	 0.4997948
0.46297586 	 0.53593016
0.45051485 	 0.5999399
0.44423854 	 0.5772843
0.42295694 	 0.53334504
0.38165307 	 0.46089512
0.3707594 	 0.45969802
0.39358243 	 0.48777574
0.3890696 	 0.4753125
0.41304973 	 0.40030408
0.42218313 	 0.45649052
0.429108 	 0.49478507
0.39973977 	 0.42112327
0.4854644 	 0.53173643
0.49104726 	 0.4866085
0.55406356 	 0.5748924
0.5566425 	 0.56611013
0.54236495 	 0.629092
0.44182312 	 0.5022935
0.46790785 	 0.5506672
0.47969744 	 0.4455108
0.47987995 	 0.5160459
0.48637754 	 0.4696191
0.4559363 	 0.51573884
0.4796494 	 0.47748807
0.3253243 	 0.52549094
0.341725 	 0.50183535
0.36633632 	 0.56037015
0.369218 	 0.44433278
0.3960159 	 0.4600203
0.4028964 	 0.514089
0.3902831 	 0.57231385
0.3873493 	 0.5636351
0.41331425 	 0.64414275
0.40255198 	 0.6146495
0.37481725 	 0.58465195
0.44140467 	 0.7631417
0.42549974 	 0.7502797
0.44185615 	 0.7839842
0.44657785 	 0.7200823
0.555723 	 0.7746546
0.566817 	 0.7859413
0.54788834 	 0.6235368
0.48917222 	 0.63478667
0.42728946 	 0.52693504
0.44740114 	 0.5165466
0.43078744 	 0.42762953
0.34877956 	 0.4067627
0.33759612 	 0.4376414
0.36700895 	 0.41076422
0.36977118 	 0.48102984
0.30132273 	 0.43902677
0.39986673 	 0.4761027
0.36805412 	 0.4757917
0.3986457 	 0.4774628
0.44054833 	 0.47529918
0.45819607 	 0.5437554
0.39224392 	 0.42836255
0.38558885 	 0.49823844
0.42734227 	 0.5516464
Summary
0.058941394  -  0.77243245 ,  0.29976046  -  1.2452627
accuracy:  95.2
equal predictions:  0
