TensorFlow version: 1.13.1
Found 939 images belonging to 1 classes.
argN = 3136
argN = 3136
0.5606536 	 0.64140266
0.68577945 	 0.59446406
0.5895272 	 0.64168113
0.573375 	 0.64900154
0.5870821 	 0.68775916
0.61260456 	 0.69172925
0.6322629 	 0.6864671
0.6107519 	 0.7064961
0.59159434 	 0.87718606
0.57836974 	 0.7510351
0.65000385 	 0.76833475
0.6433865 	 0.70612746
0.5983111 	 0.63991904
0.6250761 	 0.65758306
0.621335 	 0.7214802
0.62018913 	 0.6641954
0.5790865 	 0.5829741
0.57188135 	 0.6123681
0.5455184 	 0.669792
0.50690126 	 0.73541
0.5064829 	 0.6809355
0.44827795 	 0.7357667
0.43197742 	 0.7672992
0.42892933 	 0.8728374
0.43906838 	 0.93377155
0.4729052 	 0.90951675
0.46211332 	 0.8080279
0.45360562 	 0.66383857
0.49837875 	 0.6494824
0.4480583 	 0.541701
0.49289677 	 0.6162305
0.5017375 	 0.55517685
0.47319943 	 0.55535
0.48291227 	 0.6534027
0.48514453 	 0.62765473
0.4851148 	 0.61966956
0.65906835 	 0.67281914
0.6520364 	 0.66110766
0.59728855 	 0.6357617
0.57479465 	 0.65715873
0.5979453 	 0.68977505
0.5835757 	 0.68287814
0.53609437 	 0.6876936
0.5003459 	 0.73004854
0.4956391 	 0.725884
0.4560469 	 0.73722386
0.48836452 	 0.7795083
0.5884991 	 0.81374234
0.59093696 	 0.69015366
0.59485024 	 0.64484525
0.5791418 	 0.6662689
0.6091346 	 0.60156703
0.5773056 	 0.4834103
0.5836039 	 0.5488365
0.5641623 	 0.49691382
0.60627806 	 0.5474415
0.57383066 	 0.53535193
0.6322068 	 0.6261632
0.5700796 	 0.6554977
0.51798475 	 0.6226596
0.5095575 	 0.6677814
0.38785517 	 0.7916332
0.40629494 	 0.70421493
0.41351306 	 0.8065091
0.4558733 	 0.82869655
0.4565671 	 0.8885251
0.43647856 	 0.7870464
0.517488 	 0.6421114
0.62129366 	 0.5935067
0.59055924 	 0.6140056
0.63639027 	 0.59404314
0.63292813 	 0.5924028
0.6282253 	 0.5753326
0.6252972 	 0.5362647
0.6363224 	 0.59003305
0.59799176 	 0.68869334
0.6408108 	 0.5242169
0.6132607 	 0.6441228
0.6627713 	 0.61377615
0.6343129 	 0.6972873
0.5580967 	 0.6778308
0.5183074 	 0.83739966
0.5100061 	 0.7869513
0.5091052 	 0.63405037
0.4540647 	 0.8607156
0.5090703 	 0.6378954
0.5422857 	 0.7164253
0.5107169 	 0.6946213
0.48925143 	 0.6694271
0.47736412 	 0.71636295
0.5381785 	 0.64721715
0.6205739 	 0.63757586
0.5629858 	 0.5807204
0.5141533 	 0.6973207
0.507141 	 0.74238384
0.46719527 	 0.6942012
0.4615316 	 0.8549263
0.44318923 	 0.6982064
0.47527406 	 0.66522247
0.59818536 	 0.782676
0.5756956 	 0.7103875
0.56868505 	 0.7220096
0.5928498 	 0.7155113
0.6027091 	 0.78804374
0.5852046 	 0.72388464
0.57940537 	 0.6561556
0.5722337 	 0.7318239
0.58929163 	 0.6628527
0.58446825 	 0.5041897
0.5722322 	 0.65299195
0.5684736 	 0.69887966
0.5859544 	 0.6950559
0.5767205 	 0.7268478
0.5643376 	 0.6521585
0.5654645 	 0.6812302
0.57199687 	 0.7158059
0.58356154 	 0.6486133
0.5613015 	 0.6390572
0.5396451 	 0.63318914
0.5594857 	 0.6427857
0.54598254 	 0.6125344
0.55842817 	 0.6834593
0.55819565 	 0.6549365
0.54279995 	 0.6109976
0.52898014 	 0.6601201
0.51508015 	 0.62371016
0.5318895 	 0.6565455
0.51352644 	 0.63120073
0.5043026 	 0.64953804
0.5082961 	 0.64215356
0.49264115 	 0.6039376
0.50084025 	 0.6390123
0.49087977 	 0.64472234
0.49871573 	 0.67106825
0.5029114 	 0.6624376
0.50337994 	 0.6283661
0.48114285 	 0.6253506
0.5057201 	 0.6559107
0.49800384 	 0.6647461
0.5101812 	 0.63074726
0.5022873 	 0.63603455
0.49896857 	 0.6176057
0.47543877 	 0.6572372
0.46102488 	 0.69010115
0.4738618 	 0.62160045
0.49251834 	 0.69654864
0.50047857 	 0.6131421
0.47672448 	 0.67461634
0.47066352 	 0.65936357
0.47213957 	 0.6883439
0.47063696 	 0.6072304
0.46697506 	 0.6178007
0.45590696 	 0.71727324
0.48760208 	 0.57657295
0.4691233 	 0.60931426
0.45818985 	 0.7090657
0.46584293 	 0.6045392
0.4582286 	 0.6346115
0.45625156 	 0.5761345
0.47048476 	 0.55927855
0.46436438 	 0.6665348
0.45685714 	 0.6358922
0.466331 	 0.6318558
0.4575878 	 0.63755476
0.4260646 	 0.6252569
0.43991634 	 0.6153158
0.44939932 	 0.5616767
0.43039137 	 0.6382557
0.44654822 	 0.60269755
0.43701413 	 0.5669512
0.47062972 	 0.5702046
0.47769177 	 0.6436408
0.47958487 	 0.64589536
0.48102406 	 0.61616945
0.49522755 	 0.5862837
0.49757376 	 0.7133112
0.48865944 	 0.7285594
0.50078046 	 0.6138552
0.47844264 	 0.59107643
0.4780379 	 0.7070908
0.47150135 	 0.63814175
0.4997244 	 0.55442387
0.4617532 	 0.6256797
0.4349058 	 0.59949666
0.46194664 	 0.6412526
0.45826894 	 0.60591286
0.4391775 	 0.67475975
0.46781573 	 0.70076126
0.46288723 	 0.62427026
0.4669591 	 0.6457365
0.44690487 	 0.6170052
0.43276736 	 0.6346522
0.40962586 	 0.5334485
0.39198455 	 0.71143425
0.39517188 	 0.63349265
0.3881082 	 0.6917478
0.39810506 	 0.55693364
0.37671146 	 0.6440398
0.4987373 	 0.5669323
0.5203019 	 0.5834018
0.5249747 	 0.5659972
0.51383805 	 0.61046773
0.50660425 	 0.61347294
0.4660209 	 0.57395464
0.448748 	 0.5832294
0.44878852 	 0.57195884
0.5148229 	 0.5918453
0.5237138 	 0.5355564
0.5029189 	 0.6118288
0.5174042 	 0.6206177
0.5419953 	 0.6210726
0.5558285 	 0.66742367
0.53675926 	 0.59133977
0.5488616 	 0.6373523
0.5143029 	 0.5549798
0.5081671 	 0.59301007
0.5149657 	 0.5710576
0.5054586 	 0.54693997
0.5096 	 0.6180391
0.47743118 	 0.67142344
0.4565386 	 0.5290979
0.4567301 	 0.59072
0.4658928 	 0.5548902
0.48460624 	 0.5380102
0.5105361 	 0.5740679
0.49101076 	 0.63500947
0.53038913 	 0.5636221
0.53629375 	 0.5760437
0.5522824 	 0.60668
0.5370323 	 0.5636234
0.5405775 	 0.5695837
0.5423973 	 0.53546065
0.5924235 	 0.5626469
0.5477796 	 0.61017
0.529397 	 0.59671444
0.5191773 	 0.6029999
0.5687864 	 0.5767016
0.5573745 	 0.56358755
0.56083834 	 0.5986349
0.5379049 	 0.5853305
0.53205854 	 0.55713576
0.52933216 	 0.63575375
0.53656775 	 0.6235361
0.5621683 	 0.5917225
0.55583465 	 0.57303303
0.5352493 	 0.5682761
0.52448857 	 0.607257
0.55415183 	 0.5705705
0.53718185 	 0.58544403
0.5316923 	 0.6657556
0.55284935 	 0.56950617
0.5696109 	 0.56477195
0.5248411 	 0.60376537
0.57009715 	 0.6186559
0.57254 	 0.6154815
0.5459583 	 0.61926067
0.5672314 	 0.60775435
0.59240764 	 0.5986989
0.5866115 	 0.63317454
0.61287594 	 0.6410501
0.5865735 	 0.7121575
0.5876996 	 0.59998405
0.6152622 	 0.60870904
0.6308604 	 0.561764
0.6362886 	 0.60893583
0.61309165 	 0.587253
0.5564342 	 0.5707019
0.5997277 	 0.59788316
0.5702858 	 0.56433576
0.56391233 	 0.58791965
0.55828816 	 0.6150245
0.600212 	 0.6125844
0.5822927 	 0.64344674
0.5912308 	 0.6500155
0.5964742 	 0.6111807
0.58830744 	 0.6489944
0.55940634 	 0.6754998
0.56531054 	 0.72335804
0.53734875 	 0.6895128
0.5446886 	 0.72155106
0.5320074 	 0.7030655
0.50224537 	 0.69938236
0.53297186 	 0.73250914
0.5394765 	 0.71467775
0.56079304 	 0.71503055
0.5993569 	 0.6785245
0.5900163 	 0.67533773
0.6198287 	 0.7268127
0.6023047 	 0.72156334
0.61059034 	 0.7106954
0.62670225 	 0.6291132
0.63077986 	 0.6592481
0.6104068 	 0.63033956
0.62777656 	 0.62298864
0.5774845 	 0.5945522
0.5780256 	 0.56726545
0.5580807 	 0.60344225
0.53727895 	 0.5559213
0.5405969 	 0.594488
0.524576 	 0.58865184
0.5493298 	 0.5957387
0.5096909 	 0.56673145
0.540355 	 0.6110359
0.5555401 	 0.6500986
0.55720675 	 0.57045156
0.5613258 	 0.6015637
0.5488121 	 0.6091264
0.53966564 	 0.61276126
0.55692303 	 0.60104746
0.5827469 	 0.6137879
0.575274 	 0.6266536
0.5479143 	 0.6328084
0.57078797 	 0.65646565
Summary
0.37671146  -  0.68577945 ,  0.4834103  -  0.93377155
accuracy:  91.1
equal predictions:  0
TensorFlow version: 1.13.1
Found 939 images belonging to 1 classes.
argN = 3136
argN = 3136
0.588709 	 0.6639622
0.5896316 	 0.6395902
0.5920295 	 0.6736204
0.55462176 	 0.68601
0.6295167 	 0.61810786
0.5854705 	 0.64465106
0.5867506 	 0.6479116
0.63930357 	 0.69238883
0.6549402 	 0.72309977
0.6672396 	 0.78502077
0.5967249 	 0.7339145
0.5563793 	 0.61922437
0.56292635 	 0.6732297
0.6089573 	 0.6951095
0.60943925 	 0.7222873
0.61771536 	 0.6475462
0.546294 	 0.6097271
0.54346335 	 0.63591737
0.48169327 	 0.5840027
0.49372318 	 0.5925477
0.5399587 	 0.62859607
0.5596722 	 0.6245826
0.5225235 	 0.69069105
0.53237826 	 0.7121737
0.53049064 	 0.64095044
0.5256613 	 0.7261965
0.5586722 	 0.73950833
0.5881851 	 0.7357089
0.71508414 	 0.73088205
0.71284205 	 0.78677315
0.697049 	 0.70077866
0.69790155 	 0.7552364
0.6721148 	 0.7569624
0.6728 	 0.7249136
0.6942277 	 0.7423751
0.68246156 	 0.72362345
0.5937096 	 0.6428923
0.48751116 	 0.5942427
0.44692352 	 0.60019165
0.53190374 	 0.59969383
0.56496686 	 0.62007403
0.62067 	 0.6317587
0.58476424 	 0.6457182
0.5858593 	 0.6487829
0.60299575 	 0.6636892
0.5507628 	 0.6336871
0.5269289 	 0.6198497
0.5231289 	 0.6865565
0.5654089 	 0.581999
0.5507901 	 0.5833734
0.5643253 	 0.59842646
0.5785012 	 0.628033
0.6328178 	 0.67442983
0.67124695 	 0.77955306
0.6699283 	 0.7433715
0.64420253 	 0.7354839
0.558682 	 0.6831401
0.5119278 	 0.60475594
0.5811287 	 0.6647466
0.616241 	 0.6560818
0.59034455 	 0.6653091
0.6283822 	 0.7185827
0.5930491 	 0.76776105
0.662037 	 0.7219073
0.6501693 	 0.75371665
0.6305551 	 0.7174904
0.676117 	 0.73866147
0.6922508 	 0.71552294
0.5472038 	 0.63201433
0.6191492 	 0.5995808
0.5764211 	 0.6557648
0.60361886 	 0.6907588
0.53751755 	 0.63987476
0.5294389 	 0.6471846
0.5161686 	 0.68175167
0.58157176 	 0.53686947
0.55796194 	 0.5981586
0.56217396 	 0.590079
0.586233 	 0.5980837
0.58942723 	 0.59809375
0.6026174 	 0.6366817
0.66359013 	 0.6921791
0.6679237 	 0.7552966
0.67513114 	 0.71604776
0.6277071 	 0.63879436
0.53302324 	 0.63810813
0.5223435 	 0.66279674
0.53927535 	 0.5724976
0.5634336 	 0.5386404
0.56007075 	 0.4873848
0.6074126 	 0.5486079
0.5888489 	 0.6713664
0.58222675 	 0.7936096
0.5706259 	 0.8037024
0.48692852 	 0.89409614
0.5347445 	 0.80405295
0.5259132 	 0.93840635
0.555062 	 0.85002506
0.6052539 	 0.77966976
0.602043 	 0.72511226
0.5957303 	 0.71395403
0.5346603 	 0.677515
0.5326048 	 0.63340765
0.5467 	 0.6426348
0.5388155 	 0.5932896
0.5850435 	 0.606597
0.5982953 	 0.5728901
0.5761495 	 0.61315703
0.59423137 	 0.65837085
0.5606886 	 0.5850871
0.574752 	 0.5765421
0.5645776 	 0.6517994
0.5615743 	 0.59606904
0.56591207 	 0.6338174
0.5731323 	 0.6765955
0.6042443 	 0.6464158
0.5801802 	 0.68683887
0.5917417 	 0.6655539
0.59348106 	 0.6863347
0.59353155 	 0.67930347
0.5521901 	 0.7239975
0.57641923 	 0.71527463
0.5688663 	 0.71997803
0.6189764 	 0.7045784
0.5478461 	 0.69482315
0.55080384 	 0.6525701
0.5831444 	 0.69404596
0.55364466 	 0.6811171
0.5760808 	 0.69529134
0.5642743 	 0.6941865
0.59086615 	 0.6812278
0.5710876 	 0.7275383
0.5659108 	 0.6957884
0.5681069 	 0.7320206
0.56595486 	 0.7286749
0.5626997 	 0.67278445
0.53519535 	 0.69326437
0.5408039 	 0.71027863
0.516656 	 0.7072508
0.52325153 	 0.73556197
0.5196795 	 0.6986621
0.5318341 	 0.6775166
0.5099201 	 0.73754185
0.5179293 	 0.67470753
0.49664542 	 0.659604
0.5011491 	 0.588045
0.52603567 	 0.7153999
0.5249821 	 0.68985826
0.5131206 	 0.73686814
0.53328717 	 0.5954485
0.5189401 	 0.77191055
0.50185513 	 0.7205215
0.49906293 	 0.6947318
0.51028305 	 0.6824301
0.48661014 	 0.6777722
0.51050586 	 0.87513787
0.5130307 	 0.7109172
0.51803696 	 0.80973756
0.51884526 	 0.7121686
0.51444066 	 0.81059825
0.521684 	 0.67876995
0.50153595 	 0.75122887
0.5290152 	 0.7337572
0.5327569 	 0.7982782
0.52132535 	 0.7406359
0.51688933 	 0.6944339
0.51884174 	 0.71209216
0.5200682 	 0.7087638
0.5125573 	 0.80736315
0.5313357 	 0.6767749
0.547888 	 0.7961133
0.55851424 	 0.6561328
0.55383295 	 0.7051233
0.5835397 	 0.70558465
0.5649069 	 0.68688536
0.5922833 	 0.69752395
0.5934795 	 0.6386495
0.5756593 	 0.69212
0.60091126 	 0.72917575
0.5959396 	 0.7813884
0.5889272 	 0.7534679
0.589855 	 0.73183346
0.59315956 	 0.6681221
0.59565157 	 0.6522815
0.58294946 	 0.77383417
0.56688976 	 0.7599008
0.5800579 	 0.7011341
0.570204 	 0.62972456
0.57385814 	 0.6678177
0.5789837 	 0.80065197
0.56000257 	 0.7403184
0.5737144 	 0.6876534
0.5698209 	 0.795327
0.58490074 	 0.8351018
0.578995 	 0.742097
0.60323566 	 0.70216537
0.58320135 	 0.65047634
0.57778376 	 0.7280793
0.59752667 	 0.70254654
0.58027434 	 0.7876251
0.5850482 	 0.79486114
0.55942446 	 0.73874617
0.6869763 	 0.69305587
0.63178873 	 0.6720968
0.6306579 	 0.68424773
0.6038843 	 0.6508002
0.621432 	 0.6734854
0.5988331 	 0.6610955
0.61711603 	 0.6772753
0.6566044 	 0.6183326
0.6766343 	 0.6837548
0.67956287 	 0.6744061
0.6530538 	 0.66949695
0.61692214 	 0.6943
0.64980364 	 0.66213775
0.6356588 	 0.6689519
0.6496294 	 0.6415798
0.65512055 	 0.6671998
0.7038916 	 0.671347
0.73081356 	 0.6864213
0.6983959 	 0.66880274
0.67967576 	 0.6711133
0.67906743 	 0.6328313
0.6917402 	 0.6459428
0.66344965 	 0.67152745
0.66303754 	 0.74329704
0.65787506 	 0.6749671
0.656649 	 0.6563762
0.65663356 	 0.68771565
0.657424 	 0.65974087
0.6485727 	 0.66990304
0.6885704 	 0.678772
0.672283 	 0.64669096
0.6940641 	 0.660903
0.716888 	 0.680478
0.66722625 	 0.68645823
0.648337 	 0.6429241
0.67094845 	 0.64029086
0.6826412 	 0.71416545
0.6881544 	 0.6705388
0.6774363 	 0.64239293
0.672087 	 0.6368068
0.68827945 	 0.68399054
0.681418 	 0.64457077
0.6740565 	 0.66497207
0.6589384 	 0.7039846
0.65049183 	 0.66765547
0.6825498 	 0.6385583
0.676891 	 0.70328915
0.6807071 	 0.7121297
0.7115604 	 0.6786105
0.7072603 	 0.670429
0.67821044 	 0.65139663
0.69222933 	 0.63482887
0.6928485 	 0.6423637
0.7034156 	 0.6371417
0.6846714 	 0.6813857
0.649644 	 0.6524604
0.6509616 	 0.665948
0.6795422 	 0.6590465
0.72266173 	 0.6715704
0.7128975 	 0.6506775
0.69115645 	 0.6410672
0.633651 	 0.67037857
0.65925616 	 0.6597357
0.66872513 	 0.6260468
0.6470096 	 0.71407294
0.67878866 	 0.6652431
0.6388334 	 0.6520014
0.66365796 	 0.62968093
0.66802543 	 0.60796213
0.66262513 	 0.6694758
0.6659653 	 0.61221945
0.67714065 	 0.6560264
0.66916394 	 0.6339885
0.65401167 	 0.62137496
0.6451461 	 0.6600237
0.6558884 	 0.63816714
0.62693584 	 0.68876857
0.61838174 	 0.69459665
0.5887994 	 0.6712012
0.58001393 	 0.65072787
0.53687835 	 0.6704392
0.5019843 	 0.6420336
0.44462618 	 0.6291895
0.4658379 	 0.72026366
0.46186566 	 0.6624887
0.4665013 	 0.69431025
0.50249183 	 0.71748316
0.57060575 	 0.706568
0.59634376 	 0.69399345
0.64331347 	 0.7104004
0.6168318 	 0.691341
0.6093183 	 0.66960174
0.66614795 	 0.73135567
0.67803144 	 0.63113296
0.67291373 	 0.7043596
0.66500014 	 0.6573432
0.684291 	 0.6311485
0.65852743 	 0.6559683
0.6983971 	 0.70749027
0.68454933 	 0.73727834
0.69846827 	 0.67658544
0.69501287 	 0.6185437
0.70375264 	 0.6390986
0.71144444 	 0.6451096
0.6976509 	 0.62293065
0.71451664 	 0.6775086
0.73163265 	 0.64282155
0.700312 	 0.66470045
0.7174678 	 0.6455434
0.7259933 	 0.68130803
0.70892644 	 0.65158665
Summary
0.44462618  -  0.73163265 ,  0.4873848  -  0.93840635
accuracy:  79.2
equal predictions:  0
TensorFlow version: 1.13.1
Found 939 images belonging to 1 classes.
argN = 3136
argN = 3136
0.3374151 	 0.5778025
0.41722408 	 0.6357484
0.39880627 	 0.7383299
0.3967169 	 0.6856581
0.41414183 	 0.932134
0.4762343 	 0.6908187
0.50819504 	 0.73501873
0.5181119 	 0.8027634
0.51449335 	 0.6957206
0.5074357 	 0.6401329
0.4970214 	 0.8353303
0.52237576 	 0.81554925
0.43789232 	 0.6216664
0.37446398 	 0.6210145
0.4782478 	 0.6076563
0.40808788 	 0.5999185
0.32818824 	 0.74644214
0.2304884 	 0.87315696
0.32470202 	 0.5921353
0.438909 	 0.7505211
0.45402995 	 0.57136726
0.50123787 	 0.56285006
0.47683778 	 0.7547788
0.41676807 	 0.72299194
0.40340692 	 0.7638984
0.42725226 	 0.6365771
0.4680306 	 0.7821241
0.44108546 	 0.5908418
0.22338623 	 0.8919985
0.20982413 	 0.88488847
0.36175442 	 0.54909277
0.39715463 	 0.6528795
0.3760624 	 0.76401216
0.37510058 	 0.5946385
0.3635188 	 0.6761972
0.41103452 	 0.8210312
0.32450882 	 0.7270572
0.32896218 	 0.4385829
0.36209884 	 0.5831625
0.5030764 	 0.5934927
0.46868128 	 0.6092747
0.47080666 	 0.61816823
0.47386113 	 0.77288973
0.40297756 	 0.68253577
0.34858105 	 0.83196443
0.40939948 	 0.7612014
0.44169518 	 0.8445109
0.37627023 	 0.68195844
0.47881037 	 0.7074112
0.27559048 	 0.41982424
0.28727058 	 0.69521546
0.44967064 	 0.69086635
0.47277322 	 0.7122218
0.39680818 	 0.615188
0.35125738 	 0.7684976
0.33788595 	 0.61999035
0.33601353 	 0.8101921
0.32649976 	 0.49570963
0.33949748 	 0.6862465
0.4166789 	 0.681895
0.43069246 	 0.76198596
0.23442934 	 0.53014714
0.24903965 	 0.55198157
0.26770985 	 0.85405874
0.38267776 	 0.71483535
0.46898744 	 0.57527214
0.3747929 	 0.69506747
0.3897372 	 0.6654288
0.43527392 	 0.52278364
0.45700786 	 0.60308707
0.45041412 	 0.57169163
0.44383636 	 0.7153081
0.49803483 	 0.658468
0.4583527 	 0.6554174
0.46611753 	 0.7257845
0.4120616 	 0.692795
0.318194 	 0.86888105
0.38273597 	 0.6082438
0.25764772 	 0.3842855
0.25803512 	 0.44372135
0.36899212 	 0.79666895
0.5295517 	 0.64833987
0.505316 	 0.8251631
0.5310911 	 0.67298514
0.5242117 	 0.8705382
0.48986053 	 0.89733684
0.44696656 	 0.7256834
0.392643 	 0.80578536
0.2504201 	 0.49779996
0.25724816 	 0.46015346
0.24666494 	 0.4225254
0.26613346 	 0.578605
0.26566634 	 0.73055875
0.25182316 	 0.48481297
0.26061413 	 0.56326234
0.2619864 	 0.46030068
0.2650905 	 0.55453926
0.2650842 	 0.37284666
0.26604757 	 0.48033002
0.26247987 	 0.51715904
0.26660225 	 0.6217885
0.2575797 	 0.5817475
0.30237362 	 0.97310656
0.31191233 	 0.5523647
0.31549397 	 0.61363363
0.32971066 	 0.6749265
0.35814768 	 0.5301195
0.397973 	 0.6853759
0.40615615 	 0.61026925
0.45625383 	 0.60475963
0.49678785 	 0.693796
0.5001751 	 0.6208944
0.52653927 	 0.6734305
0.50666755 	 0.61403614
0.50473756 	 0.66779447
0.49638876 	 0.6644657
0.52264756 	 0.66644716
0.49972576 	 0.6878724
0.53669554 	 0.6101073
0.5269507 	 0.7082371
0.5195171 	 0.6790572
0.5209935 	 0.59243906
0.513535 	 0.6292579
0.49056634 	 0.67591214
0.5193448 	 0.75434285
0.5093566 	 0.68103516
0.5333566 	 0.67850477
0.5257795 	 0.5887902
0.5229228 	 0.81474453
0.5090544 	 0.69549656
0.5152156 	 0.69329584
0.50966614 	 0.6008697
0.51316434 	 0.7009678
0.51914924 	 0.7898541
0.5252907 	 0.48273665
0.53239584 	 0.787283
0.5041447 	 0.46079448
0.50324535 	 0.59275675
0.5185918 	 0.69022
0.5238213 	 0.73742247
0.5398104 	 0.53765154
0.5271819 	 0.48548493
0.52119493 	 0.70341533
0.51323694 	 0.7808184
0.5254341 	 0.5802554
0.51381856 	 0.73831654
0.52633464 	 0.49356616
0.51839864 	 0.74776006
0.5300421 	 0.780265
0.5368918 	 0.4624719
0.543566 	 0.6773936
0.516321 	 0.8166355
0.52528936 	 0.6357468
0.5030111 	 0.78492445
0.48695228 	 0.71646696
0.5024122 	 0.7623667
0.5027556 	 0.733935
0.49327523 	 0.6554082
0.50303245 	 0.72392756
0.50184417 	 0.5562236
0.4796906 	 0.84209675
0.4949204 	 0.6020766
0.48498547 	 0.6120209
0.45890716 	 0.73399657
0.44076356 	 0.6699995
0.4569795 	 0.7000587
0.4341771 	 0.47784883
0.4241694 	 0.77274543
0.4256695 	 0.7166306
0.40585336 	 0.665244
0.41944256 	 0.7340448
0.42502788 	 0.6260708
0.40936133 	 0.56686383
0.39786175 	 0.6519975
0.42006364 	 0.7746351
0.417732 	 0.55573034
0.4246341 	 0.7519197
0.40853834 	 0.7287585
0.39668888 	 0.5822179
0.43258336 	 0.622112
0.42761427 	 0.6193734
0.43120128 	 0.6468198
0.44806176 	 0.85658526
0.45019522 	 0.8061565
0.4366702 	 0.6491
0.43498805 	 0.61385846
0.4468553 	 0.62791127
0.44807285 	 0.65815616
0.4448912 	 0.7292373
0.4427213 	 0.58832526
0.45708552 	 0.44970664
0.47062352 	 0.5879949
0.44334614 	 0.7362175
0.4382182 	 0.6268638
0.44419494 	 0.8668834
0.57398385 	 0.54776114
0.57549256 	 0.56310004
0.5289492 	 0.5151996
0.53111625 	 0.51993257
0.56480664 	 0.6606196
0.5898193 	 0.50836724
0.5882061 	 0.55392474
0.6310899 	 0.54307216
0.6068496 	 0.51267153
0.61190003 	 0.57723045
0.62366503 	 0.5279759
0.5912977 	 0.5610838
0.61211425 	 0.5525395
0.59096783 	 0.5824489
0.58605164 	 0.55924803
0.59015006 	 0.5659118
0.6149319 	 0.6927287
0.5992099 	 0.49959314
0.61334026 	 0.5870504
0.62197584 	 0.5486906
0.61886436 	 0.557517
0.63590294 	 0.57988
0.63439363 	 0.48877916
0.6437801 	 0.48865944
0.6088748 	 0.52063
0.5967402 	 0.5587068
0.59283656 	 0.64398235
0.5823485 	 0.4871502
0.5851374 	 0.42541966
0.5719432 	 0.49319118
0.57313365 	 0.5016916
0.59589416 	 0.505146
0.6548787 	 0.5710538
0.63236797 	 0.55679816
0.6128679 	 0.5256702
0.6086301 	 0.5232679
0.63504106 	 0.5317996
0.60553384 	 0.55941683
0.6446167 	 0.5844895
0.6124329 	 0.4926552
0.60838586 	 0.5329462
0.61795485 	 0.51217866
0.6367633 	 0.55403084
0.68097353 	 0.6534114
0.6271135 	 0.5703058
0.62107855 	 0.5803459
0.6502724 	 0.5429026
0.6151722 	 0.54463
0.64676535 	 0.5958966
0.6501469 	 0.60844
0.6197803 	 0.5807024
0.6178384 	 0.5826499
0.64081174 	 0.5843332
0.6336601 	 0.5651029
0.6220238 	 0.48902145
0.61383164 	 0.52648926
0.6219721 	 0.56415886
0.5931356 	 0.53150517
0.6328295 	 0.6635856
0.61845964 	 0.5335737
0.62926733 	 0.47466967
0.6352658 	 0.5035847
0.6246619 	 0.6125102
0.64207435 	 0.52374053
0.66061455 	 0.59577745
0.63289386 	 0.6094348
0.62897825 	 0.5778267
0.6498698 	 0.5693985
0.64352363 	 0.5844077
0.6216804 	 0.61408824
0.63299423 	 0.55452037
0.6271645 	 0.6276019
0.6276245 	 0.6085186
0.6166876 	 0.6247811
0.6232377 	 0.59900546
0.6091973 	 0.5250368
0.62821573 	 0.5580071
0.63127583 	 0.5395873
0.64575744 	 0.5953939
0.6625426 	 0.56517357
0.6309661 	 0.63815916
0.65804416 	 0.53465486
0.66293645 	 0.54784524
0.6335087 	 0.57284653
0.65185267 	 0.5534861
0.64971024 	 0.5355281
0.6382932 	 0.47812474
0.6362969 	 0.5688909
0.6421625 	 0.544985
0.60737354 	 0.5581675
0.5833232 	 0.5885089
0.5788806 	 0.5645612
0.61178154 	 0.5872101
0.61241055 	 0.54233724
0.5844526 	 0.60828537
0.58188176 	 0.57595634
0.58824795 	 0.5419239
0.5060631 	 0.61520797
0.44911432 	 0.65412354
0.43262258 	 0.6659832
0.5070879 	 0.751707
0.5925268 	 0.7366093
0.62063146 	 0.6711336
0.66132355 	 0.7292022
0.61130756 	 0.6811351
0.61834514 	 0.6156698
0.6339897 	 0.5909095
0.60940295 	 0.51612884
0.61748797 	 0.5512902
0.6025407 	 0.54546636
0.59173435 	 0.52872
0.618368 	 0.5793458
0.64287055 	 0.6133111
0.6585544 	 0.63516885
0.63311875 	 0.6445077
0.63226074 	 0.6210953
0.64299005 	 0.6078914
0.63889813 	 0.5514954
Summary
0.20982413  -  0.68097353 ,  0.37284666  -  0.97310656
accuracy:  65.8
equal predictions:  0
TensorFlow version: 1.13.1
Found 939 images belonging to 1 classes.
argN = 3136
argN = 3136
0.40057594 	 0.7112025
0.40522423 	 0.67007345
0.47667706 	 0.604311
0.45408365 	 0.68360806
0.45274702 	 0.6944474
0.630584 	 0.70184773
0.65921146 	 0.65022033
0.68246996 	 0.5979572
0.6896976 	 0.63319516
0.6461444 	 0.65260965
0.6048319 	 0.6077861
0.63078636 	 0.56877947
0.6369802 	 0.66028345
0.58079267 	 0.6633144
0.57228523 	 0.5980572
0.5232792 	 0.6201774
0.4609471 	 0.56506693
0.50216895 	 0.55836356
0.49125767 	 0.53843147
0.46895036 	 0.7151647
0.548233 	 0.5490126
0.6244317 	 0.65339637
0.6161197 	 0.6265723
0.6080574 	 0.69598
0.60586417 	 0.64573735
0.417204 	 0.48991033
0.37226894 	 0.47398636
0.37345627 	 0.7486119
0.37585473 	 0.5604489
0.36827573 	 0.7141803
0.44461113 	 0.65938157
0.4972215 	 0.6872012
0.49125144 	 0.6103798
0.4400398 	 0.6613275
0.38763276 	 0.76409876
0.46205476 	 0.77275884
0.5828365 	 0.58193755
0.5431023 	 0.6192782
0.55750763 	 0.66567755
0.5616625 	 0.71908295
0.5921165 	 0.6182243
0.637564 	 0.6619746
0.6417104 	 0.60852057
0.6262718 	 0.61798084
0.65925664 	 0.64593333
0.55990845 	 0.6471163
0.5688678 	 0.61718374
0.56376714 	 0.65002316
0.53853357 	 0.59632134
0.48215768 	 0.64138883
0.4616103 	 0.60939145
0.4462253 	 0.55194026
0.4211954 	 0.5138953
0.4970702 	 0.5958553
0.5169989 	 0.71481
0.5134559 	 0.66836274
0.53628767 	 0.6755674
0.5156004 	 0.5706095
0.5855453 	 0.64410776
0.5987165 	 0.6629628
0.60504854 	 0.6546683
0.65770674 	 0.58487743
0.63715875 	 0.659788
0.6186402 	 0.67338246
0.5704237 	 0.56019527
0.45118472 	 0.5053656
0.5508152 	 0.77991295
0.5090085 	 0.66627014
0.50915694 	 0.47361246
0.46412012 	 0.62088025
0.45640302 	 0.55386883
0.46095398 	 0.6752143
0.60415983 	 0.55032337
0.59194225 	 0.6613208
0.5478163 	 0.6235149
0.5344078 	 0.6681632
0.5788204 	 0.608255
0.63120884 	 0.71751934
0.56686676 	 0.63023925
0.5556605 	 0.67522305
0.58963746 	 0.567494
0.5964051 	 0.62970567
0.5260903 	 0.633546
0.5665494 	 0.6905888
0.4991732 	 0.6616012
0.450003 	 0.5502052
0.46335644 	 0.5532836
0.4159647 	 0.46087566
0.45397478 	 0.7845158
0.57067114 	 0.64222914
0.5981721 	 0.6980668
0.6158343 	 0.61192596
0.6514751 	 0.57667947
0.64394003 	 0.66768706
0.58288324 	 0.6308414
0.55473894 	 0.6921948
0.5487287 	 0.61389405
0.5743143 	 0.6502916
0.58319163 	 0.64340395
0.4261901 	 0.60072577
0.43604815 	 0.8308651
0.4353617 	 0.67720187
0.40536192 	 0.5141695
0.3902714 	 0.6318904
0.39460012 	 0.536365
0.39009088 	 0.5699106
0.38943097 	 0.70596135
0.38711506 	 0.7575376
0.3831517 	 0.60974884
0.4028307 	 0.60030746
0.39784685 	 0.7128448
0.39271238 	 0.63746184
0.3959162 	 0.68652123
0.4072326 	 0.7049671
0.40946564 	 0.7035899
0.4070816 	 0.56567824
0.43584433 	 0.60149145
0.43749657 	 0.6372587
0.47531375 	 0.64516634
0.5070925 	 0.6179907
0.5165054 	 0.64369893
0.52216685 	 0.6590734
0.5218268 	 0.6322833
0.60115236 	 0.6076841
0.5856253 	 0.6397719
0.58707887 	 0.6492085
0.6228133 	 0.6419193
0.5928209 	 0.6982669
0.60169816 	 0.7043212
0.6026516 	 0.60308075
0.602568 	 0.68310964
0.60000175 	 0.7112477
0.6181099 	 0.640523
0.6316309 	 0.6436564
0.6327836 	 0.6575217
0.64010084 	 0.6257093
0.64570946 	 0.7210871
0.6498977 	 0.5979755
0.66051257 	 0.6465716
0.6290439 	 0.6319421
0.6721608 	 0.628831
0.64080584 	 0.6448582
0.6655784 	 0.64573973
0.6478995 	 0.6406167
0.64414316 	 0.6100713
0.6624547 	 0.6748013
0.6221091 	 0.6721707
0.6302183 	 0.63308495
0.6520062 	 0.6591859
0.6323904 	 0.68256915
0.6643923 	 0.67447513
0.6443703 	 0.6303341
0.6864111 	 0.64450455
0.62547857 	 0.635395
0.66499573 	 0.62591994
0.64914674 	 0.6263213
0.6406092 	 0.62732273
0.6335936 	 0.60956633
0.66551465 	 0.604417
0.6263184 	 0.7550485
0.6271271 	 0.6574778
0.6248309 	 0.58698624
0.6197966 	 0.8180823
0.6105403 	 0.610757
0.610043 	 0.6439994
0.5903899 	 0.71968627
0.57179666 	 0.71127754
0.5869858 	 0.6272081
0.58120227 	 0.5973219
0.5701791 	 0.6209997
0.5568092 	 0.63602877
0.5773555 	 0.61124027
0.5759799 	 0.64505726
0.5739079 	 0.627713
0.5466806 	 0.619932
0.5554579 	 0.5934397
0.5531771 	 0.6102338
0.54843974 	 0.70369315
0.52833635 	 0.65046203
0.5819702 	 0.67079127
0.5502618 	 0.6386815
0.56473374 	 0.62567
0.56719255 	 0.63208586
0.5480855 	 0.7047118
0.5461781 	 0.66687226
0.5531591 	 0.6385729
0.5687971 	 0.6761938
0.5712632 	 0.6376653
0.56655747 	 0.58038616
0.56913817 	 0.6466946
0.554181 	 0.6125003
0.5503824 	 0.67010987
0.566321 	 0.6358294
0.57712734 	 0.67278737
0.5674993 	 0.64587945
0.5837903 	 0.68386465
0.58759964 	 0.62544817
0.5741185 	 0.61399263
0.5863125 	 0.5941701
0.5951525 	 0.6288232
0.60344183 	 0.6877545
0.5941127 	 0.6516159
0.55981916 	 0.62354356
0.60614485 	 0.63542044
0.6217975 	 0.66499966
0.6265991 	 0.6490918
0.6043085 	 0.6538197
0.6077029 	 0.66496384
0.57692134 	 0.6515894
0.6211021 	 0.6946871
0.63466233 	 0.59818774
0.6257451 	 0.6111705
0.6405805 	 0.6514641
0.61926955 	 0.67443943
0.6429755 	 0.64385796
0.6387532 	 0.62219083
0.6507434 	 0.613575
0.6364242 	 0.65433294
0.6457909 	 0.6638376
0.64441156 	 0.6531656
0.6785316 	 0.6478651
0.62874097 	 0.66447556
0.6202687 	 0.67751175
0.61487424 	 0.6911501
0.5982983 	 0.6371496
0.6347561 	 0.64154553
0.6188845 	 0.64222914
0.6130327 	 0.66459316
0.6374427 	 0.71073943
0.5994437 	 0.6558359
0.5959241 	 0.62013555
0.613124 	 0.66952854
0.610086 	 0.6713027
0.6079009 	 0.67240876
0.64930123 	 0.6445353
0.61115533 	 0.6134738
0.6157009 	 0.67278504
0.61742145 	 0.6504957
0.61327195 	 0.6641332
0.61168635 	 0.69689965
0.6253529 	 0.70037144
0.6573117 	 0.6979229
0.6771871 	 0.65218586
0.6056422 	 0.6704536
0.60656005 	 0.6230822
0.6212829 	 0.6260002
0.6130648 	 0.7319978
0.6507783 	 0.6589167
0.6298869 	 0.6912766
0.60746324 	 0.660901
0.59554625 	 0.59612715
0.5993356 	 0.6076829
0.5864281 	 0.6586368
0.56235594 	 0.66060877
0.5954139 	 0.66857266
0.61413646 	 0.63974106
0.5905302 	 0.6121955
0.64672905 	 0.66469336
0.6427021 	 0.6668546
0.65018016 	 0.679792
0.6684124 	 0.6320897
0.6497529 	 0.6466573
0.6227582 	 0.63022417
0.62662864 	 0.6483285
0.6059332 	 0.6599836
0.5771356 	 0.6805951
0.5563891 	 0.62680423
0.54933184 	 0.64620996
0.543288 	 0.6462741
0.628841 	 0.6502334
0.6696864 	 0.68460274
0.674249 	 0.63254535
0.75134015 	 0.6446719
0.7288687 	 0.652135
0.69480723 	 0.6458451
0.6734569 	 0.6665293
0.6735598 	 0.65056187
0.70340353 	 0.63313097
0.6912984 	 0.6283736
0.6776936 	 0.652915
0.67031485 	 0.6639467
0.6497579 	 0.64765596
0.6019812 	 0.6237872
0.59254986 	 0.7064035
0.57436 	 0.6975938
0.5670721 	 0.6839217
0.5138805 	 0.70583975
0.45804697 	 0.6919083
0.47572926 	 0.5674597
0.46534425 	 0.63737833
0.47311926 	 0.68856573
0.48908335 	 0.65163606
0.5077223 	 0.6387377
0.5208452 	 0.5994632
0.5469696 	 0.61802053
0.5684255 	 0.61750025
0.6154241 	 0.67632186
0.6339045 	 0.67105407
0.67957366 	 0.67262864
0.6569627 	 0.6502395
0.67869043 	 0.64974177
0.6711506 	 0.6759698
0.6500491 	 0.68705666
0.65337473 	 0.6605602
0.6236143 	 0.6540406
0.64283884 	 0.661886
0.6382106 	 0.65887177
0.6415725 	 0.6639833
0.64417976 	 0.65881926
0.6326555 	 0.6787226
0.64233446 	 0.6395303
0.625259 	 0.6551917
0.61571 	 0.66392976
Summary
0.36827573  -  0.75134015 ,  0.46087566  -  0.8308651
accuracy:  82.7
equal predictions:  0
