TensorFlow version: 1.13.1
Found 939 images belonging to 1 classes.
argN = 784
argN = 784
0.56962246 	 1.3220161
0.65645236 	 1.5867068
0.25478438 	 1.209106
0.56073 	 1.3765529
0.6327583 	 1.3749598
0.514755 	 1.4319179
0.2642817 	 2.0973465
0.2237587 	 1.5842254
0.18663254 	 1.1272898
0.15925545 	 1.1834368
0.102874085 	 1.3176837
0.10536544 	 1.8315325
0.12366096 	 1.4542708
0.3389661 	 1.227865
0.27219424 	 1.2676485
0.31226623 	 1.4351172
0.33974475 	 1.1847179
0.3670495 	 1.1256117
0.47198838 	 1.1606622
0.39253196 	 1.0647588
0.24437462 	 1.5327917
0.19539109 	 1.2551562
0.11984919 	 2.0606155
0.12106647 	 1.6950475
0.14370768 	 1.4241585
0.13311534 	 1.9494526
0.1255044 	 1.7267203
0.15343072 	 1.3196572
0.22205016 	 1.4696158
0.24545619 	 1.528072
0.28745124 	 1.4282495
0.60122555 	 1.0933628
0.53177714 	 0.8846133
0.65722406 	 0.9268488
0.57905275 	 0.98468477
0.64854735 	 0.9334753
0.6994494 	 1.106761
0.69896984 	 0.8607934
0.5870645 	 1.2668451
0.5654135 	 1.4181716
0.527861 	 1.2968012
0.50516975 	 1.2366303
0.5756173 	 1.3014721
0.54622346 	 1.6748956
0.6315208 	 1.1439968
0.5698977 	 1.0274738
0.5718689 	 1.0404922
0.36540088 	 1.5314059
0.27340677 	 1.4059764
0.33942088 	 1.604916
0.29436058 	 1.1662261
0.1248207 	 1.3664969
0.095483 	 2.0822222
0.09156305 	 1.4551542
0.110427566 	 1.1296487
0.10341905 	 1.3688937
0.09071014 	 1.840735
0.30416563 	 1.2734998
0.26008147 	 1.4930235
0.22186486 	 1.6023059
0.20914708 	 1.214373
0.2585541 	 1.3129702
0.102357075 	 1.9822948
0.13758665 	 1.0960703
0.14514291 	 1.475992
0.05961375 	 1.3150254
0.037217412 	 1.816646
0.015598082 	 2.065978
0.021971347 	 1.1914603
0.17589141 	 1.5185947
0.4787006 	 1.0172532
0.48991197 	 0.7773259
0.46842796 	 0.9673662
0.5576406 	 0.89011735
0.57011735 	 1.0797828
0.5315316 	 1.0043502
0.4634167 	 0.9372812
0.532866 	 0.9468573
0.5236455 	 0.9638746
0.34094954 	 1.0674111
0.30817991 	 1.1645133
0.45841232 	 0.9845895
0.32945558 	 1.5867767
0.26952332 	 1.8582157
0.104971334 	 1.4295833
0.107515514 	 1.3136148
0.13647036 	 1.6922901
0.06126357 	 1.8408818
0.19674248 	 1.465518
0.21997863 	 1.3692693
0.1697536 	 1.71791
0.20214802 	 1.7470231
0.13907601 	 1.5025373
0.13860108 	 1.4874611
0.14022285 	 1.231252
0.11050851 	 1.464904
0.103147425 	 1.4990858
0.11792352 	 1.4787183
0.09974397 	 1.2501966
0.16775607 	 1.2409555
0.21618208 	 1.08529
0.18322062 	 1.1110046
0.20707774 	 0.7657081
0.18778601 	 0.96101934
0.15357429 	 0.83662665
0.17660084 	 1.1080663
0.18144499 	 0.80716616
0.1848297 	 0.6371133
0.14211681 	 1.1698916
0.14118092 	 0.9425168
0.14298248 	 0.76753837
0.117836274 	 1.0700332
0.13552152 	 1.2464442
0.12640159 	 0.95738596
0.1493311 	 0.98657715
0.14647648 	 0.56586033
0.14582403 	 0.9177129
0.16963515 	 0.99874365
0.15196607 	 0.8838229
0.1679603 	 0.7825897
0.18073905 	 1.015544
0.17376293 	 0.96196735
0.17069797 	 0.9607255
0.16277461 	 0.89350885
0.19389585 	 1.1108433
0.19990097 	 0.7566419
0.21716973 	 0.74361557
0.15865299 	 1.1183817
0.18569238 	 0.8350444
0.16522841 	 1.2285972
0.14231333 	 0.83949864
0.15127209 	 0.908474
0.14471228 	 0.841386
0.12742239 	 0.75987023
0.1448974 	 1.4292109
0.15808469 	 0.9841448
0.15247355 	 0.79749644
0.15527491 	 0.7246729
0.14882652 	 1.4679998
0.167009 	 1.0845217
0.14092608 	 0.9659555
0.14323653 	 0.70583636
0.14623187 	 0.7838103
0.13660128 	 1.337894
0.1466339 	 0.7864239
0.09495262 	 0.8978971
0.09558018 	 1.14216
0.08249446 	 0.73550785
0.072786696 	 0.82767755
0.09913321 	 1.4463285
0.088328555 	 1.1324445
0.09522754 	 1.1491052
0.11033039 	 1.2467861
0.08262639 	 0.6842682
0.10702443 	 0.97841096
0.0926216 	 1.0347035
0.10331786 	 0.9493593
0.09148369 	 0.89134574
0.0963348 	 1.3579386
0.10163063 	 0.9167078
0.09395544 	 1.1082243
0.10203187 	 1.3130991
0.106614485 	 0.78022516
0.106166855 	 0.75227296
0.120320395 	 1.0048541
0.09442148 	 0.7535402
0.110633135 	 0.6360235
0.08241284 	 0.89247113
0.08805715 	 0.8727253
0.10247171 	 1.2440764
0.096841745 	 1.4392298
0.10284508 	 1.2197493
0.08379761 	 1.0776266
0.09115959 	 0.9300785
0.08673615 	 0.7764507
0.1551581 	 0.8356134
0.15068863 	 0.96051735
0.1552165 	 1.2621856
0.14354281 	 1.0288947
0.13399158 	 0.87653387
0.1520213 	 0.9955397
0.15532817 	 0.8560493
0.16977867 	 0.7997335
0.192436 	 0.7227656
0.16653301 	 1.3730005
0.1959261 	 1.2514367
0.22304572 	 1.176652
0.17782573 	 0.81348026
0.21392457 	 0.99428385
0.19058119 	 0.9494397
0.1879203 	 1.2918776
0.21103375 	 0.73838913
0.1801036 	 0.8769953
0.20137899 	 0.98761714
0.19622973 	 0.6687277
0.18971397 	 0.94470423
0.17880876 	 0.95086306
0.17058854 	 0.8894623
0.4949643 	 0.7673568
0.4575924 	 0.69236106
0.49208808 	 0.8938111
0.3708723 	 0.69371337
0.46185875 	 0.8414897
0.45496953 	 0.773351
0.27140233 	 1.2156829
0.24856494 	 0.99113446
0.258023 	 0.96046704
0.29181454 	 0.7587707
0.31353164 	 0.93177885
0.32376117 	 1.3065623
0.36485854 	 0.9188478
0.3792277 	 0.8710399
0.38791016 	 1.0338341
0.3677307 	 0.5550748
0.29725695 	 0.8865712
0.28257424 	 0.9455377
0.29157755 	 0.98713267
0.3070695 	 0.7377702
0.28348053 	 0.82346064
0.2503427 	 1.6635706
0.29150072 	 1.1258075
0.3109642 	 1.0193491
0.30127013 	 1.13867
0.30162022 	 0.98042387
0.28148827 	 1.226218
0.4708204 	 1.0315807
0.5102221 	 0.85703313
0.53908473 	 0.8540254
0.4116277 	 0.8273372
0.35476485 	 1.1586387
0.3604385 	 0.5570829
0.31506744 	 0.78278494
0.27564442 	 1.1150391
0.3981287 	 0.5655222
0.5013925 	 0.6888387
0.5848189 	 0.93794763
0.6050647 	 0.7011587
0.53831685 	 0.9062774
0.47379863 	 0.9095239
0.36120835 	 1.7666835
0.29696912 	 0.63503724
0.30673346 	 1.0078199
0.32083926 	 0.93396807
0.32712224 	 0.5038768
0.29660204 	 0.9999342
0.28436133 	 1.007653
0.2794429 	 1.2660226
0.27924082 	 0.46577066
0.23294768 	 1.2893332
0.26559854 	 0.9315233
0.28177565 	 0.9532903
0.27209002 	 0.8904787
0.24380742 	 0.6364922
0.26762214 	 1.0190461
0.27442417 	 0.836053
0.30476093 	 0.63221574
0.30097726 	 0.98526573
0.32714158 	 1.0078638
0.3130426 	 1.0653706
0.32976654 	 1.018921
0.34009442 	 1.0863458
0.34706464 	 0.8316941
0.41618428 	 0.8335575
0.32633635 	 0.61758494
0.44550616 	 0.799539
0.4250022 	 0.8759108
0.32259902 	 0.87151843
0.30561855 	 0.54325926
0.31170455 	 1.0710456
0.30888897 	 0.46995795
0.2827281 	 0.71530074
0.26260325 	 1.2982887
0.28479162 	 0.7934765
0.25983575 	 0.87222457
0.22360902 	 1.3456764
0.19924568 	 0.86392057
0.22287178 	 1.3878776
0.18975936 	 0.9364847
0.20931491 	 0.81930476
0.21416156 	 1.0201334
0.23877789 	 0.7291771
0.23245633 	 1.1808511
0.27829972 	 0.7149596
0.3401904 	 0.9230471
0.33228305 	 1.012316
0.36744007 	 1.0372769
0.35180742 	 0.59315956
0.44393235 	 0.87111443
0.42453805 	 0.70901954
0.55705875 	 0.79740113
0.469576 	 0.8767746
0.47612068 	 0.75881916
0.4130965 	 0.7018072
0.30943626 	 1.3985816
0.23721398 	 0.8557136
0.28675768 	 0.7778684
0.29224396 	 0.7138464
0.25084522 	 1.4366637
0.29076567 	 0.8030702
0.30802888 	 1.1279069
0.36517888 	 0.9396378
0.44724005 	 1.0664058
0.51509035 	 0.9396742
0.51684386 	 0.9058404
0.49625707 	 1.0134366
0.44122148 	 0.8195186
0.46161425 	 0.6990335
0.41767922 	 1.0021093
0.42571384 	 0.91513854
0.3899738 	 0.9566124
0.40123883 	 0.72696424
0.36007607 	 0.817206
0.32513997 	 1.0014616
Summary
0.015598082  -  0.6994494 ,  0.46577066  -  2.0973465
accuracy:  100.0
equal predictions:  0
TensorFlow version: 1.13.1
Found 939 images belonging to 1 classes.
argN = 784
argN = 784
0.42101103 	 0.5685651
0.44203955 	 0.5463053
0.46938783 	 0.55599236
0.5816492 	 0.7236093
0.6001936 	 0.6989997
0.32921597 	 0.59124804
0.23667999 	 0.94429195
0.27715105 	 0.5569407
0.20143636 	 0.87096673
0.12053305 	 1.0961249
0.13641325 	 0.7030539
0.23800014 	 1.0267118
0.2290498 	 0.740072
0.23468271 	 0.7806719
0.341362 	 0.88511
0.3680522 	 0.67421883
0.34890738 	 0.47406584
0.3881625 	 0.68861145
0.358934 	 0.34379596
0.34516773 	 0.73122936
0.3871372 	 0.6327619
0.20671964 	 0.67807984
0.06317538 	 0.35085443
0.2400399 	 0.7836998
0.3617195 	 0.6110333
0.6354222 	 0.53798485
0.65234625 	 0.9578876
0.67554045 	 0.25099114
0.35844508 	 0.86867356
0.26622662 	 0.8907192
0.4811068 	 0.78572446
0.44569397 	 0.6489335
0.41468814 	 0.59917456
0.5585165 	 1.0493104
0.447555 	 0.7816149
0.33179906 	 0.77868325
0.30762115 	 0.6596961
0.055111583 	 0.74251485
0.057734113 	 1.1482382
0.18977493 	 1.0574384
0.11655406 	 1.1299734
0.2982899 	 0.7984076
0.31231073 	 0.89112335
0.45787635 	 0.60762435
0.36366293 	 0.57984084
0.4258048 	 0.79618084
0.45354748 	 0.8577481
0.30271345 	 0.74332374
0.30978638 	 0.34022558
0.31781465 	 0.969157
0.32163268 	 0.34786126
0.32746777 	 0.6785155
0.34563753 	 0.5100711
0.3923611 	 0.8313714
0.3416444 	 0.62126493
0.17521814 	 0.41750005
0.09491854 	 0.30956167
0.06397798 	 1.0224862
0.05103892 	 0.17196146
0.06853866 	 0.88887
0.07664858 	 1.2542374
0.06608034 	 0.70307386
0.12404368 	 0.96508646
0.48000267 	 0.72037697
0.4655932 	 0.39189354
0.56457156 	 0.8831094
0.60585976 	 0.34322837
0.5693808 	 0.79932475
0.4781272 	 0.5745976
0.4429477 	 0.7712021
0.43916565 	 0.65582085
0.40623257 	 0.74831104
0.38128603 	 0.711471
0.3922478 	 0.6005821
0.32932684 	 0.753318
0.3282859 	 0.71720177
0.16441648 	 0.8946605
0.07264074 	 0.7007984
0.027116036 	 0.92024803
0.35020244 	 0.7695534
0.2606975 	 0.3743227
0.38189477 	 0.68064725
0.38955256 	 0.5858047
0.24393468 	 0.9245859
0.38356826 	 0.63208634
0.28762344 	 0.6827625
0.25380623 	 0.8511221
0.2538852 	 0.6779987
0.23400633 	 0.922456
0.24917194 	 0.89220244
0.18450406 	 0.6953549
0.1852273 	 0.75053614
0.22633465 	 0.7982279
0.22005357 	 0.9456116
0.23694767 	 1.2804415
0.25342947 	 0.8663592
0.23684229 	 0.66619545
0.23721081 	 0.81362844
0.23032323 	 0.7437489
0.23136085 	 0.97868454
0.22676115 	 0.77480775
0.28576854 	 0.7263497
0.28936905 	 0.44201338
0.27711442 	 0.8504548
0.31778753 	 0.66862744
0.26347438 	 0.71201235
0.30873865 	 0.42018893
0.3153469 	 0.7718519
0.310614 	 0.66172516
0.31420177 	 0.68287283
0.31628314 	 0.61729866
0.3166261 	 0.49613157
0.32316762 	 0.38435483
0.32735458 	 1.0124168
0.37079385 	 0.64519155
0.38716793 	 0.45440903
0.36951542 	 0.61141217
0.35660803 	 0.7047372
0.4104059 	 0.8164039
0.39885494 	 0.69706565
0.3883367 	 0.69748867
0.38746116 	 0.7920205
0.41040808 	 0.7855912
0.35542965 	 0.77911747
0.38650736 	 0.7561629
0.360996 	 0.6092484
0.38117957 	 0.67969483
0.38376358 	 0.64755654
0.3380047 	 0.645947
0.30981708 	 0.96774375
0.32394853 	 0.8056275
0.3400333 	 0.9597691
0.3391033 	 0.83206606
0.343438 	 0.6850503
0.3119755 	 0.83633965
0.28331402 	 0.8476263
0.27561012 	 0.8875866
0.2921911 	 0.7272508
0.26963854 	 0.7985762
0.24915871 	 0.77663845
0.26080382 	 0.53965306
0.2640652 	 1.0408293
0.25423485 	 0.64915633
0.25945595 	 0.67999595
0.24278012 	 0.9790873
0.24964403 	 0.67274976
0.25143656 	 1.0088964
0.25782815 	 1.0362446
0.25132766 	 0.96812755
0.27988967 	 0.8846017
0.2862805 	 0.53376
0.2954896 	 0.53284854
0.31263188 	 1.0441303
0.2899763 	 0.6030873
0.28568256 	 0.31138557
0.28346848 	 0.5413183
0.2639369 	 1.0067387
0.271248 	 0.6592842
0.2973632 	 0.87938434
0.28593948 	 0.6586122
0.24936022 	 1.0135604
0.25638682 	 0.8821077
0.25099176 	 0.8577276
0.21923836 	 0.6587214
0.20773935 	 0.8820426
0.21938153 	 1.0317229
0.20499027 	 0.85250616
0.21051759 	 0.91188604
0.26511157 	 0.6745789
0.27211365 	 0.71905166
0.26823708 	 0.753641
0.3039476 	 0.9641506
0.25017858 	 1.0062262
0.2750808 	 0.8951752
0.2578788 	 0.6664875
0.25560772 	 0.93431413
0.21713395 	 0.75020677
0.22178517 	 0.78927964
0.20716946 	 0.97419053
0.17775162 	 1.0731281
0.17537183 	 1.0774313
0.17903067 	 0.793432
0.18689594 	 0.7414466
0.1716085 	 0.61852115
0.19428745 	 0.8244877
0.1797942 	 0.6453039
0.21095227 	 0.47706625
0.19252667 	 1.3486503
0.23267587 	 1.2613478
0.19489111 	 0.5296343
0.1945425 	 0.9911239
0.18283577 	 0.8700541
0.2081092 	 0.7317512
0.22067344 	 0.4453096
0.22165349 	 0.7078915
0.2069048 	 0.56463426
0.24040952 	 0.7207532
0.18435612 	 1.2795538
0.21140915 	 0.41646808
0.19218762 	 1.1468128
0.18842305 	 0.9753352
0.16614346 	 0.3418668
0.16559671 	 0.9806752
0.3587989 	 0.6884402
0.4406048 	 0.83981854
0.39753845 	 0.83194184
0.41287795 	 1.0129225
0.3593053 	 0.777718
0.43576464 	 1.0098145
0.46612483 	 0.7467126
0.46928623 	 0.8357941
0.45772013 	 0.7285504
0.455214 	 0.6893149
0.44494274 	 0.9573215
0.42586803 	 0.88611656
0.4047928 	 0.87960553
0.43245062 	 0.8049613
0.40835592 	 0.5394553
0.44714534 	 0.5656752
0.4255457 	 0.54959124
0.38311848 	 0.7290243
0.42976257 	 0.7543471
0.4190412 	 0.9475426
0.41403055 	 0.69268465
0.44285402 	 0.6083783
0.49307397 	 0.6888343
0.45684773 	 0.89975315
0.45497572 	 0.9243715
0.48238736 	 0.5550705
0.5198593 	 0.7615807
0.46281964 	 0.7131712
0.49406806 	 0.7898012
0.5123605 	 0.6691481
0.48024157 	 0.7315826
0.39309838 	 0.78696674
0.4146349 	 0.8039545
0.48183027 	 0.61167496
0.47478676 	 0.77981704
0.48458952 	 0.824475
0.43814132 	 0.76644176
0.44795007 	 0.79338664
0.49320242 	 0.8619712
0.49568644 	 0.6386966
0.32566088 	 0.9397984
0.4136627 	 0.9504885
0.50034505 	 0.66216594
0.5684114 	 0.77536154
0.53772116 	 0.73036915
0.4745773 	 0.5587841
0.46817893 	 0.74707
0.4399577 	 0.7178669
0.45011342 	 0.50974035
0.4225916 	 0.70966214
0.41966164 	 0.665407
0.46138182 	 0.52295536
0.48200265 	 1.0368071
0.5512873 	 0.81691456
0.53412974 	 0.53002226
0.5962547 	 0.62510216
0.5804025 	 0.80483866
0.5641471 	 0.6831207
0.54174054 	 0.8229025
0.53170085 	 0.6023574
0.53568894 	 0.8570355
0.57980955 	 0.7018165
0.6162139 	 0.74205184
0.6250247 	 0.6950193
0.6246989 	 0.64124954
0.6394024 	 0.61048484
0.5857529 	 0.8797886
0.48880434 	 1.0331634
0.4807061 	 0.73914766
0.4371223 	 0.82453865
0.52654475 	 0.72447133
0.4833353 	 0.8105827
0.46862233 	 0.7838543
0.4891486 	 0.6905299
0.55818856 	 0.7531452
0.4575618 	 0.7685995
0.46069697 	 0.66418546
0.44428873 	 0.7336898
0.4871398 	 0.6889466
0.50923353 	 0.65749276
0.46195516 	 0.78743535
0.4834414 	 0.68478113
0.46714544 	 0.59679574
0.45749775 	 0.5788748
0.47462752 	 0.5336814
0.5278153 	 0.64718413
0.5019635 	 0.6347392
0.52649206 	 0.66394484
0.4818771 	 0.67947865
0.49568096 	 0.5918008
0.535311 	 0.6415267
0.53013587 	 0.69429857
0.58014613 	 0.73744005
0.5547701 	 0.64390177
0.5176326 	 0.8261034
0.5176832 	 0.7051101
0.50590295 	 0.81828624
0.46928245 	 0.7685426
0.4900556 	 0.7523486
0.44599277 	 0.67233205
0.42194462 	 0.7004395
0.4423024 	 0.6576214
0.4011042 	 0.7279661
0.41230536 	 0.8862779
0.39877313 	 0.7628178
0.38954666 	 0.7934155
0.39236498 	 0.63869953
0.40240827 	 0.67374927
0.45852995 	 0.7247593
0.48948297 	 0.7577083
Summary
0.027116036  -  0.67554045 ,  0.17196146  -  1.3486503
accuracy:  97.8
equal predictions:  0
TensorFlow version: 1.13.1
Found 939 images belonging to 1 classes.
argN = 784
argN = 784
0.65130675 	 1.078949
0.454463 	 0.9898934
0.45672473 	 1.3987011
0.35263988 	 2.0374153
0.17864193 	 1.2144401
0.12497448 	 1.7323792
0.11354354 	 1.5817829
0.06492426 	 1.5821434
0.18574004 	 1.7450628
0.2290989 	 1.3212104
0.24008566 	 1.173988
0.17774598 	 1.3937463
0.17066827 	 1.537507
0.22117956 	 1.6612544
0.26024917 	 1.1856612
0.26751792 	 1.5603057
0.13784188 	 1.6561245
0.15911469 	 1.6364638
0.16002877 	 1.1551416
0.09332883 	 1.684815
0.086268805 	 1.3014462
0.0720317 	 1.399123
0.079862565 	 1.3813986
0.083818875 	 1.934128
0.17949602 	 1.4681609
0.4531961 	 1.097225
0.5047352 	 1.2588031
0.5450545 	 1.382267
0.5430121 	 1.4673264
0.53415465 	 1.2690655
0.57929325 	 0.97305787
0.58534664 	 1.3884587
0.7665826 	 1.2833251
0.6055443 	 1.2493602
0.6065535 	 1.7336843
0.28014874 	 1.6961149
0.29391184 	 1.647728
0.324347 	 1.41234
0.35055268 	 1.1494818
0.30067304 	 1.1524682
0.2581956 	 1.7635063
0.19056956 	 1.077687
0.104086146 	 1.8039502
0.05913507 	 1.7775507
0.04837287 	 1.9322084
0.07544963 	 1.7321739
0.20415668 	 1.0422441
0.20128734 	 1.238225
0.17471062 	 1.1373483
0.1531628 	 2.1981163
0.1699997 	 1.3757975
0.1822407 	 1.420638
0.1359689 	 1.6844305
0.2102499 	 1.2482489
0.1809068 	 1.2334929
0.08138482 	 1.6292276
0.043064795 	 1.1537545
0.031096045 	 1.5530196
0.04066923 	 1.669778
0.014442464 	 1.35818
0.0176312 	 1.4779475
0.035044238 	 1.4060552
0.04821561 	 1.6188127
0.0607827 	 1.8362336
0.08616823 	 1.2761962
0.14273708 	 1.9802563
0.19475321 	 1.3252206
0.5189773 	 1.0386512
0.60781085 	 1.0681245
0.68222463 	 1.2724677
0.74488914 	 1.4005959
0.30990046 	 1.5102017
0.33973938 	 2.1294355
0.33922163 	 1.2333198
0.32544404 	 1.1373193
0.34498188 	 1.1503628
0.25043312 	 1.5248518
0.15350264 	 1.5418334
0.101861194 	 1.7219146
0.2565761 	 1.2452257
0.1628413 	 1.2619467
0.1155481 	 2.022472
0.10036835 	 1.5580435
0.16402642 	 1.46137
0.19413146 	 1.425791
0.14240006 	 1.6390105
0.14069675 	 2.1375864
0.13890073 	 1.1888493
0.11892704 	 1.6567523
0.09270889 	 1.7049747
0.08011903 	 1.6183091
0.042643294 	 1.6327655
0.052375622 	 1.5115758
0.030957278 	 1.7617105
0.032529663 	 1.3595009
0.06321481 	 1.3977767
0.0636654 	 1.271762
0.08561641 	 1.1382802
0.07463366 	 0.8311868
0.054297496 	 0.73777765
0.076927066 	 1.167094
0.055248704 	 0.75569224
0.04695492 	 1.0480881
0.06008937 	 1.3655952
0.044754457 	 0.8398458
0.04798677 	 1.1623024
0.048994146 	 1.4038227
0.035702933 	 0.5976617
0.040913165 	 0.64029866
0.037383966 	 0.81453574
0.045639914 	 0.63274217
0.042832714 	 0.9939636
0.054491658 	 0.74156594
0.05161711 	 1.16722
0.054177936 	 1.186276
0.05749753 	 0.6961198
0.079580866 	 0.91390485
0.065536246 	 1.4518934
0.07824019 	 0.8522203
0.078205064 	 1.3317689
0.06797606 	 0.8213441
0.08233802 	 1.4998484
0.06953233 	 0.9796007
0.059110913 	 1.0678893
0.05818698 	 0.80099875
0.05215688 	 0.8863171
0.060456492 	 0.7801279
0.068070486 	 0.9089514
0.06171525 	 0.975513
0.057706837 	 0.8444989
0.06861181 	 0.89049584
0.07971751 	 0.7222424
0.05103221 	 1.7023962
0.05579479 	 0.92074245
0.064290784 	 0.9081883
0.045173544 	 0.70395327
0.045668922 	 1.1787096
0.04014896 	 0.8848904
0.061697815 	 0.9935498
0.05279377 	 1.4185419
0.053711534 	 0.9628857
0.04716334 	 1.3845665
0.044334672 	 0.6338293
0.045668673 	 1.022938
0.041672613 	 0.7049283
0.038907807 	 0.77197737
0.020618243 	 0.9449764
0.036300376 	 0.9114166
0.036367007 	 1.2707435
0.029774634 	 1.2614865
0.040945765 	 1.3253864
0.03919892 	 0.92429817
0.03355505 	 0.81682205
0.029848877 	 0.8412129
0.03209054 	 0.65847975
0.03423836 	 1.1009212
0.03901558 	 1.277936
0.03528384 	 1.4714057
0.038546532 	 1.3314743
0.037687507 	 1.1154788
0.026229875 	 0.73616534
0.035371833 	 1.1297383
0.033716 	 0.92087984
0.04042709 	 1.2246048
0.04003058 	 1.0260674
0.04708574 	 0.88543755
0.046970285 	 0.74485207
0.048007593 	 0.62538475
0.04968039 	 1.5041124
0.03628919 	 1.1016649
0.059044834 	 0.77359104
0.050730232 	 1.0823969
0.06491993 	 0.90712094
0.060488403 	 0.73866594
0.07049399 	 0.8692358
0.07186824 	 0.904794
0.08035341 	 1.4441153
0.07677684 	 1.0326322
0.07039927 	 1.1873677
0.06689719 	 0.68345654
0.07528908 	 0.8549826
0.09419604 	 0.93071675
0.09897645 	 0.5356694
0.07342108 	 0.886205
0.10741563 	 0.61104155
0.089675 	 0.754223
0.084657036 	 0.76285845
0.07775935 	 0.5718666
0.082848206 	 1.1197327
0.07776476 	 1.1667174
0.06639934 	 0.7901931
0.06778201 	 1.3818669
0.06534012 	 0.8265204
0.0618437 	 1.2932004
0.05504873 	 0.63498414
0.0691084 	 0.9036809
0.059100352 	 0.62110364
0.04644723 	 0.8908254
0.04694536 	 0.552378
0.062972225 	 1.0668973
0.07176257 	 1.1032747
0.04335538 	 0.8508785
0.33346424 	 0.7501463
0.40623105 	 0.6689441
0.38892588 	 0.89136463
0.29624376 	 1.0410364
0.22330686 	 1.0001488
0.15243392 	 1.2352865
0.13239662 	 0.79810554
0.13904373 	 0.7506884
0.14822002 	 0.9572961
0.18499872 	 0.5176972
0.16909792 	 0.9874054
0.17035004 	 0.5396425
0.15905927 	 0.6703479
0.20173706 	 1.2651144
0.15235117 	 1.1165334
0.11028566 	 0.95642906
0.11479429 	 0.90803355
0.11599285 	 1.0284836
0.10395499 	 0.89017785
0.09245507 	 0.90762246
0.122983925 	 0.75483066
0.12103923 	 0.9940269
0.118544124 	 0.83686554
0.12147317 	 0.8420407
0.14367251 	 1.0582759
0.15038599 	 1.0979836
0.1557129 	 0.885838
0.33987436 	 0.9941409
0.29965782 	 0.652513
0.23693974 	 0.9285711
0.21719047 	 0.5804484
0.19052537 	 0.89788234
0.19226281 	 0.7339051
0.196305 	 1.0252339
0.18292709 	 0.81094664
0.20272624 	 1.0656509
0.24242678 	 1.0058215
0.27584144 	 0.5899481
0.2345423 	 0.68982804
0.25378063 	 0.43446678
0.19467081 	 0.8782622
0.17243068 	 0.80703336
0.14805219 	 1.3006307
0.13244507 	 0.52715224
0.16102247 	 1.1421894
0.1572249 	 0.4120534
0.18206835 	 0.5979596
0.17418037 	 0.9958129
0.1526324 	 1.1230464
0.14527366 	 0.90057546
0.14035398 	 1.3524066
0.11107484 	 1.0631944
0.12568066 	 0.8448121
0.10774459 	 0.68950236
0.11095069 	 0.5610368
0.14877167 	 1.0418127
0.17435966 	 0.7760117
0.19191346 	 0.48087403
0.20844136 	 1.1391013
0.19313803 	 0.63611764
0.2071696 	 0.85158235
0.17369224 	 0.99492776
0.26433098 	 0.89601547
0.2512574 	 0.7479419
0.32168013 	 0.63746536
0.3085657 	 0.7875543
0.32871166 	 0.7755276
0.3373984 	 0.74758536
0.32592002 	 1.0218184
0.27369788 	 0.60689336
0.17486374 	 1.120823
0.15883861 	 0.672003
0.14367713 	 0.9840447
0.1185299 	 0.53064734
0.11080978 	 0.902247
0.14651257 	 1.0456172
0.1344157 	 1.0867593
0.14536153 	 0.7423191
0.12551264 	 0.947842
0.10623486 	 0.803955
0.16058208 	 0.88749105
0.135537 	 1.0470332
0.1372632 	 0.9042229
0.1621701 	 1.363292
0.17265613 	 0.6656981
0.23479351 	 0.9547859
0.25165388 	 1.2350411
0.2551879 	 0.82663906
0.31643176 	 0.7892071
0.33853596 	 0.7024895
0.38843265 	 0.9103034
0.39657617 	 0.9015593
0.41889238 	 0.7904958
0.40653685 	 0.59621966
0.37498993 	 0.8622223
0.39689097 	 0.78351855
0.39029923 	 0.7017422
0.15073118 	 0.76853985
0.16080076 	 0.7197471
0.1511418 	 0.9067321
0.14387843 	 1.1262655
0.13257898 	 0.8734029
0.13460444 	 0.5691089
0.16605078 	 0.56787795
0.16921143 	 1.4353321
0.24011643 	 1.2325056
0.26587743 	 1.0922883
0.27245516 	 0.70354486
0.3093621 	 0.7430995
0.192062 	 0.96729296
0.1705756 	 0.87642515
Summary
0.014442464  -  0.7665826 ,  0.4120534  -  2.1981163
accuracy:  100.0
equal predictions:  0
TensorFlow version: 1.13.1
Found 939 images belonging to 1 classes.
argN = 784
argN = 784
0.46915027 	 0.5637201
0.3205401 	 0.8207747
0.29550484 	 0.4959771
0.29809257 	 0.6164427
0.3059356 	 0.66010547
0.37421265 	 0.76745194
0.4188978 	 0.63233036
0.48993388 	 0.8076615
0.6206512 	 0.7822733
0.6408298 	 0.59672123
0.65336627 	 0.63813704
0.5186192 	 0.80031365
0.5982246 	 0.6562038
0.6328487 	 0.6377224
0.53942794 	 0.6492839
0.4931415 	 0.7013827
0.41051894 	 0.7122823
0.45841843 	 0.70250934
0.43610686 	 0.7444122
0.4808806 	 0.6173833
0.52480304 	 0.6652127
0.45584735 	 0.58136815
0.434814 	 0.6495169
0.3794599 	 0.5211318
0.42560136 	 0.93302304
0.4358568 	 0.63220173
0.5203514 	 0.64242375
0.49711418 	 0.6003437
0.5109865 	 0.63655394
0.4867274 	 0.60434353
0.43031916 	 0.67739093
0.66311795 	 0.5998849
0.6056157 	 0.82046455
0.5487832 	 0.5702441
0.5859452 	 0.7087857
0.57851 	 0.6574051
0.57731396 	 0.636098
0.6457652 	 0.58964753
0.5346459 	 0.5572597
0.46714145 	 1.0039369
0.52364373 	 0.540023
0.39667514 	 0.536961
0.28156915 	 0.7382618
0.3136703 	 0.3110234
0.56507915 	 0.6742167
0.47958565 	 0.6549969
0.5402685 	 0.77797765
0.3846238 	 0.8888522
0.3677529 	 0.77758336
0.406584 	 0.56385905
0.54207295 	 0.57369864
0.54335684 	 0.5209366
0.4616657 	 0.61702216
0.46769753 	 0.66007537
0.4835615 	 0.6041204
0.45672408 	 0.5368659
0.37762856 	 0.67170495
0.50966734 	 0.7745986
0.39107877 	 0.92020327
0.4383151 	 0.5321115
0.43589807 	 0.5304013
0.5655483 	 0.6829491
0.18674476 	 0.74959576
0.48316735 	 0.90945417
0.6022971 	 0.5499836
0.41155368 	 0.7357075
0.35451162 	 0.56260675
0.28429645 	 0.51719284
0.3114223 	 0.85557437
0.37210566 	 0.97267264
0.25375053 	 0.81895685
0.19151166 	 0.53104514
0.35203928 	 0.5571438
0.6179139 	 0.548575
0.3694089 	 0.7219259
0.6049356 	 0.5203148
0.27998692 	 0.39737722
0.42130184 	 0.74097943
0.38791877 	 0.711604
0.3684769 	 0.6787386
0.28375357 	 0.5887854
0.26957124 	 0.6170948
0.24890341 	 0.45908862
0.21608065 	 0.42363837
0.17088011 	 0.44347876
0.29695675 	 0.76416874
0.30087653 	 0.9618674
0.41656482 	 0.6915615
0.4944027 	 0.70742923
0.369491 	 0.6947139
0.38734254 	 0.5534968
0.362873 	 0.696926
0.34367272 	 0.59414506
0.30063495 	 0.7590966
0.24069588 	 0.6518413
0.2934732 	 0.6804979
0.24527374 	 0.7752546
0.22718118 	 1.2287838
0.2367139 	 1.0228858
0.23441924 	 1.068067
0.24062088 	 0.7237725
0.22732563 	 0.9216482
0.24531929 	 0.50952935
0.24301858 	 0.7711736
0.24232441 	 0.59731203
0.20645744 	 0.48577157
0.18975806 	 0.35149828
0.1725134 	 0.9172634
0.1961997 	 0.5930266
0.1910041 	 0.73506075
0.22728539 	 0.7558215
0.27384594 	 0.70330024
0.27974287 	 0.50926566
0.28240037 	 0.78294456
0.32759356 	 0.66654617
0.41232714 	 0.68199664
0.46908063 	 0.67228687
0.46282643 	 0.6864838
0.48223904 	 0.70271283
0.5348281 	 0.5819747
0.47342935 	 0.59771603
0.4787545 	 0.6764494
0.4422498 	 0.61454785
0.42881858 	 0.6521609
0.4586529 	 0.70655364
0.4435787 	 0.7276022
0.41036817 	 0.71892357
0.43361259 	 0.7696493
0.3934312 	 0.67505866
0.40017742 	 0.52181345
0.40678936 	 0.5825741
0.37721616 	 0.621849
0.37519738 	 0.6695619
0.44830015 	 0.6644441
0.40821248 	 0.589554
0.4068283 	 0.74368006
0.40817025 	 0.9347581
0.39436197 	 0.5151133
0.4157299 	 0.725296
0.436862 	 0.6173886
0.40481904 	 0.68627083
0.43816453 	 0.7016205
0.41821408 	 0.6089093
0.43153727 	 0.6720009
0.4265918 	 0.6374368
0.4544433 	 0.63353646
0.42157367 	 0.62662864
0.41190842 	 0.5317023
0.37172794 	 0.6646855
0.35877174 	 0.721987
0.3546972 	 0.5513674
0.35208997 	 0.59311146
0.34917948 	 0.6960167
0.33189505 	 0.8617834
0.31778574 	 0.5999982
0.3138039 	 0.58635306
0.34698707 	 0.70325553
0.37681225 	 0.62368625
0.3235126 	 0.6854879
0.33332083 	 0.6435569
0.32074988 	 0.6055571
0.3647749 	 0.5207559
0.34153754 	 0.42632228
0.34580708 	 0.5688115
0.33302066 	 0.76430136
0.3091793 	 0.7870435
0.30156067 	 0.76994497
0.2940518 	 0.60404253
0.2722703 	 0.7905564
0.2444103 	 0.42185226
0.23758386 	 0.7105156
0.23689336 	 0.59803176
0.23066427 	 0.5599114
0.21896921 	 0.516155
0.27603734 	 0.74181974
0.26494148 	 0.6483816
0.2484313 	 0.5632837
0.24861707 	 0.4741346
0.25658903 	 0.5639783
0.26027107 	 0.6987461
0.25210077 	 0.7214342
0.24776854 	 0.69349104
0.22157493 	 0.65096146
0.22130285 	 0.5681234
0.19745496 	 0.53376985
0.22077028 	 0.7055711
0.20815602 	 0.5024964
0.17063689 	 0.5030845
0.19599201 	 0.5547022
0.18352859 	 0.29089403
0.15667087 	 1.0911522
0.16284671 	 0.56311095
0.15131307 	 0.735787
0.5452155 	 0.66963077
0.621959 	 0.79997665
0.514306 	 0.59566885
0.574677 	 0.70876884
0.5399276 	 0.8805637
0.5418987 	 0.6026738
0.5598813 	 1.0677524
0.5715068 	 0.7787683
0.5201364 	 0.677248
0.5687899 	 0.5951412
0.60294634 	 0.6712129
0.70261765 	 0.6702731
0.6739737 	 0.73058647
0.62481266 	 0.7275435
0.60987437 	 0.65383536
0.58417016 	 0.6642283
0.57883626 	 0.77156097
0.5912993 	 0.7478161
0.57182264 	 0.6462461
0.6433485 	 0.7528301
0.6160819 	 0.7095343
0.6358182 	 0.8159469
0.7126289 	 0.6217079
0.672586 	 0.7564015
0.68792766 	 0.7569431
0.75080156 	 0.7381472
0.78450197 	 0.6902629
0.74480927 	 0.7222337
0.74527085 	 0.69993556
0.6801953 	 0.7519672
0.64703184 	 0.6997024
0.59593976 	 0.7163868
0.6340041 	 0.8087338
0.6655077 	 0.80664366
0.67242426 	 0.7211935
0.6962101 	 0.7230121
0.6982031 	 0.72241193
0.68342316 	 0.7232966
0.73660463 	 0.7647364
0.6701177 	 0.7609763
0.69887453 	 0.7492401
0.6412157 	 0.73868215
0.59900355 	 0.7347245
0.65513253 	 0.71659935
0.6141354 	 0.75698555
0.55823004 	 0.71501374
0.5968439 	 0.7037104
0.6260323 	 0.72146046
0.65751946 	 0.63172984
0.61116767 	 0.66822064
0.6196607 	 0.9745462
0.5964484 	 0.66642904
0.5628531 	 0.861029
0.5875179 	 0.87749976
0.6508248 	 0.89947104
0.676463 	 0.6986145
0.6761175 	 0.6245484
0.7257116 	 0.80535877
0.67704 	 0.7193219
0.7232314 	 0.7103915
0.67318106 	 0.6123989
0.64293474 	 0.682942
0.6575667 	 0.7307893
0.62351847 	 0.72320163
0.6244193 	 0.6963269
0.6149877 	 0.65475786
0.60614246 	 0.6516537
0.5954732 	 0.63160557
0.64492226 	 0.6734859
0.6158522 	 0.67572284
0.6314919 	 0.66756946
0.6726833 	 0.7454712
0.68789846 	 0.6633748
0.6592805 	 0.60047585
0.70277107 	 0.6619485
0.6881158 	 0.6573936
0.593408 	 0.737086
0.5661173 	 0.71152323
0.576685 	 0.65127635
0.4341377 	 0.6176301
0.35002482 	 0.72035223
0.3185151 	 0.68472046
0.27663186 	 0.6208135
0.25081757 	 0.8427262
0.25217998 	 0.6725087
0.24853866 	 0.7969272
0.24534 	 0.72165996
0.2320446 	 0.53420043
0.24610482 	 0.70761234
0.30280074 	 0.8677174
0.32407033 	 0.7092187
0.37606943 	 0.70466375
0.37964705 	 0.86605996
0.38590145 	 0.7459594
0.4153709 	 0.62573785
0.41885513 	 0.7037458
0.48383102 	 0.68893296
0.5047248 	 0.6704104
0.5308951 	 0.7354722
0.5992119 	 0.7511504
0.5375045 	 0.71967393
0.5709011 	 0.5765607
0.63514274 	 0.6147929
0.5860508 	 0.6414184
0.6118103 	 0.70757425
0.6646053 	 0.70131505
0.69251734 	 0.6599467
0.69258076 	 0.64373374
0.6060567 	 0.6682906
0.7012299 	 0.5620305
0.71340424 	 0.60857666
0.6618415 	 0.6768555
0.59017515 	 0.8161243
0.5694603 	 0.65068364
0.6046472 	 0.7477884
0.6396573 	 0.7905895
0.6182019 	 0.7442624
0.6807851 	 0.71734416
0.650058 	 0.68330735
0.62907887 	 0.7615826
Summary
0.15131307  -  0.78450197 ,  0.29089403  -  1.2287838
accuracy:  91.1
equal predictions:  0
