TensorFlow version: 1.13.1
Found 939 images belonging to 1 classes.
argN = 49
argN = 49
0.6192977 	 1.6095527
0.83504105 	 1.3243072
0.98468155 	 1.2851839
0.90607506 	 1.11089
0.5321988 	 1.2385637
0.4615434 	 2.4679675
0.18516131 	 2.0671074
0.18573208 	 1.8981782
0.27946782 	 1.3864044
0.3192868 	 2.599801
0.12789346 	 0.9056868
0.15790488 	 1.8428136
0.038608976 	 1.0077542
0.15451929 	 1.4131964
0.087040424 	 1.7529402
0.034121238 	 1.825755
0.20291132 	 2.128327
0.4705921 	 1.9017395
0.22666693 	 1.3084003
0.3399951 	 1.0806717
0.3761553 	 0.7430236
0.73688173 	 1.7897687
0.5719777 	 1.5033225
0.613776 	 0.82422996
0.6585271 	 0.70996034
0.8880334 	 2.2672317
0.42379397 	 0.9702442
0.86043656 	 0.9119301
0.5659279 	 0.49893254
0.22130857 	 1.0297916
0.63411826 	 2.1243503
0.17873885 	 2.07741
0.0075627915 	 1.555563
0.033972308 	 1.1713427
0.218086 	 1.3418037
0.32611433 	 1.3591454
0.34728858 	 0.962766
0.49752954 	 0.8349103
0.5481494 	 0.815395
0.8382335 	 0.9163717
0.9194767 	 1.1963917
0.5141873 	 2.4044297
0.34231943 	 1.2061429
0.28530002 	 3.833634
0.3111113 	 0.40835872
0.64956915 	 3.1837964
0.5462522 	 2.3157768
0.50534606 	 1.9745219
0.8462736 	 1.031929
0.53287536 	 0.64690274
0.87596995 	 1.354766
0.19222294 	 1.2553562
0.44867817 	 0.85864246
0.5525781 	 0.91341335
0.2782649 	 1.1193362
0.3221503 	 1.3479375
0.0693779 	 2.0224345
0.14908019 	 1.9937736
0.061375044 	 1.8335844
0.03510918 	 2.1654727
0.113699466 	 1.04197
0.38176614 	 2.6168876
0.3143982 	 2.5197625
0.27362537 	 1.9302702
0.4009974 	 1.4824853
0.34587574 	 1.1848966
0.18792216 	 1.1608726
0.48416972 	 0.9130442
0.4928424 	 0.81711644
0.09030624 	 1.2828176
0.0884718 	 0.8996727
0.057790127 	 1.4343925
0.008216607 	 1.3887656
0.046146445 	 2.0217893
0.0052274964 	 2.287779
0.10837924 	 1.1654621
0.2800251 	 1.432148
0.3488005 	 1.009002
0.37104598 	 0.866774
0.45426875 	 0.7955541
0.5179134 	 1.4955721
0.55232537 	 1.0565625
0.49768063 	 2.4211028
0.4874441 	 1.6481216
0.51363623 	 3.3323088
0.7599466 	 1.0494171
0.26285392 	 0.9438706
0.25558648 	 1.063976
0.48218903 	 1.1296817
0.59860325 	 1.2066126
0.19281301 	 1.8920639
0.25357547 	 0.91926265
0.11025292 	 1.8676168
0.06494805 	 1.4678744
0.09301721 	 1.7520657
0.13115494 	 1.6085879
0.18305212 	 2.208702
0.4627437 	 1.9597019
0.22757593 	 1.2064297
0.046914563 	 1.6730394
0.13786316 	 2.4897928
0.09423991 	 1.9515198
0.10942921 	 1.2808162
0.013222527 	 2.02985
0.07914975 	 2.2607536
0.08915623 	 1.7583748
0.02268526 	 2.3604374
0.008633463 	 1.5416331
0.08678666 	 2.8749778
0.0072122393 	 0.77841765
0.1495496 	 1.6193811
0.059927914 	 0.8491672
0.060541026 	 2.038008
0.017670024 	 3.3016953
0.015367868 	 2.1359332
0.043107297 	 1.3328173
0.024168288 	 2.862101
0.020802502 	 2.3970065
0.016103309 	 1.2521442
0.028353726 	 2.7508543
0.022939485 	 1.0616368
0.04678851 	 0.6871773
0.06121021 	 1.2131037
0.04381405 	 1.2270619
0.003063718 	 1.7731535
0.103936076 	 2.2347162
0.048394077 	 1.5158354
0.048422605 	 2.9510994
0.040805936 	 1.912173
0.090490684 	 2.166151
0.07334867 	 1.9220128
0.045984417 	 1.8525636
0.02267026 	 1.2905754
0.07759778 	 1.5226057
0.053621665 	 1.2903787
0.003447508 	 2.6478527
0.027927345 	 1.7274525
0.0090898285 	 1.4601867
0.023693822 	 0.46538565
0.017796282 	 2.062186
0.03893148 	 2.3096113
0.02125703 	 2.11962
0.052893497 	 2.3709118
0.045533232 	 2.2615898
0.04350665 	 2.918674
0.05600544 	 1.4383448
0.06584152 	 1.8794062
0.048951205 	 2.6582944
0.034421448 	 2.115566
0.022235569 	 2.096245
0.028471282 	 1.4804085
0.02135244 	 1.6732028
0.021459432 	 2.493181
0.016445236 	 1.680817
0.00200347 	 1.7384323
0.0027184447 	 2.6643105
0.029926933 	 1.7161939
0.021637024 	 3.4320412
0.0020517283 	 1.3912222
0.006767771 	 2.098075
0.010584864 	 1.3969947
0.009700767 	 2.2821307
0.010542457 	 2.3998036
0.006272576 	 1.1318324
0.020212723 	 1.7108561
0.001719701 	 1.5218803
0.0009559192 	 1.2736459
0.0009071768 	 2.1906135
0.008153628 	 1.1612436
0.0008879072 	 2.0779235
0.011369542 	 1.5380727
0.0031286494 	 2.957317
0.013298268 	 1.5154095
0.0043772752 	 1.8986509
0.03095033 	 1.296073
0.022498092 	 2.4124365
0.06782098 	 0.78120965
0.11557024 	 1.9891047
0.087736435 	 1.1640034
0.0834837 	 1.7167879
0.074199475 	 1.7327918
0.10367892 	 2.5030618
0.102133 	 2.9221888
0.06256274 	 1.3295016
0.043354195 	 1.623932
0.048220612 	 0.8876485
0.06261288 	 2.130934
0.070862964 	 2.5468943
0.0712957 	 1.6987756
0.11280159 	 2.3684375
0.09572697 	 1.4498149
0.12476979 	 2.221569
0.093662545 	 1.0879551
0.07778956 	 1.7257938
0.08863852 	 1.8453268
0.05277668 	 1.5090857
0.02604657 	 1.464979
0.01857055 	 1.0670997
0.0151419435 	 0.9529996
0.013214434 	 1.5776129
0.006373587 	 2.1263883
0.00892335 	 1.1992303
0.0040393285 	 1.986952
0.023387358 	 1.5796485
0.0119362725 	 2.2299201
0.037261955 	 1.105948
0.04500145 	 1.4509959
0.022482364 	 1.9570665
0.0058720517 	 1.4658372
0.020489926 	 1.8170747
0.03203798 	 0.6746365
0.00438871 	 2.1641052
0.0041581895 	 0.9998242
0.02109168 	 1.3679528
0.014443432 	 1.2383955
0.011248676 	 1.201085
0.28310332 	 1.3197304
0.117090255 	 1.0905681
0.0852365 	 2.0335073
0.035614047 	 2.273405
0.020554053 	 1.6013483
0.030134294 	 2.646415
0.0357484 	 1.6812521
0.071596466 	 2.2657037
0.118143715 	 1.0949377
0.10494518 	 2.3197012
0.114926405 	 1.6243289
0.11871056 	 1.0906243
0.060326632 	 1.8579891
0.04126412 	 1.8423061
0.113901235 	 0.8651165
0.031690434 	 1.639922
0.011130175 	 0.84069425
0.002682406 	 2.6653407
0.024811609 	 0.59122825
0.0026776846 	 2.2978606
3.7849666e-05 	 1.1710148
0.005932489 	 2.722986
0.04005546 	 0.7682157
0.04669976 	 2.0504346
0.05641313 	 0.84845
0.10990777 	 1.3630954
0.37667298 	 0.7944715
0.36318347 	 1.1464456
0.01804684 	 3.4906197
0.06992601 	 3.2232227
0.031050052 	 1.6923988
0.023094283 	 1.1500856
0.060482454 	 2.5508058
0.0745494 	 1.1473329
0.02265398 	 1.7643254
0.11644497 	 1.155677
0.07365582 	 1.8516375
0.089704536 	 1.7627665
0.04071908 	 1.8673918
0.03748365 	 0.79855317
0.02686785 	 1.6768237
0.014204718 	 2.85027
0.041584376 	 3.036082
0.036912896 	 2.8156664
0.007286747 	 3.1698704
0.00076179905 	 3.9515536
0.00026092358 	 1.419372
0.00012732363 	 2.6200864
0.0001502746 	 1.3626739
0.0033197012 	 2.3665931
0.20183603 	 1.835803
0.17507674 	 1.8722221
0.15168959 	 1.8841395
0.06587513 	 1.2534162
0.066126 	 1.1081295
0.12121463 	 1.8624848
0.10096312 	 1.3319776
0.15449272 	 1.4143806
0.122635365 	 1.8686216
0.13001281 	 1.388492
0.046639245 	 1.2928201
0.10335209 	 1.9504619
0.010957511 	 2.060942
0.0665068 	 2.1340413
0.04041176 	 2.427605
0.039371572 	 3.1240695
0.054582044 	 2.6135664
0.062662944 	 1.0629483
0.09999702 	 1.4237638
0.17692049 	 2.0375602
0.16314109 	 0.5290032
0.2617382 	 0.9507241
0.14819424 	 0.81816727
0.30535838 	 0.91578937
0.3749018 	 0.84706694
0.33510703 	 0.54294926
0.35168085 	 0.60677177
0.36739618 	 0.6500228
0.3271248 	 0.63356394
0.5008258 	 0.6692696
0.3002955 	 0.76644886
0.36756885 	 0.64624393
0.27180094 	 1.1900129
0.20277843 	 0.9765809
0.17836682 	 1.0139985
0.076442346 	 1.6047795
0.046823926 	 1.3620404
0.102293424 	 2.2413619
0.10380541 	 1.6588161
0.159634 	 2.011449
0.25245354 	 0.90236235
0.24399431 	 1.4118304
0.14111516 	 1.3825506
0.30509463 	 1.4015851
0.30931687 	 0.8467773
0.08714531 	 1.1571734
0.08569095 	 1.1068536
Summary
3.7849666e-05  -  0.98468155 ,  0.40835872  -  3.9515536
accuracy:  99.7
equal predictions:  0
TensorFlow version: 1.13.1
Found 939 images belonging to 1 classes.
argN = 49
argN = 49
0.27326936 	 0.51428056
0.6391627 	 0.7543297
0.3878283 	 0.6332105
0.349203 	 0.45734784
0.68714905 	 0.78286386
0.30740747 	 0.9223907
0.30025592 	 1.330394
0.135543 	 2.4578707
0.08385154 	 2.5028207
0.12616895 	 2.1634614
0.13192336 	 2.1496568
0.1021227 	 1.3053832
0.20257908 	 0.6228853
0.22441444 	 0.52914286
0.1565546 	 0.6515742
0.30897617 	 0.5900094
0.2132384 	 0.75194746
0.40440902 	 0.6617823
0.31997424 	 0.8961244
0.1499357 	 1.6736805
0.021071285 	 1.7980325
0.046115734 	 1.3751554
0.05653119 	 1.2159321
0.6603058 	 0.31946072
0.42615405 	 0.4397411
0.35679495 	 0.39382118
0.50815636 	 0.6149612
0.5900412 	 0.6780021
0.5039242 	 1.0126631
0.21043894 	 0.67247766
0.39100766 	 0.65078056
0.77500427 	 0.71646655
0.5522332 	 0.76185584
0.37511238 	 0.55054104
0.2028564 	 1.0090973
0.2872349 	 1.474632
0.3044276 	 1.6618909
0.28246012 	 1.053209
0.30065033 	 1.4355799
0.11644242 	 0.8642108
0.002377234 	 2.0438533
0.07514263 	 0.9411783
0.33233392 	 1.6181054
0.39441592 	 0.9342247
0.34723806 	 0.80787855
0.40644097 	 0.54237753
0.20125593 	 0.6452771
0.1614164 	 0.66766775
0.21314642 	 0.78118104
0.2016828 	 1.0080395
0.05200323 	 1.0382103
0.034396153 	 1.7082785
0.003994146 	 1.518865
0.021681366 	 2.5718057
0.04315447 	 2.4714658
0.5324728 	 0.47885385
0.5698172 	 0.6781341
0.38940334 	 0.8569198
0.35878488 	 0.46471512
0.41672665 	 0.5191759
0.3367043 	 0.39547387
0.3339582 	 0.5303285
0.23000516 	 0.6367277
0.2372529 	 0.48992726
0.14511307 	 0.9347633
0.059465148 	 1.0092492
0.14187582 	 1.0223621
0.19600318 	 0.9839611
0.3568485 	 0.98797184
0.2429087 	 0.48315373
0.2146695 	 0.88121593
0.1700575 	 0.36135754
0.41874877 	 0.53322995
0.4496247 	 0.64026207
0.35161763 	 0.63340086
0.05787728 	 1.5715834
0.050219495 	 1.2842383
0.10571214 	 1.538522
0.060325872 	 1.2105666
0.028684229 	 1.2082622
0.31530294 	 0.5728758
0.2800421 	 0.4667406
0.40023497 	 0.41357562
0.37223512 	 0.41722825
0.28752464 	 0.45420623
0.24660765 	 0.4160764
0.25392553 	 0.4407856
0.24934073 	 0.5843504
0.20314644 	 0.3408813
0.30829364 	 0.5936535
0.25510135 	 0.2930332
0.2856329 	 0.46796998
0.27974248 	 0.36354128
0.32117465 	 0.4072188
0.40913534 	 0.32942593
0.4163813 	 0.4170164
0.30265263 	 0.50093627
0.29148754 	 0.5922685
0.32699874 	 0.7687411
0.3991193 	 0.6485475
0.25558215 	 0.4277884
0.32234377 	 0.498691
0.5045088 	 0.41281876
0.3743461 	 0.6717809
0.49101007 	 0.87830126
0.2608096 	 0.4996957
0.31788033 	 0.42627245
0.30311555 	 0.60595614
0.2989294 	 0.6451045
0.13720775 	 0.6354192
0.20370981 	 0.97377145
0.25656146 	 0.49316493
0.2549118 	 0.54664916
0.18083617 	 1.2754546
0.13734156 	 0.6553533
0.13251849 	 0.8516674
0.05193442 	 1.0546572
0.035361644 	 1.2479584
0.013187799 	 0.96784085
0.03623956 	 1.5279701
0.039923694 	 1.0392172
0.03698965 	 1.513758
0.04935208 	 0.83456117
0.014525919 	 0.35633543
0.032427885 	 1.9673685
0.044370435 	 0.98185545
0.04199294 	 0.5480946
0.028062383 	 1.1360866
0.09628315 	 0.9874966
0.07188226 	 1.4987352
0.03725026 	 0.8887933
0.022152504 	 0.6396514
0.040855173 	 0.7636378
0.1068257 	 0.36600614
0.071948044 	 1.0579404
0.106879696 	 1.5130072
0.029443096 	 1.2411098
0.102731064 	 1.3791369
0.10554653 	 0.45432508
0.20666702 	 1.124395
0.1563239 	 1.027819
0.14089903 	 0.5479795
0.14815843 	 0.8541072
0.12827393 	 0.71971077
0.108762465 	 1.3558987
0.12213882 	 0.42415264
0.11484925 	 0.32779068
0.1253598 	 0.36396918
0.0995638 	 0.9177553
0.110731214 	 0.60240597
0.06703021 	 1.0060723
0.08738843 	 1.0219553
0.043829054 	 1.1191658
0.1409748 	 1.3106606
0.07357633 	 0.5747127
0.08531653 	 0.68286157
0.05761124 	 1.1108359
0.08136976 	 0.9491876
0.057356503 	 0.54887444
0.059286844 	 0.37890533
0.11191691 	 1.2002236
0.07959539 	 0.19492392
0.1514381 	 1.0011427
0.05801718 	 1.0562714
0.24385853 	 1.2276936
0.1893217 	 0.918194
0.15103248 	 0.44102272
0.10556766 	 0.5714608
0.103844024 	 1.0842656
0.080572136 	 0.66537607
0.092940815 	 0.9075195
0.080138855 	 0.3952263
0.060714234 	 0.4188701
0.09081385 	 0.66575885
0.110482685 	 0.5170965
0.06600762 	 0.86864656
0.07136227 	 0.85336477
0.045411285 	 0.8916411
0.08701792 	 0.8032251
0.06315195 	 1.0292109
0.09385252 	 1.2539374
0.0209787 	 1.188673
0.029108908 	 0.60130376
0.043197535 	 1.2903494
0.009018795 	 1.3608276
0.019711375 	 1.4175242
0.12061596 	 0.7501664
0.10814471 	 1.0737692
0.12579583 	 1.2845702
0.15533951 	 1.6531262
0.16186725 	 1.0680898
0.17480424 	 1.0331552
0.17836012 	 0.818416
0.20618936 	 1.3043541
0.16228044 	 1.6945852
0.16055088 	 0.55889785
0.20322934 	 0.75124997
0.14436413 	 1.3288275
0.08435122 	 1.3414525
0.046633124 	 1.0223134
0.076057285 	 1.2074057
0.065177366 	 1.4529403
0.07986327 	 1.2278271
0.012903978 	 2.053707
0.053515952 	 1.031319
0.10482411 	 0.75063777
0.044488207 	 0.94333506
0.001278502 	 3.05694
0.033025283 	 1.0597746
0.01740082 	 1.7029765
0.0007671079 	 2.2649152
0.0011447661 	 1.688414
0.014876746 	 1.3165281
0.019757576 	 1.498916
8.368842e-05 	 1.5456336
0.011553855 	 1.1632051
0.028003473 	 1.1944538
0.020171426 	 0.5591577
0.0141101675 	 0.9317864
0.027788771 	 0.8112086
0.027643783 	 1.423112
0.009237866 	 1.7605355
0.368526 	 1.8839011
0.07492637 	 1.8631675
0.022198392 	 2.1267292
0.033085227 	 1.694558
0.08492038 	 2.079222
0.12277276 	 1.6487348
0.14643212 	 1.7086618
0.3869311 	 1.6786193
0.076968655 	 1.2391058
0.034374256 	 1.8315958
0.077800706 	 1.3969475
0.12208515 	 1.106934
0.12616043 	 1.5892539
0.04333017 	 2.9985342
0.065755 	 0.9499608
0.0790117 	 0.8316169
0.06346399 	 1.8836391
0.04369256 	 1.4911387
0.0020477863 	 3.7344923
0.04434115 	 1.0631533
0.15413329 	 1.9298981
0.12938687 	 1.2337509
0.18116397 	 0.6222562
0.106798045 	 0.8561155
0.21750255 	 1.0359179
0.14757098 	 0.9163552
0.09103599 	 0.9233106
0.10221532 	 1.6658083
0.06951674 	 1.4822905
0.11452817 	 0.7719997
0.22028995 	 0.96644247
0.09637024 	 0.8628942
0.15286663 	 1.1782919
0.1456222 	 0.77267224
0.010629141 	 0.67224294
0.21343695 	 0.67446095
0.083021566 	 0.76355684
0.120531574 	 0.44760004
0.14294204 	 1.4094135
0.12844823 	 1.931785
0.109655395 	 1.0464187
0.0592828 	 1.8907458
0.0479979 	 1.1119347
0.04602392 	 0.9146579
0.07935751 	 2.3953793
0.061404325 	 2.05967
0.04208457 	 1.3639925
0.057596717 	 1.1396159
0.07937945 	 1.1432645
0.06208709 	 1.5667111
0.03967057 	 1.763901
0.14834169 	 0.9725246
0.08655786 	 1.1800139
0.0708812 	 1.8417435
0.21400172 	 0.48308444
0.20097789 	 0.53479844
0.16105308 	 0.47167107
0.19499405 	 0.24870993
0.19167365 	 0.34679753
0.15358694 	 0.45394212
0.18072334 	 0.21967803
0.14117748 	 0.2646204
0.27174392 	 0.38940528
0.20293438 	 0.22732234
0.121061765 	 0.1161762
0.08725431 	 0.43345094
0.09061956 	 0.44119692
0.18310982 	 0.6725435
0.10723375 	 0.92856795
0.0576949 	 1.5052412
0.0020941952 	 2.2177062
0.031327877 	 0.5352105
0.0203963 	 1.6207461
0.060939416 	 1.3677819
0.0700988 	 0.7938098
0.09530268 	 1.4574053
0.055983502 	 0.8090035
0.078197464 	 2.0066884
0.04155654 	 0.8828325
0.08590001 	 0.95468354
0.13643758 	 0.8268892
0.13748859 	 1.7277697
0.11534907 	 1.0926485
0.13055919 	 1.2011176
0.1885243 	 1.7971483
0.060083356 	 0.92269194
0.10345045 	 1.2661759
0.079215944 	 1.2938327
0.109676875 	 1.2206649
0.093154594 	 1.4398205
0.18520033 	 1.2396152
Summary
8.368842e-05  -  0.77500427 ,  0.1161762  -  3.7344923
accuracy:  98.1
equal predictions:  0
TensorFlow version: 1.13.1
Found 939 images belonging to 1 classes.
argN = 49
argN = 49
0.46646842 	 2.6463308
0.39052328 	 0.8772382
0.5398554 	 0.62396955
0.303633 	 2.546322
0.22532529 	 2.1002645
0.15543303 	 0.32054028
0.1334457 	 1.77936
0.062061593 	 2.8261206
0.09840502 	 5.855269
0.031480968 	 1.0860395
0.38508657 	 1.080272
0.34445268 	 1.2070735
0.33594587 	 2.2329843
0.325958 	 1.3374034
0.14027092 	 1.3948431
0.51921874 	 1.3851361
0.4394425 	 0.47874987
0.5034829 	 1.0417566
0.38606936 	 0.72691673
0.39581674 	 1.0335122
0.27551526 	 1.3002489
0.00036860345 	 0.49819666
6.7832385e-05 	 0.83643895
9.096083e-05 	 2.2273622
0.032673083 	 1.6103591
0.07961688 	 1.3074167
0.5403673 	 2.887677
0.2827383 	 1.4975324
0.5137017 	 0.6289855
0.19440849 	 2.7815266
0.10923087 	 0.7315542
0.3662102 	 2.1031284
0.87285626 	 0.4716068
0.6098938 	 0.93964523
0.8551697 	 1.8733191
0.3460742 	 0.28851506
0.05536392 	 2.2928727
0.34403825 	 0.5630452
0.31162697 	 0.29007325
0.032006163 	 1.787142
0.01181769 	 3.0188572
0.025789047 	 1.4567503
0.0002399971 	 2.4912233
0.0064185173 	 2.2732599
0.21105751 	 1.1998537
0.19319645 	 1.35374
0.33934683 	 0.9720318
0.27867076 	 2.2611475
0.19868852 	 0.92011636
0.35569724 	 0.9503272
0.48437905 	 1.6005527
0.3886555 	 0.9487302
0.29382157 	 0.8378063
0.13493407 	 2.5390089
0.08244384 	 1.633642
0.09232275 	 1.655146
0.14439498 	 0.57033455
0.0001626743 	 4.397255
0.040028412 	 1.4455456
0.2252483 	 1.3723772
0.13476062 	 2.684343
0.20416202 	 5.4894075
0.36006445 	 1.0718416
0.33421195 	 1.5460956
0.44863766 	 1.2409847
0.38707453 	 0.8328837
0.38436672 	 1.7684639
0.3405234 	 0.51203084
0.33213857 	 1.7461091
0.30050156 	 1.0356334
0.15418892 	 0.699072
0.24753109 	 0.8842174
0.3783295 	 0.96601737
0.30092877 	 0.72842896
0.26693526 	 1.6780809
0.0007578621 	 2.938639
5.448013e-05 	 1.6844561
0.0009704171 	 4.129804
0.16628452 	 2.7520325
0.2539266 	 1.9273925
0.11486135 	 1.586286
0.23520826 	 2.4488804
0.0012440669 	 1.7605073
0.020942545 	 1.0301857
0.08833897 	 1.980024
0.086237684 	 2.1861677
0.09363813 	 1.8822107
0.021149695 	 5.163119
0.019615937 	 0.96231836
5.960482e-06 	 1.472068
0.018077731 	 1.8203927
0.08534464 	 2.0245862
0.0008791376 	 2.186907
0.00020607449 	 2.6674588
0.0008419123 	 3.4444215
0.0670397 	 1.182199
0.12166258 	 2.593064
0.022606304 	 0.67795324
0.044244017 	 1.0561427
0.025687952 	 1.9934711
0.0044341497 	 1.1926777
0.0013702358 	 1.7168523
0.0126498155 	 1.4095953
0.024682447 	 1.8666327
0.008745054 	 2.765352
0.019610832 	 1.2557656
0.025317539 	 1.5305928
0.024138002 	 1.4606982
0.040912047 	 1.7561314
0.06325182 	 1.160887
0.018491432 	 0.99069923
0.025428928 	 1.8483869
0.056066465 	 6.2487926
0.031549063 	 3.0279555
0.05962166 	 1.8865696
0.071988456 	 0.9262749
0.11894651 	 3.103651
0.079292856 	 1.3516734
0.129007 	 0.98874915
0.033155836 	 0.975495
0.05942865 	 1.7255541
0.058204103 	 1.4478678
0.08942376 	 1.8045253
0.04720814 	 1.8906562
0.06396114 	 1.3818166
0.070859574 	 0.9296067
0.031009475 	 3.3415382
0.08476466 	 1.8868414
0.07426207 	 2.289862
0.04536937 	 2.2846854
0.09021491 	 1.671527
0.072304554 	 1.9389912
0.08483882 	 2.325605
0.013718396 	 2.3002477
0.021877276 	 2.4209585
0.05966411 	 1.260167
0.049712274 	 0.9056947
0.04784201 	 2.2141018
0.041564804 	 2.2123759
0.044660278 	 2.2505803
0.02060291 	 2.0597217
0.019731436 	 1.7643707
0.0011297287 	 1.3628762
2.1398297e-05 	 1.0832875
0.021667296 	 1.445966
2.7180087e-05 	 2.6403606
1.5676145e-05 	 2.1970868
2.5033983e-06 	 1.1211919
4.476409e-05 	 2.8486643
0.001919979 	 1.5663161
1.3053503e-05 	 0.92566675
9.536748e-07 	 3.4396496
2.9206702e-05 	 0.26557586
1.5616539e-05 	 2.0305564
0.024170365 	 3.1132007
0.042298757 	 2.320891
0.054437213 	 2.1687832
0.0234164 	 2.5370643
0.061660726 	 1.770854
0.022896854 	 2.9898748
0.0462643 	 1.676798
0.05834241 	 2.350611
0.073712796 	 2.1358423
0.031437602 	 1.7270759
0.14534837 	 2.66814
0.07789136 	 2.1897857
0.025358193 	 0.7838132
0.044180535 	 1.6705073
0.08253349 	 1.5959833
0.08034792 	 1.6504005
0.10103849 	 0.5820551
0.081926614 	 1.6475617
0.1420591 	 1.9218951
0.16345225 	 2.1961691
0.097198896 	 2.2473946
0.06809473 	 1.5355734
0.05466684 	 2.3945973
0.024427472 	 0.88020414
0.020802502 	 0.81921387
0.011094012 	 1.9319701
0.00019564158 	 0.31035268
0.007175858 	 1.615113
9.036472e-05 	 1.9135945
0.0014798858 	 1.08301
0.00025764445 	 2.1920571
0.00035727446 	 2.390587
0.0040408247 	 0.45880464
0.00032829665 	 2.15565
0.0011426179 	 3.2049804
0.0009940438 	 1.8134031
0.0005698039 	 0.81114477
0.0007289324 	 0.47160622
0.0008625531 	 1.3291739
0.0017143273 	 2.1624014
0.07413971 	 0.6190392
0.18437763 	 1.8596824
0.2350965 	 0.5587553
0.1213945 	 1.2816379
0.0399562 	 1.4028906
0.13069959 	 1.4841456
0.15860033 	 0.80090976
0.06571649 	 1.1841067
0.088998094 	 1.1747798
0.062110808 	 0.97857064
0.084860556 	 0.8374662
0.050203763 	 0.7179964
0.049215768 	 1.7417555
0.07105813 	 2.0484958
0.04344458 	 2.004209
0.05746129 	 1.5861092
0.035659324 	 0.86008406
0.021411872 	 2.2164948
0.052876655 	 1.1905597
0.047288064 	 0.7633712
0.01579589 	 1.3946568
2.02656e-06 	 1.8372504
0.01674164 	 1.4262816
0.020278716 	 0.7765962
7.164735e-05 	 0.8091467
0.020620007 	 0.6723304
9.059947e-06 	 2.3622167
0.02064106 	 2.335022
0.0024917747 	 2.1236026
4.3929587e-05 	 2.1764457
0.0039852294 	 1.4909986
0.046176407 	 1.1563091
0.032497276 	 1.1358227
0.019587854 	 1.7897637
0.000117904936 	 1.5533785
0.22637784 	 0.97213185
0.04284553 	 1.918483
0.027250167 	 1.5407928
0.0044140937 	 2.7541838
0.020703979 	 0.9144502
0.031170754 	 1.788757
0.22713727 	 1.2122567
0.04643917 	 1.532747
0.018725038 	 1.7840366
0.058037076 	 0.43692777
0.149793 	 1.2644341
0.18235506 	 1.9080999
0.0869834 	 0.95128477
0.092012815 	 1.7327702
0.08338256 	 1.7915585
0.042800736 	 1.0706018
0.033848062 	 1.6820503
0.031009598 	 1.2122927
0.054925364 	 1.520447
0.020897627 	 0.79956156
0.014462421 	 0.9454918
0.0039553684 	 0.7179813
0.024944391 	 0.57568294
0.0047185705 	 1.3586067
0.0029299823 	 3.0388725
0.037854202 	 1.4773899
0.0018896422 	 1.8129264
0.023781348 	 1.7026473
0.016780917 	 1.9627799
0.027384378 	 1.320388
0.069104955 	 0.70102894
0.03132437 	 0.95142365
0.040883485 	 1.4834234
0.071255125 	 1.5545745
0.13439348 	 1.8211563
0.085673615 	 1.1887239
0.17373231 	 0.46849158
0.16866983 	 0.8533603
0.09852045 	 0.7986326
0.10204745 	 0.80776864
0.19775003 	 0.67527
0.12815468 	 0.77566224
0.08753428 	 1.5560203
0.08667641 	 0.7927218
0.12730385 	 1.0374763
0.04170126 	 0.7029492
0.022000898 	 1.2749597
0.09542759 	 2.1271718
0.11410712 	 1.1556967
0.053211216 	 1.1837704
0.09744763 	 1.1935209
0.08083964 	 1.1624156
0.21117038 	 0.68886113
0.1556287 	 0.72912383
0.16891667 	 0.8166776
0.23555444 	 0.51428944
0.28476593 	 0.66327965
0.2561225 	 0.36283204
0.35505572 	 0.34492013
0.31866953 	 0.35828933
0.26871172 	 0.34643638
0.28934348 	 0.34599924
0.25950012 	 0.28904843
0.31541896 	 0.6129085
0.34195638 	 0.6166202
0.277643 	 0.7026966
0.27116382 	 0.5833322
0.22786163 	 0.4580533
0.21627969 	 0.41231057
0.20609993 	 1.3804362
0.13560759 	 1.5871066
0.2944038 	 0.62727296
0.20467907 	 1.4453002
0.17505941 	 1.5060906
0.10712839 	 1.5993872
0.11183212 	 1.2196774
0.11710385 	 1.3287057
0.13835819 	 1.0998847
0.120849065 	 1.9055115
0.1158183 	 0.99040115
0.12351508 	 0.3405054
0.14360577 	 0.6908126
0.17473163 	 1.3697883
0.17117375 	 2.2279396
Summary
9.536748e-07  -  0.87285626 ,  0.26557586  -  6.2487926
accuracy:  98.7
equal predictions:  0
TensorFlow version: 1.13.1
Found 939 images belonging to 1 classes.
argN = 49
argN = 49
0.5429977 	 1.5584931
0.6168971 	 1.2209928
0.79009986 	 1.6712689
0.555045 	 0.5976523
0.2281924 	 0.47054383
0.2401988 	 0.78751475
0.2205017 	 1.069461
0.07250685 	 2.2401168
0.00922048 	 1.8829807
0.111076176 	 1.9597573
0.27251357 	 0.8927936
0.25068298 	 1.1061019
0.3643441 	 0.92777693
0.73061347 	 1.8907439
0.6966248 	 2.3304331
0.6225131 	 1.6301548
0.4847936 	 1.591994
0.22854367 	 0.89931107
0.80777377 	 2.9723718
0.33856213 	 0.42376375
0.18771295 	 0.8851781
0.084371 	 3.4327366
0.30001548 	 1.5449588
0.36049867 	 1.2108595
0.18932106 	 1.134218
0.044578757 	 1.7121642
0.09324698 	 1.1190878
0.09181737 	 0.66673017
0.0012765327 	 3.3073184
0.0006862849 	 1.2974114
0.3665707 	 1.0334789
0.3418882 	 1.3272316
0.68556273 	 1.638742
0.71077657 	 1.2405933
0.77817917 	 1.107869
0.22449711 	 1.3363929
0.8694029 	 1.4341811
0.96216565 	 2.7530832
0.5462882 	 1.2405055
0.85716754 	 1.9860251
0.64489955 	 1.0349951
0.7270084 	 1.1210089
0.61862725 	 0.95400244
0.09777818 	 2.340775
0.114035904 	 2.5677633
0.058499876 	 2.0118291
0.13135713 	 2.9660425
0.025781767 	 2.8984897
0.015116105 	 0.5482313
0.00045852442 	 3.2184227
0.27372703 	 0.4555386
0.36145508 	 2.140427
0.3840644 	 1.8412056
0.49600157 	 0.947492
0.17361176 	 1.0851526
0.448838 	 1.6937853
0.35884607 	 0.66472363
0.3811511 	 0.6742626
0.2666919 	 0.63070494
0.1465065 	 1.2366837
0.026914751 	 0.95588213
0.061385754 	 0.5556279
0.0009939244 	 0.6161042
0.0006645145 	 4.2192764
0.0012483638 	 2.6735427
0.12268347 	 1.010474
0.0834572 	 0.78402627
0.19148755 	 1.2572336
0.17175257 	 1.3439231
0.08302377 	 1.2649415
0.23152478 	 0.8671316
0.42407504 	 2.183462
0.46328595 	 2.8380363
0.61157453 	 1.4935592
0.763751 	 1.1201484
0.26705757 	 1.0959549
0.4748685 	 0.5820039
0.43494567 	 0.49076602
0.39910695 	 0.48488808
0.41611615 	 0.77390474
0.21932028 	 0.3685367
0.36691794 	 1.5954711
0.16163245 	 1.5638305
0.068136394 	 2.8364522
0.01201415 	 1.9871988
0.27447018 	 1.606793
0.18952167 	 0.7993687
0.18124892 	 2.167902
0.16787076 	 3.6257539
0.004648326 	 0.8726661
0.009754514 	 0.94100827
0.040105402 	 1.058149
0.025059225 	 1.274689
0.054986633 	 2.7175972
0.07322418 	 1.2688855
3.3259945e-05 	 1.4112251
0.04524813 	 1.124605
0.11723011 	 0.50973946
0.0791135 	 1.8517153
8.0409896e-05 	 2.37805
0.002956106 	 4.349324
0.0014453242 	 1.7816243
0.18159221 	 2.64448
0.060353477 	 2.3913097
0.05962792 	 1.0421422
0.015733523 	 1.7248555
0.017393965 	 1.3060575
0.001097029 	 1.2958037
0.00034302394 	 1.0407368
0.00076734653 	 2.2206998
0.0001849107 	 1.1815796
0.017261818 	 1.3069348
0.00020100706 	 3.2744753
0.01818085 	 1.2751307
1.001363e-05 	 1.4815775
7.993302e-05 	 1.4585669
0.0014708125 	 1.5215144
9.059947e-06 	 2.4832263
0.0037196828 	 2.2389247
9.77564e-05 	 0.9025021
0.0030143347 	 0.2505632
0.020003276 	 3.449665
0.0072112186 	 0.2920301
0.06342563 	 2.3327582
0.08853536 	 2.2564528
0.04796676 	 1.185929
0.08456389 	 0.4297243
0.057622794 	 2.0294957
0.041938487 	 1.2658188
0.115864746 	 1.765551
0.13665158 	 1.7153662
0.04835454 	 1.7867509
0.039634664 	 1.5495158
0.07376477 	 0.9640204
0.10204065 	 0.6998668
0.01015756 	 0.35953188
0.04485438 	 2.8134437
0.06427413 	 3.5439236
0.02191706 	 1.297137
0.054483224 	 2.0456085
0.032711573 	 0.65182066
0.03557551 	 1.0544554
0.0036336556 	 2.9372077
0.090126395 	 1.1257098
0.06547992 	 0.18764392
0.07406146 	 1.946566
0.0078045507 	 1.915231
0.026536968 	 0.8889696
0.0030445263 	 0.50819445
0.013015866 	 1.9307928
0.022480534 	 1.5242968
0.0026990804 	 0.15586571
0.010807954 	 1.8220214
0.022785563 	 0.88651323
0.042226568 	 2.0709236
0.0044722278 	 0.7407784
0.026123412 	 1.8605341
0.019112518 	 1.6645092
0.0005064697 	 1.2994881
0.0006541365 	 0.93292624
0.002442539 	 1.5570642
0.0062089395 	 2.4987004
0.0037823832 	 2.0498016
3.212742e-05 	 2.736592
0.00011337446 	 3.8453944
5.000955e-05 	 0.4131964
0.063708976 	 0.4179448
0.105807945 	 1.5239087
0.09662763 	 1.7579266
0.06719243 	 1.748105
0.058827538 	 1.5892451
0.041460674 	 2.3698683
0.026179029 	 0.43161684
0.048576895 	 4.8372264
0.041308224 	 0.7531583
0.020799702 	 1.7961597
0.007886972 	 1.387304
0.0022116902 	 1.5957633
0.011893024 	 1.8159562
0.021404626 	 1.8334001
0.03425545 	 1.1114304
0.025461212 	 1.5147445
0.00043300228 	 2.9608116
8.678813e-05 	 3.5006816
0.0005859661 	 0.6293539
0.008270334 	 1.8456185
0.009830114 	 2.0117338
0.0070681632 	 1.6411183
0.00061811233 	 0.38888094
0.0008528292 	 2.509288
0.008279771 	 1.576278
0.00737423 	 2.5305374
0.00091308303 	 2.0678449
0.005350274 	 0.44687226
0.0020863705 	 1.2783521
0.0039839726 	 1.039249
0.0050661527 	 1.9135492
0.0003562608 	 0.45721272
0.000606542 	 1.2645453
0.00059216865 	 1.8521514
0.2607998 	 1.0191507
0.07009625 	 1.6836611
0.0016288904 	 2.1903758
0.05761433 	 2.0579715
0.07787867 	 1.0794218
0.057413567 	 1.7984018
0.0005471415 	 1.2817796
0.0002896013 	 2.3542435
0.0017287765 	 2.4923809
0.030943751 	 1.6594114
0.0020490405 	 2.0676162
0.0049942667 	 1.6240866
7.480663e-05 	 2.4566052
0.01897504 	 3.4776323
0.0063597304 	 0.78420746
0.001404019 	 1.4392831
0.0004293052 	 5.2646685
0.3390748 	 1.0412525
0.33307612 	 1.2492107
0.1491323 	 0.55522835
0.056729317 	 0.86634105
0.087682426 	 1.0542444
0.056336634 	 0.87801397
0.06145053 	 1.4577187
0.054669548 	 2.3446271
0.020544074 	 1.1364355
0.04249489 	 1.2973056
0.052441638 	 3.1232755
0.051321857 	 2.7890515
0.43405685 	 0.82651335
0.05528656 	 3.208456
0.0072545656 	 2.159801
0.0723346 	 1.7208804
0.02195648 	 1.0391296
0.057589013 	 0.7965804
0.096668206 	 2.4460702
0.091211885 	 1.2929708
0.093338065 	 0.54738015
0.06769029 	 0.918564
0.13197362 	 0.76123
0.12459248 	 1.2508706
0.061860632 	 0.91800904
0.012882242 	 0.9967149
0.00018258569 	 2.532205
0.00012011057 	 2.943181
7.7486067e-07 	 2.051764
0.0002752325 	 1.0588415
0.026463643 	 0.5626617
0.03630594 	 1.8099519
0.021284916 	 2.7626686
0.02062591 	 0.4400436
0.02897649 	 1.6198878
0.020064633 	 3.3583784
0.0064561306 	 2.0042899
0.018621193 	 0.75887764
0.020300737 	 0.99702436
0.050109006 	 1.1333117
0.0485371 	 1.2274697
0.039584495 	 1.2186315
0.038756985 	 2.3461459
0.03649101 	 0.9219434
0.04213194 	 1.3344288
0.33950007 	 1.1527786
0.31730804 	 1.1923269
0.287502 	 1.3880677
0.32089472 	 1.5966614
0.2734556 	 0.97659487
0.22236124 	 1.3513726
0.13864599 	 1.4979048
0.19081113 	 1.8483846
0.11394038 	 1.9092402
0.090638615 	 2.0896595
0.084412895 	 1.1870883
0.08856486 	 1.6403849
0.0026492372 	 2.3977568
0.15401508 	 0.64635533
0.16891025 	 1.4218674
0.31300887 	 1.387725
0.41440827 	 1.0055085
0.3779005 	 0.9486851
0.44809768 	 0.7129669
0.6415211 	 0.90516144
0.37193644 	 0.6168144
0.5976421 	 0.47095194
0.4396296 	 0.5773157
0.615795 	 0.6477062
0.40184137 	 0.4937011
0.3386471 	 0.61114126
0.30908123 	 0.26193103
0.23448609 	 0.54271275
0.25876915 	 0.62743115
0.27783704 	 1.0810657
0.16155916 	 1.178049
0.2283508 	 1.9900153
0.116187915 	 1.3312557
0.09823785 	 0.97501636
0.07289985 	 1.7207978
0.045632426 	 0.45893827
0.04943969 	 2.3395581
0.1453696 	 1.0959705
0.14317745 	 1.1794302
0.18951453 	 2.2428968
0.14320303 	 1.402966
0.20507082 	 1.0251832
0.17966922 	 0.73749834
0.3449605 	 0.70112795
0.20025963 	 1.2125542
0.10990272 	 1.236105
0.15152486 	 1.3923144
0.10341343 	 2.1127923
0.010289315 	 2.6098025
0.1547822 	 1.6831663
0.19043119 	 1.8292487
Summary
7.7486067e-07  -  0.96216565 ,  0.15586571  -  5.2646685
accuracy:  99.4
equal predictions:  0
