TensorFlow version: 1.13.1
Found 939 images belonging to 1 classes.
argN = 3136
argN = 3136
0.33139282 	 0.65164256
0.3318296 	 0.54646033
0.41963568 	 0.7464278
0.47926506 	 0.5364021
0.39682555 	 0.6117756
0.4523028 	 0.6322961
0.5538964 	 0.72400045
0.70599836 	 0.79150414
0.6784591 	 0.8250803
0.57012284 	 0.7400195
0.5624883 	 0.70916903
0.5910345 	 0.8365745
0.65287375 	 0.7429841
0.32853904 	 0.52758145
0.3324387 	 0.4724704
0.46862736 	 0.68204004
0.33598074 	 0.5425761
0.16452341 	 0.35999748
0.2000671 	 0.69694144
0.32514954 	 0.548974
0.3211791 	 0.536525
0.37986314 	 0.607831
0.46790347 	 0.614955
0.48651522 	 0.7647108
0.5387358 	 0.69198066
0.6073945 	 0.9640298
0.6331015 	 0.9133517
0.59746796 	 0.6348447
0.58157825 	 0.65019053
0.5885085 	 0.89278793
0.57049584 	 0.8260386
0.6028156 	 0.80381787
0.4835238 	 0.66745096
0.38916546 	 0.60280037
0.24728107 	 0.5152877
0.22680235 	 0.39768943
0.18053432 	 0.37600285
0.1795869 	 0.74395615
0.19292606 	 0.47529304
0.38844478 	 0.54384893
0.3768358 	 0.6012274
0.41330308 	 0.6050831
0.46700832 	 0.609731
0.39284655 	 0.51129806
0.37830582 	 0.51706237
0.36964083 	 0.7151807
0.33530474 	 0.4710285
0.3197479 	 0.57477844
0.33319739 	 0.43504956
0.5603522 	 0.5985768
0.5135156 	 0.7079928
0.502814 	 0.7172748
0.49555123 	 0.6417244
0.60222363 	 0.677271
0.57687664 	 0.81752646
0.5525182 	 0.88293386
0.5429105 	 0.919142
0.53871864 	 0.9101455
0.51582396 	 0.96021664
0.34642348 	 0.5680882
0.49920756 	 0.6739402
0.25766563 	 0.39914215
0.22953656 	 0.35081625
0.2029571 	 0.40930668
0.19068547 	 0.40667638
0.20965761 	 0.45207807
0.39439717 	 0.5169663
0.38206044 	 0.63220227
0.34019625 	 0.66116977
0.33000362 	 0.62578744
0.43871045 	 0.6257267
0.51130146 	 0.71419793
0.5054369 	 0.71931016
0.49934033 	 0.6530055
0.46261862 	 0.612055
0.55449545 	 0.6648198
0.34595963 	 0.46243718
0.3543105 	 0.4065525
0.3817286 	 0.51843977
0.47475436 	 0.70586884
0.42103556 	 0.59455156
0.4971621 	 0.61528605
0.5960394 	 0.6750227
0.5829792 	 0.6978181
0.5732234 	 0.82010216
0.4626187 	 0.92785996
0.33764055 	 0.6640833
0.35656053 	 0.68869334
0.38338107 	 0.6672572
0.1957089 	 0.31445584
0.19358648 	 0.28659284
0.5149854 	 0.73416
0.4774114 	 0.869465
0.4898874 	 0.6625318
0.4821791 	 1.0406977
0.19909205 	 0.6157661
0.20154762 	 0.5075035
0.18795007 	 0.80205584
0.19843219 	 0.63796115
0.19743861 	 0.6472284
0.18856497 	 0.84544504
0.20316675 	 0.5204489
0.20245129 	 0.6085977
0.1951685 	 0.58386487
0.18523283 	 0.7633481
0.21802077 	 0.8672609
0.22753732 	 0.4182789
0.24211754 	 0.7615552
0.30644822 	 0.589018
0.32221502 	 0.6741086
0.40042844 	 0.75314724
0.39364445 	 0.68359375
0.41614345 	 0.6669543
0.4096634 	 0.56796145
0.4064545 	 0.63564277
0.4468018 	 0.71440834
0.44431904 	 0.67795914
0.50255054 	 0.62717956
0.5281558 	 0.6744273
0.5161841 	 0.669259
0.5159859 	 0.7218895
0.5483665 	 0.60816884
0.54890794 	 0.6278847
0.54830176 	 0.63483703
0.5588276 	 0.6661853
0.52729654 	 0.6639091
0.540618 	 0.73559815
0.5486532 	 0.7414588
0.5244636 	 0.685436
0.53270334 	 0.74976844
0.5317509 	 0.8120362
0.5030111 	 0.62478316
0.52140766 	 0.814075
0.5168156 	 0.76115084
0.503975 	 0.8601704
0.5239858 	 0.6266795
0.54457474 	 0.6400513
0.5023608 	 0.6390943
0.51297575 	 0.8296335
0.50030243 	 0.7546211
0.47686562 	 0.6350087
0.46167412 	 0.81793076
0.47515997 	 0.7556327
0.46607468 	 0.68403625
0.46152243 	 0.64087415
0.47356707 	 0.8882649
0.49193084 	 0.7753863
0.46073306 	 0.57611614
0.48430687 	 0.54507935
0.45311284 	 0.6437454
0.46498835 	 0.5709251
0.46174827 	 0.7635851
0.47966424 	 0.8721872
0.44277263 	 0.6448164
0.44582576 	 0.5833012
0.4546853 	 0.6373505
0.4753007 	 0.8774178
0.45494565 	 0.84787583
0.43198577 	 0.74774194
0.4290398 	 0.6970006
0.43418437 	 0.892884
0.46506664 	 0.7721451
0.48230112 	 0.71145296
0.48163304 	 0.8178932
0.49541545 	 0.632715
0.5161878 	 0.66622084
0.5153681 	 0.70341045
0.50291324 	 0.7247779
0.5224662 	 0.77574843
0.51069784 	 0.7285209
0.51676023 	 0.5769749
0.4868005 	 0.6582893
0.44412386 	 0.8077838
0.42982653 	 0.63889724
0.42549005 	 0.58701754
0.42070597 	 0.8748901
0.41837147 	 0.54954475
0.4213867 	 0.61596483
0.3950793 	 0.6460489
0.4050891 	 0.67465055
0.42697525 	 0.6572863
0.44204864 	 0.63696903
0.4836917 	 0.7311263
0.5043644 	 0.51279694
0.5181851 	 0.8474648
0.49643302 	 0.8425258
0.56482464 	 0.63305306
0.5444124 	 0.6640722
0.5513628 	 0.59212285
0.5238892 	 0.60936165
0.5572161 	 0.5805985
0.53759396 	 0.63159335
0.53773826 	 0.58886856
0.5374927 	 0.60122716
0.56517947 	 0.6345845
0.5521398 	 0.7458834
0.58025825 	 0.57790405
0.55484223 	 0.614294
0.5650889 	 0.5770216
0.54806095 	 0.5373026
0.5521307 	 0.63565755
0.52825165 	 0.6253077
0.53948957 	 0.5722322
0.5352628 	 0.57375085
0.52544296 	 0.59897053
0.5541331 	 0.57332927
0.56763005 	 0.5753992
0.5469233 	 0.52564013
0.55087173 	 0.6015216
0.5274523 	 0.5616326
0.5224616 	 0.59579927
0.53177327 	 0.5816373
0.5237682 	 0.59269756
0.5231402 	 0.6248156
0.51873785 	 0.58295
0.5280196 	 0.50585926
0.52901787 	 0.5697407
0.5436477 	 0.5872545
0.57182795 	 0.5707153
0.59811985 	 0.5822955
0.59215665 	 0.5755293
0.5697976 	 0.60242283
0.5651038 	 0.55679077
0.55051714 	 0.5595218
0.5509775 	 0.5510121
0.54158133 	 0.56305087
0.58841884 	 0.5702759
0.5726014 	 0.60658234
0.5873438 	 0.55322915
0.58127606 	 0.5177804
0.5829388 	 0.5432397
0.5572256 	 0.72740567
0.5832177 	 0.62031937
0.5905214 	 0.6293123
0.5938914 	 0.5620326
0.5921506 	 0.6350881
0.58317816 	 0.6541687
0.6158442 	 0.57899535
0.6053221 	 0.55885065
0.5628141 	 0.58362144
0.5659281 	 0.6648592
0.5661263 	 0.5602464
0.55387115 	 0.60567385
0.540601 	 0.5224284
0.5617371 	 0.5987795
0.5820012 	 0.5720497
0.584218 	 0.5444531
0.5764862 	 0.5560689
0.5815504 	 0.55831605
0.5702875 	 0.54166657
0.57452536 	 0.6051462
0.56164074 	 0.5607565
0.57690847 	 0.6241923
0.56657684 	 0.5716366
0.5618848 	 0.6413594
0.5828568 	 0.58498484
0.54286575 	 0.61283004
0.5722281 	 0.6245635
0.55948955 	 0.66037065
0.5775514 	 0.5928667
0.60416865 	 0.5986169
0.6075564 	 0.6456866
0.5733354 	 0.6683576
0.5746715 	 0.5746232
0.6056876 	 0.6194241
0.5994871 	 0.5574845
0.57701695 	 0.58476555
0.5682151 	 0.56901205
0.5903863 	 0.6450661
0.59284616 	 0.5374934
0.5670834 	 0.62165177
0.5874282 	 0.608362
0.5618264 	 0.5941179
0.6026167 	 0.5497886
0.6079247 	 0.70812017
0.60019684 	 0.54176486
0.58651614 	 0.5408669
0.56685734 	 0.5778181
0.57205456 	 0.55919755
0.5870735 	 0.5816047
0.55248195 	 0.5783986
0.5480465 	 0.62721103
0.5704809 	 0.6233342
0.5100537 	 0.6846414
0.4749307 	 0.75076073
0.44017336 	 0.7750108
0.40339833 	 0.8253177
0.38184437 	 0.76119107
0.40639874 	 0.8507286
0.4269599 	 0.8597314
0.4464125 	 0.95152473
0.44323304 	 0.9050048
0.43704274 	 0.9564717
0.44173366 	 0.6856486
0.4595436 	 0.7963279
0.47681397 	 0.5444483
0.5118523 	 0.60238755
0.5403092 	 0.63216347
0.5377335 	 0.7093231
0.52106756 	 0.56268543
0.49785635 	 0.6109869
0.5302013 	 0.5363157
0.5247851 	 0.62689525
0.531471 	 0.5609966
0.51195943 	 0.58977526
0.5143861 	 0.6254329
0.55287164 	 0.62190723
0.55952305 	 0.6175405
0.5755989 	 0.62261856
0.58677894 	 0.5946601
0.59535056 	 0.6204795
0.555344 	 0.6722076
0.5379556 	 0.5737769
Summary
0.16452341  -  0.70599836 ,  0.28659284  -  1.0406977
accuracy:  89.8
equal predictions:  0
TensorFlow version: 1.13.1
Found 939 images belonging to 1 classes.
argN = 3136
argN = 3136
0.3259518 	 0.4920685
0.33638 	 0.72677535
0.3757453 	 0.5381829
0.31806293 	 0.48180577
0.32506883 	 0.5214621
0.4220968 	 0.6700349
0.49644682 	 0.6367971
0.61785465 	 0.6474455
0.64335066 	 0.7201675
0.65755415 	 0.69663477
0.58432794 	 0.92757374
0.5042158 	 0.59562385
0.2976266 	 0.70348907
0.5102185 	 0.69763666
0.47027022 	 0.6831932
0.42727172 	 0.5386428
0.28676268 	 0.65657026
0.24481802 	 0.3748613
0.20614211 	 0.51340014
0.33398685 	 0.47500613
0.30403298 	 0.5649675
0.47050092 	 0.7379953
0.49888787 	 0.6231187
0.57104516 	 0.78965336
0.6001334 	 0.9954286
0.60196996 	 0.7564575
0.6016755 	 0.8073837
0.60146385 	 1.0694116
0.5926639 	 0.6709377
0.2149439 	 0.4976326
0.25299436 	 0.38916916
0.25766283 	 0.36916298
0.23955089 	 0.4019007
0.16352631 	 0.4113041
0.407556 	 0.6709666
0.40820038 	 0.586114
0.34745294 	 0.5979525
0.39454708 	 0.48929548
0.3165376 	 0.4335482
0.4843425 	 0.6444737
0.5505926 	 0.7102454
0.57797045 	 0.6578753
0.5973909 	 0.6922509
0.40878713 	 0.59475595
0.37241268 	 0.51437944
0.308638 	 0.43554053
0.2474723 	 0.42422324
0.2420663 	 0.46096334
0.2070613 	 0.52303934
0.16728522 	 0.4653153
0.26285988 	 0.6361183
0.39734894 	 0.6892949
0.49625394 	 0.6686816
0.5184465 	 0.88084096
0.48041946 	 0.6654893
0.46768573 	 0.69989294
0.46348 	 0.82773554
0.46148962 	 0.7965718
0.489076 	 0.9056912
0.5382469 	 0.82404554
0.41396707 	 0.6117156
0.37349817 	 0.7192267
0.35223645 	 0.46520075
0.43307632 	 0.576234
0.46671104 	 0.47649994
0.48305643 	 0.57063675
0.4666642 	 0.6516911
0.4985016 	 0.60377526
0.4757051 	 0.66095966
0.4450245 	 0.60515606
0.47409877 	 0.46008658
0.47970122 	 0.5563134
0.53795946 	 0.49299523
0.5907263 	 0.4915513
0.483761 	 0.6660099
0.5341983 	 0.66882825
0.5521716 	 0.6668983
0.5417518 	 0.79353094
0.5056837 	 0.6351326
0.43681374 	 0.74559313
0.4831452 	 0.6406118
0.4325333 	 0.6994256
0.3355016 	 0.6747793
0.23080865 	 0.40358645
0.23920232 	 0.42635134
0.39236102 	 0.6683955
0.4831372 	 0.6930953
0.5110736 	 0.75744945
0.5503532 	 0.79825515
0.53624177 	 0.8017488
0.50097835 	 1.0246603
0.46552387 	 0.9307435
0.4419956 	 0.97979474
0.45274064 	 0.9458165
0.48392704 	 0.8369071
0.49961925 	 0.75615007
0.4475604 	 0.7581433
0.41947684 	 0.75364166
0.19141862 	 0.7474033
0.20096244 	 0.5725079
0.19317837 	 0.58435315
0.195895 	 0.93273926
0.19735925 	 0.86899173
0.20058176 	 0.55001867
0.1878373 	 0.5118501
0.19058508 	 0.49800128
0.1907664 	 0.5919644
0.20387936 	 0.58093566
0.19022246 	 0.7383301
0.21074392 	 0.4655028
0.20472105 	 0.70731896
0.20521681 	 0.88736796
0.22358494 	 0.64514905
0.23736769 	 0.6188403
0.24192324 	 0.66796
0.25005457 	 0.736567
0.26022497 	 0.5985141
0.2650258 	 0.7999902
0.27625826 	 0.68529963
0.30003792 	 0.58695513
0.3349752 	 0.7035941
0.34508845 	 0.76384056
0.33980268 	 0.5388124
0.36518824 	 0.59630394
0.3765274 	 0.69382703
0.43916234 	 0.65653026
0.50595635 	 0.6589315
0.50300384 	 0.62485474
0.49001676 	 0.6737516
0.51923096 	 0.6833556
0.5160801 	 0.68473345
0.5090102 	 0.6322503
0.534408 	 0.64905447
0.54767054 	 0.65166557
0.5368848 	 0.7285051
0.5324292 	 0.6483424
0.5550036 	 0.6581139
0.54434806 	 0.7005172
0.5421505 	 0.7431786
0.5415799 	 0.7268276
0.5053203 	 0.68188936
0.54526037 	 0.66435826
0.53169924 	 0.7299304
0.509424 	 0.7008353
0.525875 	 0.71967953
0.55129576 	 0.71755
0.52124214 	 0.66223645
0.5047879 	 0.84338653
0.5002234 	 0.7293155
0.49987668 	 0.7030924
0.4992052 	 0.7156747
0.52445614 	 0.66142887
0.51492107 	 0.80002165
0.49745858 	 0.72916985
0.49729744 	 0.5986742
0.4903015 	 0.73817974
0.47885185 	 0.62379736
0.47324777 	 0.56932586
0.45564878 	 0.5803527
0.4509839 	 0.61533797
0.4689318 	 0.8080453
0.45556915 	 0.6120417
0.4403964 	 0.50899196
0.4652167 	 0.72230536
0.45525253 	 0.6279175
0.4365468 	 0.66796
0.44151777 	 0.5916762
0.4602682 	 0.8250071
0.46809363 	 0.5902388
0.46203622 	 0.71599436
0.4709674 	 0.8013112
0.4506634 	 0.6205661
0.45213905 	 0.67165005
0.44389102 	 0.7798428
0.4251437 	 0.6956353
0.45420408 	 0.8278423
0.4818575 	 0.6012104
0.4482492 	 0.81254935
0.47971776 	 0.72324693
0.47001955 	 0.61191386
0.4741001 	 0.54077184
0.511111 	 0.64653486
0.5042055 	 0.62028015
0.49635985 	 0.7023499
0.5056454 	 0.7479814
0.48120388 	 0.66057855
0.5228444 	 0.6857949
0.50037134 	 0.62473786
0.4945286 	 0.73844314
0.50734806 	 0.8047879
0.4738598 	 0.6280091
0.4704532 	 0.5396186
0.4025313 	 0.684895
0.3968619 	 0.783515
0.41940105 	 0.6472774
0.42238063 	 0.7838997
0.400348 	 0.8687627
0.40964967 	 0.66935563
0.40025124 	 0.6290403
0.4174338 	 0.628108
0.4312743 	 0.67036
0.4141916 	 0.6475692
0.40712568 	 0.5888108
0.44607788 	 0.59936154
0.44404468 	 0.72726196
0.44051388 	 0.6536144
0.48973426 	 0.65934515
0.48148978 	 0.7348078
0.48313487 	 0.68377703
0.49180958 	 0.60181445
0.4943036 	 0.6306149
0.5098403 	 0.6415994
0.5040867 	 0.53243977
0.49334943 	 0.6233725
0.5800418 	 0.6503197
0.60850275 	 0.6166141
0.5884472 	 0.6209038
0.5234646 	 0.64998627
0.574394 	 0.63442755
0.54907733 	 0.6344458
0.5593237 	 0.58109397
0.5635808 	 0.5985899
0.5238142 	 0.54629683
0.55112535 	 0.6188398
0.54367757 	 0.5942576
0.54554003 	 0.5723569
0.5655134 	 0.5456151
0.57500565 	 0.74446994
0.5649797 	 0.5389716
0.53087246 	 0.6543297
0.5368028 	 0.62403387
0.50234365 	 0.5179265
0.52737904 	 0.55396986
0.5267802 	 0.6566899
0.51237196 	 0.6874928
0.5687985 	 0.5952602
0.5849162 	 0.6109084
0.59108484 	 0.60114324
0.5794273 	 0.5248661
0.5625674 	 0.5994819
0.58220875 	 0.57687217
0.5254943 	 0.4909458
0.5113541 	 0.5544469
0.5697756 	 0.5612234
0.5740789 	 0.5976413
0.60031 	 0.55844307
0.5655969 	 0.6204078
0.61303294 	 0.6310415
0.561333 	 0.6475004
0.5549094 	 0.568338
0.5829649 	 0.54464585
0.61062944 	 0.64813745
0.6094297 	 0.5742876
0.5865318 	 0.6211571
0.6000732 	 0.606097
0.6061412 	 0.61344934
0.60285425 	 0.60996366
0.5861656 	 0.5899524
0.588295 	 0.5671259
0.5573312 	 0.5715334
0.5529206 	 0.77094704
0.5656563 	 0.5084299
0.5754916 	 0.5665554
0.5655156 	 0.55719686
0.5839008 	 0.6582458
0.5974929 	 0.54481703
0.5968277 	 0.5725764
0.5615984 	 0.6130873
0.5596631 	 0.6361702
0.5603306 	 0.615058
0.5508914 	 0.596042
0.59015805 	 0.63296413
0.6060713 	 0.63544464
0.6114029 	 0.5805538
0.58440995 	 0.53192586
0.614925 	 0.624363
0.5801185 	 0.5743023
0.5702391 	 0.53604496
0.5750625 	 0.6395873
0.57307464 	 0.543806
0.5581136 	 0.53091925
0.5412986 	 0.62969166
0.5502803 	 0.6293957
0.5744529 	 0.6345596
0.5445062 	 0.6412693
0.52350545 	 0.6523076
0.5254749 	 0.6590255
0.5026497 	 0.6640581
0.49236044 	 0.69435585
0.39254397 	 0.7469945
0.41342744 	 0.86240727
0.42504367 	 1.0106993
0.44216532 	 0.8041479
0.4376008 	 0.79304564
0.4350422 	 0.8349879
0.4344064 	 0.8145152
0.44347763 	 0.76546764
0.49174836 	 0.7343855
0.5614984 	 0.6048633
0.54760766 	 0.53610843
0.56992924 	 0.61176485
0.5096139 	 0.56304723
0.5278025 	 0.5518214
0.508273 	 0.7586843
0.55110484 	 0.57169765
0.56779706 	 0.6048404
0.58877987 	 0.6068905
0.56196755 	 0.63131505
0.61248446 	 0.66542
0.574012 	 0.5598154
0.57060236 	 0.5803868
0.54986817 	 0.53922665
0.5507665 	 0.58269805
Summary
0.16352631  -  0.65755415 ,  0.36916298  -  1.0694116
accuracy:  91.4
equal predictions:  0
TensorFlow version: 1.13.1
Found 939 images belonging to 1 classes.
argN = 3136
argN = 3136
0.32662502 	 0.60532856
0.33940122 	 0.45993486
0.44148976 	 0.63920957
0.44182053 	 0.63432956
0.49147922 	 0.6296474
0.6069476 	 0.7048284
0.6375268 	 0.7331994
0.6441829 	 0.6694311
0.6566382 	 0.728355
0.65277624 	 0.77191186
0.5939915 	 0.7939722
0.60137886 	 0.789976
0.61118037 	 0.90170014
0.5434993 	 0.80563784
0.37727907 	 0.6780762
0.30006295 	 0.641292
0.39571944 	 0.5910056
0.44952956 	 0.6888837
0.5207089 	 0.6671157
0.40177366 	 0.63395923
0.21161292 	 0.7076106
0.18928425 	 0.6118826
0.18599688 	 0.6817901
0.29084238 	 0.4819184
0.3089791 	 0.5091226
0.31283247 	 0.5038722
0.47154394 	 0.7444459
0.5032775 	 0.77348626
0.49151516 	 0.7268826
0.49859804 	 0.8331664
0.5246147 	 0.8668318
0.5863568 	 0.8333406
0.6075972 	 0.8685952
0.5561112 	 0.7354146
0.18277137 	 0.68753046
0.22756045 	 0.38703063
0.23244423 	 0.50131583
0.18706357 	 0.5926569
0.1880469 	 0.48251432
0.20181759 	 0.6138226
0.43354785 	 0.67313296
0.35609612 	 0.63507086
0.2963207 	 0.58526593
0.5383036 	 0.61504143
0.51720583 	 0.51463103
0.5493511 	 0.6514984
0.6152452 	 0.80349237
0.60075057 	 0.8401335
0.61558604 	 0.69240826
0.556747 	 0.7695937
0.5144036 	 0.9326705
0.44851312 	 0.64323133
0.45820758 	 0.61905247
0.19802326 	 0.40884832
0.3234903 	 0.69077617
0.3728754 	 0.6628853
0.36432812 	 0.6070318
0.32143158 	 0.63660574
0.36783263 	 0.5813406
0.49932736 	 0.7728923
0.49145272 	 0.83933705
0.51803994 	 0.8532075
0.5099867 	 0.97065824
0.4773179 	 0.91547203
0.44373903 	 0.665385
0.46245232 	 0.8561092
0.4686205 	 0.7517078
0.4788074 	 0.6539779
0.5055754 	 0.8440875
0.4804792 	 0.70757836
0.5237555 	 0.81619453
0.2795158 	 0.4507399
0.33729658 	 0.51958257
0.34680274 	 0.46260822
0.44838014 	 0.46192554
0.49759337 	 0.5380557
0.53452885 	 0.5956165
0.5121076 	 0.5995429
0.5044674 	 0.6182458
0.49191543 	 0.6239464
0.46509218 	 0.44066447
0.5947796 	 0.646353
0.5468551 	 0.68076146
0.5045897 	 0.65007865
0.522385 	 0.5906016
0.5803148 	 0.72046024
0.59331876 	 0.82714325
0.5243577 	 0.66640526
0.34729102 	 0.71853244
0.3398638 	 0.62405163
0.50537837 	 0.6944973
0.4056162 	 0.6971483
0.30716807 	 0.49484316
0.27305928 	 0.42666286
0.21418387 	 0.4815277
0.19811359 	 0.36399078
0.19962724 	 0.32475102
0.31662437 	 0.6957554
0.5068603 	 0.71760213
0.5263048 	 0.63065165
0.46418962 	 0.9140468
0.47069117 	 0.92629945
0.51836824 	 0.73564714
0.5448904 	 0.74079025
0.44671237 	 0.89271736
0.1912744 	 0.44493875
0.19342005 	 0.4596982
0.19988999 	 0.5527893
0.19270395 	 0.50392145
0.2116071 	 0.7028426
0.20104063 	 0.7765243
0.20059429 	 0.50131917
0.19026117 	 0.34203896
0.18864523 	 0.84863704
0.20145808 	 0.6877641
0.1916338 	 0.60843825
0.20631742 	 0.76931
0.25816527 	 0.5535475
0.2492634 	 0.6098822
0.27829042 	 0.7047377
0.28362417 	 0.672382
0.298093 	 0.6391275
0.3201376 	 0.75322664
0.35674444 	 0.529663
0.34762126 	 0.7191679
0.45265666 	 0.53559893
0.46715942 	 0.6254809
0.4817778 	 0.6325571
0.50210375 	 0.6705911
0.4798339 	 0.70396847
0.5039146 	 0.63681847
0.51081157 	 0.64235467
0.509934 	 0.6531559
0.50772154 	 0.7157442
0.5334464 	 0.7263751
0.54212916 	 0.6513045
0.5367186 	 0.59679544
0.522619 	 0.6281036
0.5312246 	 0.6742965
0.5291132 	 0.7149806
0.5329629 	 0.6911882
0.54811305 	 0.67953867
0.5261728 	 0.67602396
0.543881 	 0.77171534
0.5242107 	 0.6968542
0.5267755 	 0.5997075
0.53365314 	 0.8324102
0.50769114 	 0.6851343
0.5215998 	 0.6300549
0.50453657 	 0.6278898
0.4674148 	 0.7518414
0.48930618 	 0.6020755
0.49313262 	 0.91572857
0.48755094 	 0.6770052
0.4900625 	 0.69899154
0.436395 	 0.6310811
0.46197748 	 0.683345
0.4673391 	 0.52968794
0.4608559 	 0.58865076
0.46545476 	 0.5476762
0.44811392 	 0.6159391
0.4604566 	 0.67618096
0.43660897 	 0.7214272
0.4538674 	 0.89109766
0.45343152 	 0.65684175
0.47646835 	 0.67523116
0.4732467 	 0.68976605
0.4596544 	 0.6222832
0.45872504 	 0.6181461
0.43297377 	 0.6726924
0.4329837 	 0.5519407
0.4380603 	 0.6251954
0.4733687 	 0.786977
0.47683203 	 0.5956455
0.4956332 	 0.6214622
0.50484556 	 0.62333125
0.51622194 	 0.68458736
0.5179771 	 0.7199702
0.5115076 	 0.7367019
0.5011368 	 0.7000983
0.5189375 	 0.699277
0.48656312 	 0.72574246
0.5295615 	 0.63949096
0.49421296 	 0.6720688
0.5316594 	 0.61550736
0.50598717 	 0.6348128
0.49098882 	 0.5697498
0.4521679 	 0.72024137
0.42335352 	 0.7006847
0.3903924 	 0.70815796
0.40345606 	 0.5914363
0.39803904 	 0.64365876
0.41325444 	 0.72880226
0.39206845 	 0.6512136
0.39522585 	 0.633907
0.3906845 	 0.6279278
0.40418595 	 0.7562934
0.41411802 	 0.6831736
0.42552492 	 0.6616584
0.4197261 	 0.7999078
0.4418988 	 0.5902368
0.44103923 	 0.8159613
0.43856996 	 0.81370836
0.46849653 	 0.7863326
0.4499043 	 0.66151345
0.5020793 	 0.59132296
0.4762479 	 0.66712636
0.5010954 	 0.62116134
0.5110632 	 0.747887
0.4960832 	 0.59359133
0.5032288 	 0.5730888
0.49692547 	 0.9176046
0.5043997 	 0.79310286
0.5754661 	 0.59383833
0.5565704 	 0.6654931
0.5577051 	 0.64783686
0.53710055 	 0.69587016
0.55126846 	 0.5659893
0.5600934 	 0.6346196
0.57449967 	 0.59588253
0.55545896 	 0.5648982
0.5373012 	 0.5583946
0.56589043 	 0.7432736
0.54478 	 0.5894182
0.54490685 	 0.5968949
0.5400464 	 0.5798385
0.5265695 	 0.57655305
0.54819524 	 0.5774796
0.52861685 	 0.5158245
0.51466554 	 0.5195364
0.5332666 	 0.58974516
0.5342477 	 0.5482043
0.56989855 	 0.5534686
0.5885509 	 0.6545001
0.5764686 	 0.5513267
0.5836016 	 0.54660445
0.5666101 	 0.5793128
0.5873229 	 0.5469554
0.5704514 	 0.5781494
0.536651 	 0.5378401
0.53256625 	 0.67113125
0.5422135 	 0.55739874
0.5370766 	 0.5455246
0.5473619 	 0.5902669
0.5607064 	 0.574989
0.5861793 	 0.67752105
0.5553846 	 0.5585486
0.5969892 	 0.55578953
0.5715074 	 0.5846969
0.56603247 	 0.59572035
0.58068717 	 0.51032215
0.585806 	 0.56734324
0.5726207 	 0.7068783
0.58110154 	 0.6041108
0.60344064 	 0.5798587
0.5995427 	 0.6986741
0.6253118 	 0.6357274
0.60856485 	 0.59203005
0.6293771 	 0.57784754
0.5676917 	 0.5508668
0.60632634 	 0.5713751
0.60078794 	 0.6731741
0.5936075 	 0.6925555
0.5916109 	 0.52457094
0.56782395 	 0.5414361
0.5880099 	 0.567504
0.6014143 	 0.61826515
0.6085221 	 0.5738472
0.57792443 	 0.5577054
0.57811046 	 0.64790434
0.577811 	 0.620186
0.5533379 	 0.5706106
0.5559627 	 0.58067054
0.5596846 	 0.60463566
0.5961004 	 0.63716424
0.59794754 	 0.62395996
0.5792043 	 0.61647874
0.6131136 	 0.6410267
0.6099619 	 0.61764306
0.5811426 	 0.5561079
0.60681677 	 0.54782814
0.5841073 	 0.59872144
0.5875625 	 0.64078504
0.5857306 	 0.56784457
0.55989355 	 0.5783094
0.54228044 	 0.6382404
0.56808776 	 0.63636494
0.54108715 	 0.670254
0.56569886 	 0.64637554
0.53027374 	 0.6884803
0.5157121 	 0.7084414
0.3795179 	 0.7596824
0.41000733 	 0.8474804
0.39707005 	 0.7921985
0.45169294 	 0.576636
0.4397782 	 0.7310129
0.44772863 	 0.72511077
0.51036704 	 0.674658
0.52461445 	 0.63266766
0.5573382 	 0.5604942
0.5603055 	 0.6531227
0.5855395 	 0.6407247
0.503007 	 0.59158957
0.53947926 	 0.5641658
0.5082021 	 0.6256211
0.5062807 	 0.60378
0.5325912 	 0.59636843
0.580453 	 0.5769329
0.61417216 	 0.57272595
0.5992492 	 0.5686363
0.56491256 	 0.6056072
0.5934077 	 0.61061734
0.54923564 	 0.59640664
Summary
0.18277137  -  0.6566382 ,  0.32475102  -  0.97065824
accuracy:  91.7
equal predictions:  0
TensorFlow version: 1.13.1
Found 939 images belonging to 1 classes.
argN = 3136
argN = 3136
0.3666549 	 0.6201954
0.3608225 	 0.5434073
0.4481598 	 0.6448667
0.45285577 	 0.6193353
0.68225545 	 0.82328546
0.6868669 	 0.7829061
0.60626966 	 0.8432671
0.571447 	 0.9390249
0.57703733 	 0.94315875
0.4424384 	 0.702159
0.43643928 	 0.65835243
0.25552252 	 0.6156306
0.2605576 	 0.4786452
0.22560936 	 0.76457363
0.3361027 	 0.6013696
0.31379852 	 0.58405435
0.43236738 	 0.6862817
0.5894975 	 0.9792895
0.56692076 	 1.0046889
0.6127836 	 0.6643853
0.5475634 	 0.7239933
0.58713996 	 0.798424
0.170517 	 0.42247838
0.20908324 	 0.6299741
0.22609684 	 0.6209337
0.26978153 	 0.4863855
0.31333888 	 0.51126295
0.35331076 	 0.5079427
0.34787518 	 0.62654924
0.52322197 	 0.5571856
0.54564244 	 0.7510842
0.53439784 	 0.66762847
0.42107478 	 0.6179493
0.49448842 	 0.6112944
0.5307004 	 0.4906858
0.54967254 	 0.58181757
0.54400545 	 0.67248875
0.4795502 	 0.6032825
0.5464391 	 0.7217747
0.56129795 	 0.6728958
0.5860328 	 0.82773376
0.6244587 	 0.829795
0.5457354 	 0.84778243
0.40906894 	 0.50907224
0.5131783 	 0.59912246
0.5373575 	 0.6371922
0.4870494 	 0.6822657
0.50773126 	 0.66400343
0.49581972 	 0.8871555
0.42517468 	 0.7546215
0.4463977 	 0.8324065
0.46277454 	 0.9606727
0.48352814 	 0.8742245
0.4965661 	 0.727615
0.2767875 	 0.37695023
0.32719582 	 0.45921183
0.33787918 	 0.69224995
0.39310217 	 0.6210342
0.33071855 	 0.3823557
0.32307005 	 0.39324516
0.34113696 	 0.44860667
0.40393934 	 0.72353446
0.5081873 	 0.64643246
0.52363694 	 0.6716062
0.44541737 	 0.55751365
0.476255 	 0.4473699
0.45241395 	 0.53512263
0.4707183 	 0.6119497
0.525346 	 0.63329893
0.5065178 	 0.6959265
0.6098984 	 0.84131795
0.5357497 	 0.79302746
0.48279133 	 0.69564927
0.50199264 	 0.6998489
0.34733692 	 0.520963
0.38299182 	 0.62520754
0.40905395 	 0.59741247
0.28409174 	 0.7440431
0.19567765 	 0.3118082
0.26331407 	 0.7091746
0.5383771 	 0.6729057
0.51966006 	 0.73403966
0.45157507 	 0.74457747
0.4506082 	 0.7602717
0.4529661 	 0.8019935
0.4922723 	 0.91171086
0.42698073 	 0.87249935
0.4162704 	 0.70108646
0.42114624 	 0.6823098
0.20709907 	 0.7829306
0.18818797 	 0.8252552
0.20792162 	 0.42620325
0.18993305 	 0.40722832
0.20882776 	 0.761643
0.20621486 	 0.70783645
0.19655979 	 0.37777066
0.19616148 	 0.8257111
0.19119142 	 0.59953976
0.19286548 	 0.55494803
0.23079363 	 0.61602366
0.23252995 	 0.612205
0.24394076 	 0.41004962
0.2727655 	 0.513553
0.27620852 	 0.67517304
0.3338214 	 0.52068824
0.38985392 	 0.59420097
0.43437973 	 0.6671382
0.45956793 	 0.6477977
0.49479252 	 0.728142
0.49511147 	 0.7364641
0.5311657 	 0.6948814
0.54268014 	 0.72169423
0.53845584 	 0.68910116
0.5565937 	 0.66751915
0.5185268 	 0.6866695
0.54056203 	 0.6652437
0.5438448 	 0.77530795
0.50172526 	 0.6819806
0.5404864 	 0.6107651
0.531018 	 0.68305534
0.524392 	 0.5737568
0.5354303 	 0.6100632
0.49433157 	 0.6934472
0.530658 	 0.8354882
0.5024339 	 0.97388715
0.51561046 	 0.71456826
0.49563596 	 0.53313214
0.4810392 	 0.62441975
0.48370358 	 0.850015
0.47602147 	 0.5796131
0.45938373 	 0.7931042
0.44300506 	 1.0163316
0.45244 	 0.6167792
0.45145392 	 0.73699594
0.45620257 	 0.7217489
0.46950212 	 0.596283
0.45844907 	 0.8454696
0.45872986 	 0.7309524
0.45228294 	 0.85029745
0.46338883 	 0.7230965
0.46406323 	 0.5944686
0.4400111 	 0.6995707
0.47169974 	 0.75865805
0.47034234 	 0.6868974
0.44759807 	 0.6302546
0.47065225 	 0.81340325
0.45680106 	 0.65896595
0.45402387 	 0.83058083
0.42929825 	 0.7158097
0.45323664 	 0.7572134
0.5028633 	 0.7403705
0.50523925 	 0.7500641
0.5006043 	 0.72281533
0.4978728 	 0.7570824
0.5057163 	 0.8116082
0.5130101 	 0.6147595
0.50289303 	 0.67917484
0.51130325 	 0.91798353
0.48674482 	 0.6157809
0.50711226 	 0.68732697
0.5435736 	 0.76419026
0.5163112 	 0.65216744
0.49983776 	 0.6452752
0.4736157 	 0.62004024
0.43662944 	 0.6629666
0.42862347 	 0.6678235
0.44403002 	 0.8570302
0.42467856 	 0.6966477
0.43193996 	 0.6951781
0.4015957 	 0.7020536
0.40253255 	 0.60073817
0.40333712 	 0.83326465
0.41546428 	 0.66216505
0.40560725 	 0.8433185
0.42533317 	 0.5778921
0.4286899 	 0.6089395
0.44388357 	 0.72300804
0.4815229 	 0.7379607
0.47400475 	 0.72824305
0.48330262 	 0.6073628
0.5249042 	 1.0263649
0.5072441 	 0.92607856
0.5000135 	 0.6515091
0.58209705 	 0.5855162
0.56903267 	 0.65225154
0.55537564 	 0.6155547
0.5251393 	 0.61375785
0.5619727 	 0.62588507
0.5537298 	 0.55574536
0.56190354 	 0.6130462
0.5240554 	 0.6532291
0.5348086 	 0.55543923
0.53842074 	 0.5794322
0.5655503 	 0.5594737
0.5280696 	 0.59281486
0.54546624 	 0.6935242
0.56818193 	 0.5669338
0.5531425 	 0.61342835
0.5338413 	 0.53350884
0.5382515 	 0.54688823
0.5482179 	 0.6501981
0.55086845 	 0.5995134
0.5568072 	 0.65046066
0.55845934 	 0.5346576
0.53652227 	 0.5936334
0.5060896 	 0.6076403
0.5147087 	 0.5900264
0.5167152 	 0.56020254
0.51012576 	 0.5292347
0.51822567 	 0.7532681
0.54304254 	 0.5644175
0.54505754 	 0.5103627
0.52091855 	 0.68096
0.5292369 	 0.7648897
0.54903686 	 0.60064167
0.5535883 	 0.7571996
0.5716161 	 0.5942975
0.577712 	 0.6063502
0.58086425 	 0.60735166
0.5655694 	 0.600089
0.5896568 	 0.6077515
0.60901207 	 0.59008294
0.5729201 	 0.623335
0.5159567 	 0.57681626
0.5094752 	 0.5557781
0.5676905 	 0.5489559
0.57179224 	 0.6115387
0.57631713 	 0.6430973
0.5860039 	 0.5875874
0.56706756 	 0.58397305
0.5668458 	 0.5452944
0.5730675 	 0.5700208
0.6103639 	 0.6157555
0.61093813 	 0.6570902
0.5988033 	 0.61225927
0.6032703 	 0.6030938
0.5668323 	 0.6056064
0.58550924 	 0.6974825
0.5794405 	 0.5882591
0.5855647 	 0.6169731
0.5952191 	 0.4928433
0.5806939 	 0.59055066
0.5559558 	 0.53008384
0.58620334 	 0.685562
0.5612409 	 0.6264658
0.57151556 	 0.5802383
0.57053137 	 0.5635592
0.5256234 	 0.6161609
0.56630903 	 0.6502222
0.565065 	 0.6092984
0.5800922 	 0.63072354
0.56620866 	 0.58915216
0.5890353 	 0.6284895
0.62308604 	 0.654069
0.6126219 	 0.5870032
0.603981 	 0.7024666
0.58664864 	 0.7610307
0.56505644 	 0.60244757
0.6004403 	 0.5958354
0.5855557 	 0.55845773
0.59952545 	 0.5351406
0.6101714 	 0.62155277
0.59950906 	 0.55150455
0.6082484 	 0.5738677
0.5895078 	 0.6716902
0.5652561 	 0.5854108
0.57700294 	 0.5581497
0.5575367 	 0.56716764
0.5571049 	 0.6290448
0.5765608 	 0.6567506
0.5579495 	 0.64645404
0.5413504 	 0.6569212
0.5029508 	 0.662095
0.51240635 	 0.70857203
0.44423315 	 0.7221701
0.4147811 	 0.64973557
0.4033623 	 0.5888849
0.3817542 	 0.76186436
0.38214654 	 0.8321688
0.3998536 	 0.78303874
0.39847344 	 0.8900777
0.43363768 	 0.87561375
0.442773 	 0.70499897
0.44585574 	 0.70410293
0.46523035 	 0.74733347
0.46917495 	 0.7112109
0.47154605 	 0.6962648
0.4643948 	 0.76664984
0.48265 	 0.7130958
0.55357456 	 0.5933526
0.5778369 	 0.54832125
0.57439125 	 0.77552474
0.5453843 	 0.61626005
0.580124 	 0.5869826
0.5495712 	 0.5513142
0.5805683 	 0.5617742
0.55513024 	 0.5936373
0.530248 	 0.56890565
0.5239274 	 0.66898286
0.5012708 	 0.556348
0.5181148 	 0.5997578
0.5116777 	 0.59615713
0.5680846 	 0.5663773
0.5888574 	 0.63313746
0.59109926 	 0.5778125
0.5869629 	 0.5411311
0.5718362 	 0.5837666
0.58488685 	 0.5739301
0.5651755 	 0.5881286
0.5280734 	 0.5792835
0.56509125 	 0.5776425
0.544866 	 0.5609357
0.5536737 	 0.63771445
Summary
0.170517  -  0.6868669 ,  0.3118082  -  1.0263649
accuracy:  91.1
equal predictions:  0
