TensorFlow version: 1.13.1
Found 939 images belonging to 1 classes.
argN = 784
argN = 784
0.14981551 	 2.6624389
0.15334456 	 2.222812
0.1844516 	 2.9937863
0.17613961 	 2.0368013
0.069994405 	 3.2271893
0.060339358 	 3.0007553
0.078135654 	 2.3183906
0.061283972 	 1.8578205
0.06776925 	 2.58566
0.04324994 	 2.4870694
0.10885776 	 2.3394141
0.0550583 	 2.8332562
0.04440103 	 2.5607617
0.056307375 	 3.6989377
0.054154653 	 3.330478
0.06193444 	 3.3435733
0.08651418 	 3.5729067
0.10133296 	 2.605685
0.09212411 	 2.7110834
0.06998949 	 2.506116
0.08342623 	 2.3538544
0.025840301 	 3.3808086
0.021859853 	 2.3457015
0.021498103 	 3.1988683
0.00899558 	 2.9262729
0.035881408 	 2.995352
0.033605963 	 3.5125055
0.051017594 	 2.683185
0.17126967 	 2.855009
0.18464859 	 2.3173738
0.26818454 	 2.4622238
0.24959697 	 2.3049405
0.22497419 	 2.8142526
0.0853832 	 2.1949217
0.21854936 	 4.025226
0.3077627 	 2.393177
0.13815308 	 2.7999635
0.30926147 	 3.2934525
0.41373372 	 2.3785412
0.35381037 	 3.0410042
0.43118265 	 2.910067
0.39813462 	 2.5370078
0.06865835 	 3.6199064
0.048390012 	 2.5956192
0.046392158 	 2.9541216
0.17516316 	 2.8488793
0.17969269 	 2.6027179
0.076495044 	 3.5288801
0.032974582 	 3.6189256
0.013326779 	 4.3002453
0.028461408 	 2.6069813
0.040662896 	 3.1675801
0.018017465 	 3.5283704
0.033075184 	 3.5463994
0.059052993 	 2.505945
0.09779238 	 2.2007
0.05640739 	 2.8561137
0.059378933 	 2.3490038
0.057976883 	 2.4013484
0.070785485 	 2.6442738
0.10295812 	 2.5770767
0.025817608 	 2.4140909
0.0041198246 	 3.3765795
0.00511408 	 2.6918092
0.2226762 	 2.5092976
0.17709032 	 2.2130015
0.21597797 	 2.5420682
0.2158614 	 2.5726917
0.082845815 	 3.4114976
0.10104759 	 3.3947322
0.10472337 	 2.4158103
0.21460633 	 2.541839
0.23023483 	 2.8779573
0.12471111 	 3.0387292
0.12619437 	 2.1306036
0.09876372 	 1.6349989
0.1039087 	 3.7740278
0.037690107 	 3.3676639
0.017257815 	 3.344962
0.027119588 	 3.1343699
0.023951052 	 3.0203052
0.035086587 	 2.8100033
0.07729566 	 2.2429957
0.03716093 	 2.9509432
0.036227383 	 2.5615606
0.020548942 	 2.319223
0.028462574 	 2.921976
0.035054978 	 2.5191717
0.01253646 	 2.4580352
0.016782979 	 2.7170098
0.007688379 	 4.1794376
0.008967673 	 3.4062128
0.011537876 	 3.2621803
0.010221689 	 2.9267147
0.03722069 	 1.7994317
0.0297661 	 2.0253263
0.02783259 	 2.0901268
0.014124918 	 1.3364089
0.008973447 	 2.3581948
0.020552227 	 2.1204047
0.018981235 	 1.6496761
0.025234219 	 3.0253956
0.014128665 	 2.1128619
0.026417559 	 1.9644272
0.025029277 	 2.1886566
0.0325865 	 1.6710879
0.029739266 	 2.1984954
0.018038403 	 1.4977974
0.024531739 	 1.3974761
0.018206589 	 1.7998224
0.030841397 	 1.936211
0.03625736 	 1.9559976
0.034211595 	 1.6931571
0.015941774 	 1.3254703
0.025838038 	 1.6819751
0.0153879635 	 1.8337477
0.02714972 	 1.6398787
0.008969237 	 2.3728073
0.008987039 	 2.092194
0.008864717 	 1.7407218
0.018466113 	 2.3759139
0.0076674167 	 2.4181733
0.015419197 	 1.853534
0.008967673 	 1.5502577
0.008967553 	 2.1049514
0.007859938 	 1.1958576
0.010255291 	 2.3218021
0.01154499 	 1.6853291
0.007963393 	 1.8412508
0.010638418 	 1.7061456
0.006415578 	 1.4120132
0.0128361145 	 3.074891
0.014128968 	 1.8518581
0.01154499 	 2.1079366
0.015423434 	 1.6136326
0.021921203 	 2.243152
0.010255472 	 1.7707115
0.0063969814 	 1.29585
0.00848347 	 1.5055579
0.006507364 	 1.8140382
0.011557894 	 1.4817427
0.011094675 	 1.5177519
0.010255472 	 2.0082338
0.0076814713 	 2.2450476
0.01154499 	 1.4357523
0.007677387 	 1.9164833
0.0055733975 	 2.7723687
0.01542192 	 2.0255318
0.009725022 	 2.162128
0.010255472 	 1.2315763
0.015447224 	 2.2355664
0.0076525807 	 2.4222403
0.0025532627 	 2.630911
0.00511408 	 1.2831643
0.018017465 	 0.9823985
0.010238551 	 1.8317275
0.014128908 	 1.2983636
0.012596818 	 2.2083402
0.015198829 	 1.696187
0.0103417095 	 1.4090322
0.0063969814 	 2.635566
0.0063968617 	 1.6795526
0.0038334797 	 1.4371551
0.01671964 	 2.730964
0.018012064 	 1.955085
0.01025505 	 1.406457
0.016005913 	 2.4552746
0.006400041 	 1.779138
0.024152596 	 1.8467994
0.019386074 	 1.3535193
0.020582952 	 1.5691389
0.017957022 	 1.7860491
0.024531921 	 2.5533133
0.026236912 	 2.4472144
0.02852758 	 1.6231755
0.041100956 	 2.0359569
0.04311346 	 1.6872752
0.045815237 	 1.720196
0.049685962 	 1.6929005
0.04568633 	 1.0869724
0.025822869 	 1.9892367
0.03514875 	 1.5490323
0.031908497 	 1.9882029
0.032407813 	 2.2996948
0.031089896 	 1.5469216
0.036355883 	 1.5822386
0.052548174 	 1.4910283
0.029757196 	 1.5439671
0.035090476 	 1.6257473
0.033810697 	 1.9122502
0.02631891 	 1.82101
0.029913729 	 1.8472102
0.023319937 	 2.2398033
0.049973216 	 1.6815782
0.031086514 	 2.3876507
0.035041522 	 1.6062261
0.018017951 	 2.3108692
0.023243127 	 1.2618965
0.23739535 	 1.6710391
0.23896666 	 2.2137198
0.22993751 	 2.3017313
0.15095401 	 2.9060593
0.09184541 	 1.3558099
0.09921824 	 2.8172827
0.11378595 	 1.3606334
0.1201756 	 1.9104081
0.12606198 	 2.6903298
0.1391634 	 2.8777678
0.13309838 	 2.9892044
0.12490357 	 3.0739715
0.14091296 	 1.8522182
0.13865393 	 2.430422
0.15707934 	 2.603721
0.13789059 	 2.4147835
0.14562716 	 2.7196121
0.12622088 	 2.2004604
0.14333938 	 2.240444
0.11910509 	 3.1004426
0.11599827 	 2.8804357
0.108699664 	 2.8460007
0.08822288 	 2.4450119
0.10550751 	 1.7383245
0.07165262 	 1.8960745
0.09487024 	 3.1678774
0.09313327 	 2.101069
0.1077406 	 2.2449238
0.09113399 	 2.8236868
0.09759725 	 2.5212626
0.092476904 	 2.155654
0.093551144 	 2.752269
0.09778922 	 1.5052283
0.11393303 	 2.952335
0.110468835 	 2.308771
0.08792978 	 3.263189
0.14722472 	 2.188424
0.298046 	 2.079065
0.25900984 	 2.253473
0.19644922 	 2.6827571
0.15758245 	 3.1715503
0.16763264 	 2.4596965
0.14129816 	 2.0116696
0.12677798 	 2.6840289
0.15488505 	 2.2616405
0.14231196 	 2.4597049
0.14190412 	 2.3970208
0.16795889 	 3.2915566
0.14517468 	 2.8802168
0.17514953 	 1.9029223
0.13026129 	 2.0592208
0.12716353 	 1.6322824
0.12626795 	 2.1985438
0.10908926 	 2.7725518
0.11514614 	 1.3023186
0.08656377 	 2.9602168
0.10781987 	 2.6375763
0.10289476 	 2.6156185
0.11181072 	 3.4862568
0.115000494 	 2.0983164
0.09516546 	 1.7661974
0.059115656 	 2.6623535
0.054988462 	 3.000827
0.062608175 	 2.9280672
0.14431235 	 1.4217792
0.15718451 	 2.372113
0.22136629 	 1.578707
0.25326604 	 1.890376
0.23613396 	 1.8822069
0.26237386 	 1.6812787
0.25548658 	 1.7061158
0.2640232 	 1.2842156
0.245858 	 1.7437186
0.2831224 	 1.9293777
0.22441459 	 1.9393857
0.08933023 	 1.6881628
0.060082722 	 2.927486
0.051565956 	 3.1886034
0.048301056 	 1.945932
0.059110027 	 2.9507744
0.07266349 	 2.857889
0.06671049 	 2.5442436
0.047004957 	 2.1028666
0.060329545 	 2.7725756
0.06145262 	 2.7112842
0.08793088 	 2.2823439
0.109297685 	 2.8698952
0.16370714 	 2.5069215
0.16607843 	 2.6025522
0.26654053 	 2.180566
0.2899482 	 1.70949
0.300813 	 1.9728801
0.23929454 	 1.994425
0.313508 	 1.4621915
0.29277667 	 1.5863042
0.23333463 	 1.7726783
0.19276096 	 2.1547744
0.17757726 	 1.5230165
0.20857 	 2.0924964
0.19000368 	 1.2004011
0.16522883 	 1.8624729
0.09914394 	 3.6172264
0.07925337 	 2.786919
0.0857381 	 2.3217807
0.09212333 	 1.766088
0.0790575 	 2.8598373
0.08670547 	 2.7025733
0.077404365 	 2.1328466
0.09652023 	 3.0528436
0.18921849 	 2.8007655
0.120496005 	 2.5033166
0.09356894 	 2.7548225
0.10899395 	 2.752365
0.086542584 	 2.694075
0.09930204 	 3.2904994
Summary
0.0025532627  -  0.43118265 ,  0.9823985  -  4.3002453
accuracy:  100.0
equal predictions:  0
TensorFlow version: 1.13.1
Found 939 images belonging to 1 classes.
argN = 784
argN = 784
0.11842904 	 2.8855433
0.12473205 	 3.1679666
0.12805164 	 2.6162994
0.36940235 	 2.9670591
0.35674718 	 2.9031994
0.2737264 	 2.6052413
0.23739074 	 3.1380742
0.029766161 	 3.7241127
0.019311449 	 3.5286953
0.028461408 	 2.7121475
0.04424676 	 2.8142416
0.05161447 	 2.6604242
0.045607846 	 2.6038997
0.06320992 	 2.4702106
0.050004233 	 1.9767183
0.047372304 	 2.3566313
0.05880737 	 2.0415258
0.058823932 	 2.8230777
0.07084166 	 2.5905752
0.20963034 	 2.2742274
0.03867 	 3.1111033
0.06981038 	 2.9600453
0.010255472 	 3.0541332
0.1364472 	 3.0621483
0.078842774 	 2.8460653
0.19660114 	 2.8800268
0.24707998 	 2.7009225
0.26461 	 2.3908494
0.16321947 	 2.2726545
0.09569365 	 2.9658446
0.17963825 	 2.926452
0.20540974 	 2.1697185
0.17991108 	 2.5769243
0.15142111 	 2.6143167
0.25046113 	 2.3021524
0.382323 	 1.9088253
0.11195644 	 2.6024668
0.11775152 	 3.4603229
0.057597283 	 3.041145
0.05528694 	 2.712566
0.025839811 	 2.495947
0.049606163 	 1.9798777
0.06122219 	 2.1437936
0.07220018 	 1.819811
0.05526023 	 2.4977891
0.03644514 	 3.2166414
0.032625046 	 1.9548582
0.033583898 	 2.3197012
0.03961147 	 2.671215
0.042130634 	 2.8834722
0.029573059 	 2.0662863
0.04300456 	 2.068536
0.09729704 	 2.9926233
0.09482928 	 2.5159283
0.015405275 	 2.3434877
0.030359268 	 3.5741367
0.028970663 	 3.063658
0.0038328813 	 2.5546775
0.0102363825 	 3.7350962
0.008967854 	 2.3072138
0.0038328813 	 2.7339067
0.01154499 	 3.1091678
0.007578947 	 2.6390781
0.016700305 	 2.7933586
0.25078693 	 2.7983632
0.14053272 	 2.9561718
0.09224026 	 2.0997703
0.09113837 	 2.4707081
0.11147043 	 2.6740956
0.1234585 	 3.129688
0.15817001 	 2.3204432
0.0785259 	 2.7724783
0.062435973 	 2.6338885
0.049682457 	 1.9470855
0.22081876 	 1.5329965
0.0725205 	 2.3170884
0.06839415 	 3.0325077
0.08070491 	 2.3270602
0.06038893 	 2.7600808
0.06494843 	 1.9434334
0.04433486 	 2.211591
0.04102252 	 3.803471
0.037690107 	 3.162035
0.019659886 	 2.9678009
0.023225559 	 2.8603723
0.02449692 	 2.6953588
0.030258017 	 3.1492903
0.015424705 	 2.4858532
0.006395362 	 3.0260737
0.0076814713 	 2.944511
0.0078103174 	 3.3646786
0.0089774765 	 3.285301
0.0061479458 	 3.2778633
0.020640451 	 2.3262963
0.040706787 	 2.0373116
0.034848817 	 1.6347696
0.015118102 	 1.9361866
0.030060643 	 1.6687219
0.026104936 	 2.018997
0.021923214 	 2.4127645
0.027264867 	 2.021828
0.02836924 	 1.0103548
0.023014503 	 1.4575644
0.022773795 	 2.1552413
0.039529182 	 1.8138107
0.02310868 	 0.98621756
0.011544931 	 1.902023
0.010254629 	 1.6046656
0.014136706 	 1.2755028
0.015591604 	 1.1661307
0.021098558 	 1.9813594
0.027976012 	 1.0092322
0.015663106 	 2.179002
0.008997504 	 1.4927992
0.026805766 	 1.8266145
0.027142493 	 1.9526193
0.0141413 	 1.5378554
0.023656225 	 1.9078737
0.021866431 	 1.4717368
0.021040361 	 2.3291311
0.018039253 	 1.9630418
0.024534427 	 1.3974924
0.019316979 	 2.0261276
0.025962945 	 2.6337152
0.0205445 	 2.8431106
0.023108862 	 1.5945529
0.027149966 	 1.2511199
0.024572056 	 1.8442893
0.020612461 	 1.5332736
0.022768917 	 1.4305941
0.012835511 	 1.3187164
0.014170983 	 1.4014035
0.013779975 	 1.255073
0.015418652 	 1.284795
0.014128847 	 2.164573
0.011497539 	 1.4267998
0.00511408 	 1.2227015
0.00511408 	 3.0273907
0.0038328813 	 2.1002805
0.0075044176 	 1.6721605
0.00511408 	 2.3739204
0.005466594 	 2.7430387
0.010255472 	 1.002425
0.0076814713 	 1.3868978
0.019269641 	 1.9022119
0.0128828455 	 1.9098587
0.010225845 	 1.9279841
0.008490023 	 1.4351217
0.010255291 	 2.5009465
0.00896599 	 1.7969851
0.0063426946 	 2.0884626
0.0063969814 	 2.1000404
0.008967673 	 2.621104
0.0025532627 	 1.2507658
0.0038328813 	 1.1209586
0.0076722214 	 2.4774647
0.008509079 	 1.7995971
0.006214517 	 1.8036404
0.0063968017 	 1.3254315
0.0038221115 	 1.955859
0.005073282 	 2.2884724
0.008967673 	 1.225214
0.0038328813 	 1.4609556
0.010255472 	 1.045489
0.010375255 	 1.0172113
0.00511408 	 2.3219423
0.001275339 	 1.4093632
0.007799685 	 2.047554
0.00511408 	 2.3175323
0.0063969814 	 1.2466016
0.005140321 	 1.4982196
0.0047239605 	 1.3099477
0.008000103 	 0.9818553
0.010255472 	 1.7437097
0.015414233 	 1.5423878
0.014743478 	 1.9394035
0.024532288 	 1.3102328
0.02517511 	 2.5600297
0.03863159 	 2.1789784
0.030028274 	 2.187767
0.026336165 	 1.5888246
0.023218725 	 1.7257754
0.035260934 	 1.9227468
0.02976573 	 2.399864
0.03237592 	 1.7056327
0.043368574 	 1.6089274
0.03325824 	 1.5339199
0.023399804 	 1.5504293
0.028464966 	 1.4541364
0.0243951 	 1.5461131
0.02983027 	 1.660284
0.023225803 	 1.8243054
0.012835752 	 1.5892273
0.018017102 	 1.4102231
0.020618243 	 1.5261682
0.20017152 	 1.8527825
0.20795919 	 1.3383268
0.23925078 	 2.2692208
0.20811896 	 1.4949565
0.19796689 	 1.7633795
0.108025506 	 1.4021533
0.082383774 	 1.5357915
0.12220967 	 2.0766323
0.092065096 	 1.9571834
0.10337708 	 2.7931921
0.11186431 	 2.6623971
0.114723824 	 2.4915912
0.09471362 	 2.2448826
0.1145386 	 2.9268382
0.08212265 	 1.8561772
0.07792776 	 2.4436417
0.07841862 	 1.8167413
0.06317849 	 2.131192
0.06589888 	 1.022482
0.06999786 	 3.1090372
0.07947476 	 2.9267735
0.07725258 	 2.6954682
0.08193095 	 2.7135012
0.07962288 	 2.9702137
0.07189911 	 1.8182406
0.06374131 	 2.7682924
0.0574558 	 1.9267164
0.07686026 	 2.6302044
0.18913142 	 2.4451323
0.15856875 	 1.5229065
0.13969837 	 2.3466477
0.11592632 	 2.2819345
0.123379394 	 2.7833517
0.106878035 	 2.8097103
0.08322261 	 2.6754057
0.107626826 	 1.4713476
0.09288319 	 2.7609959
0.117475495 	 2.4542336
0.11482618 	 2.592327
0.21263477 	 1.7221425
0.1823288 	 1.9915557
0.13913567 	 2.5212753
0.12439057 	 2.2658145
0.12343699 	 2.1426668
0.13688433 	 3.2693388
0.10937329 	 1.9730508
0.04952292 	 2.9755034
0.074094966 	 1.4519477
0.08323576 	 2.3319979
0.08211308 	 2.2825022
0.07136343 	 1.8852788
0.07660295 	 1.1788651
0.06860747 	 2.8017528
0.08654453 	 2.142421
0.03248065 	 2.7330923
0.035049915 	 3.05347
0.044333488 	 1.9983997
0.06314515 	 1.5829551
0.06453833 	 2.1535401
0.0809338 	 1.5768063
0.07408226 	 2.215925
0.095737986 	 2.1771586
0.100437485 	 2.2824152
0.10754771 	 2.4746416
0.10405863 	 2.223938
0.116000816 	 2.6570616
0.19676983 	 2.1025915
0.2016885 	 1.0760603
0.20598127 	 2.1637826
0.21268845 	 2.150285
0.08606312 	 2.2818954
0.069521144 	 2.0690465
0.06317659 	 2.8186948
0.032381214 	 2.257593
0.03901558 	 1.5400807
0.04515459 	 2.858526
0.0450113 	 2.5601177
0.037681505 	 2.8140738
0.034938313 	 2.7523699
0.037156414 	 2.705569
0.040559668 	 2.624617
0.062425125 	 2.8355062
0.1006685 	 2.3992314
0.12028316 	 1.0376309
0.14074841 	 2.6338513
0.17234293 	 2.2519681
0.16954991 	 1.6767418
0.20507954 	 2.0418513
0.26559046 	 1.9923089
0.25362617 	 1.75669
0.24380635 	 1.7297586
0.2574126 	 1.372329
0.18059552 	 1.6166767
0.1786209 	 1.4956957
0.2149182 	 1.5187751
0.1854342 	 1.9476693
0.13101605 	 2.204336
0.14223073 	 1.5750477
0.07548048 	 2.1757631
0.06323754 	 3.028925
0.06346926 	 2.222872
0.056296278 	 3.6680026
0.04896216 	 3.109276
0.050824422 	 1.940033
0.052544847 	 2.039425
0.06327697 	 1.5023078
0.052669365 	 2.311095
0.079144396 	 2.901907
0.10090945 	 2.2565007
0.10059691 	 2.5811784
0.093521364 	 2.8576698
0.11574375 	 2.6432734
0.09633001 	 1.934944
0.10894596 	 2.712634
0.09311953 	 2.7931921
0.09151282 	 3.0274706
0.092112936 	 2.294278
0.06463256 	 1.8686033
Summary
0.001275339  -  0.382323 ,  0.9818553  -  3.803471
accuracy:  100.0
equal predictions:  0
TensorFlow version: 1.13.1
Found 939 images belonging to 1 classes.
argN = 784
argN = 784
0.076776385 	 3.5733483
0.19774204 	 2.8802032
0.31458876 	 2.5045984
0.19713238 	 2.2349005
0.17763728 	 2.4280367
0.12021553 	 3.080517
0.100549914 	 2.7394998
0.06454876 	 3.079201
0.04968233 	 1.6779217
0.03372457 	 2.3391137
0.031719413 	 2.5481095
0.04465473 	 1.5758243
0.056081593 	 1.9775581
0.094162695 	 1.6960824
0.040073887 	 2.9496832
0.09243924 	 2.0980923
0.07402712 	 2.4538965
0.019316979 	 2.2824612
0.076113366 	 2.6173024
0.052365385 	 2.4964454
0.21595638 	 1.8151047
0.2518181 	 2.6351395
0.12246867 	 2.5769048
0.04968277 	 2.0009005
0.0051141395 	 2.7454853
0.011763289 	 3.202182
0.0076803905 	 2.983166
0.0076842946 	 3.172735
0.017913086 	 1.6302677
0.03504572 	 2.2092824
0.09965994 	 2.109411
0.07175847 	 3.1511505
0.20664048 	 2.062029
0.19612414 	 2.1651437
0.076316185 	 2.067512
0.079631984 	 2.1569366
0.04894701 	 3.2951076
0.12975565 	 2.974308
0.10378498 	 2.956204
0.09257485 	 2.6940813
0.06651171 	 3.2950191
0.06814622 	 2.5541983
0.033726297 	 3.7161036
0.027149966 	 3.60739
0.042986017 	 2.4410548
0.06179767 	 2.2083282
0.06839504 	 2.63559
0.053239 	 2.8097954
0.06431621 	 2.517473
0.07685382 	 3.0248506
0.089362495 	 3.0420337
0.120692626 	 2.941636
0.033692453 	 3.0230408
0.019317038 	 3.1097891
0.018017465 	 2.1003044
0.019312724 	 2.900339
0.016274802 	 2.3839443
0.0025532627 	 2.3871396
0.0025532627 	 2.6201847
0.0025529042 	 3.573259
0.015326589 	 2.5050755
0.027321773 	 2.4201243
0.02718218 	 2.4304397
0.052387744 	 2.4430413
0.11329719 	 2.4255295
0.052461926 	 2.3043418
0.05340051 	 2.1194594
0.07009548 	 2.283853
0.12793627 	 3.167259
0.09493729 	 2.297851
0.097719684 	 2.6670923
0.14500074 	 2.5529234
0.09632909 	 3.1564212
0.078827366 	 3.2928152
0.05567694 	 3.287474
0.14371993 	 1.9120061
0.0050915536 	 1.6611747
0.0038357535 	 2.1617591
0.055017177 	 2.3324265
0.05574626 	 2.360985
0.04288012 	 2.4485102
0.044176176 	 2.22715
0.043314796 	 2.2311764
0.012569837 	 2.7127302
0.00636111 	 2.384908
0.017496532 	 2.6974938
0.027170483 	 2.8388095
0.01617103 	 2.251006
0.004269582 	 2.2432427
0.0076806303 	 2.1733947
0.001275339 	 2.7266254
0.006396922 	 2.732568
0.009025291 	 3.2495444
0.019317525 	 2.7454333
0.026238626 	 2.589562
0.032319468 	 2.5055177
0.022268174 	 1.0715883
0.025741892 	 1.0107394
0.014272795 	 1.577806
0.021829879 	 1.6936398
0.0128361145 	 1.8509732
0.028412716 	 2.1577067
0.019056989 	 1.8261343
0.0144829815 	 1.4828604
0.012835873 	 0.86872816
0.019310052 	 0.98353404
0.008968877 	 0.92334855
0.012749662 	 1.6012698
0.022081938 	 1.3689299
0.023225985 	 1.3362104
0.010286966 	 2.771953
0.0122063635 	 0.8481027
0.015375616 	 1.1676439
0.02012709 	 1.7517564
0.015800552 	 1.3973777
0.0128361145 	 2.4742877
0.018017465 	 1.5221399
0.01682068 	 1.6311841
0.014128968 	 1.273934
0.015196892 	 0.84424067
0.012921247 	 2.268584
0.020618243 	 2.0957031
0.018014796 	 1.6955518
0.012834847 	 1.3919461
0.008967673 	 1.8272024
0.023225803 	 1.6224397
0.014128968 	 1.3416746
0.014129149 	 2.7917204
0.011544931 	 1.5955114
0.008967673 	 1.9098611
0.014118691 	 1.6245221
0.018037796 	 1.7812767
0.008967673 	 2.099909
0.010255531 	 1.5609275
0.002848207 	 1.678164
0.0038328813 	 1.5054977
0.008939167 	 1.6941826
0.00521761 	 2.422143
0.01151635 	 1.1672231
0.0063969814 	 1.4876964
0.014128968 	 1.708736
0.0038328813 	 2.807174
0.0076814713 	 2.2335835
0.0063969814 	 1.8723181
0.008966771 	 2.048984
0.008967673 	 1.8604705
0.0076814713 	 1.8214027
0.003783161 	 1.8045905
0.00511408 	 1.7281704
0.009500429 	 3.1062973
0.009100354 	 2.3111637
0.010255472 	 1.9355786
0.015138313 	 1.2980232
0.006344734 	 2.287432
0.012013607 	 1.774811
0.00710394 	 2.2707884
0.012830983 	 1.4809928
0.004261441 	 1.8277806
0.00511408 	 1.4173597
0.001275339 	 1.6872633
0.0064277556 	 1.4687719
0.012833518 	 1.9773691
0.007714327 	 2.0567296
-9.5367386e-07 	 1.5951424
0.0038328813 	 1.3762558
0.008373471 	 2.1760204
0.0063969814 	 2.1757803
0.007675165 	 1.8481951
0.0063968017 	 1.2508664
0.007080709 	 2.6121325
0.0076607494 	 1.8756795
0.0063975817 	 1.1682116
0.008967673 	 1.458813
0.008967673 	 1.4645241
0.0063969814 	 1.688413
0.012772179 	 1.0606511
0.008947587 	 1.929853
0.006395122 	 1.2790493
0.011548609 	 1.7463425
0.0129649015 	 0.95957285
0.011124388 	 1.219137
0.020617025 	 1.5494322
0.012834967 	 1.8360754
0.012403563 	 2.2339857
0.015693743 	 1.398167
0.02162594 	 1.3406488
0.02575865 	 1.0967929
0.029771196 	 1.5866016
0.02843694 	 1.7664533
0.037691716 	 1.9095638
0.021923091 	 2.2558696
0.03184413 	 1.657234
0.03503578 	 0.9155332
0.037371837 	 1.1932681
0.029763214 	 1.2126825
0.024196256 	 2.0511765
0.03132062 	 1.2729062
0.027022216 	 1.579136
0.027132021 	 2.1440673
0.019375682 	 1.3283312
0.02201546 	 0.8707291
0.022450848 	 1.7451471
0.012934168 	 2.0443625
0.024532167 	 1.1808577
0.02695449 	 1.9512296
0.016577944 	 0.9901929
0.20259842 	 1.7364079
0.13994639 	 2.245518
0.14943284 	 1.8600776
0.1394082 	 2.4469616
0.12769344 	 2.0428603
0.1260628 	 2.1108518
0.08772804 	 2.1101165
0.08203996 	 3.0534837
0.057112247 	 3.055518
0.055058993 	 1.9105576
0.065108284 	 2.8137488
0.05084631 	 2.3737533
0.06594357 	 2.489922
0.09072776 	 3.2970858
0.07617338 	 2.0540128
0.08376598 	 1.7271416
0.091925316 	 2.6933267
0.10249079 	 2.4159045
0.07547566 	 2.67541
0.0848309 	 2.2089305
0.107620254 	 1.2444818
0.09352209 	 2.9508178
0.07000048 	 2.5000827
0.079228915 	 2.8576345
0.067210086 	 3.5714047
0.061675306 	 3.1986797
0.07808983 	 1.4906529
0.05281809 	 2.430283
0.11186725 	 2.4736454
0.10028216 	 2.5780418
0.15216266 	 1.7487701
0.082135655 	 2.7036345
0.09278482 	 1.3581549
0.09037494 	 1.8094476
0.10418629 	 2.8351347
0.07403226 	 3.0527248
0.21207526 	 1.947714
0.25258997 	 0.88666165
0.30501577 	 1.8269638
0.3039798 	 1.8165239
0.13257763 	 2.5052922
0.10893406 	 3.5733314
0.08787309 	 1.7077786
0.09214222 	 2.8150077
0.054092366 	 2.0987694
0.045654323 	 2.4900033
0.07136343 	 2.3958044
0.0671262 	 1.6756691
0.06999326 	 3.1090384
0.060462948 	 2.9508178
0.041136604 	 3.9597473
0.03750469 	 3.080865
0.032405965 	 1.1971878
0.045915518 	 3.3322153
0.04034281 	 2.7306576
0.037690107 	 1.8360882
0.03867923 	 2.8259988
0.04167162 	 2.484965
0.06713257 	 2.7932224
0.082214795 	 2.2576802
0.12481456 	 2.3877513
0.15098618 	 2.7177145
0.16682594 	 2.0412912
0.1673444 	 2.1553483
0.19669771 	 1.9078834
0.15631315 	 1.9258041
0.1401254 	 1.7527248
0.07457566 	 1.3036737
0.037566267 	 2.752368
0.036732014 	 2.4673347
0.03504158 	 3.2283633
0.03218853 	 2.872259
0.033316292 	 2.4299867
0.036366574 	 3.445494
0.042381085 	 2.3201203
0.04449768 	 2.5273755
0.047004957 	 2.1211019
0.057688523 	 2.635705
0.11938163 	 1.919435
0.23226504 	 1.7545466
0.21533993 	 2.0323899
0.20222332 	 1.3790653
0.1974307 	 2.2929835
0.23174126 	 1.814029
0.22412899 	 1.6816146
0.24036169 	 2.157064
0.15907736 	 2.322639
0.14281821 	 1.9616861
0.16460563 	 1.633558
0.1328735 	 2.491733
0.13920136 	 1.9461565
0.092074506 	 2.976124
0.08975644 	 3.138026
0.063177794 	 1.7371877
0.056407265 	 1.2723429
0.060454275 	 2.3076918
0.06317697 	 3.0808687
0.05102594 	 2.2734375
0.080997914 	 2.3335884
0.065876655 	 2.0276709
0.10023156 	 2.6950746
0.11330346 	 2.747628
0.13194588 	 2.4892998
0.10713257 	 1.2001792
0.09770588 	 3.1694164
0.101826414 	 2.451937
0.076833025 	 1.9880598
Summary
-9.5367386e-07  -  0.31458876 ,  0.84424067  -  3.9597473
accuracy:  100.0
equal predictions:  0
TensorFlow version: 1.13.1
Found 939 images belonging to 1 classes.
argN = 784
argN = 784
0.1682353 	 2.8058648
0.19231042 	 2.7020195
0.47488758 	 2.951022
0.15858734 	 2.587616
0.091815025 	 4.1460314
0.0699868 	 3.462001
0.043002322 	 2.921665
0.092216924 	 2.092975
0.11343264 	 2.3424284
0.14262138 	 2.2299252
0.07544912 	 2.289639
0.07409542 	 2.98139
0.048089143 	 2.7566087
0.06840717 	 3.719928
0.067286715 	 2.2057724
0.10015118 	 2.367667
0.10758123 	 3.3299382
0.11052988 	 2.2822201
0.18939395 	 2.752256
0.15907367 	 2.2573228
0.23823398 	 2.577238
0.21406159 	 1.9294966
0.12112662 	 2.6596632
0.08536814 	 2.5628915
0.028456809 	 3.9584198
0.05939677 	 2.5526924
0.100916706 	 2.4453013
0.055695973 	 2.2266703
0.035062324 	 3.406283
0.014169895 	 3.2003913
0.0063969814 	 3.3322086
0.00511408 	 2.6179297
0.014023543 	 2.8114874
0.07273413 	 3.368015
0.24175267 	 2.7406297
0.15004651 	 2.6302392
0.13516344 	 2.3858283
0.13881595 	 3.0422661
0.20666584 	 2.4445434
0.16674714 	 2.9904463
0.2532437 	 2.7725728
0.3900201 	 2.742153
0.40601096 	 3.4446607
0.1076318 	 3.2258904
0.17522019 	 2.3500082
0.17409006 	 2.5867515
0.12972185 	 2.6018362
0.12869565 	 2.6512485
0.025840178 	 4.718384
0.014128968 	 4.584794
0.036360208 	 2.768074
0.0360174 	 2.8804984
0.03875996 	 2.612413
0.08247647 	 2.1472347
0.04700383 	 4.025296
0.030583864 	 2.7593522
0.033724755 	 3.7197287
0.031781122 	 2.288406
0.039152123 	 3.279206
0.04595883 	 3.449346
0.06769093 	 2.5223901
0.020617878 	 2.9314845
0.031871516 	 2.4431279
0.0076814713 	 1.9761286
0.00511408 	 2.4447515
0.0025532627 	 3.6145158
0.014121532 	 3.9533908
0.04443499 	 3.198493
0.07558378 	 3.2971036
0.047016952 	 2.8529162
0.05980268 	 2.500398
0.21405317 	 1.9809375
0.20829108 	 2.7382972
0.20020305 	 2.4836876
0.2001555 	 1.8081518
0.10429657 	 2.6346302
0.080484726 	 2.9763496
0.10580257 	 2.850807
0.1147505 	 2.5700557
0.11545664 	 3.5070899
0.15404554 	 3.4028523
0.074064225 	 1.7446059
0.20326199 	 2.398299
0.20169885 	 2.0605524
0.17023167 	 2.2693875
0.14514504 	 2.43222
0.020706655 	 2.7468877
0.02587278 	 2.9992888
0.10209194 	 2.2371786
0.090495445 	 2.4231274
0.056492906 	 3.3419898
0.052352257 	 2.6383665
0.023784034 	 3.2869139
0.037560016 	 2.8232923
0.019317038 	 3.406283
0.011540287 	 3.0270205
0.006396922 	 3.368851
0.036366574 	 2.6922085
0.031566225 	 3.034362
0.020406337 	 2.8637116
0.02045817 	 2.9828117
0.03487443 	 1.6773092
0.03641485 	 1.5134915
0.027311176 	 1.6399672
0.028715022 	 2.1274278
0.029298605 	 1.0666357
0.025837181 	 2.6165662
0.031074462 	 1.6469631
0.025835102 	 0.82825214
0.026310097 	 1.2677186
0.025443297 	 2.1538556
0.015137345 	 2.2040424
0.018193174 	 2.1629252
0.014651355 	 2.2627797
0.016017057 	 1.6723992
0.019315459 	 1.4814
0.009206464 	 1.495299
0.023835612 	 1.3713881
0.011546016 	 1.2177142
0.024530822 	 1.4991028
0.025827274 	 1.5305718
0.024705358 	 1.4062573
0.033850033 	 1.4122715
0.026897177 	 1.828242
0.020618243 	 1.9841372
0.026931833 	 1.6665704
0.019291274 	 2.367632
0.018017465 	 2.3456411
0.021920837 	 1.4832193
0.020654324 	 2.413012
0.024521416 	 2.3813457
0.010255472 	 1.9278021
0.015423434 	 1.4523836
0.01991626 	 2.3327582
0.010258663 	 2.308452
0.010255472 	 1.6513224
0.0076814713 	 1.24911
0.0076814713 	 1.2433776
0.01154499 	 2.2862997
0.010256737 	 1.3580178
0.007351533 	 1.4136332
0.014109442 	 1.5394933
0.014736339 	 1.7305489
0.0076814713 	 2.2791057
0.010255472 	 1.9108521
0.014126248 	 1.7281935
0.0128361145 	 1.9491231
0.019317038 	 1.985666
0.014128544 	 1.5613958
0.012208777 	 1.5959703
0.008950834 	 1.2580575
0.0063969814 	 2.366605
0.0045567704 	 2.2501204
0.0074428646 	 1.6809454
0.008857139 	 2.018619
0.008967673 	 1.4858068
0.008903445 	 1.5434408
0.008967433 	 2.271919
0.00511408 	 2.525808
0.013305155 	 1.6617055
0.010255472 	 1.8846728
0.008967613 	 2.3831234
0.0076814713 	 1.2527534
0.007941463 	 1.5613594
0.007631379 	 2.268333
0.0099958405 	 1.4143012
0.007674624 	 1.7028701
0.012953128 	 2.7217934
0.01269847 	 1.1729758
0.013990843 	 1.6413001
0.023222202 	 1.3184143
0.028472569 	 2.6344523
0.028331222 	 1.6359202
0.044866037 	 1.1412072
0.038331475 	 1.8475993
0.030896785 	 1.641006
0.060295925 	 1.2927324
0.03505479 	 1.2259201
0.052211136 	 1.7880702
0.05036886 	 1.2670442
0.03902996 	 2.1795373
0.023331346 	 2.332731
0.03232981 	 1.4126998
0.026742218 	 1.8443515
0.044169012 	 1.64986
0.032284807 	 1.2814081
0.04033704 	 1.4714873
0.043147687 	 1.8463298
0.039015703 	 1.8733587
0.025575675 	 1.3728393
0.0329261 	 2.6783974
0.029380854 	 1.4729705
0.03831921 	 0.93852293
0.022094246 	 1.4625067
0.029763889 	 1.6963207
0.033848617 	 1.1794043
0.01807585 	 1.4308571
0.19821416 	 1.9310173
0.21697764 	 1.6885278
0.20704702 	 1.6813015
0.23085918 	 2.2200854
0.19145738 	 2.1485443
0.11242308 	 2.5556896
0.114727706 	 3.1586916
0.112216204 	 1.6945963
0.098403834 	 2.8154573
0.13224456 	 2.8141255
0.12991486 	 2.163353
0.13085257 	 1.9955057
0.10817459 	 2.1519966
0.07403823 	 2.2455444
0.066243105 	 3.2686777
0.08245808 	 2.32354
0.08933089 	 1.3702197
0.28819156 	 2.2662754
0.29062793 	 2.2696753
0.29649404 	 2.288154
0.21551086 	 2.343761
0.1334472 	 2.8565388
0.11902385 	 2.0887566
0.09781794 	 3.263155
0.11981895 	 1.962746
0.15497407 	 1.2362137
0.28771856 	 2.0714207
0.12553075 	 2.9308183
0.13354358 	 3.8904498
0.13498919 	 3.5730765
0.15418127 	 3.406283
0.14525586 	 1.6524013
0.13347602 	 2.6226387
0.13339257 	 2.8801851
0.11763257 	 2.3223562
0.1291218 	 2.4746091
0.108315796 	 2.621254
0.08652445 	 2.7931921
0.09902613 	 2.1716688
0.052963004 	 3.5286527
0.062396765 	 3.3724027
0.040340576 	 1.7131127
0.03636874 	 3.1090384
0.045664243 	 3.4454453
0.043196168 	 2.6781745
0.061820053 	 2.1449485
0.05320254 	 1.929413
0.050070465 	 2.9049897
0.07130242 	 2.4222214
0.06909633 	 2.0655413
0.10875881 	 1.5823604
0.10027412 	 2.7213256
0.11906004 	 2.6941023
0.09773112 	 2.793193
0.13300408 	 1.8011868
0.110898815 	 2.5105753
0.20969716 	 1.9079577
0.21921794 	 1.7219957
0.22692627 	 1.5043243
0.23817113 	 1.7474558
0.19762583 	 1.6404077
0.1528908 	 1.9112142
0.14543253 	 2.2124822
0.10336597 	 2.9957597
0.10055236 	 1.1891752
0.090888396 	 1.6915935
0.0645616 	 2.976234
0.061252225 	 3.0534914
0.059044834 	 3.1581964
0.041671433 	 2.7131498
0.04696691 	 1.9730551
0.035987243 	 3.1283193
0.044272803 	 1.8515369
0.03771072 	 1.4756975
0.07883536 	 1.3976673
0.06881963 	 2.3738468
0.07247981 	 3.0791712
0.06990606 	 1.2513403
0.09212392 	 1.5767356
0.122686036 	 2.7527952
0.11733547 	 2.132065
0.15531236 	 2.6570506
0.1782777 	 2.3272562
0.20922966 	 1.6930661
0.22175497 	 1.4690759
0.25508633 	 1.9265851
0.27419934 	 2.1104267
0.31282702 	 1.5961888
0.35683393 	 1.691162
0.27728435 	 1.6335989
0.29549104 	 1.7202512
0.24415006 	 1.8087068
0.27833372 	 1.4394825
0.2314456 	 1.3150703
0.25691465 	 1.822528
0.21079594 	 2.1822457
0.263363 	 2.058141
0.1776288 	 2.2722955
0.12313943 	 2.6318874
0.12172458 	 2.7329695
0.1227952 	 2.5372617
0.07754651 	 3.166874
0.07768487 	 1.3314046
0.091459915 	 2.430024
0.09736077 	 1.4739743
0.14601307 	 2.4122934
0.14993821 	 3.0779629
0.15806584 	 2.1158502
0.15443137 	 2.3205292
0.13728815 	 2.922388
0.103163876 	 3.128563
0.082382806 	 3.5288801
0.091811165 	 1.9915727
0.076539956 	 2.772508
0.06441169 	 1.7016854
0.077739246 	 1.8437817
Summary
0.0025532627  -  0.47488758 ,  0.82825214  -  4.718384
accuracy:  100.0
equal predictions:  0
