TensorFlow version: 1.13.1
Found 939 images belonging to 1 classes.
argN = 196
argN = 196
0.15134025 	 3.6682105
0.30628344 	 3.6674962
0.2302319 	 2.6956236
0.09923779 	 3.8380885
0.04725382 	 2.966516
0.1324005 	 1.6730055
0.10925726 	 2.1221817
0.059911206 	 3.2105405
0.20257251 	 3.2070901
0.17776066 	 2.7096808
0.15670726 	 1.4210562
0.10681277 	 2.7130132
0.13899237 	 2.1540532
0.29443258 	 3.469922
0.2093559 	 2.3182533
0.12576878 	 2.914648
0.30602545 	 3.478337
0.30934498 	 2.7995696
0.2479849 	 2.7911673
0.07989665 	 2.7128336
0.041672863 	 1.8681753
0.010255472 	 4.5703278
0.14686286 	 2.9686022
0.020551618 	 3.8329892
0.015585731 	 2.8125749
0.010147023 	 3.1634214
0.15837844 	 1.7954304
0.049752742 	 3.2990828
0.17032227 	 2.2998803
0.28392428 	 2.126412
0.338265 	 2.4009058
0.24754825 	 2.0941257
0.26450205 	 3.2007701
0.3842777 	 2.9537673
0.2477373 	 2.7131453
0.3454095 	 2.6082928
0.2439438 	 2.0320551
0.25406745 	 2.6445036
0.38507044 	 2.0244548
0.20242502 	 3.079608
0.015429366 	 2.3332994
0.04777055 	 2.8850055
0.031729933 	 3.080238
0.06315811 	 2.2292907
0.11343685 	 2.290877
0.19734924 	 2.388028
0.1788874 	 2.8154404
0.06313341 	 4.1792855
0.09582713 	 2.5055807
0.09965507 	 3.3362658
0.10390248 	 2.5612032
0.16581929 	 4.184532
0.2127613 	 3.0867178
0.112573825 	 3.11109
0.031090265 	 2.7928603
0.06880475 	 2.2504184
-9.5367386e-07 	 4.192012
-9.5367386e-07 	 2.6389396
-9.5367386e-07 	 2.7130303
-9.5367386e-07 	 3.5430307
-9.5367386e-07 	 3.8911002
-9.5367386e-07 	 3.6772802
0.020618243 	 2.505523
0.01870518 	 2.7744493
0.18938524 	 2.4951649
0.23146985 	 2.9756413
0.26053005 	 2.290698
0.0942443 	 2.0468905
0.031319205 	 1.6805924
0.15080756 	 3.4282458
0.18651001 	 2.592681
0.116378136 	 2.566488
0.1826327 	 2.5584743
0.22824198 	 2.29757
0.22634855 	 2.2258258
0.21764377 	 1.8382996
0.23639584 	 2.70062
0.21579024 	 3.6451752
0.031093339 	 2.6353207
0.041671745 	 2.791733
-9.5367386e-07 	 1.5102849
-9.5367386e-07 	 2.9529343
0.05236689 	 2.4684112
0.025767395 	 2.7943065
0.031087989 	 4.179021
0.010197603 	 1.7815145
-9.5367386e-07 	 3.19399
0.023886036 	 2.8522818
0.031116027 	 3.0642936
-9.5367386e-07 	 2.9714277
0.011552949 	 3.2423394
0.005098803 	 3.0775242
0.020618243 	 3.198433
0.020007897 	 4.18001
0.03144443 	 2.979101
0.026115458 	 2.4487514
0.015409876 	 2.4231462
0.016250934 	 2.0994725
0.015423434 	 1.5673568
0.015134379 	 1.9843501
0.020618243 	 2.701593
0.01540812 	 1.7325854
0.015423434 	 1.146903
0.00511408 	 1.5506381
0.010255472 	 2.3876424
0.008349068 	 2.3746684
-9.5367386e-07 	 1.3462313
-9.5367386e-07 	 1.5222235
0.010250293 	 1.1459869
0.020618182 	 2.1448722
0.0054821763 	 1.713491
0.025840178 	 1.4436678
0.041471172 	 1.8709426
0.03106561 	 3.6685727
0.027732637 	 1.7890893
0.025840424 	 1.5048211
0.030994534 	 1.9459224
0.03636707 	 2.3304436
0.023955995 	 1.4070444
0.047895472 	 1.6702527
0.04390852 	 0.9320448
0.03940127 	 1.8408562
0.047002334 	 1.878419
0.025579467 	 1.9894359
0.041671123 	 1.5041639
0.02617701 	 1.989106
0.032860253 	 2.1759021
0.020618243 	 2.0591478
0.024791261 	 1.3889706
0.015431425 	 2.8732257
0.0095315995 	 2.9666722
0.005140261 	 2.0661018
0.010255472 	 2.3384116
0.004966771 	 1.4576255
0.015408181 	 1.3658844
0.024487453 	 1.4864391
0.010255592 	 2.0593066
0.015470952 	 1.9756908
0.015537481 	 1.8688784
0.02061812 	 2.51187
0.015422163 	 2.0708182
0.014079216 	 3.3557332
0.02102003 	 1.9174565
0.015423434 	 2.8802617
0.0152750835 	 1.5286527
0.00511408 	 1.686228
0.00511408 	 1.876923
0.01026053 	 2.4703627
-9.5367386e-07 	 2.187806
0.005115218 	 2.9725544
0.010198988 	 2.0167036
0.008245994 	 2.1332142
0.00972105 	 3.48688
-9.5367386e-07 	 2.1635315
-9.5367386e-07 	 3.8917775
0.010255472 	 3.0936856
-9.5367386e-07 	 3.0808663
0.00511408 	 3.332177
0.0 	 2.7933762
0.015275205 	 1.9458932
0.02583975 	 1.4578191
0.057482317 	 2.4984016
0.031089405 	 1.4395642
0.020618243 	 2.5035803
0.020618303 	 1.4103973
0.015423434 	 1.4709657
0.031089528 	 1.7089759
0.04160395 	 2.1888394
0.025823543 	 1.398208
0.015423434 	 2.880202
0.010255472 	 1.8841258
0.030897645 	 2.9486444
0.020618243 	 1.4461784
0.015423434 	 2.6227198
0.00511408 	 2.0579636
0.025865747 	 1.4763808
0.015423434 	 2.880202
0.017977593 	 2.2823164
0.010255472 	 1.3042545
0.020574981 	 1.7143463
0.03648106 	 1.43147
0.04372637 	 1.876629
0.03193699 	 2.119502
0.041671373 	 1.416769
0.025833635 	 2.8805983
0.025807273 	 1.2374992
0.008693465 	 1.016437
0.014380966 	 1.5148784
0.011228483 	 1.1900592
0.010255472 	 1.6421896
0.005114559 	 3.3309696
0.04534742 	 1.3599455
0.019712348 	 1.7928064
0.037257127 	 1.0003095
1.847761e-05 	 3.067881
0.015275447 	 1.9918597
0.010299131 	 1.9233989
0.0102455355 	 1.8696694
0.00533739 	 1.0872371
0.03580696 	 1.3643814
0.18030645 	 1.8065797
0.16574703 	 2.3306859
0.1538321 	 1.69775
0.2352109 	 2.0413008
0.15165178 	 2.3042529
0.13386455 	 2.3871777
0.08515634 	 1.9095963
0.12761062 	 3.0926316
0.057951175 	 2.686126
0.02349664 	 2.3528855
0.018528227 	 3.7960021
0.06316204 	 4.1794376
0.056640185 	 3.1131833
0.04943355 	 3.1986492
0.06865324 	 4.8468423
0.055506743 	 3.7665713
0.04700171 	 2.7089128
0.05179097 	 2.975486
0.020553079 	 2.8400717
0.05536493 	 3.0809104
0.010255472 	 3.8756096
0.015423434 	 4.58487
0.020618243 	 2.4168675
0.05236683 	 4.5852966
0.051358122 	 1.8434491
0.030969143 	 12.879527
0.0969434 	 2.8722641
0.4542939 	 2.1425297
0.28542292 	 2.320349
0.1206584 	 2.505577
0.124821514 	 2.6272173
0.08651347 	 2.6390464
0.06957814 	 3.668631
0.06754654 	 2.3883135
0.079616554 	 3.332177
0.06318014 	 3.6533813
0.07962249 	 2.2108848
0.4422577 	 2.3490782
0.1944782 	 2.2806764
0.09630612 	 3.1896505
0.13599388 	 5.2779193
0.16060014 	 2.9755104
0.12966837 	 4.1762886
0.102056555 	 3.1691103
0.05362267 	 2.669137
0.051743142 	 2.5687318
0.05758977 	 1.9947816
0.052358665 	 1.2308427
0.02584024 	 1.46854
0.0469889 	 2.363746
0.05191251 	 2.505626
0.06284762 	 2.50518
0.047005206 	 2.5699842
0.07955066 	 2.1643114
0.036366574 	 2.46654
0.06277032 	 2.7053611
0.14293654 	 2.6948786
0.17723477 	 1.2443012
0.18931773 	 1.9559369
0.1577405 	 1.9986411
0.20566589 	 1.671939
0.19800547 	 1.7715505
0.17824365 	 2.1416214
0.21964462 	 2.0322766
0.14551933 	 1.9511226
0.09564852 	 3.1969056
0.06992978 	 3.8917105
0.036366574 	 4.14207
0.02920814 	 3.4888027
0.04167106 	 3.8917718
0.015423434 	 4.429636
0.041671745 	 1.7509785
0.041694116 	 1.5890692
0.05775148 	 2.5055623
0.047273252 	 3.3320503
0.073452264 	 1.2531027
0.119186744 	 3.1971388
0.10733083 	 1.2622644
0.13061516 	 3.891734
0.17736386 	 3.66843
0.1754744 	 3.67467
0.18492757 	 2.0052545
0.20269638 	 2.590789
0.24824814 	 2.6513455
0.21942241 	 2.3705482
0.17637762 	 1.4773427
0.20547533 	 1.665264
0.14849836 	 2.1958685
0.21945463 	 1.6219752
0.15167357 	 2.171713
0.15935148 	 1.6738802
0.1466292 	 2.1417325
0.17218708 	 1.7843775
0.1541988 	 3.4863229
0.052366264 	 2.0200148
0.05230911 	 2.7018754
0.107386366 	 3.6687198
0.031089528 	 2.880202
0.058809835 	 2.3215864
0.073972374 	 1.6087117
0.09892202 	 2.8753116
0.12527508 	 2.8008754
0.12587592 	 2.9160297
0.11724043 	 2.1272647
0.12958708 	 2.4122248
0.16020904 	 2.4457104
0.11331147 	 3.1983805
0.08875667 	 2.5036387
0.082182705 	 3.668638
0.10196349 	 4.1794376
0.07669208 	 4.237201
0.107502244 	 1.9406246
0.09092384 	 1.7222135
Summary
-9.5367386e-07  -  0.4542939 ,  0.9320448  -  12.879527
accuracy:  100.0
equal predictions:  0
TensorFlow version: 1.13.1
Found 939 images belonging to 1 classes.
argN = 196
argN = 196
0.17248522 	 2.98753
0.22433157 	 2.6281
0.19397327 	 2.7104683
0.32029226 	 3.3321936
0.48837927 	 2.7927163
0.38601297 	 2.1057088
0.11453512 	 2.8948007
0.11546668 	 2.3994849
0.064082384 	 4.1742177
0.09492385 	 2.9717464
0.09096288 	 2.881537
0.07756796 	 3.8917484
0.077270485 	 1.4846692
0.06851989 	 2.8799632
0.06272373 	 3.441059
0.1430309 	 2.6023276
0.14822423 	 2.7045393
0.13794641 	 2.5715258
0.15135558 	 2.2871668
0.14207448 	 4.584841
0.24594703 	 2.1865213
0.2925111 	 2.8659027
0.15398665 	 3.3318934
0.1901588 	 3.186117
0.13570213 	 3.0057976
0.108776614 	 1.9951507
0.09072776 	 2.5700512
0.00511408 	 3.8825448
0.010225784 	 2.8800735
0.007273478 	 2.3493485
0.009088385 	 3.4863229
0.00511408 	 1.6777117
0.047115605 	 2.793162
0.06214106 	 3.6658826
0.2817121 	 1.6555853
0.29975995 	 2.807395
0.26379016 	 3.1894596
0.23063222 	 2.049509
0.25234812 	 2.0725527
0.18371186 	 2.5873258
0.1584906 	 3.1182246
0.20946173 	 2.54474
0.35141823 	 2.523677
0.34602794 	 2.3074522
0.26817456 	 5.2798247
0.29000658 	 2.06299
0.27320215 	 1.6365793
0.22009152 	 2.388061
0.12933207 	 2.4993873
0.25809306 	 2.2778842
0.02577559 	 2.9747782
0.09055743 	 2.9439652
0.07689334 	 3.8917718
0.067848094 	 2.638751
0.06969349 	 1.9156556
0.059871465 	 2.068064
0.010035215 	 13.425608
0.04038799 	 3.887965
0.05772092 	 3.1985703
0.030776422 	 2.183253
0.08604752 	 2.0202596
0.085114606 	 5.277884
0.07207269 	 2.5724185
0.20014603 	 3.8646238
0.14691015 	 3.3322287
0.015423434 	 3.198474
0.021145737 	 2.4487689
0.0103519475 	 3.562717
0.05703816 	 1.9459366
-9.5367386e-07 	 2.7952757
0.005112163 	 2.9731977
0.0001953435 	 4.4331374
0.10726786 	 2.569875
0.40789902 	 2.587481
0.31251925 	 3.6272008
0.29569003 	 2.1205904
0.06789906 	 2.4868093
0.068342835 	 2.1288757
0.066371575 	 2.4182837
0.114049934 	 2.3482685
0.107266925 	 2.9720004
0.1476382 	 2.2956977
0.40071154 	 2.8710165
0.28699264 	 3.653218
0.16215762 	 3.5875914
0.1713878 	 2.158558
0.15028547 	 2.2361808
0.12500095 	 3.0803561
0.052512493 	 1.3626934
0.050191168 	 2.1881561
0.11259904 	 2.226727
0.045091983 	 3.296833
0.02583345 	 3.702883
0.025840178 	 2.639043
0.005110006 	 2.0243042
0.020620981 	 3.5059159
0.025840178 	 2.6364295
0.015423434 	 2.3240204
0.010255531 	 2.533338
0.0050541116 	 1.842659
0.010295337 	 4.124807
0.025841096 	 2.9130468
0.011622415 	 1.8266368
0.020618182 	 1.7740146
0.005364656 	 2.5803509
0.020618243 	 2.023927
0.015422405 	 1.7809356
0.020412786 	 3.079801
0.006045159 	 0.8890779
-9.5367386e-07 	 1.0444173
0.010170506 	 2.3148286
-9.5367386e-07 	 2.2784479
0.00016660886 	 2.0353727
0.00511408 	 1.4545852
0.00511408 	 2.807401
0.0105739 	 2.411784
0.015423434 	 2.026962
0.015423434 	 1.6035453
0.025388394 	 1.8441212
0.02061374 	 2.1424947
0.010469874 	 1.7807294
0.05254698 	 2.2546325
0.031089528 	 1.6629919
0.028836606 	 1.9684796
0.03108965 	 2.6390414
0.031089528 	 1.9107949
0.06303977 	 2.5700557
0.031089528 	 1.8423133
0.015384634 	 2.9755104
0.015423615 	 1.0438768
0.030991275 	 1.2728195
0.015423373 	 2.624854
0.016757581 	 1.5731732
0.011975059 	 1.5582286
0.015424342 	 1.5378599
0.014350552 	 1.9485415
0.010267575 	 1.6727155
0.010249269 	 2.3834627
0.020618243 	 2.1998875
0.00511408 	 2.0701673
0.00511408 	 1.7949733
0.00511408 	 1.9458628
0.015423434 	 2.0884807
0.010255472 	 1.4956082
0.010255472 	 1.8320142
0.014418397 	 1.7773886
0.010255472 	 3.1986492
0.015422889 	 1.2617936
0.0051122825 	 2.0419185
0.008625286 	 2.3885155
0.015456424 	 1.376016
0.010255411 	 1.5238394
0.00511408 	 1.4252111
0.020227747 	 2.0195642
0.00511408 	 1.9719367
0.0148252025 	 2.8804953
0.02563279 	 1.4703746
0.00511408 	 1.5665877
-9.5367386e-07 	 1.7585056
0.009117558 	 1.9981552
0.005072563 	 1.910813
0.010255531 	 2.33341
0.015466715 	 3.0561166
0.010255472 	 1.7506335
0.031089528 	 2.4964685
0.031089528 	 1.8574592
0.020618243 	 2.505512
0.025840178 	 2.2335827
0.015423434 	 2.8798494
0.015423434 	 2.4506166
0.00511408 	 1.5885508
0.013622743 	 1.0714657
0.021244608 	 3.332177
0.010255291 	 1.7279748
0.015423434 	 2.1537244
0.010255472 	 1.7518771
0.00511408 	 2.1632493
0.010518363 	 1.5884746
0.010259326 	 1.5408031
0.010255411 	 1.4673156
0.00511408 	 1.8757075
0.01025499 	 1.4204232
0.015423434 	 2.5895247
0.0011389779 	 1.781665
0.020618243 	 1.3234482
0.009656351 	 2.7935145
0.010475115 	 0.85660255
0.015550013 	 1.1595237
0.012567483 	 2.3130586
0.02040938 	 1.7855567
0.01090852 	 0.9860352
0.00511408 	 2.6390305
0.008702965 	 1.3066171
0.011369603 	 2.2123113
0.010255472 	 2.789103
0.011219984 	 3.0707476
0.031089528 	 1.606339
0.009890129 	 2.058622
0.025779689 	 1.9450295
0.010312681 	 1.288628
0.026221124 	 1.9792796
0.020996962 	 1.6902817
0.07680342 	 2.06219
0.090947665 	 1.5542736
0.114114 	 1.1935598
0.052367456 	 1.8440787
-9.5367386e-07 	 1.2877451
0.040754654 	 3.4863229
0.015423434 	 1.0574214
0.010114569 	 2.233569
0.015424039 	 2.8111625
0.036366574 	 2.1860151
0.010256315 	 2.8804018
0.010255472 	 1.6671938
0.019902641 	 2.1990068
0.015423434 	 1.7970725
0.025837732 	 2.7131498
0.010255472 	 1.534106
0.00511408 	 13.815511
0.025840178 	 2.2976916
0.015423434 	 1.564811
0.00511408 	 2.7220063
0.015423434 	 4.928276
0.0018541707 	 2.2078035
0.015594812 	 2.8828063
0.020620981 	 2.9755104
0.020618243 	 2.7930987
0.036366638 	 1.6934323
0.010266612 	 3.1987147
0.11142232 	 1.9802787
0.11827003 	 2.5058246
0.036370408 	 2.2799675
0.031092048 	 3.8917718
0.036366574 	 2.3139672
0.119055405 	 2.0198915
0.046953607 	 1.8138086
0.085198134 	 1.9473763
0.07411153 	 2.63337
0.06290145 	 1.4717238
0.052145578 	 1.6401722
0.040002912 	 1.5827366
0.047004957 	 1.6669829
0.025174925 	 2.5693698
0.020618243 	 1.8415525
0.015423434 	 2.6390455
0.010255472 	 2.3877318
0.015423434 	 2.7131562
0.010255472 	 2.504025
0.010255472 	 2.8842173
0.016810376 	 2.6382563
0.015423252 	 3.668638
0.031118304 	 1.9822706
0.019824512 	 3.2516685
0.036366574 	 1.9584796
0.03636645 	 2.695506
0.031089528 	 1.4201436
0.015423434 	 2.5055134
0.031080304 	 2.5308757
0.057626393 	 2.386978
0.10770542 	 2.6400273
0.04962727 	 2.80064
0.11752919 	 1.6876084
0.11359823 	 1.4269855
0.08546552 	 1.4672972
0.036266197 	 3.668638
0.005142897 	 1.5950909
0.00511408 	 2.2335818
0.00511408 	 1.5966859
-9.5367386e-07 	 2.3877137
0.010255472 	 3.507412
0.00511396 	 2.0966177
0.00511408 	 2.4543273
0.015018382 	 3.0685668
0.020617269 	 2.1363015
0.015419076 	 3.3212144
0.010255472 	 2.8796723
0.020618243 	 2.716704
0.046878394 	 1.7264613
0.04163794 	 1.5403068
0.05775773 	 2.9755058
0.063575774 	 2.142612
0.07961978 	 2.7928486
0.14091612 	 3.077034
0.14756401 	 2.2043855
0.15400319 	 2.791118
0.14229313 	 2.4944966
0.1375303 	 2.0082347
0.15768237 	 2.4219737
0.18204539 	 2.215348
0.1419103 	 1.5657127
0.07410267 	 1.9458998
0.095102064 	 2.0998557
0.09557999 	 1.9408803
0.05989925 	 1.7822847
0.10776909 	 2.6906257
0.06874275 	 3.5952475
0.09393829 	 2.8566747
0.05775754 	 2.7933772
0.052366264 	 3.3322303
0.063177794 	 2.0101705
0.03636707 	 2.1819894
0.025840178 	 1.7359298
0.047032382 	 4.1091976
0.025840178 	 2.5055134
0.031089528 	 2.2331035
0.020618243 	 1.4493788
0.0283013 	 1.6947793
0.024649456 	 1.5959929
0.056420192 	 3.6665585
0.07246532 	 1.7380807
0.052430708 	 1.111906
0.04167162 	 2.4448895
0.05205007 	 1.309828
Summary
-9.5367386e-07  -  0.48837927 ,  0.85660255  -  13.815511
accuracy:  100.0
equal predictions:  0
TensorFlow version: 1.13.1
Found 939 images belonging to 1 classes.
argN = 196
argN = 196
0.14411874 	 2.675918
0.10671117 	 2.4101677
0.33597824 	 2.5054886
0.46386197 	 2.937418
0.3725409 	 2.387778
0.1294444 	 3.1691513
0.10909445 	 2.9650583
0.0743445 	 2.8707461
0.102632254 	 2.1602786
0.10479135 	 2.2211096
0.08446219 	 2.1049323
0.116554126 	 2.0592763
0.10112297 	 1.7018024
0.2502267 	 1.4055449
0.15948676 	 2.3758721
0.14593375 	 2.7240384
0.15315169 	 2.3960211
0.17442757 	 2.145437
0.107633464 	 2.9307234
0.25965482 	 2.712757
0.25577274 	 2.0114474
0.23637486 	 2.5523634
0.27278224 	 3.2024019
0.066354886 	 2.1945548
0.036175348 	 2.4846683
0.010042078 	 2.3793075
0.005316357 	 3.0118585
0.005123905 	 3.3782942
0.010245716 	 3.249598
0.00511408 	 3.1977966
0.05413106 	 2.8118813
0.19842689 	 1.9056245
0.22071588 	 2.0659842
0.1155875 	 2.7107496
0.11346102 	 2.6831398
0.10329625 	 2.2868075
0.373728 	 2.6202886
0.23824367 	 2.5091767
0.32904932 	 3.1467195
0.27473673 	 2.9180295
0.20294139 	 3.2691884
0.15214427 	 2.0333238
0.23089056 	 2.3275135
0.23542607 	 2.3687885
0.14708655 	 2.60498
0.050230213 	 2.2357855
0.038348567 	 3.4127307
0.057604168 	 2.7319598
0.046786513 	 2.3804452
0.0745022 	 2.0333643
0.081681065 	 2.2427335
0.0896308 	 1.8163908
0.10580337 	 2.233336
0.12449419 	 1.9932337
0.07239451 	 2.3908188
0.07328953 	 3.6682596
0.13235606 	 2.329378
0.06860869 	 1.7449597
0.120164245 	 2.6436355
0.096266545 	 2.8531663
0.090137616 	 2.9646351
0.047005832 	 3.3320453
-9.5367386e-07 	 2.4364371
-9.5367386e-07 	 2.7690723
-9.5367386e-07 	 2.7131498
-9.5367386e-07 	 2.7932215
0.015423313 	 1.6779549
0.03506751 	 2.3409297
0.30794364 	 2.0675724
0.31128183 	 2.0701845
0.13230354 	 3.3096068
0.14442232 	 3.2453768
0.1458221 	 2.7935603
0.1943371 	 1.2178605
0.25639343 	 2.1326423
0.026349813 	 2.7631824
0.03789741 	 2.5551324
0.06765713 	 1.839953
0.11230423 	 2.043441
0.15633741 	 1.8471262
0.06375161 	 2.658445
0.045981795 	 3.888183
0.025840545 	 1.8120085
0.05236689 	 2.972296
0.05146831 	 2.374988
0.06124063 	 2.493914
0.047013704 	 2.3910885
0.03603649 	 2.7912529
0.02798729 	 4.652067
0.010255472 	 3.4883695
0.0051146788 	 3.0898223
0.036366638 	 2.097066
0.03633357 	 2.2769294
0.010104755 	 3.6066146
0.015423434 	 2.524315
0.006249904 	 2.9626956
0.025849048 	 2.7058473
0.010255472 	 4.552431
0.020115778 	 2.2478232
-9.5367386e-07 	 1.8390177
0.010255472 	 2.1863499
-9.5367386e-07 	 3.0808597
0.008926658 	 2.6403933
0.0069209267 	 3.099416
-9.5367386e-07 	 2.2978594
-9.5367386e-07 	 2.3330543
-9.5367386e-07 	 2.443908
-9.5367386e-07 	 2.2524612
0.00511408 	 2.0097647
0.0051416387 	 3.198658
0.015423434 	 3.66854
0.0102541465 	 1.1280857
0.0051143193 	 1.4917134
0.010255472 	 1.8274329
0.025840178 	 2.246
0.015423494 	 1.4885044
0.025840178 	 1.1281428
0.022239102 	 2.0365105
0.02085539 	 2.3495333
0.030136935 	 1.8648236
0.025843482 	 2.4328966
0.045193937 	 1.6902734
0.020797756 	 2.712979
0.015400312 	 1.4782984
0.04164552 	 2.4448895
0.025839567 	 1.1833991
0.0151037 	 2.9752781
0.030656753 	 2.157517
0.033836655 	 2.0176446
0.010255171 	 2.9755104
0.00511408 	 1.96807
0.010301721 	 2.4720588
-9.5367386e-07 	 1.9224125
0.016882995 	 2.286305
0.014969675 	 2.022206
0.008790633 	 1.5170776
0.00511408 	 2.811452
0.015261708 	 2.4350882
0.032909226 	 1.6907158
0.02352581 	 3.6667776
0.015422647 	 2.5700574
0.009307772 	 7.9165783
-9.5367386e-07 	 2.448288
0.0051135407 	 1.3423483
0.00511402 	 1.6058856
0.005284539 	 1.608908
-9.5367386e-07 	 1.6588154
-9.5367386e-07 	 1.1510533
0.0051037753 	 2.1001894
-9.5367386e-07 	 1.4945859
0.00013954421 	 1.6379119
-9.5367386e-07 	 2.1870563
0.012736682 	 1.878281
0.009390197 	 2.1474853
0.010933889 	 1.3434355
0.010255472 	 1.2818911
0.005351472 	 2.1698208
0.013298812 	 1.2210299
0.00511408 	 2.8636708
0.00511408 	 1.6773292
0.015435601 	 1.3317398
-9.5367386e-07 	 1.5166708
0.0116276005 	 1.5854859
0.00511408 	 1.4285767
0.018369399 	 2.0471258
0.031089528 	 2.5031505
0.020618243 	 2.077903
0.025632422 	 3.6684325
0.015423434 	 2.195358
0.015423373 	 1.6403711
0.010255472 	 1.6709034
0.010255472 	 1.6048477
0.00511408 	 1.2886691
0.00511408 	 4.128349
0.00511408 	 2.060048
0.0059148013 	 1.8643847
0.020618243 	 1.6814657
0.020568289 	 1.7318846
0.0051135407 	 1.5863596
0.010255411 	 2.5062416
0.010055203 	 2.0408058
0.0097747985 	 1.8558991
0.018023413 	 1.71954
0.021424599 	 1.9420426
0.021788515 	 2.5183637
0.01755264 	 2.0152404
0.020618912 	 1.273177
0.020608203 	 1.8771999
0.010255472 	 2.036107
0.01544002 	 1.9812119
0.02015178 	 1.4733876
0.028880471 	 2.8645635
0.018388703 	 2.2191331
0.02065609 	 1.5805007
0.02584024 	 1.7258186
0.015423494 	 1.8028822
0.010654202 	 1.5815389
0.013921394 	 2.5052748
0.035805047 	 2.3878038
0.019809192 	 2.880285
0.015624115 	 1.8532171
0.015396317 	 1.349043
0.007327455 	 1.8319978
0.010556732 	 1.4858392
0.0067192246 	 1.2931606
0.02429323 	 1.2179618
0.010541733 	 2.2521563
0.099896245 	 1.8034174
0.1319611 	 2.156693
0.11113119 	 2.100994
0.11944228 	 1.8128307
0.08039681 	 3.1986492
0.07410684 	 2.4445186
0.05236915 	 2.3336651
0.041650057 	 2.0999982
0.020613557 	 11.574348
0.010255472 	 2.6426048
0.020618243 	 2.2343376
0.025840178 	 2.7197695
0.0051143193 	 1.2179941
0.025838772 	 1.7531673
0.04167162 	 2.9754415
0.031089528 	 2.7880778
0.031090941 	 2.227111
0.020618243 	 3.0808687
0.005327323 	 1.1134145
0.00954911 	 3.6687596
-9.5367386e-07 	 1.9822693
0.010255472 	 2.5492952
0.010255472 	 2.2956462
0.00511408 	 2.5055134
0.015423434 	 2.7919905
0.0051338505 	 2.355372
0.015423434 	 2.2069433
0.00511408 	 0.6954544
0.0154119935 	 5.2779193
0.020618243 	 1.6987877
0.010255472 	 1.1347855
0.03636633 	 2.5054076
0.015420771 	 2.0591917
0.041462786 	 2.58947
0.10320551 	 2.1826644
0.023266006 	 1.722383
0.041173995 	 3.8916256
0.02934071 	 3.491917
0.036366392 	 2.3331034
0.015424402 	 3.8917718
0.025481634 	 2.0632353
0.07962017 	 2.489997
0.03633456 	 3.4863229
0.09631669 	 1.7562643
0.1133303 	 4.1794376
0.063177794 	 3.8916345
0.0416994 	 2.8798633
0.036561117 	 1.3620402
0.031089528 	 2.570485
0.021592867 	 2.4057875
0.010265829 	 2.639043
-9.5367386e-07 	 0.9608138
0.010255472 	 2.504699
0.010323341 	 3.2044868
0.015423434 	 2.0579562
0.010253243 	 1.5641024
0.020618243 	 3.0855854
0.025223643 	 1.7644775
0.010255472 	 2.880202
0.010255472 	 2.5055149
0.015423313 	 2.880202
0.026700772 	 1.5891175
0.020618243 	 2.5700512
0.101327494 	 2.2333765
0.09062328 	 1.8637984
0.084754996 	 2.235379
0.09493132 	 1.7202928
0.079177946 	 2.2563174
0.074103825 	 1.3693569
0.05236601 	 1.4278734
0.048415285 	 3.0888484
0.025317967 	 2.0799692
0.010255472 	 2.622306
0.010255472 	 2.7197695
0.008630396 	 2.5988843
0.00511408 	 2.7110295
0.010255472 	 2.3863232
0.04167193 	 2.0891984
0.020111399 	 1.448819
0.041659255 	 2.0060558
0.058049962 	 2.9754415
0.10745997 	 2.2903996
0.13645014 	 1.8123728
0.19404332 	 2.7112367
0.19841889 	 1.8991823
0.19984259 	 2.1971116
0.1542479 	 1.5935594
0.16612749 	 2.328721
0.13610792 	 2.3677132
0.13942307 	 1.6044514
0.09067497 	 1.4839001
0.10839132 	 2.343425
0.05775773 	 2.7131453
0.05759318 	 1.3366704
0.0352534 	 1.9856638
0.020618243 	 2.5283124
0.020375738 	 2.1000512
0.012108925 	 1.5594815
0.025840178 	 2.11824
0.041659314 	 1.5352296
0.07961662 	 2.3855405
0.07789155 	 3.4905314
0.09072809 	 2.0192475
0.09286847 	 2.8839262
0.052415006 	 1.9822685
0.054909054 	 1.9492273
Summary
-9.5367386e-07  -  0.46386197 ,  0.6954544  -  11.574348
accuracy:  100.0
equal predictions:  0
TensorFlow version: 1.13.1
Found 939 images belonging to 1 classes.
argN = 196
argN = 196
0.17585757 	 2.4283278
0.16373424 	 2.335647
0.5389528 	 3.0809972
0.33539858 	 2.5786905
0.28749335 	 2.9813523
0.08473125 	 2.566662
0.08617693 	 2.4023116
0.09156155 	 2.9537842
0.11841509 	 1.3147955
0.20269842 	 2.0034657
0.10184139 	 2.4023232
0.13593638 	 2.1384106
0.17876515 	 1.8752626
0.10764501 	 2.7131174
0.18109445 	 3.35168
0.1742897 	 3.8917747
0.17823333 	 3.0156963
0.21756256 	 3.6248207
0.06860964 	 3.444857
0.12456656 	 2.702031
0.07961636 	 2.1615222
0.079616554 	 2.8897998
0.010229096 	 3.080656
0.003935202 	 4.1236057
0.19000302 	 2.7963045
0.17923652 	 5.269915
0.061843764 	 2.613817
0.061218638 	 2.8533049
0.1458983 	 3.2818782
0.32013085 	 2.2338417
0.27491286 	 3.3156931
0.22655037 	 1.2183621
0.3540174 	 2.728362
0.24458857 	 2.4197683
0.14012513 	 2.3606048
0.19112062 	 2.7681804
0.10422321 	 2.5529594
0.15138255 	 3.0808442
0.025372194 	 3.32869
0.043241538 	 2.119497
0.08660023 	 1.9306974
0.13199545 	 2.300837
0.0965457 	 3.0807986
0.10745439 	 3.1152942
0.04707312 	 2.491322
0.1141432 	 2.639392
0.068627454 	 2.4854007
0.06830978 	 2.8962142
0.061339997 	 2.754105
0.06862739 	 2.4447796
0.025840178 	 2.895126
0.031082578 	 2.9755104
0.010253484 	 1.7160739
-9.5367386e-07 	 2.5540466
0.005092692 	 3.6690493
0.090751976 	 3.2094388
0.06280694 	 3.322458
0.051689412 	 2.0781431
0.16993217 	 1.8126119
0.05171885 	 2.6529775
0.17451763 	 2.6197991
0.30175248 	 3.5395894
0.41724598 	 2.4792988
0.17699647 	 2.1689403
0.07212984 	 1.6891754
0.24157204 	 2.7448468
0.25997102 	 2.8622012
0.14979182 	 3.3223987
0.1420703 	 3.4651492
0.12761056 	 2.656793
0.042501982 	 3.0665252
0.07362124 	 2.217794
0.06465679 	 3.016464
0.08413017 	 3.3608603
0.07028199 	 2.6595907
0.0416925 	 2.718222
0.05774346 	 2.6199718
0.015456787 	 2.712575
0.014330598 	 3.0808597
0.009985125 	 3.6574671
0.02058928 	 3.6686428
0.010067605 	 2.6560986
0.010255472 	 4.547912
0.00511408 	 3.9858391
0.025840178 	 3.3103738
0.030491745 	 2.4237704
0.020541213 	 2.7195325
0.00511408 	 3.6618643
0.015423494 	 2.5055134
0.040880878 	 1.875478
0.030113962 	 1.6436057
0.0072890287 	 2.714191
0.025799382 	 3.0791569
0.016440874 	 2.442026
0.016696304 	 1.8630384
0.010372906 	 1.3977456
0.0102556525 	 1.9029263
-9.5367386e-07 	 2.29046
0.003957941 	 1.7815666
0.010225122 	 1.4069648
0.015403156 	 1.5644004
0.010255472 	 1.9183998
0.019553574 	 1.6293555
0.02209967 	 2.7931921
0.036368616 	 1.5132835
0.045391764 	 1.547758
0.020618182 	 2.042812
0.03633363 	 1.5399892
0.031045811 	 1.7893237
0.06324738 	 1.6886082
0.031089528 	 2.7104423
0.03648291 	 3.1622674
0.046152 	 2.33587
0.034824748 	 1.7268848
0.028754955 	 2.44829
0.029788328 	 1.8180126
0.010487824 	 1.9243789
0.0051155174 	 1.5530252
0.015423434 	 1.9140692
0.015459148 	 1.8814257
0.010231384 	 2.5739818
0.025840178 	 2.880202
0.019660493 	 1.5170873
0.010255472 	 2.233545
0.015423434 	 1.8156979
0.036169972 	 1.398203
0.020286502 	 1.589408
0.0102524 	 2.0129895
0.0001580244 	 2.5771809
0.010255472 	 2.142618
0.015124576 	 1.2524208
0.025839323 	 2.712697
0.020639053 	 2.275666
0.016240878 	 1.9953583
0.025814245 	 1.4492613
0.034206413 	 1.4023769
0.020605221 	 2.2820454
0.020133536 	 2.1001475
0.015429851 	 1.8958292
0.0154404435 	 2.5054624
0.010265769 	 2.3618662
0.015405699 	 2.1230361
0.013808136 	 1.7100339
0.010255472 	 2.2523932
0.015391414 	 2.2397065
0.015419621 	 2.394502
0.015423313 	 1.8761292
0.036366206 	 2.8817985
0.025026161 	 3.198633
0.015423494 	 1.9785233
0.0310578 	 2.78965
0.041567724 	 1.7428062
0.03146768 	 1.2459613
0.015427792 	 3.0808687
0.015423434 	 2.101223
0.010255472 	 2.7211175
0.00511408 	 2.976331
0.010255472 	 1.9902848
0.025802257 	 1.8846755
0.015423434 	 1.6952105
5.6864446e-05 	 2.3398495
0.007928787 	 2.0050964
0.015213171 	 1.3099957
0.026455136 	 1.4557024
0.04165969 	 1.7238475
0.021871854 	 2.2937667
0.032682814 	 3.5267918
0.061659586 	 1.7491456
0.019872423 	 1.5642642
0.01612039 	 3.1257188
0.020416617 	 3.0685513
0.01964019 	 2.3378823
0.031385385 	 2.3264709
0.015500191 	 1.8726201
0.010255472 	 2.1507678
0.02586073 	 2.282476
0.010233613 	 1.5840732
0.010844528 	 1.8121144
0.026093984 	 1.4374068
0.024953742 	 2.0573287
0.010346406 	 2.0592248
0.045732312 	 2.2672074
0.04088473 	 2.1006646
0.04003728 	 1.9095191
0.030351343 	 1.9371253
0.0314472 	 2.2027547
0.027810957 	 1.5259736
0.09955031 	 4.457063
0.07192607 	 1.6679895
0.036140244 	 2.274512
0.020618243 	 13.815511
0.029845992 	 3.8917718
0.025840178 	 1.8044384
0.01792219 	 3.8917718
0.03790187 	 2.0990586
0.039650977 	 2.4950628
0.056769565 	 2.8810234
0.024978064 	 1.9087658
0.025439445 	 2.1751022
0.025641719 	 2.500467
0.024632229 	 4.58487
0.015406001 	 1.3684388
0.030527325 	 1.7874806
0.02584024 	 2.3333504
0.020618243 	 3.6679327
0.031089528 	 0.9730548
0.031089528 	 2.5743196
0.029957457 	 2.881387
0.024248527 	 1.3452276
0.02584232 	 2.28247
0.063135825 	 2.8275554
0.07889895 	 1.6615475
0.48481625 	 2.0899866
0.40260547 	 2.2453842
0.111564524 	 1.3665245
0.062634006 	 4.58487
0.07965851 	 2.3745058
0.036381904 	 3.668638
0.04745899 	 1.3284441
0.047324747 	 3.8423767
0.041671682 	 4.581616
0.031089528 	 2.975202
0.06311309 	 1.7423683
0.0907247 	 2.8948252
0.0956966 	 0.82443625
0.090030715 	 3.0808687
0.030149342 	 2.5719633
0.03108965 	 3.4578576
0.10199636 	 4.442754
0.11597498 	 2.1656077
0.09143575 	 3.0778606
0.11818021 	 1.1833322
0.094387874 	 2.537957
0.09640024 	 1.8769058
0.08443676 	 2.2335827
0.107579365 	 2.5700145
0.052627396 	 2.186216
0.06845842 	 2.059836
0.06302212 	 3.5067778
0.06323424 	 1.2521192
0.06862835 	 2.253938
0.0686286 	 2.6390455
0.057757795 	 2.2117302
0.084822275 	 2.3333473
0.071007 	 1.121315
0.06820442 	 2.7143888
0.036366574 	 5.2779193
0.036366574 	 3.1986492
0.02061666 	 2.639043
0.025840178 	 1.6819168
0.020613862 	 3.8917718
0.015409331 	 4.1786046
0.013730723 	 2.793193
0.03108965 	 3.332177
0.02584024 	 3.332177
0.026120353 	 2.1870632
0.03108965 	 2.791902
0.073803656 	 1.5887835
0.047029946 	 3.6656542
0.13408332 	 2.2332096
0.13912505 	 2.0179822
0.14210527 	 1.325245
0.15918066 	 1.9896604
0.15341827 	 1.6395581
0.15638599 	 1.3496921
0.1615902 	 2.5162973
0.13234927 	 2.4692376
0.09072744 	 1.9108121
0.12567091 	 2.2824018
0.08511 	 3.3303564
0.10198078 	 0.6727042
0.10485509 	 2.6675704
0.07410691 	 1.9109342
0.031089528 	 4.5595922
0.031040216 	 2.2335844
0.036369666 	 1.9447294
0.020618243 	 1.4930867
0.020618243 	 2.7927775
0.020618243 	 2.3283393
0.081408486 	 2.7385516
0.12468026 	 3.4863229
0.16048194 	 1.8813217
0.20393066 	 1.87051
0.23645957 	 2.516715
0.17321165 	 1.9157681
0.17212024 	 2.2472785
0.17802128 	 1.6669053
0.14058122 	 2.0623827
0.13652351 	 0.97757477
0.1561117 	 1.4680431
0.17827855 	 1.5342392
0.14842638 	 1.8876976
0.13018844 	 1.5891417
0.10067469 	 0.84118676
0.10284185 	 2.975507
0.12205672 	 2.9755082
0.14132912 	 2.0061884
0.08570933 	 2.888212
0.07568632 	 0.9768926
0.046794508 	 1.7808274
0.057937533 	 3.3983846
0.041403394 	 2.975333
0.051878985 	 3.1081896
0.07785541 	 3.0861385
0.12029579 	 3.3314948
0.14526221 	 1.8920311
0.11897739 	 2.7931893
0.10655308 	 1.5934708
0.07907956 	 1.2578568
0.097909704 	 3.4829466
0.055108245 	 2.1310956
0.06252892 	 1.9064901
0.057757605 	 3.0808687
Summary
-9.5367386e-07  -  0.5389528 ,  0.6727042  -  13.815511
accuracy:  100.0
equal predictions:  0
