TensorFlow version: 1.13.1
Found 939 images belonging to 1 classes.
argN = 49
argN = 49
0.3433764 	 2.4575987
0.6753492 	 3.7920768
0.26038164 	 2.0225809
0.42299598 	 2.339633
0.7728323 	 2.3039832
0.449408 	 1.4551721
0.13147174 	 2.3222244
0.102081776 	 2.5936563
0.1537354 	 1.8322041
0.25429463 	 3.9545002
0.2355521 	 3.264706
0.21407104 	 2.4923325
0.2250804 	 2.5632966
0.27201796 	 2.616443
0.06780918 	 1.4010679
0.08052814 	 1.212063
0.15784135 	 1.8783265
0.18095887 	 1.8909223
0.30093908 	 3.2337346
0.582464 	 2.5980904
0.49515802 	 3.0686233
0.41420406 	 1.641209
0.5262054 	 3.360371
0.43562216 	 1.6308202
0.55115366 	 1.1308463
0.32575715 	 0.72023803
0.037778433 	 2.595485
0.29976287 	 1.3699476
0.23649566 	 1.7389417
0.11083655 	 1.3628385
0.0023943814 	 3.0118377
0.002231523 	 1.9243376
0.001126208 	 2.5808861
0.021094965 	 1.6039673
0.18370405 	 2.2432833
0.17568171 	 1.0894147
0.2567865 	 0.49593237
0.19125226 	 4.9248815
0.5441901 	 1.5718055
0.7189994 	 2.1084843
0.48146325 	 1.2673212
0.15561874 	 1.724992
0.36341405 	 3.8106542
0.11557064 	 2.6578496
0.15887165 	 2.2772965
0.42600226 	 2.1511106
0.52551574 	 1.2162849
0.5358075 	 2.1777635
0.5664824 	 1.1546994
0.104171075 	 2.183786
0.071204305 	 2.4288945
0.042788915 	 2.168831
0.044221528 	 1.7914577
0.038224086 	 3.7643936
0.08933069 	 1.9741325
0.040581144 	 2.2135706
0.0005812546 	 1.9678589
0.013434123 	 1.9895902
0.15265968 	 2.7002277
0.17547618 	 0.84626275
0.21718372 	 1.232442
0.04828435 	 4.2546167
0.31973115 	 2.0809357
0.29606992 	 1.9894372
0.15555266 	 1.3419825
0.17623231 	 1.7038034
0.2563014 	 2.381792
0.27609658 	 1.2489954
0.107262544 	 1.179268
0.10799462 	 1.3612224
0.050540563 	 1.6478673
0.026488492 	 1.3991649
0.0008323676 	 1.2423943
0.001510628 	 2.2569692
0.014965501 	 1.9292562
0.15416993 	 2.1332033
0.4302849 	 1.4905571
0.4146886 	 0.9327202
0.10764847 	 4.4747195
0.14753403 	 1.1275717
0.12856929 	 3.2806427
0.101836175 	 1.8903427
0.21527117 	 2.033572
0.13563496 	 3.5053263
0.13951154 	 5.0666637
0.27466816 	 2.8757684
0.12332896 	 2.254199
0.09511157 	 1.8579952
0.07461452 	 1.6688899
0.20311072 	 2.2396996
0.2493724 	 1.9241437
0.12898651 	 1.0815139
0.06716362 	 2.2726772
0.10076942 	 1.9139888
0.006059011 	 3.1616564
0.11777364 	 2.3244853
0.30416086 	 1.8037616
0.09407435 	 2.103688
0.02887403 	 6.2758937
0.0009941631 	 1.4321647
0.0084858155 	 1.5846765
0.025594082 	 2.032439
0.012202985 	 2.4457922
0.00067769596 	 2.7562606
0.00030247972 	 2.9167807
0.020438762 	 1.3129658
0.0044064308 	 4.262422
0.027468184 	 1.0095958
0.00011599737 	 2.8528976
0.00077683094 	 2.0858445
0.00061811233 	 0.82910305
0.0018744741 	 2.1847665
0.0812612 	 2.0959876
0.08609716 	 2.0675907
0.03404273 	 3.1227217
0.021769326 	 0.877065
0.0014822137 	 1.5655384
0.023388883 	 7.2243123
0.0027751054 	 0.8304666
0.0011416035 	 1.297
0.0042255265 	 2.6191323
0.00034230846 	 1.7340559
0.0011189878 	 1.2559173
0.00024667443 	 2.0643437
0.00020744569 	 1.2536298
0.0002949673 	 2.4735153
0.00023987786 	 2.4227576
0.0006880743 	 2.1005263
2.3544111e-05 	 1.5976877
0.00032310936 	 4.6182876
0.010679504 	 2.0923922
0.0132892085 	 3.9374568
0.010523723 	 0.7289327
0.00041058147 	 0.79681665
5.36442e-07 	 1.797409
1.877564e-05 	 2.4324229
0.008683485 	 2.6305327
0.00024733026 	 1.7816576
0.025252433 	 1.4567968
0.0058442927 	 2.3917136
0.00018807033 	 5.1190257
0.0013632525 	 2.3338048
0.0014099281 	 1.7692513
0.00037218104 	 2.6005926
0.010869593 	 2.7339828
0.013670478 	 0.7091391
0.00389152 	 2.7120686
0.0007025086 	 0.5807952
0.001847602 	 1.5469222
0.0067660306 	 1.9881128
0.021634711 	 2.545549
0.0020866692 	 2.6609478
0.0014463388 	 1.8082286
0.0045517404 	 1.5411348
0.01809181 	 1.5624607
0.00091719953 	 1.9957337
0.0006947546 	 1.6177751
0.00071372226 	 1.9065588
0.0004058708 	 1.1625715
0.000114745526 	 3.4207525
0.0007760555 	 0.92009664
3.3140732e-05 	 2.3223467
0.026919037 	 2.6043978
0.0001028233 	 1.3267362
0.0001237469 	 1.1289833
0.0064590103 	 2.9995148
0.011741276 	 1.1264865
0.01763581 	 2.653271
0.020750532 	 3.259419
0.044922955 	 1.8518611
0.0406922 	 1.7716042
0.0017926658 	 1.9797102
0.023643898 	 1.9013284
0.020679455 	 3.0309098
0.0038747657 	 1.7804766
0.022654591 	 1.7028433
0.03842927 	 2.5383153
0.003724409 	 3.695363
0.0024565805 	 0.5461402
0.0016183829 	 3.111854
0.0021321839 	 0.9032443
0.001352927 	 1.5096816
0.0014046754 	 1.4169303
0.0024106328 	 2.924664
0.0065663396 	 2.521382
0.0013117449 	 1.7733209
0.0023368462 	 1.4249676
8.637086e-05 	 0.75390536
0.0018314194 	 1.5323544
0.021535618 	 3.0914307
0.0070347884 	 0.9372424
0.0019390297 	 1.844678
0.0022068515 	 2.2084906
0.0019198 	 1.8731352
0.002945286 	 1.1741529
0.00062968285 	 3.2697685
0.1049528 	 1.9124292
0.103183374 	 1.1170706
0.195144 	 1.2387388
0.074086815 	 1.0441903
0.021116637 	 1.8566988
0.0030641963 	 1.4729108
0.0004477311 	 5.1535325
0.001548535 	 2.07691
0.00040354524 	 2.1675873
0.0020782475 	 1.8402197
0.026765727 	 0.81354576
0.00600876 	 0.7370014
0.002054416 	 1.972345
5.251307e-05 	 2.4554796
6.5209606e-05 	 2.7496035
7.0929777e-06 	 1.5388347
7.295875e-05 	 3.9495683
-3.576278e-07 	 2.0255842
-4.7683704e-07 	 1.146876
4.827988e-06 	 1.1826456
-4.7683704e-07 	 3.184774
-3.576278e-07 	 1.0896362
1.1324889e-06 	 4.4350214
0.0017253731 	 0.8779792
0.00026706446 	 2.4597285
0.018903239 	 1.7107373
0.020611854 	 1.0313009
0.00937335 	 1.336525
6.944182e-05 	 2.683226
6.6103734e-05 	 2.19643
0.0 	 1.1196085
0.048865892 	 1.9270116
0.22796306 	 1.5086614
0.09142021 	 2.0230558
0.0007120521 	 2.8891995
0.020618182 	 2.0483088
0.0045460523 	 3.7905765
1.4305125e-06 	 3.3365257
0.009884049 	 1.6190362
0.00011712999 	 1.7535262
0.08420052 	 1.0237503
0.0011272224 	 2.456193
0.00029574236 	 1.7689636
0.026750483 	 1.8035568
0.03519092 	 2.3993773
0.026186554 	 4.637907
5.3228363e-05 	 5.5531626
0.011137527 	 0.7814241
0.00047856098 	 4.5606523
0.00016780115 	 3.6504703
0.00080659724 	 1.5256289
0.00053688395 	 2.575038
0.00063809246 	 1.6301239
0.0025102387 	 3.030548
0.0012218069 	 1.0563866
0.0027789904 	 2.0514936
0.0007290517 	 1.9010547
0.03391835 	 1.2759099
0.01984792 	 1.9360014
0.009973747 	 2.2276728
0.037812542 	 1.4232377
0.049772035 	 2.1865425
0.11619408 	 2.4453914
0.13164878 	 2.240877
0.114819095 	 0.99882036
0.13527049 	 4.0669827
0.06395523 	 1.6746087
0.080863036 	 2.6990645
0.10115937 	 1.3150674
0.020743899 	 1.8132687
0.006467589 	 1.8407406
0.0013371701 	 2.6561148
0.012867691 	 2.2269907
0.007247421 	 1.9293542
0.0 	 3.5132773
0.00676069 	 2.6527507
0.010219039 	 2.1866002
0.004952515 	 2.9182248
0.0047123423 	 3.0016818
0.07961068 	 2.2699337
0.15834478 	 0.9645754
0.189281 	 1.657595
0.283211 	 3.2280145
0.37854093 	 1.2819228
0.22601943 	 0.63579136
0.49905574 	 0.7930499
0.20286743 	 0.58438116
0.42392403 	 1.2119083
0.23663059 	 0.80061173
0.22237344 	 1.7056514
0.27017677 	 0.93203664
0.18710563 	 1.3610688
0.2172558 	 0.9872301
0.21559256 	 1.0513841
0.3304793 	 0.54336286
0.3733877 	 1.0995237
0.24641684 	 1.0670478
0.36587533 	 0.93898237
0.34101725 	 1.3819085
0.2735294 	 2.193559
0.14329308 	 1.6340377
0.10361201 	 1.1598029
0.09540234 	 2.3288043
0.10324992 	 1.6719587
0.033814028 	 1.5554435
0.01545146 	 3.0989428
0.00020971113 	 3.6113932
0.08939274 	 1.4835778
0.062037304 	 1.4132425
0.038839705 	 1.3345323
0.073079765 	 1.6776236
0.023168704 	 2.9975305
0.015729284 	 2.2844582
0.008544547 	 1.1904186
0.06503831 	 1.0225726
0.000232664 	 1.5114833
0.022162132 	 0.96219
Summary
-4.7683704e-07  -  0.7728323 ,  0.49593237  -  7.2243123
accuracy:  100.0
equal predictions:  0
TensorFlow version: 1.13.1
Found 939 images belonging to 1 classes.
argN = 49
argN = 49
0.741806 	 4.0152965
0.3564175 	 2.4365149
0.2776699 	 1.9867463
0.3110197 	 1.6435729
0.5517566 	 1.4866291
0.30697107 	 1.541237
0.09280222 	 1.2100195
0.19178434 	 3.0551295
0.21938449 	 2.4728832
0.21069542 	 3.4528987
0.12663719 	 3.024069
0.35220185 	 2.2633517
0.27121907 	 1.8405701
0.23651929 	 0.972196
0.11147163 	 2.5314353
0.2547686 	 1.361942
0.40623552 	 1.0107559
0.55092573 	 2.1573746
0.36127603 	 2.1951315
0.6551203 	 1.4232354
0.3466719 	 1.032716
0.36868984 	 1.306058
0.42299023 	 1.2929325
0.16055381 	 1.4639965
0.5495822 	 2.2112966
0.38388154 	 3.1250715
0.10622459 	 3.2909927
0.17993411 	 2.7605228
0.014213 	 1.486241
0.38859582 	 1.7089713
0.16466205 	 5.3996024
0.16960485 	 0.48838627
0.19089639 	 5.4133635
0.64353645 	 0.78517246
0.5905218 	 3.0672355
0.30273175 	 1.6024612
0.2486922 	 1.7220985
0.44068465 	 5.6201253
0.2505633 	 2.0953348
0.5650554 	 0.82315564
0.5845014 	 2.7819626
0.09042569 	 2.384027
0.17126882 	 1.2025101
0.19619462 	 1.7460575
0.21164128 	 2.178155
0.04664355 	 2.997245
0.023537954 	 2.9327788
0.06860159 	 3.219451
0.066178344 	 2.6996653
0.0007574446 	 2.0935042
0.28465152 	 1.8648286
0.20178768 	 1.253799
0.29730335 	 2.089846
0.179788 	 1.2071681
0.09341377 	 2.3760421
0.29161185 	 1.3639045
0.25563982 	 1.1714863
0.041766204 	 2.1079402
0.028894275 	 1.445021
0.014568738 	 1.5950485
0.0017546302 	 2.9034026
0.0015816673 	 3.0195334
0.00072243076 	 3.0046844
0.053989246 	 1.9039456
0.09987793 	 1.9677497
0.071505226 	 1.6738436
0.06154041 	 1.8278229
0.22866833 	 2.7301118
0.11302366 	 3.6795642
0.3539804 	 3.710694
0.20258412 	 2.1625588
0.25311264 	 4.6267905
0.2180869 	 1.9246929
0.13043845 	 2.5727596
0.22461388 	 2.0630505
0.022135867 	 2.6043663
0.08737568 	 2.0870094
0.12659532 	 2.0919642
0.19428246 	 1.7723819
0.06307735 	 1.9928964
0.3033299 	 1.0755106
0.32875282 	 1.435586
0.0409539 	 1.2347585
0.16985008 	 1.551264
0.0811875 	 2.8904712
0.067995265 	 2.5287168
0.05423117 	 1.9067124
0.00058906735 	 1.6720771
0.03071969 	 2.1912265
0.00021728253 	 3.5839374
0.004879918 	 3.4661198
0.00022622521 	 4.994708
0.003217563 	 2.0917258
0.019220728 	 4.078402
0.091351435 	 2.5183668
0.08886565 	 3.4241168
0.037998077 	 1.6541255
0.02296144 	 2.102958
0.062745884 	 0.8922097
0.0051227068 	 2.1118925
0.0054776813 	 2.4594364
0.0016875193 	 3.0520751
0.0011880896 	 1.5745045
0.001259285 	 1.8639117
0.00027875017 	 2.4182637
0.00081232394 	 1.331192
0.0017545705 	 0.5270436
0.010434519 	 1.829814
0.0011681583 	 3.2459233
0.0008512185 	 0.9497215
0.013930038 	 0.4629929
0.01973338 	 2.0805166
0.012469948 	 2.1600356
0.03032056 	 1.8980958
0.0042922692 	 1.8136433
0.011761902 	 2.0574317
0.008399197 	 1.9854628
0.008985776 	 1.5608432
0.0488003 	 1.6407772
0.013863796 	 2.7322593
0.008650477 	 1.8092523
0.030914735 	 1.9104049
0.03379146 	 3.1782053
0.0060532545 	 2.769947
0.00085706473 	 3.3600073
0.010548601 	 2.257283
0.004370451 	 2.6106496
0.027975399 	 1.1693448
0.049891885 	 1.7826979
0.01672285 	 1.6513982
0.0008975718 	 2.9350536
0.015133593 	 2.0233731
0.016870812 	 1.3066638
0.00857701 	 1.7492944
0.0074342173 	 2.0951722
0.011825591 	 3.063307
0.001085095 	 1.5707363
0.009390859 	 1.7762665
0.00067435583 	 2.1926546
0.00091731886 	 2.475301
0.0042747897 	 3.1580899
9.77564e-05 	 1.1809564
0.03050121 	 1.5797621
8.732462e-05 	 3.4014564
0.0015953385 	 2.4521375
0.00013209261 	 2.6884518
0.004138857 	 3.527942
0.03429721 	 2.4312663
0.00034570709 	 2.414724
0.0002505497 	 1.655998
0.0048129563 	 2.995563
0.020631628 	 3.4085662
0.021221412 	 1.330738
0.021991758 	 2.331278
0.024319308 	 1.23427
0.021974636 	 2.306753
0.0446255 	 2.721565
0.035277728 	 1.4622355
0.006506224 	 1.7259623
0.021328999 	 2.6802428
0.038118754 	 0.90074646
0.0009435096 	 2.1911626
0.00070149463 	 1.1716079
0.02163733 	 2.0659707
0.017833171 	 2.937581
0.002759625 	 2.4139817
0.010197663 	 1.5621293
0.0065131234 	 1.5381695
0.0015474007 	 1.7532523
0.0043240557 	 2.3949163
0.012465845 	 1.1568118
0.0018738172 	 3.2369719
0.0013520913 	 1.1795068
0.023378449 	 1.4727054
0.0014035414 	 1.3362226
0.0041179094 	 1.5038185
0.00058107567 	 2.1092956
0.0034077947 	 2.3954492
0.041985977 	 1.5351493
0.008184697 	 1.4510351
0.0020133245 	 1.9822265
0.0036095479 	 1.8432522
0.00041869105 	 2.8132708
0.021265065 	 2.2257242
0.007101659 	 1.5850557
0.00016458197 	 2.3342686
0.0016342635 	 1.9121206
0.0013673112 	 1.4844183
0.0027451012 	 2.836445
0.003112207 	 3.2073374
0.0030830295 	 2.2510912
0.0068058176 	 2.6002152
0.007715048 	 2.6979141
0.0015438786 	 2.885347
0.0020201928 	 2.4662833
0.0024587316 	 1.3661582
0.0039594974 	 2.2420785
0.0036490897 	 1.8065664
0.0034257371 	 1.111891
0.0019083936 	 1.1569817
0.0024460047 	 1.2753915
0.014312035 	 1.3070161
0.0027080453 	 3.4586945
0.002973144 	 2.3727784
0.0021366638 	 1.1581028
0.08876214 	 1.5393689
0.08787387 	 3.3867006
0.2052125 	 3.0714571
0.11784841 	 1.4822667
0.07365319 	 3.2865646
0.047582377 	 1.9363626
0.04905831 	 4.889903
0.07429603 	 2.4647973
0.00040402228 	 1.9753096
0.00011987212 	 4.975129
8.249623e-05 	 2.1585615
0.009238768 	 3.190276
0.0012639997 	 3.9238815
0.0027887928 	 1.7726979
0.020318437 	 1.6051655
0.004012099 	 3.1363876
0.00052775955 	 2.4230595
9.298368e-06 	 2.9323914
5.960482e-06 	 1.4801666
0.00010419435 	 3.0921707
0.00035333916 	 3.7744641
0.0016334277 	 0.84413296
0.0019872847 	 4.850043
0.00041266848 	 2.4932826
0.10351318 	 1.2578119
0.018947156 	 1.8196893
0.019948123 	 2.744029
0.018827558 	 3.4954317
0.021174716 	 4.627223
0.00016601272 	 2.753273
0.008961358 	 3.7177145
0.10992268 	 2.3971636
0.090342574 	 2.0520418
0.022974309 	 1.7183462
0.10709395 	 2.050821
0.025764827 	 1.8556894
0.017400213 	 1.5910863
0.0025497968 	 2.6900373
8.249623e-05 	 2.5833101
0.013980507 	 2.2282155
0.028182294 	 3.4188488
0.010896106 	 2.6275942
0.027150027 	 1.1263293
0.00082097366 	 6.409607
0.00024923807 	 3.6017275
7.337601e-05 	 2.3672159
0.020696616 	 3.0308728
0.03193139 	 1.8550831
0.05097074 	 1.2716974
0.03958462 	 2.3322318
0.021058075 	 3.428141
0.020423006 	 2.0157337
0.034871776 	 1.4156182
0.054155346 	 1.7958332
0.11212445 	 2.271281
0.2006554 	 1.8036835
0.14876634 	 2.0544648
0.2333405 	 1.2609067
0.2291932 	 1.6574444
0.090267815 	 2.2588017
0.22240338 	 2.0360308
0.0969855 	 1.6702999
0.0929467 	 2.7441003
0.1261175 	 2.8361828
0.08009159 	 1.0186744
0.11846421 	 1.390656
0.020634731 	 2.6271966
0.034346495 	 2.666854
0.008524829 	 2.6098664
0.010287629 	 2.4655645
0.015079435 	 2.9796638
0.01555201 	 1.5891929
0.039740033 	 0.97806233
0.18837282 	 1.0152515
0.25248837 	 2.0866046
0.26645994 	 1.8828589
0.28990924 	 1.1210634
0.3518942 	 1.4329553
0.23984283 	 1.2756286
0.2072084 	 1.3791806
0.27172852 	 1.1560203
0.3308178 	 1.1138378
0.17394067 	 0.8544437
0.20854951 	 0.6485395
0.22242028 	 0.78455496
0.2980835 	 1.0211475
0.11999152 	 1.4827751
0.17965908 	 2.2568047
0.14919734 	 2.411247
0.10776749 	 4.7177567
0.07807907 	 2.8619351
0.0054256017 	 2.7922084
0.0037351183 	 2.2182672
0.013973254 	 1.9411834
0.10376448 	 2.7122893
0.018193962 	 3.1514735
0.09919323 	 2.8504503
0.08562277 	 1.999166
0.087919295 	 1.6939387
0.06385967 	 1.9577047
0.1031083 	 1.857581
0.09943469 	 1.943467
0.06751358 	 2.0263555
0.07589059 	 2.1818268
0.043832794 	 2.5248199
0.09105421 	 1.28336
0.03323877 	 2.6633773
0.10712102 	 1.4773197
Summary
5.960482e-06  -  0.741806 ,  0.4629929  -  6.409607
accuracy:  100.0
equal predictions:  0
TensorFlow version: 1.13.1
Found 939 images belonging to 1 classes.
argN = 49
argN = 49
0.75150114 	 1.9816988
0.48805198 	 2.4225454
0.48381788 	 1.4850227
0.26106286 	 3.0695918
0.117078125 	 2.6559892
0.18504095 	 2.3200197
0.08200392 	 1.9545602
0.07145132 	 3.384822
0.07404394 	 1.4117455
0.25428456 	 1.7660848
0.3493274 	 2.896318
0.57488203 	 0.5978951
0.14563406 	 2.3203635
0.14730029 	 2.0261045
0.10088315 	 1.9300102
0.04975562 	 2.383013
0.0021777602 	 1.863861
0.058614522 	 1.9805517
0.08838318 	 2.2296548
0.15522604 	 2.3036866
0.6541004 	 3.0943089
0.32290554 	 1.4834113
0.17177515 	 2.1194172
0.09018614 	 4.301182
0.175613 	 1.5554464
0.39264995 	 2.4601638
0.37716097 	 3.8635643
0.39811385 	 1.2773842
0.45038718 	 2.761291
0.5599917 	 2.7773888
0.25465566 	 0.619563
0.14446288 	 1.8633503
0.38186523 	 1.715863
0.32885268 	 1.3049341
0.2310179 	 1.2282331
0.16749042 	 1.8266349
0.22940752 	 0.52192825
0.009786415 	 2.2325048
0.001992003 	 3.8136072
0.005964328 	 1.1401675
0.010971251 	 1.9511558
0.20019467 	 1.098455
0.1309947 	 2.4189532
0.18538629 	 1.6602633
0.16606943 	 1.9057443
0.3168407 	 1.7095525
0.20506167 	 1.4657012
0.13320188 	 2.5459063
0.12828878 	 2.0215318
0.0028855072 	 1.8622292
0.036606435 	 1.0892261
0.0013077462 	 2.6611414
0.07513087 	 3.6306362
0.088713616 	 1.5436283
0.064716876 	 1.6772265
0.10181843 	 1.9590312
0.062581904 	 3.3566017
0.2441461 	 1.0243398
0.268306 	 1.880113
0.19063498 	 2.0387979
0.22515027 	 2.6191175
0.41894048 	 1.0570626
0.27326584 	 1.1668482
0.23579262 	 2.2258418
0.3310186 	 2.0253503
0.38627675 	 1.9380217
0.44170928 	 1.8107623
0.24549618 	 0.5651374
0.2366843 	 1.6902502
0.11519149 	 2.2903388
0.0050073853 	 2.335713
0.00021495746 	 1.2730635
0.17248861 	 2.223839
0.04613377 	 2.494197
0.06495944 	 2.4043868
0.1334425 	 1.7407973
0.18819438 	 2.2465005
0.044702847 	 3.6764886
0.0028795893 	 2.334348
0.00061912625 	 1.9065483
0.035081834 	 1.3033721
0.00020231862 	 4.582076
0.007660569 	 2.9585981
0.00056151417 	 1.4829124
0.00032972766 	 2.7880244
0.004558926 	 2.4089553
0.0021922162 	 2.8688636
0.0015721156 	 2.0220666
0.08439259 	 1.7634268
0.050056994 	 2.0310075
0.029467098 	 2.0800645
0.024073096 	 2.5620234
0.005572978 	 2.9502401
0.008911803 	 2.8817623
0.007936056 	 2.7235515
0.0061381706 	 1.4909102
0.010852481 	 2.9007182
0.0005386134 	 2.2515886
0.00037194253 	 1.8799486
0.0004786206 	 1.7641984
0.00037903816 	 2.263762
0.00040932925 	 1.9101223
0.0034516947 	 1.3724378
0.0064174975 	 1.3126434
0.00014449209 	 2.167205
2.0861844e-05 	 2.1574984
9.954025e-06 	 3.1630478
0.00035810922 	 1.2543224
0.022493398 	 3.4190364
0.024283582 	 2.4380167
0.014841053 	 2.8144426
0.008726054 	 1.8623989
0.0032451896 	 1.342225
0.017800467 	 1.7095159
0.02958282 	 3.265917
0.03474094 	 2.477861
0.0356592 	 1.8990119
0.002499423 	 0.7296016
0.0038611232 	 3.5016696
0.02207883 	 1.7540034
0.00036908046 	 1.7983075
0.0053544086 	 2.3996143
0.033270504 	 2.0713582
0.001217331 	 3.1835635
0.022449141 	 2.4539423
0.032583542 	 1.7065042
0.020816864 	 4.119692
0.026690671 	 2.143408
0.0057986686 	 0.92322713
0.0006262833 	 1.6594913
0.01634599 	 2.2159498
0.01114235 	 2.829749
0.010997404 	 1.5034758
0.019464472 	 1.9673784
0.033328246 	 1.7983392
0.03524383 	 1.6696999
0.00441128 	 2.073242
0.0012828588 	 0.8970171
0.007590899 	 0.5252099
0.0049018404 	 2.3146024
0.007893581 	 2.4595096
0.009795384 	 1.2438681
0.021224152 	 1.7872396
0.014968647 	 2.0493038
0.019547313 	 1.6298075
0.017838694 	 2.1040645
0.0007900736 	 1.4859991
0.00014759199 	 2.481077
0.0032168457 	 2.4747252
0.00018950112 	 2.853309
0.00072451844 	 1.6505343
0.00020911495 	 2.2650058
0.0015130158 	 3.0707579
0.015143578 	 1.7885075
9.805445e-05 	 3.1953995
0.005529404 	 1.6410204
0.0009334867 	 2.881709
0.0045048585 	 2.446025
0.00019713199 	 3.079892
9.185498e-05 	 1.9228231
0.0011408874 	 2.0690026
0.01999604 	 4.0685916
0.021380877 	 2.0828884
0.046108995 	 3.0938907
0.02845129 	 0.8802227
0.01918409 	 2.1115177
0.02266843 	 1.3202137
0.036556046 	 0.6900947
0.034797717 	 2.2114282
0.034020837 	 1.5117258
0.0045561115 	 1.857077
0.0014520693 	 1.6840322
0.001922547 	 3.1135519
0.006825742 	 2.455594
0.002465603 	 2.6040368
0.0025589995 	 3.5833237
0.0021573312 	 1.3538256
0.00090097234 	 1.6882128
0.0010131364 	 1.6977018
0.005731166 	 2.1917567
0.0021195207 	 2.6173496
0.0013796664 	 2.2814324
0.02344752 	 2.228592
0.0028032577 	 1.1556952
0.0007600692 	 2.2829678
0.007201613 	 1.8629378
0.00425348 	 2.0003474
0.007297194 	 1.9396195
0.0016124725 	 1.0068558
0.00195611 	 2.6140165
0.094158635 	 2.2140434
0.11829164 	 1.8672106
0.028060298 	 2.5576422
0.0007638271 	 1.5322889
0.053146217 	 1.8189195
8.470179e-05 	 6.31938
0.0005146993 	 1.5330038
0.00017185496 	 3.375854
0.011904726 	 0.81358004
0.023011575 	 2.883925
0.021601394 	 1.1569898
0.011840368 	 1.2077702
0.050946407 	 1.1752932
0.019997925 	 3.090695
2.3842142e-05 	 1.9899306
0.012895767 	 2.1303823
0.00022616559 	 3.6609273
0.009668629 	 3.004487
0.0049900133 	 2.3572526
0.010395491 	 1.9333684
6.5746084e-05 	 2.6712263
0.00014783045 	 6.223699
7.123009e-05 	 1.569941
8.2078965e-05 	 3.6634064
3.1590512e-06 	 2.3371232
1.1920929e-07 	 1.43809
0.012831949 	 1.3474736
0.014769368 	 1.1348974
0.030426549 	 2.5908
0.00021728253 	 1.8668864
0.0009059837 	 3.6925714
0.44760004 	 2.0025377
0.105540566 	 2.1441123
0.011172065 	 1.5782753
0.00774382 	 1.5606973
0.021974515 	 2.8328044
0.00023552569 	 1.9481149
3.719399e-05 	 6.346348
0.029439291 	 2.2138455
0.22503994 	 1.8846904
0.07547225 	 1.7429901
0.018134844 	 3.6120334
0.0057955515 	 0.627518
0.082495235 	 2.8906054
0.117444724 	 3.5720854
0.045565672 	 2.5223515
0.019789798 	 6.1100774
0.12313202 	 2.4839919
0.054147355 	 2.4174123
0.044590224 	 1.4634303
0.036908753 	 1.9869137
0.04148366 	 1.2475514
0.022125324 	 2.513476
0.02085758 	 1.7960074
0.0027745676 	 2.0507154
0.017805807 	 1.180024
0.03180395 	 1.400016
0.020535495 	 2.6437178
0.035924286 	 2.0922177
0.045604788 	 1.4798007
0.025811309 	 1.9540813
0.000205061 	 4.211257
0.0032515284 	 2.9258082
0.018859264 	 1.768178
4.053124e-06 	 1.4944974
1.269587e-05 	 6.2487926
0.003603446 	 2.739567
0.03628672 	 1.7180203
0.038382385 	 3.4545195
0.070093945 	 1.6665534
0.067514785 	 1.5584285
0.05929886 	 2.4176369
0.12450911 	 2.9088073
0.15589316 	 3.2085712
0.042703133 	 1.5253145
0.16867597 	 2.2409935
0.15961127 	 1.5672128
0.105681136 	 2.0245085
0.13362691 	 2.7197378
0.020439127 	 1.3272736
0.038755313 	 0.73142165
0.038042348 	 1.5088336
0.019737514 	 2.1936574
0.016887784 	 3.0404606
0.082839206 	 3.373926
0.013151803 	 2.1849291
0.032579046 	 1.7791365
0.014257922 	 2.036827
4.5956236e-05 	 1.4279648
0.048949014 	 1.9255339
0.08780287 	 1.1652943
0.14296281 	 2.0689285
0.21360283 	 2.2663288
0.20063996 	 2.2752419
0.27854326 	 1.7438083
0.27544397 	 1.4886404
0.4246919 	 0.9916046
0.10226174 	 0.91160434
0.13122833 	 1.3692526
0.16964108 	 1.5291055
0.16455138 	 1.1179937
0.26664007 	 0.77451724
0.34932554 	 0.9347674
0.29792234 	 0.9988998
0.32426462 	 0.9312634
0.23878948 	 1.6048231
0.22018905 	 0.9827114
0.053024217 	 1.7430828
0.050760206 	 1.3887849
0.07735774 	 1.9134227
0.12556562 	 2.124177
0.105862804 	 1.357028
0.09676393 	 2.5231268
0.072374456 	 1.7179692
0.05532669 	 1.4883568
0.089490965 	 1.1957484
0.049596265 	 1.4628808
0.031449106 	 2.6169024
0.016772553 	 3.9945984
0.028368382 	 1.3604077
0.06307894 	 1.6006372
0.056096032 	 3.451164
0.04359574 	 3.0926027
Summary
1.1920929e-07  -  0.75150114 ,  0.52192825  -  6.346348
accuracy:  100.0
equal predictions:  0
TensorFlow version: 1.13.1
Found 939 images belonging to 1 classes.
argN = 49
argN = 49
0.7093699 	 3.2154365
0.77494717 	 2.3988895
0.7395048 	 2.0931857
0.40606087 	 0.72266126
0.2625786 	 1.6711535
0.24297656 	 3.0263689
0.1964321 	 3.4056182
0.37609294 	 2.22644
0.15138227 	 1.0892798
0.13674518 	 2.2998815
0.08501973 	 1.9395349
0.121057056 	 1.4325002
0.05571406 	 2.8013043
0.07680799 	 3.17256
0.26416695 	 1.9970472
0.256069 	 2.1653833
0.23867975 	 2.0420437
0.71172035 	 2.5408368
0.6913141 	 2.538079
0.5304869 	 1.3520548
0.5102993 	 1.5027398
0.7071518 	 2.9031918
0.28620324 	 0.8460223
0.36509892 	 1.3535726
0.19581293 	 1.2230871
0.5715831 	 1.8926942
0.062388644 	 3.7662492
0.008316072 	 1.3628541
0.0021484909 	 1.751166
0.046945985 	 1.5170346
0.18501091 	 2.2281425
0.28947467 	 1.7576802
0.24298188 	 2.670606
0.27204978 	 2.730323
0.35569444 	 1.0319684
0.31776494 	 0.93888456
0.3860393 	 1.5540754
0.07796649 	 2.167902
0.48417553 	 2.6344807
0.5382813 	 4.0480795
0.5530275 	 3.0705562
0.45319685 	 3.4835095
0.26207393 	 2.1741848
0.004284487 	 4.1175666
0.25575665 	 2.2599714
0.1890723 	 2.3721871
0.06178461 	 3.3109179
0.35042903 	 1.7972286
0.34785646 	 3.1976538
0.20763598 	 2.5573015
0.08965277 	 4.5060773
0.38449946 	 0.9907292
0.37778866 	 0.78494066
0.28943503 	 1.1076221
0.274304 	 1.0912672
0.3370327 	 0.92632234
0.05945237 	 1.6190269
0.10326776 	 2.0670993
0.02121447 	 2.8847804
0.031172907 	 2.9468853
0.025014732 	 1.6011286
0.0004553043 	 3.642529
0.065132074 	 1.7010064
0.055770777 	 1.7272261
0.092971556 	 2.1279697
0.049973026 	 2.642811
0.26854265 	 1.0588804
0.19133857 	 0.96567523
0.22842503 	 1.4301614
0.13255136 	 2.0126624
0.28153336 	 1.1529897
0.3420445 	 1.5764182
0.20610754 	 3.0141447
0.15071975 	 1.0407206
0.18536268 	 1.7851026
0.20181102 	 1.5197792
0.0031949005 	 3.7092087
0.049320582 	 3.5508568
0.09734342 	 2.6118727
0.24677768 	 2.4151578
0.14026228 	 2.0282536
0.15327744 	 0.67300034
0.09879668 	 3.7770388
0.080177605 	 7.398085
0.00012082591 	 1.4766016
0.0073867193 	 1.2271442
0.0004925152 	 4.7307553
0.00035548568 	 2.2562842
0.0118332505 	 2.8651345
0.022052262 	 2.005553
0.02301926 	 2.4532616
0.06363752 	 3.9428577
0.035846934 	 2.85576
0.11182898 	 2.2507381
0.06514836 	 3.1029158
0.02622186 	 3.2468653
0.0040574023 	 1.9556352
0.04621979 	 3.3272111
0.059266984 	 1.2922667
0.03931881 	 1.8094531
0.034677748 	 2.1029985
0.00403867 	 1.6521705
0.00096522644 	 1.6906897
0.00015295722 	 2.0622525
0.0012531977 	 1.8158752
0.0012470507 	 2.4589226
5.835465e-05 	 2.9870002
0.00019695314 	 1.9762722
0.0026953751 	 1.4358673
0.0003181606 	 2.7402205
0.008521763 	 1.3336384
3.8147045e-06 	 1.1393318
0.022848679 	 2.6549764
0.0016940868 	 2.3354168
0.00080612 	 2.3674603
0.035158876 	 1.9047408
0.013141355 	 2.2517912
0.0029237652 	 3.0341067
0.02217103 	 2.1107154
0.0048641656 	 1.4558381
0.012164551 	 1.6029109
0.021395553 	 1.7295221
0.014221163 	 2.8159802
0.015194047 	 1.4815292
0.042780206 	 1.6833068
0.022019114 	 3.1930342
0.0041032457 	 3.5125735
0.0056065433 	 1.6396271
0.00029878312 	 2.1884954
0.0051867533 	 2.4774632
0.026282255 	 1.3357657
0.0058944155 	 2.803761
0.016028443 	 0.6837934
0.023148634 	 1.8305023
0.0152325975 	 2.0640497
0.01186564 	 2.2832513
0.012854106 	 0.99630237
0.0023632534 	 2.0372841
0.007050575 	 1.691888
0.0013797857 	 1.7534832
0.0040937895 	 2.3893824
0.004478095 	 1.1644752
0.00025615396 	 1.4506725
0.0009286542 	 2.5951343
0.00021012845 	 2.6937146
0.00025215943 	 1.2868987
0.0051113837 	 0.90438247
0.020243255 	 2.8134387
0.00024238185 	 3.6550648
0.00081918406 	 1.0609986
0.00018628186 	 0.6669303
0.022698002 	 2.0104125
8.3330764e-05 	 3.6613817
0.015538449 	 2.088208
0.01633151 	 3.8372638
0.016073143 	 2.6017938
0.009576552 	 3.0613692
0.01736352 	 2.1293693
0.022621911 	 2.645682
0.03260805 	 2.0610654
0.033513322 	 3.5185559
0.02459863 	 2.607827
0.038254246 	 2.5890825
0.03677573 	 2.6305618
0.020133598 	 3.5521555
0.022534668 	 1.6605273
0.027137471 	 1.1865411
0.025439324 	 1.0170358
0.042399183 	 3.5870118
0.0026158304 	 0.81659824
0.016999817 	 2.718775
0.022124289 	 1.7837472
0.03933264 	 2.8545494
0.0305583 	 2.5232637
0.011011506 	 2.5125425
0.0131472135 	 1.3666348
0.0031622527 	 4.0062175
0.0012693113 	 1.7907697
0.00081673823 	 3.1421163
0.0031559744 	 1.5024861
0.015958915 	 2.090523
0.027851038 	 1.1276989
0.024082743 	 1.2701303
0.02617799 	 2.5619361
0.00029937935 	 1.906948
0.014303752 	 2.8330688
0.00020404751 	 1.475777
0.001012122 	 1.9749333
0.0021425772 	 0.60384405
0.007639367 	 1.0125018
0.0004295437 	 1.1334594
0.0020367368 	 2.9041278
0.0019028995 	 2.170446
0.0036377234 	 1.2095637
0.002949889 	 2.4413028
0.0030082965 	 1.2284906
0.0013606264 	 2.161161
0.0030488907 	 3.0571897
0.015016022 	 1.7096641
0.03406746 	 1.9114368
0.0019296536 	 2.3697958
0.0030974986 	 1.4481434
0.0020550133 	 1.4700694
0.0016790412 	 2.4973705
0.0023100812 	 3.0971572
0.119985 	 1.982828
0.18623689 	 1.3939509
0.0638699 	 2.6795073
0.07030948 	 2.429276
0.003420474 	 1.3089672
0.0362437 	 2.7880478
0.02063023 	 3.0284383
0.024769021 	 2.238714
0.0033038536 	 2.5499537
0.017883597 	 2.7779534
0.0032413625 	 2.2416584
0.020758381 	 3.8076158
0.0018221041 	 4.0667186
0.002266052 	 1.8074651
0.0032957804 	 2.1284614
0.038632207 	 2.9039571
0.032062598 	 2.188918
0.013934269 	 3.0304828
0.00050038693 	 2.4125855
0.021255689 	 1.3232765
0.011040374 	 2.556609
0.00036120976 	 0.8581584
7.7310215e-05 	 3.8353188
0.0008396454 	 5.2724447
0.009482317 	 3.7692573
0.00094840187 	 1.5514975
5.620876e-05 	 2.5090609
5.710288e-05 	 2.471662
0.27414146 	 2.3686006
0.02105765 	 4.3566427
-9.5367386e-07 	 1.2291924
-8.344647e-07 	 1.9344035
2.0921449e-05 	 2.02671
0.00085772097 	 2.8226454
2.8491426e-05 	 1.7030224
0.0071110236 	 4.3184247
0.016518617 	 2.6723092
0.005143436 	 2.453923
0.24098124 	 2.5456874
0.05072252 	 3.1560671
0.014600248 	 3.13717
0.046905693 	 3.601747
0.04025891 	 1.2156053
0.023425065 	 2.1661172
0.027386645 	 1.4293443
0.0024460643 	 2.6169236
0.0116633605 	 1.8840815
2.312687e-05 	 1.921821
6.532882e-05 	 6.6798425
0.03818718 	 1.2979685
0.06426085 	 1.9715194
1.1324889e-06 	 0.9212901
0.028513046 	 1.3744115
0.001076085 	 4.007361
0.020077586 	 2.6426618
0.0058366186 	 4.1919765
0.0012619706 	 4.191744
0.025062159 	 2.4617093
0.09106968 	 1.4111129
0.23247994 	 1.0189533
0.12533589 	 1.0527945
0.1524376 	 1.7683066
0.14156517 	 5.7838335
0.24122792 	 2.2140598
0.09407992 	 1.9921367
0.109333254 	 2.33439
0.054352563 	 1.6707307
0.110107444 	 2.179185
0.17109983 	 2.383919
0.10839013 	 2.1306152
0.03326687 	 2.297666
0.02727859 	 2.9698303
0.013182967 	 1.4904381
0.031641584 	 1.6772163
0.056076866 	 3.517999
0.0011371877 	 3.0215032
0.03559756 	 4.892458
0.03630328 	 3.1427596
0.0040744585 	 1.1618026
0.00041302625 	 2.276258
0.14046934 	 2.3226032
0.22506988 	 0.7119726
0.20080708 	 2.2017977
0.19230147 	 1.5414692
0.2609303 	 1.1483781
0.33597124 	 1.4614522
0.23273537 	 1.3944501
0.23249424 	 1.4938064
0.17326672 	 1.5712657
0.1415145 	 0.7961417
0.086428784 	 1.0990092
0.17950137 	 2.3369422
0.055688977 	 2.1880744
0.083158165 	 1.0592756
0.0023206556 	 3.0938184
0.024633633 	 2.8834338
0.07513364 	 2.5089371
0.044879876 	 2.012004
0.018981721 	 1.6179265
0.1330683 	 1.457432
0.039148774 	 1.1195583
0.12591784 	 1.6815871
0.04122356 	 1.6613702
0.038668573 	 3.5783417
0.052178357 	 2.8182964
0.09223699 	 1.2021122
0.0071365368 	 3.1189432
0.050621506 	 2.5555
Summary
-9.5367386e-07  -  0.77494717 ,  0.60384405  -  7.398085
accuracy:  100.0
equal predictions:  0
