TensorFlow version: 1.13.1
Found 939 images belonging to 1 classes.
argN = 49
argN = 49
0.45710886 	 3.2086124
0.62631863 	 3.8459132
0.3934037 	 2.3161237
0.12503053 	 1.9917915
0.26096606 	 2.4329183
0.14881587 	 1.19869
0.1770704 	 2.524752
0.061367754 	 2.1217692
0.05840888 	 1.5208672
0.18325242 	 1.8588538
0.110755846 	 2.4052522
0.24004565 	 1.9405388
0.4251738 	 3.409828
0.45793054 	 2.072868
0.3345985 	 2.9054558
0.54985934 	 2.4013445
0.2704792 	 1.9118859
0.28407663 	 1.2021393
0.1318778 	 2.3596647
0.4937144 	 2.2203572
0.31261933 	 2.9880123
0.12777466 	 2.0864513
0.0961603 	 1.9822615
0.0009842588 	 2.1156733
0.1533572 	 2.2152934
0.116790906 	 4.3704796
0.5862841 	 2.2165298
0.063976586 	 1.9447598
0.128924 	 0.5238182
0.42233562 	 5.9932604
0.119211785 	 1.4077824
0.37751728 	 5.160945
0.46734098 	 0.8737083
0.4168952 	 2.6757042
0.46600163 	 3.0301223
0.32570603 	 5.0526166
0.11512514 	 1.9645442
0.11899572 	 2.1764212
0.27877882 	 2.1013176
0.14236756 	 1.828987
0.000946791 	 2.0031223
0.0029299823 	 2.1402555
0.120190725 	 1.0602704
0.3096987 	 2.0258672
0.28530288 	 0.9320039
0.098162495 	 2.6881695
0.1153563 	 3.0790105
0.32707503 	 0.9441321
0.2692463 	 1.5386866
0.117074504 	 1.4530946
0.16386968 	 1.2549794
0.032732945 	 2.073167
0.061369147 	 1.6785283
0.11676444 	 1.762184
0.0006515718 	 3.1662843
0.000539329 	 2.91814
0.00027052246 	 4.082151
0.019088458 	 2.1649966
0.045357272 	 1.8057282
0.30426177 	 0.9850499
0.17800419 	 2.6754854
0.15204239 	 2.1166363
0.12593561 	 3.5169203
0.38577634 	 1.584094
0.38028902 	 3.274277
0.3412116 	 0.9719987
0.28991815 	 6.849715
0.20865466 	 1.0109603
0.19116609 	 2.430378
0.12928417 	 1.1203189
0.17754836 	 1.5047913
0.14368029 	 3.183565
0.19317505 	 1.0881966
0.045006935 	 2.6200063
0.1302551 	 2.1215181
0.0056715203 	 4.235507
0.043958597 	 2.7473004
0.25947177 	 1.6366374
0.13400221 	 1.803051
0.06976481 	 1.8881315
0.10165919 	 3.5381591
0.025215697 	 3.4931002
0.10582895 	 6.9735575
0.06935618 	 2.7843971
0.008688115 	 1.5822335
0.015279199 	 1.7481976
3.3081124e-05 	 5.5072436
0.000950669 	 3.1541977
0.00043914423 	 1.489117
0.022870326 	 2.8314269
4.6313882e-05 	 4.2396173
0.019636178 	 4.9534993
0.024401393 	 2.913444
4.410841e-05 	 5.528085
0.0008545592 	 0.93953556
0.008505051 	 3.0991144
0.06461221 	 1.9520591
0.053752165 	 2.5279338
0.017014487 	 2.0260231
0.04129934 	 0.88826776
0.03559805 	 3.486169
0.050384153 	 9.271127
0.0022053581 	 1.6987255
0.0027455196 	 1.2510886
0.006821541 	 3.1191885
0.0021763865 	 1.5540009
0.00028316214 	 1.4377182
0.0008145311 	 2.2013612
0.00044027722 	 1.3773943
0.00015295722 	 1.6718032
3.1710173e-05 	 1.853119
0.00059515063 	 1.3815045
9.655999e-06 	 1.8276801
0.00021817679 	 3.059286
4.768373e-07 	 1.128483
9.1318485e-05 	 5.36979
0.019188525 	 3.0571682
0.029683758 	 1.759902
0.012135048 	 1.6320081
0.017127503 	 3.124133
0.0029369765 	 2.4813094
0.011151511 	 2.338589
0.012618246 	 1.951914
0.007892259 	 2.5350454
0.010523241 	 4.9449983
0.0019030786 	 1.4823407
0.031812567 	 1.7338443
0.00051756186 	 2.9590704
0.0001975493 	 1.9573784
0.009462279 	 2.6260412
0.00052292907 	 2.3871121
0.011963598 	 1.8182814
0.012666295 	 1.9292796
0.00020702837 	 2.2194698
0.001183972 	 1.659695
0.0030499669 	 1.8838297
0.000718494 	 2.3585446
0.0024208499 	 2.59425
0.0004666344 	 2.7947862
0.0017548691 	 1.9066566
3.2544667e-05 	 2.3868678
0.00047200135 	 2.1770086
0.0040732617 	 2.2255228
0.0037687419 	 1.4240086
0.019160759 	 0.8400045
7.778709e-05 	 1.2510059
0.026380228 	 2.7025378
0.0015230447 	 1.7852379
0.00045315755 	 1.3368491
6.5805696e-05 	 2.8401134
0.003986187 	 2.398227
8.684774e-05 	 2.062307
2.4438203e-05 	 1.4550744
0.00069284596 	 3.4714153
0.0027145 	 0.8639049
0.0120062465 	 2.8903553
0.017041164 	 3.4044998
0.00017727993 	 0.75360405
0.016511649 	 2.4413972
2.6285994e-05 	 1.9820032
6.145428e-05 	 1.7537038
0.014862711 	 2.0451875
0.008812641 	 4.669605
0.019839955 	 2.2856114
0.02309959 	 0.7684406
0.020830011 	 2.4898632
0.021137457 	 3.4935255
0.020762581 	 0.9397871
0.03208248 	 1.5499773
0.0003194127 	 1.8994423
0.021713408 	 3.016262
6.7892e-05 	 2.4624672
0.0006039774 	 2.0644522
0.0023722153 	 0.940118
0.0033793263 	 1.199841
0.0018990776 	 1.4124848
0.0012298634 	 1.6487671
0.000569625 	 0.77375084
9.2927956e-05 	 1.9900532
0.001609189 	 1.4429549
9.507393e-05 	 2.0737317
0.00012750247 	 1.5979158
8.613242e-05 	 0.85776556
4.3095086e-05 	 2.2051466
0.00033241074 	 1.6573908
0.000656224 	 3.1100698
0.0028308725 	 1.0368317
0.0017414346 	 2.7271056
0.0022235778 	 2.6818762
0.000993447 	 2.1084938
0.0023625963 	 3.1688266
0.0018192976 	 2.2306292
0.00047092795 	 3.1717992
0.0012595834 	 2.0913444
0.0008234791 	 0.9497674
0.0015961743 	 1.2722776
0.05315445 	 1.6697634
0.18909621 	 1.3752953
0.08580499 	 2.3688636
0.06430426 	 1.4656744
5.4718563e-05 	 1.659278
6.741512e-05 	 1.8913987
0.012878378 	 3.7760706
0.016513526 	 2.3664088
-9.5367386e-07 	 2.0142605
0.019304825 	 3.7801082
0.01876421 	 3.0108726
1.3113031e-06 	 4.7492948
0.03376791 	 2.323481
0.021935398 	 3.4161007
9.0424335e-05 	 2.6532676
0.00019450887 	 3.3717792
1.51993e-05 	 6.786671
9.89442e-06 	 1.507602
0.0073724887 	 1.3092648
0.0002412491 	 3.2153563
0.000821093 	 4.204351
-2.3841855e-07 	 2.0004082
4.649173e-06 	 2.7764673
0.0076755853 	 1.3950549
0.00014580358 	 5.737742
0.23770504 	 1.7735685
0.5118893 	 1.9262034
0.08456881 	 2.115136
0.016012514 	 2.9287047
0.017929956 	 1.5964297
0.0032354426 	 1.8390721
0.022306327 	 2.9251893
0.020617634 	 2.1026535
1.2874686e-05 	 6.555415
-3.576278e-07 	 1.8181074
0.0066540595 	 2.7882037
0.2102707 	 1.7876997
0.0737547 	 2.2102342
0.021312132 	 3.049649
0.025514895 	 4.895545
0.07213778 	 3.7779505
0.020621346 	 2.1685085
0.06435607 	 1.9109753
0.009525582 	 6.809964
0.06565055 	 3.1005526
0.07222068 	 2.3466246
0.0930946 	 1.9541385
0.014722367 	 2.3159769
0.04130791 	 1.569803
0.002202431 	 1.6245449
0.016436633 	 1.5899755
0.022297064 	 2.3281443
1.8179582e-05 	 6.9983063
4.0412764e-05 	 4.0030756
-9.5367386e-07 	 0.930422
0.0017265076 	 3.558215
1.8179582e-05 	 2.5725434
0.008257053 	 3.567955
0.035294402 	 2.271402
0.02473829 	 1.8354615
0.06026465 	 1.1572211
0.03622417 	 1.8580785
0.026536968 	 2.9777737
0.04390578 	 1.6722023
0.00074169715 	 2.724232
0.0042225933 	 4.601537
0.039663628 	 2.0106347
0.05739684 	 1.6139089
0.047832947 	 1.7425253
0.042071328 	 2.526842
0.15745915 	 1.4163383
0.08111465 	 1.6860524
0.10877635 	 1.023042
0.11619294 	 2.8897655
0.09433855 	 1.8396602
0.13781431 	 2.1044104
0.04239477 	 1.0334537
0.13339135 	 2.8503957
0.14535451 	 2.5503192
0.09502721 	 1.26835
0.07495271 	 2.6262422
0.023026396 	 3.6136353
0.01960834 	 2.6792223
0.0017874709 	 2.6287763
0.00035983836 	 2.0914545
8.696696e-05 	 2.5384934
0.0006674371 	 2.9415708
0.0028419907 	 3.1126163
0.0008475795 	 1.086496
0.0019319827 	 2.2318254
0.15210415 	 1.8138762
0.11740062 	 0.9472419
0.13999519 	 1.3282255
0.22108096 	 1.1760525
0.1928678 	 1.3516586
0.089083776 	 1.2010545
0.14128251 	 1.7293655
0.09670064 	 1.0909185
0.059323464 	 1.6414127
0.129157 	 1.6441301
0.1517093 	 1.5285845
0.11872721 	 1.7622007
0.035892032 	 1.1093184
0.1080184 	 2.087244
0.08908658 	 1.3096107
0.0007204624 	 1.7322373
0.059404045 	 2.0136037
0.05813259 	 1.86726
0.056369364 	 3.2290347
0.0588618 	 1.7781355
0.018977469 	 1.4933703
0.0868936 	 2.3726928
0.06400956 	 1.3912079
0.05441235 	 1.2704821
0.09704723 	 1.513791
0.016462566 	 3.6854584
0.058485027 	 3.1807454
Summary
-9.5367386e-07  -  0.62631863 ,  0.5238182  -  9.271127
accuracy:  100.0
equal predictions:  0
TensorFlow version: 1.13.1
Found 939 images belonging to 1 classes.
argN = 49
argN = 49
0.95763826 	 6.0043807
0.36096838 	 2.1427846
0.3187864 	 1.5846981
0.519453 	 2.181181
0.6718907 	 1.403315
0.93906486 	 2.0321352
0.42803118 	 0.659349
0.25172564 	 1.7509166
0.14285596 	 3.5654695
0.34817967 	 2.563942
0.26403624 	 3.721006
0.13372235 	 2.629714
0.13710718 	 1.607774
0.06250513 	 2.8925142
0.18959212 	 1.8000365
0.10801003 	 2.9483795
0.40460268 	 1.0554804
0.7072058 	 2.893647
0.6988255 	 3.054683
0.5068061 	 1.6617548
0.6530571 	 1.4320748
0.48509893 	 2.0393512
0.48979244 	 1.8549623
0.3193672 	 1.3974587
0.20490167 	 1.4150517
0.5380109 	 2.1126528
0.07445237 	 3.7533016
0.111250564 	 2.9665854
0.0013239203 	 2.1356828
0.020776274 	 1.7677702
0.10533412 	 2.332934
0.23193516 	 1.14796
0.39862555 	 1.973335
0.3998021 	 0.5106099
0.3349059 	 2.391588
0.39910525 	 1.6026193
0.38130376 	 1.0947107
0.5011905 	 1.5536656
0.53221446 	 1.5588739
0.17827265 	 5.9020576
0.10392034 	 3.052031
0.5225373 	 3.12819
0.5133219 	 2.819466
0.5705047 	 1.597068
0.61624616 	 4.3737373
0.020545473 	 4.2476144
0.21165328 	 1.2301645
0.28311718 	 1.5873724
0.20680481 	 2.956378
0.11364704 	 2.779386
0.044675797 	 2.120906
0.040376384 	 3.7944772
0.062233225 	 3.7986407
0.059648927 	 3.153642
0.022831175 	 2.832922
0.050946344 	 2.0837395
0.0008490709 	 2.1970344
0.25399292 	 2.307866
0.20996147 	 1.3625498
0.42452446 	 3.2194211
0.3159378 	 2.9348595
0.21201617 	 2.56383
0.2613378 	 1.679387
0.32656857 	 2.3767352
0.2606098 	 1.1502877
0.36970863 	 0.9759977
0.111263424 	 2.4210908
0.14191277 	 1.4284848
0.061844017 	 1.3451138
0.04185986 	 1.7582835
0.14504072 	 1.7386714
0.3534328 	 1.7654127
0.24305294 	 2.814207
0.08235737 	 1.648765
0.3737121 	 1.2613356
0.2840352 	 3.096163
0.23765324 	 2.2941496
0.3188857 	 1.1642069
0.22155209 	 2.6040723
0.32789782 	 1.7594168
0.39164993 	 0.6463665
0.27479863 	 1.7205526
0.12944637 	 2.5317194
0.02238782 	 3.9422033
0.05387048 	 2.2383695
0.16643275 	 2.1052473
0.29556778 	 2.1254637
0.12072309 	 2.220763
0.1100248 	 2.3519864
0.06498379 	 1.3042506
0.116033345 	 2.13692
0.0007684202 	 1.4755231
0.0025846954 	 1.8904252
0.0025330053 	 1.2517599
0.018359562 	 2.739462
0.06192455 	 2.839726
0.023334092 	 2.5790102
0.0035898073 	 1.6790761
0.005499437 	 2.8184452
0.024515918 	 1.9875811
0.014102792 	 3.5148568
0.00435752 	 2.2790253
0.02152636 	 4.448088
0.0048358953 	 4.1766376
0.003594593 	 2.389857
0.14639015 	 2.2764764
0.15585081 	 3.6442559
0.09777765 	 1.9303647
0.08702553 	 2.410258
0.063303895 	 4.7203083
0.06823326 	 2.1884873
0.07140862 	 1.3767598
0.020136941 	 2.7740185
0.0026865895 	 1.935538
0.0011080083 	 3.0604808
0.0024967343 	 1.9016429
0.001163981 	 2.0166183
0.00015939552 	 3.0262263
0.0030926554 	 2.0828109
0.0010666574 	 1.9200386
0.0018999734 	 2.9543297
0.00062825147 	 3.7437456
0.005241517 	 1.6381395
0.012101986 	 1.2861539
0.00090133026 	 0.64004475
0.0049985796 	 2.2966511
0.008565527 	 3.8933442
0.0012934821 	 2.7030766
0.01233338 	 0.9063036
0.00028286403 	 2.9493065
0.00070614705 	 3.4246001
0.054089975 	 1.5690222
0.025860913 	 2.4295385
0.002008248 	 2.7010796
0.0025752536 	 1.2368841
0.011503568 	 2.502004
0.0020107564 	 2.9143283
0.021302572 	 2.0722332
0.026092578 	 0.95804155
0.014573455 	 1.6246126
0.045629993 	 2.193839
0.021046083 	 3.3398836
0.02464903 	 1.8755286
0.020869508 	 0.74141407
0.0043195663 	 2.0722246
0.041866202 	 2.1008425
0.01073222 	 1.8687528
0.011419401 	 1.574398
0.027709167 	 2.9608855
0.006426496 	 1.8706871
0.012157793 	 0.97112393
0.0006246729 	 2.2646036
0.010108307 	 2.2965083
0.027527612 	 1.3774703
0.027098827 	 1.536983
0.028685149 	 2.4177973
0.016851716 	 2.1766486
0.0051255827 	 1.5715526
0.03207325 	 1.8550245
0.005956833 	 2.4442816
0.0023340383 	 2.8754354
0.008465858 	 2.2743492
0.020569263 	 1.261311
0.024367312 	 2.0865293
0.012091429 	 1.8630704
0.02094431 	 2.0740612
0.0024316048 	 1.8446761
0.0003522659 	 1.2095826
4.029355e-05 	 2.8661392
0.021931743 	 2.3967588
0.00011379174 	 3.8895226
0.008854614 	 3.283055
0.021051623 	 3.4489765
0.042327236 	 2.6750147
0.023979317 	 1.4839284
0.023359656 	 2.4711647
0.034103967 	 1.4360324
0.040810406 	 3.6036108
0.039478462 	 2.4692476
0.04219144 	 1.6951212
0.038911466 	 2.0489619
0.0032153507 	 0.9185507
0.0014182249 	 2.138229
0.004269163 	 3.4403186
0.021914806 	 1.9361693
0.01097559 	 2.420286
0.029178314 	 2.4652355
0.0033765752 	 2.7676866
0.0012213294 	 2.097733
0.016142197 	 1.1616089
0.0016685332 	 4.166796
0.0006738787 	 2.2797287
0.008975973 	 2.5130322
0.014849583 	 2.603469
0.00090467115 	 2.3477852
0.012261392 	 2.0842052
0.0019350284 	 2.4040575
0.0009282366 	 2.3377082
0.00030754766 	 1.1054969
0.0011651148 	 3.2059436
0.0052622487 	 2.2227707
0.0073294966 	 2.3453934
0.0054520904 	 1.1805558
0.0021271664 	 1.1201415
0.03540234 	 2.2348943
0.001543998 	 3.857803
0.002151776 	 3.3406222
0.13212095 	 2.2739186
0.094316415 	 3.2438493
0.20624541 	 2.312371
0.21210201 	 1.391004
0.006454511 	 1.888144
0.11040007 	 1.4992532
0.04107481 	 1.8968334
1.4901173e-06 	 8.117584
0.028784646 	 1.0395136
0.032880582 	 1.5973088
0.046531085 	 1.6410319
0.008433218 	 2.2896142
0.00859697 	 3.2056096
0.004464145 	 5.820952
0.010049604 	 2.5189874
0.000844895 	 1.8776307
0.0026855138 	 2.5699701
0.004155975 	 2.7869508
0.00052513555 	 2.8753254
0.00016362814 	 3.7694073
-1.1920928e-07 	 1.3114913
-9.5367386e-07 	 1.6454271
1.7762342e-05 	 1.7742096
1.3411135e-05 	 6.598792
4.9115435e-05 	 7.591273
1.37687675e-05 	 5.6110225
0.0032648635 	 2.803337
0.013137791 	 1.7434708
0.0013461825 	 3.4451838
0.0009514446 	 2.3516998
0.37123853 	 2.408645
0.018093389 	 3.729916
1.2934292e-05 	 2.1874824
0.0056617493 	 3.6122012
0.38211378 	 2.6767359
0.031313427 	 3.700432
0.14677222 	 3.8722131
0.04357706 	 1.4564114
0.07191102 	 1.5143534
0.043970805 	 1.5511906
0.008795323 	 2.6071422
0.0361586 	 1.5741282
5.901034e-05 	 2.373372
0.002293712 	 5.253413
0.04574922 	 1.8057917
0.010197301 	 6.773243
0.08975663 	 2.2350314
0.021003231 	 2.6007354
0.03685594 	 3.129969
0.031750113 	 1.4126526
0.0011200022 	 4.494378
0.00017817416 	 2.4010274
0.028908938 	 2.0960147
0.13720474 	 2.3490913
0.12485028 	 2.1624744
0.100649185 	 1.0666078
0.06944409 	 2.6523175
0.24624649 	 1.9975439
0.14215687 	 3.8561304
0.10911565 	 3.0854092
0.10349309 	 2.048258
0.1376734 	 2.2668774
0.0037910587 	 1.6637377
0.010292326 	 2.9845595
0.033724632 	 1.9157908
0.02970531 	 3.4455369
9.686224e-05 	 1.4544821
0.013054936 	 3.86655
0.03675446 	 1.1679615
0.04837281 	 2.286465
0.12712589 	 2.1030264
0.17092995 	 3.32168
0.16887757 	 2.5339344
0.24945545 	 1.7199444
0.18321505 	 2.5594723
0.2540132 	 1.8295666
0.31389463 	 1.4607719
0.21969317 	 0.8589465
0.2060176 	 1.490354
0.14023669 	 1.6706088
0.18053953 	 1.5169982
0.2121026 	 0.8605848
0.24364017 	 0.66605085
0.29745612 	 1.3230916
0.17100294 	 1.3071047
0.20779702 	 1.059852
0.10266151 	 2.189878
0.13437247 	 2.281799
0.07602596 	 2.9699535
0.085152246 	 2.256314
0.0029361395 	 3.5073862
0.022680076 	 2.0549045
0.009758788 	 2.440339
0.039678387 	 1.9997431
0.08844927 	 2.2085366
0.037285775 	 3.4664557
0.10302934 	 1.8687946
0.12346814 	 2.0025835
0.112607844 	 3.4184067
0.087859094 	 2.0561144
0.09469894 	 1.4446653
0.054548748 	 1.9377745
0.06791035 	 2.4580352
0.029127993 	 1.9953583
0.05145055 	 2.6189728
0.11001363 	 2.0999806
Summary
-9.5367386e-07  -  0.95763826 ,  0.5106099  -  8.117584
accuracy:  100.0
equal predictions:  0
TensorFlow version: 1.13.1
Found 939 images belonging to 1 classes.
argN = 49
argN = 49
0.639922 	 4.642258
0.57157415 	 2.5304954
0.401213 	 1.5890924
0.21307391 	 3.9806964
0.16586058 	 3.7654665
0.17034976 	 1.2920641
0.10361618 	 2.743538
0.15408377 	 3.367
0.19812034 	 2.4826422
0.29893774 	 4.173184
0.3119633 	 3.119546
0.056233667 	 1.8180743
0.052350875 	 1.6808282
0.042881366 	 2.886118
0.3169429 	 2.6416607
0.22352694 	 2.2543683
0.38097015 	 0.9590611
0.4565381 	 1.5071408
0.39246514 	 0.70880425
0.15681295 	 1.4809965
0.23189382 	 1.2575488
0.23883352 	 2.985973
0.069914825 	 3.2114556
0.0076572057 	 1.476131
0.023097577 	 2.9489868
0.03285083 	 1.7572575
0.07131791 	 2.276337
0.77497554 	 2.9462953
0.9087588 	 2.942374
0.46168992 	 1.4984574
0.06974174 	 5.9076767
0.12740621 	 1.691824
0.1862402 	 6.590598
0.15987617 	 1.7280275
0.46553013 	 2.3364155
0.24885203 	 1.7897352
0.5989446 	 1.4767379
0.448039 	 3.6866233
0.07147584 	 1.9823147
0.23334977 	 2.7252128
0.16668658 	 0.58937556
0.069293514 	 2.6649714
0.009985667 	 3.0057096
0.20216809 	 2.2743914
0.256089 	 1.6907039
0.22945827 	 2.3440437
0.15681379 	 2.0820782
0.10620676 	 4.877688
0.21966355 	 1.8526055
0.1708439 	 2.3134205
0.30087176 	 1.4468725
0.1320058 	 1.9700364
0.00846736 	 1.5526884
0.0152051225 	 1.8688885
0.05385708 	 1.1545911
0.00078345224 	 2.623648
0.0010589602 	 1.1935858
0.047645263 	 1.6923563
0.05819703 	 1.5283384
0.1227357 	 1.8321106
0.12512355 	 1.4784302
0.04588288 	 1.9255608
0.12820293 	 2.2364697
0.24950379 	 1.1067721
0.33991286 	 2.0342457
0.0541449 	 4.2640057
0.12789129 	 1.6255647
0.23875928 	 1.830523
0.27946734 	 2.2205772
0.2519227 	 1.6415324
0.080324724 	 2.4624796
0.0229898 	 2.3658955
0.0027763606 	 2.7008665
0.00010794984 	 1.4321544
0.13970111 	 1.8832711
0.105383985 	 2.6474395
0.15969336 	 0.70247924
0.13799274 	 1.628194
0.14270416 	 1.9657576
0.056551564 	 6.87086
0.004032985 	 2.3267052
0.00803369 	 2.6983106
0.02610255 	 1.5513557
0.0059453803 	 2.6865957
0.035388507 	 1.8686459
0.00055602746 	 3.18012
0.00085181504 	 1.8688611
0.069684096 	 2.217506
0.032240853 	 3.0641544
0.024080118 	 1.9201074
0.0038567553 	 3.8095748
0.013268853 	 0.98455423
0.010586008 	 3.156372
0.000458107 	 2.1170204
0.00030927671 	 2.637748
0.0017493758 	 1.6284348
0.00013274835 	 2.556649
0.00014532669 	 2.363835
0.0015979653 	 3.9290335
0.00842901 	 1.2746352
0.0027605814 	 0.7873286
1.1920936e-06 	 1.6955199
0.014072748 	 2.5238755
6.198902e-06 	 2.1873353
0.0013919619 	 1.4675007
0.001644592 	 2.23653
0.049533382 	 3.1690662
0.025122544 	 1.7986763
0.0016669808 	 1.6506029
0.0011703065 	 2.0073292
0.05020207 	 2.3872602
0.015378945 	 1.4962864
0.0030698164 	 4.7032995
0.00040849444 	 1.621253
0.018837336 	 2.6181014
0.0001458632 	 2.0453436
0.0054605408 	 0.798661
0.019565243 	 1.8580319
0.0069383923 	 0.5631388
0.008016806 	 2.076959
0.0051494273 	 1.8184801
0.0024226424 	 1.530465
3.0100799e-05 	 3.7557788
3.838613e-05 	 2.650168
0.0126771005 	 1.7376883
0.0002431569 	 2.0552619
8.309232e-05 	 2.4860034
4.9532686e-05 	 2.3561175
0.0016687122 	 1.5014176
0.0013982292 	 2.1339023
0.0035490715 	 1.3212246
0.003015351 	 3.3911448
0.0001207663 	 0.89096457
6.604413e-05 	 2.492414
0.0053777196 	 2.2319858
0.0054659345 	 1.2341502
0.010275886 	 3.9940028
0.020566829 	 3.6294696
0.020537259 	 2.6172216
0.012233998 	 2.1509337
0.032690942 	 2.6208932
0.03394789 	 0.91775364
0.021510221 	 1.8074262
0.021952031 	 2.0666087
0.026240032 	 3.2004075
0.023105323 	 2.4315667
0.036271762 	 2.4610965
0.021773407 	 1.9859955
0.072018184 	 2.0537038
0.020846685 	 2.8555954
0.041028854 	 0.97658867
0.04006458 	 2.7883916
0.0003253751 	 2.052343
0.00021573248 	 1.2380633
0.02104097 	 2.2526648
0.0086061675 	 1.3581351
0.017447038 	 1.8992189
0.0007043577 	 2.9820964
0.0064333347 	 2.1905634
0.029565876 	 2.261251
0.020788018 	 1.5090822
0.006949556 	 1.2460533
0.015955886 	 1.2515279
0.001524537 	 2.4915092
0.0032765842 	 2.4241076
0.0026212686 	 1.1670605
0.012209803 	 0.59298545
0.01663194 	 2.8895009
0.0005641979 	 1.7891219
0.006400041 	 2.5183697
0.052867733 	 1.4623739
0.0006652899 	 2.9653208
0.0008128608 	 2.558103
0.0036289894 	 2.2495046
0.0020211486 	 2.3668935
0.00020303403 	 1.5529821
0.00023963938 	 2.3016627
0.0004216129 	 0.57555884
0.0005841769 	 1.0999944
0.0133903865 	 1.8875095
0.0011433937 	 1.1180078
0.015635861 	 3.4127324
0.000321738 	 2.189131
0.0015252534 	 2.5073295
0.0051972987 	 0.99476403
0.012039486 	 1.2520094
0.0064795273 	 1.6107188
0.0050532725 	 1.7683394
0.0010569314 	 2.3861845
0.0014028251 	 2.9491665
0.001140768 	 1.4803923
0.0024814373 	 1.5208206
0.006702183 	 1.9031417
0.0028114463 	 1.6077342
0.0013700568 	 2.2333682
0.0024693673 	 2.484847
0.0014525468 	 1.2121952
0.0011949523 	 2.5545833
0.14446701 	 2.4195192
0.123391874 	 1.3864993
0.041931774 	 2.1262345
0.07163328 	 2.2243068
0.043742683 	 4.238303
0.046081968 	 2.8089733
-7.152555e-07 	 3.159479
0.005915221 	 3.7572355
0.004256413 	 2.5462902
0.0018946584 	 4.4790606
0.018201733 	 5.5527472
0.06731916 	 1.2037994
0.040917885 	 2.9601684
0.010562997 	 1.0573335
8.40429e-06 	 2.5009656
1.5378117e-05 	 2.5155087
0.0 	 2.8118882
1.1622973e-05 	 3.1077642
1.5437723e-05 	 1.458759
8.16587e-06 	 5.138647
0.001224194 	 1.6145041
0.025223643 	 1.7962308
0.00075511826 	 0.6546536
0.009107994 	 2.4983988
2.8491426e-05 	 3.736668
0.027716152 	 1.9225225
0.011519968 	 3.9342308
0.020244898 	 3.1083205
0.019908844 	 3.1538682
9.477183e-06 	 2.1462064
0.013539485 	 3.6781785
0.0009754884 	 4.4242644
0.016380282 	 2.558973
5.1678562e-05 	 2.0927463
0.0035428505 	 3.1163158
0.06838892 	 0.98095626
0.12552534 	 3.0375378
0.033886597 	 2.230305
0.0071401387 	 6.091777
0.0085220635 	 1.8894942
0.021459553 	 2.7265644
0.022922652 	 1.7982147
7.331398e-06 	 2.4071107
0.041664224 	 1.0680789
0.012672935 	 2.0910096
0.048529528 	 1.6266665
0.044971213 	 2.2099624
0.0004660381 	 3.6190279
0.0012198375 	 1.4722836
0.0015235222 	 2.8616016
0.020861778 	 1.7432524
0.022149883 	 3.306147
0.005758802 	 2.2304041
0.018662427 	 2.4139438
0.0009645105 	 2.9584017
0.046933364 	 1.5635358
0.022856971 	 2.4245615
0.0686512 	 1.3055615
0.03944368 	 1.5942669
0.09739401 	 1.4374284
0.04398843 	 2.7227337
0.15179802 	 1.9184668
0.17666534 	 2.3361235
0.18172738 	 1.1332723
0.16079059 	 1.3080728
0.1382983 	 2.413203
0.06706239 	 1.6648239
0.07171038 	 2.2296708
0.06266973 	 1.6085932
0.07242028 	 3.095246
0.08707319 	 2.313434
0.02209699 	 2.495991
0.010452407 	 2.0910347
0.0052757305 	 1.4924947
0.026419763 	 0.68871206
0.044966534 	 3.7245722
0.006284212 	 3.4254608
0.011085936 	 2.3238225
0.00058554864 	 2.6061234
0.039540716 	 5.999586
0.0055548768 	 3.1530113
0.06486982 	 2.3450892
0.11707511 	 1.4602005
0.15268093 	 1.4194578
0.15492341 	 2.4895706
0.21288761 	 3.19415
0.24737763 	 0.82373154
0.22926861 	 3.2070708
0.19498253 	 1.044337
0.32002482 	 1.6390821
0.07445212 	 1.2789079
0.085413195 	 2.3221467
0.10802424 	 1.4943523
0.18033928 	 1.3691026
0.12038204 	 0.87191164
0.12251085 	 1.061246
0.17170502 	 0.98980165
0.21402718 	 1.0901294
0.29633304 	 1.157925
0.16663891 	 1.588657
0.06868312 	 1.8717047
0.09646469 	 3.064277
0.021272128 	 3.0089478
0.00031953194 	 3.6600652
0.028733179 	 2.2665622
0.0102449935 	 1.7229327
0.018923163 	 1.6248853
0.11092845 	 2.0511594
0.11164503 	 1.4965818
0.072586134 	 1.9093935
0.0006313528 	 3.323902
0.042852685 	 4.3478346
0.06645553 	 1.3328279
0.025881344 	 3.8591619
0.031445168 	 1.4909999
Summary
-7.152555e-07  -  0.9087588 ,  0.5631388  -  6.87086
accuracy:  100.0
equal predictions:  0
TensorFlow version: 1.13.1
Found 939 images belonging to 1 classes.
argN = 49
argN = 49
0.6095253 	 2.1156886
0.3972726 	 2.0051754
0.29982173 	 1.6947926
0.73925686 	 3.076566
0.78819567 	 2.2109337
0.36813456 	 1.4787792
0.207777 	 3.5021226
0.15461856 	 2.364856
0.28183883 	 2.646752
0.19442369 	 3.0398312
0.07584166 	 2.9638681
0.09195263 	 2.3582678
0.07065965 	 3.5080783
0.30119184 	 2.4739099
0.1815692 	 1.9275776
0.19955635 	 1.0374161
0.19592479 	 1.3264741
0.30571952 	 1.9664094
0.3142566 	 2.7041278
0.68368256 	 2.5597754
0.6614164 	 1.7689695
0.655234 	 1.5186276
0.8576185 	 0.6989471
0.3345647 	 3.602882
0.06318427 	 2.6322503
0.05835814 	 2.3529232
0.16090491 	 1.5003252
0.027264439 	 1.5185097
0.0030038725 	 2.9061444
0.035977483 	 2.1872969
0.1707534 	 2.1489773
0.16952343 	 2.532548
0.21077695 	 2.6632645
0.30573103 	 1.3620353
0.15197293 	 3.587977
0.41648796 	 2.4819167
0.5332441 	 0.87603575
0.36298 	 3.9849925
0.08154034 	 3.2378266
0.13558199 	 2.164562
0.4581544 	 1.2071002
0.7781458 	 2.0934205
0.27233493 	 3.4485452
0.22223379 	 2.4462304
0.20439634 	 0.80067664
0.323374 	 3.3555214
0.28345165 	 2.9495354
0.18813811 	 2.1139417
0.017291108 	 2.9945695
0.04235074 	 2.2907734
0.065155424 	 2.0791976
0.10295521 	 3.355612
0.0008190051 	 1.111709
0.019516801 	 2.276208
0.24713942 	 2.8221033
0.2183432 	 1.9243336
0.22843206 	 1.5990465
0.22225545 	 1.9294593
0.11734117 	 2.7384863
0.25021148 	 1.8664554
0.3633103 	 1.4392759
0.39410365 	 1.2987612
0.03779397 	 1.680306
0.005447296 	 2.6165628
0.0131271025 	 1.5479368
0.03386064 	 3.1580465
0.00045011635 	 2.9684918
0.0006240765 	 2.129366
0.04506361 	 3.732478
0.08228734 	 2.195908
0.011999008 	 2.747944
0.2110816 	 1.1599617
0.0645314 	 4.875881
0.12629993 	 3.2504544
0.096785076 	 1.9746242
0.094416305 	 1.9301137
0.08397412 	 6.0284333
0.078814335 	 3.3108213
0.28727368 	 4.770031
0.29365885 	 3.1704793
0.31107548 	 1.7914119
0.13493727 	 2.548839
0.21673478 	 3.0662642
0.25976968 	 2.8462634
0.30483046 	 1.9580842
0.21482974 	 1.7230532
0.20808652 	 2.391265
0.04483836 	 4.90369
0.13276711 	 2.5589762
0.040576365 	 2.0944467
0.20946504 	 1.9459324
0.23174164 	 1.1636302
0.013925021 	 1.7646773
0.007331658 	 5.6981525
0.010455781 	 2.9434369
0.03681407 	 1.4708021
0.00015438795 	 2.6348562
0.021830855 	 1.102921
0.025237458 	 4.4354086
0.020300493 	 2.118784
0.0877447 	 2.196602
0.08457427 	 1.9681613
0.029075218 	 1.5678045
0.02878029 	 2.4464962
0.021860644 	 0.8641262
0.0127038425 	 1.626183
0.002678103 	 2.5451994
0.0022167081 	 2.2051866
0.0051452336 	 2.6300142
0.00100538 	 1.5950377
0.00053688395 	 1.6048415
0.00018646072 	 2.1708913
0.0005883517 	 2.713744
2.6166781e-05 	 2.3234215
3.9041803e-05 	 2.9427683
0.00016696655 	 1.956568
0.0033396157 	 1.1038098
0.009703115 	 0.4575784
0.03144738 	 3.6436906
0.046162236 	 2.484541
0.0359587 	 2.8603828
0.021106288 	 1.8584977
0.0026891595 	 2.429272
0.0041156947 	 2.6104338
0.009272337 	 1.4341586
0.001959932 	 0.8340114
0.00068884966 	 1.6217833
3.3438766e-05 	 3.2312121
0.0061532836 	 2.1671765
0.00701432 	 1.6278354
0.013601717 	 2.2007704
0.05963583 	 1.709146
0.004039448 	 3.0173955
0.017665293 	 3.0682259
0.022436889 	 1.8741405
0.021914806 	 3.3453019
0.022772942 	 2.7069023
0.03791456 	 3.2485476
0.01715952 	 1.8874366
0.00072451844 	 1.5179069
0.00043371783 	 3.3272145
0.028326256 	 1.0962025
0.04565326 	 1.4840307
0.021914136 	 1.7118032
0.009553444 	 0.96910053
0.0012193004 	 0.9462758
0.0007450972 	 2.885156
0.00080397254 	 1.3423424
0.005252782 	 1.9049639
0.0016641747 	 3.170167
0.0013722056 	 1.6588539
0.012667865 	 1.9233532
0.00072153605 	 3.5673723
0.022681601 	 1.7152128
0.02167223 	 1.5970864
0.00015021498 	 3.3760877
0.010300215 	 1.3220067
0.0027400209 	 2.473103
0.008057124 	 2.517434
0.0080801975 	 2.9357786
0.00012327 	 2.905312
0.0004689601 	 3.517352
6.199075e-05 	 3.7163365
0.0013579405 	 2.120841
0.020970423 	 1.1932596
0.0009903446 	 1.6056763
0.019604266 	 4.562261
0.015211295 	 1.6708331
0.032352157 	 1.0910566
0.019413482 	 1.9580669
0.001278323 	 4.046783
0.021593476 	 1.8455988
0.013302195 	 3.085344
0.013974825 	 2.6135983
0.0038686625 	 3.784695
0.014930409 	 1.8164374
0.0038769199 	 2.3865552
0.0055034524 	 4.206981
0.0006977369 	 2.4438312
0.02425836 	 1.5139085
0.0010959549 	 1.2291783
0.003933407 	 1.7251215
0.000962303 	 1.5436414
0.0003882208 	 1.4328362
0.0014213884 	 3.104835
0.00064930535 	 1.4742415
0.0007293499 	 2.5805595
0.0003058782 	 1.7756666
0.00080093025 	 2.181951
0.005060821 	 2.4409652
0.002228357 	 1.5152261
0.0013435564 	 1.978825
0.0021918577 	 1.2690018
0.006269997 	 1.7809285
0.0066869417 	 1.3454151
0.09518119 	 2.0940711
0.11181125 	 1.5652965
0.1351938 	 1.7810488
0.106254086 	 3.2669017
0.010308947 	 2.7761574
0.020208282 	 2.4662516
0.020547481 	 3.1505144
0.019146297 	 3.1933012
0.018969815 	 1.113672
0.00059843087 	 1.5107644
-2.3841855e-07 	 2.1334019
0.015284041 	 2.6813824
0.0019695472 	 2.3154159
8.607281e-05 	 1.7669594
0.01850819 	 3.1050744
0.0024203719 	 1.6516677
0.01336864 	 2.0622807
0.012922514 	 2.5081294
0.008219251 	 2.3185809
0.0003953165 	 3.364284
0.015441775 	 2.7964902
0.000121183584 	 0.88826054
0.0008043901 	 2.1380625
5.960466e-07 	 1.1272773
0.015875703 	 3.7829304
0.013282201 	 0.79691106
3.2604272e-05 	 2.9264886
0.0018376894 	 1.2230338
0.01769963 	 1.1427851
0.028571432 	 3.0292838
0.0037825627 	 2.774328
0.00022622521 	 2.5116222
-7.152555e-07 	 1.4763422
0.014188818 	 3.0646765
0.049785066 	 2.039644
0.1225504 	 2.2083027
0.103852026 	 0.9910924
0.020620799 	 3.8669887
0.008041802 	 2.085735
-9.5367386e-07 	 1.454661
0.0019040342 	 3.826112
0.0002835795 	 2.6258798
0.020685602 	 1.8411294
0.07834333 	 1.6293501
0.022175295 	 3.3637655
0.037638243 	 0.89274615
0.075685166 	 2.4775407
0.04147465 	 2.1529138
0.018839706 	 5.642881
0.07341172 	 1.7536098
0.056235746 	 3.5310237
0.04010044 	 1.508966
0.024527403 	 1.6210437
0.028904522 	 2.1201048
0.04089224 	 1.7153268
0.016173454 	 1.5313412
0.00847265 	 4.9659386
5.6028525e-06 	 6.515331
0.0009920748 	 3.8181796
5.3526404e-05 	 1.211314
0.0055825077 	 2.7773974
0.01155494 	 1.9112267
0.028848998 	 1.81544
0.06300777 	 2.5832305
0.06329303 	 3.5288029
0.16285674 	 3.1899228
0.037799977 	 1.7199653
0.08070523 	 2.5160124
0.09161159 	 1.6789106
0.11797214 	 3.2016017
0.04367531 	 2.5059683
0.027324283 	 1.7763355
0.019097572 	 2.012686
0.036696337 	 2.654443
0.02042921 	 2.4623623
0.061299942 	 1.9159819
8.052912e-05 	 3.7044802
0.0016784441 	 2.4690025
0.004470611 	 3.3981528
0.034053583 	 2.925237
0.03931162 	 1.463656
0.20497425 	 2.9002652
0.17635708 	 2.6820607
0.2927715 	 2.0710163
0.25278673 	 2.208511
0.15982902 	 0.844089
0.15267503 	 1.5468881
0.22879203 	 1.3560386
0.20327199 	 2.1176488
0.107482396 	 1.4939014
0.09263095 	 1.9242604
0.041193187 	 1.0893981
0.26633358 	 1.0176557
0.18529129 	 1.2444259
0.12405138 	 1.8948511
0.12543608 	 2.5912201
0.16949879 	 2.7162468
0.0421869 	 2.473854
0.06300885 	 3.164389
0.0009958337 	 3.231476
0.009110038 	 3.8076963
0.056264814 	 2.82375
0.09949375 	 2.712416
0.09625231 	 2.865728
0.116018154 	 2.0457072
0.12788418 	 1.5983831
0.18291198 	 1.8756635
0.03558965 	 1.0885351
0.06791667 	 1.7847804
0.041765332 	 1.7157353
0.055646755 	 2.2688866
0.07842049 	 1.0553802
0.03138532 	 2.4753165
0.06578117 	 2.9394984
0.014942206 	 2.6215727
0.008699418 	 1.5479339
0.00101606 	 2.728405
0.043691624 	 1.1981839
Summary
-9.5367386e-07  -  0.8576185 ,  0.4575784  -  6.515331
accuracy:  99.7
equal predictions:  0
