TensorFlow version: 1.13.1
Found 939 images belonging to 1 classes.
argN = 784
argN = 784
0.14565253 	 3.224734
0.15906696 	 2.3117108
0.3948861 	 2.3884044
0.44436234 	 2.4643579
0.08929152 	 2.776164
0.07685794 	 2.4817705
0.047180336 	 1.3805846
0.0337406 	 2.1421964
0.046936676 	 2.8963363
0.043002196 	 2.8322191
0.06792011 	 2.1395557
0.06970518 	 1.5296254
0.03369399 	 2.487349
0.05625794 	 1.887315
0.12190515 	 2.2205389
0.072299875 	 1.9369252
0.06951367 	 2.1843758
0.054881096 	 2.598124
0.057616226 	 2.405109
0.042899035 	 2.1420093
0.059797302 	 1.87186
0.10935347 	 3.0783358
0.117493525 	 2.2931206
0.054822855 	 2.2321115
0.21366999 	 1.6454871
0.13217326 	 2.2920709
0.08750006 	 2.1098833
0.06517902 	 1.8544885
0.07545258 	 1.9980555
0.06726083 	 2.1750083
0.015423494 	 1.6894656
0.010253665 	 2.446532
0.010253484 	 2.8490822
0.027149966 	 2.924645
0.15425019 	 2.569924
0.15291497 	 2.4669652
0.07263388 	 2.8797243
0.075413056 	 2.6028063
0.2691594 	 1.9954579
0.2782123 	 2.4334965
0.31115043 	 2.46277
0.121049255 	 1.8012421
0.11068407 	 1.995671
0.11453339 	 2.912947
0.20561793 	 2.0201359
0.26736504 	 2.1818564
0.46118528 	 1.9793059
0.40373778 	 2.8964982
0.05363053 	 2.270535
0.10592907 	 3.072427
0.071372196 	 2.3144636
0.035125725 	 4.870831
0.019284895 	 3.0815089
0.039398912 	 2.335968
0.051013518 	 2.0473077
0.07865789 	 1.8906337
0.03901459 	 3.107251
0.03374664 	 2.965514
0.024532044 	 2.050382
0.027404042 	 2.6819537
0.055219226 	 2.508314
0.03855762 	 1.7337899
0.07676506 	 2.892722
0.08794468 	 2.766032
0.09893795 	 2.1810079
0.05466212 	 2.265109
0.011227036 	 1.9891658
0.014128968 	 2.552759
0.0038328813 	 2.0851192
0.001275339 	 2.2921345
0.0038328813 	 2.197668
0.020617878 	 2.1568186
0.027254578 	 2.1524355
0.08959077 	 2.0297606
0.22749549 	 1.9846592
0.18721013 	 2.3099387
0.1891814 	 1.4344485
0.16197637 	 3.0499284
0.08313537 	 2.6418407
0.07437102 	 1.979743
0.23164837 	 2.817618
0.11261605 	 2.4684246
0.1776278 	 1.7970499
0.083874166 	 3.0006378
0.025814306 	 2.869019
0.031396393 	 2.5169506
0.0541432 	 2.03885
0.058594674 	 3.050884
0.056427572 	 2.6494238
0.065544836 	 1.7301621
0.052210573 	 3.1575992
0.01283859 	 2.69019
0.015402309 	 2.6822402
0.024506817 	 2.1176846
0.010255411 	 2.5913522
0.018015401 	 3.0102992
0.019521603 	 2.2106755
0.010937685 	 2.1323397
0.0063969814 	 2.5367975
0.0076814713 	 2.6570506
0.0076816515 	 1.8173528
0.0063969814 	 2.400215
0.00511408 	 2.6584594
0.026504284 	 1.9604437
0.024509443 	 2.4975073
0.032405656 	 2.1326191
0.024281994 	 2.577402
0.021010049 	 0.879746
0.019338308 	 1.5430698
0.013263719 	 1.4084743
0.025842808 	 1.1785133
0.011248676 	 1.0043819
0.0076814713 	 1.7819965
0.015384634 	 1.3802054
0.0089243725 	 1.3715708
0.0032880062 	 1.7646648
0.01283376 	 1.3724574
0.0051146788 	 2.4152384
0.0076814713 	 1.1963131
0.010200132 	 1.3252541
0.015175288 	 1.6644251
0.018008241 	 1.5275575
0.012775017 	 1.1822358
0.019294739 	 1.1809899
0.017934326 	 1.4542838
0.018117059 	 1.1080291
0.009988436 	 0.7845057
0.015426279 	 1.043787
0.012950531 	 1.6355423
0.014128968 	 1.546351
0.01897911 	 1.3734137
0.018017707 	 1.096352
0.016719578 	 1.42032
0.014221102 	 1.9265025
0.019319348 	 1.24928
0.012826455 	 1.5906181
0.0128361145 	 2.4921105
0.009167905 	 1.5646019
0.012793853 	 1.4391617
0.01217348 	 1.5431163
0.00897892 	 1.4594202
0.008967673 	 1.0512825
0.0076814713 	 2.0104246
0.010255411 	 1.7082509
0.0076814713 	 1.4726021
0.0025532627 	 0.9333768
0.0077376333 	 1.0036097
0.011153741 	 1.1329792
0.008967673 	 1.4191456
0.00511408 	 1.2873675
0.01154499 	 1.8305007
0.008966531 	 1.8601143
0.010874474 	 1.7660552
0.010254689 	 1.5206108
0.008967673 	 1.4160949
0.0063969814 	 1.7151681
0.00511408 	 1.3478373
0.007175438 	 0.9782765
0.0025532627 	 0.8927044
0.0038237867 	 1.3694898
0.0038328813 	 1.120539
0.0038342576 	 1.7151916
0.0025502748 	 1.3364954
0.0025532627 	 1.4594377
-9.5367386e-07 	 0.9214899
0.001275339 	 0.875395
0.0025532627 	 1.6880699
0.001275339 	 1.4349948
0.0076814713 	 1.1234264
0.0076814713 	 1.5556146
0.0062190155 	 1.4483012
0.0063969814 	 1.8767936
0.007465804 	 1.8851575
0.006344254 	 1.9639539
0.008822261 	 0.76936275
0.0025532627 	 1.9736117
0.0076815314 	 1.0179038
0.009769983 	 1.1318772
0.005113241 	 1.438525
0.01154499 	 1.4124172
0.020636192 	 2.005589
0.024104603 	 1.4423982
0.03234729 	 1.4735476
0.02749502 	 1.385313
0.020584838 	 0.9339992
0.030924018 	 1.788062
0.01794446 	 1.5109541
0.014128968 	 1.1535771
0.023368198 	 1.6598032
0.026106466 	 1.6434
0.020687 	 1.0998102
0.024525937 	 2.2452676
0.025785988 	 0.7908167
0.021570697 	 1.2197497
0.022811236 	 1.9788867
0.016594851 	 1.8840497
0.025817426 	 1.397287
0.011068699 	 1.3991604
0.020605342 	 1.3807007
0.01412933 	 1.0362147
0.019146176 	 0.9391771
0.23773505 	 1.2107083
0.2662316 	 1.6412112
0.20137519 	 1.5316353
0.24661422 	 1.9302242
0.2064315 	 2.0098972
0.22516513 	 2.1218584
0.18876399 	 1.611596
0.113220684 	 1.2483916
0.11899384 	 2.6705604
0.09569234 	 2.0492773
0.084911816 	 1.7620726
0.12793213 	 2.6878173
0.1335493 	 3.0008235
0.14837709 	 2.6017992
0.15562195 	 1.9453005
0.14124262 	 2.7931132
0.14825955 	 1.6879926
0.13205422 	 2.2438805
0.12337791 	 1.9098337
0.11108517 	 2.426352
0.1363189 	 1.9445657
0.14926058 	 1.8362737
0.12648782 	 2.5008159
0.08641865 	 2.1983373
0.072325826 	 3.180186
0.07822453 	 1.8052474
0.09492647 	 1.7382001
0.09444185 	 2.505637
0.10476567 	 3.087222
0.08815147 	 2.381155
0.117622375 	 2.7505043
0.08806568 	 1.961801
0.10567438 	 2.8140807
0.28526464 	 2.0995936
0.20607847 	 2.0870519
0.11510669 	 1.6615583
0.13928612 	 2.2797043
0.13238417 	 1.7028917
0.16508709 	 2.2444522
0.14422077 	 3.2613885
0.15010835 	 1.5175163
0.1323413 	 1.5931908
0.12645367 	 2.3131652
0.08099927 	 2.2333791
0.093223296 	 2.5212598
0.124669455 	 2.4496362
0.10617494 	 2.1196394
0.12391096 	 1.5278351
0.11277229 	 2.18152
0.10674234 	 2.1843572
0.10196382 	 1.3270047
0.06287339 	 2.5055134
0.06316287 	 1.9861324
0.08099863 	 1.7759734
0.098042436 	 2.637563
0.103863135 	 2.7735994
0.11762553 	 2.0593176
0.14917685 	 2.3560445
0.20898025 	 1.9708308
0.28044483 	 1.5109509
0.2693047 	 1.3234733
0.2868343 	 1.8530989
0.11164423 	 1.6381723
0.09906134 	 1.302066
0.08238274 	 2.9859185
0.08279252 	 1.3839351
0.06856942 	 3.1018798
0.050683267 	 1.3811765
0.042796258 	 2.7931921
0.04208594 	 2.447405
0.059122168 	 2.187077
0.043209795 	 2.5067043
0.056197032 	 2.5115113
0.07273419 	 2.4899976
0.07392597 	 2.9026866
0.08370973 	 1.7888665
0.07875513 	 0.9839002
0.09743672 	 1.9195602
0.09516559 	 2.2700496
0.11639809 	 2.4038866
0.16715868 	 2.2820485
0.2768216 	 1.4275086
0.27832112 	 1.2282369
0.2616247 	 1.6718533
0.27390698 	 1.6119323
0.2266288 	 1.4659607
0.17028305 	 1.4033619
0.17959018 	 1.6736075
0.1526731 	 1.586528
0.12953497 	 1.82818
0.16691397 	 2.0786095
0.16930102 	 2.1128702
0.16039614 	 0.9178184
0.13931598 	 2.5856235
0.12773809 	 2.7638268
0.12481362 	 2.373855
0.10418656 	 1.9370178
0.100555584 	 1.8682601
0.09351849 	 2.67491
0.09055972 	 2.1978076
0.10755574 	 1.2527514
0.11858815 	 2.7876923
0.16003144 	 2.3730695
0.1555179 	 2.244979
0.16438311 	 2.0818229
0.13912307 	 1.0284204
0.12860711 	 2.197733
0.12704061 	 2.185838
0.13211204 	 1.9696654
0.11189878 	 3.0200315
0.09202288 	 2.5537415
0.08879875 	 2.4740946
Summary
-9.5367386e-07  -  0.46118528 ,  0.76936275  -  4.870831
accuracy:  100.0
equal predictions:  0
TensorFlow version: 1.13.1
Found 939 images belonging to 1 classes.
argN = 784
argN = 784
0.16562246 	 1.380179
0.1769279 	 0.7096327
0.3691109 	 0.87554896
0.36960727 	 1.3591131
0.3204524 	 0.74418306
0.32427222 	 0.5945142
0.3826627 	 0.70168376
0.22508025 	 0.9307568
0.1843258 	 0.8849705
0.23087741 	 0.45037755
0.4152205 	 0.6106836
0.3885064 	 0.65146387
0.34174564 	 0.6806645
0.211165 	 0.79756784
0.2391426 	 0.9580956
0.22163035 	 1.343373
0.29470402 	 0.8528029
0.12596889 	 0.8142908
0.15844144 	 0.5813271
0.30618793 	 0.7859677
0.38099608 	 0.5196829
0.37788057 	 0.8025546
0.3532885 	 0.42705345
0.33547744 	 0.6478765
0.32689863 	 0.38177556
0.3407725 	 0.60399103
0.49095047 	 0.52003354
0.11284649 	 1.0568134
0.1053367 	 1.2922702
0.16028203 	 1.1967118
0.0864939 	 0.8631775
0.045250375 	 0.8775461
0.14902851 	 0.9824088
0.16862652 	 0.65249324
0.21339075 	 1.1001635
0.23814277 	 0.5802326
0.15551262 	 1.0263156
0.2216962 	 0.6638441
0.2078745 	 2.4569962
0.17050625 	 1.0119984
0.24761277 	 1.3033191
0.32733124 	 1.4280752
0.26953036 	 0.8773265
0.27937528 	 0.71913594
0.29800618 	 0.69377285
0.32045528 	 0.55574405
0.3589083 	 0.6358875
0.3580555 	 0.83536536
0.3641555 	 0.60593605
0.31685117 	 1.1605035
0.27964997 	 1.1777788
0.16777827 	 0.99354726
0.08691142 	 0.5569203
0.0693429 	 1.5561666
0.025815958 	 1.2487799
0.040928442 	 1.4616021
0.044941284 	 0.7902337
0.037663184 	 0.91620123
0.276072 	 1.0407681
0.27521124 	 0.99485767
0.2550905 	 0.8339356
0.2627902 	 1.1256939
0.30142844 	 0.9811316
0.3291241 	 0.83042234
0.38010213 	 0.72006744
0.35880613 	 0.36564314
0.36176673 	 0.5595861
0.37917325 	 0.7166477
0.3946172 	 0.48798576
0.49533916 	 0.6224247
0.4276107 	 0.8119496
0.2193761 	 1.1497375
0.13661802 	 0.8177132
0.19814752 	 1.2698869
0.19992347 	 2.0925052
0.10267981 	 0.8770773
0.049893264 	 0.8534553
0.038984407 	 0.98197657
0.1282091 	 0.72595286
0.18814315 	 0.8842569
0.25346887 	 0.93916774
0.24548955 	 1.5924448
0.14820744 	 0.77456886
0.1352999 	 0.47749192
0.24744886 	 0.74014485
0.22609003 	 1.1854026
0.24257575 	 0.7785086
0.28615862 	 0.83184254
0.2679364 	 0.87396234
0.25268787 	 0.61138207
0.27872297 	 0.8324425
0.3220645 	 0.48695228
0.1615879 	 1.4643261
0.022799466 	 1.0893586
0.020589584 	 0.8381447
0.00511408 	 0.9590505
0.07053159 	 1.8325888
0.2629229 	 1.0577826
0.26345244 	 1.3828605
0.26171157 	 1.2761118
0.41368 	 0.6531191
0.4412134 	 0.65526104
0.31199488 	 0.8241839
0.22200343 	 0.945993
0.14020295 	 1.034214
0.18776646 	 0.60158414
0.018017465 	 0.75901115
0.015726801 	 0.9167385
0.016376708 	 0.8592789
0.0063969814 	 1.06872
0.0101475045 	 0.39271095
0.0025532627 	 0.5776815
0.006347853 	 0.9981409
0.0025532627 	 0.5893002
0.00511408 	 0.8337626
0.031088665 	 1.1248207
0.040341944 	 1.2173063
0.042882547 	 0.5241654
0.057420764 	 0.6956314
0.0748311 	 0.4829146
0.06395085 	 1.5047314
0.09048507 	 1.2045946
0.13927686 	 0.62603086
0.14919761 	 0.9983353
0.18372224 	 0.65456736
0.23868686 	 1.4370377
0.25731122 	 0.5613336
0.23672567 	 0.8710139
0.2557474 	 0.6500341
0.25781164 	 1.0993673
0.26470256 	 0.81667566
0.2610983 	 0.54722583
0.2876107 	 0.6967093
0.27596414 	 0.9056589
0.27035123 	 0.7835373
0.25379208 	 0.8428818
0.26393715 	 0.8232864
0.26966062 	 0.5851832
0.28950948 	 1.0607843
0.3188038 	 0.6805136
0.40107447 	 0.9318532
0.34636053 	 0.83209974
0.3833544 	 0.78298
0.36564305 	 0.8030472
0.37424558 	 0.5995371
0.37871817 	 0.8039807
0.36496043 	 0.86913264
0.40348577 	 0.82879454
0.42123637 	 0.7444542
0.41452456 	 0.5435485
0.43801728 	 0.7031432
0.4547888 	 0.61660516
0.490371 	 0.58460385
0.47997665 	 0.66258764
0.47455555 	 0.8230001
0.44407925 	 0.7233633
0.40689644 	 0.8498764
0.41728723 	 0.753802
0.43105212 	 0.6514355
0.4487623 	 0.72246677
0.44212022 	 0.62094903
0.48457462 	 0.7709517
0.4210143 	 0.7411729
0.44448858 	 0.6926758
0.47024426 	 0.61410385
0.42922133 	 0.61532265
0.38972047 	 0.63866746
0.34730217 	 0.60608596
0.37867114 	 0.7057814
0.37207228 	 0.6996258
0.36093074 	 0.7328362
0.38275754 	 0.69685787
0.3511179 	 0.7276204
0.3071068 	 0.77954054
0.3039446 	 0.8416624
0.2982781 	 0.5478456
0.2617612 	 0.73980206
0.2408395 	 0.7136635
0.23035054 	 1.1347678
0.24729818 	 0.7400163
0.24251665 	 0.93400407
0.2419685 	 0.5058873
0.23993821 	 0.7493671
0.24243848 	 0.57712734
0.2642289 	 0.59435064
0.17524128 	 0.3408027
0.19249646 	 0.73513436
0.17673697 	 0.5306434
0.14793096 	 0.9547656
0.14031522 	 0.6483971
0.11299917 	 0.63365066
0.12606746 	 0.82954913
0.1691119 	 0.96891254
0.13085563 	 0.46579885
0.1401444 	 0.8502485
0.22532147 	 0.8316291
0.19807151 	 0.84140426
0.3276632 	 0.55579305
0.31883642 	 0.76178575
0.31934768 	 0.677483
0.3276292 	 0.75234073
0.32614672 	 0.4299416
0.29146123 	 0.43055695
0.307123 	 0.7769791
0.28853613 	 0.4382062
0.27362671 	 0.5140025
0.26286182 	 1.082286
0.32441682 	 1.8778957
0.29284242 	 1.4226679
0.28477228 	 1.5204827
0.27226403 	 1.7658527
0.21785867 	 1.9377253
0.15553927 	 2.2947357
0.20764825 	 2.000955
0.18341087 	 2.295497
0.20068061 	 2.5766115
0.21860838 	 1.8315914
0.19040458 	 2.4389029
0.20448995 	 2.2100503
0.18996821 	 2.0048451
0.18041417 	 1.1180663
0.17541963 	 2.2881615
0.14452596 	 2.3496428
0.13803092 	 2.332969
0.12881592 	 2.5154526
0.12627193 	 1.8756951
0.15612759 	 2.2177014
0.14746647 	 2.3845599
0.15423489 	 1.6823597
0.20426664 	 1.804589
0.22306724 	 1.7168078
0.34104276 	 1.5359418
0.47155502 	 1.3467411
0.31922448 	 1.6736441
0.2971403 	 2.103244
0.269813 	 1.8332086
0.25788268 	 1.9619007
0.23952566 	 1.9370141
0.22569026 	 2.2414656
0.2117964 	 2.0796144
0.31722274 	 1.449925
0.2817367 	 1.3884057
0.1783793 	 2.5700364
0.19031611 	 2.5361545
0.18772438 	 2.2450612
0.19404802 	 1.8064705
0.2095353 	 2.3293252
0.24727322 	 1.8025448
0.21848676 	 1.6830462
0.23830886 	 1.9167386
0.2491753 	 1.7082595
0.09695122 	 1.4864972
0.10883729 	 3.2801294
0.11755869 	 2.270184
0.107279934 	 2.308513
0.13075535 	 1.3705992
0.14822353 	 2.6566157
0.19071893 	 2.2324042
0.22048803 	 1.7239628
0.23938496 	 2.088103
0.24757773 	 1.4297217
0.20371492 	 1.9583403
0.2338051 	 1.6945921
0.22241454 	 1.9940354
0.21996957 	 1.7579639
0.39016134 	 1.5276031
0.4157282 	 1.2108622
0.48465106 	 1.3446966
0.35323998 	 1.3861122
0.2235783 	 1.8136704
0.14662038 	 2.514028
0.13276881 	 2.2598274
0.10354101 	 1.8353901
0.1297815 	 1.5744762
0.11327463 	 2.4332254
0.118809566 	 1.8055099
0.109109275 	 1.1242559
0.12667413 	 1.6683732
0.14084819 	 2.4591053
0.18676 	 1.997485
0.20313 	 1.8448647
0.22264938 	 2.0110505
0.22539666 	 2.081694
0.24731039 	 1.7578087
0.30087015 	 1.1099131
0.3215411 	 1.6133171
0.31224442 	 1.82604
0.36128783 	 1.777359
0.36812717 	 1.6361601
0.3228764 	 1.6159594
0.3128594 	 1.0363674
0.32262537 	 1.2168661
0.15860969 	 2.7206383
0.12762187 	 1.7183888
0.121430166 	 2.4294708
0.16826817 	 2.4747407
0.1936071 	 1.6273532
0.1857849 	 2.1700714
0.16990405 	 1.8213685
0.2155334 	 1.8786273
0.21492921 	 1.8944892
0.28613013 	 1.5714223
0.26866257 	 1.9994587
0.2421145 	 1.8598742
0.24460973 	 1.9905033
0.25985113 	 1.9539998
0.24772997 	 2.0271442
0.19369622 	 1.8558118
0.2280771 	 1.4712619
0.19207501 	 2.0481043
0.20382191 	 1.5888927
0.19139753 	 1.3915431
0.20162323 	 1.4285185
Summary
0.0025532627  -  0.49533916 ,  0.3408027  -  3.2801294
accuracy:  100.0
equal predictions:  0
TensorFlow version: 1.13.1
Found 939 images belonging to 1 classes.
argN = 784
argN = 784
0.16042483 	 2.379964
0.24441297 	 2.5895827
0.22837004 	 2.586784
0.4038601 	 2.771068
0.2235467 	 2.991368
0.20718706 	 2.101586
0.07973074 	 2.6764092
0.059109963 	 2.4149597
0.03099226 	 2.9426327
0.06511789 	 1.9679369
0.07135466 	 2.3616993
0.04955399 	 2.9283848
0.09912498 	 2.4362068
0.18203631 	 2.7227945
0.28379467 	 2.6558619
0.30860132 	 1.9582182
0.1861834 	 2.5438633
0.027153028 	 3.3298817
0.05775773 	 2.2884164
0.09072731 	 2.5775278
0.035033066 	 2.4733582
0.013890087 	 2.793984
0.055060696 	 2.0806186
0.055163354 	 1.9628962
0.07097116 	 2.6938097
0.12482347 	 2.038541
0.26907545 	 1.966019
0.32779422 	 1.9306675
0.25981078 	 2.3169546
0.24296106 	 1.9148698
0.12207935 	 2.0104597
0.2694356 	 2.5186381
0.21930782 	 2.9187655
0.20813371 	 2.1965346
0.46602947 	 2.4599998
0.4593362 	 1.5864303
0.11043702 	 1.9905334
0.14956047 	 2.2257771
0.18502761 	 1.9074304
0.10582749 	 2.33275
0.06569823 	 3.0646486
0.031090265 	 2.1141303
0.04541565 	 3.0269208
0.025214229 	 2.1992142
0.028228093 	 2.214789
0.023161566 	 2.670941
0.0383687 	 3.7216387
0.12815563 	 2.6032765
0.05268419 	 2.9994633
0.029901877 	 1.8927584
0.020596217 	 2.9956965
0.019302456 	 2.1861036
0.0025532627 	 2.578348
0.0076814713 	 2.346327
0.0076814713 	 3.1083217
0.007615643 	 2.0068014
0.033724632 	 2.373726
0.18805848 	 1.7961605
0.07165845 	 2.4455523
0.07952374 	 2.6704295
0.06945048 	 1.9241368
0.18128285 	 1.9135891
0.07997471 	 2.1288688
0.122662455 	 2.8000743
0.1965978 	 2.4001465
0.19110201 	 1.5753071
0.08830538 	 2.8625016
0.07685665 	 3.4277058
0.057503782 	 2.524106
0.010255472 	 2.7875316
0.01283539 	 2.854419
0.020618243 	 2.6003861
0.098524265 	 2.008577
0.06299597 	 2.2068794
0.07597824 	 2.1989665
0.051522907 	 2.8226485
0.03504405 	 2.5749424
0.04433598 	 2.8333414
0.012354139 	 2.7645712
0.0131219085 	 1.9153156
0.01412522 	 2.3998647
0.008967673 	 2.615127
0.0040335236 	 2.604098
0.004079785 	 2.2186117
0.026697038 	 2.4303014
0.014126006 	 2.6738312
0.027460894 	 1.0836554
0.015612309 	 1.7002324
0.023368381 	 2.079442
0.0127463415 	 1.2925699
0.019316372 	 1.373606
0.024574133 	 1.7018639
0.021382581 	 0.7712977
0.011928129 	 2.173358
0.02571327 	 1.8129808
0.023056893 	 1.5927781
0.018017586 	 0.5646437
0.017494166 	 0.7372311
0.0090117585 	 1.9213539
0.01473888 	 1.6376513
0.011292982 	 1.5831978
0.016711457 	 1.4769187
0.015410843 	 1.2003087
0.010250534 	 1.7781107
0.020959953 	 1.8693529
0.008965328 	 0.9979231
0.011176344 	 1.0295343
0.015423555 	 1.4854861
0.018017465 	 1.0920401
0.021839382 	 1.0617483
0.020617696 	 1.5955929
0.026413457 	 2.0116568
0.014149764 	 1.8285613
0.019180808 	 1.2169386
0.011507426 	 1.1041152
0.0090056835 	 1.298478
0.00511408 	 0.95544624
0.0076835738 	 1.7545952
0.008195934 	 1.2534714
0.0038328813 	 0.9386323
0.010255472 	 1.9638851
0.0076814713 	 1.5829616
0.0063969814 	 1.1201981
0.0075999075 	 1.5394233
0.0063969814 	 0.9561967
0.003740084 	 2.0257018
0.0063440744 	 0.998855
0.0063969814 	 1.454549
0.00511408 	 1.0212584
0.0063945823 	 1.073902
0.010255472 	 3.0245597
0.01671964 	 1.7309233
0.012225611 	 1.0629203
0.0025532627 	 1.1400288
0.004900822 	 1.1721168
0.0038328215 	 1.7734653
0.00511408 	 1.5958353
0.0063437745 	 1.5051676
0.001275339 	 1.3188812
0.00511408 	 1.5270433
0.0051399013 	 1.7614555
0.0021201777 	 1.5827471
0.007637025 	 2.0090926
0.0038328813 	 1.9123119
0.0022952054 	 1.1674788
0.0025530236 	 0.97037756
-9.5367386e-07 	 2.0007863
0.00511402 	 1.1921245
0.0038328215 	 1.0588856
0.004358777 	 1.8202926
0.0059967674 	 2.0329463
0.0038328813 	 0.8722837
0.0038328215 	 1.5980201
0.012799709 	 1.6374141
0.0025532627 	 1.7563727
0.0071818014 	 1.0076023
0.00511408 	 0.9150186
0.0025532627 	 1.2228847
0.003833001 	 2.0521774
0.0074122394 	 1.0645547
0.009575649 	 0.9416471
0.011553432 	 1.4414233
0.018480867 	 2.022802
0.02582391 	 1.1880614
0.030845823 	 1.4508752
0.03372568 	 0.9277095
0.03632603 	 0.83756125
0.02666441 	 1.9934949
0.03163857 	 1.6547171
0.03371933 	 1.4063461
0.02660846 	 1.5511105
0.025714738 	 1.759443
0.02494659 	 1.0002105
0.020617513 	 1.4361154
0.034638997 	 1.0536318
0.02062031 	 1.2300377
0.035737526 	 1.5794812
0.026281765 	 2.034647
0.020725703 	 1.0358653
0.031504463 	 1.0521139
0.02536883 	 1.3665235
0.01968712 	 1.1927958
0.023222996 	 1.4303893
0.01931157 	 1.3271042
0.022100767 	 1.2605461
0.020290516 	 1.8335292
0.016790131 	 0.8148933
0.016934402 	 1.4790298
0.011489278 	 1.4619528
0.01700103 	 1.0570987
0.016720003 	 1.2996593
0.020354873 	 1.6589789
0.16686285 	 1.5298942
0.18174389 	 1.2762808
0.21526378 	 2.0708644
0.11123611 	 2.5045013
0.081129774 	 2.386434
0.08096986 	 1.738394
0.05774971 	 1.632664
0.077865586 	 2.2810795
0.06999358 	 1.6090587
0.075860694 	 1.5560293
0.09632883 	 2.03949
0.07549629 	 2.3160481
0.06740192 	 2.136624
0.08480054 	 3.001309
0.07972474 	 1.6462625
0.053053003 	 1.9527866
0.060226288 	 1.3092912
0.06453744 	 2.6475437
0.049728498 	 2.1409707
0.05236689 	 1.0415525
0.052388813 	 1.4330822
0.06858053 	 1.0286328
0.11102909 	 2.3136358
0.10878519 	 2.170149
0.26249018 	 2.0492616
0.20517173 	 2.0893993
0.14931864 	 1.1909891
0.090091825 	 2.1653156
0.0919457 	 2.4048693
0.06148431 	 3.0193136
0.06999422 	 2.5000117
0.071824305 	 2.2698598
0.092984244 	 2.5245621
0.07861307 	 2.7435944
0.08081851 	 2.8342943
0.28461665 	 0.71866804
0.3680786 	 1.6969873
0.36709103 	 1.6038102
0.108198166 	 3.4861147
0.12520847 	 2.2410748
0.102858625 	 2.430311
0.106207356 	 1.4164233
0.080836214 	 1.6389482
0.08055185 	 2.0663621
0.05236689 	 1.8768929
0.049798913 	 2.622302
0.056392886 	 2.3892407
0.071009874 	 1.0355929
0.064534515 	 2.3604171
0.06443496 	 2.7524362
0.06317221 	 1.7308396
0.05236645 	 2.7916057
0.04300226 	 3.406283
0.03504467 	 1.3078138
0.03750506 	 2.8368275
0.040342562 	 2.7130609
0.031021463 	 1.8031682
0.026179334 	 2.4829977
0.03881083 	 2.5239298
0.056828175 	 1.8841062
0.09072222 	 2.5190282
0.10012252 	 2.0201347
0.091785096 	 2.1635277
0.094035916 	 1.9405627
0.098902285 	 2.1226995
0.1452731 	 2.638998
0.20399578 	 1.8717484
0.22065434 	 1.4971224
0.23428175 	 1.761698
0.25846085 	 1.4548178
0.23505059 	 1.8106405
0.0740546 	 2.6039126
0.071503624 	 0.8458108
0.06281627 	 1.320334
0.02697629 	 2.4145563
0.027148986 	 2.4964273
0.03108596 	 1.9236058
0.032793734 	 1.8293171
0.029714642 	 2.2576966
0.028457545 	 2.4156568
0.02847159 	 1.6806206
0.032892838 	 2.2881186
0.044136867 	 2.4387586
0.050987236 	 3.079875
0.06444869 	 1.4239492
0.08498345 	 2.2661598
0.14224955 	 2.329943
0.1396848 	 1.8573195
0.167536 	 1.660554
0.23674622 	 1.9576452
0.30624232 	 1.5360404
0.33331266 	 1.5882493
0.33181584 	 1.1253973
0.36744308 	 1.5709035
0.28853485 	 1.7081509
0.30930963 	 1.6035367
0.2595464 	 1.5604283
0.22611506 	 1.690669
0.19086869 	 1.1480895
0.16148771 	 2.2805114
0.16391104 	 2.120135
0.14480452 	 1.6872929
0.12630312 	 1.5290031
0.10924563 	 2.7209842
0.061820053 	 1.025322
0.06181942 	 1.3982987
0.048338965 	 1.9954991
0.04566942 	 2.7187767
0.05503758 	 1.3811468
0.045586385 	 1.679147
0.0645335 	 1.4274838
0.07802397 	 1.919972
0.1142223 	 2.8409545
0.09914229 	 2.761674
0.087960556 	 1.4515822
0.07685189 	 2.880202
0.07844705 	 2.6797001
0.06726121 	 2.6753929
0.073893696 	 2.620338
0.051023744 	 2.2341266
0.061806418 	 3.1090317
Summary
-9.5367386e-07  -  0.46602947 ,  0.5646437  -  3.7216387
accuracy:  100.0
equal predictions:  0
TensorFlow version: 1.13.1
Found 939 images belonging to 1 classes.
argN = 784
argN = 784
0.29175237 	 2.4461246
0.26415703 	 2.3290453
0.51016724 	 2.009458
0.41228122 	 2.440445
0.2022544 	 1.833985
0.19073546 	 2.5915184
0.19247855 	 2.1777766
0.19430192 	 3.0817804
0.041671682 	 2.656023
0.05722938 	 2.3877378
0.054938145 	 2.7465959
0.060741596 	 2.132512
0.15408489 	 1.9251717
0.07959997 	 2.3495615
0.11899471 	 3.8482955
0.08635386 	 2.411988
0.119054735 	 2.3293276
0.1172594 	 2.4821494
0.13466206 	 3.2621226
0.16309176 	 2.2266333
0.13062772 	 2.4083972
0.34643546 	 2.1740365
0.082743704 	 2.2206664
0.08265015 	 1.6912054
0.07837827 	 2.8257413
0.042742196 	 2.8722641
0.037343252 	 2.0489447
0.03216908 	 2.2434
0.040441923 	 1.2478374
0.20124274 	 1.7992717
0.15030701 	 2.1311789
0.14453244 	 2.9319808
0.30907243 	 3.1308513
0.24590129 	 2.4899883
0.37458795 	 3.0457766
0.45656258 	 2.3125503
0.23137279 	 2.4799106
0.1259682 	 3.0534003
0.05777491 	 2.1177137
0.19395952 	 2.387163
0.19989726 	 2.2307425
0.18002295 	 3.0498643
0.09676288 	 2.5860722
0.020618243 	 3.0008488
0.046848036 	 3.1920354
0.03504473 	 2.7160792
0.03717726 	 3.4065847
0.04540848 	 1.6155797
0.08365522 	 1.5453484
0.028452761 	 1.680075
0.04819109 	 2.290856
0.052268222 	 2.3991587
0.046663724 	 2.506441
0.039122183 	 1.5445163
0.081682876 	 2.8715606
0.029395586 	 3.2971036
0.0038350953 	 2.7234962
0.012704928 	 2.793157
0.09905949 	 3.000827
0.06778851 	 2.2969475
0.06958032 	 1.476271
0.2554819 	 1.5523877
0.11159245 	 1.9784753
0.17439301 	 2.7130654
0.15782747 	 2.1843112
0.15100461 	 2.0774662
0.171442 	 2.2882586
0.09215601 	 1.4972329
0.13453639 	 3.459314
0.060462635 	 2.1535664
0.16075224 	 1.8470294
0.23968564 	 1.3905964
0.0063969814 	 1.5402206
0.010165629 	 1.8881791
0.053498726 	 1.8330505
0.07951897 	 2.2275429
0.105711214 	 2.4596791
0.08793811 	 2.4270053
0.06815637 	 2.010119
0.031090818 	 2.070503
0.028417194 	 2.4562306
0.0128361145 	 2.1190984
0.0102561945 	 2.834324
0.02183262 	 2.2993312
0.014120807 	 2.5983403
0.0115457745 	 2.7506845
0.0430017 	 1.5010023
0.035736106 	 2.4722142
0.025841158 	 1.3169456
0.025949854 	 1.4219229
0.034032553 	 0.7686853
0.034049083 	 1.6369312
0.030803286 	 1.992485
0.031142714 	 0.60871077
0.018029178 	 1.5491283
0.016425604 	 1.8118176
0.018948069 	 1.6591647
0.024531128 	 1.5482799
0.019920882 	 0.985275
0.016716912 	 2.0197325
0.009918603 	 0.858877
0.0062949485 	 1.0292026
0.012316061 	 1.4140673
0.007682793 	 1.1765748
0.012836054 	 0.828073
0.02169958 	 1.2116408
0.018000048 	 1.4018817
0.023409566 	 1.8278147
0.020626944 	 1.4405446
0.023476016 	 1.6359878
0.029892972 	 2.4511075
0.027149905 	 1.3575739
0.02663674 	 1.0460176
0.02057413 	 1.013275
0.027149966 	 0.88246876
0.032377336 	 1.7514603
0.018017465 	 1.11914
0.023224948 	 1.1015857
0.0163326 	 1.5390319
0.028461777 	 1.8824339
0.0297766 	 1.2476172
0.026070613 	 1.881364
0.017988639 	 1.1264466
0.021921994 	 1.1419303
0.017950105 	 1.5102023
0.01413193 	 1.2740079
0.020618243 	 1.1882808
0.020518763 	 1.9756389
0.014128847 	 0.9145795
0.014101825 	 1.4906757
0.014070814 	 1.355935
0.014128968 	 1.2843275
0.012837262 	 1.4658558
0.022821054 	 2.0695496
0.019087123 	 1.4173024
0.01154499 	 2.4428747
0.012608588 	 1.5634234
0.01415732 	 1.2701477
0.021921203 	 1.667148
0.023266066 	 1.6859028
0.013588605 	 1.8752537
0.0051141395 	 1.9915814
0.008112585 	 1.4563323
0.011640867 	 1.1648595
0.01542295 	 1.2722546
0.016383434 	 1.6604631
0.014128968 	 1.1590589
0.012056921 	 1.895944
0.015423192 	 1.1496278
0.008158736 	 1.566865
0.017115194 	 1.3380021
0.00511408 	 1.243889
0.019316979 	 2.553396
0.014191478 	 0.9109374
0.012231283 	 1.663796
0.016236212 	 1.0142292
0.012971001 	 1.2394679
0.0063968017 	 0.6746758
0.010274802 	 1.1704134
0.010255291 	 0.76267874
0.00636129 	 1.4126189
0.0025532627 	 1.3205401
0.012827179 	 1.4970566
0.0063189412 	 1.3848898
0.012836175 	 1.3176036
0.014128908 	 1.7573577
0.010245957 	 1.2176443
0.014128303 	 1.3127991
0.019287629 	 1.1367289
0.029776415 	 1.0739679
0.04167398 	 1.7849616
0.024528379 	 1.2841239
0.040343244 	 0.92816675
0.042941965 	 1.6576998
0.047760107 	 0.8420186
0.05119807 	 1.2638754
0.055058617 	 0.9209442
0.07007675 	 1.3389169
0.06179957 	 1.2842039
0.048785344 	 1.427286
0.038677 	 2.0359528
0.051323924 	 1.5072266
0.05762418 	 0.9384559
0.054496754 	 1.6967466
0.03562344 	 2.0384884
0.05804472 	 1.2647718
0.04271607 	 0.9698813
0.045667175 	 1.2214545
0.043592375 	 1.0335407
0.040026177 	 1.1794953
0.06617248 	 1.0484499
0.044252742 	 1.5499939
0.029914405 	 1.2472819
0.036304705 	 1.40804
0.040258106 	 1.6736231
0.031097397 	 1.4549419
0.2844587 	 1.4219326
0.34059402 	 1.6042237
0.26742774 	 1.4517632
0.24300073 	 1.9022439
0.23297183 	 2.0894904
0.1336735 	 1.3782525
0.15311252 	 2.8354404
0.15520084 	 1.0391427
0.14016002 	 2.1400795
0.14361052 	 2.4052866
0.14636835 	 1.0820664
0.15127577 	 2.8465612
0.14637691 	 1.5633748
0.13274498 	 2.5536964
0.14210568 	 2.5544245
0.14313832 	 1.7442896
0.16287035 	 2.2573395
0.15262914 	 2.6940513
0.11474602 	 1.7824477
0.07960668 	 1.6017116
0.09657544 	 2.271229
0.0768246 	 1.0353982
0.08491694 	 2.9782186
0.085221246 	 2.6215687
0.107496135 	 1.9733766
0.09678311 	 2.7483656
0.10779066 	 2.5282521
0.10904985 	 2.459297
0.1301035 	 1.3660774
0.09786389 	 2.4910016
0.07508017 	 1.7878667
0.3434522 	 2.0954492
0.39839825 	 1.8606054
0.3500243 	 2.032071
0.22281517 	 2.294029
0.20272295 	 2.9508555
0.17834438 	 1.6496364
0.18127277 	 1.2180108
0.15814082 	 2.5207562
0.19756301 	 1.0751135
0.39856172 	 1.73787
0.29225305 	 1.8961217
0.1533713 	 2.0232809
0.16508119 	 2.4450758
0.20778053 	 2.8413436
0.21180826 	 2.459672
0.19360638 	 2.5372028
0.17457078 	 2.4907916
0.14503217 	 1.3256168
0.15312716 	 2.0676863
0.13835977 	 2.088666
0.13499998 	 2.936784
0.120376326 	 1.0715762
0.13784291 	 1.7656164
0.13297848 	 2.6146693
0.13052611 	 2.0794334
0.10823198 	 2.461457
0.064487725 	 2.5021226
0.08009811 	 1.6542121
0.07142488 	 2.0260005
0.09270622 	 1.9911495
0.08398994 	 2.1649044
0.12771627 	 2.0700214
0.10621007 	 1.3660657
0.13362888 	 2.0530798
0.15263046 	 1.419616
0.17377315 	 1.1973624
0.18114889 	 1.3873807
0.24113727 	 1.8203802
0.24834777 	 1.3934419
0.2763505 	 1.4022772
0.28779095 	 1.3862972
0.31049383 	 1.5741909
0.29431793 	 1.4512855
0.3054861 	 1.3759686
0.32736382 	 1.1144491
0.2190138 	 1.300498
0.18312928 	 1.3875433
0.17878282 	 1.5116628
0.13460594 	 1.8899821
0.06323735 	 2.2453852
0.065869465 	 3.1678774
0.07025647 	 2.4061072
0.0642011 	 2.603858
0.072734006 	 2.2225935
0.06458767 	 1.6299614
0.098990135 	 2.844082
0.08374991 	 2.0898232
0.1017296 	 2.0597363
0.18051948 	 0.8797238
0.22100028 	 2.3030941
0.24115624 	 2.1535401
0.34570962 	 1.7798239
0.40505397 	 1.6673864
0.4077336 	 1.2903019
0.40179452 	 1.4054343
0.41144925 	 1.5841142
0.44030076 	 1.1000937
0.45528504 	 0.97423667
0.3764422 	 1.0276295
0.37563568 	 1.3236653
0.3817464 	 1.0117109
0.39950886 	 1.1690838
0.30512705 	 1.4256904
0.31005365 	 1.2668195
0.27430174 	 1.3690032
0.24163146 	 1.8219112
0.12907311 	 2.4900098
0.13009088 	 2.6754239
0.107629545 	 2.4897618
0.09491447 	 3.1851096
0.10620808 	 3.1090384
0.11330339 	 2.1182866
0.12092083 	 1.7966207
0.19596207 	 2.9758751
0.18360242 	 2.292519
0.16463493 	 2.5373085
Summary
0.0025532627  -  0.51016724 ,  0.60871077  -  3.8482955
accuracy:  100.0
equal predictions:  0
