TensorFlow version: 1.13.1
Found 939 images belonging to 1 classes.
argN = 3136
argN = 3136
0.6236025 	 1.1863456
0.70167917 	 0.9593936
0.8106216 	 0.8879405
0.64990854 	 0.8329416
0.5217718 	 1.273786
0.49161682 	 1.454739
0.5022359 	 1.4178165
0.41995132 	 1.6264416
0.22510205 	 2.2672932
0.13351573 	 1.7843274
0.16772681 	 1.8633507
0.11943966 	 2.1870012
0.18653716 	 0.5552377
0.17977957 	 0.81294584
0.40220043 	 0.8564045
0.21660627 	 0.8038141
0.16851145 	 0.83097905
0.17201978 	 0.890594
0.16373509 	 1.9674188
0.19686665 	 2.2792938
0.22203885 	 2.3905468
0.1966015 	 1.8748498
0.1865307 	 2.4767401
0.17493743 	 2.0722127
0.21618083 	 1.9720095
0.27656576 	 2.0227468
0.30469722 	 1.7057514
0.33189142 	 1.9623485
0.41640157 	 1.7282063
0.6894161 	 0.8521174
0.80798537 	 0.85953593
0.835711 	 0.8765929
0.7959401 	 0.85183436
0.7560366 	 0.754524
0.811666 	 0.97714186
0.79257506 	 1.0417877
0.4526023 	 1.3025347
0.5811325 	 0.95914274
0.69490266 	 0.87822855
0.3912936 	 1.0504401
0.36678857 	 1.1497748
0.33528373 	 1.4331434
0.28771824 	 1.521892
0.23877403 	 1.646956
0.08527602 	 2.3726776
0.100901276 	 2.328323
0.25940835 	 1.1590341
0.3496729 	 0.8301765
0.39357394 	 0.7032235
0.4328726 	 0.557635
0.3908755 	 0.56379074
0.37391892 	 0.46913663
0.34526387 	 0.44428816
0.3506263 	 0.483768
0.32962546 	 0.4169154
0.5038444 	 0.499982
0.26774088 	 0.6980779
0.19711532 	 0.84133136
0.18046965 	 0.80179644
0.17811252 	 0.79408044
0.18194021 	 0.8462879
0.19907437 	 0.9114655
0.18507639 	 1.2108791
0.20286195 	 1.3354541
0.13319528 	 1.9486
0.11710962 	 1.9748844
0.058193047 	 2.338794
0.05971688 	 2.199377
0.051163316 	 2.0261302
0.056951016 	 2.31944
0.08105635 	 2.4256184
0.09634629 	 2.4492235
0.124053806 	 1.9761105
0.48914364 	 1.167747
0.7008921 	 0.77821773
0.6843229 	 0.7348048
0.6644259 	 0.76768774
0.55357945 	 0.9215088
0.41617307 	 1.0284208
0.56103367 	 0.9702181
0.41003868 	 1.0448216
0.3574307 	 1.2082033
0.3450457 	 1.348005
0.28852883 	 1.5818114
0.2521563 	 1.6487243
0.2102677 	 1.7548071
0.28220427 	 1.1561532
0.2489525 	 1.4536422
0.50801766 	 0.55730796
0.27294058 	 0.87719625
0.17485777 	 1.5272473
0.13758913 	 1.4311633
0.05467358 	 2.052428
0.058585383 	 2.5702264
0.10068682 	 2.0750363
0.12882608 	 1.4634807
0.14618331 	 1.1297227
0.45124912 	 0.44221836
0.49920127 	 0.49316728
0.49774778 	 0.53464246
0.48588037 	 0.44934934
0.49923208 	 0.42602235
0.5035173 	 0.48398635
0.4935444 	 0.4146459
0.5104839 	 0.53227085
0.5578352 	 0.40456194
0.54784447 	 0.64163494
0.56657517 	 0.4711359
0.5250743 	 0.5137406
0.5525565 	 0.5850555
0.50625294 	 0.45385736
0.4984174 	 0.4958746
0.49466652 	 0.46573675
0.45870054 	 0.5635065
0.35014382 	 0.64223534
0.32339302 	 0.7250396
0.32754618 	 0.65314484
0.32163867 	 0.645057
0.31229687 	 0.6682368
0.28378305 	 0.7982742
0.27015904 	 0.70021343
0.23250161 	 0.9311575
0.2186994 	 1.1285228
0.1984774 	 0.969044
0.20127095 	 0.7634767
0.19413473 	 1.0697101
0.18246958 	 0.9541532
0.1964931 	 1.1901597
0.16447873 	 1.186435
0.17640266 	 0.9021038
0.16148771 	 1.1708486
0.16776007 	 0.99152786
0.15603799 	 1.0421755
0.13815849 	 1.0366192
0.12311456 	 1.0899024
0.09951692 	 1.3013557
0.06173154 	 0.9395022
0.049215578 	 0.96600246
0.046760593 	 1.4851116
0.05022507 	 1.2878189
0.05654614 	 1.2321569
0.05397157 	 1.0799631
0.06256205 	 1.3893542
0.05117561 	 1.2022884
0.058719948 	 1.0323483
0.05251771 	 1.0726516
0.057143107 	 1.1957147
0.06559384 	 1.4855502
0.058437 	 1.0401502
0.06299578 	 1.356985
0.060118232 	 1.0448642
0.066160634 	 1.4545118
0.06743687 	 1.0913194
0.059881907 	 1.1746497
0.07597985 	 0.9687209
0.07074665 	 1.1530266
0.08064198 	 1.4548919
0.09242382 	 1.2012216
0.11017885 	 1.0267017
0.11971535 	 0.9962562
0.13923164 	 0.981324
0.14530742 	 0.8648076
0.14193591 	 0.9492946
0.14709504 	 0.99934334
0.14361416 	 1.0624566
0.14539221 	 0.80873007
0.15286544 	 1.3154945
0.15178658 	 0.9045888
0.15992078 	 1.404581
0.1467052 	 1.010715
0.1376848 	 0.9418851
0.12833987 	 0.9347841
0.14155899 	 0.8651162
0.13863039 	 1.079533
0.14480665 	 0.87504905
0.1401348 	 1.042334
0.13460274 	 0.9722604
0.13905971 	 0.95546407
0.1384476 	 0.80813974
0.14068969 	 1.0585586
0.130001 	 0.9428164
0.12584727 	 1.0204213
0.12730324 	 0.9262677
0.12823735 	 1.0642712
0.11551464 	 0.8097319
0.105640724 	 0.868393
0.10753954 	 0.96888584
0.101320826 	 0.9384644
0.08803287 	 1.0661812
0.08238351 	 1.1305162
0.0837282 	 1.0533147
0.06860511 	 1.5545819
0.057479538 	 1.2753264
0.06339337 	 1.3210344
0.46000162 	 0.73947
0.4590791 	 0.84025884
0.45105585 	 0.7646529
0.45170578 	 0.88785625
0.4394727 	 0.74640906
0.39479348 	 0.9285654
0.39564967 	 0.77579236
0.36378187 	 0.88895977
0.35658148 	 0.96033794
0.36046934 	 0.77547824
0.35882166 	 0.71503675
0.35193622 	 0.7812567
0.3578555 	 0.6725442
0.36704174 	 1.0308561
0.37215704 	 0.8269519
0.40954256 	 0.851411
0.40642345 	 0.7477408
0.39127338 	 0.9058456
0.38136178 	 0.863543
0.35813472 	 0.82160676
0.36311182 	 0.8624136
0.33601144 	 0.88210464
0.33261916 	 0.85626763
0.3467069 	 0.9506698
0.3182108 	 0.9797376
0.32195133 	 0.7462621
0.3214492 	 0.98971796
0.30254364 	 0.9999948
0.32662848 	 1.1017904
0.31781998 	 0.98027074
0.32700685 	 0.70260274
0.32355362 	 1.0101418
0.3556626 	 0.96484566
0.36059424 	 0.97783905
0.36432588 	 0.9006789
0.44259343 	 0.84103006
0.36609045 	 0.71283835
0.37599277 	 0.9035166
0.32928905 	 0.8775997
0.3494258 	 0.69840103
0.3518425 	 0.83587176
0.4110027 	 0.7952562
0.34603882 	 0.983426
0.32726195 	 1.0074149
0.28426644 	 0.9731304
0.2819358 	 1.0560842
0.3053773 	 0.9871202
0.30013037 	 1.1625957
0.3141145 	 0.8365413
0.3065289 	 0.9483631
0.30780602 	 0.9031442
0.30288756 	 0.84579813
0.33226162 	 0.748528
0.3244821 	 0.72262144
0.2831459 	 0.9516689
0.28406784 	 1.0385715
0.2533059 	 1.362317
0.2184743 	 1.0573474
0.25420988 	 1.0636134
0.25525922 	 1.014685
0.25458768 	 1.0420688
0.2699583 	 0.8507872
0.28336 	 0.85019326
0.3192256 	 0.7716583
0.3258425 	 0.99382967
0.3273377 	 0.95109314
0.38457283 	 0.8137709
0.38233042 	 0.78185976
0.40192565 	 0.7324696
0.38943985 	 0.7807229
0.40832895 	 0.7107037
0.443751 	 0.68430436
0.4459384 	 0.75415987
0.34688 	 0.9088878
0.34166864 	 0.8100175
0.32292628 	 0.89580774
0.26245645 	 0.82408863
0.26026982 	 0.90570533
0.24503435 	 1.0825725
0.2181694 	 0.9184662
0.28030542 	 1.007242
0.30106682 	 0.92838436
0.30984017 	 0.8207653
0.40928906 	 0.9185916
0.46901888 	 0.8741266
0.48267987 	 0.7718747
0.52224857 	 0.70758355
0.47755533 	 0.733697
0.51286066 	 0.74088776
0.46614355 	 0.6547635
0.45014596 	 0.52446866
0.4741844 	 0.58116114
0.47476166 	 0.48893717
0.5615724 	 0.48104662
0.5438702 	 0.56096554
0.5183754 	 0.6022089
0.40120926 	 0.6550125
0.40335453 	 0.6527525
0.37684646 	 0.6576528
0.33576941 	 0.7306007
0.3274203 	 0.79202104
0.2878737 	 0.9421918
0.29377797 	 0.9458682
0.28571397 	 1.1311164
0.24659468 	 0.843075
0.23790039 	 1.1315097
0.23133779 	 0.6696944
0.21876518 	 1.0799227
0.22369562 	 0.6816209
0.21476154 	 0.7628206
0.2568863 	 1.0195993
0.28043842 	 1.1555607
0.29009214 	 0.82780075
0.28748372 	 1.0904596
0.33117598 	 0.8715213
0.33211663 	 0.6953391
0.31693187 	 0.9961298
0.2979552 	 0.83274925
0.2678208 	 1.0447048
Summary
0.046760593  -  0.835711 ,  0.40456194  -  2.5702264
accuracy:  95.2
equal predictions:  0
TensorFlow version: 1.13.1
Found 939 images belonging to 1 classes.
argN = 3136
argN = 3136
0.55401903 	 0.8371583
0.5914497 	 0.90823084
0.593942 	 0.85438687
0.51452804 	 0.9379162
0.527914 	 0.86773455
0.51797134 	 1.2212853
0.5280095 	 1.2924135
0.4212051 	 1.7066914
0.3695844 	 1.9580805
0.18571256 	 2.1163418
0.18537666 	 1.7912604
0.17332534 	 0.5334767
0.29377678 	 0.42073593
0.23836137 	 0.43651175
0.23668368 	 0.40419593
0.23058335 	 0.38528547
0.23663157 	 0.51298094
0.17275375 	 1.1225001
0.19736913 	 1.467085
0.20442274 	 1.5748079
0.22261536 	 1.4620619
0.212495 	 1.2811257
0.21497229 	 1.5907747
0.21643671 	 1.9381049
0.21269102 	 2.1558805
0.46785626 	 0.62641025
0.4620802 	 0.5868647
0.564758 	 0.6536573
0.5963618 	 0.65118533
0.50697005 	 0.5616524
0.48926544 	 0.598618
0.50625837 	 0.54490334
0.6415147 	 0.9128407
0.49230847 	 0.8348231
0.5182053 	 0.8542342
0.6123779 	 0.8322651
0.4781751 	 0.8672535
0.48364848 	 0.80075854
0.24935387 	 1.5875665
0.2367065 	 1.9149871
0.21072802 	 2.139172
0.21509947 	 2.0041037
0.19839868 	 1.5612022
0.1842231 	 1.7131006
0.16116945 	 1.8081312
0.1341578 	 2.188269
0.3196426 	 1.0365249
0.3300265 	 1.0267596
0.31996605 	 0.93864375
0.29451755 	 0.43508327
0.19019571 	 1.3977519
0.1798662 	 1.4745792
0.18506476 	 1.5514463
0.09088415 	 2.0239942
0.084013015 	 1.8164895
0.18704073 	 1.818227
0.33428398 	 1.3254709
0.47557005 	 0.6612359
0.50798243 	 0.6135242
0.53318584 	 0.5878069
0.54763025 	 0.6235148
0.5430933 	 0.5891631
0.49576336 	 0.50294197
0.5585963 	 0.54448026
0.5186259 	 0.58627725
0.44735032 	 0.8492759
0.4302273 	 0.92835486
0.43500802 	 0.86355513
0.3626423 	 1.0382316
0.49463317 	 0.9556195
0.52843374 	 0.8884773
0.5018582 	 0.88200843
0.4982765 	 0.8030557
0.42901427 	 0.9765896
0.36950257 	 1.3415926
0.22992137 	 1.9473132
0.2659468 	 0.6834693
0.28720957 	 0.9064322
0.3254773 	 0.68591344
0.34699264 	 0.40426472
0.3041763 	 0.389095
0.32102197 	 0.3093461
0.2701616 	 0.45861256
0.2201511 	 1.1824003
0.19898331 	 1.4896483
0.19416817 	 1.609667
0.11283742 	 1.922781
0.09711364 	 2.2391307
0.09059646 	 2.1819203
0.10092145 	 1.8137116
0.2012044 	 1.5572898
0.15972406 	 1.3433485
0.13364585 	 1.1021423
0.13208109 	 1.4114671
0.3435769 	 0.44334206
0.34531236 	 0.32613343
0.36210886 	 0.45027554
0.3316327 	 0.29884282
0.34647247 	 0.4501683
0.3649983 	 0.4458023
0.340825 	 0.36406595
0.37925085 	 0.5237992
0.35964838 	 0.28752553
0.39545146 	 0.43034133
0.36085585 	 0.40899923
0.3703133 	 0.32049575
0.39415634 	 0.4726818
0.37307724 	 0.4799076
0.35395685 	 0.6342853
0.28505504 	 0.65259993
0.27065465 	 0.6407296
0.28558135 	 0.58079094
0.2789274 	 0.6115341
0.24247153 	 0.72981936
0.21396863 	 0.7904078
0.22431262 	 0.7494223
0.21893656 	 0.83573055
0.2239553 	 0.90167093
0.19069102 	 0.82765794
0.21102446 	 0.94891876
0.21812811 	 0.89790094
0.20279129 	 0.7923654
0.2100595 	 0.9603364
0.22963135 	 0.9327031
0.21996266 	 0.94719595
0.22366223 	 1.1263745
0.22340105 	 1.1737819
0.22589779 	 0.94350475
0.21182771 	 0.90164816
0.20584242 	 1.1213746
0.20239188 	 1.1268888
0.19498977 	 0.9654739
0.20526065 	 1.0797698
0.20140064 	 1.1576228
0.2009048 	 1.1082355
0.19882958 	 0.93864924
0.20163949 	 1.0777432
0.1886789 	 0.8391315
0.191142 	 0.759655
0.17518632 	 1.0270382
0.15211512 	 1.2463903
0.12802373 	 1.2308776
0.13848545 	 1.2829232
0.12612318 	 1.0786666
0.124438904 	 0.94872314
0.119770505 	 1.4355842
0.11474709 	 1.1281552
0.11468532 	 0.8575643
0.11326047 	 1.2933983
0.10432243 	 1.5042825
0.10402338 	 0.99373543
0.09153222 	 0.93712
0.07392668 	 1.3517512
0.070890285 	 1.7472923
0.084417954 	 0.90044856
0.086252496 	 0.9972022
0.09089916 	 0.87773204
0.08913682 	 1.0513703
0.07822879 	 1.3612944
0.09033057 	 1.3564849
0.088530414 	 0.9503694
0.084819615 	 0.86070687
0.097095706 	 1.1356316
0.09583304 	 1.0893732
0.098678984 	 0.99318814
0.08479769 	 1.1105568
0.08918145 	 1.3239372
0.09706963 	 0.94859815
0.09964236 	 0.91237205
0.09490235 	 1.0168602
0.106222264 	 0.7050254
0.119100995 	 1.0333738
0.13405694 	 1.3117958
0.16602834 	 0.97086155
0.1770625 	 0.9351854
0.19077586 	 0.8077914
0.19591798 	 0.7904921
0.19582598 	 1.0420159
0.18932249 	 0.8836488
0.18285187 	 0.957474
0.17636035 	 0.84155303
0.15063486 	 0.90751153
0.14800291 	 0.8517226
0.13918081 	 0.9337408
0.15288718 	 0.86986053
0.13676241 	 0.651235
0.13290496 	 0.69413066
0.13303547 	 0.9623669
0.13484874 	 0.9358339
0.13288209 	 0.90830624
0.12608281 	 1.0340211
0.13153782 	 1.129144
0.12333287 	 0.99429446
0.10641875 	 1.2337283
0.101604894 	 1.3875574
0.09989519 	 0.89192665
0.09265004 	 1.0316181
0.10664154 	 1.0455462
0.09305339 	 1.1373935
0.09515792 	 1.1902379
0.1006155 	 1.1084619
0.41916752 	 0.6499398
0.3677231 	 0.6271711
0.36087552 	 0.628275
0.36755008 	 0.92032987
0.39937901 	 0.675948
0.39925525 	 0.7362901
0.39800018 	 0.71508807
0.42336792 	 0.72348076
0.4132419 	 0.7245021
0.3942092 	 0.9911414
0.3961043 	 0.6628578
0.40651974 	 0.7990091
0.39106548 	 0.7532075
0.3571739 	 0.7577242
0.35706827 	 0.85722727
0.37508124 	 0.8601483
0.36091056 	 0.81213546
0.33176583 	 0.695128
0.3327703 	 0.8274267
0.33106816 	 0.8742738
0.34645054 	 0.7087864
0.36497495 	 0.7747107
0.4233688 	 0.92978007
0.44003898 	 0.7800361
0.42053849 	 0.8433149
0.37498453 	 0.7582486
0.37202802 	 0.7920778
0.37790903 	 0.73131937
0.44993675 	 0.70097184
0.4577374 	 0.8242653
0.4900403 	 0.6345303
0.44434163 	 0.65994877
0.42841175 	 0.9637574
0.40684092 	 0.73574644
0.3246315 	 0.7922828
0.30310068 	 0.69215
0.32638022 	 0.8168192
0.31927377 	 0.94420564
0.33636415 	 0.66976255
0.34288028 	 0.6202096
0.31790286 	 0.749791
0.29799575 	 0.5538905
0.27269563 	 0.93974376
0.25646853 	 0.8261998
0.26620314 	 0.98240626
0.2740855 	 0.78828865
0.28332525 	 1.032356
0.28897125 	 0.70152926
0.3208312 	 0.6250098
0.33765978 	 0.68861526
0.35236385 	 0.7869955
0.36380535 	 0.69946903
0.31964162 	 0.8377592
0.36139348 	 0.8188545
0.3702981 	 0.8221119
0.42300153 	 0.7645926
0.40391472 	 0.70723635
0.4649246 	 0.7563999
0.4405515 	 0.67829007
0.38295484 	 0.5989927
0.35659647 	 0.7500831
0.35470766 	 0.84971744
0.31928983 	 0.7501853
0.29930085 	 0.7212002
0.27620593 	 0.95832044
0.28515872 	 0.8622127
0.26249954 	 1.0099071
0.27029845 	 0.7379072
0.25508794 	 0.65505445
0.28173178 	 0.74284893
0.28905487 	 0.65331346
0.30966043 	 0.93511206
0.33263394 	 1.0104401
0.35810122 	 0.8957499
0.38265452 	 0.7699981
0.4057237 	 0.78130496
0.4851272 	 0.75288665
0.47476473 	 0.6892615
0.46578282 	 0.68831444
0.44337028 	 0.66850346
0.44016615 	 0.564974
0.44796044 	 0.6947781
0.4729376 	 0.58410645
0.51181144 	 0.63146967
0.48236504 	 0.5651378
0.44174358 	 0.551074
0.450773 	 0.74050814
0.32967985 	 0.66410136
0.3418374 	 0.8316818
0.28961855 	 0.76282954
0.2874501 	 1.117164
0.28077412 	 0.65731585
0.27834773 	 0.8207679
0.2731246 	 0.59551346
0.26993063 	 0.86574346
0.26442665 	 1.1022311
0.25194186 	 0.91703373
0.24608287 	 0.88995403
0.25235826 	 0.6120473
0.24843946 	 0.6690288
0.2612938 	 1.1969911
0.32040495 	 0.77636117
0.33311588 	 0.7507706
0.33927768 	 0.7127347
0.30680847 	 0.683265
0.3228956 	 0.7869003
0.34210995 	 0.7927542
0.3195563 	 0.8232043
0.3148964 	 0.8048313
0.30143723 	 0.79622865
0.29669288 	 0.8300719
0.29963046 	 0.7765752
Summary
0.070890285  -  0.6415147 ,  0.28752553  -  2.2391307
accuracy:  98.1
equal predictions:  0
TensorFlow version: 1.13.1
Found 939 images belonging to 1 classes.
argN = 3136
argN = 3136
0.3830099 	 0.6362368
0.5330978 	 0.66448486
0.33939835 	 0.4482325
0.2935623 	 1.2324218
0.26487485 	 0.97742707
0.27243325 	 1.4867175
0.30243692 	 1.1514955
0.2832653 	 1.0651282
0.2582702 	 1.2859147
0.24107629 	 1.4579362
0.26082084 	 1.1272244
0.1986484 	 0.83111155
0.18165654 	 0.95138615
0.1648291 	 0.5474773
0.15352169 	 0.404558
0.19975321 	 0.72368366
0.25277722 	 0.4669745
0.21870348 	 0.5241694
0.14182931 	 0.26076838
0.1723874 	 0.5339056
0.24125887 	 0.33712098
0.18418728 	 0.5811392
0.09360475 	 0.7067242
0.11056577 	 0.5684297
0.23416919 	 1.0954655
0.19985671 	 1.3830528
0.1714171 	 1.4552349
0.14430794 	 1.6201932
0.1012087 	 1.7430933
0.09169318 	 1.4925774
0.12387487 	 1.6910145
0.24164027 	 0.37144256
0.27180782 	 0.35476977
0.2863548 	 0.36584285
0.32268873 	 0.5708685
0.48737597 	 0.691915
0.3712992 	 0.78385484
0.38357952 	 0.7475832
0.35434705 	 0.6534627
0.36337993 	 0.48595032
0.3547957 	 0.48133767
0.3434221 	 0.4770525
0.36344576 	 0.5973747
0.46205863 	 0.6476592
0.49061707 	 0.72863907
0.42155293 	 0.6285421
0.44538844 	 0.52326274
0.38883355 	 0.50979483
0.4259926 	 0.69977784
0.37109998 	 0.9118804
0.11162557 	 1.1627824
0.15592541 	 1.6177615
0.19992769 	 1.376433
0.18495296 	 0.48462424
0.21736972 	 0.596421
0.2043624 	 0.29189208
0.17267554 	 0.29852954
0.31643078 	 0.51219714
0.26179403 	 0.57593197
0.08191186 	 0.9433121
0.07639023 	 1.6091591
0.06926649 	 1.763786
0.07166408 	 1.1303066
0.042138346 	 1.0599661
0.11022118 	 1.1317669
0.3177103 	 0.3721221
0.32593134 	 0.59497094
0.35122123 	 0.44420108
0.41317272 	 0.6579125
0.45198253 	 0.7186035
0.45114607 	 0.7203478
0.4146273 	 0.6915319
0.40451264 	 0.5361695
0.41550818 	 0.7175445
0.33171034 	 0.73456514
0.13079068 	 0.99162537
0.11807684 	 1.6308632
0.24358481 	 1.3782922
0.3492464 	 0.9254281
0.15423217 	 0.6489145
0.14828382 	 0.63231647
0.17390932 	 0.6117018
0.20820718 	 0.63912904
0.19522479 	 0.8545866
0.20110899 	 0.99384236
0.20535572 	 0.7829228
0.2242337 	 1.1334215
0.16606887 	 1.1287268
0.11750928 	 1.1866984
0.17556348 	 1.1343064
0.102846466 	 0.7607749
0.19387992 	 0.5255302
0.19251129 	 0.32028866
0.19493552 	 0.49718505
0.19615358 	 0.35676983
0.2052613 	 0.58190715
0.21140325 	 0.48769352
0.21588106 	 0.55105716
0.21173732 	 0.34041992
0.20925847 	 0.34212792
0.20933078 	 0.4413541
0.20235474 	 0.78010136
0.19106875 	 0.56312793
0.17940916 	 0.4388834
0.19162911 	 0.580018
0.19197498 	 0.5982206
0.18703175 	 0.67932266
0.19319226 	 0.47412214
0.19331968 	 0.5966746
0.20299856 	 0.55165565
0.16570939 	 0.7269788
0.18105495 	 0.7143078
0.20363595 	 0.85659325
0.2093659 	 0.88818824
0.21210673 	 0.7594898
0.2199793 	 0.8248447
0.20869623 	 0.63038313
0.21016465 	 0.86393315
0.23138452 	 0.67219484
0.21223924 	 0.87693405
0.2070072 	 0.842028
0.2147665 	 0.679077
0.21100621 	 0.88598526
0.19580539 	 0.8161178
0.20297834 	 0.64088446
0.19684488 	 1.0662408
0.19076121 	 1.0379807
0.17421414 	 0.7734576
0.16919774 	 0.63952875
0.1756206 	 0.78235215
0.14599817 	 0.7593895
0.1488039 	 0.6588042
0.15727003 	 1.2396486
0.14961073 	 0.79593426
0.15152985 	 0.9467436
0.1469667 	 0.58327746
0.13680252 	 0.71138215
0.13653685 	 0.6265755
0.14208513 	 1.1728872
0.13807061 	 0.8238767
0.13783148 	 0.61440474
0.115815885 	 1.3116208
0.121103816 	 0.64189154
0.105493136 	 1.0943875
0.10099378 	 0.6241591
0.09540254 	 0.71195024
0.0911605 	 1.1724031
0.10279851 	 1.2048783
0.09333433 	 0.8798979
0.0976004 	 0.57664806
0.08913506 	 1.0298651
0.09197041 	 0.67861426
0.09275912 	 0.6607466
0.0976422 	 1.0168781
0.1012897 	 0.8675802
0.102495484 	 1.1626635
0.095353685 	 0.69902235
0.10149003 	 0.77925545
0.1086796 	 0.92099524
0.099983715 	 0.82621056
0.09768018 	 0.5359234
0.098233245 	 0.71379393
0.13303621 	 0.9816735
0.12730005 	 1.0181733
0.14282584 	 0.6639563
0.14998724 	 1.1208963
0.15582615 	 0.9463345
0.16452573 	 0.9348658
0.16769783 	 0.7100258
0.17310363 	 0.9180653
0.18553215 	 0.79551965
0.1856591 	 0.85650396
0.18919358 	 0.79164344
0.18665648 	 0.5646051
0.16111498 	 0.63254756
0.17752658 	 0.71651745
0.16826536 	 1.0678309
0.14448464 	 0.45363942
0.13848032 	 0.7018126
0.14541799 	 0.71740514
0.12961897 	 0.6676544
0.1371635 	 0.87994707
0.13180286 	 0.8108032
0.13654962 	 0.8235225
0.12122768 	 0.7189007
0.12776138 	 1.0079082
0.12987013 	 0.6247626
0.13224939 	 0.7411565
0.12822759 	 0.8707957
0.11168128 	 0.86850256
0.120903544 	 0.5511857
0.11625641 	 0.65197647
0.11200591 	 0.77382076
0.11583791 	 0.67370915
0.10699763 	 0.71840274
0.11077722 	 0.7355779
0.100672916 	 0.7661569
0.08183915 	 1.0291746
0.06545968 	 0.796894
0.52981335 	 0.52469474
0.50293523 	 0.5404103
0.49676317 	 0.5817722
0.4648134 	 0.59344524
0.5112263 	 0.60846925
0.395505 	 0.5792504
0.42644334 	 0.69520915
0.43312043 	 0.5487865
0.42442268 	 0.63831735
0.44508561 	 0.7857339
0.44318384 	 0.60657287
0.43190762 	 0.60026574
0.42651093 	 0.5362755
0.42886212 	 0.5280204
0.39661142 	 0.70724714
0.40844658 	 0.62771684
0.38777506 	 0.6333894
0.37306848 	 0.4910829
0.40381187 	 0.7827637
0.38443273 	 0.7469332
0.41582775 	 0.5105006
0.40471014 	 0.60916924
0.406003 	 0.827386
0.41787383 	 0.56381315
0.48102394 	 0.58348215
0.44456658 	 0.583034
0.4513576 	 0.63260144
0.43400496 	 0.5439474
0.42411894 	 0.5240952
0.43155655 	 0.6709512
0.38540742 	 0.5527192
0.42230988 	 0.52053255
0.41153586 	 0.5230016
0.42646015 	 0.59560096
0.43892315 	 0.6212053
0.48942617 	 0.5788112
0.47766045 	 0.5867294
0.48262325 	 0.6817135
0.45265648 	 0.5580376
0.44406372 	 0.5192636
0.41667113 	 0.77078974
0.4014671 	 0.4884193
0.41110024 	 0.5388431
0.41586462 	 0.7157576
0.3979581 	 0.6404737
0.41200057 	 0.7100646
0.421124 	 0.53042555
0.43256864 	 0.6293747
0.43075022 	 0.5921668
0.42406574 	 0.5739542
0.40724227 	 0.48587745
0.40957406 	 0.6867427
0.41432637 	 0.755016
0.41610152 	 0.6403362
0.39646053 	 0.41063038
0.40465805 	 0.4007046
0.42090842 	 0.5413504
0.38360718 	 0.58937883
0.42377904 	 0.6272396
0.46651897 	 0.5510169
0.4631541 	 0.49572968
0.4382421 	 0.62326074
0.48608765 	 0.64808846
0.46929026 	 0.5215631
0.43653628 	 0.58575994
0.43655878 	 0.4883202
0.4798004 	 0.5735019
0.5384815 	 0.62817127
0.4848362 	 0.55156726
0.49003467 	 0.7118601
0.4836717 	 0.59787536
0.46754017 	 0.6847985
0.46098518 	 0.5952326
0.46470866 	 0.514677
0.45906118 	 0.53655314
0.4609918 	 0.5239554
0.44321895 	 0.6825595
0.426811 	 0.66267395
0.41374707 	 0.53291494
0.41024852 	 0.53045374
0.38468194 	 0.4503107
0.40942693 	 0.53395987
0.4073453 	 0.53522015
0.40852514 	 0.6211294
0.4851425 	 0.63504004
0.46762562 	 0.6426107
0.47184485 	 0.67421156
0.40934318 	 0.65533453
0.39822197 	 0.8561499
0.41346836 	 0.7022353
0.42158356 	 0.74453694
0.4176765 	 0.81208605
0.42713466 	 0.78343165
0.45072138 	 0.8469111
0.48530924 	 0.8342754
0.5532648 	 0.8085126
0.53724515 	 0.7174833
0.48988193 	 0.6957553
0.41555208 	 0.5702038
0.396119 	 0.54551965
0.40404952 	 0.5371763
0.37658906 	 0.63489395
0.39438885 	 0.5325931
0.396425 	 0.54976
0.3948133 	 0.5375794
0.41988793 	 0.59894496
0.4589573 	 0.55816835
0.4782055 	 0.5749667
0.4813347 	 0.572078
0.45320296 	 0.5458408
0.42928103 	 0.48990682
0.4009716 	 0.54161453
0.39768866 	 0.5576071
0.3855934 	 0.63393354
Summary
0.042138346  -  0.5532648 ,  0.26076838  -  1.763786
accuracy:  99.4
equal predictions:  0
TensorFlow version: 1.13.1
Found 939 images belonging to 1 classes.
argN = 3136
argN = 3136
0.35851315 	 0.5841822
0.40065956 	 0.629815
0.4232291 	 0.5647645
0.42731914 	 0.7890198
0.3757841 	 0.92673784
0.40436214 	 0.94890815
0.40785635 	 1.1968113
0.40905413 	 0.927519
0.44986618 	 0.8867092
0.41093618 	 0.87639636
0.37311652 	 1.1399084
0.40973756 	 1.093519
0.44018152 	 0.952441
0.3104226 	 0.784218
0.36571017 	 0.81300765
0.39710188 	 0.7949501
0.42579833 	 0.90241146
0.4041511 	 0.81725895
0.43533912 	 0.7482013
0.37949857 	 0.70403737
0.32096004 	 0.5363552
0.31913704 	 0.47653517
0.28500938 	 0.47053316
0.4125052 	 0.52623254
0.30404556 	 0.56743366
0.20703293 	 0.68903875
0.27096644 	 0.88240117
0.29002377 	 0.99299973
0.28629243 	 1.0552845
0.28569588 	 0.98205274
0.259523 	 1.3009433
0.30110016 	 1.1278952
0.45500746 	 0.8230821
0.39318094 	 0.6745499
0.25401804 	 0.5078114
0.23454471 	 0.45320156
0.22971758 	 0.4572497
0.31548497 	 0.63718116
0.4114051 	 0.65905464
0.41419837 	 0.6771362
0.41655704 	 0.6133292
0.41901654 	 0.59913784
0.60293126 	 0.6490512
0.5759656 	 0.63283575
0.4518823 	 0.53165764
0.41113126 	 0.7356763
0.40462607 	 0.7626188
0.24200183 	 1.0623404
0.24796581 	 0.87570316
0.22554782 	 1.0751909
0.28691226 	 1.2260525
0.32403532 	 0.78742266
0.4194177 	 0.81105995
0.3761572 	 0.67803943
0.25098357 	 0.47299194
0.38264796 	 0.55256927
0.2041754 	 0.8295545
0.23183617 	 0.8146172
0.30042195 	 0.7350967
0.28701082 	 1.0721099
0.18162917 	 1.2610642
0.15088442 	 0.94617385
0.12216448 	 1.009853
0.13734026 	 1.0587856
0.15603402 	 0.86262596
0.354226 	 0.81306046
0.2744458 	 0.44804952
0.30749995 	 0.5042868
0.32516503 	 0.51628083
0.42309323 	 0.5391118
0.45270804 	 0.514833
0.5086837 	 0.5643265
0.50128186 	 0.80653334
0.4879106 	 0.6961231
0.52741045 	 0.53217
0.45861793 	 0.5094513
0.4662191 	 0.62195987
0.49287277 	 0.6074937
0.2664194 	 0.8943426
0.24392585 	 1.017823
0.26131216 	 1.0072407
0.25578222 	 1.1177518
0.17032284 	 1.2264048
0.3353719 	 0.846213
0.41797605 	 0.75257957
0.23473819 	 0.8080687
0.26905784 	 0.6879677
0.33466032 	 0.80303067
0.4200052 	 0.60620034
0.37312642 	 0.41898844
0.3843761 	 0.34633425
0.37700087 	 0.31573963
0.39631522 	 0.30889937
0.41384804 	 0.326455
0.40389007 	 0.38675007
0.33105296 	 0.64810646
0.28898683 	 0.8240275
0.23441759 	 0.9419702
0.16578734 	 1.1147747
0.16694243 	 1.1999487
0.17459911 	 1.3117521
0.26447573 	 1.2082825
0.30069518 	 0.87835205
0.2516157 	 0.9987357
0.22277361 	 1.0994784
0.3748255 	 0.5716128
0.37865984 	 0.6391381
0.35175827 	 0.47029236
0.36740962 	 0.73733115
0.37247393 	 0.6609624
0.36910117 	 0.7079993
0.3747024 	 0.5326811
0.39489228 	 0.50849926
0.4170363 	 0.7045388
0.41395172 	 0.53432095
0.41273052 	 0.6096534
0.39152703 	 0.61217064
0.42470035 	 0.54087573
0.40152243 	 0.5454937
0.37744373 	 0.5508516
0.35374552 	 0.6410837
0.3253327 	 0.7191728
0.30881056 	 0.69607997
0.31887013 	 0.56381124
0.29604307 	 0.61299086
0.30249023 	 0.6751984
0.29103604 	 0.77010804
0.28844577 	 0.5794948
0.29070255 	 0.690985
0.2902749 	 0.68810165
0.30756667 	 0.732981
0.30166996 	 0.7396267
0.30203292 	 0.81227857
0.3155711 	 0.71083516
0.29601067 	 0.7395785
0.3093716 	 0.67836183
0.3059637 	 0.74335045
0.28540522 	 0.8055524
0.2579319 	 0.8292763
0.24667554 	 0.8829631
0.24382247 	 0.8238151
0.2195141 	 0.7065948
0.2307832 	 0.8977554
0.22931974 	 0.74435663
0.23706537 	 0.75900215
0.22061169 	 0.74753046
0.23381135 	 0.889434
0.21482834 	 0.6441257
0.21155436 	 0.8200068
0.19617817 	 0.88401365
0.18813717 	 0.7245441
0.165372 	 0.7398827
0.15773158 	 0.72056234
0.16162999 	 1.058622
0.15842432 	 0.69130933
0.15885279 	 0.8449304
0.15665658 	 0.77460337
0.16532151 	 0.64436954
0.16596837 	 1.0741626
0.1761032 	 0.98399186
0.17790727 	 0.8954056
0.16697736 	 0.7542876
0.17687233 	 0.79155767
0.17235568 	 0.67171705
0.19088629 	 0.89016783
0.18977536 	 0.9326001
0.19068056 	 0.6579841
0.22668122 	 0.7722138
0.22861093 	 0.8556306
0.2360083 	 0.8212709
0.23918718 	 0.72273886
0.2501478 	 0.7791171
0.24536096 	 0.6943573
0.2540103 	 0.9363388
0.26455003 	 0.7569416
0.27173343 	 0.7404931
0.29052177 	 0.7346426
0.2892178 	 0.97572756
0.3004734 	 0.78644407
0.31464508 	 0.78743654
0.28994763 	 0.8010152
0.2988151 	 0.67200965
0.29618797 	 0.70065534
0.285434 	 0.6795619
0.26221022 	 0.8533523
0.2772138 	 0.787217
0.26770473 	 0.8029472
0.2523166 	 0.8120252
0.25760415 	 0.7410965
0.26999927 	 0.824431
0.24935365 	 0.6990119
0.24715531 	 0.804969
0.2576907 	 0.8451001
0.26406932 	 0.64839435
0.24114227 	 0.8881934
0.23273672 	 0.7408825
0.22776103 	 0.95007807
0.2521285 	 0.89405924
0.22820476 	 0.6879514
0.22456127 	 0.6237601
0.21118635 	 0.82366717
0.20805599 	 0.7897274
0.5360411 	 0.5329374
0.56825715 	 0.5907383
0.56942403 	 0.5706828
0.5520874 	 0.62957734
0.6068892 	 0.5881721
0.5597311 	 0.5620288
0.5489325 	 0.59494156
0.55997705 	 0.5216853
0.50085914 	 0.5973181
0.49989328 	 0.5876509
0.4046795 	 0.4797746
0.44394043 	 0.5187114
0.43749592 	 0.5191798
0.4547116 	 0.52343637
0.46625158 	 0.46588454
0.457708 	 0.5335764
0.44847712 	 0.5338469
0.46347505 	 0.441583
0.46349004 	 0.47122976
0.45370284 	 0.67589855
0.42706925 	 0.523925
0.4181085 	 0.46652925
0.39646238 	 0.65806484
0.40568575 	 0.4826567
0.4046318 	 0.534981
0.4017724 	 0.47765315
0.40025464 	 0.6153146
0.3955104 	 0.52126026
0.40448672 	 0.50804263
0.39309007 	 0.5663351
0.38650113 	 0.4511399
0.48722422 	 0.6591596
0.4755147 	 0.52887654
0.47446734 	 0.5460005
0.4343175 	 0.5621599
0.44889823 	 0.50573856
0.43380165 	 0.549415
0.41478732 	 0.45032024
0.42379144 	 0.65495706
0.42986298 	 0.5151001
0.44236436 	 0.49783123
0.43407974 	 0.5963974
0.45425448 	 0.42173368
0.4440681 	 0.50622445
0.41311026 	 0.5091363
0.4147959 	 0.40509304
0.39030522 	 0.3752677
0.39851838 	 0.3981672
0.4084387 	 0.38770655
0.41276628 	 0.673145
0.41029522 	 0.6074361
0.3886585 	 0.52070314
0.3912948 	 0.43366215
0.36675793 	 0.5951191
0.37129462 	 0.46050745
0.3544501 	 0.52461225
0.34963885 	 0.43116468
0.3614763 	 0.39029977
0.37440348 	 0.58046794
0.36272058 	 0.8195531
0.39261484 	 0.48043343
0.3786264 	 0.5974651
0.36199474 	 0.47773397
0.45098147 	 0.5755073
0.4711824 	 0.55741614
0.45561287 	 0.5362679
0.4362731 	 0.56974125
0.41839865 	 0.57683015
0.48611546 	 0.50461495
0.47764105 	 0.53275204
0.50865746 	 0.5055356
0.5068605 	 0.54197377
0.4923538 	 0.47619024
0.44718486 	 0.48333627
0.45490828 	 0.7589386
0.47321206 	 0.4362447
0.43755767 	 0.45588365
0.4315894 	 0.59382856
0.42445895 	 0.47707883
0.39268535 	 0.64732623
0.43600407 	 0.44667268
0.44241762 	 0.53018934
0.44221744 	 0.48219475
0.4540799 	 0.55185974
0.49972525 	 0.4659151
0.5143115 	 0.5122449
0.5227041 	 0.694134
0.5354092 	 0.5658411
0.46481073 	 0.58902776
0.46551344 	 0.692236
0.44107202 	 0.6718419
0.43616846 	 0.7274899
0.5193991 	 0.7465606
0.5500959 	 0.6234328
0.5458931 	 0.7468638
0.5696342 	 0.71304923
0.57389706 	 0.7040627
0.5365988 	 0.72170097
0.44499037 	 0.59536004
0.41086975 	 0.68298393
0.42138615 	 0.51556534
0.41273898 	 0.47917402
0.42845595 	 0.49492118
0.4359002 	 0.5363915
0.47922957 	 0.58002084
0.5221937 	 0.5435702
0.5075805 	 0.62763566
0.48321187 	 0.52936405
0.48947558 	 0.51631284
0.49652144 	 0.59016085
0.48456678 	 0.49033517
Summary
0.12216448  -  0.6068892 ,  0.30889937  -  1.3117521
accuracy:  93.6
equal predictions:  0
