TensorFlow version: 1.13.1
Found 939 images belonging to 1 classes.
argN = 196
argN = 196
0.088517845 	 2.4711053
0.11974679 	 2.2917063
0.35631323 	 2.5505264
0.03948522 	 4.183871
0.022934545 	 3.6686194
0.033521272 	 1.512706
0.036035564 	 2.418615
0.040026672 	 3.6442945
0.20929521 	 1.3832667
0.091224946 	 1.8318034
0.066001065 	 2.2986944
0.09655614 	 2.14678
0.12572877 	 2.4756877
0.083475344 	 2.797528
0.11087651 	 1.9886997
0.10762278 	 2.3233082
0.10563715 	 3.4849396
0.18054275 	 2.0970058
0.123321675 	 2.8873837
0.19358142 	 3.1769257
0.1189216 	 1.8492419
0.07951484 	 2.1376207
0.086912066 	 2.4794438
0.07954317 	 2.4129727
0.05764767 	 2.5834
0.008539257 	 2.8427176
0.04193687 	 3.3297086
0.07418728 	 1.6689044
0.22558658 	 1.528242
0.039240208 	 2.90885
0.13565749 	 2.231868
0.16964221 	 2.005523
0.110097 	 1.7632095
0.068763115 	 3.4377317
0.07507112 	 3.3527322
0.2675385 	 2.0645258
0.20127313 	 2.0146842
0.08471328 	 2.4955876
0.15365714 	 2.6104963
0.19353658 	 3.6686263
0.27710718 	 2.4466841
0.16591708 	 2.4796352
0.07242418 	 2.1181593
0.15087014 	 2.660519
0.147581 	 2.2714272
0.07410736 	 2.8813603
0.056166958 	 1.4614582
0.00511408 	 13.08657
0.020618303 	 3.4851534
0.03807306 	 1.9332955
0.06503646 	 1.9150045
0.10705303 	 2.3626769
0.015393956 	 2.0563085
0.03832714 	 3.4859395
0.08095797 	 2.6345503
-9.5367386e-07 	 1.3985727
-9.5367386e-07 	 3.474932
-9.5367386e-07 	 2.8787227
-9.5367386e-07 	 3.6672955
-9.5367386e-07 	 2.276294
5.805661e-05 	 4.21341
0.00511408 	 2.3123596
0.015458361 	 1.894771
0.32043844 	 2.4500513
0.2427919 	 2.0474768
0.19057916 	 2.4257154
0.22058983 	 2.411247
0.09117252 	 3.471638
0.044130076 	 2.4461095
0.12560624 	 2.254727
0.13716002 	 2.2381124
0.08687241 	 2.3907394
0.19610739 	 3.6684487
0.31404132 	 2.4351747
0.2863721 	 2.6936855
0.11947458 	 2.3380113
0.14944495 	 2.4765818
0.14091173 	 2.0964751
0.10778123 	 1.7024586
0.09916631 	 3.4864807
0.015423434 	 2.6561387
0.036369912 	 2.7108538
0.057219725 	 2.003665
0.031004064 	 2.4742997
7.438936e-05 	 3.0515091
0.036366083 	 2.3364897
0.020619277 	 2.9627244
0.025840057 	 2.5343108
0.010035455 	 1.4269177
-9.5367386e-07 	 2.4978943
0.02584024 	 2.2354336
0.00511408 	 2.2230074
0.00511408 	 3.4898221
-9.5367386e-07 	 3.1906555
0.010255411 	 2.5702567
0.00511408 	 2.9702022
0.00511408 	 3.3319669
0.0051351683 	 3.0671728
0.0196518 	 2.8152554
0.0019623209 	 2.5199218
0.016893422 	 1.4199393
0.010345202 	 1.746023
0.0051144394 	 1.5239239
0.00511408 	 1.8167039
0.015410904 	 2.2807581
0.011876739 	 1.8258227
0.010255472 	 0.8661575
0.005033923 	 1.3958516
0.00511408 	 1.1034689
-9.5367386e-07 	 1.9556221
-9.5367386e-07 	 2.015892
0.010255472 	 2.0557418
-9.5367386e-07 	 2.233079
0.00511408 	 1.2527115
-9.5367386e-07 	 1.6631095
0.00511408 	 1.6397463
-9.5367386e-07 	 2.2739124
0.0010109884 	 1.8981646
0.00511408 	 2.1905332
0.020618243 	 1.195141
0.0052811233 	 1.7029172
0.010254327 	 1.1480963
0.02067976 	 1.4488145
0.015423555 	 1.8957924
0.025847213 	 2.935323
0.025774796 	 1.9290637
0.015423434 	 2.9738681
0.007966457 	 1.3082324
0.010255472 	 0.8652061
-9.5367386e-07 	 2.3403513
0.010255472 	 1.0974177
5.1260126e-06 	 1.8010266
0.01499309 	 1.3453826
0.010249992 	 1.8808427
-9.5367386e-07 	 1.8717784
-9.5367386e-07 	 1.5387583
0.00511408 	 2.3142362
0.00512043 	 1.3321577
0.009938709 	 1.2582897
-9.5367386e-07 	 2.0446253
0.00040873297 	 1.1918247
0.010255472 	 1.3048862
0.010209165 	 1.2269442
0.0102556525 	 1.5907758
0.00511408 	 2.437198
0.010255411 	 1.5100684
0.010261012 	 1.2168891
0.0051142597 	 1.7474011
-9.5367386e-07 	 1.9388523
0.015370107 	 2.5066092
0.010255472 	 1.9475677
0.00511408 	 2.1601074
-9.5367386e-07 	 2.253721
0.00511408 	 1.4966977
-9.5367386e-07 	 2.3491094
-8.344647e-07 	 1.5688757
0.0052337875 	 1.8965105
-9.5367386e-07 	 1.6254684
-9.5367386e-07 	 1.9250246
-9.5367386e-07 	 1.0914284
-9.5367386e-07 	 2.0011697
0.00511408 	 1.8102503
0.00511408 	 3.0807168
0.00511408 	 2.7131488
0.0050819684 	 1.4555695
0.010255472 	 2.6627781
0.010255472 	 1.5146673
0.010255472 	 2.381231
0.01542295 	 1.2176774
0.00511408 	 1.237537
0.0070002745 	 2.2396655
0.00511408 	 1.4875426
0.00511408 	 1.5280983
0.010399767 	 2.661377
0.010255531 	 1.21275
0.005114739 	 1.0580078
0.010255472 	 1.6912373
0.00511408 	 1.7129505
0.010255531 	 1.4608678
0.008941151 	 1.1336765
0.00510743 	 1.4775625
0.010255472 	 2.332985
0.015372408 	 1.4156914
0.013593621 	 1.6578449
0.010238851 	 1.7296515
0.007153946 	 1.3319905
0.015403096 	 2.710877
0.00511408 	 1.79937
0.00096952217 	 1.3872868
-9.5367386e-07 	 1.3997036
0.0144911455 	 1.2927191
0.00511408 	 2.0676892
0.012020664 	 1.7928559
0.015317208 	 1.9106555
0.00511408 	 1.6666363
0.008659796 	 1.7388237
0.025294492 	 1.2311616
0.0010217282 	 1.1591313
0.006489486 	 1.1310993
0.060441043 	 1.7252647
0.113318816 	 2.6276355
0.08492576 	 2.0587194
0.09558202 	 1.8419812
0.053556703 	 2.2337596
0.053350717 	 1.9821668
0.041747373 	 2.0905347
0.011390944 	 3.741665
6.556513e-07 	 2.0553665
-9.5367386e-07 	 1.2172751
0.010255472 	 4.162947
0.015423434 	 2.8801916
0.015423373 	 2.6702468
0.020636009 	 3.332177
0.025840178 	 3.0410616
0.019088823 	 3.2549229
0.008986077 	 1.6358235
0.015423434 	 2.3867931
0.010255472 	 1.8072726
0.00511408 	 3.332177
0.015412296 	 2.9009056
0.0102524 	 2.6390338
-9.5367386e-07 	 1.8725407
0.010255472 	 1.4523913
0.010256676 	 3.1986492
0.015534636 	 2.176646
0.010237165 	 2.4929342
0.015423434 	 2.505552
0.015366718 	 2.5055127
0.015423434 	 1.5835265
0.00511408 	 2.7131517
0.031089589 	 2.1044416
0.036366574 	 1.53377
0.19999903 	 2.0445714
0.33761668 	 2.6373188
0.04264273 	 2.0590973
0.01542065 	 3.3370318
0.02588691 	 4.1794376
0.020618243 	 3.4863229
0.025783176 	 1.1756603
0.025920369 	 3.668638
0.031093523 	 3.4904377
0.010255472 	 2.4024887
0.010255472 	 2.0592296
0.07199621 	 2.054439
0.010255472 	 2.272595
0.063177794 	 4.1794376
0.052367583 	 3.6662903
0.042400613 	 1.8792411
0.036349267 	 2.269955
0.03148478 	 2.0493393
0.020618243 	 0.76214814
0.031056939 	 2.2531366
0.015423131 	 1.5675635
0.010256254 	 3.423027
0.010255472 	 0.9783534
0.010255472 	 2.4448862
0.020618912 	 2.5697935
0.015423434 	 2.4556892
0.010166953 	 1.7458088
0.01531291 	 2.9750795
0.03021188 	 1.4639094
0.049591444 	 2.5302992
0.101967715 	 2.0591993
0.10298441 	 1.7594268
0.11783661 	 2.177166
0.12265801 	 0.97400993
0.08582993 	 1.8335631
0.07171691 	 2.2301707
0.0526404 	 1.3260567
0.07415897 	 2.2380471
0.051406626 	 0.53964376
0.046996024 	 1.3282437
0.031423703 	 1.5773921
0.015364902 	 3.8911383
0.004274371 	 2.2836747
0.0014661564 	 1.7866666
-9.5367386e-07 	 2.1839886
0.010255231 	 3.0363426
0.010255472 	 2.2823713
-9.5367386e-07 	 3.332167
0.010255472 	 0.9873379
0.04633984 	 2.874906
0.04928295 	 0.8837326
0.06662906 	 4.179262
0.09661266 	 1.5314941
0.06854178 	 4.4844027
0.10642638 	 2.579786
0.10610826 	 2.8779435
0.06255716 	 1.5168008
0.06862771 	 1.7932533
0.060442496 	 1.690635
0.080087066 	 3.0684707
0.06862068 	 3.0758722
0.07410652 	 1.6945411
0.06276664 	 1.6503431
0.047004957 	 1.0753672
0.024767555 	 1.9820988
0.015995858 	 2.7955236
0.010255472 	 1.4218913
0.029569743 	 2.7131715
0.04166988 	 2.8801544
0.057734873 	 2.4638739
0.048639093 	 3.8580544
0.05701765 	 2.105563
0.043707315 	 2.4534245
0.053162623 	 1.2588147
0.053510547 	 3.3743384
0.06862669 	 2.935296
0.036033154 	 2.2320685
0.052366514 	 3.6679118
0.030879203 	 1.4599634
0.036274604 	 2.3881083
0.025687218 	 2.792475
Summary
-9.5367386e-07  -  0.35631323 ,  0.53964376  -  13.08657
accuracy:  100.0
equal predictions:  0
TensorFlow version: 1.13.1
Found 939 images belonging to 1 classes.
argN = 196
argN = 196
0.11322556 	 2.968782
0.12995912 	 2.7623515
0.3462353 	 2.991146
0.49259275 	 2.9887247
0.57106966 	 3.091873
0.4042454 	 2.1341581
0.20450662 	 2.5884216
0.06307189 	 2.8800375
0.11009813 	 2.2896783
0.11470551 	 2.183714
0.101286136 	 1.8257488
0.14633171 	 1.6908625
0.16508336 	 2.6222956
0.10948713 	 2.4099786
0.19251223 	 2.5464637
0.10711346 	 2.0979404
0.17693272 	 4.179336
0.23519777 	 3.66958
0.13352159 	 3.1000085
0.010255472 	 3.8916872
0.13873234 	 3.1627858
0.07960913 	 2.310138
0.015423797 	 4.179087
0.025839873 	 2.575589
0.040932354 	 3.4447765
0.23400068 	 2.1948318
0.2751745 	 3.1975603
0.21502823 	 3.576382
0.18290791 	 2.1076577
0.32988557 	 2.4934645
0.2834278 	 2.4387212
0.30011314 	 3.2044575
0.18658687 	 2.3820438
0.2940574 	 3.0042827
0.024804642 	 2.9765847
0.14142497 	 2.3380792
0.1501871 	 3.2085698
0.116849385 	 3.8754718
0.13642678 	 2.7917204
0.031089405 	 3.3150465
0.03329799 	 3.3352525
0.0310594 	 2.1880057
0.06447927 	 2.087272
0.062919095 	 1.7323624
0.07966832 	 2.6725368
0.09692889 	 2.1259496
0.0974634 	 5.277884
0.06886815 	 2.8505607
0.062200114 	 1.8037269
0.101230994 	 3.1895204
0.057625506 	 2.7155466
0.015583249 	 2.6126127
0.031081287 	 2.3935046
0.10796561 	 2.3213277
-9.5367386e-07 	 3.41281
-9.5367386e-07 	 2.5686874
-9.5367386e-07 	 2.9754825
-9.5367386e-07 	 3.8579075
-9.5367386e-07 	 4.1793947
-9.5367386e-07 	 3.1606789
0.00511408 	 1.7220061
0.096686065 	 2.762024
0.2859413 	 1.9886404
0.2701641 	 2.1090279
0.17725433 	 1.8739184
0.04139811 	 2.726578
0.051996134 	 2.6228437
0.1487108 	 2.5655224
0.3448576 	 2.1542695
0.22240338 	 3.0714238
0.17077383 	 3.7432697
0.2102613 	 2.4661455
0.25174144 	 2.9722528
0.15324388 	 3.0667644
0.1721892 	 3.1243052
0.11907152 	 2.7443128
0.0416664 	 2.791352
0.057556435 	 2.4344928
0.0753939 	 3.1043725
0.060936503 	 2.635359
0.05179656 	 5.2779193
0.020567924 	 3.1924782
0.020804998 	 2.8188636
0.0051150382 	 3.6703591
0.010228192 	 4.1794376
0.010006738 	 2.142705
-9.5367386e-07 	 3.4631667
0.0111105265 	 3.5723019
0.043377973 	 2.939139
0.02589217 	 2.9513855
0.024672734 	 2.0605543
0.010255712 	 2.296759
0.015256806 	 1.4959683
0.00511408 	 3.3319886
0.020262476 	 3.0849087
0.005148948 	 1.0182565
0.0051146788 	 2.094822
0.00019939741 	 2.1001227
-9.5367386e-07 	 1.395347
0.014995329 	 1.3073713
0.020618243 	 3.4853811
0.00511408 	 1.144625
0.015423071 	 1.6898721
0.025840178 	 1.4261878
0.010255472 	 1.7402713
0.041775834 	 1.5663453
0.025839996 	 3.3320935
0.028005987 	 1.1739413
0.015423434 	 1.7808737
0.025765866 	 2.1698923
0.025916638 	 2.1524997
0.03404902 	 1.8671906
0.025840178 	 2.8771682
0.036608104 	 2.2483647
0.015423434 	 1.1912684
0.018631881 	 1.8088807
0.030014453 	 1.8388232
0.015398314 	 1.9350728
0.010255472 	 1.585043
0.010265106 	 2.3874235
0.012494935 	 2.1442168
0.010255472 	 1.6605546
0.0059480784 	 1.8263113
0.0051385234 	 2.174218
0.010295156 	 2.2058346
0.015119372 	 2.638299
0.0140174385 	 2.4893882
0.010255472 	 2.1612575
0.02577345 	 1.3687952
0.017382381 	 1.8591185
0.013391535 	 1.9831814
0.020618243 	 2.1866693
0.03129885 	 1.4505527
0.015422707 	 1.6006889
0.016591154 	 1.7746848
0.015423918 	 1.7183659
0.010339722 	 1.8874323
0.038769316 	 1.540866
0.0056511997 	 5.5179963
0.010255472 	 2.0183544
0.00511408 	 1.9110913
0.008314629 	 2.3579907
-9.5367386e-07 	 1.7002895
0.0051134205 	 2.055561
3.796888e-05 	 1.7183127
0.0016326515 	 2.4197483
-9.5367386e-07 	 2.4915488
0.0149707645 	 2.3862474
0.008444879 	 1.4071703
0.025193814 	 2.6390147
0.015418047 	 1.688126
0.0025468688 	 1.5910833
0.015423494 	 2.3106112
0.015423434 	 2.0947497
0.036366574 	 2.392513
0.031992316 	 2.9207368
0.02064033 	 2.224303
0.041662734 	 2.3870149
0.020623231 	 3.3167756
0.010255472 	 1.7699012
0.015423434 	 2.264316
0.013100348 	 1.5160143
0.00511408 	 5.2778726
0.0070963167 	 2.1377
0.00511408 	 2.7923524
0.010255472 	 1.9423867
0.0154212555 	 1.8232939
0.015423676 	 1.8253186
0.009826082 	 1.7161584
0.00511408 	 1.875184
0.015411872 	 2.7916512
0.005125942 	 2.4894593
0.015423494 	 1.5389122
0.046937365 	 1.8167186
0.046731174 	 1.9732416
0.04702851 	 1.3203845
0.01532332 	 1.8820753
0.014760052 	 3.886029
0.0258203 	 1.91102
0.010255592 	 1.9850922
0.013788193 	 2.1449618
0.0271556 	 3.0189023
0.015543051 	 1.9637076
0.015373739 	 2.2948947
0.02061885 	 1.6336161
0.010338336 	 1.2945417
0.02031728 	 1.4052901
0.0120467255 	 2.0952187
0.01887135 	 2.284586
0.025913274 	 1.8120027
0.03559163 	 0.9557978
0.015422223 	 1.801054
0.019523973 	 2.0313377
0.024052398 	 2.6919744
0.009934375 	 1.027767
0.018096605 	 1.9002018
0.011179297 	 1.726534
0.12974404 	 2.9717848
0.087224066 	 3.9291246
0.18442293 	 1.7599183
0.13153239 	 1.7806066
0.1482465 	 1.3884226
0.08435686 	 2.4060028
0.10196897 	 3.332177
0.057635043 	 1.6920261
0.10804024 	 2.5479069
0.042005062 	 2.5996783
0.00816787 	 1.5871185
0.020623596 	 2.630829
0.042860836 	 2.8801372
0.015423434 	 1.8435715
0.025480594 	 2.8599558
0.015482151 	 4.58487
0.010359717 	 2.087097
0.017603839 	 4.557925
0.020164188 	 2.712416
0.013592774 	 4.6042666
-9.5367386e-07 	 2.5701625
0.020626213 	 1.0659313
0.02082435 	 4.58487
0.00019176652 	 1.291803
0.02573547 	 2.639043
0.030255498 	 1.5055395
0.015472405 	 1.2775646
0.011654013 	 4.179457
0.025639456 	 2.1000562
0.058071755 	 3.0524776
0.13159315 	 2.465134
0.05053141 	 2.8738027
0.056939974 	 2.3201306
0.06865331 	 3.4632313
0.069387995 	 3.7504957
0.08957519 	 2.5711935
0.19716446 	 2.0021632
0.30590615 	 2.540749
0.08513362 	 2.88018
0.08708217 	 2.4413965
0.09666433 	 2.7107236
0.06862719 	 2.880202
0.057763856 	 2.0199997
0.08508813 	 2.7916648
0.07386116 	 2.0521722
0.03636633 	 2.222697
0.036366638 	 2.7511127
0.03299029 	 3.4798584
0.015423434 	 2.8797455
0.010255472 	 3.4863327
0.015425734 	 2.373811
-9.5367386e-07 	 1.0738877
0.013003245 	 2.870423
0.015438143 	 2.3300881
0.00511408 	 2.7153287
0.025675291 	 2.502659
0.0102566155 	 1.763343
0.031070404 	 4.185527
0.036529217 	 2.109372
0.015619211 	 1.9205981
0.044374984 	 2.3349702
0.031081902 	 2.5575523
0.113319546 	 3.0808687
0.11451654 	 2.232553
0.16382748 	 1.9117819
0.10653219 	 2.1320295
0.13219455 	 1.8125523
0.13656746 	 1.8323761
0.11758168 	 2.2568262
0.107617535 	 2.6380455
0.08569459 	 2.570066
0.052366704 	 1.7278355
0.015423434 	 4.584852
0.0154104205 	 1.8346126
0.015423434 	 2.7546651
0.0151978 	 3.6687362
0.017653888 	 3.8917747
0.015424645 	 1.4858922
0.046917938 	 2.1901393
0.052309424 	 1.9996043
0.042402353 	 2.4637394
0.104136154 	 3.19836
0.13073905 	 3.8917718
0.11379744 	 3.3191037
0.19048108 	 1.3327124
0.19025497 	 2.4445934
0.18588632 	 2.1954715
0.21781762 	 1.7546238
0.22336932 	 1.7908046
0.18000926 	 1.7233003
0.14731368 	 2.3667328
0.19330607 	 2.2779028
0.13379818 	 2.236371
0.16691348 	 0.9155429
0.17112431 	 1.6493764
0.12432975 	 1.9100233
0.16593164 	 2.4444554
0.1248698 	 2.3324773
0.12095164 	 1.8145052
0.079595774 	 2.8801956
0.06862739 	 3.8124278
0.041703932 	 4.58435
0.02646187 	 2.360654
0.025833022 	 2.3336651
0.020618303 	 1.6480113
0.025576103 	 2.876039
0.045676097 	 1.6146294
0.020605039 	 1.4787847
0.032409538 	 2.0835197
0.025846234 	 3.6746678
0.048046555 	 3.1156623
0.09734559 	 2.1585197
0.038679168 	 2.2319508
0.08515381 	 2.1629124
0.06725873 	 2.5940225
0.055400334 	 4.2636285
Summary
-9.5367386e-07  -  0.57106966 ,  0.9155429  -  5.5179963
accuracy:  100.0
equal predictions:  0
TensorFlow version: 1.13.1
Found 939 images belonging to 1 classes.
argN = 196
argN = 196
0.15254666 	 0.6844292
0.23784097 	 0.46682352
0.24793984 	 0.7108308
0.18935245 	 0.78445286
0.10077852 	 0.71901774
0.13024342 	 0.6659592
0.036629125 	 0.42179048
0.16446657 	 1.3015722
0.1052867 	 0.26836133
0.12590344 	 0.6535207
0.043499984 	 0.6061565
0.19854923 	 0.9310387
0.18612675 	 0.6450434
0.1129997 	 1.1661625
0.1675673 	 1.0647899
0.22250418 	 0.6281673
0.1380784 	 0.49052206
0.13534577 	 0.87853754
0.14187232 	 0.6865684
0.31291562 	 0.4048505
0.21077938 	 0.4283221
0.102202386 	 0.7519012
0.05834784 	 0.5015156
0.29194397 	 0.7999252
0.37927663 	 0.61957806
0.24024709 	 0.5508759
0.10049086 	 1.8029845
0.014740453 	 1.2625631
0.02022732 	 0.63605005
0.010256495 	 0.36831596
0.010255472 	 0.6061209
0.018535454 	 1.7920846
0.1343375 	 0.36592638
0.10654333 	 0.33605215
0.050457936 	 0.6691592
0.00523924 	 1.3263984
0.0238886 	 0.4511615
0.15466198 	 0.46410343
0.16029741 	 0.80655193
0.107366525 	 0.48365623
0.11436744 	 0.42675117
0.12664558 	 0.6345913
0.12115939 	 0.30812547
0.1532495 	 0.5945621
0.29135993 	 0.8575144
0.14474955 	 0.5784194
0.23381557 	 0.72206116
0.2351333 	 0.865016
0.08621332 	 0.8021375
0.07863216 	 1.3077126
0.10247686 	 0.68372804
0.09719371 	 0.86364615
0.11248777 	 0.5748398
0.10692871 	 0.89268214
0.11833451 	 0.7914903
0.17166531 	 0.5804453
0.26868987 	 0.79970515
0.18711253 	 0.4367418
0.12996951 	 0.6529915
0.051970772 	 0.81293297
0.0513169 	 0.6382533
0.020579118 	 0.6828701
0.15536521 	 0.83207977
0.057744913 	 0.5248087
0.07528124 	 0.519342
0.013320617 	 1.1064379
0.1006244 	 0.97909826
0.07442759 	 0.34089506
0.1343075 	 0.60069513
0.16254379 	 0.37300488
0.19023925 	 0.70813674
0.13930371 	 0.7024549
0.05593062 	 0.82583356
0.39025837 	 0.9013099
0.00511408 	 0.755661
0.11711384 	 0.4172362
0.3406215 	 0.67405856
0.088241376 	 0.78607273
0.126874 	 0.9948854
0.10048395 	 0.8133765
0.14470188 	 0.871624
0.096273765 	 1.0464091
0.09119563 	 0.40215072
0.06657548 	 0.4411761
0.08143357 	 0.504767
0.05188639 	 0.8678334
0.18225077 	 0.88179725
0.20418021 	 0.82287276
0.19239452 	 0.65122217
0.12518826 	 0.8005869
0.09552837 	 0.50844425
0.08385919 	 1.1333282
0.077119425 	 0.46272966
0.10279838 	 0.82971406
0.055086955 	 0.34741354
0.06699917 	 0.25076348
0.05986501 	 0.28060547
0.0646159 	 0.37283474
0.055701077 	 0.3754794
0.06290849 	 0.66224307
0.074030206 	 0.6637061
0.03850521 	 0.43961388
0.062415924 	 0.61992556
0.06466365 	 0.58220124
0.04167255 	 0.3708715
0.031108158 	 0.71736825
0.03882787 	 0.5731899
0.05972156 	 0.45478916
0.06837181 	 0.44645077
0.05146969 	 0.3359449
0.058289774 	 0.31155983
0.059054002 	 0.65652454
0.08217377 	 0.71161604
0.07496902 	 0.773027
0.10517923 	 0.79116064
0.11412429 	 0.5820463
0.15660994 	 0.77496904
0.17617074 	 0.50508124
0.1460479 	 0.5675286
0.20518315 	 0.83670247
0.17802748 	 0.69645786
0.15543476 	 0.81743807
0.19562626 	 0.6023925
0.21514101 	 0.6226731
0.23571265 	 0.5993688
0.2139947 	 0.74058074
0.21168356 	 0.697577
0.18294562 	 0.6640043
0.23406456 	 0.9599995
0.12805353 	 0.9255863
0.14237408 	 0.5780465
0.15753381 	 0.97248566
0.19904113 	 1.0156004
0.14346837 	 0.66347545
0.19058645 	 1.073348
0.21338913 	 0.8628014
0.19003958 	 0.6965583
0.1780527 	 0.89438885
0.19880907 	 0.84208876
0.15694426 	 1.1433161
0.2095262 	 0.88137037
0.18379724 	 0.59629667
0.22133498 	 0.59856
0.21532181 	 1.1078227
0.15278989 	 0.8918729
0.18263133 	 0.8560946
0.1413914 	 0.8993373
0.15140294 	 0.6696022
0.14258736 	 0.72281647
0.10167774 	 0.4235519
0.121815935 	 1.2891241
0.10197596 	 1.070099
0.084842846 	 0.92766327
0.10514255 	 0.8068861
0.0836365 	 0.45344588
0.10372421 	 0.75897694
0.12387703 	 0.7274245
0.08754423 	 1.1259179
0.08283357 	 0.7069882
0.12263638 	 0.7316894
0.07980278 	 0.79296464
0.08035773 	 1.2144035
0.08462914 	 1.0053926
0.035073128 	 0.84734035
0.068085924 	 1.0224149
0.061348803 	 1.1913029
0.05030812 	 0.895999
0.109535076 	 0.63605547
0.07454439 	 1.1163244
0.0774468 	 0.64449704
0.08052976 	 1.0203359
0.07408489 	 0.6451721
0.07841121 	 0.60635227
0.11909643 	 0.9901876
0.07346913 	 0.8513044
0.07856362 	 0.92302895
0.066679716 	 0.8021307
0.072689325 	 1.067998
0.057143483 	 0.63606495
0.06862286 	 0.8356651
0.061663263 	 0.6935411
0.041666336 	 0.7137217
0.047102734 	 0.48510706
0.059007276 	 0.59521
0.061593402 	 0.8219412
0.039239276 	 0.7445896
0.04145502 	 0.82132494
0.04373465 	 0.86693645
0.03812098 	 0.46373355
0.035796646 	 0.77915776
0.047236137 	 1.4070685
0.029540705 	 0.97676945
0.035471257 	 0.81905437
0.018624047 	 0.6724802
0.09994499 	 2.38974
0.067166865 	 0.81227607
0.07825734 	 1.9616137
0.06321106 	 4.1794376
0.08414482 	 2.713164
0.1360776 	 4.58487
0.13641237 	 4.5717564
0.13700525 	 1.9106055
0.080735736 	 3.2216406
0.090829454 	 1.9789004
0.082183994 	 2.190748
0.035385173 	 3.8917718
0.061903495 	 3.1949265
0.008996963 	 2.6305652
0.057757292 	 2.4448771
0.031090757 	 2.7128875
0.07074972 	 1.6635115
0.07949954 	 2.6855733
0.09138416 	 2.9783955
0.11895826 	 2.894779
0.5208688 	 1.8963202
0.2339555 	 2.1162286
0.14718488 	 2.6860209
0.13090672 	 3.4965463
0.18205854 	 2.2499626
0.17904145 	 2.1858268
0.17084709 	 2.3369262
0.12223944 	 1.9407114
0.17822854 	 1.7259629
0.13757244 	 2.5647118
0.11662746 	 0.7568974
0.044677477 	 2.282092
0.067171834 	 2.8525174
0.062071994 	 2.62352
0.1782408 	 2.0047235
0.17162469 	 1.1334989
0.15622158 	 2.1070466
0.17211126 	 1.893373
0.07137175 	 1.615778
0.07356876 	 2.5090103
0.03816346 	 1.0166447
0.04354954 	 1.9252183
0.057488628 	 2.441011
0.05222125 	 2.8121085
0.06386844 	 0.6543656
0.069212385 	 1.9649081
0.08029056 	 2.7534742
0.12396433 	 1.6870784
0.07907305 	 1.2657934
0.063149534 	 3.4863229
0.08542429 	 2.1664262
0.090677574 	 1.5765395
0.089821704 	 2.3903072
0.12552251 	 1.9362733
0.112438284 	 1.6860778
0.15867786 	 2.3579295
0.18509884 	 1.7248802
0.07998788 	 2.0854223
0.13980755 	 2.3321533
0.14174257 	 2.0263848
0.13070217 	 2.1019201
0.14532065 	 1.8124537
0.17587166 	 2.6957967
0.16578601 	 2.927554
0.33140144 	 1.5562766
0.2759654 	 2.135587
0.14490484 	 2.2041879
0.11242328 	 1.1538222
0.052362494 	 3.1986141
0.06862585 	 1.7727295
0.07603355 	 1.1671385
0.04172413 	 2.0798552
0.05237826 	 1.2004316
0.061065618 	 2.9801686
0.03173307 	 3.091739
0.059376467 	 1.9577937
0.041722205 	 2.0198555
0.0363667 	 1.7826182
0.045328707 	 1.4283708
0.08421135 	 2.3065715
0.057534654 	 2.5699296
0.09568342 	 2.9247894
0.11631292 	 2.015952
0.14901474 	 1.5568738
0.11910368 	 2.1818998
0.13638012 	 2.7534304
0.14657876 	 2.2833817
0.22486566 	 1.969739
0.1901823 	 1.6142589
0.21147667 	 1.3667248
0.17997687 	 1.4939343
0.2142631 	 1.0864184
0.16583097 	 1.5569315
0.21837285 	 1.4195199
0.16289441 	 2.1817296
0.18234862 	 0.7502963
0.18722515 	 1.6402739
0.17777233 	 2.3324773
0.15507415 	 2.342514
0.11303434 	 1.9431766
0.077243246 	 1.6920284
0.09626996 	 2.4427292
0.063165665 	 0.8794705
0.07230743 	 2.1432867
0.057758804 	 1.8380651
0.08324697 	 2.4449618
0.08584136 	 1.7152154
0.079997696 	 2.11463
0.09036867 	 2.7130635
0.09926511 	 2.3359663
0.11531476 	 2.2227883
0.06279107 	 1.808201
0.095702834 	 1.8824841
0.0577242 	 2.9755082
0.05628272 	 2.5049179
0.06863485 	 2.5007765
0.06272348 	 1.4066222
0.053424466 	 3.0751622
0.047099672 	 1.5574251
Summary
0.00511408  -  0.5208688 ,  0.25076348  -  4.58487
accuracy:  100.0
equal predictions:  0
TensorFlow version: 1.13.1
Found 939 images belonging to 1 classes.
argN = 196
argN = 196
0.18074761 	 3.010021
0.16231087 	 4.165202
0.29169324 	 3.3586354
0.13732857 	 2.7813303
0.30460727 	 2.9754415
0.18849666 	 2.5499604
0.10694437 	 3.3320668
0.12578826 	 3.2856545
0.086700656 	 2.843573
0.07256652 	 2.8790982
0.09003697 	 2.6637218
0.11577098 	 3.3087652
0.08445051 	 2.5916457
0.124573514 	 2.0961046
0.18979396 	 2.0346603
0.15207514 	 2.5959811
0.19297391 	 2.7844338
0.15187052 	 1.4682547
0.1561469 	 2.8589156
0.17809144 	 1.991443
0.15787326 	 2.5018148
0.31226754 	 2.7898333
0.22537687 	 2.8137696
0.030490026 	 2.2861443
0.02744472 	 3.0230799
0.010257821 	 3.6723435
0.025245098 	 3.816515
0.022490166 	 2.0576336
0.005117794 	 4.557374
0.010648297 	 3.4895973
0.015467381 	 3.3186326
0.23986942 	 2.6784086
0.18062215 	 5.2604933
0.245908 	 1.8806676
0.13723995 	 2.7115695
0.08360604 	 2.4299312
0.16899318 	 3.453313
0.33444592 	 3.059286
0.25878662 	 2.638117
0.3054692 	 1.6162207
0.25719213 	 2.5019095
0.40846264 	 2.4843643
0.20254514 	 2.8937817
0.19581895 	 2.7823534
0.054263074 	 2.6112103
0.031685267 	 3.4645412
0.061340567 	 2.8911786
0.026308078 	 3.5292947
0.060275666 	 2.733205
0.06344354 	 2.2257762
0.11689233 	 2.0549932
0.05674042 	 2.327819
0.10767634 	 2.6891868
0.13649578 	 2.800088
0.13882478 	 2.9013612
0.041670192 	 4.5296955
0.09627337 	 2.3481662
0.081461966 	 3.2148159
0.110233955 	 5.2756906
0.10256813 	 2.194059
0.095104754 	 2.6000097
0.072261624 	 2.5362349
0.10588871 	 2.9007711
0.14206116 	 2.2699337
0.06386329 	 2.560144
0.14715871 	 3.4562354
0.15586899 	 3.3552122
0.057725146 	 3.4862995
0.057736263 	 2.9754953
0.063172646 	 3.3406036
0.059985127 	 2.085535
-9.5367386e-07 	 2.8260744
0.010265769 	 3.263242
0.15842949 	 2.8526063
0.051519454 	 1.9696838
0.10447296 	 2.1046681
0.04839076 	 1.7844758
0.057115465 	 2.5354192
0.13812809 	 3.378394
0.1387843 	 3.1211758
0.20287655 	 2.8276198
0.069495715 	 1.9813771
0.1884709 	 2.5838501
0.21736054 	 3.2984307
0.12248572 	 1.4283072
0.04290936 	 2.6443994
0.063166745 	 2.270184
-9.5367386e-07 	 1.5885929
0.07625938 	 3.1863277
0.060355883 	 2.8002458
0.029919134 	 1.8752292
0.041671246 	 2.685637
0.019981688 	 4.5459666
0.010253364 	 2.3196468
0.015423918 	 3.1585007
0.036469437 	 3.3730874
0.038118817 	 2.7836554
0.025847824 	 2.4421077
0.037343625 	 2.727277
0.010067004 	 4.1794376
0.022219662 	 2.4907923
0.010255472 	 2.9969943
0.00511408 	 2.7924886
0.025814796 	 2.0310261
0.009168025 	 2.0852282
0.0017327172 	 1.2800516
5.9604645e-08 	 1.4711361
0.0046641952 	 1.746143
0.0051707565 	 1.5022848
0.010255231 	 1.8689975
0.010254508 	 3.0693607
0.011886871 	 1.1663662
0.010256134 	 1.8231272
0.031295158 	 2.5452359
0.02680497 	 2.0707245
0.03636979 	 1.5633038
0.015873827 	 2.2508395
0.032636132 	 1.844821
0.04221469 	 2.5701392
0.039034605 	 2.1472933
0.04682474 	 2.7526848
0.042134117 	 1.844203
0.03408306 	 3.4946363
0.031015806 	 3.332177
0.031267792 	 1.5946536
0.03616892 	 2.8612316
0.018118639 	 1.922733
0.030872686 	 2.1304886
0.015423252 	 1.6262575
0.021606999 	 2.1460814
0.01509553 	 2.0565434
0.023131065 	 2.7795002
0.015423434 	 2.9755058
0.025840178 	 2.8772678
0.010255472 	 3.198582
0.010255472 	 3.0086327
0.015423797 	 2.1292174
0.026022527 	 2.6113555
0.023052318 	 3.0910583
0.020496618 	 2.1353652
0.00511408 	 1.5429995
0.010255472 	 2.3457181
0.00646297 	 2.243463
0.00511408 	 1.3042679
0.0050995816 	 1.6916366
0.010253304 	 2.3876338
0.0051141395 	 1.7224778
0.015321263 	 3.733036
0.00511396 	 3.1827395
0.010255472 	 1.7464586
0.00574951 	 2.499931
0.00511408 	 2.5241559
0.010255531 	 2.3332834
0.015421376 	 1.5171498
0.015438627 	 1.8746703
0.015423434 	 1.4405285
0.005119472 	 2.6309052
0.010202661 	 1.6923324
0.031055033 	 1.44113
0.0509306 	 2.5055134
0.04443505 	 1.9920925
0.04700346 	 1.4086232
0.05200932 	 1.7830938
0.036458556 	 1.492443
0.03709907 	 3.0802886
0.025840178 	 2.880202
0.036238942 	 3.8850074
0.034287833 	 2.1412606
0.031145236 	 1.6565686
0.020578146 	 1.7215586
0.010255472 	 2.6820033
0.010255472 	 2.0626159
0.0051482893 	 2.0629463
0.005607862 	 2.1826909
3.5762793e-07 	 2.5689077
0.005192685 	 2.2430334
0.03074772 	 1.0712714
0.021418937 	 1.2367338
0.05233643 	 1.4066311
0.025814306 	 1.4079684
0.041604012 	 2.9698048
0.021491343 	 2.1843274
0.023884876 	 1.2469658
0.04165602 	 1.7194378
0.025868682 	 2.9764
0.010251618 	 1.708472
0.015957825 	 1.4159411
0.010152502 	 1.3076515
0.025786722 	 2.0365698
0.024634123 	 1.1907116
0.015423555 	 1.8040125
0.010256254 	 2.9721587
0.0151291145 	 3.4860017
0.03612214 	 1.5725678
0.015338996 	 2.1797423
0.01888113 	 3.4767816
0.018791419 	 2.1253679
0.025902998 	 2.139842
0.010315813 	 2.4190006
0.02683742 	 1.7867961
0.010120771 	 1.941676
0.02452783 	 1.5042372
0.041169398 	 1.9850124
0.02557109 	 1.5750111
0.022588074 	 2.4103463
0.020504223 	 1.5698996
0.14661609 	 1.7819766
0.1456444 	 2.2649007
0.118719555 	 3.3319385
0.09248593 	 2.400518
0.057533707 	 1.722673
0.036366638 	 10.42137
0.061986506 	 2.8080578
0.027900806 	 3.0803938
0.034236573 	 2.6972249
0.025835041 	 4.5435762
0.052324686 	 1.721844
0.061736297 	 3.4863229
0.041673608 	 2.056033
0.031043412 	 3.077787
0.04715803 	 2.1268697
0.025847334 	 2.638671
0.05193919 	 2.5698018
0.019915592 	 1.9887933
0.036192775 	 2.835546
0.020047667 	 1.4709088
0.025510065 	 2.3877318
0.020618243 	 1.4290491
0.036359467 	 2.5316706
0.03590198 	 2.2823713
0.014423295 	 0.8836745
0.041580465 	 13.815511
0.020620616 	 1.9719762
0.023783972 	 3.4863229
0.030471038 	 2.2674532
0.072057255 	 2.8801458
0.3918872 	 2.2740183
0.2412843 	 2.3861976
0.15208 	 1.5405964
0.11294625 	 2.2338226
0.13522622 	 2.7114143
0.083967894 	 2.7904146
0.060706064 	 2.0291584
0.060918957 	 1.7642941
0.1362435 	 2.282379
0.07593471 	 3.1986141
0.025853513 	 3.6605587
0.13466124 	 2.0999484
0.15553796 	 4.1794376
0.13163865 	 3.8822033
0.12543675 	 3.4830554
0.08938583 	 1.9806273
0.07286106 	 2.1799533
0.046887264 	 2.3336651
0.052367143 	 4.571324
0.06862732 	 2.3877454
0.074107036 	 3.1986492
0.041671123 	 5.2779193
0.030329531 	 3.2054331
0.016281346 	 3.8477447
0.03106604 	 5.2779193
0.041906353 	 2.6391172
0.052366327 	 2.5698946
0.052455958 	 2.5700457
0.041671682 	 2.7918243
0.051083583 	 3.486247
0.111647695 	 2.8056645
0.11766354 	 1.551338
0.17215118 	 1.4848063
0.15530832 	 1.9175595
0.17707495 	 2.3262866
0.17781761 	 2.0339065
0.15882666 	 1.9100655
0.086299084 	 3.0735102
0.09561592 	 3.0792112
0.037496585 	 3.3281548
0.06864507 	 3.1983848
0.015423434 	 3.653402
0.015423615 	 2.712266
0.010255592 	 2.639018
0.022391416 	 3.6320362
0.010255472 	 3.1749642
0.036355942 	 2.3877695
0.058204293 	 3.5956037
0.038691312 	 2.445014
0.05282035 	 1.405303
0.047004957 	 2.332892
0.039083075 	 3.1227798
0.043744177 	 4.1739893
0.09030259 	 2.5700831
0.11873748 	 3.3281
0.15773332 	 4.1794996
0.20293723 	 2.0257094
0.24771471 	 2.0108986
0.21262932 	 2.044894
0.29005006 	 2.2008083
0.2607191 	 2.1878042
0.29120702 	 2.2820554
0.30570173 	 2.0194132
0.2838375 	 1.673972
0.19431973 	 2.535095
0.11362888 	 3.8193333
0.047369555 	 3.1071644
0.063117094 	 3.9340754
0.050971117 	 2.3314395
0.026030725 	 2.4548845
0.044527654 	 2.7235088
0.091265626 	 2.8330445
0.11356785 	 2.7765229
0.10050075 	 1.5002947
0.074158326 	 3.668638
0.10202098 	 1.6141235
0.08904032 	 1.5391616
Summary
-9.5367386e-07  -  0.40846264 ,  0.8836745  -  13.815511
accuracy:  100.0
equal predictions:  0
