TensorFlow version: 1.13.1
Found 939 images belonging to 1 classes.
argN = 196
argN = 196
0.47036934 	 1.841515
0.39617693 	 1.9064368
0.7950685 	 1.8415762
0.8321192 	 1.5890664
0.8720011 	 1.6098799
0.5410987 	 1.4000318
0.46684253 	 1.7724695
0.2045056 	 1.7426747
0.15467715 	 1.646273
0.1281267 	 2.165801
0.13851078 	 2.6914916
0.10186046 	 2.2328465
0.09389148 	 1.545394
0.13889374 	 1.6117002
0.30355638 	 1.3522475
0.41549635 	 2.391341
0.5839212 	 1.8527244
0.5414824 	 1.5278739
0.614846 	 1.642526
0.59532917 	 1.3516415
0.5436089 	 1.7425508
0.28371638 	 2.1664627
0.058192983 	 2.8039567
0.21804641 	 2.3680747
0.08289347 	 2.9829834
0.073827915 	 1.9985435
0.047004957 	 1.2722898
0.102127716 	 2.282879
0.22247663 	 2.1045923
0.30342114 	 2.131649
0.3074647 	 1.844537
0.5424886 	 1.3047391
0.6036522 	 1.5217669
0.6921468 	 1.6162772
0.80755574 	 1.096493
0.29348266 	 1.2748349
0.4366977 	 1.4916358
0.7750133 	 1.5433153
0.76171184 	 1.4659063
0.7694268 	 1.777891
0.6015558 	 2.8818262
0.45643228 	 2.1363893
0.8028807 	 1.5048567
0.69657016 	 0.95079756
0.8141563 	 1.5475025
0.066881195 	 3.24377
0.054907102 	 1.7425321
0.06311068 	 1.4155781
0.25351894 	 1.2437316
0.3080193 	 1.4721376
0.31431323 	 2.7939012
0.14410476 	 1.6626112
0.21321945 	 1.9808576
0.28176504 	 1.3234637
0.42588574 	 2.26699
0.39276657 	 1.3284763
0.34959942 	 2.183086
0.1650232 	 1.5636287
0.00511408 	 1.3889002
0.0051141395 	 2.2977614
-9.5367386e-07 	 2.8443239
-8.344647e-07 	 2.5610218
0.004986599 	 2.4328728
0.046995647 	 1.5658599
0.079336606 	 2.1405985
0.20099975 	 1.804723
0.50501555 	 1.3501947
0.5701441 	 1.0801798
0.48568988 	 1.6195018
0.33929643 	 2.024713
0.4276479 	 1.7692611
0.28847718 	 1.3960041
0.28818947 	 1.4596065
0.23476185 	 1.8169588
0.10271026 	 1.3740305
0.44049713 	 1.3961668
0.5799227 	 1.1610914
0.3543501 	 1.5905117
0.13289502 	 2.2008533
0.08409873 	 2.4649768
0.10237952 	 1.9950687
0.055571582 	 1.9847828
0.13657777 	 1.4933305
0.14195749 	 2.695267
0.21624713 	 2.2290907
0.12679227 	 2.2156765
0.046409953 	 2.347468
0.06545542 	 2.1630902
0.07337574 	 1.9812435
0.05927951 	 1.9080862
0.036183257 	 1.9251812
0.027556777 	 2.2625153
0.0153946215 	 1.8630384
0.010792951 	 2.6485896
0.04996256 	 2.7106485
0.03352417 	 2.2152371
0.06731948 	 0.92566526
0.051457956 	 1.8302503
0.05890934 	 2.027526
0.03158948 	 1.3842534
0.043309193 	 1.2949333
0.05775704 	 1.8119618
0.061975155 	 0.81722844
0.042183172 	 1.8199803
0.03803628 	 1.142014
0.033670258 	 1.0947099
0.038803335 	 1.6291835
0.043749534 	 2.1004763
0.039759755 	 2.233708
0.046694137 	 0.89229274
0.04167013 	 1.0582775
0.067571156 	 1.5257384
0.050210092 	 0.5084124
0.06336772 	 1.7301561
0.1114599 	 1.2171032
0.08507567 	 2.5416412
0.064633705 	 1.634251
0.075508825 	 1.5733577
0.064197734 	 1.965094
0.046150126 	 1.5885605
0.04291963 	 2.504326
0.057641987 	 1.4204772
0.053293504 	 2.3003166
0.06585196 	 1.142399
0.031155013 	 1.4991723
0.04535615 	 1.9819483
0.036711734 	 1.0442473
0.025424222 	 1.5101875
0.02642986 	 1.5867606
0.035305392 	 1.4931281
0.025001714 	 1.1493434
0.04244209 	 1.1408453
0.03875445 	 1.3640838
0.03284843 	 1.7744468
0.031478077 	 1.3815385
0.030930473 	 1.1124684
0.019185608 	 1.638754
0.01543893 	 1.643405
0.020581309 	 1.6657318
0.012439471 	 1.7370675
0.025839873 	 2.0592315
0.025386438 	 1.0973568
0.015422344 	 0.9434661
0.015423313 	 1.9360878
0.00511408 	 1.8086727
-9.5367386e-07 	 1.2039827
0.00014771122 	 2.6040392
-9.5367386e-07 	 1.5641801
-4.7683704e-07 	 1.6354426
-9.5367386e-07 	 1.381298
0.0051638666 	 1.2489862
0.009547847 	 1.2978036
0.005115997 	 2.047923
0.010255472 	 1.9481772
0.010181887 	 1.4871768
0.005157695 	 2.0363624
0.008921485 	 2.797215
0.035676744 	 3.0666058
0.036366574 	 1.6093602
0.054567315 	 1.7433083
0.033036556 	 1.7273166
0.0279309 	 0.8792205
0.062410027 	 1.3957238
0.03728794 	 1.9519656
0.049825225 	 0.96065104
0.06845829 	 2.8539884
0.04700552 	 1.3630661
0.036366574 	 1.2637275
0.047564123 	 0.8383634
0.035575446 	 1.7726994
0.06478644 	 1.4155296
0.040848654 	 1.1669117
0.030985005 	 1.7576625
0.028933726 	 1.1597478
0.024874056 	 1.0209392
0.024686785 	 1.7369338
0.01540921 	 2.3756747
0.042838376 	 0.8457213
0.055458296 	 1.0381383
0.041581955 	 0.9961072
0.04201227 	 1.138159
0.044630483 	 1.8149642
0.02274294 	 0.8997137
0.010330086 	 1.9995568
0.016351383 	 1.8059132
0.025859812 	 0.76663035
0.020885576 	 0.52404296
0.015193261 	 1.2186003
0.013711447 	 1.905916
0.014605328 	 1.7210883
0.017139692 	 1.5176437
0.029051226 	 1.7443613
0.021915536 	 2.1002688
0.044716246 	 1.5698531
0.042245097 	 2.4009964
0.016805891 	 1.2087631
0.015953403 	 1.394706
0.04160631 	 1.6025045
0.021200469 	 1.4950732
0.014918369 	 2.0174012
0.0025263126 	 0.93732697
0.018103221 	 1.0135734
0.30076128 	 1.3497401
0.25843692 	 1.4510834
0.1834065 	 1.1626998
0.1274599 	 1.6323857
0.06862241 	 1.39893
0.0404562 	 0.85194194
0.05526061 	 2.0203004
0.04700302 	 1.579094
0.023190664 	 1.8491051
0.03109008 	 1.751654
0.020902678 	 1.2109903
0.020618243 	 1.1637481
0.020618 	 3.1986492
0.019780435 	 0.9615619
0.02582917 	 3.0806546
0.020452997 	 1.5149269
0.0108612785 	 3.1839144
0.043572824 	 2.1769614
0.04890238 	 0.8206218
0.04170617 	 4.5834923
0.08570862 	 2.6219804
0.26164994 	 1.6861553
0.31380767 	 1.8302112
0.17110874 	 1.9370754
0.1392748 	 1.1337705
0.095659345 	 1.103636
0.0696069 	 1.2971325
0.06732235 	 2.3877676
0.101971805 	 1.6053536
0.09633001 	 2.4451158
0.04686809 	 0.758473
0.07580533 	 2.3678157
0.0907292 	 2.2423203
0.16502889 	 2.018629
0.07415204 	 2.9706182
0.0850806 	 1.9897698
0.130617 	 1.5445535
0.13645315 	 1.891765
0.124448895 	 1.2317917
0.05931537 	 2.1928687
0.07409651 	 1.5169202
0.08475052 	 1.0478822
0.077879824 	 2.8061507
0.094269976 	 0.8592413
0.06340296 	 1.4168155
0.08303264 	 0.95513237
0.046614826 	 1.2038051
0.08622482 	 0.80713373
0.043375112 	 1.5596358
0.032138426 	 1.9981992
0.04710817 	 2.966737
0.05775773 	 1.3260931
0.025825316 	 1.626347
0.03101427 	 0.95702857
0.06881362 	 1.833791
0.07403855 	 1.7633127
0.080875315 	 1.5865265
0.096278094 	 2.6013796
0.10259989 	 0.9555977
0.22081421 	 1.910136
0.21432388 	 1.0141647
0.21025725 	 0.46545097
0.24065454 	 1.3622122
0.300207 	 0.71851707
0.26684847 	 1.1547667
0.29620847 	 0.82787275
0.26286694 	 1.6576288
0.28567374 	 1.3014407
0.26642522 	 1.4448721
0.25194678 	 1.5714186
0.16319111 	 1.3925949
0.10668173 	 0.96107435
0.07410068 	 0.69458514
0.052299626 	 3.6686473
0.07081632 	 1.8996478
0.044158358 	 2.1426125
0.025841892 	 1.9605669
0.03423972 	 3.2295978
0.04167162 	 1.3414183
0.06873892 	 1.4621992
0.05342742 	 1.6937655
0.056855053 	 1.9880005
0.231005 	 1.0106225
0.23087712 	 1.7718148
0.2808487 	 0.87763494
0.30197117 	 1.6515145
0.3119567 	 1.7412739
0.34145728 	 1.4549756
0.36533836 	 1.5625315
0.42720455 	 1.347258
0.4602747 	 1.314053
0.48821783 	 1.4365367
0.485754 	 1.2830757
0.5645464 	 1.4088634
0.3628179 	 1.3684752
0.34138793 	 1.1225166
0.32835883 	 1.1270002
0.35398784 	 1.0019151
0.2495747 	 1.0688636
0.07485924 	 1.1296533
0.1184891 	 1.2788974
0.1485987 	 1.3488482
0.1923571 	 1.4346716
0.21677965 	 2.0986538
0.18670712 	 2.0417893
0.27263692 	 2.1043782
0.20862205 	 0.770718
0.1792793 	 1.1940168
0.21242186 	 1.3670335
0.14524181 	 3.0099618
0.14805137 	 2.7914588
Summary
-9.5367386e-07  -  0.8720011 ,  0.46545097  -  4.5834923
accuracy:  100.0
equal predictions:  0
TensorFlow version: 1.13.1
Found 939 images belonging to 1 classes.
argN = 196
argN = 196
0.45773757 	 1.5182496
0.42365795 	 1.8629843
0.36939305 	 2.8966062
0.2554986 	 2.2892497
0.88367075 	 1.2556157
0.835064 	 1.3035662
0.7575883 	 1.3666103
0.6580706 	 1.41939
0.58133084 	 1.3300537
0.3525746 	 2.089932
0.28243563 	 2.9786615
0.26406816 	 2.41207
0.20170337 	 2.2854369
0.11712697 	 2.5882208
0.10998561 	 2.0896044
0.093185544 	 1.7472564
0.048536725 	 2.1870952
0.12141475 	 1.8648452
0.24529986 	 2.049717
0.5428885 	 2.0871768
0.53148216 	 2.0409453
0.39381394 	 2.4717855
0.42174086 	 1.6985548
0.37830782 	 2.6225557
0.5118327 	 2.1417315
0.30977386 	 2.1240268
0.35360357 	 1.7313963
0.19595699 	 1.8498541
0.1916904 	 2.0439348
0.25819075 	 2.2318969
0.23908074 	 1.9578917
0.0051141996 	 3.1704168
0.010055625 	 1.4512048
0.0123478025 	 2.389691
0.023285529 	 2.0129383
0.3205181 	 1.0990733
0.6242793 	 1.1067009
0.6399569 	 1.360955
0.7605369 	 1.3228521
0.7284128 	 1.5150766
0.8006461 	 1.184689
0.25265557 	 3.4249277
0.29069793 	 1.808161
0.23735204 	 1.2917907
0.43277207 	 1.4540241
0.52409256 	 1.6151891
0.3093326 	 1.4133862
0.10345845 	 2.08469
0.06666028 	 2.054215
0.12239013 	 2.1002932
0.046870086 	 1.8308138
0.08073444 	 3.0778968
0.26792747 	 2.290374
0.29030773 	 1.2190748
0.2887665 	 1.5368968
0.2921255 	 1.1890492
0.19227582 	 2.2138739
0.13720186 	 3.2074068
0.15215328 	 2.4644113
0.18924153 	 1.9602396
0.19867979 	 1.5719788
0.28148732 	 1.1814004
0.05775735 	 2.1816568
0.056656837 	 2.0200272
0.00511408 	 1.9629458
-9.5367386e-07 	 1.7465243
-9.5367386e-07 	 3.8866043
0.010255472 	 2.018854
0.010200493 	 1.5934567
0.1957924 	 1.5059458
0.11022104 	 2.463988
0.48173195 	 0.7417598
0.4051724 	 1.3700855
0.23486587 	 1.5082991
0.2402101 	 1.5886241
0.43950677 	 1.4358189
0.42331922 	 1.8552115
0.29315627 	 1.617418
0.31375644 	 2.801214
0.4645163 	 1.162896
0.4896655 	 1.8138415
0.35764238 	 1.7142748
0.11808791 	 2.4298844
0.114257455 	 2.3547099
0.0008918446 	 1.5810452
0.004966891 	 2.8770337
0.20655175 	 2.469577
0.21315837 	 1.9008541
0.1181248 	 1.1273726
0.116724856 	 1.8686559
0.1388634 	 1.9055644
0.11682815 	 1.732844
0.094925426 	 2.8099144
0.036365833 	 2.8791225
0.031127896 	 1.8281044
0.062224343 	 2.0541997
0.01026336 	 3.3165998
0.004663656 	 2.218052
0.010250594 	 1.9471035
0.0363735 	 2.8797116
0.036508445 	 1.862838
0.01706881 	 1.6975241
0.022204304 	 2.5963874
0.0084188515 	 1.0827725
0.047142282 	 1.3379238
0.051953692 	 1.5357126
0.034441188 	 1.6390446
0.03509171 	 1.8311455
0.045084875 	 1.826107
0.0352718 	 1.1377002
0.034475554 	 1.5477767
0.03191656 	 1.6877853
0.041676093 	 0.9171615
0.051666565 	 0.99359393
0.03563863 	 1.105421
0.062672205 	 1.4665745
0.0751675 	 0.7983828
0.06754093 	 2.1782486
0.109960996 	 0.9431407
0.07177115 	 2.0747757
0.053234663 	 2.2784402
0.052787486 	 1.1567928
0.09119269 	 1.286698
0.071753666 	 1.8049927
0.07237061 	 0.8150272
0.092229016 	 1.3892542
0.07422509 	 1.8625811
0.09591058 	 1.3588672
0.08456739 	 0.8927728
0.052680485 	 1.8808686
0.061481778 	 1.2659004
0.046042647 	 1.4968318
0.063320786 	 1.6463772
0.04608596 	 2.4526188
0.052139487 	 1.2654688
0.041668948 	 1.8669901
0.020682072 	 1.249145
0.022072736 	 1.7132609
0.05594978 	 1.7470697
0.041184366 	 1.7466925
0.025001654 	 2.1090539
0.04143955 	 1.3272287
0.025834735 	 1.6112809
0.015423676 	 1.6412656
0.01606957 	 1.5111688
0.007978954 	 1.9090211
0.01542301 	 0.7109702
0.030948425 	 2.0254252
0.00511408 	 2.1040254
0.010255472 	 1.754438
-9.5367386e-07 	 1.5553845
5.2215033e-05 	 1.7314956
0.00511408 	 1.2224747
0.009345915 	 1.6066812
0.020394657 	 0.844089
0.0043307007 	 1.4715332
0.0168422 	 1.644417
0.025749413 	 1.5888153
0.010261734 	 0.56840634
0.01025481 	 1.1367977
0.015230722 	 2.4746501
0.0095460415 	 1.796113
0.010255472 	 0.80830383
0.020617755 	 1.4863904
0.02952984 	 1.0767268
0.036477163 	 1.1095151
0.044210687 	 1.9102318
0.034656893 	 1.9465748
0.041992445 	 1.0290126
0.044551335 	 2.2231627
0.057565525 	 1.0685195
0.04607098 	 1.7659262
0.020388817 	 1.5115412
0.031035481 	 1.2309663
0.018708216 	 2.1515148
0.035532583 	 1.661132
0.016848443 	 1.118346
0.04140681 	 1.6784452
0.050167475 	 1.1957713
0.055571202 	 1.1071279
0.036421776 	 1.4890206
0.035869792 	 1.04145
0.027871141 	 1.9302381
0.033266377 	 1.3676212
0.040973835 	 1.855216
0.05308418 	 0.96656346
0.024621904 	 1.4553256
0.024970608 	 1.4594492
0.027638452 	 1.5190871
0.017806232 	 1.0752463
0.011224505 	 0.6137803
0.010255773 	 1.5631547
0.026231222 	 0.74419916
0.024859635 	 0.9258199
0.03891103 	 1.1316699
0.022850811 	 1.3060431
0.021090461 	 1.3127214
0.25187775 	 1.3835698
0.24975687 	 1.5908922
0.22473043 	 0.9556268
0.14169312 	 1.4919971
0.109357595 	 2.6048236
0.06711753 	 1.3352677
0.07432139 	 1.4788619
0.10599156 	 1.7144929
0.08492979 	 1.4853374
0.061165664 	 2.4336662
0.04727269 	 1.5144664
0.04968941 	 0.6859525
0.05069261 	 2.389095
0.044396605 	 2.7183025
0.056879595 	 2.777206
0.047004957 	 0.9542615
0.04988819 	 2.1426938
0.04774704 	 2.5674486
0.010255592 	 2.339087
0.037974924 	 2.7131453
0.020617086 	 1.5813595
0.010255472 	 1.2358651
0.020616053 	 2.5700378
0.019031413 	 1.2488729
0.03545242 	 2.5182424
0.020669598 	 0.9861515
0.03718852 	 1.8121735
0.025853574 	 2.5076492
0.04002984 	 1.509366
0.10409084 	 2.0199995
0.13570724 	 0.9298352
0.55159956 	 1.5889866
0.20473115 	 1.0867926
0.20936435 	 2.11471
0.13441414 	 3.1453617
0.099279925 	 1.3951201
0.06464616 	 3.3319368
0.068601534 	 1.052697
0.06321373 	 3.6680799
0.07406146 	 3.1959703
0.22225203 	 1.9150008
0.16644226 	 0.6808866
0.17165421 	 1.9515287
0.1605555 	 2.6030068
0.15619797 	 2.2588542
0.11936907 	 2.8978128
0.0686309 	 1.0090078
0.063113794 	 3.5313191
0.06322827 	 2.5397172
0.046828922 	 2.236766
0.036379494 	 1.8424318
0.041644715 	 1.098453
0.047003895 	 3.1993108
0.0394177 	 2.9753318
0.048961658 	 1.8175193
0.051099204 	 1.6643432
0.07222914 	 2.063321
0.11084135 	 0.6306009
0.10652245 	 1.0565294
0.11931205 	 2.4089286
0.18700501 	 2.2381332
0.19863756 	 1.3483914
0.30129898 	 1.4937875
0.25227302 	 0.8105153
0.36624458 	 0.9155304
0.23946244 	 1.5387574
0.14779393 	 1.8431667
0.065423794 	 0.6947419
0.09592258 	 0.9809
0.08329886 	 2.6358314
0.062384266 	 2.0580318
0.061630424 	 2.2104785
0.06812714 	 1.1849312
0.06875284 	 1.1049515
0.05179524 	 1.7075218
0.08240979 	 2.2335985
0.03963944 	 2.797489
0.036367316 	 2.7827137
0.03884262 	 2.1841242
0.071077324 	 1.3393317
0.07409413 	 2.5392988
0.09397326 	 1.254644
0.20718522 	 1.2087779
0.25304663 	 0.72340125
0.5388008 	 1.0762336
0.4986998 	 1.044077
0.62518525 	 1.2577126
0.51897347 	 1.1833535
0.50095713 	 1.3102299
0.34371954 	 1.0308006
0.3425176 	 1.1265324
0.34420574 	 1.4801421
0.28945056 	 1.0369734
0.3125573 	 0.6818455
0.30968758 	 1.3327402
0.20382929 	 1.0514039
0.19055955 	 0.8068874
0.18151174 	 2.665739
0.12413674 	 2.537056
0.17393903 	 2.408129
0.12047657 	 1.176014
0.11061989 	 1.1680546
0.078337595 	 0.93568283
0.084073246 	 1.7228216
0.09202451 	 0.8242787
0.10843922 	 1.0861269
0.08658665 	 1.3322266
0.12479275 	 2.2754114
0.13101767 	 1.6805674
0.14368208 	 1.4226928
0.1746911 	 2.8749526
0.19917694 	 2.0764449
0.24452128 	 0.655884
0.2101209 	 2.654089
0.16915481 	 1.6148235
0.17446618 	 1.356028
Summary
-9.5367386e-07  -  0.88367075 ,  0.56840634  -  3.8866043
accuracy:  100.0
equal predictions:  0
TensorFlow version: 1.13.1
Found 939 images belonging to 1 classes.
argN = 196
argN = 196
0.13997504 	 2.8601964
0.17325999 	 2.0381708
0.102133065 	 2.9113975
0.13508525 	 2.4566886
0.08898389 	 1.8219056
0.07132841 	 1.6697062
0.046917375 	 2.4701061
0.25233394 	 2.2882662
0.39163116 	 1.5053132
0.37584692 	 1.7556181
0.2952334 	 2.0849628
0.40883622 	 1.9725254
0.63231266 	 1.8720988
0.58349967 	 1.7551659
0.6139772 	 1.5122384
0.64134705 	 1.6238828
0.26440763 	 2.5296392
0.48553586 	 1.8150282
0.6145761 	 1.5996617
0.58090985 	 1.870168
0.10729015 	 1.4918424
0.15913124 	 1.5083667
0.09072045 	 1.8237292
0.00983192 	 1.8130494
0.020826723 	 1.7529126
0.05775792 	 2.7129927
0.5688105 	 1.3926613
0.61664385 	 1.0903713
0.78958666 	 1.3401194
0.28432435 	 1.6479989
0.2928656 	 1.6059427
0.36893177 	 1.5069059
0.22914746 	 2.574509
0.60201955 	 1.3918183
0.6891539 	 1.5242298
0.7737244 	 1.2097754
0.41050178 	 1.8350917
0.077195466 	 2.367924
0.40244803 	 1.1895875
0.29175788 	 1.6903994
0.1047149 	 2.295036
0.07250634 	 2.064478
0.08203 	 2.7425566
0.098066896 	 2.015044
0.09654025 	 2.7860632
0.09057153 	 1.8710912
0.23288628 	 2.5472505
0.29751086 	 1.6771162
0.18869144 	 1.7108884
0.21020856 	 1.8166361
0.23539235 	 1.9812672
0.3766934 	 2.2026565
0.15865844 	 1.6537387
0.074274264 	 1.3669413
0.119218975 	 1.5527698
0.10138844 	 2.0488856
0.010172192 	 1.8082148
0.010255472 	 3.1115756
-9.5367386e-07 	 2.0577526
0.036366574 	 1.8602135
0.08530413 	 2.1708298
0.15581946 	 1.611648
0.39650518 	 1.1641513
0.49873123 	 1.2309866
0.22844449 	 1.8270202
0.24806273 	 1.8121533
0.24935587 	 1.5635742
0.23109353 	 2.2744343
0.09570519 	 1.7594677
0.3462068 	 1.1699096
0.5165543 	 1.2222354
0.5231724 	 1.4979216
0.24175382 	 1.2604983
0.142094 	 2.1383736
0.005114499 	 2.7128775
0.16655709 	 2.5319586
0.21425742 	 1.2633939
0.13535485 	 2.165664
0.15118937 	 1.3051845
0.10274719 	 2.8251681
0.06567538 	 2.0193095
0.053860415 	 2.7225823
0.07192178 	 1.6922933
0.05740751 	 2.2505033
0.057845514 	 1.810571
0.010087535 	 1.7067873
0.005133491 	 2.0160863
0.021248687 	 2.4268508
0.027038628 	 2.0457468
0.0022996264 	 3.1631465
0.015278654 	 3.1099842
0.009632338 	 2.4496026
0.021226222 	 1.6927838
0.04182599 	 1.5786134
0.04209054 	 1.7153212
0.0678856 	 1.8032779
0.07900093 	 1.9630328
0.07000419 	 1.2454801
0.058569394 	 0.88370925
0.04402462 	 1.1056855
0.049383517 	 1.1032206
0.040838655 	 1.5165565
0.02770267 	 1.8715187
0.041256107 	 1.286624
0.043236934 	 1.2128658
0.039397612 	 1.2785411
0.04672112 	 1.7616397
0.05236689 	 1.7883902
0.046750788 	 1.0597082
0.062389787 	 1.5898776
0.06425589 	 1.666911
0.062537044 	 1.4029274
0.06205798 	 1.672782
0.04421804 	 1.1466223
0.099741735 	 1.1352327
0.079354286 	 1.8509467
0.084746495 	 1.0137799
0.08368491 	 1.6748434
0.08356742 	 0.46596536
0.08554823 	 1.9207861
0.068010256 	 0.9135088
0.060591813 	 0.61431205
0.0768685 	 0.9382006
0.05661855 	 0.72324586
0.041693 	 1.674248
0.052353576 	 1.5235165
0.05949697 	 1.6176404
0.052366953 	 1.3627802
0.041639183 	 2.1609602
0.053024344 	 1.8057543
0.025196748 	 1.3312737
0.020744568 	 1.8460326
0.030640712 	 1.2373563
0.031804014 	 0.6140076
0.01552156 	 1.5949901
0.006476828 	 2.6546805
0.025496123 	 1.0858116
0.010256014 	 1.3108852
0.016720245 	 1.0473346
0.010927381 	 1.845802
0.02583969 	 1.3127418
0.029038401 	 1.9121383
0.010248246 	 1.855535
0.031089528 	 2.1877973
0.015418955 	 0.65089333
0.009768839 	 1.0232362
0.004898007 	 3.447599
0.0008362451 	 1.3686239
0.010255472 	 1.136663
0.00511408 	 1.0887233
0.0052693794 	 1.9638612
0.009521189 	 1.644894
0.005116656 	 1.034082
0.00511408 	 2.3315492
0.020572487 	 2.2730913
0.04696054 	 2.142094
0.052319534 	 1.9329964
0.058017876 	 2.1080372
0.05228939 	 1.1731296
0.041561823 	 1.9814825
0.03875575 	 1.5728531
0.036803436 	 1.3257102
0.036670987 	 0.6712293
0.041888516 	 2.3351593
0.035963643 	 0.89802516
0.04051361 	 0.71507454
0.04167628 	 1.3058397
0.0416705 	 1.2502499
0.04575908 	 1.2710543
0.026034273 	 1.5390533
0.020618243 	 1.009632
0.045284737 	 2.0913165
0.011233004 	 1.6089244
0.023971137 	 1.2029258
0.040974207 	 1.4138268
0.05546768 	 1.9636842
0.038289793 	 1.3328048
0.025527064 	 2.4118345
0.021053085 	 1.8164546
0.015608253 	 0.90905374
0.022632886 	 2.074249
0.015358486 	 1.6256347
0.020416314 	 0.51580274
0.025973894 	 2.9743545
0.010388866 	 0.956347
0.027261743 	 0.73531836
0.02049534 	 1.8416296
0.008343959 	 1.9126819
0.0033238875 	 1.4555138
0.036511723 	 1.6841514
0.039728623 	 1.6225369
0.010404284 	 2.115474
0.020619156 	 0.97191536
0.034055557 	 1.3602463
0.02132571 	 0.5937949
0.04693555 	 1.4971999
0.031983085 	 1.6946216
0.27463168 	 1.1702559
0.3023045 	 1.0795304
0.22270018 	 1.3623612
0.18263648 	 1.7899994
0.20448849 	 1.0136423
0.22393487 	 0.95698076
0.20042194 	 1.6104026
0.15706818 	 1.6926119
0.090778865 	 2.0595975
0.033447683 	 1.9224145
0.03397564 	 3.0739677
0.015482998 	 1.7540116
0.04818371 	 2.3402047
0.03635576 	 2.7131498
0.020618243 	 1.5881014
0.025660554 	 1.2806745
0.03608605 	 1.3999873
0.01571675 	 2.066409
0.020617452 	 3.1831594
0.020616356 	 1.456092
0.020618243 	 2.4521673
0.020618243 	 0.79871094
0.025840178 	 1.1761369
0.015457998 	 2.0382588
0.015228725 	 1.0418867
0.02064179 	 2.8167624
0.032445554 	 1.5437229
0.5802388 	 1.7766926
0.24863106 	 2.00025
0.14819548 	 2.02371
0.11225235 	 1.5726184
0.09655312 	 2.2951264
0.10179058 	 2.8781948
0.06489939 	 1.599343
0.30039337 	 1.4023873
0.44171187 	 1.4081916
0.20816813 	 1.5496172
0.12615246 	 1.4892074
0.09799175 	 1.131611
0.123654015 	 1.3333845
0.0964983 	 1.0131729
0.057734367 	 1.963758
0.08816169 	 3.613191
0.06774565 	 2.5052521
0.10567901 	 1.278058
0.074713364 	 1.1492459
0.07607581 	 3.0808637
0.052095216 	 2.5120602
0.06181276 	 3.3032715
0.06862719 	 1.135771
0.038183093 	 2.2102215
0.025845071 	 1.1508732
0.025800422 	 1.4081265
0.036421467 	 3.505497
0.020618243 	 2.1412687
0.041080646 	 2.415978
0.062601835 	 1.5380063
0.059688408 	 1.3345708
0.07410659 	 1.4434546
0.05775748 	 0.9888769
0.04701289 	 2.2736356
0.090451665 	 2.385762
0.09209235 	 1.1966501
0.1198592 	 1.8099257
0.339029 	 0.9235294
0.1711685 	 1.3555502
0.20217583 	 1.1999785
0.19414008 	 1.8505058
0.100751884 	 1.8171605
0.07677729 	 2.2376845
0.084874116 	 2.71304
0.05538811 	 2.714576
0.038913447 	 0.91817486
0.042283148 	 0.7332138
0.052013654 	 1.588634
0.03109002 	 3.2767653
0.09084858 	 2.4448092
0.11564217 	 1.0955416
0.17898169 	 1.3140379
0.20116737 	 2.145413
0.2256016 	 1.714576
0.38692364 	 1.2996081
0.39615977 	 0.8922564
0.44111744 	 1.0905933
0.5431748 	 1.3847463
0.5737096 	 1.3413965
0.3719181 	 1.217401
0.37223107 	 1.2625576
0.4125759 	 1.0526377
0.35179895 	 1.2516176
0.24134317 	 1.0093596
0.25630772 	 0.89902616
0.19050013 	 1.8109423
0.23917885 	 0.9837712
0.17372054 	 2.179423
0.2274027 	 2.0940764
0.20297842 	 1.3304011
0.20841427 	 1.947701
0.1581187 	 2.1565537
0.14719442 	 1.2938651
0.09545847 	 1.4076334
0.09103528 	 0.96280235
0.08658139 	 1.8859293
0.08353696 	 1.3075058
0.07612829 	 1.9886178
0.15104815 	 2.4710376
0.20752347 	 1.0060986
0.20998478 	 1.720437
0.18096001 	 1.2565187
0.20100296 	 1.6332754
0.1864848 	 1.0953676
0.21010001 	 0.6299344
0.1382376 	 3.3296518
0.19068244 	 1.3853729
0.18824244 	 2.1015973
0.16035347 	 0.8825604
Summary
-9.5367386e-07  -  0.78958666 ,  0.46596536  -  3.613191
accuracy:  100.0
equal predictions:  0
TensorFlow version: 1.13.1
Found 939 images belonging to 1 classes.
argN = 196
argN = 196
0.48179767 	 1.9172667
0.58016586 	 2.7991886
0.4395902 	 1.5171697
0.63418984 	 1.3657849
0.5545959 	 1.7801948
0.19002862 	 2.0916905
0.19780408 	 1.4021453
0.12520082 	 1.2904228
0.14064282 	 2.4071
0.08417847 	 2.231949
0.19269209 	 2.149098
0.42670286 	 1.7288516
0.29867285 	 1.5596884
0.42640883 	 1.3317349
0.6914057 	 2.171644
0.5286927 	 0.90955836
0.40808743 	 1.6782335
0.12663394 	 1.5392524
0.13465552 	 1.7061499
0.09633677 	 3.197499
0.019058872 	 2.251017
0.0002504901 	 1.9117146
0.010255472 	 1.5032226
0.015627021 	 1.0270773
0.10157883 	 2.414337
0.13003515 	 2.7154396
0.28993186 	 1.7516403
0.53820294 	 1.1167468
0.54521453 	 1.309235
0.38475567 	 1.8311574
0.31860706 	 0.84243023
0.36237526 	 1.6934323
0.57157034 	 1.8015075
0.59549594 	 1.6344132
0.4207094 	 1.9454477
0.18402699 	 2.341146
0.63457596 	 1.3237548
0.36780387 	 2.1025338
0.30973098 	 1.0525327
0.42311254 	 1.4268941
0.55868906 	 1.4435498
0.5843239 	 1.3821293
0.4976459 	 1.406654
0.41008753 	 1.5388938
0.34384084 	 1.4172177
0.20397942 	 0.86487496
0.11420186 	 2.3610299
0.077723205 	 1.4162855
0.053805377 	 1.6522679
0.040101804 	 2.0915446
0.23999739 	 1.8257935
0.23010464 	 2.8528893
0.17287922 	 1.459724
0.2083929 	 1.7412151
0.13791357 	 1.7480862
0.37442672 	 1.7858049
0.22430106 	 2.222901
0.053028554 	 2.503823
0.11313852 	 1.8745779
0.10173237 	 1.4699258
0.14422214 	 2.5184193
-9.5367386e-07 	 2.2804468
0.0053700493 	 3.5081022
0.03608846 	 3.6685236
0.40134567 	 1.2922537
0.4340307 	 1.2589631
0.22993165 	 1.4829524
0.21586022 	 1.0424625
0.3209985 	 1.7422513
0.36726296 	 1.1482421
0.20432973 	 2.3557742
0.2637862 	 1.5232921
0.30883712 	 1.3011396
0.42463464 	 0.9002894
0.4967427 	 1.5352186
0.5930064 	 1.5470071
0.55499285 	 1.4478363
0.34206697 	 1.2619684
0.2946044 	 1.4995447
0.10719301 	 2.4695385
0.07986979 	 1.3977594
0.1398323 	 1.902575
0.15430638 	 2.1772795
0.12515152 	 1.990447
0.031660534 	 2.1481137
0.055821072 	 2.0487976
0.046460465 	 1.3463671
0.088023044 	 1.3243245
0.063508704 	 2.152153
0.033100136 	 2.0681696
0.014149462 	 2.291772
0.02738156 	 2.3251593
0.05236689 	 2.0806823
0.03636707 	 1.811008
0.04152361 	 1.6042634
0.05191565 	 0.9221006
0.041597676 	 2.1268187
0.02963384 	 2.6391299
0.041124806 	 2.1724412
0.044117555 	 0.68810695
0.023184685 	 1.5593026
0.035982426 	 1.9782935
0.030010708 	 1.6638935
0.03636033 	 1.1130031
0.030949162 	 2.061678
0.04111195 	 1.6137007
0.046188265 	 2.2809699
0.05236953 	 1.5353273
0.026008151 	 1.8934902
0.025710335 	 1.1001716
0.047742225 	 1.6515689
0.07697522 	 1.5630116
0.09549126 	 1.1908545
0.054162707 	 1.2264818
0.07877203 	 2.1561182
0.049427792 	 1.5158466
0.08387909 	 1.2346222
0.05152818 	 1.86485
0.050439194 	 0.35073456
0.10066823 	 1.4110175
0.051376067 	 1.6271154
0.079253756 	 1.2122406
0.08116624 	 1.1465356
0.066312976 	 1.4861524
0.06448874 	 1.6075944
0.039286204 	 1.3295228
0.054206062 	 1.6601802
0.081201725 	 1.1647607
0.05775773 	 1.075856
0.036392536 	 1.2547046
0.041662797 	 1.2522202
0.027493916 	 2.5125306
0.037272226 	 0.7870489
0.03927362 	 1.5217237
0.031107051 	 1.6212081
0.020621832 	 1.9455837
0.022036847 	 1.2883226
0.010302383 	 1.2043195
0.015071205 	 0.9416445
0.025842136 	 2.1458561
0.015405517 	 1.0611134
0.020498564 	 1.0016677
0.00511408 	 1.3937742
0.010255472 	 1.5007943
-5.960463e-07 	 1.1041216
0.0051141996 	 1.4827373
0.010822414 	 1.251876
0.00046305647 	 2.0869753
0.0039170706 	 1.7016789
0.010241501 	 1.625997
0.0051014987 	 1.2458948
0.010255171 	 1.9852363
0.005405046 	 1.307449
0.004283769 	 1.1456356
0.014266991 	 1.6849416
0.026701814 	 1.8173164
0.0046545537 	 1.5681361
0.029053804 	 1.3522226
0.03636633 	 2.0895622
0.036026236 	 2.2023249
0.03044738 	 1.6931467
0.03605225 	 1.7394772
0.044003192 	 1.1548876
0.048577458 	 1.7870001
0.04145862 	 0.81657976
0.04556898 	 1.3659807
0.039261654 	 2.5680423
0.044941347 	 2.0935667
0.04167187 	 0.94906366
0.046586663 	 1.0389878
0.031091249 	 0.95761794
0.03985968 	 1.235303
0.047004957 	 1.1467798
0.05050508 	 2.7896683
0.037342325 	 1.2520871
0.057156865 	 1.7652016
0.030859778 	 1.2480654
0.025445437 	 1.8441085
0.035319038 	 1.889962
0.032458793 	 0.9849485
0.046843853 	 0.94355893
0.053892557 	 0.5502807
0.020003276 	 1.1327168
0.014530152 	 1.9351842
0.01899223 	 1.2746806
0.021564608 	 2.2357593
0.020977544 	 1.2512826
0.02703079 	 1.0646901
0.015451218 	 0.93438375
0.018860478 	 1.4024963
0.038863316 	 1.2289399
0.015632652 	 2.1152713
0.0083074765 	 1.3407663
0.0259 	 1.6035379
0.03847604 	 1.5101985
0.021569785 	 1.53683
0.006027469 	 1.3435221
0.027035933 	 1.4290601
0.026689325 	 1.5736564
0.025695411 	 1.4098889
0.21085541 	 1.054268
0.2286908 	 1.476744
0.2947834 	 1.202027
0.15711588 	 1.1036987
0.2091653 	 1.0267025
0.17674215 	 1.8024486
0.14928424 	 0.84073323
0.0962256 	 0.9127019
0.031089528 	 1.4950027
0.05776152 	 1.7507155
0.052360423 	 1.1226732
0.030789517 	 2.1429386
0.02646903 	 0.9994596
0.026914323 	 1.8438725
0.04167013 	 1.8602549
0.025927894 	 1.9771935
0.04354537 	 2.7212677
0.03636676 	 1.3968067
0.0346941 	 1.3559295
0.021399876 	 4.584864
0.025840178 	 1.4932699
0.031089528 	 5.1335793
0.010255531 	 1.7474306
0.021925224 	 1.8858126
0.015423615 	 1.7144905
0.020555938 	 2.6991858
0.0154241 	 1.2516874
0.041610535 	 0.94780844
0.028264634 	 1.5868609
0.036595676 	 2.5087137
0.03520333 	 1.3767443
0.025616951 	 1.7602104
0.022421345 	 4.179352
0.047004957 	 1.496667
0.5338408 	 1.7581967
0.34364775 	 1.2676926
0.24825135 	 0.79673266
0.07411744 	 2.7917407
0.094917364 	 1.8480399
0.057324626 	 2.0106947
0.07950058 	 1.4427589
0.15918583 	 0.8261636
0.09091254 	 1.5639683
0.096402474 	 3.7147546
0.15999639 	 2.6340065
0.15370183 	 2.7553284
0.1879418 	 1.03988
0.16660884 	 2.6511006
0.13546582 	 2.1535745
0.14921823 	 1.1761985
0.14231326 	 1.535049
0.10503747 	 1.4767065
0.111291476 	 0.8025321
0.057755016 	 2.7129602
0.08514115 	 1.646256
0.063240014 	 0.7220746
0.079616554 	 1.1094248
0.053908158 	 3.2797778
0.041662734 	 0.87460506
0.031089528 	 1.7607819
0.04166199 	 1.2614623
0.060177293 	 1.6359107
0.10179183 	 2.038045
0.10551837 	 2.1037102
0.08631227 	 1.7412324
0.14876744 	 2.0581007
0.24602944 	 1.1301571
0.24950854 	 1.3755847
0.30407587 	 1.5177243
0.32093966 	 0.8592717
0.090722606 	 0.9993252
0.035114553 	 1.128184
0.052487243 	 2.1057591
0.026661716 	 1.4692029
0.0517341 	 1.0729668
0.068739235 	 2.3105686
0.09475726 	 0.70493996
0.118744664 	 2.2327754
0.07870445 	 1.6070743
0.13699752 	 0.8779788
0.32536194 	 1.5509433
0.36427337 	 1.5833781
0.49197978 	 1.2290047
0.53397506 	 1.3473759
0.5698721 	 0.9297716
0.45434913 	 1.0692008
0.38748786 	 0.99930257
0.3037271 	 0.767811
0.27353606 	 1.1025522
0.26413763 	 0.87687457
0.27936378 	 0.9485215
0.25646254 	 1.4728811
0.25005978 	 1.4811491
0.15175106 	 3.0293243
0.14031474 	 2.4640048
0.20051634 	 2.9402301
0.09102516 	 2.28639
0.095628195 	 1.3858641
0.06960792 	 2.4598005
0.115789786 	 3.4836454
0.08571141 	 2.1487288
0.14821926 	 1.3649831
0.1421869 	 0.9870402
0.20845062 	 2.1095262
0.22188689 	 1.6913149
0.2410508 	 2.2770896
0.20294614 	 1.4178901
0.2205966 	 2.1425962
0.20425113 	 1.6502508
0.16952491 	 2.4044943
0.17480297 	 1.2919536
0.16657484 	 2.614644
0.17197178 	 1.4685311
Summary
-9.5367386e-07  -  0.6914057 ,  0.35073456  -  5.1335793
accuracy:  100.0
equal predictions:  0
