TensorFlow version: 1.13.1
Found 939 images belonging to 1 classes.
argN = 196
argN = 196
0.3211602 	 2.3344235
0.4437103 	 2.7271485
0.27417737 	 2.8509514
0.063653395 	 2.2765877
0.053617325 	 2.982827
0.04901399 	 2.2795994
0.09339316 	 2.1981537
0.16574767 	 1.9654666
0.2405155 	 1.4271854
0.10913766 	 1.9241376
0.06738515 	 2.443486
0.13444482 	 2.4114683
0.1677997 	 2.322959
0.15168203 	 2.516073
0.109322816 	 2.852229
0.12008191 	 1.8456959
0.12605001 	 2.8137825
0.12520239 	 2.1757295
0.093730494 	 2.4289174
0.1370373 	 4.5407443
0.11810454 	 1.9851673
0.1273337 	 4.574094
0.2152836 	 2.4530668
0.25824422 	 2.650071
0.16191301 	 4.6639185
0.19816184 	 2.8063214
0.21388035 	 2.212346
0.28648657 	 2.7979417
0.24581914 	 3.2003913
0.084600665 	 2.1396904
0.05583437 	 2.052124
0.008836152 	 2.4098923
0.004950478 	 3.0813687
0.025844216 	 2.6567407
0.1287412 	 5.2731647
0.21268047 	 2.1807444
0.08427204 	 3.852819
0.18632428 	 2.844202
0.21887447 	 4.453487
0.11882843 	 2.5612543
0.3028498 	 3.169547
0.3193716 	 1.9354819
0.01961624 	 3.3276513
0.16265221 	 2.476123
0.18499434 	 2.7986002
0.044562053 	 2.3832579
0.03939197 	 2.9639952
0.04139364 	 2.1117866
0.0704542 	 2.0813003
0.10778661 	 2.1770608
0.095611006 	 1.8159404
0.14279957 	 2.2126718
0.07108763 	 2.3466763
0.072895035 	 2.8721695
0.039135635 	 2.239586
0.052691292 	 3.618452
0.1483101 	 2.0893214
0.06798352 	 1.8503333
0.23650962 	 2.7116
0.17752002 	 2.766341
0.02060796 	 2.2392342
0.020554295 	 2.8546093
0.010255472 	 2.4974444
0.25915104 	 1.801852
0.21877557 	 2.2283084
0.18979302 	 1.7076037
0.028374514 	 2.49323
0.05801377 	 2.6146612
0.08120832 	 3.4213126
0.106517605 	 2.6582298
0.15314169 	 2.3635812
0.37718007 	 2.0349677
0.38363105 	 2.3986506
0.29260662 	 2.7175457
0.15473802 	 1.7982817
0.12209235 	 2.6390054
0.055837646 	 2.622705
0.04181592 	 2.8875334
-9.5367386e-07 	 1.4120854
0.11417547 	 2.164941
0.040459737 	 2.8285532
0.037252735 	 1.8431205
0.05843125 	 2.2795558
0.08514439 	 2.7806647
0.019287871 	 3.5077462
0.00511408 	 2.5427425
-9.5367386e-07 	 2.792397
0.005117135 	 2.6748002
0.023419756 	 2.9478362
5.3526404e-05 	 2.7341764
0.010247282 	 2.5944462
0.0076136612 	 2.2770844
1.7166285e-05 	 3.4863229
0.005097425 	 4.1790133
0.011988331 	 5.2779193
0.023805032 	 2.5704095
0.015405093 	 1.7545886
0.00511408 	 2.3879843
0.015423192 	 1.5755765
0.00512049 	 2.9626553
0.002770503 	 3.0647404
-9.5367386e-07 	 1.1219755
-9.5367386e-07 	 2.120985
-9.5367386e-07 	 1.1624625
-9.5367386e-07 	 1.473894
-9.5367386e-07 	 1.8356165
0.0051141996 	 1.4797578
0.01025499 	 2.2836936
0.015106968 	 1.7030482
0.010255472 	 2.13225
0.015423434 	 1.9436594
0.011118542 	 1.763093
0.021135997 	 1.9181048
0.010390913 	 1.7315764
0.01042705 	 0.9950632
0.025392551 	 1.150174
0.020618243 	 1.7891725
0.026413398 	 1.2754774
0.025234524 	 1.3677478
0.02061666 	 1.8771029
0.046875272 	 1.7426033
0.041156232 	 1.952223
0.032675732 	 1.500625
0.015441836 	 1.8646362
0.010255472 	 1.3190273
0.015423434 	 1.1284814
0.015423434 	 1.8392375
0.015425613 	 1.6439786
0.010238309 	 1.725982
0.010255472 	 2.3702383
0.015341478 	 2.3753119
0.014917523 	 1.3293302
0.00511408 	 2.916163
0.00511408 	 1.9581553
0.00511408 	 2.1033041
0.00511408 	 1.7818193
0.0102530625 	 1.2227337
0.005114559 	 1.6434891
0.009580945 	 2.4864855
-9.5367386e-07 	 1.9003277
0.012185185 	 1.3427155
0.006201083 	 1.5721215
0.030526897 	 1.8442241
0.010255472 	 2.3868892
0.0056593516 	 1.2296032
-9.5367386e-07 	 2.763858
-9.5367386e-07 	 1.4508929
0.00511408 	 2.6231625
-9.5367386e-07 	 1.6929377
-9.5367386e-07 	 2.9746137
-9.5367386e-07 	 1.7279372
-9.5367386e-07 	 1.1391336
0.0099051185 	 1.6216865
-9.5367386e-07 	 2.503257
0.00511408 	 2.0069087
0.005113361 	 1.9659045
0.00015808402 	 2.137868
0.010212235 	 2.0156474
0.0016158158 	 1.5925378
0.010244391 	 1.5182515
0.015426945 	 1.6275568
0.013725527 	 2.7018852
0.015424402 	 2.3536386
0.01025764 	 2.3322356
0.015423373 	 1.0613185
0.020618243 	 2.1612504
0.020354083 	 3.4861596
0.015295358 	 2.870563
-9.5367386e-07 	 1.8256123
0.010205551 	 1.9389194
0.009563252 	 1.6426489
0.00511408 	 4.1793013
-9.5367386e-07 	 1.8144819
0.005653717 	 1.5117868
0.017292382 	 1.1200237
0.010256977 	 1.8579153
0.014835971 	 1.1332271
0.0051142597 	 2.7924573
0.009250018 	 2.3137586
0.010255291 	 2.7349641
0.010536433 	 1.3156158
0.01541841 	 1.5358508
0.009507168 	 1.3695911
0.014966589 	 2.6368167
0.00511408 	 1.8155631
0.010133595 	 1.5999311
0.021383556 	 1.0161238
0.025498753 	 0.88941544
0.015469741 	 1.6617856
0.0089216065 	 1.8428077
0.008462312 	 1.7060891
0.019283557 	 2.0048974
0.010197301 	 1.2713401
0.018628418 	 1.3882341
0.058726713 	 4.5817037
0.11843971 	 1.6959462
0.1150457 	 2.2656312
0.00511408 	 1.4264557
0.0050396738 	 2.0574448
0.015552313 	 2.0941572
0.02058283 	 3.6684232
0.020618243 	 2.985437
0.036365956 	 3.2236404
0.025744889 	 11.524887
0.025840178 	 1.6846132
0.02116741 	 1.7444687
0.027347807 	 3.0808961
0.015357639 	 1.7815945
0.009798333 	 2.6381214
0.020234924 	 2.436949
7.844279e-05 	 2.246158
0.0005824474 	 2.577957
-9.5367386e-07 	 2.2731338
0.00035011937 	 4.1827292
0.00511408 	 3.0806897
0.00511408 	 1.8817677
0.020618243 	 3.8574193
0.0109081585 	 2.0297244
0.010255472 	 9.202589
0.015612612 	 1.9081485
0.010254448 	 2.638872
0.010255472 	 3.8305743
0.01542301 	 3.4863327
0.010250715 	 1.2505119
0.025643002 	 2.3877318
0.03342007 	 2.2314477
0.01542186 	 1.2738931
0.0081353 	 3.0808558
0.020618243 	 3.668638
0.025840178 	 2.5000567
0.047002897 	 1.5586253
0.29024717 	 2.470322
0.12935208 	 2.6468775
0.06347466 	 2.397798
0.036366574 	 1.9167758
0.053326886 	 2.0884736
0.062220983 	 3.1986988
0.054033853 	 2.1445816
0.041665778 	 2.5700247
0.031082517 	 3.332237
0.07410684 	 2.2936964
0.06883878 	 3.8833234
0.048155125 	 2.5691698
0.07474528 	 3.0808144
0.07379525 	 1.1631922
0.06440934 	 2.286824
0.052366953 	 2.0986795
0.035403635 	 2.105423
0.044687577 	 3.5787303
0.028198173 	 3.0735772
0.051204156 	 3.1986492
0.031089466 	 2.1869676
0.025842074 	 2.284525
0.015602077 	 0.88617176
0.025840178 	 1.8749431
0.01130329 	 2.6341126
0.010255351 	 2.4265935
0.026994538 	 2.570041
0.010255472 	 1.8365519
0.015408241 	 3.1430786
0.0050074453 	 1.564113
0.029409826 	 2.3268805
0.010255472 	 2.638338
0.015423434 	 1.8441027
0.025840178 	 3.4860835
0.08248436 	 2.5700395
0.09876997 	 3.6666913
0.09595185 	 1.8308343
0.10190409 	 1.7230623
0.090337746 	 2.8789508
0.092227116 	 1.8015255
0.06528285 	 1.8710735
0.095109805 	 2.1934586
0.061961077 	 3.3018036
0.015414475 	 1.3552836
0.00511408 	 3.3222466
0.009843959 	 1.8775314
0.03239273 	 2.114683
0.015420892 	 3.3320935
0.057826314 	 3.0449872
0.036366574 	 2.558884
0.057632893 	 3.3275232
0.112355985 	 3.4370346
0.10850007 	 2.791286
0.08834477 	 2.954245
0.24506892 	 3.0424073
0.21767785 	 2.4960344
0.20171155 	 2.2646694
0.17645448 	 1.5655153
0.109676875 	 2.4223773
0.13050832 	 1.7024142
0.14514732 	 1.4194701
0.1140661 	 1.7612956
0.08738706 	 1.88463
0.12077467 	 2.4249365
0.10243902 	 1.78154
0.092401326 	 3.3111172
0.05093574 	 3.4863133
0.068619214 	 1.0037278
0.031089528 	 2.3357456
0.041625697 	 3.3319936
0.02077104 	 1.5512191
0.028489802 	 2.9770725
0.025652725 	 1.5401424
0.061482094 	 2.7014687
0.03994696 	 1.2119274
0.041675847 	 3.7277026
0.03545551 	 1.5683217
0.036392227 	 2.7028613
0.047761295 	 1.2678143
0.03258656 	 4.58487
0.03108307 	 2.7890768
0.032423574 	 3.6684184
Summary
-9.5367386e-07  -  0.4437103 ,  0.88617176  -  11.524887
accuracy:  100.0
equal predictions:  0
TensorFlow version: 1.13.1
Found 939 images belonging to 1 classes.
argN = 196
argN = 196
0.17315297 	 2.7654364
0.12137249 	 3.8826027
0.39750654 	 2.0984251
0.35363108 	 2.8440995
0.33364213 	 2.4728549
0.20331275 	 2.5241277
0.12565348 	 2.3531783
0.12380822 	 2.7136128
0.08956489 	 5.156559
0.09086724 	 3.117006
0.06863964 	 2.5953348
0.0444687 	 3.5131214
0.05618455 	 3.182491
0.13015999 	 1.6050678
0.13997318 	 2.7639384
0.22911988 	 2.5114107
0.22492066 	 2.0484536
0.15137021 	 2.9036765
0.30237618 	 3.6712418
0.09082788 	 2.5877109
0.09646844 	 2.7560318
0.0057678544 	 2.6628714
-9.5367386e-07 	 3.1773145
0.06436586 	 3.6099534
0.2436804 	 1.4525523
0.21381222 	 2.5759447
0.23034762 	 1.9744918
0.20068003 	 1.950931
0.15326881 	 1.833872
0.0959773 	 3.9034753
0.31988478 	 2.0522985
0.36257926 	 2.8922746
0.24071081 	 1.336
0.18306185 	 2.512733
0.29977107 	 2.0977185
0.2279689 	 2.4126313
0.17220981 	 2.3383973
0.15227751 	 2.4076295
0.12045842 	 2.4722261
0.097351834 	 2.576676
0.045998644 	 2.978153
0.01736534 	 2.218318
0.037282184 	 3.0922995
0.031207526 	 2.1725972
0.049449712 	 2.2445436
0.086044215 	 2.4762983
0.07903138 	 4.832427
0.06948664 	 2.3748689
0.073784344 	 2.5223172
0.039801683 	 2.280944
0.05320317 	 2.2791696
0.045905657 	 3.4628623
0.031629834 	 1.9720622
-9.5367386e-07 	 2.719889
-9.5367386e-07 	 3.5458539
-9.5367386e-07 	 2.6811779
-9.5367386e-07 	 2.6230698
-9.5367386e-07 	 3.499588
7.1525596e-07 	 4.5834985
-9.5367386e-07 	 2.125676
0.021351527 	 1.685485
0.032269787 	 1.9093546
0.16847491 	 2.5809689
0.35870886 	 2.5463831
0.19319269 	 2.5580792
0.24569018 	 1.8710924
0.08871499 	 2.128743
0.12766102 	 2.3438294
0.12666263 	 2.085399
0.07448294 	 1.2476461
0.024778796 	 2.9790928
0.042594094 	 3.195864
0.046678025 	 2.3972895
0.02234826 	 3.1863117
0.058534067 	 2.5545595
0.042228993 	 12.294624
0.02295711 	 3.4660244
0.03635625 	 2.2374253
0.031088358 	 2.7042437
0.010255411 	 2.8800046
-9.5367386e-07 	 3.0796533
0.011795796 	 2.306575
0.016110819 	 3.1867273
0.015067998 	 2.0496097
0.010255472 	 1.8756853
0.008867723 	 1.7864474
0.010783492 	 2.0176723
0.005123306 	 1.7660252
0.005127919 	 1.2898009
0.00511408 	 2.8129103
0.0018608588 	 1.683857
0.0010257257 	 0.93494594
0.002306198 	 2.275692
0.004962159 	 2.0562336
-9.5367386e-07 	 2.5855436
0.0001558783 	 1.353472
0.010255472 	 1.8195981
0.014154963 	 1.6034683
0.00511408 	 2.7853162
0.01025499 	 2.9363637
0.015439959 	 3.5260885
0.010027267 	 1.4416695
0.0051810616 	 1.5824268
0.020314362 	 1.114556
0.02624756 	 2.164259
0.025857856 	 2.8712237
0.03109088 	 1.589761
0.021860097 	 2.0703943
0.036363363 	 1.7682091
0.031089528 	 2.6383824
0.052042536 	 2.8707945
0.020808954 	 2.0764487
0.015417321 	 2.7118387
0.036334064 	 1.2549292
0.025405575 	 2.5793166
0.012754974 	 1.5468564
-9.5367386e-07 	 2.7930968
0.0053197127 	 2.3191757
0.015409149 	 1.9907607
0.005155359 	 3.2014832
-9.5367386e-07 	 2.7584426
0.0058605406 	 1.2768615
0.010242043 	 2.6974947
0.009525221 	 1.1603158
0.010249992 	 2.0182984
0.0051143193 	 1.550454
0.0154212555 	 1.386198
0.009813682 	 2.7131786
0.010255472 	 1.9456505
0.011706479 	 1.5373454
0.005298201 	 2.3918402
0.005112702 	 1.4072988
0.015533364 	 3.6085775
0.015417502 	 1.5762942
0.010258904 	 2.7837596
0.010243247 	 1.3046062
0.00511396 	 1.5020626
-9.5367386e-07 	 2.0142467
0.0051139 	 4.57918
-9.5367386e-07 	 1.7650449
-9.5367386e-07 	 1.5687096
1.1920929e-07 	 1.705123
0.0051103653 	 1.4572078
1.1920929e-07 	 1.6201757
2.0861648e-06 	 2.0595937
-9.5367386e-07 	 2.439865
-9.5367386e-07 	 1.6008033
-9.5367386e-07 	 2.1191154
0.012753223 	 1.2808266
0.0051281587 	 3.199248
-9.5367386e-07 	 1.2219383
0.00511408 	 3.0529306
0.015476945 	 2.4659176
0.02047356 	 1.9127214
0.01542295 	 1.1746085
0.014008916 	 1.5397824
0.015423373 	 2.7931776
0.01220389 	 1.2516173
0.010255592 	 1.2972387
0.028456809 	 1.9450141
0.010255472 	 2.880828
0.014823086 	 1.3244612
0.01542301 	 1.5397843
0.003323708 	 1.3050194
0.015429003 	 1.36166
0.009310118 	 1.0684512
0.00511408 	 2.8798048
0.00511408 	 1.7104433
0.00511408 	 1.8561748
0.005007325 	 1.6049744
-8.344647e-07 	 1.6728274
0.0051141996 	 1.637186
0.0068199206 	 2.8965878
0.010255472 	 2.88219
0.023520317 	 1.9241204
0.00511408 	 1.1666425
0.0191432 	 1.2186471
0.01540812 	 2.066151
0.022146897 	 1.5494224
0.0051361867 	 1.3140595
0.00511408 	 2.0555274
0.014766343 	 2.122356
0.020393014 	 1.6716272
0.005152004 	 1.4955832
0.015369261 	 2.0803175
0.010501618 	 2.389205
0.012571165 	 2.0934718
0.01722331 	 2.0803843
0.009778229 	 1.9110358
0.009501632 	 1.9201585
-9.5367386e-07 	 2.567948
0.020618364 	 2.353714
0.005966007 	 2.1470187
0.019797275 	 2.2227757
0.010166291 	 1.7770094
0.023204267 	 2.0283194
0.010255592 	 1.7915585
0.0073025976 	 1.2412926
0.020298911 	 1.1961982
0.101974845 	 2.1723833
0.15041958 	 2.4625566
0.04700502 	 4.1786394
0.04163042 	 1.6398419
0.074111916 	 2.9024618
0.05560315 	 2.4078872
0.010255472 	 1.2229375
0.010255472 	 2.569801
0.00511408 	 12.811746
0.015386934 	 1.2783097
0.00511408 	 2.1349967
0.041803367 	 3.668638
0.020618182 	 2.4003766
0.015781842 	 2.4448862
0.031089343 	 2.7122293
0.031089528 	 2.1731381
0.00511408 	 1.0966496
0.0051229466 	 4.4281816
0.010255472 	 1.9879649
0.00511408 	 2.4974928
0.004171058 	 4.554225
0.010691252 	 1.6603038
0.025826294 	 2.524031
0.011547463 	 2.051525
0.09846204 	 1.1709605
0.041686036 	 3.3401644
0.049981672 	 4.163725
0.026030848 	 1.3751178
0.102062106 	 2.2139473
0.06280491 	 2.7515776
0.024706885 	 2.4384193
0.07281676 	 2.712822
0.05775773 	 1.8539099
0.06471128 	 1.5963032
0.08501239 	 2.2414656
0.04654682 	 2.0982985
0.04167162 	 2.1870432
0.046964414 	 1.2517838
0.05775773 	 2.0047226
0.041666463 	 0.90417224
0.025840178 	 2.72994
0.025662083 	 1.6065633
0.022853374 	 3.646349
0.020712437 	 2.5736675
0.010255472 	 2.5210335
0.00511408 	 4.1369476
0.005115158 	 2.1857505
0.010409524 	 3.4784472
0.020618243 	 2.9738274
0.00511408 	 5.2779193
0.020554598 	 2.4572244
0.020001998 	 2.1770046
0.0258381 	 1.876979
0.014324129 	 2.9847152
0.0051328917 	 2.444898
0.020618243 	 2.3754733
0.015417563 	 2.3121212
0.033231746 	 2.543842
0.11855211 	 2.1866667
0.09041767 	 1.3691436
0.12236911 	 2.2762196
0.14671914 	 2.1863084
0.09115567 	 1.7626667
0.11730799 	 2.6741292
0.09691503 	 1.7132698
0.106198005 	 2.6719737
0.09261101 	 1.6385704
0.08206015 	 2.312058
0.09026658 	 1.5333219
0.07396416 	 1.3029854
0.031201808 	 3.0808547
0.010255472 	 3.8665729
0.020594269 	 2.0033584
0.010255472 	 1.8072014
0.009746028 	 1.6946735
0.010243909 	 2.379807
0.020618243 	 3.8917718
0.02000674 	 2.9826117
0.015417139 	 1.3305377
0.018893521 	 3.466662
0.008579114 	 2.1041372
0.01653013 	 3.3319218
0.006294049 	 3.198382
0.025855042 	 1.4418466
0.17863353 	 1.6636889
0.17337674 	 2.0199163
0.21923019 	 2.1083632
0.18825993 	 2.049022
0.24706656 	 2.0668945
0.12853703 	 1.768084
0.19004224 	 1.3138613
0.10709243 	 0.94183266
0.088256545 	 1.2318825
0.09046171 	 1.6585791
0.10247917 	 3.3935568
0.098807074 	 3.330068
0.047004145 	 2.3414395
0.031089528 	 2.1517127
0.03619123 	 1.7999136
0.045716465 	 5.2779193
0.026044551 	 2.1865058
0.0049435296 	 2.3822117
0.021926869 	 1.9553167
0.01859399 	 1.9598551
0.031088235 	 3.1934886
0.02917457 	 3.2023065
0.030827135 	 1.8447614
0.020135969 	 3.4876049
0.060918007 	 3.5582337
0.10010486 	 2.0988758
0.057504475 	 2.731483
0.062000077 	 1.4715537
0.031082025 	 2.2331483
0.036373068 	 2.6655283
Summary
-9.5367386e-07  -  0.39750654 ,  0.90417224  -  12.811746
accuracy:  100.0
equal predictions:  0
TensorFlow version: 1.13.1
Found 939 images belonging to 1 classes.
argN = 196
argN = 196
0.12007989 	 2.3729122
0.12974308 	 2.4403028
0.52508867 	 2.6967819
0.08011199 	 3.6810675
0.08837152 	 2.8519607
0.070404835 	 3.6461935
0.08270718 	 2.2037632
0.08303711 	 2.3567011
0.083913766 	 2.1294806
0.1877392 	 2.501428
0.14021982 	 1.461796
0.11149929 	 2.2336802
0.11980881 	 3.8915586
0.10380051 	 2.6405628
0.29238 	 3.487757
0.21564323 	 2.7360275
0.077254 	 2.608462
0.01025481 	 3.8906248
0.0796163 	 2.818572
0.07356157 	 2.334404
0.03707142 	 2.7453814
0.015423434 	 4.1761875
0.00511408 	 2.8529584
0.0007175993 	 3.6713636
1.0609683e-05 	 3.6325612
0.00013072153 	 2.0966806
0.00511408 	 1.464857
0.0062892507 	 3.19802
0.005115278 	 3.2010455
0.048878286 	 2.969389
0.11855211 	 2.4429605
0.24647114 	 2.219797
0.04510801 	 2.2074132
0.28303814 	 2.5257282
0.1925011 	 2.276298
0.20507844 	 1.9577613
0.1501592 	 2.644558
0.23440139 	 3.7537339
0.24954182 	 2.4035733
0.060865935 	 2.1411283
0.17854944 	 2.4715054
0.05224593 	 1.5050336
0.049196795 	 2.404837
0.019318862 	 13.815511
0.015422647 	 2.2795184
0.08251472 	 1.6858343
0.1032488 	 2.3775764
0.14377065 	 3.080377
0.031282797 	 3.4892106
0.0632557 	 2.1058288
0.050951425 	 2.4957726
0.049411573 	 2.4103987
0.121166185 	 2.4364507
0.06777378 	 2.6210825
0.03103087 	 3.1502235
0.020597372 	 3.0808687
-9.5367386e-07 	 1.3638978
0.008138604 	 2.797711
-9.5367386e-07 	 2.8795385
-9.5367386e-07 	 2.9671865
-9.5367386e-07 	 2.8416114
-9.5367386e-07 	 3.1459088
-9.5367386e-07 	 4.5937166
0.017575448 	 2.4209478
0.037550796 	 2.4781663
0.12323248 	 3.0665739
0.09146991 	 2.2647061
0.21312237 	 3.290186
0.058409702 	 2.1871908
0.061386768 	 2.2803674
0.09881635 	 2.5226915
0.1473585 	 2.2100682
0.14617366 	 2.496944
0.04171226 	 1.700736
0.16190699 	 2.4242585
0.2160657 	 2.2510178
0.16542755 	 2.3121953
0.16758429 	 2.2442465
0.14693238 	 2.569008
0.19852117 	 2.3475115
0.19870567 	 4.1776905
0.06042863 	 2.1619465
0.06859892 	 2.637538
0.044406265 	 2.0426784
0.07070718 	 2.1725643
0.029095592 	 2.2600725
-9.5367386e-07 	 2.6766543
0.05692887 	 3.331373
0.045662683 	 4.184892
0.022726843 	 2.2732923
0.020674527 	 2.777753
0.052414503 	 2.07601
0.04700502 	 2.9681208
0.05228003 	 2.7190037
0.00511408 	 1.7252272
0.020634001 	 2.6787195
0.01542301 	 2.3154652
-4.7683704e-07 	 2.1030786
-9.5367386e-07 	 3.184836
0.010660768 	 3.4862723
0.010255472 	 3.1453547
1.4305125e-06 	 2.5441494
0.005114619 	 2.2345352
6.0796924e-06 	 3.4757733
0.0051352284 	 4.9593425
0.013758219 	 1.969237
0.012780692 	 2.4605994
0.015403277 	 1.8783063
0.015411328 	 1.7275581
0.010214042 	 2.4462924
0.025456076 	 2.2668502
-9.5367386e-07 	 1.3305866
0.005460601 	 2.7533789
-9.5367386e-07 	 2.165656
-9.5367386e-07 	 1.9870985
-9.5367386e-07 	 2.1859424
1.1324889e-06 	 2.2649467
0.0063673486 	 1.313402
0.00511408 	 2.3924222
0.0051143193 	 1.0322611
0.010255472 	 1.2076322
0.00511408 	 1.6344013
0.020651527 	 1.3044019
0.020616477 	 3.0814192
0.025834369 	 2.2223823
0.02583969 	 2.0080855
0.025844093 	 2.8512506
0.025832534 	 1.3267175
0.03108885 	 3.3493276
0.010246319 	 2.6428227
0.010255472 	 2.8546932
0.025863728 	 1.6569713
0.026677571 	 1.2804822
0.017799618 	 1.4474373
0.025840178 	 1.6401409
0.015423434 	 1.2332594
0.009152265 	 1.6386229
0.020608628 	 1.5512444
0.01511211 	 1.9412977
0.020931408 	 2.0612524
0.015322836 	 1.9821265
0.015401643 	 2.5586321
0.008604845 	 1.3368503
0.020618243 	 2.080949
0.00511408 	 1.9956496
0.004459834 	 1.6561191
-9.5367386e-07 	 1.9641625
0.010159788 	 1.7034249
0.010255472 	 2.1407216
-9.5367386e-07 	 1.0955133
0.010204828 	 2.370355
0.01025511 	 1.4379705
0.002861238 	 2.1871881
0.015837735 	 1.8006635
0.005648802 	 1.7369896
0.015423434 	 1.7591679
0.010067184 	 2.975638
0.010239514 	 1.3280348
0.020481104 	 2.8320076
0.015432635 	 1.6834515
0.0051307348 	 1.9602972
0.005240558 	 1.0577204
0.0051136003 	 2.2738667
-9.5367386e-07 	 1.7743632
-9.5367386e-07 	 1.9083682
0.0051141395 	 1.9872732
-9.5367386e-07 	 1.896806
-9.5367386e-07 	 3.078298
4.9890332e-05 	 1.5295465
-9.5367386e-07 	 1.6244168
-9.5367386e-07 	 1.9112695
0.00511402 	 2.2714417
0.016021237 	 2.711792
0.015423252 	 2.0592608
0.01542186 	 3.0711164
0.0154412305 	 1.8662874
0.020618243 	 2.4455166
0.028062442 	 2.1476
0.015423434 	 1.9748402
0.014763379 	 1.662857
0.015295116 	 2.4217842
0.010255472 	 1.5116323
0.020352561 	 2.603563
0.00511408 	 1.7845773
0.00511408 	 1.7638245
0.005110006 	 2.1358402
0.00511408 	 1.5318079
0.005078374 	 1.6267453
0.0051222877 	 2.1855304
0.00484452 	 1.6933966
0.011173209 	 1.4927381
0.006766391 	 1.2554338
0.0056715203 	 1.0162249
0.0054968596 	 1.5157499
0.010251437 	 1.1479847
0.007657566 	 1.765906
0.009489116 	 3.066406
0.0051184534 	 1.7061851
0.011783493 	 1.0724725
0.0202362 	 2.975396
0.004714019 	 2.2833192
0.018955419 	 1.7176125
0.014973789 	 1.8470178
0.008733089 	 2.4911406
0.10285446 	 1.6210648
0.074700326 	 2.1856158
0.068558 	 2.2641485
0.025651747 	 3.6686006
0.020618243 	 2.6377687
0.02517242 	 1.4202557
0.020600354 	 3.004961
0.017604567 	 3.6686077
0.03887317 	 3.059586
0.010255472 	 1.8578339
0.010255351 	 2.025618
0.02062603 	 2.7970295
0.017974196 	 2.6494644
0.015423373 	 3.084682
0.015423434 	 2.5052695
0.0066171587 	 3.6795971
0.010215186 	 3.881891
0.015423434 	 3.491044
0.015419439 	 1.304948
0.00511408 	 1.8199159
0.10548539 	 2.0491657
0.24038792 	 2.2375057
0.31994438 	 2.502386
0.42342836 	 2.2122154
0.18950012 	 2.2838614
0.056355048 	 2.1550684
0.06961316 	 2.0038526
0.042468835 	 2.211296
0.03215406 	 4.2198033
0.046323605 	 3.4861088
0.04156959 	 2.8802457
0.04143489 	 3.057659
0.067900844 	 0.82930815
0.15415019 	 2.0157154
0.025839996 	 3.0053353
0.06862381 	 3.8917747
0.09012809 	 1.7589993
0.10758945 	 2.5700512
0.054648835 	 1.9227146
0.052369468 	 2.5213184
0.051491905 	 1.4938194
0.00511408 	 13.815511
0.031089528 	 3.1775532
0.010255411 	 2.4533565
0.015417684 	 1.5159956
0.015423252 	 3.0799127
0.010327316 	 3.1296704
0.00511408 	 2.9778779
0.010728062 	 2.7099602
0.005456106 	 2.409783
0.015423434 	 3.7345746
0.020668382 	 2.4882686
0.026368048 	 1.6711702
0.025839016 	 3.6341243
0.031319514 	 1.2750641
0.036356993 	 1.5402987
0.08704686 	 2.8758953
0.11121726 	 2.184214
0.12748218 	 1.9112014
0.11249571 	 2.088338
0.0687047 	 1.2519209
0.13118939 	 1.934305
0.10619589 	 1.803496
0.113694526 	 2.0770674
0.09108476 	 0.6153886
0.055986088 	 1.7971699
0.060312703 	 1.5273525
0.024104541 	 3.9001064
0.020618243 	 4.3164177
0.03107182 	 2.2570746
0.010255472 	 2.4048824
-7.152555e-07 	 2.6380355
0.010240658 	 3.1644325
0.00511408 	 2.3332164
0.010255472 	 3.671045
-9.5367386e-07 	 2.436549
0.014365668 	 2.5679092
0.010255472 	 2.8963103
0.04121803 	 1.8758122
0.062253904 	 1.7415895
0.07276849 	 2.0204573
0.09802028 	 3.872468
0.09243467 	 4.58487
0.16134818 	 1.5993303
0.17518851 	 1.58978
0.18430947 	 3.8589327
0.21496342 	 3.1148014
0.16887066 	 1.2368193
0.20711556 	 2.775829
0.21457715 	 1.5633153
0.14632681 	 1.8732109
0.13400017 	 1.806812
0.10139405 	 2.140535
0.08201026 	 2.9322348
0.12994127 	 2.9691465
0.098472364 	 3.2054317
0.11695859 	 1.8382438
0.062516995 	 2.616589
0.063177794 	 2.9674797
0.025135562 	 3.0807428
0.02936244 	 1.8664565
0.05621311 	 2.9340613
0.0691556 	 1.781213
0.07362457 	 2.8873484
0.036363114 	 1.9163845
0.055065732 	 2.1519408
0.020615505 	 1.8151226
0.048667815 	 1.5962694
0.043063924 	 1.2023185
Summary
-9.5367386e-07  -  0.52508867 ,  0.6153886  -  13.815511
accuracy:  100.0
equal predictions:  0
TensorFlow version: 1.13.1
Found 939 images belonging to 1 classes.
argN = 196
argN = 196
0.10379357 	 3.1188338
0.183789 	 2.343584
0.23249416 	 3.3168955
0.07886309 	 2.8654861
0.113344386 	 2.180385
0.5024652 	 2.899035
0.26145807 	 2.4195466
0.14351095 	 2.5693092
0.075816005 	 1.406986
0.05593654 	 2.280898
0.047248382 	 3.0236754
0.07509206 	 1.2717402
0.07821119 	 1.8761288
0.102101244 	 2.3329122
0.0425235 	 2.6624987
0.11143971 	 2.324076
0.10824679 	 2.2395575
0.1560504 	 3.4589238
0.2638756 	 3.0929613
0.25042224 	 1.7752525
0.35097328 	 2.0167103
0.13825272 	 2.1117954
0.05236262 	 1.8763798
0.03636225 	 2.5327692
0.023365147 	 2.6391766
0.0149707645 	 2.1932623
0.005115278 	 2.968594
0.1112956 	 1.7740241
0.20501661 	 2.372218
0.2137091 	 1.6789876
0.05012818 	 2.3356946
0.25109747 	 2.7212288
0.1993794 	 2.8370807
0.1201055 	 2.771112
0.050892156 	 2.0402513
0.07965012 	 2.865665
0.035352074 	 2.5367148
0.1300211 	 3.105665
0.25339445 	 2.5867887
0.39756107 	 2.3091168
0.36480692 	 2.0545387
0.24521874 	 2.303452
0.32428095 	 2.728834
0.26434568 	 1.2125299
0.42533937 	 2.694061
0.20168588 	 3.4225886
0.10921943 	 2.1514544
0.1488914 	 2.2752693
0.124687344 	 3.4134254
0.13550806 	 2.6458645
0.116904855 	 2.175742
0.025840057 	 3.6682596
0.05067712 	 3.489154
0.043309566 	 3.940954
0.05060815 	 2.93905
0.030029071 	 2.1133945
0.046264485 	 2.2566402
0.13137624 	 2.3419764
0.059738707 	 3.078143
0.072506726 	 3.6642528
0.06870189 	 2.793456
0.16636877 	 2.9567873
0.09143366 	 3.2035236
0.07977296 	 2.2416348
0.025849782 	 2.5106947
0.04147291 	 3.2350347
0.031195844 	 2.1506875
0.07997077 	 2.40665
-9.5367386e-07 	 2.398988
-9.5367386e-07 	 2.4242241
0.04531767 	 3.4138744
0.2822056 	 2.0937688
0.10104423 	 3.2865725
0.029487664 	 1.6948225
0.03363808 	 2.306441
0.19260587 	 2.7774224
0.26215118 	 3.8869092
0.21239732 	 2.90732
0.122584224 	 1.1573151
0.18681517 	 2.963479
0.21907665 	 2.55759
0.16426298 	 2.0197496
0.15113793 	 2.6858933
0.17021365 	 2.593614
0.18132873 	 3.3934736
0.026421048 	 2.5419478
0.11865351 	 1.8992436
0.032334734 	 2.4839134
0.05760568 	 3.4719968
0.023711521 	 2.7113335
0.010255472 	 2.702633
-5.960463e-07 	 2.2307076
0.0051155174 	 3.1318083
0.02583871 	 2.1963432
0.00511408 	 1.9792736
-9.5367386e-07 	 2.9339077
0.015052387 	 2.305767
5.960466e-07 	 3.4801273
0.018513594 	 2.7542932
0.0051142597 	 3.9152515
0.012499764 	 1.5074927
0.017684221 	 2.134039
0.015423313 	 1.4012104
0.010239032 	 1.8090076
0.010255531 	 2.0152435
0.00511408 	 1.0908228
0.0 	 1.1683172
3.3974704e-06 	 2.0821178
-9.5367386e-07 	 2.1138933
-8.344647e-07 	 1.8355496
0.00511408 	 1.4426342
0.015070419 	 1.5786859
0.010255472 	 2.0553153
0.031119041 	 1.3816252
0.015400615 	 1.2062099
0.0328427 	 2.0552413
0.015413931 	 1.5918013
0.02588905 	 2.3220913
0.020578694 	 2.5041118
0.03428043 	 0.7960372
0.0104328925 	 1.679177
0.013438352 	 0.98827124
0.015423434 	 1.6603173
0.005106591 	 1.5158254
0.01039802 	 1.6783967
-9.5367386e-07 	 2.878831
0.00511408 	 1.8634102
0.015209479 	 1.3007174
0.0017964874 	 1.8202635
-9.5367386e-07 	 1.9234952
0.0051120427 	 1.4573836
0.010255171 	 2.204799
0.00511408 	 1.3457204
0.014451172 	 2.0004904
0.0051113837 	 2.5960972
-9.5367386e-07 	 2.0106778
-5.960463e-07 	 1.8769891
0.012425168 	 1.3641739
0.010256134 	 1.6694134
0.015423434 	 2.1870315
0.005122647 	 2.0347295
-9.5367386e-07 	 3.3319502
0.015423252 	 2.2293577
0.006915585 	 1.1218415
0.009408067 	 1.1507759
0.0054933834 	 1.5596792
-9.5367386e-07 	 2.3879454
0.00511408 	 1.3860621
0.010255592 	 1.9018517
0.010255472 	 1.2864289
0.010255472 	 2.860035
0.015423373 	 2.7130284
0.004642338 	 1.109158
0.00511408 	 1.6607398
0.01025511 	 1.5362878
0.005133491 	 1.3863745
-9.5367386e-07 	 2.3856177
0.00511408 	 2.0721064
0.01541381 	 1.5892746
0.019090647 	 1.7301762
0.015271513 	 1.6967092
0.0009657634 	 1.853911
0.00511408 	 1.3382032
0.01412389 	 2.701632
0.010255171 	 2.1369967
0.015375858 	 1.5057008
0.0051714755 	 2.1716714
0.00511396 	 1.7766172
0.013583107 	 1.4155841
0.031805243 	 1.5112067
0.025840119 	 1.3258796
0.020465469 	 2.152471
0.023295045 	 1.2378342
0.025310814 	 2.5332773
0.020618 	 3.487496
0.0101762265 	 1.8505628
0.00922048 	 3.1915903
0.005118992 	 1.8078393
0.0103014195 	 1.7128054
0.005146731 	 1.4868472
0.00511408 	 0.9072328
0.01186944 	 1.5882467
0.010255472 	 1.3967369
0.00511408 	 1.1044116
0.005114739 	 1.3337206
0.0051229466 	 1.7615988
-9.5367386e-07 	 1.4779707
0.010209766 	 2.8299482
0.02521808 	 1.7214903
0.0068207607 	 1.5171463
0.008127849 	 1.5967622
0.018535089 	 1.5636184
0.0099273315 	 1.242012
0.0059217564 	 0.91335094
0.010828801 	 1.3317837
0.026349567 	 1.7641668
0.010353754 	 1.9759325
0.014627526 	 1.1968849
0.029447332 	 1.3657405
0.09358518 	 1.9981956
0.091387615 	 2.6114602
0.14949036 	 2.1732738
0.09563567 	 2.14305
0.12693734 	 1.4590489
0.116702214 	 1.2889202
0.053414658 	 2.4099183
0.05776872 	 1.8896358
0.043805454 	 2.1426098
0.036366574 	 2.1437097
0.030608632 	 1.537152
0.015423434 	 13.757615
0.015423434 	 2.28953
0.00511408 	 3.0697215
0.026083095 	 3.4863093
0.02061587 	 3.234953
0.031087374 	 2.713005
0.010254568 	 2.6782768
0.010256676 	 1.9325138
0.0024799434 	 2.3877099
0.010177672 	 1.2151273
0.015423434 	 1.5013018
0.015423434 	 2.1425343
0.015423434 	 2.3335435
0.0051083285 	 2.278382
-9.5367386e-07 	 2.2801669
0.00511408 	 0.68250996
0.019822992 	 0.9667418
0.015423434 	 2.5980568
0.020617938 	 4.573886
0.047004957 	 2.9755104
0.057547722 	 2.7931738
0.079425715 	 2.3474598
0.04702876 	 2.6326425
0.036366574 	 2.4448917
0.015423434 	 4.1794376
0.04167162 	 3.486327
0.031089528 	 1.3471996
0.03769252 	 3.1986113
0.032017056 	 3.4398484
0.020620434 	 1.7215956
0.037190378 	 3.7376764
0.018665887 	 2.5702958
0.010255592 	 1.9819483
0.06413596 	 2.6393185
0.2552316 	 2.360457
0.068087585 	 4.131625
0.0740779 	 1.8377262
0.12354124 	 4.584864
0.052248817 	 3.4863503
0.063177794 	 1.8170339
0.051934984 	 2.3130918
0.039150015 	 2.1424432
0.029361397 	 1.9750781
0.0052593728 	 3.4863229
0.010255472 	 1.099481
-9.5367386e-07 	 1.0650609
0.008159758 	 2.984997
0.00511408 	 2.069682
0.028201055 	 1.9455882
0.010255531 	 2.4977973
0.015423252 	 1.8989848
0.101963885 	 2.4971004
0.088950664 	 1.8784041
0.13198946 	 1.1100197
0.057741188 	 3.4847412
0.036360025 	 3.0777092
0.00511408 	 1.9812884
-9.5367386e-07 	 2.4666147
0.010255351 	 2.5700378
0.010242946 	 3.486319
0.030403323 	 2.4448943
0.014689764 	 2.3809724
0.015348863 	 1.1666963
0.025840178 	 1.0884949
0.07539133 	 2.8778534
0.07124091 	 0.9235864
0.12423884 	 4.1923823
0.11380432 	 2.7915366
0.20113458 	 2.3735473
0.17668946 	 1.9076568
0.18361825 	 1.8542707
0.17375273 	 2.4902184
0.20482492 	 2.6530771
0.17737746 	 1.6444145
0.09979857 	 2.4374406
0.136882 	 2.5803542
0.13242356 	 2.149148
0.12218509 	 1.9042345
0.13521147 	 1.615327
0.082604244 	 1.6620969
0.115728356 	 2.0048926
0.09776872 	 0.76565665
0.09892742 	 1.6258609
0.11885964 	 1.7816013
0.052090634 	 2.565327
0.05236689 	 1.1718684
0.06862739 	 2.2944717
0.020618485 	 1.6481268
0.0174935 	 1.8416803
0.036358416 	 2.1197724
0.019804694 	 1.4326451
0.011462388 	 2.7421854
0.010256977 	 1.3400255
0.045803007 	 2.566309
0.06474072 	 2.4123135
0.040561467 	 1.897181
0.06738133 	 2.4821193
0.07394375 	 3.8188472
0.06217474 	 3.3329134
0.047046065 	 3.0801966
0.035371464 	 2.6993515
0.030985374 	 3.1987207
0.05975339 	 1.7550722
Summary
-9.5367386e-07  -  0.5024652 ,  0.68250996  -  13.757615
accuracy:  100.0
equal predictions:  0
