TensorFlow version: 1.13.1
Found 939 images belonging to 1 classes.
argN = 196
argN = 196
0.668006 	 0.89322656
0.7484719 	 1.5098892
0.28875005 	 0.62494373
0.21895579 	 0.5199002
0.3246679 	 0.80269235
0.06250164 	 0.62124765
0.08570232 	 1.3775903
0.053685308 	 2.5251176
0.36216837 	 0.99565655
0.46153462 	 1.2370036
0.4236452 	 0.8947207
0.38501808 	 0.95657194
0.5876582 	 1.166333
0.47859326 	 0.75854665
0.3840798 	 1.0615836
0.49285617 	 1.4106008
0.407339 	 1.3193511
0.25138092 	 0.8869024
0.34292352 	 0.9967029
0.3563373 	 0.90996206
0.3297188 	 0.9935783
0.0818037 	 2.5083768
0.022637215 	 4.1794724
0.009284549 	 1.6362373
0.036788717 	 0.91548854
0.0849769 	 1.2911612
0.4069892 	 1.161263
0.5380543 	 1.1621486
0.93444794 	 0.7865768
0.70809513 	 1.0634487
0.6437572 	 1.3742329
0.6462061 	 1.5634339
0.8721711 	 0.40606195
0.52983016 	 1.6008523
0.84958947 	 1.2805433
0.8852935 	 0.41440773
1.3448083 	 1.4697905
1.024146 	 0.8385395
0.9472006 	 0.5589703
0.5237368 	 1.2217118
0.376622 	 0.4901962
0.38434556 	 0.7025647
0.39224285 	 0.52127796
0.31689128 	 0.604563
0.21639757 	 0.8097441
0.16749169 	 1.0858757
0.06999581 	 1.6108427
0.03632646 	 1.4228686
0.10213722 	 1.0659648
0.23075068 	 0.6172021
0.054149117 	 2.4538245
0.17721833 	 0.9541091
0.43687648 	 0.58714515
0.35847118 	 0.7348237
0.35815033 	 0.94218934
0.43613592 	 0.95630324
0.54857373 	 0.88999164
0.39725778 	 0.5730068
0.20291802 	 1.0649209
0.1300156 	 1.6477394
0.024617627 	 0.8664071
-9.5367386e-07 	 0.5901202
0.00511408 	 2.033624
0.014690067 	 1.1691579
0.6794977 	 0.97220767
0.6774612 	 0.81559205
0.6416874 	 1.1946455
0.5393103 	 2.2834268
0.47927287 	 0.9001935
0.49936968 	 0.77824354
0.49405098 	 0.8059259
0.58636606 	 1.5159942
0.5187877 	 1.605243
0.5585074 	 1.8319163
0.31284112 	 1.0897791
0.33432636 	 0.7856098
0.3778619 	 0.64682776
0.40095484 	 0.49837953
0.35322776 	 0.4674283
0.34971783 	 0.61761963
0.19350627 	 0.8629709
0.07902034 	 2.0545015
0.05542629 	 1.3976656
0.33164158 	 0.9205974
0.26144353 	 0.70346487
0.2998463 	 0.91782796
0.16625798 	 1.594099
0.23637259 	 0.55149585
0.22376436 	 1.0138798
0.38941336 	 0.6784566
0.49083203 	 0.9993521
0.52270395 	 1.1160953
0.19459601 	 1.3542725
0.13731338 	 1.3242058
0.16107401 	 0.70501477
0.1791941 	 1.1111186
0.27320114 	 1.0856265
0.19530043 	 1.2102528
0.28605953 	 1.0139358
0.21399352 	 1.4243146
0.16168752 	 1.7757721
0.110273354 	 1.0893178
0.087824084 	 1.2518493
0.19839941 	 2.1238015
0.11224215 	 1.0540302
0.08008487 	 2.4540644
0.20175041 	 1.7826412
0.108528376 	 2.0790179
0.12683752 	 1.1042881
0.10547055 	 1.5260453
0.15175474 	 1.5723832
0.13280536 	 1.9326036
0.14700411 	 1.3888676
0.14608777 	 1.9943353
0.18877055 	 1.3741468
0.12963228 	 2.3109365
0.13781047 	 1.5397243
0.123669796 	 1.3847889
0.17725733 	 1.3347286
0.18495777 	 2.0242965
0.16886473 	 1.5287461
0.16288957 	 0.6719731
0.19796297 	 1.4519134
0.2004666 	 0.8547514
0.22257432 	 1.404005
0.18702269 	 0.6169523
0.3282105 	 1.2416431
0.28258774 	 1.3182597
0.29138944 	 1.147199
0.27574754 	 1.0174533
0.29252726 	 0.9832442
0.27370408 	 1.270991
0.30659077 	 1.0709215
0.31528324 	 1.0364377
0.30582973 	 1.1348903
0.27941012 	 1.0635272
0.3032542 	 1.2012553
0.28082842 	 0.7655236
0.20280735 	 1.3967866
0.20086727 	 1.1787207
0.18957959 	 0.65379524
0.1728834 	 0.97687316
0.15297921 	 1.369246
0.16548198 	 1.3950197
0.14851482 	 1.5173396
0.1265945 	 1.3585061
0.12275908 	 1.2541081
0.17174713 	 1.5521172
0.10759948 	 1.4002697
0.1399906 	 1.3898625
0.1223033 	 1.6286125
0.119698755 	 1.2989924
0.1141301 	 1.5809357
0.1446268 	 1.6267414
0.18574952 	 0.98631984
0.1465831 	 1.4468727
0.0957088 	 2.014792
0.14268428 	 1.769955
0.14250419 	 1.7861679
0.113504216 	 1.4194112
0.123519056 	 1.6538731
0.14095016 	 1.9544241
0.0846462 	 1.5776446
0.09273931 	 1.4440387
0.13352956 	 1.0950612
0.08337317 	 1.5884017
0.19590414 	 1.4359465
0.19516356 	 1.3080655
0.15863469 	 1.5686828
0.15480448 	 1.464231
0.14540607 	 1.2454911
0.19511575 	 1.4510013
0.1936134 	 1.5180974
0.15081954 	 0.9486834
0.15980315 	 1.8309845
0.16916032 	 1.2912292
0.13480584 	 1.6819402
0.1301223 	 1.455727
0.13419755 	 1.2476319
0.10277526 	 1.3159319
0.08775394 	 2.022175
0.09967943 	 2.1877294
0.08880689 	 1.6669308
0.076903574 	 1.320515
0.1003074 	 2.0675068
0.04410516 	 2.2277508
0.061236065 	 2.5365708
0.060119625 	 1.0008616
0.05441682 	 2.4115906
0.04479385 	 2.1389368
0.0671413 	 2.2180085
0.18433097 	 1.7516022
0.2177155 	 1.5949335
0.107337 	 1.8876606
0.11424202 	 1.1011567
0.07835158 	 0.98593247
0.10638342 	 1.6753132
0.13348562 	 2.2437289
0.1419886 	 1.0993465
0.15979755 	 1.2485383
0.14670244 	 2.0976727
0.124778435 	 1.2513373
0.12905358 	 1.4601667
0.18490735 	 1.0765693
0.20150423 	 2.3748035
0.15149462 	 2.2843459
0.17654806 	 1.5199763
0.15991743 	 0.732766
0.09541467 	 1.843816
0.10746999 	 0.50725836
0.09248455 	 2.2994447
0.11775259 	 1.7241169
0.10233027 	 0.59838605
0.069776185 	 1.0726128
0.12912533 	 1.3751116
0.067808606 	 0.34277496
0.08184472 	 1.1856216
0.13054472 	 0.7705031
0.07541582 	 1.3402876
0.12896407 	 0.32220426
0.16615191 	 2.0119023
0.16613206 	 0.73469234
0.13080685 	 1.341285
0.12205417 	 1.5424361
0.1172596 	 1.4324665
0.11961968 	 2.0850244
0.23604415 	 0.82029223
0.50964266 	 0.78775084
0.43975395 	 1.5046225
0.32197738 	 0.7929251
0.16494586 	 0.70109355
0.16926579 	 0.8849922
0.18768132 	 1.5430137
0.18276721 	 0.5438748
0.1848583 	 1.6600217
0.14503217 	 0.9244885
0.14167319 	 0.4598073
0.12647402 	 1.9437822
0.13324335 	 1.3470215
0.11426039 	 0.3918796
0.13265984 	 1.7103585
0.23027888 	 0.77579504
0.24359287 	 0.9685771
0.1496245 	 1.0880376
0.113075785 	 0.4632255
0.12244415 	 1.2501816
0.13863161 	 1.0615804
0.17737582 	 1.6308409
0.17214495 	 1.2278205
0.11279705 	 1.3865134
0.14678499 	 0.8326905
0.14819804 	 1.5655112
0.17931373 	 0.7931363
0.20760363 	 1.020917
0.24341707 	 1.2323362
0.22326902 	 0.98955005
0.27195975 	 1.2629933
0.27342904 	 0.8519613
0.20338543 	 1.6293133
0.21150488 	 0.6068131
0.20365027 	 1.1718217
0.23455217 	 1.076939
0.17281559 	 0.92627853
0.1641487 	 0.7663062
0.35749307 	 1.2351451
0.31059253 	 1.3511744
0.40179157 	 1.1172268
0.36584523 	 0.90773475
0.38162175 	 0.7997335
0.31164512 	 1.117848
0.2041463 	 1.6515337
0.14235277 	 0.4506818
0.17296617 	 1.6320927
0.10362272 	 0.7331514
0.10456408 	 1.0580667
0.0962525 	 1.2677495
0.13477965 	 1.8592309
0.15623915 	 1.3297373
0.05876679 	 1.1779343
0.0804461 	 1.0123897
0.0943979 	 1.0287199
0.10916571 	 0.5173718
0.10897288 	 1.0640938
0.14366886 	 0.649631
0.17597654 	 1.3884975
0.27106118 	 0.95479333
0.25507635 	 0.534855
0.2781465 	 1.158779
0.26114908 	 0.5759924
0.40761817 	 0.47802415
0.36237216 	 1.1399441
0.35660344 	 0.5265076
0.3388071 	 0.9761239
0.30137148 	 1.420521
0.2740869 	 1.3268358
0.14269033 	 0.9176356
0.13474357 	 0.37686837
0.093363255 	 0.517567
0.13490024 	 0.51907945
0.11907884 	 1.2568483
0.07393637 	 1.0428491
0.083623275 	 1.4169109
0.079635985 	 1.4487411
0.07043975 	 1.6151372
0.069475845 	 1.1408204
0.09535605 	 0.98041844
0.09987675 	 1.3980744
0.067272246 	 1.169148
0.027172014 	 1.5423174
0.015197315 	 1.7268748
0.041423958 	 1.0923438
0.031075139 	 1.2010604
0.049867325 	 0.892698
Summary
-9.5367386e-07  -  1.3448083 ,  0.32220426  -  4.1794724
accuracy:  98.4
equal predictions:  0
TensorFlow version: 1.13.1
Found 939 images belonging to 1 classes.
argN = 196
argN = 196
0.19064097 	 2.5207028
0.20025133 	 2.8433552
0.35150656 	 3.3307211
0.6849406 	 2.1855378
0.12183863 	 2.8758667
0.0901202 	 2.505712
0.08701311 	 2.3294709
0.1343491 	 1.3074499
0.14541578 	 2.0605624
0.15270045 	 1.6359553
0.16777848 	 1.7475181
0.21308771 	 1.5195174
0.21023798 	 2.3628027
0.13378803 	 2.8548496
0.11973859 	 2.5177693
0.2159165 	 2.1935046
0.31087068 	 2.122785
0.30303693 	 2.44048
0.43723035 	 3.080987
0.069018796 	 2.0057878
0.09102777 	 1.981771
0.03157822 	 3.273241
0.005971643 	 1.6153321
0.05221591 	 2.617144
0.10758016 	 4.5848174
0.17780052 	 2.1360788
0.4227262 	 1.4265848
0.35218066 	 2.24124
0.3137871 	 1.9121073
0.102090225 	 2.1838484
0.32450125 	 2.7655652
0.44790623 	 3.4477339
0.20666057 	 2.7894628
0.18231072 	 2.6154506
0.05237022 	 2.2335894
0.04128288 	 3.1974788
0.05354997 	 2.4571283
0.04747918 	 2.224006
0.056326102 	 3.1887393
0.15845883 	 2.6163034
0.096757494 	 2.004631
0.027313197 	 2.1845813
0.09496986 	 3.321386
0.08164511 	 1.9749204
0.010267215 	 3.0640204
0.0060199737 	 2.8697722
-9.5367386e-07 	 2.692654
-9.5367386e-07 	 4.178029
-5.960463e-07 	 2.712538
0.020618973 	 2.5869732
0.0372601 	 1.7513236
0.067671284 	 2.4907613
0.19559379 	 2.9745822
0.3264183 	 2.2880816
0.29964447 	 1.951864
0.03828063 	 2.0784783
0.05142413 	 2.3183198
0.14446598 	 2.6655514
0.13191384 	 2.6333516
0.43447894 	 3.3406355
0.23007584 	 3.0992203
0.36881042 	 2.4885085
0.25067326 	 2.516916
0.06838706 	 2.8815198
0.06317697 	 2.4904816
0.046642803 	 2.2581856
0.046869963 	 1.8737577
0.026156574 	 2.833693
0.028125769 	 2.6883063
0.06651279 	 2.6331773
0.039109293 	 6.607318
0.010303106 	 2.8500092
0.020550158 	 2.8623974
0.0558512 	 2.3602195
0.012354018 	 2.6239471
0.010255472 	 2.413538
0.021574048 	 3.801337
0.027774187 	 2.751841
0.016845351 	 3.2392673
0.014843109 	 2.2116992
0.028009051 	 1.5582346
0.020602666 	 1.9106538
0.024820285 	 1.8749311
0.023836223 	 1.9434196
0.010266612 	 2.9730136
0.020618243 	 2.0999796
0.015323865 	 2.2294402
0.015675941 	 3.4395602
0.016028868 	 1.2372026
0.010255472 	 1.529872
0.0146638155 	 1.3087956
0.0040881042 	 1.2307355
2.9385521e-05 	 1.3704219
0.00511408 	 3.1461124
0.00511408 	 1.49874
0.01900347 	 1.9630978
0.00511408 	 2.7232602
0.020618243 	 3.66861
0.0051142597 	 2.5043976
0.0363667 	 2.5799592
0.03636089 	 1.8005675
0.038660087 	 2.4334557
0.025137825 	 2.0197082
0.012518594 	 2.8839443
0.027221441 	 1.5698534
0.027432283 	 2.7285364
0.032901954 	 1.4454545
0.019859958 	 1.529095
0.015384453 	 2.2755523
0.010255472 	 1.8123698
0.016252508 	 2.1502938
0.009946113 	 2.7685156
0.010519748 	 2.7131453
0.024671083 	 2.3807063
0.00511408 	 2.1984315
0.010255773 	 1.4630613
0.010215969 	 1.9132148
0.00511408 	 2.146566
0.021193711 	 2.4668872
0.036129985 	 2.1692672
0.01934791 	 2.046102
0.03576934 	 1.4279279
0.023100322 	 1.6465576
0.02289033 	 2.0754523
0.028121233 	 3.1101966
0.034291595 	 1.3406707
0.025548343 	 4.1770883
0.011744533 	 1.9780991
0.00511408 	 2.4960012
0.0067419675 	 1.7371905
0.015414536 	 1.4898564
0.007490125 	 1.2104057
0.010259386 	 1.5332465
0.013813998 	 1.6619011
0.0094495835 	 2.2889032
0.0068631307 	 2.2930403
0.0052072443 	 1.0649616
0.008980604 	 1.4378434
0.010255592 	 2.7130654
0.00511408 	 2.6951575
0.010255472 	 1.6457957
0.020618243 	 2.3860161
0.03108387 	 2.140119
0.03730947 	 2.579625
0.03637424 	 2.233525
0.025840178 	 1.8900973
0.031051528 	 2.9755023
0.025852902 	 2.2749705
0.016195625 	 2.5230236
0.041743953 	 2.099926
0.020619277 	 3.3222103
0.020351468 	 1.5296031
0.010255712 	 1.6512285
0.016603518 	 2.9666052
0.015423434 	 1.9051005
0.02587651 	 2.9297745
0.015423434 	 1.6117218
0.010255592 	 2.4867053
0.010199711 	 2.9755127
0.031089528 	 1.9119561
0.021910237 	 2.2202775
0.031296637 	 2.8473346
0.030271104 	 2.660252
0.021326866 	 0.8819667
0.01025481 	 1.1349778
0.030425321 	 1.5096694
0.06737457 	 1.2871703
0.045555256 	 2.4025676
0.036792368 	 1.1804389
0.027863603 	 2.272289
0.037572764 	 3.4851964
0.008457262 	 2.2683024
0.028016714 	 1.7039981
0.013493388 	 2.9108455
0.024286268 	 1.5769142
0.012742297 	 1.1341318
0.010380253 	 1.6881363
0.0029696766 	 1.6115595
0.011389377 	 1.8477739
0.015925666 	 2.467952
0.02240501 	 1.6700997
0.008614344 	 1.7190534
0.025681958 	 2.6205542
0.045664493 	 1.6025554
0.010417294 	 1.0044223
0.02359135 	 1.7827716
0.030030485 	 1.9048245
0.026276195 	 1.1991961
0.0165431 	 1.3400675
0.010059959 	 1.4294317
0.014122681 	 2.5975018
0.14296295 	 1.8892256
0.18076183 	 1.6363419
0.1695117 	 2.1019676
0.18052419 	 1.5370564
0.26034018 	 1.2517128
0.08232275 	 2.4358294
0.052366767 	 2.5064924
0.02061812 	 3.0792112
0.020618303 	 3.4289165
0.031092416 	 3.668638
0.04420751 	 2.5045106
0.041479312 	 3.6590395
0.03151695 	 3.080865
0.041741032 	 2.7880611
0.041543245 	 2.432778
0.046094324 	 3.199023
0.046278283 	 2.7644918
0.025840178 	 2.0906465
0.030743662 	 4.170263
0.020618 	 2.5696688
0.025943492 	 1.8207685
0.04504734 	 2.1887305
0.01536581 	 2.6382873
0.020618668 	 4.1665616
0.015394258 	 5.277884
0.020618243 	 2.5825503
0.04549593 	 1.9764283
0.020149957 	 5.2779193
0.057728305 	 3.1984127
0.18499455 	 2.3646467
0.21776944 	 2.483791
0.107628286 	 2.1868637
0.05236683 	 2.63871
0.04699296 	 2.3992
0.038357362 	 2.0573308
0.041932955 	 3.3351235
0.087733306 	 2.6919596
0.12095863 	 2.3112648
0.08821664 	 0.91776246
0.34804714 	 2.3236434
0.18905206 	 2.2335727
0.14640762 	 2.1110702
0.09069566 	 2.8764358
0.08563635 	 2.6399138
0.0853793 	 3.3272161
0.10812618 	 2.4135613
0.107623175 	 2.876018
0.07412431 	 2.2709074
0.05236689 	 2.342251
0.04876888 	 1.0382273
0.05103547 	 1.5945262
0.06317703 	 3.1806707
0.027298495 	 1.4984266
0.025840178 	 2.3873522
0.010255472 	 2.5627606
0.022006014 	 1.974081
0.010893274 	 2.1421707
0.0031649433 	 5.2779193
0.02549484 	 2.5700512
0.03080894 	 3.8118775
0.039572716 	 2.5525615
0.03628134 	 1.7828745
0.06867648 	 2.2290668
0.14184876 	 2.8799822
0.17082877 	 2.3883038
0.18893872 	 2.56863
0.21588343 	 1.9034232
0.2474455 	 1.8513076
0.15653773 	 1.493258
0.14854683 	 1.6004449
0.12221183 	 0.7987232
0.062058423 	 1.694545
0.031109633 	 4.1899753
0.052362997 	 5.2777557
0.025840301 	 1.6560564
0.010255531 	 3.332177
0.015117496 	 3.8917718
0.015450794 	 3.892897
0.015419076 	 4.0181127
0.026364315 	 2.5052376
0.035098314 	 2.109702
0.034905292 	 1.4661375
0.03103954 	 2.145416
0.043964576 	 3.3978713
0.041191198 	 3.8889458
0.06318097 	 1.9100072
0.11998204 	 3.3174398
0.14538436 	 2.535741
0.14247909 	 3.4854705
0.15869811 	 3.8518026
0.24370314 	 1.7884586
0.29073668 	 2.5320778
0.26977348 	 2.0033417
0.28486824 	 2.2788122
0.2845921 	 2.1651208
0.33023432 	 2.146647
0.23585261 	 1.7720813
0.21824272 	 1.9584268
0.18187693 	 1.942479
0.27055675 	 1.3097324
0.22553647 	 1.33237
0.25587875 	 1.2942792
0.19755372 	 1.7958425
0.20098554 	 1.9779229
0.06856228 	 3.4858754
0.0810091 	 3.084127
0.0417447 	 1.9822286
0.047007456 	 3.6652746
0.0544785 	 1.6170723
0.036369048 	 3.2529674
0.0267102 	 1.7150376
0.04700227 	 3.6628907
0.020734405 	 2.5603914
0.05162583 	 1.6484153
0.047650825 	 2.0216398
0.0658857 	 3.128951
0.1195347 	 2.0293548
0.091009945 	 1.0936095
0.079389386 	 1.8142649
0.09532825 	 1.7190527
0.08462039 	 2.1481776
0.08895731 	 2.6374137
Summary
-9.5367386e-07  -  0.6849406 ,  0.7987232  -  6.607318
accuracy:  100.0
equal predictions:  0
TensorFlow version: 1.13.1
Found 939 images belonging to 1 classes.
argN = 196
argN = 196
0.26253033 	 3.1247962
0.29295266 	 2.415965
0.6803857 	 1.9804602
0.5095855 	 2.9981575
0.39012372 	 3.090994
0.24099603 	 2.8591933
0.2787979 	 3.5434597
0.19125102 	 5.742545
0.12807468 	 1.4715773
0.08718986 	 3.4144669
0.11816699 	 2.9142118
0.16626318 	 2.3502584
0.13212904 	 2.905215
0.1361892 	 2.6743429
0.17235653 	 1.7493914
0.3211119 	 1.2502347
0.11473352 	 2.19958
0.22679712 	 2.4353032
0.27889177 	 2.4839377
0.17353532 	 2.3301208
0.23962943 	 2.2412755
0.25315586 	 4.237853
0.38252413 	 2.2628045
0.43545264 	 2.5026321
0.49425888 	 2.111697
0.40722132 	 3.19457
0.2962986 	 2.8730505
0.2271556 	 2.3703659
0.22953019 	 2.2450294
0.06853993 	 2.7498367
0.0577374 	 2.4286036
0.0016690107 	 3.0807545
0.005069268 	 2.3099012
0.28735876 	 4.056825
0.4798239 	 2.2117178
0.5515616 	 2.177935
0.22122686 	 2.1455674
0.26013976 	 2.4448771
0.1322747 	 3.4695928
0.64292204 	 2.188444
0.41593724 	 3.1757917
0.32496044 	 2.7450314
0.3154304 	 1.9753492
0.1914428 	 2.6733847
0.5257257 	 2.2334733
0.6365624 	 2.0590432
0.5348035 	 2.0505376
0.30121914 	 3.4480972
0.17222418 	 2.287549
0.3121874 	 1.8973857
0.31881684 	 2.1086102
0.1824004 	 1.6529584
0.075335674 	 2.5908334
0.07421893 	 3.4565887
0.061629217 	 2.0067973
0.10895559 	 1.9197191
0.101274595 	 2.3440256
0.15302241 	 2.6025085
0.08204152 	 2.3641274
0.11343538 	 5.1849527
0.09743442 	 3.320132
0.16957095 	 2.139838
0.30574575 	 2.8774574
0.29661462 	 3.023195
0.14178282 	 3.0040374
0.07202715 	 2.6264958
0.05235885 	 3.3327296
-9.5367386e-07 	 3.834083
0.0023070343 	 3.1148643
-9.5367386e-07 	 11.233859
0.19938266 	 2.2072217
0.10018873 	 3.3137498
0.5748835 	 1.8924886
0.50563085 	 1.9868793
0.16518137 	 2.2742743
0.07960326 	 2.7127697
0.14815414 	 2.8784757
0.29040334 	 2.0579646
0.45207292 	 2.1330724
0.4173234 	 1.5708599
0.37002304 	 2.0613613
0.36911392 	 1.5778947
0.24901389 	 3.0996356
0.20726347 	 1.72634
0.095744155 	 2.8715723
0.07441603 	 3.0349903
0.060303334 	 2.3918688
-9.5367386e-07 	 2.7174952
0.09183482 	 2.56413
0.08501389 	 2.2645743
0.032159664 	 1.779612
0.010244873 	 3.4028542
0.02005533 	 3.0603755
0.017686283 	 3.4429421
0.025840178 	 2.466496
0.026029503 	 3.3462136
0.044581372 	 2.911838
0.025839629 	 1.6795273
0.035007942 	 1.617785
0.039360166 	 2.8538115
0.024525447 	 1.4995775
0.015706275 	 3.7740488
0.009122791 	 1.1672281
0.005081369 	 2.6881502
0.00089321675 	 2.5022025
0.0052564964 	 2.3768778
0.0051573357 	 2.0399864
0.01550685 	 1.7995765
0.00511408 	 1.5169365
0.00994497 	 2.738091
0.025834307 	 2.4255948
0.010255472 	 1.3429258
0.020091027 	 2.157219
0.00511408 	 1.6868278
0.015423434 	 1.597922
0.01542295 	 1.8354529
0.030370267 	 1.4936856
0.05215669 	 1.4232365
0.030919284 	 3.331418
0.035541784 	 2.24427
0.020976996 	 2.5030441
0.045810245 	 1.7250873
0.04043038 	 1.8703691
0.029080803 	 2.067538
0.036368925 	 2.889668
0.06739606 	 1.9429628
0.028660797 	 2.9772198
0.03781706 	 2.3072186
0.034579147 	 1.238185
0.038980193 	 2.3760114
0.02814557 	 1.9987665
0.010255472 	 2.207515
0.025840301 	 1.4126396
0.031089466 	 2.880202
0.014659824 	 2.0288105
0.015400675 	 1.9650764
0.029792873 	 1.5432614
0.013014296 	 2.057482
0.015329615 	 1.3307995
0.03637084 	 1.8451128
0.010255472 	 1.6018612
0.0258192 	 1.9965357
0.020383464 	 2.9699838
0.019392941 	 2.054535
0.015487781 	 3.2933223
0.011962332 	 1.4253068
0.02585449 	 1.4314963
0.020618426 	 2.3126917
0.031297065 	 3.2238066
0.035405178 	 1.6811516
0.015423131 	 2.4448628
0.010255531 	 2.7931094
0.009505905 	 1.5026107
0.015644155 	 1.8798326
0.0057455534 	 1.7937082
-7.152555e-07 	 2.7216737
0.0010118238 	 2.0873141
0.0053001186 	 2.1886518
0.00028554702 	 2.4597816
0.0073765717 	 2.8890185
0.009916014 	 3.0561762
0.010254026 	 2.0756607
0.015428277 	 2.1240582
0.010255472 	 3.5054631
0.015272663 	 1.8049644
0.028974036 	 3.6372168
0.03168262 	 1.7626004
0.030942276 	 2.9684374
0.047004957 	 3.198633
0.033473384 	 2.6011531
0.04167162 	 3.2258003
0.04167162 	 3.420439
0.042076923 	 1.8428735
0.036247037 	 1.6596991
0.031089528 	 1.9811212
0.03278462 	 1.362349
0.025850454 	 2.1343637
0.040953342 	 2.502689
0.036329057 	 1.9530886
0.05236645 	 1.7302566
0.010262999 	 1.9788039
0.036002196 	 1.7668405
0.031315517 	 2.0819304
0.015366718 	 2.393897
0.019125216 	 1.5583524
0.025487931 	 1.4214005
0.05108095 	 1.2920961
0.041678082 	 2.3437984
0.032205828 	 3.092587
0.036406633 	 1.3464863
0.014427709 	 3.4878895
0.025891498 	 1.8750458
0.03890471 	 2.1722634
0.023855941 	 1.5324658
0.031163929 	 1.8299031
0.030249232 	 1.1646534
0.030875452 	 3.0526946
0.015681693 	 1.6340195
0.023775244 	 3.1990244
0.035703797 	 2.6548855
0.027134715 	 2.4451845
0.014581559 	 2.569981
0.030566473 	 3.1983411
-4.7683704e-07 	 2.5356894
0.025910093 	 1.7618417
0.022345763 	 2.1073873
0.024941886 	 1.3805403
0.025646428 	 2.1323874
0.13657422 	 2.3862305
0.2258995 	 2.2259898
0.1885184 	 1.9924444
0.20292182 	 2.0978389
0.028208595 	 1.4167438
0.04698959 	 2.9738286
0.037926447 	 2.6375947
0.036176585 	 2.1313431
0.025231773 	 3.1982636
0.014549989 	 2.272771
0.036091797 	 4.5517135
0.030047068 	 4.581459
0.020617938 	 2.1431422
0.023521295 	 2.7115667
0.027686493 	 1.9720061
0.046929367 	 2.5700371
0.020620676 	 4.581779
0.03827177 	 2.8787599
0.041670874 	 3.8917718
0.03635743 	 1.414513
0.21946199 	 2.3877287
0.101924546 	 3.0810752
0.07961462 	 3.5114489
0.074118786 	 4.0886226
0.06713895 	 3.1773174
0.09069141 	 2.3253605
0.07346881 	 3.4863017
0.07948012 	 3.8381853
0.077595785 	 1.7730366
0.063225985 	 3.4863229
0.14534596 	 4.952115
0.17721833 	 1.6535497
0.16612594 	 2.7121134
0.16163455 	 3.8917718
0.17426848 	 3.4862976
0.118787885 	 2.0381489
0.13010839 	 2.080274
0.105347626 	 2.7118316
0.09632818 	 2.142427
0.0628911 	 3.8914857
0.05777371 	 2.703454
0.041709773 	 2.967679
0.047003582 	 1.0073924
0.036713712 	 3.7853537
0.025860058 	 4.1108685
0.035440627 	 1.375421
0.014385381 	 1.1752104
0.030926047 	 3.8918185
0.027273871 	 2.755664
0.03102263 	 1.762034
0.020620799 	 1.669353
0.039335117 	 2.57411
0.0631736 	 3.8680177
0.07776379 	 1.5739682
0.08518159 	 3.6590233
0.1458703 	 1.1373268
0.21017332 	 1.983605
0.25466812 	 0.96621436
0.23688398 	 2.0047083
0.21949895 	 1.9378043
0.18006364 	 2.1262589
0.12265295 	 2.412638
0.106082745 	 2.9879556
0.068574145 	 2.7036586
0.02938067 	 2.2303343
0.062290505 	 4.022094
0.031089528 	 4.554044
0.04147633 	 2.8131754
0.04990542 	 3.6558719
0.06312065 	 1.3660436
0.10438344 	 3.079126
0.15947011 	 3.2612844
0.22626655 	 2.7149992
0.29537693 	 2.7659876
0.30753928 	 1.3462384
0.3315665 	 1.8005271
0.29803604 	 1.6291817
0.21531007 	 1.8091615
0.23020849 	 1.5723102
0.1774796 	 1.7209233
0.18840678 	 0.89143306
0.20281559 	 1.6797457
0.13867708 	 1.512972
0.20893486 	 2.1862395
0.1810328 	 1.9818186
0.15387033 	 0.9067222
0.16379027 	 2.0558949
0.12481753 	 3.1985688
0.082373746 	 3.4014027
0.06127371 	 2.6046073
0.06793746 	 4.1573286
0.06295915 	 2.0727177
0.07866602 	 2.0484052
0.05223362 	 3.7780938
0.062181022 	 1.7291709
0.062044278 	 2.8668182
0.124938145 	 3.5093646
0.11082836 	 2.508866
0.106006995 	 2.8136137
0.10830012 	 3.109204
0.06317887 	 4.1773796
0.07485795 	 1.5403858
0.0780058 	 3.6634972
0.08497028 	 3.3173032
0.090130635 	 2.1426039
Summary
-9.5367386e-07  -  0.6803857 ,  0.89143306  -  11.233859
accuracy:  100.0
equal predictions:  0
TensorFlow version: 1.13.1
Found 939 images belonging to 1 classes.
argN = 196
argN = 196
0.15721004 	 3.1221576
0.1294991 	 3.201933
0.50626296 	 1.9297196
0.63117206 	 1.8240675
0.5704237 	 1.7968762
0.46343544 	 1.8595313
0.28979567 	 2.146573
0.059890766 	 2.9551113
0.0893202 	 2.4433007
0.19449587 	 1.237958
0.067726195 	 2.7684405
0.14509211 	 2.105437
0.30823004 	 2.3629744
0.24655633 	 2.3427877
0.21639276 	 1.7092488
0.20554948 	 1.7936044
0.21936208 	 1.753806
0.24461156 	 4.168451
0.19656356 	 2.565679
0.34995088 	 2.475328
0.32060778 	 1.9066783
0.27008602 	 2.963867
0.015120643 	 3.66783
0.20225105 	 2.2513897
0.076454766 	 2.5273838
0.03471107 	 3.6685796
0.036052 	 2.8744116
0.01420762 	 2.423278
0.014192506 	 3.332172
0.016092708 	 2.8980334
0.060984142 	 2.467355
0.21661153 	 2.807726
0.20664239 	 1.6657557
0.3436396 	 1.7947304
0.041142754 	 2.2468612
0.12564734 	 2.2319582
0.26582605 	 2.250697
0.42889848 	 1.8799092
0.5929513 	 2.0242598
0.37760666 	 2.5225394
0.3912651 	 3.0061371
0.010255773 	 3.6516294
0.2997598 	 2.3218155
0.32578504 	 2.1220882
0.34398594 	 1.96907
0.23853606 	 2.1472228
0.1724925 	 1.8256718
0.03233775 	 5.03096
0.052255034 	 2.179039
0.054896966 	 2.0995684
0.14131203 	 1.4652694
0.1975182 	 2.5668218
0.22020651 	 3.7423034
0.1471389 	 2.0057914
0.08198937 	 4.1794257
0.042705994 	 2.9270918
0.07540046 	 2.4055066
0.09871431 	 3.0793602
0.07623326 	 2.178495
0.062846035 	 2.277053
0.103429824 	 1.8622372
0.18506993 	 2.6192174
0.12955262 	 2.7858186
0.08711221 	 2.7655792
0.058792073 	 2.5260897
0.07233306 	 2.6043713
0.09902567 	 1.8789258
0.0364899 	 3.259995
0.013282081 	 1.7692044
0.010255411 	 2.7897682
-9.5367386e-07 	 2.6502192
8.3446537e-07 	 5.2393117
0.010254568 	 2.6429324
0.022520404 	 1.9384522
0.2150011 	 2.432053
0.21199584 	 1.9638345
0.05243818 	 2.1093104
0.1245989 	 2.8102064
0.14620994 	 2.0458958
0.31074736 	 3.8241613
0.33867395 	 2.9727945
0.28585935 	 1.8699023
0.3251313 	 2.1335077
0.2731197 	 2.960371
0.09648984 	 2.2407143
-9.5367386e-07 	 1.3439757
0.053239692 	 2.8737752
0.07749736 	 3.0936632
0.055815715 	 3.4555914
0.0627245 	 2.166679
0.02583969 	 2.8169646
0.016395127 	 3.8355672
0.020618243 	 2.8081706
-9.5367386e-07 	 2.7694125
0.003891879 	 2.0455225
0.0419871 	 2.304401
0.020617634 	 1.863217
0.016929734 	 2.9621203
0.024393758 	 3.9427533
0.015371318 	 2.7116923
0.020615688 	 2.7916465
0.015417381 	 1.7830846
0.02129758 	 2.9858265
0.018206103 	 2.3699272
0.025614873 	 2.1690571
0.015037381 	 2.0789578
0.020590497 	 1.6481318
0.005411938 	 3.0775914
0.00511378 	 0.8815632
-9.5367386e-07 	 1.783424
-9.5367386e-07 	 1.5831177
0.0008005127 	 1.2226226
0.00511408 	 2.583764
0.00511408 	 0.9802135
0.011188519 	 1.1311873
0.020618243 	 1.7228012
0.031963207 	 1.813303
0.011183698 	 1.6416924
0.04421237 	 1.0492754
0.03108965 	 1.5362514
0.026336044 	 1.5005269
0.031089095 	 2.028134
0.06207472 	 1.8126284
0.05708776 	 2.712599
0.052349493 	 2.0562644
0.050307054 	 1.3286846
0.03606683 	 0.8525207
0.041477945 	 1.0688875
0.019156931 	 2.8270657
0.031096106 	 1.4886426
0.031043043 	 1.4658375
0.033678148 	 1.4722989
0.036366083 	 1.2229644
0.025840119 	 1.4849184
0.025840178 	 1.4929707
0.010248847 	 2.411221
0.03631985 	 1.4066991
0.0051142597 	 2.1817825
0.025840178 	 1.846915
0.01952057 	 1.8913686
0.010255472 	 2.473152
0.010233071 	 1.7225169
0.008501144 	 1.8969172
0.008174661 	 2.2417173
0.016130324 	 1.1019983
0.025860058 	 1.4520205
0.026119314 	 2.2110007
0.023383025 	 1.7803838
0.025849964 	 1.1175195
0.010527519 	 2.0767632
0.017476637 	 1.5509683
0.015425795 	 1.6620045
0.015485359 	 1.5215745
0.015426945 	 1.2199849
0.02552682 	 2.633578
0.015424402 	 1.6774765
0.010255472 	 2.0845861
0.010157681 	 1.2302331
0.0040191007 	 1.6582004
0.005111264 	 1.7672354
0.004029693 	 1.6412607
0.015032601 	 2.2854373
0.01528277 	 1.1565589
0.018932639 	 1.7824374
0.010437289 	 1.4712635
0.01562569 	 2.7927864
0.0052935868 	 1.0929499
0.010255472 	 1.3403398
0.005588202 	 3.0806546
0.036387037 	 1.1638446
0.025840178 	 2.130921
0.027605487 	 1.5393486
0.031088911 	 1.0747395
0.020618243 	 1.3666493
0.015415747 	 1.4049901
0.022776173 	 1.7257239
0.015423434 	 1.3460703
0.020262538 	 4.1794376
0.015423313 	 1.5485
0.02934507 	 1.5352385
0.022710746 	 1.4223746
0.00511408 	 1.8123183
0.011963236 	 1.6381576
0.010374893 	 1.3819196
0.015317934 	 1.2334822
0.017381169 	 2.4432952
0.020618426 	 1.5696037
0.020662175 	 2.0973082
0.030793943 	 1.1980597
0.005146492 	 1.2081137
0.01038995 	 1.709964
0.010230782 	 0.77037483
0.01470531 	 1.6407409
0.010253364 	 1.5692757
0.018377898 	 1.6485978
0.020619398 	 2.9735987
0.01050764 	 1.9483825
0.015423797 	 1.121223
0.023471013 	 1.7928945
0.028759249 	 0.8152094
0.00940927 	 1.846675
0.0150277 	 1.8760961
0.01473392 	 1.2693768
0.024400903 	 1.5357597
0.022179196 	 1.3307043
0.01730542 	 2.3394036
0.2318313 	 1.6406969
0.18515858 	 1.7132053
0.121894576 	 2.7930365
0.10677152 	 2.1827126
0.09135085 	 2.505644
0.041662857 	 1.5841984
0.020618243 	 1.4094521
0.015417381 	 2.2564511
0.035229262 	 5.255079
0.030140558 	 3.3321452
0.041746315 	 3.0806274
0.04154374 	 1.6506594
0.025840178 	 1.9460847
0.015423434 	 2.5085833
0.020618547 	 3.4364548
0.019771134 	 3.1763813
0.031052759 	 2.1663866
0.016427968 	 1.2391218
0.0068858163 	 2.6648643
0.020514384 	 10.983825
0.010493485 	 2.2822552
0.025844827 	 1.74158
0.029836595 	 1.1606256
0.025837304 	 1.2882073
0.031089528 	 1.4013206
0.025069064 	 2.2364697
0.04692381 	 3.2085462
0.09190055 	 2.3883018
0.43899792 	 2.0646966
0.11578283 	 1.955885
0.095179945 	 3.4816494
0.06528865 	 2.6320233
0.047012642 	 3.8916461
0.03097689 	 2.7930949
0.020866161 	 1.5312253
0.22989647 	 1.7450703
0.11913974 	 2.2813928
0.1253104 	 2.616448
0.11814365 	 2.1869469
0.118855014 	 2.7961218
0.06863173 	 1.919173
0.08501408 	 2.0185087
0.056519777 	 2.0925791
0.06862669 	 3.668638
0.052833296 	 2.7569938
0.047060624 	 13.815511
0.041670624 	 3.2087393
0.031149048 	 3.6743646
0.03661775 	 3.332177
0.025839139 	 2.2055278
0.031838223 	 2.3339372
0.031864192 	 2.6142654
0.044772223 	 2.6204517
0.047886092 	 1.7470857
0.031138472 	 3.4862666
0.025862994 	 2.2333176
0.15541923 	 2.7289965
0.2276257 	 1.7498509
0.20801173 	 1.5869606
0.2372817 	 1.9342972
0.3018689 	 1.4874648
0.22952981 	 1.420193
0.25942302 	 1.5079329
0.16283646 	 1.6093105
0.0738018 	 1.2880956
0.0832598 	 2.7965937
0.05236683 	 3.1985133
0.051093556 	 2.1687593
0.025837243 	 2.1843724
0.015423434 	 1.4975302
0.031011872 	 2.0589185
0.025833817 	 2.713157
0.016046856 	 2.514823
0.025130918 	 2.0949073
0.041702628 	 2.3299046
0.015584883 	 2.7078547
0.035928484 	 2.8778737
0.057761203 	 2.4396853
0.0937083 	 3.0820222
0.10639071 	 2.33342
0.1529838 	 2.9607956
0.19634593 	 1.7716571
0.28971165 	 1.5972004
0.26585302 	 2.263449
0.2813376 	 2.0121224
0.2637215 	 1.5461717
0.25259587 	 1.4811996
0.26034716 	 1.5468391
0.23558809 	 1.4738883
0.22854052 	 1.9171796
0.18185484 	 1.9198886
0.1756017 	 1.7169518
0.11895866 	 2.9726791
0.11773361 	 3.1986492
0.102658145 	 2.0937746
0.09829815 	 1.8532217
0.10182166 	 2.5586782
0.08710408 	 2.9957168
0.081303224 	 2.5964
0.117327824 	 2.8903651
0.111131795 	 2.357997
0.12598422 	 2.2457721
0.12702863 	 1.3971711
0.089122936 	 2.2491186
0.10773337 	 1.3967319
0.051227115 	 3.7882302
0.09183822 	 1.4848852
Summary
-9.5367386e-07  -  0.63117206 ,  0.77037483  -  13.815511
accuracy:  100.0
equal predictions:  0
