TensorFlow version: 1.13.1
Found 939 images belonging to 1 classes.
argN = 49
argN = 49
0.55330044 	 0.6958026
0.793628 	 0.40047842
0.26543307 	 0.64276695
0.1816276 	 0.2524962
0.5185377 	 0.49374154
0.19722733 	 1.2760729
0.19093066 	 2.536558
0.27527443 	 1.1618861
0.12900876 	 2.3114367
0.013030781 	 1.6556987
0.08304223 	 1.402349
0.5294911 	 0.96086305
0.2843382 	 0.85948807
0.39079267 	 0.9570469
0.7610035 	 1.2763009
0.7125545 	 1.4600153
0.68414307 	 2.306288
0.29848453 	 1.1301116
0.24936183 	 0.82351017
0.3123793 	 0.75446737
0.32521933 	 0.831775
0.36279017 	 0.775078
0.5784138 	 0.77539647
0.37485853 	 0.65400916
0.43559563 	 0.51781046
0.39169562 	 0.8239257
0.3882163 	 0.8285572
0.44223505 	 0.9840102
0.13775356 	 0.5768629
0.18055303 	 0.92470396
0.29215756 	 1.0545136
0.30724943 	 0.6654695
0.417145 	 0.82426625
0.7678443 	 0.93694055
0.3806524 	 0.5232692
0.5893493 	 1.659878
0.94822913 	 1.0053225
0.5582867 	 0.90578276
0.54087657 	 0.5086418
0.32005477 	 0.28236273
0.2480011 	 0.26852614
0.28774366 	 0.4458022
0.9414903 	 1.0772481
0.21915145 	 0.57956225
0.16949879 	 0.88471884
0.21796162 	 0.43358344
0.28585872 	 0.27177858
0.18659936 	 0.6212513
0.20973767 	 0.51465344
0.16483966 	 0.7398942
0.13110363 	 1.0834937
0.055351257 	 1.6177531
0.11522038 	 2.4674444
0.10583835 	 0.43081513
0.041908156 	 1.469686
0.044600256 	 2.023488
0.25392976 	 1.086228
0.33422512 	 1.7841346
0.51531494 	 0.95271045
0.491072 	 0.7994003
0.4052964 	 0.7361254
0.26797786 	 0.74341565
0.31429985 	 0.5027257
0.43081093 	 1.3428187
0.19896506 	 0.609949
0.056021515 	 0.8819246
0.0016765932 	 2.586909
0.0006533611 	 3.5282648
0.06616045 	 3.4444253
0.025599586 	 0.8366777
0.086433984 	 0.86999226
0.25623927 	 0.6627721
0.26492107 	 0.6650699
0.25745556 	 0.60936594
0.34923375 	 2.1804402
0.57905245 	 0.5017514
0.6731327 	 1.2724414
0.5235733 	 0.5797952
0.68262213 	 1.0282733
0.18988556 	 0.40762156
0.24739489 	 0.45184052
0.23385029 	 0.31644836
0.22463058 	 0.71469957
0.20464975 	 0.8333259
0.11479957 	 2.056461
0.0014973162 	 2.896427
0.11510755 	 0.91855997
0.114157364 	 1.9982669
0.09224052 	 0.60346234
0.25471932 	 1.3434234
0.32818544 	 2.240229
0.07739767 	 1.2406856
0.24254909 	 2.1796718
0.23077756 	 1.6402457
0.10086752 	 1.287706
0.09451503 	 1.238328
0.12123609 	 2.0431294
0.118483864 	 1.1324638
0.09869043 	 1.5826702
0.10250605 	 1.3041915
0.0071286126 	 1.9644961
0.005123965 	 2.6758714
0.15790075 	 1.6832188
0.08197462 	 2.1822104
0.030029625 	 1.1941051
0.036144387 	 1.4319161
0.037334032 	 2.3337138
0.07889438 	 1.5133531
0.10054649 	 1.9218409
0.042114533 	 1.7540082
0.03853123 	 1.5312518
0.02001562 	 1.4390689
0.07734846 	 1.2632284
0.08552914 	 1.7554753
0.028631294 	 1.4819595
0.05047963 	 0.9375956
0.074177966 	 1.204434
0.06633202 	 0.2720825
0.08919553 	 0.26084197
0.27048793 	 0.8543691
0.22654313 	 2.2032893
0.3501204 	 1.6470135
0.37019607 	 1.7232141
0.29511946 	 1.535226
0.26759145 	 0.7672835
0.22428636 	 0.27150056
0.17582375 	 1.510035
0.18891604 	 1.9008334
0.25606892 	 0.26805633
0.17006004 	 0.99979603
0.25130284 	 1.1273295
0.22969688 	 1.5860323
0.15304887 	 1.1664749
0.18812422 	 1.407462
0.15921944 	 1.2879871
0.21474898 	 1.1714224
0.25351724 	 1.6982404
0.15651248 	 0.99805826
0.075244546 	 1.0675676
0.14111859 	 1.504554
0.08148324 	 1.4781338
0.101661965 	 1.7135303
0.051970456 	 0.8597794
0.049192537 	 1.0776209
0.06773794 	 1.0032811
0.042387117 	 1.2051431
0.022689221 	 1.6173785
0.057199717 	 0.9756942
0.055607878 	 2.3576605
0.035984773 	 1.0866563
0.058681644 	 1.5173341
0.014011575 	 1.1582036
0.004447381 	 1.7387453
0.06271745 	 0.9533642
0.016572913 	 0.68033683
0.005922176 	 0.8718385
0.055829454 	 0.81336546
0.07637762 	 2.1013331
0.029223975 	 0.9559475
0.042039998 	 2.1606307
0.08300123 	 1.3500853
0.070411995 	 1.991112
0.044701412 	 1.7442971
0.06417727 	 1.4633613
0.07062146 	 1.9161167
0.08129476 	 1.4401777
0.10141278 	 1.8593694
0.061834507 	 0.9885613
0.15898491 	 1.4157273
0.05552722 	 1.7202609
0.077658586 	 1.43584
0.07705035 	 1.7693722
0.11315855 	 1.6153163
0.10733812 	 1.3215052
0.10314676 	 1.1849917
0.11236005 	 0.9257554
0.11837973 	 1.2372621
0.14737245 	 1.3461951
0.093397744 	 1.388384
0.106086396 	 1.4566983
0.091516934 	 1.700095
0.15497129 	 0.8176353
0.10018432 	 0.6991365
0.13983895 	 1.0747495
0.0850451 	 1.0196042
0.13507406 	 1.6372412
0.09223196 	 2.0933645
0.09639807 	 1.7591035
0.021113899 	 1.6637251
0.04247835 	 0.20752764
0.040265366 	 0.49769318
0.028584067 	 1.2436413
0.12728658 	 1.3495992
0.057799157 	 1.1895387
0.060358666 	 0.6367443
0.03373493 	 1.2745342
0.005027154 	 3.1707165
0.006620999 	 1.4815845
0.0035667175 	 1.2082987
0.0010179096 	 2.229192
0.0022101968 	 1.9527466
0.1397079 	 0.5542582
0.3590794 	 0.43097353
0.10551983 	 1.0096629
0.20266587 	 0.88312066
0.18046986 	 0.55507416
0.18559508 	 0.7500643
0.18587628 	 0.5831991
0.15765181 	 0.47203347
0.14534396 	 1.0063702
0.29107153 	 0.55302596
0.12871693 	 0.844604
0.09858603 	 0.9146414
0.20713177 	 0.81713074
0.093310386 	 1.6574099
0.16743672 	 1.3764342
0.1014963 	 0.66416204
0.019335452 	 1.0841123
0.040126313 	 0.79756427
0.0074060545 	 1.0096436
0.0016599955 	 1.8217539
0.017221794 	 1.1181111
0.0017278212 	 0.74439955
0.05492341 	 1.6955076
0.019146176 	 1.6876264
0.026670102 	 1.1366539
0.027406799 	 1.0125458
0.01378765 	 0.81272
0.06496777 	 0.77207375
0.026641332 	 2.0802846
0.21229215 	 0.83823013
0.3653801 	 0.75206316
0.14984411 	 1.1930805
0.09743278 	 0.3412862
0.099693656 	 1.5751989
0.09374437 	 0.5717832
0.1398395 	 0.8814072
0.21828507 	 1.1875961
0.21807481 	 1.1200087
0.10029 	 1.5966079
0.41673172 	 1.0413218
0.10827874 	 0.5440701
0.2898964 	 1.5363809
0.30932465 	 1.0835993
0.09861622 	 0.71490467
0.13578576 	 0.5766272
0.14103766 	 0.914077
0.07528169 	 0.3664951
0.08614432 	 0.6723081
0.055616572 	 1.7505507
0.025357032 	 0.67284155
0.04574629 	 1.5086797
0.043972984 	 0.6736367
0.036230102 	 0.82169473
0.06751268 	 1.7306279
0.071498565 	 1.1512836
0.13507454 	 1.6265565
0.16003144 	 1.2875938
0.14712052 	 0.65392125
0.024723748 	 2.2670407
0.10115752 	 0.66527206
0.08490344 	 0.709746
0.22449681 	 0.6979654
0.19512038 	 1.1842668
0.44984916 	 0.6790921
0.30134836 	 0.460498
0.2893356 	 0.39152148
0.3004899 	 0.42514277
0.12648228 	 1.4294733
0.16524008 	 0.9760374
0.23088402 	 1.623035
0.14578588 	 0.6928944
0.1290938 	 1.3665816
0.17330025 	 1.3797373
0.1189408 	 2.2427874
0.061567094 	 1.3665044
0.110945165 	 2.570199
0.0933253 	 0.6896519
0.051006682 	 1.9066867
0.09964097 	 1.8702275
0.17173743 	 0.7596439
0.0806611 	 1.855381
0.08074879 	 2.5816202
0.14636938 	 0.9336759
0.060799297 	 0.7798273
0.23778993 	 0.760041
0.18655476 	 1.1811457
0.18495446 	 0.7455938
0.2124512 	 0.4113881
0.35377872 	 0.5344713
0.14929193 	 0.501441
0.28179863 	 0.4544045
0.21694912 	 0.485348
0.3179173 	 0.26631498
0.24262582 	 0.44433242
0.33390152 	 0.42275023
0.32750103 	 0.6502633
0.30028012 	 0.49915805
0.24876864 	 0.94297796
0.32505894 	 1.3043101
0.20468433 	 0.6345771
0.16756871 	 0.3945068
0.019986432 	 0.66906244
0.0709345 	 1.2298365
0.15248063 	 0.8194901
0.09732628 	 0.5427986
0.23855974 	 0.88159484
0.13984889 	 0.6443045
0.29557845 	 0.7869864
0.20545952 	 0.6116355
0.43302009 	 1.0289073
0.39820608 	 0.24038458
0.3009184 	 0.6442167
Summary
0.0006533611  -  0.94822913 ,  0.20752764  -  3.5282648
accuracy:  97.4
equal predictions:  0
TensorFlow version: 1.13.1
Found 939 images belonging to 1 classes.
argN = 49
argN = 49
0.86966455 	 1.2999278
0.32745183 	 0.5467017
0.4176374 	 0.41691855
0.4592307 	 0.6055304
0.23972426 	 0.6161117
0.2910815 	 1.0317934
0.4664784 	 1.042628
0.40212005 	 1.6718061
0.17684245 	 1.1970086
0.18361288 	 0.32973188
0.123535246 	 1.2049006
0.12404524 	 1.0238547
0.066947415 	 1.4572241
0.103150524 	 1.6637745
0.049978666 	 3.0960774
0.06037937 	 1.0740978
0.14095703 	 0.67776287
0.04665067 	 0.87714607
0.11493048 	 1.3785647
0.39055923 	 0.87660986
0.41402695 	 2.1348681
0.3717512 	 1.0779586
0.52266425 	 0.8744964
0.2002171 	 0.8541104
0.6222828 	 1.862281
0.27078617 	 0.3741689
0.4935281 	 0.60591704
0.42350864 	 0.69713086
0.32314587 	 0.6434085
0.29154706 	 0.68820184
0.19491582 	 1.1773874
0.18961237 	 2.2292159
0.16593495 	 0.95028204
0.0045587462 	 1.3629053
0.0067204246 	 1.6001003
0.020150505 	 1.4331784
0.052540574 	 1.1961596
0.11040494 	 1.2766875
0.25676224 	 0.8081385
0.4488593 	 1.2240933
0.5948519 	 0.22588299
0.13905203 	 0.6272003
0.40749416 	 0.43946087
0.24198778 	 1.2413774
0.24349272 	 2.1287339
0.26394218 	 2.4564052
0.38728258 	 0.9407581
0.4644905 	 0.9128514
0.29407245 	 1.5249301
0.32574904 	 0.62672746
0.19735235 	 0.8871138
0.13527091 	 0.51638705
0.23763065 	 0.3533252
0.2117402 	 0.46139053
0.27345833 	 0.43449643
0.015159735 	 1.7607085
0.0047582164 	 1.7988203
0.31448498 	 1.5982788
0.14774509 	 0.8812201
0.16336094 	 0.48461825
0.21130164 	 0.6604131
0.4114164 	 0.47520426
0.31767288 	 0.8081257
0.21627021 	 0.67980325
0.065276936 	 0.6901615
0.08718491 	 1.742698
0.09915328 	 1.895721
0.0061397296 	 1.9026382
0.006949316 	 1.5953054
0.24640837 	 0.5953991
0.37011868 	 1.1175758
0.3771402 	 0.75625974
0.35916272 	 1.4836138
0.24190965 	 1.9392837
0.18263477 	 0.94991875
0.34789816 	 1.000214
0.2686317 	 1.4599837
0.4141668 	 1.8324257
0.3562309 	 0.62151945
0.2784545 	 0.52743256
0.16187544 	 1.2156937
0.21701007 	 1.0390122
0.15435152 	 1.3135725
0.045246758 	 1.4770591
0.08045114 	 2.1554825
0.30189306 	 1.9067842
0.10702761 	 1.6965176
0.12812927 	 0.4833844
0.18667501 	 2.3827584
0.008300565 	 1.0717592
0.043546427 	 0.75468206
0.055785272 	 0.7129969
0.22380947 	 1.5353248
0.15941188 	 1.1883477
0.0763957 	 1.366434
0.0016417861 	 1.9817424
0.024478657 	 2.3788295
0.00708215 	 2.5644243
0.14414407 	 0.9007346
0.058314607 	 1.6986392
0.24993157 	 1.2983829
0.16694659 	 2.460074
0.10549771 	 2.4880612
0.12418263 	 2.8082802
0.064095736 	 1.7829194
0.0353509 	 2.311988
0.032649864 	 1.7829449
0.002880725 	 1.6514446
0.0033817785 	 0.8159925
0.013435452 	 1.56725
0.02435412 	 0.78050303
0.028227909 	 2.279111
0.02345289 	 1.8999288
0.029449297 	 1.102938
0.04898532 	 1.6681529
0.11162403 	 2.4200318
0.075569056 	 1.8080857
0.102883264 	 1.5321424
0.11938989 	 1.35961
0.07817007 	 0.72770953
0.115234025 	 1.177214
0.15889883 	 1.6196252
0.1449969 	 2.232046
0.15944369 	 1.1054312
0.15174405 	 0.13920794
0.18333289 	 0.98706007
0.20490438 	 1.0977155
0.2525909 	 1.2700473
0.17620073 	 1.6613275
0.29620448 	 0.88787216
0.19120304 	 1.0136379
0.20405294 	 1.9996713
0.2951929 	 1.5239323
0.15932359 	 1.7153838
0.12499515 	 1.2491497
0.17667864 	 1.3326625
0.10309231 	 1.2537373
0.05615422 	 1.8806238
0.07208941 	 1.1092108
0.05276141 	 1.8242847
0.022688124 	 0.6856401
0.008192869 	 0.5370736
0.00020702837 	 2.6580145
0.0011458403 	 2.6770973
0.008465437 	 1.8639029
0.019101946 	 1.3328928
0.042180993 	 1.5478497
0.023192434 	 2.3313885
0.038442217 	 1.9038603
0.015590998 	 1.9394495
0.093512006 	 1.0573994
0.07896629 	 1.473401
0.0176915 	 1.3053998
0.057544377 	 0.20446873
0.06274703 	 1.7969079
0.06596229 	 2.1532664
0.045038797 	 1.9417994
0.095940165 	 1.5027012
0.22204146 	 1.6939293
0.09305071 	 0.63037956
0.1425831 	 1.3815036
0.101356514 	 1.3774999
0.14269632 	 1.8802065
0.112052776 	 0.4249309
0.12733072 	 1.4720625
0.15639128 	 1.2952119
0.117463425 	 0.42669758
0.13412298 	 1.7399786
0.079466306 	 1.4217132
0.06900666 	 1.6460881
0.06803948 	 0.96412057
0.07753459 	 0.5092546
0.07774292 	 1.5538864
0.07685575 	 0.7712334
0.06352801 	 2.1789532
0.017555552 	 1.332298
0.058177758 	 1.3575132
0.06927811 	 1.7497377
0.030410267 	 1.7726663
0.0070842505 	 1.2624866
0.010386818 	 1.5429173
0.019649614 	 1.6943653
0.034364138 	 1.4454613
0.043204505 	 0.55531865
0.027541889 	 1.5764147
0.030949777 	 1.7622173
0.04924175 	 1.7167239
0.034585193 	 0.38419482
0.050316833 	 1.2751352
0.04404785 	 1.3289223
0.032592226 	 0.9937778
0.0104716215 	 0.6683697
0.010542878 	 1.889297
0.054591805 	 0.79007083
0.2248382 	 1.0270767
0.22513042 	 1.0361539
0.11474001 	 1.2668451
0.18711668 	 1.5019124
0.14550988 	 0.89234847
0.10228603 	 3.8123333
0.051365275 	 0.7088328
0.07269073 	 2.1131725
0.053171046 	 1.5556321
0.09915618 	 1.1210662
0.19560806 	 1.5734235
0.06384798 	 0.66641766
0.008610917 	 1.4804158
0.01999987 	 2.0726688
0.014647606 	 2.4507763
0.0012289085 	 1.5154597
0.044109892 	 1.3562572
0.038259942 	 2.8135102
0.10108795 	 0.46740547
0.09591091 	 0.8553064
0.0016601149 	 2.23735
0.02790718 	 1.1157756
0.01999458 	 0.77957827
0.060537796 	 0.5264785
0.002170652 	 2.2612653
0.021176176 	 1.680892
0.014231441 	 0.5488389
0.08512954 	 2.1163242
0.040664822 	 0.856087
0.13525917 	 0.5117462
0.70840776 	 0.8113265
0.42217487 	 0.75484866
0.06858053 	 0.55962473
0.09392068 	 1.5080521
0.055450294 	 1.2490667
0.237888 	 1.1765039
0.23450154 	 0.97274846
0.19921324 	 0.93196505
0.7390322 	 0.822487
0.24587911 	 1.4762212
0.14192156 	 1.4663166
0.13396145 	 1.6501313
0.21344905 	 1.721679
0.28085896 	 1.8237731
0.29293573 	 1.6232921
0.20062648 	 0.42286104
0.16101842 	 1.2482361
0.18010518 	 0.957504
0.16231865 	 1.2884362
0.10853615 	 1.3450762
0.08007654 	 1.3116852
0.055211853 	 0.9266755
0.03275684 	 0.63177395
0.058842268 	 0.78035814
0.09303147 	 0.817121
0.08776187 	 0.26563182
0.1117516 	 2.3326702
0.028404316 	 1.6184713
0.07577665 	 0.8495057
0.056394964 	 0.5856062
0.0691503 	 1.7437346
0.036822483 	 0.6535381
0.06661657 	 0.7545547
0.05061699 	 0.80280143
0.0986624 	 1.1295729
0.038252696 	 1.3668174
0.09891077 	 1.0127263
0.08518204 	 1.7931111
0.08654557 	 1.4307796
0.060366012 	 2.590084
0.068174295 	 1.0824177
0.09332229 	 1.6872172
0.29314595 	 1.4204409
0.33106858 	 1.1073322
0.35308638 	 0.855206
0.3609198 	 0.54058814
0.45992175 	 1.2560099
0.38498592 	 0.8207969
0.1995343 	 1.0592911
0.07220543 	 1.6400557
0.003475739 	 1.0177597
0.015793711 	 1.3174126
0.10329552 	 0.45570257
0.11696134 	 1.3668455
0.08402708 	 1.8443599
0.06634794 	 2.190628
0.10311385 	 0.9905872
0.15646747 	 1.3043557
0.2790072 	 0.4045113
0.27474552 	 0.88271326
0.35281485 	 1.1341544
0.3330086 	 0.59364915
0.4716387 	 0.55712444
0.28392223 	 0.6938149
0.36736983 	 0.81789565
0.21384373 	 0.7194368
0.16873701 	 0.70928156
0.26278508 	 0.6439349
0.19515733 	 0.56392765
0.25015676 	 0.67165124
0.18362577 	 1.3307104
0.111808255 	 1.418413
0.2667849 	 1.7927366
0.13447767 	 2.0615032
0.12793803 	 2.1680505
0.19036348 	 1.1213517
0.10271713 	 0.9162206
0.22895373 	 0.7485977
0.17164443 	 0.49465644
0.14209434 	 0.96046144
0.1970052 	 0.9692495
0.30075064 	 0.42434376
0.26907492 	 0.8873532
0.30643916 	 0.47555903
0.27809796 	 0.5906136
0.28460154 	 0.8409911
0.16033436 	 1.678518
0.24409033 	 1.4106525
0.18787326 	 1.3362204
Summary
0.00020702837  -  0.86966455 ,  0.13920794  -  3.8123333
accuracy:  99.0
equal predictions:  0
TensorFlow version: 1.13.1
Found 939 images belonging to 1 classes.
argN = 49
argN = 49
1.1727256 	 1.6398084
0.94708914 	 0.87382835
0.76660883 	 1.7545438
0.48662314 	 1.058618
0.15775467 	 1.821999
0.100450136 	 1.7705001
0.24863029 	 0.9790416
0.41879797 	 0.69727725
0.5432302 	 1.2252825
0.38708752 	 1.5067389
0.29766634 	 0.6082537
0.32050973 	 0.80485094
0.21526688 	 1.619193
0.35584018 	 1.4192054
0.23330317 	 0.860869
0.20198753 	 2.0097919
0.0056275823 	 0.98051906
0.0028311715 	 0.92007494
0.43239588 	 0.92411375
0.725535 	 1.006254
0.6782626 	 0.9456443
0.39800096 	 0.9794421
1.175282 	 1.5547782
1.1444387 	 0.6013927
0.7769119 	 0.8617506
0.90270585 	 0.9854704
0.6643385 	 0.73124456
0.46070528 	 0.7453861
0.19087186 	 0.43725094
0.17046511 	 1.7363269
0.12842621 	 1.0684787
0.042240497 	 1.6020204
0.054471705 	 2.1588655
0.03190542 	 2.4676552
0.008795563 	 2.587661
0.031620976 	 2.4552684
0.046268918 	 1.9255859
0.060564645 	 1.0798129
0.37620303 	 1.7044735
0.41607875 	 1.126317
0.2225578 	 0.8441683
0.28455004 	 0.8544163
0.26207086 	 0.45596772
0.22247186 	 1.2106413
0.35698792 	 1.3238113
0.27566177 	 0.87793106
0.3750339 	 1.7089285
0.2928107 	 0.57484484
0.31680617 	 0.3684793
0.29780906 	 0.666319
0.4278443 	 0.6775802
0.24632715 	 1.9824735
0.29161057 	 1.1055652
0.21138257 	 1.2349323
0.06305437 	 0.997151
0.0030708925 	 0.8028971
0.003120996 	 1.967482
0.16916074 	 0.59616077
0.31891432 	 0.80441165
0.22824438 	 1.72482
0.6911912 	 0.85321295
0.42327106 	 0.75248885
0.551067 	 1.299455
0.6617918 	 1.0831667
0.6863796 	 1.4407015
0.4837613 	 0.63529015
0.54652065 	 1.2578771
0.8999692 	 1.4543308
0.7702797 	 1.0660911
0.34600985 	 0.7938456
0.2801822 	 0.4352789
0.31875363 	 0.717033
0.42531988 	 1.1753119
0.30065727 	 1.2741922
0.009619941 	 1.6420517
0.018805936 	 1.7419801
0.0051319334 	 1.3562913
0.33853722 	 1.2025038
0.21457072 	 1.575986
0.22893575 	 0.9260847
0.27980942 	 1.2851892
0.26707128 	 1.5943235
0.332648 	 1.5184791
0.27341297 	 1.3164861
0.19911575 	 1.6102785
0.055172928 	 2.1482108
0.16627656 	 0.5617618
0.09602605 	 1.1967351
0.17679736 	 1.226709
0.15057464 	 1.4226317
0.15614404 	 1.3927609
0.14663169 	 0.7658324
0.083422534 	 1.0042278
0.04407582 	 1.2192596
0.07792564 	 1.3334435
0.090009 	 0.66504866
0.09385134 	 1.5026677
0.06091034 	 0.89727396
0.018902145 	 1.5799682
0.0042131958 	 1.2066982
0.015464354 	 1.7891704
0.050346293 	 1.4502863
0.056781806 	 0.6669718
0.11241454 	 0.8468708
0.077097796 	 1.3822306
0.13989826 	 1.016981
0.15272309 	 1.4618754
0.19502932 	 1.8071705
0.164343 	 1.2762736
0.28853542 	 0.86059946
0.14033778 	 1.6118445
0.08756219 	 1.2785927
0.13769418 	 0.45250145
0.1377091 	 1.4931177
0.13408774 	 1.4381824
0.094141476 	 2.5404277
0.08474319 	 1.6770301
0.08391798 	 1.9647256
0.059821032 	 1.3641971
0.10547221 	 1.754487
0.07763076 	 1.5730476
0.060896594 	 1.1237665
0.015189388 	 1.9496188
0.05097551 	 0.8914169
0.102993004 	 1.7238458
0.0990031 	 1.4760219
0.040184885 	 2.5549529
0.08114491 	 1.5666145
0.08062537 	 1.6527816
0.059110407 	 3.1091692
0.035946466 	 0.31412244
0.017429568 	 1.9427731
0.041743893 	 1.3600291
0.070913576 	 1.371958
0.0429149 	 2.2133622
0.010389167 	 1.8406782
0.016045766 	 0.4235496
0.016811648 	 1.4015924
0.01884924 	 1.2831883
0.018209685 	 2.0800135
0.038780842 	 0.95296806
0.064393766 	 1.346254
0.025548832 	 1.7496166
0.015445105 	 0.62156117
0.008299483 	 1.7275585
0.00681836 	 0.8629092
0.038252264 	 0.9454303
0.03327679 	 1.9305159
0.024435047 	 1.5170254
0.061971985 	 0.9484361
0.111437514 	 1.6903571
0.048542418 	 1.9590701
0.03052659 	 1.3655392
0.10997271 	 0.8187291
0.13657928 	 1.2794029
0.124667086 	 1.2786484
0.18435396 	 0.45141798
0.14462225 	 0.8671845
0.16080138 	 0.98244864
0.21840845 	 1.300537
0.16991882 	 0.53170246
0.17445554 	 0.52259666
0.1359835 	 0.59778553
0.11771799 	 0.6861592
0.11446976 	 1.1524361
0.12516388 	 1.4300333
0.15725538 	 1.2199799
0.13516678 	 1.2991723
0.13165218 	 0.99299896
0.12749322 	 1.0989397
0.12970774 	 1.2523469
0.09128966 	 0.7503723
0.067786604 	 1.4377794
0.104388006 	 1.5323731
0.06281094 	 0.34175217
0.05660057 	 1.3239288
0.02798723 	 2.594862
0.04661345 	 0.7349224
0.025271995 	 0.8715418
0.029870862 	 0.85476905
0.055120084 	 2.776433
0.020780958 	 1.3790051
0.015494258 	 1.4691433
0.022149274 	 1.5982585
0.075963005 	 1.7142591
0.007510123 	 1.3531237
0.013065142 	 1.9350047
0.009266682 	 2.8492746
0.0211889 	 1.4247204
0.009570533 	 1.8493574
0.0025361127 	 1.3713354
0.0043581785 	 1.6426141
0.003605779 	 0.5505064
0.0021928134 	 0.9308944
0.0050161914 	 1.5659794
0.0038751846 	 1.6559924
0.009939733 	 1.6596258
0.007548558 	 0.8215536
0.0054400447 	 2.0437434
0.18996814 	 0.9109342
0.24095841 	 1.157609
0.16775388 	 2.1972678
0.29831827 	 1.2863029
0.14950931 	 1.3911921
0.14841504 	 1.1045308
0.10296532 	 1.2882644
0.13948132 	 1.0346586
0.07404407 	 1.8162471
0.030926785 	 1.8657777
0.058033984 	 1.358165
0.05901461 	 0.900011
0.07508917 	 0.83112496
0.024928259 	 1.5261056
0.02405313 	 2.2212048
0.039911784 	 2.0487556
0.047447305 	 1.3102639
0.056727678 	 1.253784
0.031793922 	 1.8313692
0.079739265 	 1.1981535
0.07101884 	 1.1048698
0.029632797 	 2.3571851
0.008967553 	 1.10966
0.016088407 	 2.442582
0.0024765974 	 1.1770762
0.0033107905 	 2.1349773
0.005937166 	 1.6586864
0.03818247 	 1.3728164
0.10673511 	 1.5076777
0.099884845 	 2.5737457
0.26969206 	 1.1053491
0.20635867 	 0.9295984
0.16172072 	 0.67468494
0.085004546 	 1.9101304
0.10972164 	 1.4674326
0.06354459 	 2.9191985
0.112514585 	 1.5799717
0.070214845 	 1.1983274
0.10161704 	 2.335455
0.21106495 	 0.93821913
0.101749 	 0.8206302
0.30690473 	 1.308563
0.25404057 	 1.3429141
0.11104234 	 1.260611
0.20578384 	 2.7665486
0.1819661 	 2.7034957
0.1174216 	 1.193525
0.1305509 	 1.2796884
0.07510767 	 2.2025993
0.060522027 	 1.8071262
0.08834874 	 1.6526176
0.07662181 	 1.6291614
0.033846706 	 2.4771814
0.08056497 	 3.0743933
0.047045942 	 1.1621501
0.046052318 	 2.4575298
0.0058162347 	 1.8335634
0.046887513 	 2.8027167
0.03203367 	 2.0306132
0.06691663 	 1.282163
0.09398242 	 1.1511728
0.121621855 	 1.051705
0.1389193 	 1.3106829
0.08456071 	 1.2929589
0.14686617 	 1.4821882
0.1974119 	 1.1527164
0.18455997 	 1.5508329
0.26976794 	 1.1431248
0.23387702 	 0.47967637
0.2675019 	 1.6973429
0.10103447 	 1.6689448
0.22200663 	 1.8533449
0.1828775 	 0.90526164
0.16589387 	 0.8158569
0.2759177 	 2.1077101
0.087820575 	 1.2451445
0.09255536 	 0.45286325
0.064221635 	 1.3624496
0.09825922 	 1.6966487
0.08616264 	 0.7391017
0.097390726 	 1.16631
0.18501686 	 0.89069986
0.0984894 	 0.47641644
0.25915992 	 0.7876966
0.18926135 	 0.87630445
0.25786114 	 1.3487904
0.36193347 	 0.5293854
0.3474309 	 1.0440875
0.33251542 	 0.6899102
0.31101593 	 0.5840916
0.34187996 	 0.4575068
0.4279422 	 0.7338612
0.3156007 	 1.0708706
0.18676043 	 0.9310671
0.20527631 	 1.0572999
0.11990671 	 1.2252039
0.11255901 	 1.0067282
0.16488548 	 1.2624321
0.0654152 	 2.0429761
0.0798035 	 1.3032774
0.03705373 	 1.40615
0.08919253 	 1.1806053
0.10884733 	 0.9825841
0.1023337 	 1.6273135
0.19930838 	 1.0864326
0.24252918 	 0.87572247
0.15812442 	 0.96634203
0.22061013 	 1.1219428
0.3371386 	 0.6918516
0.16265628 	 1.2239257
0.17275898 	 1.3022135
0.13692856 	 1.1658996
0.2115389 	 0.9410657
0.19871943 	 1.0559224
Summary
0.0021928134  -  1.175282 ,  0.31412244  -  3.1091692
accuracy:  99.4
equal predictions:  0
TensorFlow version: 1.13.1
Found 939 images belonging to 1 classes.
argN = 49
argN = 49
0.8971279 	 1.9194533
0.63541704 	 1.2634928
0.6762696 	 0.76607704
0.58118457 	 0.83579546
0.27549502 	 1.4239521
0.28924638 	 1.8948697
0.069811404 	 1.5729254
0.15715383 	 1.8154767
0.13090563 	 1.457574
0.14159505 	 2.3524187
0.12925576 	 1.2185562
0.0076644733 	 1.5237312
0.2377925 	 2.3416033
0.5097143 	 1.0178599
0.375742 	 1.2232339
0.1451722 	 1.1865501
0.15530749 	 1.2470707
0.124946386 	 1.1518325
0.26046833 	 1.2487984
0.8214891 	 1.640831
0.2559813 	 1.4429239
0.3774513 	 2.022589
0.05232431 	 2.1624324
0.0026623849 	 2.100412
0.004773189 	 1.8489726
0.019106321 	 1.0705286
0.02460309 	 3.3695004
0.04174818 	 1.3805875
0.058019076 	 2.017176
0.6078314 	 1.7217863
0.69720054 	 0.64144784
0.9199707 	 0.8985974
0.9065957 	 0.29222694
1.0104656 	 1.8380232
1.7280889 	 2.1077335
1.0001894 	 0.44586533
0.64269257 	 1.537507
0.9546092 	 1.9823186
0.59587455 	 2.2521386
0.5233271 	 0.87038726
0.5405097 	 1.1135416
0.31638685 	 1.9458786
0.14287356 	 2.1130383
0.19236432 	 1.3429023
0.11318851 	 2.0441825
0.38696462 	 1.4469125
0.42514643 	 0.9462996
0.34499022 	 1.6272904
0.5886391 	 1.5078055
0.39364004 	 1.5036364
0.3939206 	 0.9488567
0.19659461 	 1.037513
0.40368587 	 1.5326251
0.12311173 	 1.55287
0.04909681 	 1.9187055
0.017674029 	 1.2524306
0.005987713 	 2.4565852
0.022086753 	 2.7211988
0.043007486 	 1.8900685
0.11238706 	 1.3457232
0.12461922 	 1.3016528
0.19736746 	 1.5521412
0.36721054 	 1.4545457
0.38754502 	 0.47295493
0.8572517 	 1.981451
0.74897826 	 1.2266419
0.8561161 	 0.6443035
0.26412055 	 1.1371996
0.4090099 	 0.55834734
0.18054183 	 1.0597374
0.28702727 	 0.84250873
0.42744023 	 0.74828637
0.40646353 	 0.6806713
0.34639797 	 0.4398241
0.128241 	 2.146875
0.1402452 	 1.3373911
0.23159856 	 1.6185062
0.22196622 	 1.6474215
0.33130366 	 1.3929162
0.3058385 	 1.3192186
0.34887326 	 0.57650465
0.28338477 	 1.4100037
0.33092964 	 1.4241128
0.11998701 	 1.6997789
0.100346215 	 1.611303
0.13196743 	 1.3070432
0.06838974 	 1.0230947
0.029830208 	 1.2368174
0.010722218 	 1.1504995
0.027428914 	 2.4849951
0.04238289 	 2.2434502
0.07722605 	 1.6664382
0.10504641 	 2.3047552
0.026361745 	 1.3189389
0.0032666575 	 3.721252
0.004847874 	 3.3302097
0.0025930018 	 0.70800656
0.15721771 	 2.1222405
0.08233873 	 1.2332289
0.12951218 	 1.533744
0.16904971 	 0.51956666
0.13566048 	 1.5194286
0.14087248 	 0.78166735
0.17369862 	 1.2675985
0.097157516 	 1.0244869
0.13284668 	 1.7560327
0.1490739 	 1.2027433
0.13778298 	 1.3381797
0.14213729 	 1.4605061
0.092955075 	 2.243331
0.13153945 	 2.992406
0.13521223 	 1.6169543
0.14168103 	 1.4065448
0.10238144 	 0.97087884
0.07694181 	 0.9768008
0.11772771 	 2.18126
0.119034395 	 1.6154346
0.06922804 	 1.82755
0.09275179 	 1.4766251
0.05949001 	 2.673776
0.04827222 	 1.3170626
0.047882717 	 0.55634624
0.05134526 	 2.4925249
0.06053919 	 1.7606409
0.01712144 	 1.9421673
0.03771177 	 1.5825428
0.05114117 	 1.8602158
0.077138804 	 1.242003
0.036501646 	 1.2659845
0.064365536 	 1.6390796
0.18220966 	 1.3967952
0.16314775 	 1.6262091
0.21550576 	 1.6883779
0.15864015 	 1.8654459
0.141511 	 2.3232486
0.08314851 	 1.7008951
0.18919083 	 2.3236053
0.1773766 	 2.0132148
0.12749612 	 0.47256
0.09122906 	 1.601903
0.03611843 	 0.8814469
0.046813183 	 1.6553416
0.029830761 	 2.0137675
0.049980797 	 1.6912386
0.043168098 	 2.513528
0.011929697 	 1.1024672
0.0043955348 	 1.5344967
0.007302778 	 0.9739613
0.0011266257 	 1.863333
0.027519526 	 1.4012146
0.019827249 	 0.64680314
0.039833505 	 1.6639549
0.022974432 	 1.8794265
0.020354873 	 0.90326935
0.044878818 	 1.6786059
0.040207844 	 2.1780164
0.028422283 	 1.6091267
0.019437123 	 1.6240475
0.043811183 	 3.3704033
0.04674454 	 0.3465957
0.027949717 	 2.2649968
0.06236828 	 2.1355608
0.05413087 	 2.2461984
0.027647583 	 1.9351603
0.054949857 	 0.6498205
0.07952278 	 1.1336411
0.08178042 	 2.0345445
0.06185068 	 2.3136382
0.06193945 	 1.8941318
0.03885972 	 1.6365232
0.04056817 	 0.6596513
0.055311065 	 1.5707358
0.020394474 	 3.2192616
0.021587996 	 1.5199095
0.0042112204 	 1.9065267
0.011816725 	 2.6477692
0.032635886 	 1.451013
0.025178654 	 1.6927466
0.04479117 	 1.0811831
0.06559053 	 1.4352839
0.025637072 	 0.85162044
0.047434866 	 1.2074842
0.031182991 	 1.6281117
0.08134687 	 1.3892913
0.036735415 	 2.357954
0.026089273 	 1.9171743
0.0048342184 	 1.3147103
0.01061902 	 0.53988785
0.020613253 	 1.2207851
0.0045538363 	 1.463235
0.009608988 	 1.4306325
0.05421783 	 1.2708997
0.011791032 	 2.4974444
0.012707343 	 1.1735607
0.026133813 	 2.3962271
0.0052384613 	 1.7091125
0.04114468 	 1.4989481
0.05315156 	 0.7630149
0.028734038 	 1.6672052
0.0052585336 	 0.48316994
0.009316736 	 2.1366165
0.008011279 	 1.5820564
0.2633135 	 0.7087045
0.1513116 	 1.805495
0.08093303 	 1.2653224
0.124628335 	 1.462183
0.045115367 	 1.5591828
0.039108485 	 1.8347627
0.082388304 	 1.0347983
0.08887653 	 1.1484064
0.10884892 	 0.85707456
0.1196399 	 1.0414484
0.09885142 	 0.77562535
0.040477674 	 1.0035868
0.047874212 	 1.173102
0.020267768 	 2.0739815
0.021351589 	 1.1935716
0.017339807 	 2.0932863
0.07604346 	 1.1111462
0.06493653 	 1.815425
0.11042324 	 1.1407504
0.038965814 	 0.81755644
0.03291292 	 1.7202785
0.030018017 	 0.81258136
0.015058015 	 1.6742706
0.06940659 	 1.286449
0.045746103 	 1.4250661
0.0702027 	 0.7972498
0.041002586 	 1.9706272
0.04764589 	 2.5157106
0.033237293 	 1.1605994
0.17100365 	 0.70122457
0.08742167 	 1.0651795
0.11347737 	 0.7620018
0.09909681 	 0.591682
0.09618622 	 2.0791795
0.14080454 	 1.5611101
0.011882709 	 1.7965215
0.15177825 	 0.7338151
0.054209337 	 1.3472514
0.075038284 	 2.2471683
0.046236206 	 0.5113895
0.01942126 	 1.9534249
0.0099392515 	 1.3331611
0.033129465 	 2.1257973
0.021581052 	 0.9662872
0.035019297 	 1.9002979
0.10318635 	 1.9967394
0.12208191 	 1.0216856
0.16986082 	 1.005495
0.1259849 	 1.5743212
0.16631992 	 0.43834108
0.19076136 	 0.79284096
0.2611459 	 1.0315775
0.26705265 	 0.7842795
0.31593713 	 0.6926496
0.17866217 	 0.61642987
0.23398224 	 1.4296217
0.16554818 	 0.9375515
0.16159153 	 0.9193747
0.089949645 	 0.6060288
0.12332114 	 2.457999
0.061966404 	 1.4025304
0.097144045 	 0.83067334
0.07666672 	 1.3633422
0.15205453 	 1.4215188
0.09809753 	 1.2702806
0.14686444 	 0.9693128
0.24813783 	 1.0758829
0.27123237 	 0.8891326
0.21408957 	 0.55076236
0.23526232 	 0.6141944
0.28263503 	 0.6604693
0.35612157 	 0.55800384
0.32669815 	 0.39186063
0.29967284 	 0.34894356
0.27122268 	 0.26357174
0.28017998 	 0.44235536
0.2892545 	 0.33194473
0.31970078 	 0.44676623
0.27532718 	 0.49101162
0.3630676 	 0.37602073
0.3969807 	 0.3866503
0.23778683 	 0.4181024
0.3182966 	 0.43819472
0.40797073 	 0.6492645
0.29709962 	 0.3909911
0.2674958 	 0.6168368
0.3743 	 0.585706
0.3058812 	 0.6175287
0.2959033 	 0.5486453
0.22615191 	 1.0680501
0.27692878 	 0.7573709
0.20038378 	 1.20352
0.2538706 	 0.6261215
0.2262486 	 0.999316
0.14636883 	 0.533042
0.077555075 	 0.46759725
0.120260835 	 1.1262405
0.15646976 	 1.1445587
0.24454693 	 0.8608218
0.21811329 	 0.95964694
0.34735683 	 0.6220345
0.24688922 	 0.50462145
0.2071133 	 2.100503
0.24861707 	 0.892782
0.27918804 	 0.995143
0.12450486 	 1.5630603
0.12538879 	 1.2516105
0.14190961 	 0.9984482
0.21874323 	 1.3836937
0.14647697 	 0.98090714
0.14450896 	 1.2092144
Summary
0.0011266257  -  1.7280889 ,  0.26357174  -  3.721252
accuracy:  97.8
equal predictions:  0
