TensorFlow version: 1.13.1
Found 939 images belonging to 1 classes.
argN = 196
argN = 196
0.20730652 	 2.8802116
0.30006504 	 2.3877227
0.3946324 	 2.3336651
0.16610834 	 2.3718557
0.12849046 	 1.4710133
0.09631912 	 3.1970863
0.19074549 	 2.0033782
0.17030425 	 1.7354642
0.17562501 	 1.5985694
0.2230586 	 1.9482437
0.11373473 	 2.5106559
0.10180589 	 2.5699904
0.19076662 	 2.570489
0.18134102 	 3.035133
0.17986768 	 4.3440585
0.13616489 	 2.1985114
0.33071464 	 2.3316076
0.3229933 	 2.9116232
0.23021771 	 3.6685586
0.21708687 	 2.6390338
0.2859656 	 4.1794376
0.21551973 	 3.4863133
0.13762975 	 2.8805356
0.16011986 	 2.6377797
0.07469872 	 2.6274111
0.020537503 	 1.8514955
0.031089528 	 2.7131498
0.12895492 	 3.7446377
0.08206539 	 2.9864948
0.3547533 	 3.4711046
0.3031533 	 2.6322048
0.22636454 	 3.8917718
0.3313543 	 2.3607426
0.24754192 	 2.6375763
0.40437964 	 2.2023642
0.14819534 	 2.056207
0.21542554 	 2.5668886
0.23299387 	 2.431945
0.17247126 	 2.6473863
0.13016297 	 3.3353395
0.06289821 	 3.207797
0.13033284 	 1.903145
0.108793765 	 1.6671872
0.16507858 	 2.8802137
0.18032265 	 2.588807
0.12404301 	 2.784625
0.049355462 	 3.5169625
0.09063705 	 2.7189393
0.13644728 	 2.5819795
0.08690791 	 2.9494965
0.117815755 	 4.58487
0.20109187 	 3.4868488
0.10720767 	 3.3637292
0.09072717 	 3.2110622
0.054725327 	 3.0808687
0.14220957 	 2.449588
-9.5367386e-07 	 4.582251
-9.5367386e-07 	 2.880202
-9.5367386e-07 	 3.471095
0.00375187 	 2.9781108
-9.5367386e-07 	 3.0802264
0.010194291 	 3.523741
0.14161833 	 2.633057
0.064553395 	 1.9904679
0.18405594 	 2.9756029
0.24066053 	 2.8358963
0.060371015 	 1.8392502
0.06869832 	 2.7474847
0.059830144 	 2.9183838
0.17916 	 2.7779007
0.21030374 	 3.6590836
0.078502566 	 1.9159268
0.22127415 	 2.5576463
0.25093368 	 2.8984864
0.22167037 	 1.9536788
0.28089985 	 2.5055134
0.18822381 	 2.6505933
0.15989316 	 2.9621491
0.025840178 	 2.844569
0.113079585 	 2.0279438
0.06316122 	 2.0593421
0.13057815 	 2.7931902
0.071221516 	 2.7210758
0.036299203 	 3.0797193
0.025861647 	 2.9597476
0.06640042 	 3.3273456
0.02584024 	 4.1889052
-7.152555e-07 	 2.9755104
0.020618182 	 3.1986492
0.05775931 	 2.270173
0.020618243 	 2.6388535
0.03108719 	 2.7844272
0.010255472 	 2.8687155
0.031089528 	 3.2059994
0.036366574 	 3.8917775
0.020618243 	 3.8917747
0.03109045 	 8.92902
0.047004957 	 2.281271
0.015423434 	 1.8683146
0.020618243 	 2.3317132
0.010255472 	 1.6628354
0.031089528 	 2.3762205
0.015423494 	 2.691679
0.020618243 	 1.1750358
0.010255411 	 3.891769
0.0051123425 	 2.8030312
1.3113031e-06 	 2.5055537
-9.5367386e-07 	 1.4066355
0.00511408 	 2.638745
0.00511408 	 1.6671907
0.015423434 	 2.8785064
0.015423373 	 1.9822693
0.010255472 	 1.23506
0.010255472 	 2.0174334
0.031089405 	 1.8948777
0.062152542 	 1.6411346
0.03666579 	 1.9091687
0.05877709 	 1.4525536
0.018774657 	 2.02304
0.046759654 	 2.8802
0.047004957 	 1.8862736
0.06844687 	 2.1782343
0.052391764 	 2.0592666
0.041671682 	 1.2799785
0.031256355 	 3.332177
0.037326794 	 3.0088427
0.033076108 	 1.8166811
0.031089528 	 1.402396
0.030538818 	 2.1000526
0.041312635 	 2.3301182
0.020660348 	 1.8755511
0.03215708 	 1.6222299
0.015427792 	 2.8801405
0.015423434 	 1.4279656
0.015423434 	 2.9755104
0.010675949 	 3.1198442
0.024739817 	 1.8266764
0.015423434 	 2.23477
0.011389678 	 1.4100603
0.020618243 	 2.3877318
0.030911908 	 2.7931921
0.031020172 	 2.231117
0.015415141 	 1.2560939
0.02835575 	 2.479875
0.029732449 	 2.2929995
0.03575606 	 3.3263943
0.036288016 	 1.4164946
0.041622095 	 3.378831
0.010255472 	 2.7111783
0.010255472 	 2.7929702
0.020540483 	 1.7514943
0.010255472 	 1.5402507
0.010255472 	 2.505479
0.0052885534 	 2.0204875
0.010255472 	 4.1792426
0.00511408 	 2.649483
0.020226408 	 2.2737641
0.015427187 	 1.4936906
0.01103953 	 2.1870632
0.015423434 	 3.4863229
0.030718092 	 2.583209
0.010269985 	 2.9441905
0.005162968 	 1.7395688
0.015423434 	 1.8769108
0.018587127 	 1.6405411
0.020618243 	 3.198652
0.03251082 	 1.8113528
0.04167162 	 2.7131686
0.047004957 	 1.406914
0.036366574 	 1.7816013
0.05236689 	 2.7932768
0.046496868 	 3.4863229
0.031088604 	 1.9108049
0.031620238 	 2.6385992
0.041670874 	 1.2178823
0.03162547 	 2.0592277
0.041661803 	 3.0532374
0.031089528 	 2.3336651
0.020618243 	 2.5055127
0.03039724 	 1.4693795
0.020618243 	 2.4454195
0.028087392 	 2.227031
0.035801154 	 1.6406308
0.031090388 	 1.9639568
0.029209614 	 2.059435
0.001186538 	 2.777386
0.010019441 	 2.568011
0.010795782 	 2.1242201
0.010258964 	 3.4777966
0.015417623 	 2.1461294
0.020618243 	 2.3877318
0.02431937 	 1.235068
0.055709332 	 1.9380195
0.035173446 	 2.1868062
0.035731103 	 1.3252585
0.03637869 	 1.747384
0.0257729 	 2.3477826
0.035562847 	 1.3543833
0.016438268 	 3.8917718
0.025867091 	 2.090764
0.020694911 	 1.7569484
0.02061593 	 1.6673647
0.025831616 	 3.1986492
0.04699059 	 1.8769108
0.04328361 	 2.343756
0.031089589 	 2.059051
0.01117315 	 2.443996
0.05245288 	 2.2193136
0.046638183 	 1.8869319
0.0271812 	 1.4743232
0.039403625 	 1.9103917
0.11800742 	 2.444888
0.136532 	 1.5390972
0.10225658 	 2.6823177
0.03850521 	 5.3445916
0.047004893 	 2.9755104
0.046977095 	 3.0808687
0.025840178 	 13.815511
0.023168886 	 2.880202
0.07410768 	 3.4863229
0.025840178 	 2.3336651
0.0572148 	 3.3319018
0.039437976 	 2.7131498
0.026486963 	 2.0641835
0.047004957 	 2.9755104
0.0162994 	 2.5700333
0.04490781 	 3.0808687
0.025840178 	 2.7131553
0.035085473 	 4.58487
0.041525163 	 3.8918185
0.036288943 	 5.2779193
0.036366515 	 3.4863229
0.034023426 	 13.815511
0.07961959 	 2.9798868
0.3158831 	 2.0592165
0.17223465 	 2.870242
0.118755 	 2.5055134
0.05236689 	 4.58487
0.06862739 	 2.515513
0.06938601 	 1.9947724
0.07441436 	 3.5885096
0.08857417 	 2.9592507
0.1661203 	 2.4448895
0.11905453 	 3.080865
0.1076725 	 4.125482
0.105264515 	 2.739903
0.08515673 	 1.752287
0.07726411 	 2.2335827
0.079616554 	 4.1794376
0.079616494 	 3.332177
0.04167162 	 5.2779193
0.057757605 	 3.47666
0.047004957 	 1.8748701
0.041464712 	 2.3869288
0.025840178 	 2.7055547
0.04167162 	 3.0808687
0.052653592 	 5.2779193
0.05823405 	 2.1211884
0.059405625 	 2.7131498
0.0686279 	 1.722258
0.14791286 	 2.793244
0.130618 	 2.880081
0.16612531 	 2.5055134
0.19658387 	 1.9790156
0.23122804 	 1.9107835
0.17423272 	 1.7115724
0.16612467 	 1.7819507
0.15292802 	 2.2238526
0.13167202 	 2.5008404
0.11237339 	 1.8055563
0.07014407 	 1.8877141
0.036321886 	 4.5848756
0.036366574 	 3.4863229
0.04167162 	 3.0741456
0.036412563 	 3.668638
0.07225784 	 3.332177
0.041671745 	 3.668638
0.10810646 	 3.0808687
0.13123405 	 3.4784067
0.11911698 	 3.668638
0.17856184 	 3.58749
0.19646554 	 1.4279467
0.24883437 	 2.3621283
0.24784498 	 1.8078873
0.23468564 	 2.3877065
0.1917616 	 1.5142564
0.20020822 	 2.3875742
0.15166157 	 2.2325714
0.15992764 	 2.1870048
0.20521653 	 2.6781275
0.16612671 	 2.7126243
0.13653453 	 2.9755104
0.18949905 	 3.18926
0.0745381 	 2.6747155
0.05749488 	 2.1738274
0.08230372 	 5.2779193
0.053687822 	 4.2432714
0.05235653 	 2.9280906
0.025840178 	 2.6392174
0.025840301 	 2.0200112
0.08078155 	 2.9071388
0.13156107 	 2.9755104
0.1306172 	 3.8917105
0.095816836 	 2.9253714
0.116326444 	 2.713148
0.13635649 	 2.9739323
0.11782682 	 1.4495175
0.08500779 	 3.198693
0.05774706 	 2.878201
0.085923396 	 2.1165903
0.11325513 	 1.8411722
0.10196224 	 3.89129
0.11905017 	 2.0200143
Summary
-9.5367386e-07  -  0.40437964 ,  1.1750358  -  13.815511
accuracy:  100.0
equal predictions:  0
TensorFlow version: 1.13.1
Found 939 images belonging to 1 classes.
argN = 196
argN = 196
0.41856766 	 2.5119028
0.54239607 	 2.8068788
0.25421792 	 2.5061488
0.18775085 	 2.3810506
0.13682638 	 3.2693655
0.08487009 	 2.8796787
0.052366953 	 3.668638
0.08977306 	 2.6380572
0.067040466 	 2.4358234
0.08318368 	 3.4838495
0.109797806 	 2.3284268
0.17964724 	 2.5700402
0.12854055 	 2.540139
0.1663421 	 3.7508912
0.15752327 	 2.575531
0.21332487 	 1.9469489
0.17829259 	 2.5862257
0.19670881 	 2.4448807
0.20665866 	 2.3551137
0.17834367 	 4.1794376
0.22074182 	 3.8916957
0.27593163 	 2.7130725
0.06491281 	 2.1425712
0.107629545 	 2.6389387
0.015423434 	 12.811746
0.03597742 	 2.7922843
0.028290141 	 3.4863093
0.020615747 	 3.8917775
0.015427248 	 2.1402907
0.010256014 	 3.668638
0.010255472 	 3.9835734
0.010255472 	 3.8885353
0.04167162 	 3.3268723
0.21550702 	 2.7911568
0.19720155 	 5.2779193
0.10562893 	 3.172412
0.32266897 	 3.2246995
0.25898445 	 3.4861012
0.32210726 	 2.5043764
0.079737 	 3.5756578
0.07848773 	 2.7770822
0.17026362 	 3.1985762
0.21225825 	 2.5760653
0.3253284 	 2.6436179
0.36684895 	 2.335099
0.2817972 	 2.4997401
0.29391888 	 1.7547716
0.22118834 	 2.5040126
0.19081718 	 2.970545
0.2692319 	 2.2739024
0.22588104 	 1.2702072
0.2096743 	 3.332162
0.12199127 	 2.7978477
0.029065033 	 5.2779193
0.020689739 	 2.513375
0.047004957 	 2.5700433
0.11499989 	 5.2779193
0.07391661 	 2.9672966
0.13490011 	 2.2532449
0.07972319 	 1.7404884
0.20359956 	 3.4859765
0.036189932 	 2.567928
0.05236689 	 2.1423109
0.010255472 	 3.1988127
-9.5367386e-07 	 2.9754977
-9.5367386e-07 	 3.37307
-9.5367386e-07 	 3.7663498
0.26003912 	 2.2385082
0.26366842 	 2.6013925
0.0963839 	 2.1567814
0.05234315 	 2.6658924
0.125025 	 3.149799
0.14004175 	 2.525972
0.2556125 	 2.975333
0.1885842 	 2.9561672
0.08588799 	 1.4235002
0.054866865 	 2.889117
0.047007706 	 2.499129
0.05775748 	 2.7419486
0.079616554 	 3.13388
0.046851162 	 2.795181
0.015423434 	 3.485599
0.036366574 	 3.4843311
0.025840178 	 2.7880962
0.018779576 	 2.2895555
0.00511408 	 4.584578
-9.5367386e-07 	 4.1768475
0.00511408 	 3.668638
0.04700346 	 2.880199
0.020612767 	 5.2735953
0.025663428 	 1.9458781
0.025839506 	 2.7057002
0.020617755 	 1.8762732
0.010265348 	 1.2347151
-9.5367386e-07 	 2.4446566
0.010255472 	 2.2335827
-9.5367386e-07 	 2.2338884
0.00511408 	 2.1455393
-9.5367386e-07 	 1.6671553
0.010255291 	 1.6154766
0.010255472 	 2.096092
0.020618243 	 3.2306843
0.03163279 	 1.549824
0.031089528 	 2.7131498
0.043205254 	 1.6717072
0.06851491 	 2.026564
0.041668262 	 2.185994
0.03246704 	 2.7131715
0.031089528 	 3.0245364
0.036366574 	 3.3321853
0.020618426 	 2.9744093
0.01904326 	 1.9832749
0.01246506 	 1.9617099
0.020618243 	 2.7131498
0.015423434 	 2.3336475
0.025840178 	 2.78569
0.00511408 	 2.2823725
0.00511408 	 1.9981698
0.031741623 	 1.3956411
0.010255171 	 1.9108121
0.00511408 	 1.8442128
0.010255411 	 1.4494591
0.015423676 	 1.7573197
0.010255472 	 1.9822979
0.020618243 	 2.2219813
0.0051143793 	 2.3699806
0.0125099635 	 2.2777977
0.00511408 	 2.5032773
0.0154212555 	 2.639043
0.010346347 	 2.8526878
0.031083932 	 1.720167
0.009477624 	 2.2476304
0.00511408 	 2.1000526
0.00511408 	 2.0773895
0.010255411 	 2.4448895
0.0018341065 	 2.1938355
0.010255472 	 2.2490182
0.0040011476 	 3.5192358
0.010253906 	 2.9715953
0.0014155986 	 2.3877351
0.013244874 	 2.2117064
0.010255893 	 2.709406
0.015412962 	 1.8123728
0.031089528 	 2.7131498
0.031097582 	 2.5649667
0.04562662 	 1.4069012
0.041615322 	 1.3899438
0.038207427 	 3.2676022
0.025840178 	 2.7131498
0.041667517 	 1.9400218
0.015423434 	 1.5164715
0.025836019 	 4.1794376
0.01540134 	 1.9625411
0.02412518 	 2.8861394
0.00511408 	 1.4728733
0.025456503 	 1.044986
0.03951796 	 1.6050382
0.031020725 	 4.5734005
0.02569645 	 2.111121
0.024786435 	 1.9463092
0.015234353 	 1.307118
0.016078899 	 1.4314988
0.031089528 	 1.815632
0.02547723 	 1.1516782
0.025778588 	 1.4491978
0.015423434 	 2.6056585
0.01749635 	 3.332262
0.015432999 	 1.6756866
0.009321549 	 1.7434561
0.015325439 	 2.0616865
0.015423373 	 1.9341978
0.025840178 	 2.266319
0.005116476 	 2.0313978
0.028257951 	 2.453597
0.03821269 	 2.2998493
0.010302805 	 1.4757695
0.010258121 	 2.0552235
0.03832553 	 1.5048758
0.00511408 	 1.5892302
0.090728156 	 4.1731725
0.18482152 	 1.8797396
0.05766958 	 1.7527775
0.07960649 	 2.4871125
0.021949412 	 1.3517807
0.010255472 	 2.2335927
0.038624216 	 4.58487
0.04167162 	 3.1986492
0.037631683 	 3.332177
0.031466264 	 4.6390224
0.036366574 	 3.0807767
0.047004957 	 1.9814973
0.036366574 	 3.668638
0.047004707 	 2.6727803
0.036352854 	 3.4863229
0.031089528 	 2.7144537
0.047004957 	 2.5700161
0.015423434 	 2.3077135
0.025821462 	 3.669005
0.0154279135 	 2.059233
0.010635285 	 2.1860378
0.025352202 	 2.5591605
0.015417321 	 2.7931921
0.025840178 	 1.6405368
0.025840178 	 2.4448895
0.010256134 	 2.880149
0.015423434 	 4.1794376
0.020536711 	 3.1224496
0.02058569 	 3.332162
0.020626517 	 1.4160389
0.015862744 	 2.2335827
0.06862509 	 2.9755034
0.063179635 	 1.7837408
0.38747784 	 2.444888
0.04715453 	 3.8917718
0.07410466 	 2.3336203
0.07410691 	 3.4863229
0.036368184 	 2.1870468
0.21812077 	 1.9827125
0.114856936 	 1.982996
0.031089528 	 2.5699546
0.036366574 	 3.198687
0.10196382 	 2.1000526
0.0851566 	 2.3895326
0.11332756 	 2.9755104
0.07757981 	 3.8917718
0.0663203 	 3.0736635
0.057928942 	 2.7931921
0.10196382 	 3.1986492
0.06862739 	 2.667337
0.06862707 	 2.0921662
0.04167162 	 2.2823555
0.05236689 	 2.5614874
0.06867258 	 2.502807
0.06317773 	 2.9755104
0.057757605 	 2.9754906
0.035780028 	 2.7919157
0.020618243 	 1.1384162
0.015423434 	 2.4995267
0.012879404 	 2.7195063
0.015442683 	 3.0808687
0.020583378 	 3.486325
0.010255472 	 2.7931921
0.018899413 	 3.8711941
0.031089528 	 5.2779193
0.036366206 	 2.5685616
0.041653972 	 4.176044
0.036366574 	 2.7915173
0.03633505 	 3.332167
0.03108264 	 2.182154
0.020618243 	 2.1870632
0.041443154 	 3.6686404
0.15414782 	 2.020115
0.17823566 	 1.8251762
0.14231512 	 2.128169
0.16496906 	 2.0188427
0.17122778 	 1.6940055
0.19670229 	 1.9879823
0.1662938 	 2.351877
0.14231683 	 2.4447048
0.14054789 	 1.90118
0.10178497 	 1.8760552
0.08513239 	 1.7359343
0.05775773 	 3.4863229
0.020677388 	 4.5832357
0.03632133 	 2.3336272
0.04155132 	 2.5700512
0.015423434 	 2.6828208
0.015423434 	 1.2889031
0.010330808 	 2.142612
0.026552882 	 3.2564936
0.020625057 	 3.4863229
0.010255472 	 4.1794376
0.015423434 	 1.4298642
0.030321974 	 2.7930977
0.04167162 	 2.5135415
0.030999022 	 4.1794376
0.025832655 	 3.306591
0.078950234 	 1.7849619
0.06319493 	 2.7045555
0.10655156 	 2.325758
0.13761449 	 4.17834
0.13469133 	 3.72435
0.20920917 	 1.7517475
0.21551907 	 3.1986446
0.23500942 	 2.5625606
0.16620223 	 1.8441341
0.18436329 	 2.333142
0.25408775 	 2.2768173
0.22953506 	 2.1114006
0.18460463 	 1.6889986
0.20069511 	 1.9239199
0.2232892 	 1.5319904
0.17785636 	 1.0005258
0.19054894 	 1.6349142
0.15972182 	 1.5156715
0.16213477 	 1.7888554
0.13210475 	 1.6737444
0.12452085 	 2.0131216
0.11976809 	 2.1407993
0.105718166 	 3.332177
0.070484266 	 3.891734
0.04700402 	 2.3279107
0.015760953 	 3.0808687
0.047004957 	 3.1986492
0.025840485 	 1.5643588
0.025840057 	 3.4860427
0.063153155 	 2.1000526
0.06303222 	 2.1858268
0.08513881 	 1.9766744
0.05236557 	 2.7929683
0.053900987 	 2.0672987
0.06861302 	 2.639043
0.041448805 	 1.4909703
Summary
-9.5367386e-07  -  0.54239607 ,  1.0005258  -  12.811746
accuracy:  100.0
equal predictions:  0
TensorFlow version: 1.13.1
Found 939 images belonging to 1 classes.
argN = 196
argN = 196
0.2236005 	 2.9755104
0.19084711 	 4.584864
0.28704244 	 3.2001529
0.52785456 	 3.078315
0.37660775 	 3.2458007
0.39369535 	 2.5893922
0.1683418 	 2.9848201
0.19714828 	 4.596425
0.07447067 	 2.7500427
0.062371008 	 3.1985455
0.06343198 	 2.6450188
0.09081418 	 1.3918387
0.092150584 	 2.4977422
0.15301846 	 1.7116008
0.26220083 	 1.4701384
0.14202379 	 1.947757
0.04696685 	 3.2976887
0.18962952 	 2.195248
0.21555464 	 3.6684792
0.17825334 	 3.4858325
0.33503538 	 2.9697804
0.26833856 	 3.5553987
0.09326857 	 2.8802361
0.074096575 	 2.8802
0.015423434 	 2.8077822
0.015423434 	 3.6620848
0.009859008 	 3.484823
0.19051628 	 2.440121
0.2575797 	 2.4309478
0.32962647 	 2.1119285
0.4144874 	 2.370607
0.3238967 	 1.9887437
0.27218422 	 2.198816
0.24427287 	 1.9479585
0.14451991 	 3.3167412
0.13590708 	 2.8020632
0.37720937 	 3.5037222
0.24004142 	 2.4453225
0.16982946 	 2.6161175
0.36537546 	 2.4343507
0.35300037 	 3.197775
0.21541785 	 2.7120647
0.1967091 	 2.7931726
0.20288043 	 2.7077286
0.04694011 	 3.888742
0.057666488 	 4.17731
0.06143272 	 2.9766889
0.11587813 	 2.595434
0.12482186 	 2.1426094
0.10759158 	 2.5692952
0.13052008 	 2.0552258
0.16001773 	 3.0808687
0.07512194 	 2.3877318
0.090841 	 2.793193
0.053917218 	 2.639684
0.19667275 	 3.1966944
0.16391048 	 3.1984813
0.10138679 	 3.286705
0.03634723 	 3.8903768
0.036366574 	 2.6389236
0.025840178 	 3.0808687
-8.344647e-07 	 2.0992475
-9.5367386e-07 	 3.316935
-9.5367386e-07 	 3.304136
-9.5367386e-07 	 3.3679943
-9.5367386e-07 	 5.2780128
-9.5367386e-07 	 3.0043669
0.010255472 	 3.0808687
0.020618243 	 3.332177
0.021726625 	 1.751767
0.0683055 	 2.5785725
0.47613937 	 2.501169
0.28250203 	 3.3349662
0.08640013 	 2.5433013
0.13257715 	 2.573054
0.11883481 	 3.4862685
0.17216803 	 2.668861
0.119027 	 2.5054812
0.26809835 	 4.58487
0.38906738 	 2.9710648
0.3336952 	 3.3784828
0.16151097 	 2.2011502
0.29765967 	 2.8580303
0.29159653 	 2.147002
0.28015253 	 2.0800335
0.20490943 	 3.5956385
0.04899089 	 3.1076095
0.16312432 	 1.8404522
-9.5367386e-07 	 2.619376
0.06293344 	 2.4405408
0.09095002 	 3.1685362
0.041512053 	 3.1985426
0.025792044 	 3.8917775
0.010287689 	 3.4754171
0.010255171 	 3.3143005
0.010958174 	 3.1449673
0.03634259 	 2.9396753
0.041030034 	 2.439183
0.010256495 	 3.3313746
0.01075186 	 3.7686012
0.031091372 	 4.1794376
0.02589217 	 2.8842502
0.010258723 	 3.4780629
0.036366574 	 2.79425
0.010255472 	 4.58487
0.022163838 	 2.399736
0.010255472 	 2.6390448
0.020618243 	 2.227563
0.0051110843 	 1.7949033
0.046831608 	 2.792757
0.020540789 	 1.3142198
0.020618243 	 2.1870632
0.015421315 	 1.3650751
0.010713965 	 2.3638232
1.2516983e-06 	 2.9745984
0.010255472 	 2.0023606
0.015032177 	 1.5176266
0.020618243 	 2.3975902
0.015423434 	 1.749798
0.025840178 	 1.4363537
0.015423434 	 1.7229911
0.046968725 	 2.4952219
0.025839934 	 2.444887
0.04764789 	 2.5164907
0.036095813 	 1.8527871
0.049323276 	 1.9755117
0.052366074 	 2.2335706
0.059569336 	 1.7515334
0.025840178 	 2.7915823
0.025840178 	 1.4068731
0.025840178 	 1.7372944
0.017164007 	 1.3480561
0.031087928 	 1.9822706
0.041169647 	 2.1379433
0.0051142597 	 2.231491
0.02583333 	 1.5010667
0.020614287 	 2.3482711
0.024951909 	 1.9108121
0.015423434 	 2.1425033
0.015423434 	 2.9839396
0.010255472 	 3.668638
0.013015201 	 2.2638338
0.00511408 	 2.6379945
0.010248426 	 1.3261813
0.010255472 	 2.2335827
0.02071262 	 1.4283493
0.015419318 	 1.8123636
0.010255472 	 2.1870632
0.020618243 	 1.4726455
0.010255472 	 1.721066
0.020618243 	 2.1848965
0.020618243 	 3.1986492
0.030174345 	 1.5370637
0.015425129 	 1.8567033
0.031089095 	 2.191889
0.020618243 	 1.9619541
0.015467442 	 2.4945853
0.0039317315 	 13.815511
0.00511408 	 1.8441156
-9.5367386e-07 	 1.8441137
-9.5367386e-07 	 2.3746471
0.0152165 	 2.9751868
0.0051115034 	 2.7931921
0.011917513 	 2.3557081
0.010255472 	 1.5029066
0.00511408 	 3.2967877
0.025060996 	 2.1873531
0.025840178 	 3.337339
0.015423434 	 2.2335827
0.036366574 	 2.7931921
0.05236689 	 2.329962
0.036366574 	 2.0337636
0.037033256 	 2.6522415
0.031089528 	 1.9656342
0.0261165 	 3.668638
0.036366574 	 3.4863229
0.031087006 	 1.9426919
0.015423434 	 2.286675
0.02061873 	 1.5388975
0.015423434 	 1.9487574
0.00511408 	 2.9756927
0.01542295 	 2.1481106
0.02059579 	 1.815406
0.00511408 	 2.4448895
0.015423434 	 1.8444223
0.00511408 	 2.5699537
0.026480414 	 1.7018508
0.025656456 	 1.7020763
0.05236689 	 1.4922919
0.053189777 	 2.2035933
0.036390807 	 1.5952319
0.04648057 	 2.8769925
0.04698959 	 1.8513182
0.02254674 	 3.6998413
0.031089896 	 3.4834068
0.020763129 	 2.442152
0.025840178 	 1.9854072
0.020618243 	 1.7516049
0.03954146 	 1.622437
0.020617634 	 1.8132226
0.04118617 	 1.0472773
0.0102283135 	 2.8159943
0.02927074 	 1.71586
0.0074972115 	 2.5768461
0.0153324 	 2.0997539
0.015422768 	 2.5053236
0.010255411 	 1.5880615
0.021194806 	 2.230276
0.13058771 	 1.6671913
0.1977045 	 2.2892866
0.17515564 	 2.0619085
0.11903258 	 2.2815819
0.10506243 	 2.4443297
0.05236689 	 3.1986492
0.031089528 	 3.4863229
0.0216782 	 2.725262
0.025840178 	 2.0989397
0.03109875 	 4.545231
0.047004957 	 3.668638
0.03604378 	 3.0809753
0.010255472 	 1.6664405
0.010255472 	 4.1794376
0.020617938 	 1.4052362
0.020618243 	 2.5700605
0.00511408 	 2.505428
0.020614835 	 5.2774754
0.04167162 	 2.280744
0.036366574 	 1.625498
0.020618243 	 2.4414587
0.3293706 	 2.6392157
0.14230756 	 1.4924453
0.107629284 	 2.791844
0.07410242 	 2.5700464
0.044427264 	 3.8917718
0.031089528 	 3.3354719
0.30137858 	 2.712661
0.118918985 	 5.2779193
0.09633001 	 4.1794376
0.11332756 	 1.4769542
0.0799115 	 2.2817564
0.057809956 	 2.2823725
0.05236689 	 1.6671838
0.06129817 	 2.2335827
0.06319017 	 2.7131498
0.06862585 	 1.0513515
0.04167162 	 2.505504
0.036366574 	 2.1665225
0.04169045 	 3.668638
0.010255472 	 3.8917718
0.015423434 	 4.58487
0.020618243 	 3.1034427
0.025840178 	 3.47362
0.031089528 	 1.9822706
0.036957983 	 2.4448895
0.037238877 	 2.738938
0.05233084 	 2.6389964
0.031089528 	 2.4471524
0.047358993 	 1.4474244
0.10196402 	 2.6388278
0.100479394 	 2.4459429
0.12482178 	 1.3077769
0.17140408 	 2.2261686
0.17200753 	 1.2711707
0.13165557 	 1.667563
0.10599772 	 0.8838546
0.09056488 	 2.9658031
0.04508394 	 3.4863229
0.043318655 	 3.1913178
0.00511408 	 2.1841946
0.030975169 	 2.27177
0.015423434 	 4.58487
0.015434572 	 2.8805482
0.00511378 	 2.6693347
0.020618243 	 2.1856813
0.041781865 	 1.3468874
0.036366574 	 2.3604329
0.04167156 	 3.1986492
0.046632 	 1.8441212
0.07447934 	 1.9822209
0.09072776 	 3.8917718
0.09633001 	 1.1025467
0.14821276 	 3.0771296
0.14212656 	 2.975396
0.21549623 	 1.9821559
0.26059836 	 1.7134805
0.26688173 	 1.9822706
0.28271744 	 2.5004132
0.3449293 	 2.031815
0.2811611 	 1.6395618
0.2627144 	 1.9533467
0.21866208 	 2.033108
0.18438995 	 2.2096636
0.23405401 	 1.5890628
0.26607487 	 1.2717457
0.2017195 	 1.7518753
0.18436337 	 2.1414013
0.11892322 	 1.0188291
0.16125812 	 1.8863243
0.07410684 	 3.4863229
0.05775773 	 1.4939202
0.079616554 	 2.3341904
0.06854223 	 3.332177
0.031066654 	 1.8771601
0.036366265 	 2.5685554
0.059560545 	 1.844064
0.036735352 	 1.9851525
0.06862726 	 3.0774698
0.08515387 	 2.7516263
0.11212705 	 2.3249173
0.08783463 	 1.8127671
0.05775773 	 2.0200107
0.05236689 	 3.668638
0.06317753 	 2.7127078
Summary
-9.5367386e-07  -  0.52785456 ,  0.8838546  -  13.815511
accuracy:  100.0
equal predictions:  0
TensorFlow version: 1.13.1
Found 939 images belonging to 1 classes.
argN = 196
argN = 196
0.17769751 	 3.668638
0.23948136 	 2.5220835
0.1999814 	 3.3389876
0.18552785 	 2.5003617
0.47923812 	 2.6681647
0.5480826 	 1.983242
0.45984846 	 2.9976726
0.12945546 	 4.179406
0.10762066 	 2.8793306
0.14854538 	 2.4451962
0.25289655 	 2.3286152
0.1770889 	 1.5768784
0.22217812 	 3.6141684
0.3837098 	 2.935176
0.36760914 	 2.3665142
0.34919688 	 2.1282501
0.3725421 	 1.9187697
0.18423593 	 2.4441187
0.13652188 	 2.635577
0.03131318 	 4.5814705
0.13041657 	 3.889409
0.124818884 	 2.3923962
0.20760533 	 3.0808558
0.036366574 	 2.9161046
0.010255472 	 4.179422
0.010255472 	 5.278737
0.036079254 	 3.3276596
0.11332723 	 3.7045844
0.24287215 	 1.8381629
0.40853053 	 1.9130213
0.23856738 	 2.602054
0.39046365 	 3.076402
0.37166345 	 4.58487
0.39697528 	 2.794951
0.48326012 	 2.8055344
0.35622174 	 2.8761787
0.035607006 	 3.320777
0.13626379 	 2.7068648
0.30027282 	 2.5891118
0.3082998 	 2.0592315
0.120797135 	 1.8901222
0.073648825 	 2.6391022
0.025840178 	 3.4863229
0.056518894 	 2.7800958
0.05236664 	 2.9755082
0.036785007 	 2.6988678
0.06316217 	 2.3268256
0.097753204 	 2.286352
0.13710923 	 2.0585892
0.0729587 	 2.336983
0.099907376 	 2.2155688
0.16612566 	 2.7931767
0.0962758 	 3.3321803
0.13645014 	 5.27646
0.09156462 	 2.6454637
0.13058473 	 3.332172
0.031397685 	 2.7931767
0.09632751 	 3.3321152
0.05236689 	 3.1986492
0.15563817 	 3.228887
0.09186226 	 3.2556415
0.35552493 	 2.8935094
0.33257776 	 2.1015432
0.29452956 	 1.6751028
0.19829272 	 3.072727
0.20936325 	 2.9545312
0.31205678 	 2.4893148
0.20811015 	 2.2827902
0.21049927 	 1.5723127
0.3226903 	 2.7547278
0.20293891 	 2.9819036
0.2473536 	 3.3323908
0.06865005 	 3.332177
0.04700321 	 3.0808687
0.07410627 	 2.9754977
0.058468092 	 2.7993062
0.08234236 	 2.082555
-9.5367386e-07 	 1.7816013
0.1376846 	 2.8788903
0.18055917 	 2.0239549
0.077371135 	 3.1468499
0.08873934 	 1.812142
0.090048455 	 2.9758856
0.079050146 	 3.1777048
0.074148186 	 4.1794376
0.034368332 	 1.9468888
-9.5367386e-07 	 3.7389014
0.031173153 	 2.6552086
0.0029953832 	 3.2055404
0.020618243 	 2.5420094
0.03218016 	 2.290217
0.03050293 	 3.148365
0.028654357 	 2.6609921
0.047003772 	 1.9091277
0.026439162 	 2.2592611
0.020640695 	 3.4656982
0.020619215 	 2.2698822
0.015423434 	 3.0808687
0.04167162 	 2.1430037
0.031089466 	 3.1986067
0.031086698 	 3.332177
0.02910768 	 1.8717071
0.036366265 	 3.19863
0.015417623 	 2.418174
0.009341403 	 1.5460707
0.020618243 	 2.100052
0.015423434 	 3.4863229
0.031070404 	 2.626116
0.02997926 	 3.4781768
0.020618243 	 2.7931921
0.0312039 	 1.217624
0.03069154 	 1.7154838
0.03698866 	 2.3919418
0.06317715 	 1.5438329
0.02584024 	 1.5449044
0.062716246 	 1.3117069
0.036367007 	 2.0993397
0.049959306 	 2.8906956
0.04799271 	 2.2805815
0.05775773 	 1.9457713
0.05233379 	 2.1721644
0.07603181 	 2.8954625
0.05236689 	 2.0156143
0.036369603 	 3.875262
0.031107113 	 1.4277017
0.04167162 	 2.335779
0.025840178 	 2.4448237
0.036347907 	 1.663463
0.010255472 	 3.332177
0.025840178 	 2.324174
0.03218767 	 2.5692532
0.010255291 	 2.9755104
0.010255472 	 2.4098
0.020618243 	 2.1330986
0.020618243 	 2.186955
0.036322135 	 2.975257
0.025844216 	 3.3243043
0.05235339 	 1.9107646
0.031089528 	 3.48188
0.031089466 	 1.5780942
0.05248341 	 2.940924
0.025840178 	 1.8147504
0.031089528 	 2.1000526
0.041648626 	 2.7131174
0.025840178 	 1.745609
0.010255472 	 2.100018
0.010255472 	 3.624215
0.010215849 	 1.2426171
0.0051203705 	 1.9107981
0.00511408 	 2.3870687
0.010255472 	 2.5863848
1.1324889e-06 	 1.5159701
0.005207784 	 1.9018853
0.010255472 	 2.1720378
0.010255472 	 1.9111143
0.00511408 	 2.5760999
0.010255472 	 2.4985373
0.020617634 	 1.5380163
0.00511408 	 2.0232713
0.015423434 	 1.6676123
0.031089528 	 1.7143826
0.031089528 	 1.5863278
0.031089528 	 2.5054317
0.04167162 	 2.5055134
0.030806482 	 1.6872324
0.025969367 	 1.7023075
0.010255472 	 2.7931015
0.03108965 	 2.0195215
0.04635245 	 2.233772
0.015592754 	 2.1762877
0.025840119 	 2.3867633
0.013760576 	 2.197595
0.020618485 	 3.0793746
0.025840178 	 1.791732
0.010315391 	 1.5691338
0.011607038 	 2.9755104
0.025385093 	 1.4827168
0.051463604 	 1.5611905
0.063591845 	 1.5771765
0.031561673 	 2.4105496
0.02849293 	 3.072928
0.010255472 	 1.8120074
0.00511408 	 2.6390204
0.031624604 	 1.8753372
0.0154264 	 2.420149
0.015423434 	 2.2739227
0.028673679 	 3.3421836
0.0052454714 	 2.434793
0.020613497 	 3.0808687
0.023272045 	 3.1055171
0.015189206 	 2.2335122
0.036142904 	 2.5055428
0.015581735 	 1.9897501
0.020612158 	 2.0872617
0.008056583 	 1.1700838
0.023762913 	 1.7707893
0.015423434 	 1.5641192
0.011559341 	 2.9026995
0.18725297 	 2.4505882
0.1720498 	 1.7816137
0.15222158 	 1.6819683
0.23447019 	 1.8761106
0.21532595 	 2.1000955
0.13617991 	 2.9753726
0.17123826 	 2.794945
0.1393904 	 2.3924613
0.13384609 	 2.5734158
0.0842439 	 1.7443715
0.04510009 	 1.6662868
0.036366574 	 1.6672674
0.02062104 	 4.58487
0.047004957 	 1.6929928
0.06629788 	 3.332177
0.06788248 	 3.0590994
0.06862739 	 2.2823725
0.07410691 	 3.1986492
0.03837743 	 2.059231
0.057782866 	 2.877399
0.051240105 	 3.1986127
0.05236689 	 2.7917485
0.05236796 	 3.668638
0.06862739 	 2.5055134
0.06333958 	 2.1870706
0.08271411 	 2.6390414
0.031089528 	 0.8542666
0.04180343 	 3.8313575
0.06862809 	 2.0988855
0.07960855 	 1.1837246
0.05236306 	 5.2779193
0.045469917 	 1.6405226
0.063177794 	 2.880202
0.09583166 	 2.9756448
0.05236689 	 5.2778726
0.063177794 	 3.0876453
0.22029811 	 2.221966
0.4072138 	 2.0974543
0.25444654 	 2.3675556
0.079616554 	 2.880202
0.0851553 	 2.710618
0.07410684 	 3.891769
0.063177794 	 3.8917718
0.06317735 	 2.4446394
0.06872353 	 1.5633557
0.06367035 	 2.261726
0.089821965 	 3.514875
0.096328564 	 3.4899707
0.08567199 	 3.485638
0.057694208 	 3.198652
0.0907277 	 1.9417944
0.1362769 	 2.2611303
0.096324824 	 1.0146792
0.09046634 	 3.1984038
0.05775773 	 5.2778726
0.14114185 	 4.5813365
0.08515628 	 3.399871
0.13194716 	 3.3320985
0.08515673 	 2.269286
0.052364945 	 2.530955
0.06831878 	 2.1424432
0.05775773 	 2.4423816
0.051435616 	 3.080865
0.020170817 	 1.44947
0.01012348 	 1.2176677
0.01614365 	 2.9755104
0.025846662 	 3.8917718
0.04167162 	 2.880199
0.057901785 	 3.4861088
0.05236689 	 1.9425801
0.0682189 	 2.2336519
0.057757165 	 3.668638
0.063176714 	 2.7131498
0.07315498 	 2.7926939
0.07795966 	 2.714514
0.09067542 	 3.485492
0.1423145 	 1.6143585
0.14885038 	 1.8760405
0.16702414 	 2.0580747
0.17243125 	 2.2614079
0.17216796 	 2.1426067
0.119043656 	 2.975257
0.036333323 	 2.9754987
0.015423434 	 2.7131498
0.020618243 	 2.793199
0.047145594 	 2.8825946
0.041670438 	 2.5700512
0.07409741 	 1.2891265
0.09025007 	 2.5813854
0.15481484 	 3.668638
0.2615797 	 1.8769108
0.24688137 	 1.8116626
0.27432063 	 2.0323808
0.23461089 	 1.9807414
0.25514972 	 1.4735544
0.25004125 	 1.6524038
0.15408204 	 1.5892296
0.14221679 	 2.5054908
0.09073181 	 3.332177
0.07506733 	 5.2779193
0.074121736 	 1.2706424
0.058122482 	 3.6686263
0.063177794 	 2.5051396
0.06317309 	 2.4448895
0.07383132 	 3.667466
0.063075006 	 2.187067
0.07961643 	 2.1870632
0.064290784 	 3.95896
0.101959065 	 2.7929626
0.14550574 	 3.0878963
0.07967516 	 3.8391323
0.13510647 	 2.5699842
0.13513532 	 1.515719
0.10527134 	 4.1794376
0.06616223 	 3.08838
Summary
-9.5367386e-07  -  0.5480826 ,  0.8542666  -  5.278737
accuracy:  100.0
equal predictions:  0
