TensorFlow version: 1.13.1
Found 939 images belonging to 1 classes.
argN = 49
argN = 49
0.6975117 	 3.4061787
0.426206 	 2.828862
0.1902593 	 1.9984432
0.48269144 	 2.2257044
0.335625 	 0.66016835
0.16964094 	 1.0412099
0.10111037 	 2.310427
0.13839091 	 2.7404938
0.20009491 	 3.2638576
0.21336228 	 2.8375762
0.34699938 	 2.1236794
0.20491879 	 3.823168
0.02329645 	 1.2383121
0.13682713 	 1.8076537
0.0429149 	 2.3061066
0.079713635 	 2.620813
0.29865277 	 1.5938011
0.24712524 	 1.3229495
0.26085287 	 1.547384
0.2079738 	 1.8703691
0.3522968 	 2.0915554
0.5703801 	 2.5476837
0.5810535 	 0.8813132
0.44320688 	 1.1121109
0.14940079 	 2.0243976
0.264701 	 1.2377354
0.02237441 	 2.4278738
0.002458612 	 2.0923622
0.0052173105 	 1.6497961
0.021811604 	 1.5222803
0.020132137 	 1.6721756
0.30053473 	 2.630897
0.56468457 	 1.2452173
0.46344322 	 1.5525833
0.55152464 	 1.3079431
0.1698546 	 1.7560556
0.5328192 	 2.22932
0.31087708 	 1.5296406
0.3157326 	 1.8874689
0.7169477 	 1.6212852
0.5449052 	 2.2860904
0.4987694 	 5.09661
0.11302553 	 1.8005675
0.20907567 	 1.7403213
0.2326457 	 1.2186781
0.068026654 	 2.1414769
0.056894105 	 1.8412166
0.05498947 	 2.4973474
0.036813084 	 2.1717267
0.008409235 	 1.1169659
0.008482509 	 2.1786249
0.29498288 	 1.0054495
0.28386435 	 1.7973292
0.24848072 	 2.0978549
0.19910565 	 5.5325656
0.30416384 	 1.7633729
0.1828573 	 1.1117531
0.21310224 	 2.0617497
0.33708733 	 0.9844367
0.17961536 	 1.2884371
0.06381685 	 1.5343337
0.027733311 	 1.5784963
0.04079476 	 1.6146578
0.0019546766 	 2.5360384
0.08358142 	 1.7380478
0.18535012 	 1.0979198
0.06266129 	 3.1079788
0.3622795 	 1.1719756
0.33236533 	 1.5493867
0.1359863 	 1.9515198
0.22288072 	 3.3628066
0.4270465 	 1.2927612
0.12371101 	 2.838131
0.34430346 	 1.788083
0.29679674 	 1.8344436
0.20043615 	 1.4299625
0.1497669 	 1.9945579
0.17384577 	 1.6262852
0.16792814 	 1.6080389
0.07774504 	 1.6536752
0.08096805 	 2.3915274
0.25134766 	 1.7205709
0.10737111 	 1.8996682
0.055281583 	 1.5798258
0.038759094 	 1.4801933
0.0031131038 	 1.8178221
0.022842458 	 4.154317
0.0024722356 	 2.8933446
0.0038006916 	 3.2316332
0.0014480102 	 3.933311
0.035473663 	 2.1753435
0.040673885 	 1.071991
0.0005678358 	 2.6853173
0.0020182817 	 0.8245079
0.10942309 	 1.5578524
0.10058043 	 2.7467697
0.10287071 	 1.9350501
0.030578086 	 2.0172505
0.06786359 	 0.95920944
0.05202552 	 1.7729313
0.05867722 	 2.0413125
0.02494592 	 0.79195416
0.02478833 	 2.5477226
0.028374514 	 2.3917933
0.005764557 	 1.5786617
0.011968545 	 1.653356
0.00047146465 	 2.2801325
0.0036651222 	 2.6915073
0.0011412455 	 2.218151
0.0020967636 	 1.9353791
0.024506511 	 1.6031004
0.00079615804 	 1.91619
0.02111609 	 0.80134284
0.0122636845 	 2.4459655
0.00044170834 	 2.3981173
0.005474265 	 0.38987443
0.0022395279 	 1.6829426
0.018983362 	 3.1554613
0.026363766 	 1.7797348
0.0019903306 	 1.7030724
0.026360583 	 3.630661
0.0064660893 	 2.0416148
0.014363975 	 2.26262
0.010138714 	 1.8788882
0.009381052 	 2.897092
0.02494213 	 2.792981
0.0053107846 	 2.5820348
0.014293473 	 2.203933
0.001776723 	 1.7491783
0.009179093 	 2.214654
0.001030678 	 3.502265
0.0017200592 	 1.9719402
0.0019003913 	 2.441265
0.00020684951 	 2.1672812
0.0026592175 	 3.1916904
0.006064888 	 1.8027896
0.0004157692 	 1.1697537
0.016466504 	 2.6442425
0.0063633295 	 1.1169204
0.0038025463 	 0.96907794
0.010883994 	 2.3255367
0.0074378205 	 1.7405363
0.00023016002 	 2.1815665
0.00069791585 	 2.6663785
0.0067125037 	 2.690573
0.01259217 	 1.1730648
0.0038835618 	 2.8247983
0.016013484 	 2.3975556
0.01872115 	 1.6549467
0.017071722 	 2.5939865
0.010027207 	 2.6319487
0.015699312 	 2.300338
0.00049674924 	 2.9922159
0.020827577 	 3.297044
0.029681487 	 3.3725834
0.021471247 	 0.76305044
0.028048467 	 2.765335
0.024997376 	 2.7051961
0.021600116 	 1.3815259
0.026575774 	 1.9242907
0.03831184 	 2.752384
0.062375385 	 1.2816701
0.03990006 	 0.87108153
0.0057520876 	 2.9867663
0.017574782 	 3.1380439
0.0026053125 	 4.185503
0.0018515432 	 0.56114066
0.0022814649 	 1.8398501
0.0012406055 	 1.8193682
0.001045714 	 1.7198691
0.0032079958 	 2.8391833
0.002939248 	 1.59241
0.000483928 	 1.9662634
0.0014591725 	 0.5766309
0.004591559 	 1.7674487
0.0014217466 	 1.6778754
0.016176725 	 1.0652555
0.0035412353 	 1.8609544
0.009285692 	 3.0773716
0.0046236548 	 1.6485378
0.003524786 	 2.629376
0.0077573955 	 2.271604
0.007465624 	 1.628326
0.019765114 	 1.9035903
0.012085275 	 1.6614095
0.0019832237 	 1.2069877
0.0039568045 	 1.3044829
0.1440777 	 3.655035
0.12476918 	 1.3081917
0.3396874 	 1.025717
0.17946607 	 1.7547754
0.0846028 	 3.1892571
0.06954926 	 2.8219059
0.024500342 	 1.465527
0.020350372 	 2.1600091
0.03724055 	 0.99180245
0.008828816 	 3.083558
0.020403417 	 2.8819995
0.0048284684 	 1.6694932
0.022255618 	 2.8446858
0.018553426 	 2.4340239
0.05154424 	 2.2683692
0.0032899796 	 1.9062283
0.00044224504 	 0.69106567
1.6331805e-05 	 1.008484
2.02656e-06 	 1.5919923
0.00061149214 	 4.976001
0.0040384308 	 2.5743454
0.0075328834 	 1.229966
0.020213392 	 0.7460313
0.024882305 	 2.0857463
0.017794946 	 2.6724014
1.549722e-06 	 1.1678966
0.087728426 	 2.002161
0.523913 	 1.8633062
0.026272463 	 3.2041945
0.003513182 	 1.9782418
0.00010216758 	 1.4713559
-7.152555e-07 	 1.2491199
0.020444846 	 2.154452
0.012223801 	 2.4973292
0.037161425 	 2.0301886
0.01949085 	 2.529528
0.02715364 	 2.6970525
0.03305344 	 0.5160172
0.08543916 	 3.8151507
0.041015193 	 2.240986
0.019233791 	 4.47769
0.024191309 	 3.8309343
0.09364527 	 2.4451294
0.055718217 	 2.984847
0.03790125 	 0.7206262
0.034959175 	 1.5414826
0.007903734 	 3.6556551
0.031884313 	 1.949554
0.0003154179 	 3.1551354
0.026630374 	 1.0822955
0.008939949 	 1.7327031
0.038779665 	 1.2205817
0.027427688 	 2.2881463
0.06395098 	 2.520127
0.046288583 	 2.0936973
0.038252264 	 0.8897487
0.00039561465 	 3.4495919
0.010779575 	 3.2255108
0.040222675 	 2.061462
0.0026896375 	 4.742714
0.0021393518 	 1.760915
0.00041332442 	 3.4073815
0.0011771094 	 1.6235958
0.020730266 	 3.5619438
0.05386947 	 2.2746603
0.057309415 	 1.3828475
0.07801765 	 2.732427
0.30021518 	 1.4046419
0.17631364 	 1.8782814
0.25003597 	 1.0605856
0.2562471 	 1.1103154
0.24700238 	 1.5610678
0.16028713 	 1.4806257
0.096956536 	 2.5100756
0.08755816 	 1.6897746
0.13301055 	 2.7096298
0.052072298 	 2.9589796
0.021738017 	 1.2638528
0.010466803 	 1.4711013
0.005936986 	 2.9347093
0.010694866 	 1.9038664
0.03619469 	 2.7515526
0.0020505337 	 2.6430414
0.027689252 	 1.4739195
0.00047593712 	 1.9916006
0.0028201733 	 2.1913958
0.0015988011 	 1.322047
0.0059649874 	 2.1363914
0.0140949935 	 1.6138909
0.0053286413 	 2.9013915
0.07596841 	 1.2192185
0.16244121 	 2.0864887
0.20845759 	 1.0400478
0.23737691 	 0.641797
0.396456 	 1.353523
0.26053122 	 0.6744557
0.28705943 	 1.0517558
0.3240702 	 0.94438773
0.21400614 	 1.2617974
0.19607554 	 0.6187245
0.22738168 	 0.95251465
0.2324052 	 0.62652534
0.31215858 	 0.6158781
0.32446843 	 0.8416411
0.34828445 	 0.7422241
0.1694046 	 1.3565173
0.091773145 	 1.6562687
0.09257106 	 1.8526769
0.06141396 	 2.2296712
0.064118735 	 3.3673458
0.037035853 	 1.2740285
0.0718416 	 2.4793627
0.15437086 	 1.0407453
0.1411503 	 2.5412824
0.030975537 	 1.3597391
0.118240856 	 1.9979658
0.015545836 	 0.87545496
0.05559609 	 1.4405167
0.081678346 	 2.1269138
0.09653382 	 0.97463053
0.041484904 	 2.0563285
0.07340755 	 1.1846237
0.08198704 	 0.8285476
0.004653596 	 2.1867845
0.08083718 	 1.5359249
0.04976947 	 1.523187
Summary
-7.152555e-07  -  0.7169477 ,  0.38987443  -  5.5325656
accuracy:  100.0
equal predictions:  0
TensorFlow version: 1.13.1
Found 939 images belonging to 1 classes.
argN = 49
argN = 49
0.49191135 	 2.2201152
0.33792582 	 1.7257181
0.19416425 	 1.6262294
0.39356652 	 1.4477537
0.71979046 	 1.5048108
0.3381564 	 2.7590013
0.18140462 	 2.1469886
0.16494565 	 1.9092036
0.26686272 	 2.236471
0.2890572 	 1.8339014
0.2477593 	 1.810915
0.18587685 	 1.0353302
0.117374346 	 1.5204631
0.14655288 	 1.2181075
0.14241263 	 1.1884737
0.20481673 	 0.99012405
0.387504 	 2.8796382
0.49875203 	 3.9971619
0.4181228 	 1.0477083
0.39883435 	 0.4998129
0.24222629 	 0.6668697
0.8860162 	 2.6750433
0.078094475 	 2.4009552
0.3412961 	 1.8201774
0.1730604 	 1.8110309
0.010721917 	 0.9237787
0.018519849 	 1.0020959
0.004920828 	 1.9649651
0.09994261 	 1.3589565
0.24558869 	 1.4759984
0.26589385 	 0.80294806
0.5440689 	 0.39697263
0.43803334 	 3.1004121
0.44504318 	 0.8912431
0.21478452 	 2.9655764
0.40539166 	 1.0273632
0.4005481 	 2.6478956
0.6100524 	 3.9011407
0.6846141 	 0.9359083
0.45865348 	 1.0771518
0.4967469 	 0.6060764
0.70605344 	 2.3150947
0.44767603 	 1.9936615
0.454903 	 0.5671524
0.26867145 	 1.0432925
0.43297836 	 1.2934836
0.24008809 	 1.0813798
0.27888155 	 1.5183781
0.082853325 	 2.4491587
0.021461077 	 2.490721
0.013387427 	 1.7359514
0.043514863 	 1.984011
0.1837559 	 0.9013824
0.4363159 	 1.1912655
0.19315958 	 1.8861663
0.2733589 	 1.4759904
0.10940467 	 1.0097749
0.15071954 	 1.3115572
0.14504816 	 1.1979929
0.1224895 	 2.5073514
0.4511297 	 0.5990812
0.29970437 	 1.0830137
0.28750032 	 0.89222527
0.25909263 	 0.9339429
0.16017428 	 1.3879426
0.16440763 	 1.9351983
0.031934284 	 1.0440819
0.005928292 	 1.4733346
0.005978179 	 2.178776
0.036751308 	 1.8305904
0.051015273 	 2.1537569
0.079084076 	 1.1546526
0.09818531 	 1.2843497
0.16876425 	 1.6467007
0.019436272 	 1.6358492
0.1532256 	 1.7340295
0.3412914 	 0.85666066
0.35613373 	 1.8978071
0.18256502 	 2.8061626
0.29251656 	 1.7024305
0.19965619 	 1.9551752
0.65875524 	 1.5244306
0.11167915 	 1.4780222
0.31542158 	 1.0561285
0.0007413989 	 1.3629209
0.1305198 	 1.8412857
0.16784622 	 2.8655958
0.20102124 	 0.46714205
0.31473145 	 2.007714
0.2238129 	 3.676152
0.16294569 	 2.6376572
0.0010255468 	 2.95939
0.033605225 	 2.0726275
0.09044729 	 1.2355388
0.06239873 	 1.3321408
0.023675695 	 3.493212
0.02091053 	 1.9423473
0.001917232 	 1.8311166
0.00045041452 	 2.2639043
0.01620132 	 1.8463234
0.0067503084 	 3.2580311
0.012809429 	 2.3095808
0.034153063 	 2.056859
0.010787347 	 1.4843242
0.049701687 	 1.9339293
0.02123846 	 3.5099905
0.023961734 	 1.8169804
0.0419048 	 1.4694303
0.004221396 	 1.7106111
0.041807964 	 3.8107376
0.003113881 	 2.3052535
3.6299887e-05 	 1.1586987
0.0009849749 	 1.6606739
6.0202503e-05 	 1.2589847
8.178092e-05 	 1.6368258
3.8088092e-05 	 2.160187
1.4782061e-05 	 2.0767145
1.7762342e-05 	 1.7799788
2.193475e-05 	 1.2208924
0.026774053 	 1.7103361
0.0016356964 	 0.67545635
0.0045727575 	 3.1930892
0.012459448 	 1.9905888
0.077041395 	 1.3726801
0.042267792 	 1.8566937
0.020854842 	 1.598992
0.04755125 	 1.8651322
0.024109304 	 1.4304377
0.06906427 	 1.3880264
0.006410059 	 1.2980119
0.03262708 	 3.223118
0.03056893 	 3.1304572
0.061385375 	 2.4464033
0.027974112 	 3.598675
0.03685297 	 2.6363473
0.04872595 	 2.0281217
0.038776442 	 0.8363341
0.0009727439 	 2.1424794
0.024635589 	 1.6061441
0.021594085 	 1.4835253
0.017859384 	 1.6329888
0.0015619071 	 2.1431358
0.0024139788 	 1.8032601
0.00075905514 	 2.5249946
0.00076585525 	 1.2923075
0.002504323 	 1.6019187
0.0028690686 	 1.4419998
0.0004642491 	 2.6087575
0.00264852 	 3.8386476
0.011370205 	 1.7433635
0.011541011 	 1.5472145
0.021848217 	 1.385414
0.0006866428 	 2.6796958
0.0015365956 	 3.7772548
0.0026184598 	 3.3483145
0.02104718 	 0.8739605
0.011910275 	 2.3791049
0.019151827 	 2.0886395
0.023611125 	 3.0079832
0.032805804 	 2.0381498
0.021319864 	 2.1399827
0.05045317 	 1.7627484
0.027394302 	 2.0432355
0.06832216 	 1.7242285
0.08704783 	 0.8184776
0.045620758 	 1.6712447
0.054969694 	 0.6695978
0.034643747 	 1.8028626
0.02500147 	 1.6681023
0.027286367 	 2.4752464
0.030449837 	 1.4017723
0.06356631 	 2.1631896
0.0044591757 	 1.6755675
0.059260093 	 2.003859
0.025871128 	 1.262993
0.013775381 	 1.8531015
0.034179088 	 1.3049934
0.018006723 	 1.0083295
0.0117757125 	 1.4928505
0.01432304 	 1.7046425
0.033595856 	 2.176509
0.01964098 	 0.7553359
0.0035451832 	 1.905032
0.020700328 	 1.6260015
0.0021367236 	 0.9147973
0.0027878964 	 1.4576135
0.0027610594 	 1.3170365
0.002890409 	 1.6200149
0.0052079037 	 2.407161
0.0032394489 	 0.667782
0.017829956 	 0.93623126
0.0088178115 	 1.7392416
0.0029330908 	 1.3673116
0.009284429 	 2.4756382
0.008066016 	 1.1325767
0.0044713295 	 1.4398794
0.0058540055 	 1.0052897
0.11794518 	 1.6368016
0.17306891 	 2.9373574
0.17714767 	 0.93797135
0.13414867 	 1.2670478
0.073412426 	 3.4434848
0.047481805 	 1.8555545
0.014887757 	 2.224109
0.0063626696 	 2.0581834
0.0006920705 	 2.763516
0.00012172009 	 3.8645444
0.0011406487 	 3.1111314
0.03453614 	 1.908738
0.00041439774 	 3.5681896
0.026859645 	 1.8499508
0.018711617 	 2.0931768
3.7551632e-05 	 2.6792963
5.966603e-05 	 0.8138058
1.6689314e-06 	 1.1279291
2.5033983e-06 	 1.3258392
2.1040662e-05 	 4.5242167
1.0490473e-05 	 3.138448
0.001774036 	 1.2107819
0.0042309733 	 2.2758186
0.0021538667 	 1.8634737
0.022108566 	 2.1777644
0.08380779 	 1.8942438
0.046737295 	 0.67197096
0.030473495 	 2.8035583
0.04449612 	 2.2565036
0.020619215 	 1.5220305
0.020875048 	 2.4675891
0.005873311 	 2.4503188
0.011898633 	 1.0251832
0.011560125 	 1.8398861
0.26271176 	 0.92329466
0.0755373 	 3.0505037
0.09522374 	 2.167215
0.08133613 	 1.1533257
0.032528494 	 1.9146869
0.03537603 	 1.0565833
0.022106495 	 1.3768096
0.015773365 	 1.1552986
0.018283436 	 1.967481
0.0011485255 	 2.2825892
0.034198947 	 0.8456416
0.036574535 	 2.4794104
0.051936176 	 2.1736681
0.017366856 	 5.2358675
6.419626e-05 	 1.0710248
0.006372867 	 2.141762
0.017798647 	 1.1893711
0.047653202 	 1.6135476
0.021317612 	 2.2802567
0.090092935 	 1.0017848
0.040247492 	 1.4691545
0.07041769 	 2.6781917
0.120633915 	 1.2106105
0.11737977 	 1.7029337
0.17068036 	 2.0275915
0.22772585 	 0.7226895
0.092541695 	 2.0583146
0.066098675 	 1.6026759
0.14394264 	 3.0152185
0.0701073 	 1.5341685
0.102014974 	 1.4130241
0.026406176 	 2.0272548
0.010235118 	 1.9808774
0.022864169 	 1.8028406
0.06967381 	 0.54198974
0.06812982 	 3.4162805
0.054813597 	 1.9062511
0.0012883495 	 2.2772908
0.01455507 	 2.5361807
0.039026797 	 2.84746
0.048166383 	 1.0039762
0.097090386 	 1.0288707
0.14044389 	 2.3112051
0.21958537 	 2.8926141
0.3225016 	 1.4845717
0.33854458 	 0.88411564
0.5102299 	 1.4472107
0.28971457 	 1.2330446
0.31316945 	 0.8810468
0.26504746 	 1.1375839
0.3719348 	 1.4478201
0.29181373 	 0.59425974
0.49634194 	 0.45144793
0.5102558 	 0.587608
0.48927507 	 0.5920383
0.42856565 	 0.6634745
0.4171822 	 0.6900289
0.22113413 	 0.7259297
0.32499123 	 0.92686296
0.25248325 	 0.9767946
0.20719102 	 1.8279519
0.105470754 	 1.6800492
0.18670008 	 1.9842855
0.09659146 	 1.1953434
0.111582115 	 1.1558986
0.06259225 	 1.9273188
0.08269346 	 2.7442236
0.11816283 	 1.7836727
0.23855838 	 2.1866126
0.1675857 	 1.9228524
0.16660109 	 1.1005781
0.18609135 	 3.3550005
0.1351431 	 1.6273007
0.110704444 	 1.0267752
0.22303 	 2.119991
0.20228009 	 1.3903725
0.19962163 	 1.8290883
0.114785194 	 1.0031914
0.049553048 	 1.60886
0.07108181 	 1.2323825
0.07492797 	 2.751714
0.17140627 	 0.9417044
Summary
1.6689314e-06  -  0.8860162 ,  0.39697263  -  5.2358675
accuracy:  99.4
equal predictions:  0
TensorFlow version: 1.13.1
Found 939 images belonging to 1 classes.
argN = 49
argN = 49
0.9515902 	 3.4603531
0.82807696 	 1.8841027
0.59372926 	 1.4446055
0.38606998 	 1.232434
0.35766456 	 1.7239391
0.1887401 	 2.9560926
0.2797945 	 2.8264909
0.25209263 	 2.4374516
0.10645708 	 2.4395492
0.22487132 	 2.0206263
0.16200574 	 2.7845795
0.301226 	 1.5645626
0.27932838 	 1.4930753
0.24152188 	 1.7170517
0.22110727 	 1.3458816
0.36726743 	 2.695907
0.3831958 	 1.9743733
0.5240969 	 2.0508358
0.39963666 	 3.5970664
0.21177754 	 1.125118
0.651436 	 2.3751783
0.39216557 	 2.423014
0.11849286 	 1.8830729
0.083498925 	 3.118888
0.18716872 	 2.1747098
0.031180592 	 1.5494086
0.13754213 	 1.7174222
0.12486143 	 2.011014
0.36288303 	 1.3042076
0.15128388 	 1.5899662
0.14647399 	 5.184091
0.13004227 	 0.34677365
0.52611816 	 4.5334888
0.55043894 	 0.5351906
0.3884113 	 3.9408588
0.173408 	 2.2934992
0.46327043 	 2.3659573
0.61389065 	 1.1492997
0.48037532 	 3.5577693
0.5831173 	 2.3270802
0.4015093 	 2.8940153
0.019474743 	 3.5219438
0.15128936 	 1.1381845
0.22373894 	 1.7339046
0.30445847 	 1.50601
0.077364825 	 1.7477727
0.050059 	 2.500961
0.027255619 	 1.8545631
0.3175543 	 0.7799196
0.2758203 	 2.5095828
0.19596787 	 1.835785
0.27022415 	 2.6088815
0.412679 	 0.8060197
0.5034126 	 0.8886772
0.34287506 	 1.038911
0.09043444 	 2.291473
0.1396299 	 1.9365466
0.042292725 	 2.5120668
0.083570786 	 1.4489868
0.09526838 	 2.1133082
0.14282124 	 1.2088667
0.1441723 	 5.3972836
0.3551783 	 1.0409452
0.31514594 	 2.553452
0.11764484 	 2.5606298
0.13450271 	 1.8212605
0.21278296 	 4.1847043
0.28349802 	 2.8413734
0.25177342 	 0.8942684
0.15862198 	 1.6967059
0.20085867 	 2.021112
0.3990572 	 0.95953804
0.2575123 	 1.5444816
0.2622299 	 2.180133
0.24176155 	 2.4240189
0.22022717 	 0.53659636
0.25265104 	 1.0219835
0.1405197 	 2.380801
0.12970413 	 1.7158643
0.06784835 	 1.6321657
0.21177725 	 1.2098104
0.0885831 	 1.1858021
0.15012062 	 2.051113
0.1739528 	 1.1266577
0.18034849 	 1.3936365
0.17233118 	 2.80966
0.10468538 	 4.411194
0.08257272 	 5.2558436
0.030018631 	 2.367705
0.013435331 	 1.6735252
0.03493992 	 2.5085056
0.029750563 	 1.1624119
0.0033306452 	 1.5051413
0.06734626 	 3.7060554
0.0046009603 	 2.3851755
0.002470622 	 1.659999
0.12423149 	 2.0073009
0.07610745 	 1.626766
0.03606887 	 1.5444937
0.020962205 	 2.1617095
0.0006136989 	 1.7326566
0.004698389 	 3.474239
0.000820914 	 1.9800124
0.0008243739 	 2.6181626
0.00096415257 	 1.5266246
0.00045625842 	 1.1939045
0.00053068175 	 3.6874158
0.0015543853 	 2.394087
0.00025645207 	 1.3568189
4.303548e-05 	 0.5347367
0.00047212062 	 1.5326794
0.0046897656 	 3.7625237
0.0090884445 	 1.8675956
0.0013993633 	 0.788995
1.9431303e-05 	 1.0140176
0.009889828 	 2.5223775
0.0005416549 	 2.0619683
2.7180087e-05 	 3.650686
0.006795616 	 1.5076373
0.006240847 	 1.4235694
0.008248699 	 2.3996735
0.025932359 	 1.8864317
0.026720546 	 1.7946705
0.02240696 	 0.77081716
0.0013636107 	 1.7108967
0.008798931 	 1.7601719
0.046263237 	 1.2948108
0.017961513 	 1.4677725
0.01085929 	 1.9820728
0.055824414 	 2.1582148
0.0040915753 	 1.4664289
0.0012219859 	 2.690033
0.024502724 	 1.2500035
0.02373441 	 2.418231
0.026971452 	 3.1069098
0.0029161135 	 0.58600944
0.006335797 	 1.6455399
0.0084960945 	 1.9742519
0.00040330674 	 2.1232693
0.0006168599 	 0.7417962
0.009954 	 2.1868386
0.000119454846 	 1.620251
0.00061584596 	 1.5794463
0.009112445 	 1.8804651
0.022170968 	 2.5289707
0.007709762 	 1.2428126
0.0003931699 	 0.9497947
0.0023782498 	 1.5108283
0.0024180417 	 1.0972811
9.423938e-05 	 2.700461
0.00013650395 	 1.0812671
0.020585934 	 1.418777
0.017511696 	 0.46929958
0.0006213926 	 2.40957
0.004029873 	 2.312655
5.746053e-05 	 0.97418123
4.7625246e-05 	 2.6728415
0.010023534 	 2.0202596
0.00036592025 	 2.5564976
0.00014663818 	 1.6316541
0.021420032 	 2.5189452
0.023351297 	 2.6547449
0.027459607 	 2.1483226
0.045995276 	 1.6004933
0.055603467 	 0.5935116
0.054124326 	 1.3990471
0.048547674 	 2.144024
0.10753954 	 2.5955665
0.103457585 	 1.1314145
0.04366485 	 1.715281
0.022318639 	 1.8693826
0.006211219 	 1.2190601
0.021469358 	 2.5513744
0.050642323 	 1.6580292
0.08913421 	 2.736145
0.0026727242 	 2.1712358
0.024601562 	 1.6239816
0.035193637 	 2.030838
0.0276417 	 2.495636
0.01718638 	 1.109687
0.012019277 	 1.9036207
0.022942228 	 0.9267716
0.01707821 	 1.0481285
0.027828913 	 1.24083
0.004914718 	 1.220231
0.018864851 	 1.4010525
0.01345424 	 2.9344873
0.0020459348 	 1.4065163
0.004130837 	 2.830711
0.04722951 	 1.1918398
0.018966353 	 3.0997558
0.0021718466 	 2.1095865
0.004428642 	 2.6036792
0.0014345201 	 1.556125
0.0008139942 	 1.3026123
0.00031571602 	 2.1638603
0.0015064494 	 1.7632147
0.0012447829 	 3.5474772
0.003943041 	 1.5926461
0.009241836 	 2.3484764
0.0049564685 	 2.4552212
0.006243306 	 1.0638587
0.004665153 	 2.9959755
0.006539041 	 1.0551634
0.006414798 	 2.6327593
0.0100776 	 1.350568
0.0076336013 	 2.02237
0.0031565723 	 1.9916788
0.005833861 	 2.885345
0.045348354 	 2.412513
0.046035282 	 1.3660606
0.0002896609 	 0.6198667
3.0696865e-05 	 1.0013586
0.029963968 	 3.0740502
0.000101094585 	 2.117109
0.01959764 	 3.7693322
0.013707761 	 2.524046
0.02241793 	 2.0455422
0.024388993 	 2.3924158
0.023921259 	 0.9999276
0.0034106656 	 2.258004
0.021481477 	 1.9652636
0.007957084 	 0.7430618
0.021855466 	 1.7698565
0.0044749817 	 3.081874
0.007028366 	 2.1811304
0.0014727226 	 2.5857604
4.112729e-06 	 2.7965643
0.00040432042 	 1.3357506
1.2516983e-06 	 2.8166726
1.0490473e-05 	 1.1848834
0.007854291 	 1.1951818
0.0010359287 	 0.48554188
0.00089536444 	 2.1940882
0.0007344797 	 2.1404734
0.00033896946 	 4.7245507
0.037639048 	 1.5942848
0.38289207 	 1.9447953
0.07943372 	 2.0635746
0.02692614 	 1.4139305
0.034364197 	 2.2369401
0.016954103 	 2.5171847
0.020639721 	 3.4287786
1.2993897e-05 	 1.203111
-3.576278e-07 	 5.8920135
5.1559346e-05 	 2.9474397
0.03504936 	 3.2156117
0.0004619831 	 2.915826
0.0026188183 	 1.8702817
0.09118322 	 0.9759088
0.311371 	 2.1042805
0.14432439 	 1.5200365
0.0008002741 	 2.351032
0.051457077 	 2.9198756
0.020898663 	 1.3273649
0.018611051 	 1.6572014
0.015360787 	 1.0605825
0.00064805284 	 1.2546482
0.021008648 	 1.3291721
0.008409715 	 3.0814896
1.9014062e-05 	 3.1956701
1.0728842e-06 	 0.73468626
0.0008086254 	 4.0685186
0.00027165527 	 2.5513246
0.007693785 	 1.2357142
0.00092423934 	 1.6663035
5.5672288e-05 	 3.9399574
0.0042371387 	 3.333239
0.049007855 	 1.6230036
0.10390083 	 1.5550176
0.24366702 	 1.5377569
0.080540806 	 1.9652712
0.15289073 	 3.761854
0.08482824 	 1.6006738
0.122559026 	 1.9717133
0.07770613 	 1.5858768
0.15068981 	 1.6601229
0.06731502 	 1.6855763
0.055467743 	 3.0068686
0.092720665 	 0.7480268
0.10425469 	 2.6592093
0.038924728 	 1.5645169
0.03887261 	 2.6615758
0.0534322 	 4.1782312
0.1991778 	 1.7662487
0.24532637 	 3.001122
0.26383507 	 2.1175807
0.29016 	 2.335987
0.33126962 	 1.4765617
0.27866453 	 1.0565146
0.2196152 	 0.672161
0.18548988 	 1.1826477
0.18286604 	 1.3697768
0.27011865 	 0.98003894
0.3198938 	 0.6895382
0.2480758 	 0.74879676
0.0978305 	 1.0284029
0.10508613 	 4.002648
0.0103519475 	 1.8111327
0.01625881 	 2.6225803
0.018410074 	 2.3104618
0.0028211894 	 2.7459922
0.046527963 	 1.267866
0.1336297 	 1.4460007
0.12373543 	 1.0991291
0.106836714 	 1.5672872
0.124101445 	 1.4067599
0.06609021 	 2.5334094
0.009024629 	 3.2546988
0.06517826 	 1.1164557
0.0031145387 	 2.6160636
0.0064628497 	 1.1604853
0.06747085 	 2.2360542
Summary
-3.576278e-07  -  0.9515902 ,  0.34677365  -  5.8920135
accuracy:  99.7
equal predictions:  0
TensorFlow version: 1.13.1
Found 939 images belonging to 1 classes.
argN = 49
argN = 49
0.78563124 	 3.092763
0.7805973 	 2.88347
0.78825676 	 2.5259242
0.43531895 	 1.7615013
0.3210357 	 0.96636856
0.49792606 	 3.4488847
0.043297864 	 1.3615786
0.31464484 	 2.1273117
0.21822166 	 2.6161876
0.22567427 	 0.96413136
0.5776624 	 2.7845652
0.57926244 	 1.7364254
0.53283554 	 1.2623097
0.47535956 	 1.0315281
0.5368342 	 1.6143951
0.5005296 	 1.3855077
0.43503225 	 1.119785
0.39864197 	 0.6316813
0.4720005 	 1.023252
0.32624483 	 0.636287
0.26527908 	 1.1246934
0.65137625 	 1.943132
0.13945152 	 3.2474737
0.16688284 	 2.2535157
0.118892804 	 1.3580573
0.0020453376 	 1.7680178
0.17417732 	 1.2267125
0.32220128 	 2.8126216
0.35163 	 1.3068038
0.6966286 	 2.226484
0.5827276 	 2.1054857
0.43055546 	 1.3830782
0.1415697 	 2.547367
0.09772034 	 1.8364415
0.27811354 	 5.376535
0.32877213 	 2.6514843
0.60366714 	 1.9534194
0.24341881 	 1.8004525
0.2645151 	 1.9691387
0.23512304 	 0.46548
0.07975411 	 2.5240502
0.064165 	 2.1432817
0.056760482 	 3.1896565
0.0012868574 	 2.181512
0.0033953546 	 2.1194682
0.28162405 	 2.3177624
0.33175245 	 3.4063225
0.28568658 	 1.2403572
0.14237669 	 1.9742124
0.44493008 	 1.9425768
0.25212875 	 1.3832119
0.21051353 	 1.061094
0.15531293 	 2.1935632
0.043052476 	 2.3282256
0.021862898 	 1.0349704
0.0009384981 	 2.3987753
0.0004728362 	 2.9042573
0.00069004257 	 1.1506399
0.0003617464 	 2.3005528
0.00066361984 	 3.6329806
0.052451625 	 1.444842
0.36000815 	 0.84583604
0.25164023 	 0.95661145
0.1859581 	 1.8195753
0.14954448 	 2.5618234
0.107251465 	 3.8460414
0.07723925 	 2.7497966
0.33793703 	 2.8761966
0.41285443 	 0.9317338
0.26739347 	 0.9141278
0.3583284 	 1.9683357
0.4019636 	 2.106803
0.30166858 	 1.4125613
0.29421163 	 2.3374822
0.40222842 	 2.1863885
0.032419756 	 2.5965834
0.030435214 	 2.1830578
0.052257545 	 3.5613496
0.03798483 	 2.01632
0.004032865 	 2.8418443
0.0050004963 	 2.4953375
0.15244418 	 2.148349
0.20911005 	 1.8464272
0.18207829 	 1.8942099
0.00014461133 	 1.6544019
0.009420461 	 1.1260264
0.076044165 	 2.570874
0.019138765 	 1.4994192
0.027631529 	 2.3329105
0.010811689 	 3.6840432
0.021460041 	 2.448126
0.021027153 	 4.0885696
0.0017806638 	 3.2863286
0.078808464 	 1.9164578
0.07397649 	 3.5699832
0.02288411 	 3.1447694
0.008364575 	 1.4159966
0.047803372 	 2.3282886
0.049378257 	 0.8257078
0.0054332125 	 3.2384357
0.006902081 	 1.3042978
0.00048172154 	 2.3564653
0.00042739703 	 2.2515244
0.0004726573 	 1.8097204
3.659792e-05 	 2.2026813
0.00022801376 	 3.857515
0.007556005 	 1.0091033
0.0020700647 	 2.932875
0.013501302 	 1.9776361
0.0004982998 	 1.9987497
0.0039888797 	 3.5955994
0.0027623745 	 1.2582204
1.43052175e-05 	 1.8666103
0.010093556 	 2.8614233
0.02676487 	 3.5686567
0.03828682 	 2.4129608
0.049903978 	 0.9329809
0.045046654 	 1.8520294
0.04590098 	 1.7196774
0.066679455 	 2.9356923
0.061304126 	 3.0398226
0.07853583 	 2.1048222
0.07491365 	 2.4500473
0.059195142 	 2.190417
0.049499247 	 1.4468449
0.07656569 	 2.1687524
0.06877512 	 0.5407497
0.032632746 	 0.5508428
0.032507926 	 1.9031845
0.036331404 	 2.125533
0.056236 	 1.6364696
0.015374163 	 1.5514677
0.014610892 	 1.4162899
0.023328053 	 1.7419916
0.0026294559 	 2.7169106
0.0124337375 	 2.6402571
0.013475083 	 1.5807917
0.0027722365 	 1.6877811
0.0062421067 	 2.4595563
0.024927648 	 0.86547816
0.03258767 	 1.6086197
0.04137749 	 1.4929763
0.015500978 	 1.4153285
0.002433696 	 0.9196025
0.0051784855 	 2.0949256
0.009069499 	 1.4397573
0.019570896 	 1.3999296
0.008819074 	 0.51570827
0.02660589 	 1.1264626
0.009999935 	 2.0568004
0.00025394803 	 1.199545
0.00021674598 	 2.9627752
0.0008663711 	 1.4832704
0.00041708106 	 1.6823065
0.0021765656 	 2.1468341
0.0018789528 	 1.2254953
0.00010341941 	 2.055909
0.00023409484 	 2.8688269
0.0019258315 	 3.0336807
0.0028525707 	 0.5408803
0.0023557255 	 3.522404
4.5300556e-05 	 1.5894154
0.02064684 	 2.8997452
0.01954938 	 2.036827
0.0033561217 	 2.5500612
0.021017535 	 1.3022065
0.019757029 	 2.261485
0.02200772 	 1.347533
0.0230672 	 1.6900679
0.020985214 	 2.2860246
0.0050007957 	 1.328518
0.01907564 	 2.8533049
0.018504912 	 1.5098046
0.009136024 	 1.6926035
0.020482078 	 3.6917222
0.020746332 	 2.766159
0.02287539 	 1.2176524
0.004175128 	 2.4992495
0.0029809754 	 1.3912263
0.018140307 	 1.8258971
0.004024846 	 2.9680488
0.0010732209 	 2.2627895
0.01624536 	 2.975937
0.002118147 	 0.96057045
0.011320893 	 2.2056372
0.003248658 	 1.4846609
0.0014363705 	 1.8846354
0.00087436504 	 1.9738494
0.0015602356 	 1.0611887
0.021123577 	 1.8494271
0.00048404725 	 0.83070666
0.007158208 	 1.2484473
0.025986617 	 2.371703
0.0099313045 	 2.1470702
0.022649348 	 3.3699024
0.0011920879 	 1.6207331
0.00075285154 	 2.1555026
0.0037496565 	 2.1285405
0.0024736098 	 1.885099
0.0024032241 	 2.0630364
0.0009876597 	 1.0562764
0.015413749 	 1.4757746
0.0014214481 	 2.3304381
0.08699165 	 1.5927948
0.0895145 	 1.7517254
0.11878144 	 2.017627
0.047777675 	 1.519296
0.016304974 	 2.668945
0.0023169515 	 1.6806833
0.063581996 	 2.3908546
0.016690364 	 1.9272299
3.510775e-05 	 6.016017
1.549722e-06 	 3.0435982
0.009183364 	 1.3228829
0.011154404 	 1.2526147
0.0059555136 	 1.9768835
0.00029144957 	 1.9214805
0.023101177 	 1.1420512
0.0032453092 	 1.8832511
0.0062739556 	 1.8469996
0.026964594 	 2.808737
0.009749399 	 1.7529054
0.028749496 	 1.6101983
0.06659052 	 0.88892144
0.017521825 	 2.4200754
0.00061781413 	 2.220982
0.0144086005 	 4.8193164
0.0019166347 	 2.3465188
0.0021444887 	 2.5385802
0.010278295 	 3.9947407
0.00032871403 	 2.148432
0.00026175825 	 2.4618077
2.6822127e-06 	 1.0725898
0.0036589603 	 0.8953296
3.9041803e-05 	 2.803041
0.00073257094 	 2.2222018
0.004981088 	 1.4189005
0.0006757277 	 1.6063589
0.17046702 	 1.6220211
0.018277185 	 1.6204785
0.021413881 	 1.6753666
0.00015003614 	 5.3204875
9.209342e-05 	 1.9301326
0.033542477 	 3.43215
0.019849502 	 2.324376
0.017968673 	 1.669717
0.06435651 	 1.457679
0.010755776 	 1.5348301
4.9651902e-05 	 2.552078
0.02709644 	 1.253752
0.024517994 	 0.87245756
0.005262129 	 3.7732286
1.5914567e-05 	 2.843131
2.7418175e-06 	 2.9971519
0.024308987 	 1.3950062
0.0067157443 	 2.4204717
0.011586053 	 1.8369533
0.05695064 	 1.9010935
0.025901651 	 1.1074654
0.025253778 	 1.8232031
0.05089523 	 1.532744
0.030799598 	 2.275536
0.10742161 	 1.0599071
0.10039517 	 2.0051212
0.26580513 	 1.9005322
0.21216871 	 2.109157
0.12811877 	 0.8187063
0.16115089 	 1.5698714
0.108981386 	 0.8607613
0.14322099 	 1.9636552
0.049637105 	 1.1164447
0.072464876 	 2.2346275
0.10437795 	 1.972788
0.11191231 	 1.2159231
0.035296686 	 2.2672708
0.02869705 	 2.7077868
0.035988726 	 1.8442016
0.00045184567 	 2.4001884
0.00093909475 	 1.9711654
0.0017038786 	 1.6736132
0.019358484 	 1.1783534
0.009700647 	 2.104101
0.03250337 	 2.6784348
0.044456862 	 1.7716645
0.096261494 	 2.1417058
0.18025577 	 2.361795
0.14139819 	 0.935655
0.17688315 	 1.8772796
0.18336669 	 1.5666988
0.17919059 	 0.89401907
0.2107453 	 1.154583
0.084718145 	 1.3176131
0.12929015 	 1.9910318
0.17169334 	 1.6761568
0.1151961 	 0.695385
0.10763718 	 1.0243735
0.14922883 	 0.98466414
0.18261202 	 1.237368
0.21591702 	 0.9323862
0.19034004 	 1.4438697
0.18523248 	 2.087921
0.15123153 	 2.556148
0.10583862 	 2.470774
0.022812456 	 2.0073595
0.038404867 	 1.7512305
0.09185331 	 1.5225128
0.036152605 	 1.5226024
0.089790665 	 1.6792263
0.072761506 	 3.440525
0.10129088 	 2.572
0.028102657 	 3.5286038
0.006903041 	 2.4282007
0.063717425 	 1.5395845
Summary
1.549722e-06  -  0.78825676 ,  0.46548  -  6.016017
accuracy:  100.0
equal predictions:  0
