[[0.0000000e+00]
 [0.0000000e+00]
 [1.0000000e+00]
 [0.0000000e+00]
 [0.0000000e+00]
 [1.0000000e+00]
 [0.0000000e+00]
 [0.0000000e+00]
 [1.0000000e+00]
 [0.0000000e+00]
 [0.0000000e+00]
 [1.0000000e+00]
 [0.0000000e+00]
 [0.0000000e+00]
 [1.0000000e+00]
 [0.0000000e+00]
 [0.0000000e+00]
 [1.0000000e+00]
 [1.0000000e+00]
 [1.0000000e+00]
 [1.0000000e+00]
 [0.0000000e+00]
 [0.0000000e+00]
 [1.0000000e+00]
 [0.0000000e+00]
 [0.0000000e+00]
 [1.0000000e+00]
 [0.0000000e+00]
 [0.0000000e+00]
 [1.0000000e+00]
 [0.0000000e+00]
 [0.0000000e+00]
 [1.0000000e+00]
 [0.0000000e+00]
 [0.0000000e+00]
 [1.0000000e+00]
 [0.0000000e+00]
 [0.0000000e+00]
 [1.0000000e+00]
 [0.0000000e+00]
 [4.2529713e-35]
 [1.0000000e+00]
 [0.0000000e+00]
 [0.0000000e+00]
 [1.0000000e+00]
 [0.0000000e+00]
 [0.0000000e+00]
 [1.0000000e+00]
 [0.0000000e+00]
 [0.0000000e+00]
 [1.0000000e+00]
 [0.0000000e+00]
 [0.0000000e+00]
 [1.0000000e+00]
 [0.0000000e+00]
 [0.0000000e+00]
 [1.0000000e+00]
 [1.9537071e-20]
 [1.0000000e+00]
 [1.0000000e+00]
 [0.0000000e+00]
 [0.0000000e+00]
 [1.0000000e+00]
 [0.0000000e+00]
 [0.0000000e+00]
 [1.0000000e+00]
 [0.0000000e+00]
 [0.0000000e+00]
 [1.0000000e+00]
 [0.0000000e+00]
 [0.0000000e+00]
 [1.0000000e+00]
 [0.0000000e+00]
 [0.0000000e+00]
 [1.0000000e+00]
 [3.2864523e-36]
 [0.0000000e+00]
 [1.0000000e+00]
 [1.4297231e-34]
 [0.0000000e+00]
 [1.0000000e+00]
 [0.0000000e+00]
 [0.0000000e+00]
 [1.0000000e+00]
 [0.0000000e+00]
 [0.0000000e+00]
 [1.0000000e+00]
 [0.0000000e+00]
 [0.0000000e+00]
 [9.9998355e-01]
 [0.0000000e+00]
 [0.0000000e+00]
 [9.9999261e-01]
 [0.0000000e+00]
 [0.0000000e+00]
 [1.0000000e+00]
 [0.0000000e+00]
 [0.0000000e+00]
 [1.0000000e+00]
 [0.0000000e+00]
 [0.0000000e+00]
 [1.0000000e+00]
 [0.0000000e+00]
 [0.0000000e+00]
 [1.0000000e+00]
 [0.0000000e+00]
 [0.0000000e+00]
 [1.0000000e+00]
 [0.0000000e+00]
 [0.0000000e+00]
 [1.0000000e+00]
 [0.0000000e+00]
 [0.0000000e+00]
 [1.0000000e+00]
 [0.0000000e+00]
 [0.0000000e+00]
 [1.0000000e+00]
 [0.0000000e+00]
 [0.0000000e+00]
 [9.8540163e-01]
 [0.0000000e+00]
 [0.0000000e+00]
 [0.0000000e+00]
 [0.0000000e+00]
 [0.0000000e+00]
 [1.0000000e+00]
 [0.0000000e+00]
 [0.0000000e+00]
 [1.0000000e+00]
 [0.0000000e+00]
 [0.0000000e+00]
 [1.0000000e+00]
 [0.0000000e+00]
 [0.0000000e+00]
 [1.0000000e+00]
 [0.0000000e+00]
 [0.0000000e+00]
 [1.0000000e+00]
 [0.0000000e+00]
 [0.0000000e+00]
 [1.0000000e+00]
 [0.0000000e+00]
 [0.0000000e+00]
 [1.0000000e+00]
 [0.0000000e+00]
 [0.0000000e+00]
 [1.0000000e+00]
 [0.0000000e+00]
 [0.0000000e+00]
 [1.0000000e+00]
 [0.0000000e+00]
 [0.0000000e+00]
 [1.0000000e+00]
 [0.0000000e+00]
 [0.0000000e+00]
 [1.0000000e+00]
 [0.0000000e+00]
 [0.0000000e+00]
 [1.0000000e+00]
 [0.0000000e+00]
 [0.0000000e+00]
 [1.0000000e+00]
 [0.0000000e+00]
 [0.0000000e+00]
 [1.0000000e+00]
 [0.0000000e+00]
 [0.0000000e+00]
 [1.0000000e+00]
 [0.0000000e+00]
 [0.0000000e+00]
 [1.0000000e+00]
 [0.0000000e+00]
 [0.0000000e+00]
 [1.0000000e+00]
 [0.0000000e+00]
 [0.0000000e+00]
 [1.0000000e+00]
 [0.0000000e+00]
 [0.0000000e+00]
 [1.0000000e+00]
 [0.0000000e+00]
 [0.0000000e+00]
 [1.0000000e+00]
 [0.0000000e+00]
 [0.0000000e+00]
 [1.0000000e+00]
 [0.0000000e+00]
 [0.0000000e+00]
 [1.0000000e+00]
 [0.0000000e+00]
 [0.0000000e+00]
 [1.0000000e+00]
 [0.0000000e+00]
 [0.0000000e+00]
 [1.0000000e+00]
 [0.0000000e+00]
 [0.0000000e+00]
 [1.0000000e+00]
 [0.0000000e+00]
 [0.0000000e+00]
 [1.0000000e+00]
 [0.0000000e+00]
 [0.0000000e+00]
 [1.0000000e+00]
 [0.0000000e+00]
 [0.0000000e+00]
 [1.0000000e+00]
 [0.0000000e+00]
 [0.0000000e+00]
 [1.0000000e+00]
 [0.0000000e+00]
 [0.0000000e+00]
 [1.0000000e+00]
 [0.0000000e+00]
 [0.0000000e+00]
 [1.0000000e+00]
 [0.0000000e+00]
 [0.0000000e+00]
 [1.0000000e+00]
 [0.0000000e+00]
 [0.0000000e+00]
 [1.0000000e+00]
 [0.0000000e+00]
 [0.0000000e+00]
 [1.0000000e+00]
 [0.0000000e+00]
 [0.0000000e+00]
 [1.0000000e+00]
 [0.0000000e+00]
 [0.0000000e+00]
 [1.0000000e+00]
 [0.0000000e+00]
 [0.0000000e+00]
 [1.0000000e+00]
 [0.0000000e+00]
 [0.0000000e+00]
 [1.0000000e+00]
 [0.0000000e+00]
 [0.0000000e+00]
 [1.0000000e+00]
 [0.0000000e+00]
 [0.0000000e+00]
 [1.0000000e+00]
 [0.0000000e+00]
 [0.0000000e+00]
 [1.0000000e+00]
 [0.0000000e+00]
 [0.0000000e+00]
 [1.0000000e+00]
 [0.0000000e+00]
 [0.0000000e+00]
 [1.0000000e+00]
 [0.0000000e+00]
 [0.0000000e+00]
 [1.0000000e+00]
 [0.0000000e+00]
 [0.0000000e+00]
 [1.0000000e+00]
 [0.0000000e+00]
 [0.0000000e+00]
 [1.0000000e+00]
 [0.0000000e+00]
 [0.0000000e+00]
 [1.0000000e+00]
 [0.0000000e+00]
 [0.0000000e+00]
 [1.0000000e+00]
 [0.0000000e+00]
 [0.0000000e+00]
 [1.0000000e+00]
 [0.0000000e+00]
 [0.0000000e+00]
 [1.0000000e+00]
 [0.0000000e+00]
 [0.0000000e+00]
 [1.0000000e+00]
 [0.0000000e+00]
 [0.0000000e+00]
 [1.0000000e+00]
 [0.0000000e+00]
 [0.0000000e+00]
 [1.0000000e+00]
 [0.0000000e+00]
 [0.0000000e+00]
 [1.0000000e+00]
 [0.0000000e+00]
 [0.0000000e+00]
 [1.0000000e+00]
 [0.0000000e+00]
 [0.0000000e+00]
 [1.0000000e+00]
 [0.0000000e+00]
 [0.0000000e+00]
 [1.0000000e+00]
 [0.0000000e+00]
 [0.0000000e+00]
 [1.0000000e+00]
 [0.0000000e+00]
 [0.0000000e+00]
 [1.0000000e+00]
 [0.0000000e+00]
 [0.0000000e+00]
 [1.0000000e+00]
 [0.0000000e+00]
 [0.0000000e+00]
 [1.0000000e+00]
 [0.0000000e+00]
 [0.0000000e+00]
 [1.0000000e+00]
 [0.0000000e+00]
 [0.0000000e+00]
 [1.0000000e+00]
 [0.0000000e+00]
 [0.0000000e+00]
 [1.0000000e+00]]
